# This file was generated by Animated Java via MC-Build. It is not recommended to edit this file directly.
$data merge entity $(bone_left_eye) { transformation: [-0.9238795325112867f,0.21949819938655465f,-0.31347591593739127f,-4.126271529605104f,0f,0.8191520442889918f,0.573576436351046f,1.5613939019844865f,0.3826834323650896f,0.5299155298754943f,-0.7567978077333786f,8.148842905356581f,0f,0f,0f,1f], start_interpolation: 0, interpolation_duration: 1 }
$data merge entity $(bone_right_eye) { transformation: [-0.9238795325112867f,0.21949819938655465f,-0.31347591593739127f,-4.357241412732925f,0f,0.8191520442889918f,0.573576436351046f,1.5613939019844865f,0.3826834323650896f,0.5299155298754943f,-0.7567978077333786f,8.244513763447852f,0f,0f,0f,1f], start_interpolation: 0, interpolation_duration: 1 }
$data merge entity $(bone_right_close) { transformation: [-0.9238795325112867f,0.21949819938655465f,-0.31347591593739127f,-4.343522775271265f,0f,0.8191520442889918f,0.573576436351046f,1.6125909047525484f,0.3826834323650896f,0.5299155298754943f,-0.7567978077333786f,8.27763348406507f,0f,0f,0f,1f], start_interpolation: 0, interpolation_duration: 1 }
$data merge entity $(bone_left_close) { transformation: [-0.9238795325112867f,0.21949819938655465f,-0.31347591593739127f,-4.1125528921434436f,0f,0.8191520442889918f,0.573576436351046f,1.6125909047525484f,0.3826834323650896f,0.5299155298754943f,-0.7567978077333786f,8.1819626259738f,0f,0f,0f,1f], start_interpolation: 0, interpolation_duration: 1 }
$data merge entity $(bone_left_eyebrow) { transformation: [-0.9238795325112867f,0.21949819938655465f,-0.31347591593739127f,-4.118020754883362f,0f,0.8191520442889918f,0.573576436351046f,1.5920762551180516f,0.3826834323650896f,0.5299155298754943f,-0.7567978077333786f,8.168762037589895f,0f,0f,0f,1f], start_interpolation: 0, interpolation_duration: 1 }
$data merge entity $(bone_right_eyebrow) { transformation: [-0.9238795325112867f,0.21949819938655465f,-0.31347591593739127f,-4.348990638011183f,0f,0.8191520442889918f,0.573576436351046f,1.5920762551180516f,0.3826834323650896f,0.5299155298754943f,-0.7567978077333786f,8.264432895681168f,0f,0f,0f,1f], start_interpolation: 0, interpolation_duration: 1 }
$data merge entity $(bone_talking) { transformation: [-0.9238795325112867f,0.21949819938655465f,-0.31347591593739127f,-4.394592244746088f,0f,0.8191520442889918f,0.573576436351046f,1.5358485272719404f,0.3826834323650896f,0.5299155298754943f,-0.7567978077333786f,7.827700137016663f,0f,0f,0f,1f], start_interpolation: 0, interpolation_duration: 1 }
$data merge entity $(bone_m_opened) { transformation: [-0.9238795325112867f,0.21949819938655465f,-0.31347591593739127f,-4.394592244746088f,0f,0.8191520442889918f,0.573576436351046f,1.5358485272719404f,0.3826834323650896f,0.5299155298754943f,-0.7567978077333786f,7.827700137016663f,0f,0f,0f,1f], start_interpolation: 0, interpolation_duration: 1 }
$data merge entity $(bone_head) { transformation: [-0.9238795325112867f,0.21949819938655465f,-0.31347591593739127f,-4.375000000000001f,0f,0.8191520442889918f,0.573576436351046f,1.5f,0.3826834323650896f,0.5299155298754943f,-0.7567978077333786f,7.874999999999999f,0f,0f,0f,1f], start_interpolation: 0, interpolation_duration: 1 }
$data merge entity $(item_display_r_item) { transformation: [-0.40265920273391065f,0.1674240016597267f,0.03522811550360389f,-4.666202804155005f,0.038130637452100456f,9.677485044770921e-17f,0.4358351804151387f,0.7523783136926591f,0.16678690278672334f,0.40419729547368793f,-0.014591963218438725f,8.130919175918628f,0f,0f,0f,1f], start_interpolation: 0, interpolation_duration: 1 }
$data merge entity $(bone_rightarm) { transformation: [-0.9203638919632243f,0.08052140686538041f,-0.3826834323650896f,-4.663712353909778f,0.08715574274765818f,0.9961946980917455f,0f,1.375f,0.38122720636965335f,-0.033353058785002596f,-0.9238795325112867f,7.99458857261409f,0f,0f,0f,1f], start_interpolation: 0, interpolation_duration: 1 }
$data merge entity $(item_display_l_item) { transformation: [-0.4007393315785796f,0.1674240016597267f,-0.05275833388382361f,-3.915247739593489f,-0.05710520909627256f,9.631342986505632e-17f,0.43375712685104206f,0.7553469616413685f,0.16599166611617633f,0.40419729547368793f,0.021853217422887632f,7.955162428481033f,0f,0f,0f,1f], start_interpolation: 0, interpolation_duration: 1 }
$data merge entity $(bone_leftarm) { transformation: [-0.9159756150367534f,-0.1205904774487396f,-0.3826834323650896f,-4.0862876460902235f,-0.13052619222005157f,0.9914448613738104f,0f,1.375f,0.3794095225512602f,0.049950211252314795f,-0.9238795325112867f,7.7554114273859085f,0f,0f,0f,1f], start_interpolation: 0, interpolation_duration: 1 }
$data merge entity $(bone_body) { transformation: [-0.9238795325112867f,0f,-0.3826834323650896f,-4.375000000000001f,0f,1f,0f,0.75f,0.3826834323650896f,0f,-0.9238795325112867f,7.874999999999999f,0f,0f,0f,1f], start_interpolation: 0, interpolation_duration: 1 }
$data merge entity $(bone_leftleg) { transformation: [-0.9159756150367534f,-0.1205904774487396f,-0.3826834323650896f,-4.25951505843609f,-0.13052619222005157f,0.9914448613738104f,0f,0.75f,0.3794095225512602f,0.049950211252314795f,-0.9238795325112867f,7.827164570954363f,0f,0f,0f,1f], start_interpolation: 0, interpolation_duration: 1 }
$data merge entity $(bone_rightleg) { transformation: [-0.9159756150367534f,0.1205904774487396f,-0.3826834323650896f,-4.490484941563912f,0.13052619222005157f,0.9914448613738104f,0f,0.75f,0.3794095225512602f,-0.049950211252314795f,-0.9238795325112867f,7.9228354290456355f,0f,0f,0f,1f], start_interpolation: 0, interpolation_duration: 1 }
$data merge entity $(text_display_text) { transformation: [1.5f,0f,-3.6739403974420594e-16f,0f,0f,1.5f,0f,-0.3125f,3.6739403974420594e-16f,0f,1.5f,0f,0f,0f,0f,1f], start_interpolation: 0, interpolation_duration: 1 }
data modify entity @s data merge value {"locators":{},"cameras":{"camera":{"posx":-5.750000000000001,"posy":1.375,"posz":10.625,"roty":222.50000000000003,"rotx":0}}}
execute on vehicle unless entity @s[tag=aj.transforms_only] at @s run function animated_java:humanentity/animations/000_mur_3/zzz/frames/zzz/0