# This file was generated by Animated Java via MC-Build. It is not recommended to edit this file directly.
$data merge entity $(bone_left_eye) { transformation: [-0.9238795325112867f,0.2551439658747267f,-0.28521599899802674f,-4.130204654713905f,0f,0.7453053225620793f,0.6667233130472002f,1.5194934241173574f,0.3826834323650896f,0.6159720227724236f,-0.6885723329868276f,8.139347501376404f,0f,0f,0f,1f], start_interpolation: 0, interpolation_duration: 1 }
$data merge entity $(bone_right_eye) { transformation: [-0.9238795325112867f,0.2551439658747267f,-0.28521599899802674f,-4.361174537841727f,0f,0.7453053225620793f,0.6667233130472002f,1.5194934241173574f,0.3826834323650896f,0.6159720227724236f,-0.6885723329868276f,8.235018359467675f,0f,0f,0f,1f], start_interpolation: 0, interpolation_duration: 1 }
$data merge entity $(bone_right_close) { transformation: [-0.9238795325112867f,0.2551439658747267f,-0.28521599899802674f,-4.345228039974557f,0f,0.7453053225620793f,0.6667233130472002f,1.5660750067774873f,0.3826834323650896f,0.6159720227724236f,-0.6885723329868276f,8.273516610890951f,0f,0f,0f,1f], start_interpolation: 0, interpolation_duration: 1 }
$data merge entity $(bone_left_close) { transformation: [-0.9238795325112867f,0.2551439658747267f,-0.28521599899802674f,-4.114258156846735f,0f,0.7453053225620793f,0.6667233130472002f,1.5660750067774873f,0.3826834323650896f,0.6159720227724236f,-0.6885723329868276f,8.17784575279968f,0f,0f,0f,1f], start_interpolation: 0, interpolation_duration: 1 }
$data merge entity $(bone_left_eyebrow) { transformation: [-0.9238795325112867f,0.2551439658747267f,-0.28521599899802674f,-4.120618929993665f,0f,0.7453053225620793f,0.6667233130472002f,1.54740070350637f,0.3826834323650896f,0.6159720227724236f,-0.6885723329868276f,8.162489488001182f,0f,0f,0f,1f], start_interpolation: 0, interpolation_duration: 1 }
$data merge entity $(bone_right_eyebrow) { transformation: [-0.9238795325112867f,0.2551439658747267f,-0.28521599899802674f,-4.351588813121487f,0f,0.7453053225620793f,0.6667233130472002f,1.54740070350637f,0.3826834323650896f,0.6159720227724236f,-0.6885723329868276f,8.258160346092454f,0f,0f,0f,1f], start_interpolation: 0, interpolation_duration: 1 }
$data merge entity $(bone_talking) { transformation: [-0.9238795325112867f,0.2551439658747267f,-0.28521599899802674f,-4.398605587433381f,0f,0.7453053225620793f,0.6667233130472002f,1.5415181288040876f,0.3826834323650896f,0.6159720227724236f,-0.6885723329868276f,7.818011070670551f,0f,0f,0f,1f], start_interpolation: 0, interpolation_duration: 1 }
$data merge entity $(bone_m_opened) { transformation: [-0.9238795325112867f,0.2551439658747267f,-0.28521599899802674f,-4.398605587433381f,0f,0.7453053225620793f,0.6667233130472002f,1.5415181288040876f,0.3826834323650896f,0.6159720227724236f,-0.6885723329868276f,7.818011070670551f,0f,0f,0f,1f], start_interpolation: 0, interpolation_duration: 1 }
$data merge entity $(bone_head) { transformation: [-0.9238795325112867f,0.2551439658747267f,-0.28521599899802674f,-4.380779587496004f,0f,0.7453053225620793f,0.6667233130472002f,1.4998479217386376f,0.3826834323650896f,0.6159720227724236f,-0.6885723329868276f,7.861046841482227f,0f,0f,0f,1f], start_interpolation: 0, interpolation_duration: 1 }
$data merge entity $(item_display_r_item) { transformation: [-0.40295304187448766f,0.1667143528772141f,0.03523379895539346f,-4.671230003080186f,0.03812290566403598f,0.000033517762848600374f,0.43583585550100234f,0.7522601939034848f,0.1660775123483862f,0.4044905109162529f,-0.014558038016172593f,8.11932685508655f,0f,0f,0f,1f], start_interpolation: 0, interpolation_duration: 1 }
$data merge entity $(bone_rightarm) { transformation: [-0.9210355242845433f,0.080534397612328f,-0.3810613780050608f,-4.668528676823114f,0.08713807008922508f,0.9961962411451482f,-0.00007661202936800823f,1.3748732681155313f,0.379605742510597f,-0.03327551546553715f,-0.9245497392371494f,7.982960940515946f,0f,0f,0f,1f], start_interpolation: 0, interpolation_duration: 1 }
$data merge entity $(item_display_l_item) { transformation: [-0.4010863408191606f,0.16705432745682794f,-0.05127230135504972f,-3.9223982085210154f,-0.05547320822333271f,0.000006202581904396136f,0.4339688619370504f,0.7549212953951189f,0.16570673003142294f,0.4043502215153033f,0.021176118218838292f,7.944589467269598f,0f,0f,0f,1f], start_interpolation: 0, interpolation_duration: 1 }
$data merge entity $(bone_leftarm) { transformation: [-0.9167687790152242f,-0.117193831668685f,-0.38183846275846384f,-4.0911039690035595f,-0.12679590451047476f,0.9919288272846867f,-0.000014177330066970917f,1.3748732681155313f,0.3787582400718239f,0.04840255592877345f,-0.9242290777492648f,7.743783795287765f,0f,0f,0f,1f], start_interpolation: 0, interpolation_duration: 1 }
$data merge entity $(bone_body) { transformation: [-0.9238795325112867f,-0.00770611666133735f,-0.3826058352570279f,-4.375000000000001f,0f,0.9997972289848501f,-0.020137053265440352f,0.75f,0.3826834323650896f,-0.01860421135702991f,-0.9236921965206032f,7.874999999999999f,0f,0f,0f,1f], start_interpolation: 0, interpolation_duration: 1 }
$data merge entity $(bone_rightleg) { transformation: [-0.9159756150367534f,0.1205904774487396f,-0.3826834323650896f,-4.490484941563912f,0.13052619222005157f,0.9914448613738104f,0f,0.7708333333333334f,0.3794095225512602f,-0.049950211252314795f,-0.9238795325112867f,7.9228354290456355f,0f,0f,0f,1f], start_interpolation: 0, interpolation_duration: 1 }
data modify entity @s data merge value {"locators":{},"cameras":{"camera":{"posx":-4.000000000000001,"posy":0.375,"posz":8.875,"roty":161.70685818947112,"rotx":-25.31018003660797}}}