# This file was generated by Animated Java via MC-Build. It is not recommended to edit this file directly.
$data merge entity $(bone_left_eye) { transformation: [-0.9238795325112867f,0.2517071739534314f,-0.2882535480910913f,-4.136081709051318f,0f,0.7532428208600632f,0.6577425429624987f,1.5232668181030684f,0.3826834323650896f,0.6076748731049783f,-0.6959056252036782f,8.125159037088217f,0f,0f,0f,1f], start_interpolation: 0, interpolation_duration: 1 }
$data merge entity $(bone_right_eye) { transformation: [-0.9238795325112867f,0.2517071739534314f,-0.2882535480910913f,-4.3670515921791395f,0f,0.7532428208600632f,0.6577425429624987f,1.5232668181030684f,0.3826834323650896f,0.6076748731049783f,-0.6959056252036782f,8.220829895179488f,0f,0f,0f,1f], start_interpolation: 0, interpolation_duration: 1 }
$data merge entity $(bone_right_close) { transformation: [-0.9238795325112867f,0.2517071739534314f,-0.2882535480910913f,-4.35131989380705f,0f,0.7532428208600632f,0.6577425429624987f,1.5703444944068223f,0.3826834323650896f,0.6076748731049783f,-0.6959056252036782f,8.25880957474855f,0f,0f,0f,1f], start_interpolation: 0, interpolation_duration: 1 }
$data merge entity $(bone_left_close) { transformation: [-0.9238795325112867f,0.2517071739534314f,-0.2882535480910913f,-4.120350010679228f,0f,0.7532428208600632f,0.6577425429624987f,1.5703444944068223f,0.3826834323650896f,0.6076748731049783f,-0.6959056252036782f,8.16313871665728f,0f,0f,0f,1f], start_interpolation: 0, interpolation_duration: 1 }
$data merge entity $(bone_left_eyebrow) { transformation: [-0.9238795325112867f,0.2517071739534314f,-0.2882535480910913f,-4.126624674181309f,0f,0.7532428208600632f,0.6577425429624987f,1.5514723149763858f,0.3826834323650896f,0.6076748731049783f,-0.6959056252036782f,8.147990338931228f,0f,0f,0f,1f], start_interpolation: 0, interpolation_duration: 1 }
$data merge entity $(bone_right_eyebrow) { transformation: [-0.9238795325112867f,0.2517071739534314f,-0.2882535480910913f,-4.35759455730913f,0f,0.7532428208600632f,0.6577425429624987f,1.5514723149763858f,0.3826834323650896f,0.6076748731049783f,-0.6959056252036782f,8.2436611970225f,0f,0f,0f,1f], start_interpolation: 0, interpolation_duration: 1 }
$data merge entity $(bone_talking) { transformation: [-0.9238795325112867f,0.2517071739534314f,-0.2882535480910913f,-4.404572677882053f,0f,0.7532428208600632f,0.6577425429624987f,1.5405006575638334f,0.3826834323650896f,0.6076748731049783f,-0.6959056252036782f,7.803605239981459f,0f,0f,0f,1f], start_interpolation: 0, interpolation_duration: 1 }
$data merge entity $(bone_m_opened) { transformation: [-0.9238795325112867f,0.2517071739534314f,-0.2882535480910913f,-4.404572677882053f,0f,0.7532428208600632f,0.6577425429624987f,1.5405006575638334f,0.3826834323650896f,0.6076748731049783f,-0.6959056252036782f,7.803605239981459f,0f,0f,0f,1f], start_interpolation: 0, interpolation_duration: 1 }
$data merge entity $(bone_head) { transformation: [-0.9238795325112867f,0.2517071739534314f,-0.2882535480910913f,-4.386556831126359f,0f,0.7532428208600632f,0.6577425429624987f,1.4993917486286772f,0.3826834323650896f,0.6076748731049783f,-0.6959056252036782f,7.847099341556689f,0f,0f,0f,1f], start_interpolation: 0, interpolation_duration: 1 }
$data merge entity $(item_display_r_item) { transformation: [-0.40324676185094305f,0.16600447551302439f,0.035225178017640246f,-4.676234879250842f,0.038099713435407585f,0.00006698115976319604f,0.43583787966360155f,0.7518867189548752f,0.16536840959768767f,0.40478236081031227f,-0.014518246587019189f,8.107730479267161f,0f,0f,0f,1f], start_interpolation: 0, interpolation_duration: 1 }
$data merge entity $(bone_rightarm) { transformation: [-0.921706884230727f,0.08051469261174922f,-0.3794388011726272f,-4.673343046515077f,0.08708505928093162f,0.9962008678025178f,-0.00015309979374422689f,1.3744931238572309f,0.3779849362232861f,-0.03318456362747223f,-0.9252168247092852f,7.971338023911331f,0f,0f,0f,1f], start_interpolation: 0, interpolation_duration: 1 }
$data merge entity $(item_display_l_item) { transformation: [-0.4014476730800115f,0.166623839665064f,-0.049824811428797834f,-3.929526413988632f,-0.05387954706291815f,0.000015602823307149558f,0.4341696029950124f,0.7542597497633886f,0.16535721994197594f,0.40452780598102633f,0.02050595038612071f,7.934025410120706f,0f,0f,0f,1f], start_interpolation: 0, interpolation_duration: 1 }
$data merge entity $(bone_leftarm) { transformation: [-0.9175946813257405f,-0.11388528326582353f,-0.3808544906630034f,-4.0959183386955225f,-0.1231532504295272f,0.9923876639885998f,-0.000035663596130407205f,1.3744931238572309f,0.3779593598673736f,0.046870743739704686f,-0.9246349850994888f,7.73216087868315f,0f,0f,0f,1f], start_interpolation: 0, interpolation_duration: 1 }
$data merge entity $(bone_body) { transformation: [-0.9238795325112867f,-0.015409108168478135f,-0.3823730754017315f,-4.375000000000001f,0f,0.9991889981715696f,-0.040265940109415185f,0.75f,0.3826834323650896f,-0.03720087792441397f,-0.9231302645211706f,7.874999999999999f,0f,0f,0f,1f], start_interpolation: 0, interpolation_duration: 1 }
$data merge entity $(bone_rightleg) { transformation: [-0.9159756150367534f,0.1205904774487396f,-0.3826834323650896f,-4.490484941563912f,0.13052619222005157f,0.9914448613738104f,0f,0.7916666666666667f,0.3794095225512602f,-0.049950211252314795f,-0.9238795325112867f,7.9228354290456355f,0f,0f,0f,1f], start_interpolation: 0, interpolation_duration: 1 }
data modify entity @s data merge value {"locators":{},"cameras":{"camera":{"posx":-4.000000000000001,"posy":0.375,"posz":8.875,"roty":161.72398767111181,"rotx":-25.713993985283814}}}