# This file was generated by Animated Java via MC-Build. It is not recommended to edit this file directly.
$data merge entity $(bone_left_eye) { transformation: [-0.9238795325112867f,0.24821992527046235f,-0.29126187204207177f,-4.1419739970839125f,0f,0.7611039501814665f,0.6486299230055361f,1.5267501724614707f,0.3826834323650896f,0.5992559100391865f,-0.7031683616861468f,8.11093379540652f,0f,0f,0f,1f], start_interpolation: 0, interpolation_duration: 1 }
$data merge entity $(bone_right_eye) { transformation: [-0.9238795325112867f,0.24821992527046235f,-0.29126187204207177f,-4.372943880211734f,0f,0.7611039501814665f,0.6486299230055361f,1.5267501724614707f,0.3826834323650896f,0.5992559100391865f,-0.7031683616861468f,8.206604653497791f,0f,0f,0f,1f], start_interpolation: 0, interpolation_duration: 1 }
$data merge entity $(bone_right_close) { transformation: [-0.9238795325112867f,0.24821992527046235f,-0.29126187204207177f,-4.35743013488233f,0f,0.7611039501814665f,0.6486299230055361f,1.5743191693478122f,0.3826834323650896f,0.5992559100391865f,-0.7031683616861468f,8.244058147875242f,0f,0f,0f,1f], start_interpolation: 0, interpolation_duration: 1 }
$data merge entity $(bone_left_close) { transformation: [-0.9238795325112867f,0.24821992527046235f,-0.29126187204207177f,-4.126460251754509f,0f,0.7611039501814665f,0.6486299230055361f,1.5743191693478122f,0.3826834323650896f,0.5992559100391865f,-0.7031683616861468f,8.14838728978397f,0f,0f,0f,1f], start_interpolation: 0, interpolation_duration: 1 }
$data merge entity $(bone_left_eyebrow) { transformation: [-0.9238795325112867f,0.24821992527046235f,-0.29126187204207177f,-4.132647546019267f,0f,0.7611039501814665f,0.6486299230055361f,1.5552510312230878f,0.3826834323650896f,0.5992559100391865f,-0.7031683616861468f,8.133449840055594f,0f,0f,0f,1f], start_interpolation: 0, interpolation_duration: 1 }
$data merge entity $(bone_right_eyebrow) { transformation: [-0.9238795325112867f,0.24821992527046235f,-0.29126187204207177f,-4.363617429147089f,0f,0.7611039501814665f,0.6486299230055361f,1.5552510312230878f,0.3826834323650896f,0.5992559100391865f,-0.7031683616861468f,8.229120698146867f,0f,0f,0f,1f], start_interpolation: 0, interpolation_duration: 1 }
$data merge entity $(bone_talking) { transformation: [-0.9238795325112867f,0.24821992527046235f,-0.29126187204207177f,-4.410533254978586f,0f,0.7611039501814665f,0.6486299230055361f,1.539171035855334f,0.3826834323650896f,0.5992559100391865f,-0.7031683616861468f,7.789215133915438f,0f,0f,0f,1f], start_interpolation: 0, interpolation_duration: 1 }
$data merge entity $(bone_m_opened) { transformation: [-0.9238795325112867f,0.24821992527046235f,-0.29126187204207177f,-4.410533254978586f,0f,0.7611039501814665f,0.6486299230055361f,1.539171035855334f,0.3826834323650896f,0.5992559100391865f,-0.7031683616861468f,7.789215133915438f,0f,0f,0f,1f], start_interpolation: 0, interpolation_duration: 1 }
$data merge entity $(bone_head) { transformation: [-0.9238795325112867f,0.24821992527046235f,-0.29126187204207177f,-4.392329387975956f,0f,0.7611039501814665f,0.6486299230055361f,1.498631665667488f,0.3826834323650896f,0.5992559100391865f,-0.7031683616861468f,7.833163156520823f,0f,0f,0f,1f], start_interpolation: 0, interpolation_duration: 1 }
$data merge entity $(item_display_r_item) { transformation: [-0.4035402435474812f,0.16529465839455285f,0.03520224060862597f,-4.681215380456002f,0.038061070171638754f,0.00010033591299170835f,0.4358412496197373f,0.7512580321936605f,0.164659882105597f,0.40507272907335123f,-0.014472642676382557f,8.096134805654374f,0f,0f,0f,1f], start_interpolation: 0, interpolation_duration: 1 }
$data merge entity $(bone_rightarm) { transformation: [-0.9223776995370999f,0.08046226424828802f,-0.3778163620446922f,-4.678153510556408f,0.08699673182088859f,0.9962085705593996f,-0.00022933922969511217f,1.3738597213895734f,0.37636544481279316f,-0.03308032611744564f,-0.9258805235962314f,7.959724536381442f,0f,0f,0f,1f], start_interpolation: 0, interpolation_duration: 1 }
$data merge entity $(item_display_l_item) { transformation: [-0.4018227867818629f,0.16613379393780162f,-0.04841756432008527f,-3.9366272571722734f,-0.052326258105179296f,0.000028580690699437322f,0.43435954219500494f,0.7533624215056801f,0.1649444171094241f,0.40472930669149243f,0.01984382950582189f,7.923472952825797f,0f,0f,0f,1f], start_interpolation: 0, interpolation_duration: 1 }
$data merge entity $(bone_leftarm) { transformation: [-0.9184520840728295f,-0.1106687184459091f,-0.37973438614354654f,-4.100728802736853f,-0.11960287566898124f,0.9928218107314399f,-0.00006532729302706486f,1.3738597213895734f,0.3770158105358265f,0.04535732458473596f,-0.9250955581519827f,7.720547391153262f,0f,0f,0f,1f], start_interpolation: 0, interpolation_duration: 1 }
$data merge entity $(bone_body) { transformation: [-0.9238795325112867f,-0.023105850634607135f,-0.3819852471931048f,-4.375000000000001f,0f,0.9981755542233175f,-0.06037849742228603f,0.75f,0.3826834323650896f,-0.05578245797223555f,-0.9221939644000331f,7.874999999999999f,0f,0f,0f,1f], start_interpolation: 0, interpolation_duration: 1 }
$data merge entity $(bone_rightleg) { transformation: [-0.9159756150367534f,0.1205904774487396f,-0.3826834323650896f,-4.490484941563912f,0.13052619222005157f,0.9914448613738104f,0f,0.8125f,0.3794095225512602f,-0.049950211252314795f,-0.9238795325112867f,7.9228354290456355f,0f,0f,0f,1f], start_interpolation: 0, interpolation_duration: 1 }
data modify entity @s data merge value {"locators":{},"cameras":{"camera":{"posx":-4.000000000000001,"posy":0.375,"posz":8.875,"roty":161.75592940992067,"rotx":-26.03607175220031}}}