# This file was generated by Animated Java via MC-Build. It is not recommended to edit this file directly.
$data merge entity $(bone_left_eye) { transformation: [-0.9238795325112867f,0.2446750601205255f,-0.29424602692601187f,-4.147879703704824f,0f,0.7689019226870888f,0.6393667439647593f,1.5299517757812398f,0.3826834323650896f,0.5906978485174254f,-0.7103727488791772f,8.096676158386918f,0f,0f,0f,1f], start_interpolation: 0, interpolation_duration: 1 }
$data merge entity $(bone_right_eye) { transformation: [-0.9238795325112867f,0.2446750601205255f,-0.29424602692601187f,-4.378849586832645f,0f,0.7689019226870888f,0.6393667439647593f,1.5299517757812398f,0.3826834323650896f,0.5906978485174254f,-0.7103727488791772f,8.19234701647819f,0f,0f,0f,1f], start_interpolation: 0, interpolation_duration: 1 }
$data merge entity $(bone_right_close) { transformation: [-0.9238795325112867f,0.2446750601205255f,-0.29424602692601187f,-4.363557395575113f,0f,0.7689019226870888f,0.6393667439647593f,1.5780081459491828f,0.3826834323650896f,0.5906978485174254f,-0.7103727488791772f,8.229265632010527f,0f,0f,0f,1f], start_interpolation: 0, interpolation_duration: 1 }
$data merge entity $(bone_left_close) { transformation: [-0.9238795325112867f,0.2446750601205255f,-0.29424602692601187f,-4.132587512447292f,0f,0.7689019226870888f,0.6393667439647593f,1.5780081459491828f,0.3826834323650896f,0.5906978485174254f,-0.7103727488791772f,8.133594773919256f,0f,0f,0f,1f], start_interpolation: 0, interpolation_duration: 1 }
$data merge entity $(bone_left_eyebrow) { transformation: [-0.9238795325112867f,0.2446750601205255f,-0.29424602692601187f,-4.138685998573622f,0f,0.7689019226870888f,0.6393667439647593f,1.5587456374605078f,0.3826834323650896f,0.5906978485174254f,-0.7103727488791772f,8.118871726003125f,0f,0f,0f,1f], start_interpolation: 0, interpolation_duration: 1 }
$data merge entity $(bone_right_eyebrow) { transformation: [-0.9238795325112867f,0.2446750601205255f,-0.29424602692601187f,-4.369655881701443f,0f,0.7689019226870888f,0.6393667439647593f,1.5587456374605078f,0.3826834323650896f,0.5906978485174254f,-0.7103727488791772f,8.214542584094398f,0f,0f,0f,1f], start_interpolation: 0, interpolation_duration: 1 }
$data merge entity $(bone_talking) { transformation: [-0.9238795325112867f,0.2446750601205255f,-0.29424602692601187f,-4.4164852937132455f,0f,0.7689019226870888f,0.6393667439647593f,1.537528402598455f,0.3826834323650896f,0.5906978485174254f,-0.7103727488791772f,7.7748456412784535f,0f,0f,0f,1f], start_interpolation: 0, interpolation_duration: 1 }
$data merge entity $(bone_m_opened) { transformation: [-0.9238795325112867f,0.2446750601205255f,-0.29424602692601187f,-4.4164852937132455f,0f,0.7689019226870888f,0.6393667439647593f,1.537528402598455f,0.3826834323650896f,0.5906978485174254f,-0.7103727488791772f,7.7748456412784535f,0f,0f,0f,1f], start_interpolation: 0, interpolation_duration: 1 }
$data merge entity $(bone_head) { transformation: [-0.9238795325112867f,0.2446750601205255f,-0.29424602692601187f,-4.398094917030369f,0f,0.7689019226870888f,0.6393667439647593f,1.4975679811006575f,0.3826834323650896f,0.5906978485174254f,-0.7103727488791772f,7.819243938083402f,0f,0f,0f,1f], start_interpolation: 0, interpolation_duration: 1 }
$data merge entity $(item_display_r_item) { transformation: [-0.40383336794493907f,0.16458519095125568f,0.035164980503139f,-4.6861694642630205f,0.038006991544197136f,0.0001335279210024454f,0.43584595990332825f,0.7503743828422703f,0.16395221720979183f,0.4053615017362071f,-0.014421282264771533f,8.084544591415039f,0f,0f,0f,1f], start_interpolation: 0, interpolation_duration: 1 }
$data merge entity $(bone_rightarm) { transformation: [-0.9230476981598608f,0.08037709829288922f,-0.3761947221742987f,-4.682958118101752f,0.08687312352959345f,0.9962193369218931f,-0.0003052066765767969f,1.3729733175838814f,0.3747479250509528f,-0.032962930890906156f,-0.9265405753970448f,7.948125187683592f,0f,0f,0f,1f], start_interpolation: 0, interpolation_duration: 1 }
$data merge entity $(item_display_l_item) { transformation: [-0.4022111185096742f,0.1655854880715791f,-0.04705222935519348f,-3.9436956608767333f,-0.05081533275784902f,0.00004548617566010296f,0.43453889341199015f,0.752229461952844f,0.16446965709183525f,0.4049539406785725f,0.019190826584318057f,7.9129348277227125f,0f,0f,0f,1f], start_interpolation: 0, interpolation_duration: 1 }
$data merge entity $(bone_leftarm) { transformation: [-0.919339699450684f,-0.10754795281187073f,-0.37848111559218084f,-4.105533410282198f,-0.11614933201794062f,0.9932317563702632f,-0.00010396840150858622f,1.3729733175838814f,0.37593064478133775f,0.04386474647844148f,-0.9256090072653085f,7.708948042455411f,0f,0f,0f,1f], start_interpolation: 0, interpolation_duration: 1 }
$data merge entity $(bone_body) { transformation: [-0.9238795325112867f,-0.030793222707157997f,-0.38144250791178674f,-4.375000000000001f,0f,0.99675730813421f,-0.08046656871672586f,0.75f,0.3826834323650896f,-0.07434141588879602f,-0.9208836758662425f,7.874999999999999f,0f,0f,0f,1f], start_interpolation: 0, interpolation_duration: 1 }
$data merge entity $(bone_rightleg) { transformation: [-0.9159756150367534f,0.1205904774487396f,-0.3826834323650896f,-4.490484941563912f,0.13052619222005157f,0.9914448613738104f,0f,0.8333333333333333f,0.3794095225512602f,-0.049950211252314795f,-0.9238795325112867f,7.9228354290456355f,0f,0f,0f,1f], start_interpolation: 0, interpolation_duration: 1 }
data modify entity @s data merge value {"locators":{},"cameras":{"camera":{"posx":-4.000000000000001,"posy":0.375,"posz":8.875,"roty":161.7975799970866,"rotx":-26.30737778491859}}}