# This file was generated by Animated Java via MC-Build. It is not recommended to edit this file directly.
$data merge entity $(bone_left_eye) { transformation: [-0.9238795325112867f,0.24106514453928324f,-0.29721070891705864f,-4.153797175197244f,0f,0.776649010071364f,0.6299335799551966f,1.5328799838260259f,0.3826834323650896f,0.5819827413621683f,-0.7175301243500855f,8.082390118454962f,0f,0f,0f,1f], start_interpolation: 0, interpolation_duration: 1 }
$data merge entity $(bone_right_eye) { transformation: [-0.9238795325112867f,0.24106514453928324f,-0.29721070891705864f,-4.384767058325066f,0f,0.776649010071364f,0.6299335799551966f,1.5328799838260259f,0.3826834323650896f,0.5819827413621683f,-0.7175301243500855f,8.178060976546233f,0f,0f,0f,1f], start_interpolation: 0, interpolation_duration: 1 }
$data merge entity $(bone_right_close) { transformation: [-0.9238795325112867f,0.24106514453928324f,-0.29721070891705864f,-4.36970048679136f,0f,0.776649010071364f,0.6299335799551966f,1.5814205469554863f,0.3826834323650896f,0.5819827413621683f,-0.7175301243500855f,8.214434897881368f,0f,0f,0f,1f], start_interpolation: 0, interpolation_duration: 1 }
$data merge entity $(bone_left_close) { transformation: [-0.9238795325112867f,0.24106514453928324f,-0.29721070891705864f,-4.1387306036635385f,0f,0.776649010071364f,0.6299335799551966f,1.5814205469554863f,0.3826834323650896f,0.5819827413621683f,-0.7175301243500855f,8.118764039790097f,0f,0f,0f,1f], start_interpolation: 0, interpolation_duration: 1 }
$data merge entity $(bone_left_eyebrow) { transformation: [-0.9238795325112867f,0.24106514453928324f,-0.29721070891705864f,-4.144738656607713f,0f,0.776649010071364f,0.6299335799551966f,1.561964950854955f,0.3826834323650896f,0.5819827413621683f,-0.7175301243500855f,8.104259316888813f,0f,0f,0f,1f], start_interpolation: 0, interpolation_duration: 1 }
$data merge entity $(bone_right_eyebrow) { transformation: [-0.9238795325112867f,0.24106514453928324f,-0.29721070891705864f,-4.375708539735535f,0f,0.776649010071364f,0.6299335799551966f,1.561964950854955f,0.3826834323650896f,0.5819827413621683f,-0.7175301243500855f,8.199930174980086f,0f,0f,0f,1f], start_interpolation: 0, interpolation_duration: 1 }
$data merge entity $(bone_talking) { transformation: [-0.9238795325112867f,0.24106514453928324f,-0.29721070891705864f,-4.422426749432557f,0f,0.776649010071364f,0.6299335799551966f,1.5355719750441839f,0.3826834323650896f,0.5819827413621683f,-0.7175301243500855f,7.7605016983006525f,0f,0f,0f,1f], start_interpolation: 0, interpolation_duration: 1 }
$data merge entity $(bone_m_opened) { transformation: [-0.9238795325112867f,0.24106514453928324f,-0.29721070891705864f,-4.422426749432557f,0f,0.776649010071364f,0.6299335799551966f,1.5355719750441839f,0.3826834323650896f,0.5819827413621683f,-0.7175301243500855f,7.7605016983006525f,0f,0f,0f,1f], start_interpolation: 0, interpolation_duration: 1 }
$data merge entity $(bone_head) { transformation: [-0.9238795325112867f,0.24106514453928324f,-0.29721070891705864f,-4.40385108012524f,0f,0.776649010071364f,0.6299335799551966f,1.496201126296984f,0.3826834323650896f,0.5819827413621683f,-0.7175301243500855f,7.805347331072533f,0f,0f,0f,1f], start_interpolation: 0, interpolation_duration: 1 }
$data merge entity $(item_display_r_item) { transformation: [-0.4041260161690533f,0.16387636309473017f,0.035113397360184186f,-4.691095098882579f,0.0379374994842391f,0.00016650334623701104f,0.4358520028742773f,0.7492361259069681f,0.1632457018981308f,0.4056485669831459f,-0.01436422348429459f,8.072964591671091f,0f,0f,0f,1f], start_interpolation: 0, interpolation_duration: 1 }
$data merge entity $(bone_rightarm) { transformation: [-0.9237166083864076f,0.08025919396613536f,-0.3745745442165261f,-4.687754920680811f,0.08671428453540365f,0.9962331494269195f,-0.0003805790771129469f,1.3718342719141536f,0.37313303291001326f,-0.03283251082124457f,-0.9271967245329049f,7.936544681841201f,0f,0f,0f,1f], start_interpolation: 0, interpolation_duration: 1 }
$data merge entity $(item_display_l_item) { transformation: [-0.4026120834388528f,0.16498026170575392f,-0.04573044408845304f,-3.950726571760179f,-0.04934871971426767f,0.00006663820438978133f,0.43470788976266844f,0.7508610797985642f,0.16393432871607103f,0.40520088697688045f,0.018547966507423515f,7.902413805589204f,0f,0f,0f,1f], start_interpolation: 0, interpolation_duration: 1 }
$data merge entity $(bone_leftarm) { transformation: [-0.9202561907173779f,-0.10452672934503544f,-0.3770977410417232f,-4.110330212861257f,-0.11279707363261182f,0.9936180337432422f,-0.00015231589574785098f,1.3718342719141536f,0.3747070370653052f,0.042395352016968244f,-0.9261734559471553f,7.6973675366130205f,0f,0f,0f,1f], start_interpolation: 0, interpolation_duration: 1 }
$data merge entity $(bone_body) { transformation: [-0.9238795325112867f,-0.03846810683365273f,-0.3807450776613675f,-4.375000000000001f,0f,0.9949348350626456f,-0.10052200743551708f,0.75f,0.3826834323650896f,-0.09287022523662161f,-0.9191999302968712f,7.874999999999999f,0f,0f,0f,1f], start_interpolation: 0, interpolation_duration: 1 }
$data merge entity $(bone_rightleg) { transformation: [-0.9159756150367534f,0.1205904774487396f,-0.3826834323650896f,-4.490484941563912f,0.13052619222005157f,0.9914448613738104f,0f,0.8541666666666666f,0.3794095225512602f,-0.049950211252314795f,-0.9238795325112867f,7.9228354290456355f,0f,0f,0f,1f], start_interpolation: 0, interpolation_duration: 1 }
data modify entity @s data merge value {"locators":{},"cameras":{"camera":{"posx":-4.000000000000001,"posy":0.375,"posz":8.875,"roty":161.84383486973076,"rotx":-26.55887064336883}}}