# This file was generated by Animated Java via MC-Build. It is not recommended to edit this file directly.
$data merge entity $(bone_left_eye) { transformation: [-0.9238795325112867f,0.23738247636666904f,-0.30016023940681075f,-4.159724922387221f,0f,0.7843565046747316f,0.6203103042626631f,1.5355432056765577f,0.3826834323650896f,0.5730919939141232f,-0.724650920861078f,8.068079270794602f,0f,0f,0f,1f], start_interpolation: 0, interpolation_duration: 1 }
$data merge entity $(bone_right_eye) { transformation: [-0.9238795325112867f,0.23738247636666904f,-0.30016023940681075f,-4.390694805515042f,0f,0.7843565046747316f,0.6203103042626631f,1.5355432056765577f,0.3826834323650896f,0.5730919939141232f,-0.724650920861078f,8.163750128885873f,0f,0f,0f,1f], start_interpolation: 0, interpolation_duration: 1 }
$data merge entity $(bone_right_close) { transformation: [-0.9238795325112867f,0.23738247636666904f,-0.30016023940681075f,-4.375858400742126f,0f,0.7843565046747316f,0.6203103042626631f,1.5845654872187285f,0.3826834323650896f,0.5730919939141232f,-0.724650920861078f,8.199568378505505f,0f,0f,0f,1f], start_interpolation: 0, interpolation_duration: 1 }
$data merge entity $(bone_left_close) { transformation: [-0.9238795325112867f,0.23738247636666904f,-0.30016023940681075f,-4.144888517614304f,0f,0.7843565046747316f,0.6203103042626631f,1.5845654872187285f,0.3826834323650896f,0.5730919939141232f,-0.724650920861078f,8.103897520414234f,0f,0f,0f,1f], start_interpolation: 0, interpolation_duration: 1 }
$data merge entity $(bone_left_eyebrow) { transformation: [-0.9238795325112867f,0.23738247636666904f,-0.30016023940681075f,-4.150804319508508f,0f,0.7843565046747316f,0.6203103042626631f,1.5649178052078438f,0.3826834323650896f,0.5730919939141232f,-0.724650920861078f,8.089615511248933f,0f,0f,0f,1f], start_interpolation: 0, interpolation_duration: 1 }
$data merge entity $(bone_right_eyebrow) { transformation: [-0.9238795325112867f,0.23738247636666904f,-0.30016023940681075f,-4.381774202636329f,0f,0.7843565046747316f,0.6203103042626631f,1.5649178052078438f,0.3826834323650896f,0.5730919939141232f,-0.724650920861078f,8.185286369340206f,0f,0f,0f,1f], start_interpolation: 0, interpolation_duration: 1 }
$data merge entity $(bone_talking) { transformation: [-0.9238795325112867f,0.23738247636666904f,-0.30016023940681075f,-4.428355557857427f,0f,0.7843565046747316f,0.6203103042626631f,1.533301049589957f,0.3826834323650896f,0.5730919939141232f,-0.724650920861078f,7.746188288592619f,0f,0f,0f,1f], start_interpolation: 0, interpolation_duration: 1 }
$data merge entity $(bone_m_opened) { transformation: [-0.9238795325112867f,0.23738247636666904f,-0.30016023940681075f,-4.428355557857427f,0f,0.7843565046747316f,0.6203103042626631f,1.533301049589957f,0.3826834323650896f,0.5730919939141232f,-0.724650920861078f,7.746188288592619f,0f,0f,0f,1f], start_interpolation: 0, interpolation_duration: 1 }
$data merge entity $(bone_head) { transformation: [-0.9238795325112867f,0.23738247636666904f,-0.30016023940681075f,-4.409595542894501f,0f,0.7843565046747316f,0.6203103042626631f,1.4945316555735406f,0.3826834323650896f,0.5730919939141232f,-0.724650920861078f,7.791478971146437f,0f,0f,0f,1f], start_interpolation: 0, interpolation_duration: 1 }
$data merge entity $(item_display_r_item) { transformation: [-0.404418069538669f,0.16316846509758648f,0.03504749674818365f,-4.69599026402948f,0.03785262217371573f,0.00019920870243510732f,0.43585936873086345f,0.7478437220393174f,0.16254062269226782f,0.40593381518862226f,-0.014301526534578685f,8.061399557482268f,0f,0f,0f,1f], start_interpolation: 0, interpolation_duration: 1 }
$data merge entity $(bone_rightarm) { transformation: [-0.9243841589455292f,0.08010856399584843f,-0.37295649165162625f,-4.692541972988528f,0.08652027925420738f,0.996249985670545f,-0.0004553341769943098f,1.3704430463112838f,0.3715214232966122f,-0.03268920350760822f,-0.9278487204311366f,7.924987715236121f,0f,0f,0f,1f], start_interpolation: 0, interpolation_duration: 1 }
$data merge entity $(item_display_l_item) { transformation: [-0.4030250757786349f,0.1643194960090324f,-0.04445381339056496f,-3.957714962605863f,-0.047928323350224705f,0.0000923237145501581f,0.4348667810918282f,0.7492575440169864f,0.16333987300858874f,0.40546928947537975f,0.017916226663803707f,7.891912697331294f,0f,0f,0f,1f], start_interpolation: 0, interpolation_duration: 1 }
$data merge entity $(bone_leftarm) { transformation: [-0.9212001732083084f,-0.10160871632129126f,-0.3755874194492169f,-4.1151172651689745f,-0.10955045337194219f,0.9939812139241787f,-0.00021102563325728352f,1.3704430463112838f,0.3733482811624885f,0.04095137523155154f,-0.9267869473722966f,7.6858105700079395f,0f,0f,0f,1f], start_interpolation: 0, interpolation_duration: 1 }
$data merge entity $(bone_body) { transformation: [-0.9238795325112867f,-0.046127390526000366f,-0.3798932392791269f,-4.375000000000001f,0f,0.992708874098054f,-0.12053668025532309f,0.75f,0.3826834323650896f,-0.11136137180475034f,-0.9171434105215159f,7.874999999999999f,0f,0f,0f,1f], start_interpolation: 0, interpolation_duration: 1 }
$data merge entity $(bone_rightleg) { transformation: [-0.9159756150367534f,0.1205904774487396f,-0.3826834323650896f,-4.490484941563912f,0.13052619222005157f,0.9914448613738104f,0f,0.875f,0.3794095225512602f,-0.049950211252314795f,-0.9238795325112867f,7.9228354290456355f,0f,0f,0f,1f], start_interpolation: 0, interpolation_duration: 1 }
data modify entity @s data merge value {"locators":{},"cameras":{"camera":{"posx":-4.000000000000001,"posy":0.375,"posz":8.875,"roty":161.88956899862384,"rotx":-26.82149936936564}}}