# This file was generated by Animated Java via MC-Build. It is not recommended to edit this file directly.
$data merge entity $(bone_left_eye) { transformation: [-0.9238795325112867f,0.23361909058121744f,-0.3030985482029418f,-4.165661624457107f,0f,0.7920346755795222f,0.6104761032830367f,1.5379498890449945f,0.3826834323650896f,0.564006376910444f,-0.7317446258071377f,8.053746804141714f,0f,0f,0f,1f], start_interpolation: 0, interpolation_duration: 1 }
$data merge entity $(bone_right_eye) { transformation: [-0.9238795325112867f,0.23361909058121744f,-0.3030985482029418f,-4.396631507584929f,0f,0.7920346755795222f,0.6104761032830367f,1.5379498890449945f,0.3826834323650896f,0.564006376910444f,-0.7317446258071377f,8.149417662232985f,0f,0f,0f,1f], start_interpolation: 0, interpolation_duration: 1 }
$data merge entity $(bone_right_close) { transformation: [-0.9238795325112867f,0.23361909058121744f,-0.3030985482029418f,-4.382030314423602f,0f,0.7920346755795222f,0.6104761032830367f,1.5874520562687147f,0.3826834323650896f,0.564006376910444f,-0.7317446258071377f,8.184668060789887f,0f,0f,0f,1f], start_interpolation: 0, interpolation_duration: 1 }
$data merge entity $(bone_left_close) { transformation: [-0.9238795325112867f,0.23361909058121744f,-0.3030985482029418f,-4.151060431295781f,0f,0.7920346755795222f,0.6104761032830367f,1.5874520562687147f,0.3826834323650896f,0.564006376910444f,-0.7317446258071377f,8.088997202698616f,0f,0f,0f,1f], start_interpolation: 0, interpolation_duration: 1 }
$data merge entity $(bone_left_eyebrow) { transformation: [-0.9238795325112867f,0.23361909058121744f,-0.3030985482029418f,-4.156881964901049f,0f,0.7920346755795222f,0.6104761032830367f,1.5676130346227715f,0.3826834323650896f,0.564006376910444f,-0.7317446258071377f,8.074942777314968f,0f,0f,0f,1f], start_interpolation: 0, interpolation_duration: 1 }
$data merge entity $(bone_right_eyebrow) { transformation: [-0.9238795325112867f,0.23361909058121744f,-0.3030985482029418f,-4.387851848028871f,0f,0.7920346755795222f,0.6104761032830367f,1.5676130346227715f,0.3826834323650896f,0.564006376910444f,-0.7317446258071377f,8.170613635406239f,0f,0f,0f,1f], start_interpolation: 0, interpolation_duration: 1 }
$data merge entity $(bone_talking) { transformation: [-0.9238795325112867f,0.23361909058121744f,-0.3030985482029418f,-4.434269634979741f,0f,0.7920346755795222f,0.6104761032830367f,1.530715002426063f,0.3826834323650896f,0.564006376910444f,-0.7317446258071377f,7.731910443395008f,0f,0f,0f,1f], start_interpolation: 0, interpolation_duration: 1 }
$data merge entity $(bone_m_opened) { transformation: [-0.9238795325112867f,0.23361909058121744f,-0.3030985482029418f,-4.434269634979741f,0f,0.7920346755795222f,0.6104761032830367f,1.530715002426063f,0.3826834323650896f,0.564006376910444f,-0.7317446258071377f,7.731910443395008f,0f,0f,0f,1f], start_interpolation: 0, interpolation_duration: 1 }
$data merge entity $(bone_head) { transformation: [-0.9238795325112867f,0.23361909058121744f,-0.3030985482029418f,-4.4153259757170575f,0f,0.7920346755795222f,0.6104761032830367f,1.4925602459708731f,0.3826834323650896f,0.564006376910444f,-0.7317446258071377f,7.777644482507954f,0f,0f,0f,1f], start_interpolation: 0, interpolation_duration: 1 }
$data merge entity $(item_display_r_item) { transformation: [-0.4047094096138697f,0.16246178747116713f,0.03496729016761741f,-4.700852951778826f,0.03775239403394386f,0.00023159094138937956f,0.43586804552564035f,0.7461977373509239f,0.1618372655314556f,0.4062171389507208f,-0.014233253598244492f,8.049854233830322f,0f,0f,0f,1f], start_interpolation: 0, interpolation_duration: 1 }
$data merge entity $(bone_rightarm) { transformation: [-0.9250500791174164f,0.07992523466883988f,-0.37134122850552487f,-4.6973173336739915f,0.08629118636330026f,0.9962698183443208f,-0.0005293507231755035f,1.3688002049757275f,0.36991374978618424f,-0.03253315108170149f,-0.9284963176016475f,7.913458974704052f,0f,0f,0f,1f], start_interpolation: 0, interpolation_duration: 1 }
$data merge entity $(item_display_l_item) { transformation: [-0.40344946923234726f,0.1636046133499699f,-0.043223908508418014f,-3.9646558346424285f,-0.046556002150847015f,0.0001227969015797978f,0.43501583141841094f,0.747419186893186f,0.162687782085403f,0.40575825981922764f,0.01729653573998617f,7.881434355458306f,0f,0f,0f,1f], start_interpolation: 0, interpolation_duration: 1 }
$data merge entity $(bone_leftarm) { transformation: [-0.9221702153882223f,-0.09879750516209823f,-0.37395340194278837f,-4.119892625854437f,-0.10641371920193604f,0.9943219003849393f,-0.00028067863218217415f,1.3688002049757275f,0.37185778762377825f,0.03953493883425431f,-0.9274474510153774f,7.674281829475871f,0f,0f,0f,1f], start_interpolation: 0, interpolation_duration: 1 }
$data merge entity $(bone_body) { transformation: [-0.9238795325112867f,-0.05376796762274165f,-0.37888733822133186f,-4.375000000000001f,0f,0.9900803279611641f,-0.14050247038509275f,0.75f,0.3826834323650896f,-0.1298073566560604f,-0.9147149505453818f,7.874999999999999f,0f,0f,0f,1f], start_interpolation: 0, interpolation_duration: 1 }
$data merge entity $(bone_rightleg) { transformation: [-0.9047110628630495f,0.009519601573201933f,-0.4259193232515974f,-4.498457513071518f,0.11709414298738696f,0.9668027762171273f,-0.22711528697316832f,0.875f,0.4096179371209964f,-0.25534637080785527f,-0.8757918568381398f,7.903587938784984f,0f,0f,0f,1f], start_interpolation: 0, interpolation_duration: 1 }
data modify entity @s data merge value {"locators":{},"cameras":{"camera":{"posx":-4.000000000000001,"posy":0.375,"posz":8.875,"roty":161.92963071906044,"rotx":-27.12620229594556}}}