# This file was generated by Animated Java via MC-Build. It is not recommended to edit this file directly.
$data merge entity $(bone_left_eye) { transformation: [-0.9238795325112867f,0.22976676408187055f,-0.30602915470600534f,-4.171606133400667f,0f,0.7996927194225796f,0.6004094890177198f,1.5401085045796497f,0.3826834323650896f,0.5547060380290315f,-0.7388197357728123f,8.039395490028522f,0f,0f,0f,1f], start_interpolation: 0, interpolation_duration: 1 }
$data merge entity $(bone_right_eye) { transformation: [-0.9238795325112867f,0.22976676408187055f,-0.30602915470600534f,-4.402576016528489f,0f,0.7996927194225796f,0.6004094890177198f,1.5401085045796497f,0.3826834323650896f,0.5547060380290315f,-0.7388197357728123f,8.135066348119793f,0f,0f,0f,1f], start_interpolation: 0, interpolation_duration: 1 }
$data merge entity $(bone_right_close) { transformation: [-0.9238795325112867f,0.22976676408187055f,-0.30602915470600534f,-4.388215593773372f,0f,0.7996927194225796f,0.6004094890177198f,1.590089299543561f,0.3826834323650896f,0.5547060380290315f,-0.7388197357728123f,8.169735475496607f,0f,0f,0f,1f], start_interpolation: 0, interpolation_duration: 1 }
$data merge entity $(bone_left_close) { transformation: [-0.9238795325112867f,0.22976676408187055f,-0.30602915470600534f,-4.15724571064555f,0f,0.7996927194225796f,0.6004094890177198f,1.590089299543561f,0.3826834323650896f,0.5547060380290315f,-0.7388197357728123f,8.074064617405336f,0f,0f,0f,1f], start_interpolation: 0, interpolation_duration: 1 }
$data merge entity $(bone_left_eyebrow) { transformation: [-0.9238795325112867f,0.22976676408187055f,-0.30602915470600534f,-4.162970752925427f,0f,0.7996927194225796f,0.6004094890177198f,1.5700594559649328f,0.3826834323650896f,0.5547060380290315f,-0.7388197357728123f,8.060243142688094f,0f,0f,0f,1f], start_interpolation: 0, interpolation_duration: 1 }
$data merge entity $(bone_right_eyebrow) { transformation: [-0.9238795325112867f,0.22976676408187055f,-0.30602915470600534f,-4.393940636053249f,0f,0.7996927194225796f,0.6004094890177198f,1.5700594559649328f,0.3826834323650896f,0.5547060380290315f,-0.7388197357728123f,8.155914000779367f,0f,0f,0f,1f], start_interpolation: 0, interpolation_duration: 1 }
$data merge entity $(bone_talking) { transformation: [-0.9238795325112867f,0.22976676408187055f,-0.30602915470600534f,-4.440166876830673f,0f,0.7996927194225796f,0.6004094890177198f,1.5278132900420422f,0.3826834323650896f,0.5547060380290315f,-0.7388197357728123f,7.717673242137895f,0f,0f,0f,1f], start_interpolation: 0, interpolation_duration: 1 }
$data merge entity $(bone_m_opened) { transformation: [-0.9238795325112867f,0.22976676408187055f,-0.30602915470600534f,-4.440166876830673f,0f,0.7996927194225796f,0.6004094890177198f,1.5278132900420422f,0.3826834323650896f,0.5547060380290315f,-0.7388197357728123f,7.717673242137895f,0f,0f,0f,1f], start_interpolation: 0, interpolation_duration: 1 }
$data merge entity $(bone_head) { transformation: [-0.9238795325112867f,0.22976676408187055f,-0.30602915470600534f,-4.421040054661547f,0f,0.7996927194225796f,0.6004094890177198f,1.4902876969784347f,0.3826834323650896f,0.5547060380290315f,-0.7388197357728123f,7.7638494756236955f,0f,0f,0f,1f], start_interpolation: 0, interpolation_duration: 1 }
$data merge entity $(item_display_r_item) { transformation: [-0.4049999182440097f,0.16175662084217035f,0.03487279507105453f,-4.705681167417191f,0.037636855711646794f,0.00026359753898980116f,0.43587801918481517f,0.7442988431815281f,0.1611359156565851f,0.40649843312128486f,-0.01415946875606976f,8.038333357605731f,0f,0f,0f,1f], start_interpolation: 0, interpolation_duration: 1 }
$data merge entity $(bone_rightarm) { transformation: [-0.9257140988434508f,0.07970924587669614f,-0.369729419067818f,-4.702079066127733f,0.08602709876947838f,0.9962926152795776f,-0.0006025086605478958f,1.3669064141486955f,0.3683106643579088f,-0.03236450001387353f,-0.929139275705794f,7.901963135633837f,0f,0f,0f,1f], start_interpolation: 0, interpolation_duration: 1 }
$data merge entity $(item_display_l_item) { transformation: [-0.4038846174742604f,0.1628370769485143f,-0.042042266096559845f,-3.971544219913943f,-0.045233567168746394f,0.00015827863607212109f,0.43515531635160315f,0.7453464071527321f,0.1619795980019114f,0.4060668803519156f,0.016689772688751114f,7.870981675337106f,0f,0f,0f,1f], start_interpolation: 0, interpolation_duration: 1 }
$data merge entity $(bone_leftarm) { transformation: [-0.9231648399411666f,-0.09609660822070815f,-0.37219903302517554f,-4.124654358308179f,-0.10339101067142033f,0.9946407230893787f,-0.00036177973959319876f,1.3669064141486955f,0.37023908114722603f,0.03814805186000275f,-0.9281528693758072f,7.662785990405656f,0f,0f,0f,1f], start_interpolation: 0, interpolation_duration: 1 }
$data merge entity $(bone_body) { transformation: [-0.9238795325112867f,-0.061386739548728086f,-0.37772778242313965f,-4.375000000000001f,0f,0.9870502626379128f,-0.16041128085776024f,0.75f,0.3826834323650896f,-0.14820069916840425f,-0.9119155352110577f,7.874999999999999f,0f,0f,0f,1f], start_interpolation: 0, interpolation_duration: 1 }
$data merge entity $(bone_rightleg) { transformation: [-0.8923376255922775f,-0.11387614125916397f,-0.4367674282776353f,-4.506430084579124f,0.10354703913033615f,0.890198747470996f,-0.4436487357002277f,0.875f,0.4393308236849277f,-0.4411104333984776f,-0.7825662993685136f,7.884340448524331f,0f,0f,0f,1f], start_interpolation: 0, interpolation_duration: 1 }
data modify entity @s data merge value {"locators":{},"cameras":{"camera":{"posx":-4.000000000000001,"posy":0.375,"posz":8.875,"roty":161.958848451832,"rotx":-27.503908319793887}}}