# This file was generated by Animated Java via MC-Build. It is not recommended to edit this file directly.
$data merge entity $(bone_left_eye) { transformation: [-0.9238795325112867f,0.22581702010587174f,-0.30895514696672466f,-4.177557479096735f,0f,0.8073387056693212f,0.5900883106181525f,1.5420275289731498f,0.3826834323650896f,0.5451705125542737f,-0.7458837059720398f,8.025027670534705f,0f,0f,0f,1f], start_interpolation: 0, interpolation_duration: 1 }
$data merge entity $(bone_right_eye) { transformation: [-0.9238795325112867f,0.22581702010587174f,-0.30895514696672466f,-4.408527362224556f,0f,0.8073387056693212f,0.5900883106181525f,1.5420275289731498f,0.3826834323650896f,0.5451705125542737f,-0.7458837059720398f,8.120698528625976f,0f,0f,0f,1f], start_interpolation: 0, interpolation_duration: 1 }
$data merge entity $(bone_right_close) { transformation: [-0.9238795325112867f,0.22581702010587174f,-0.30895514696672466f,-4.394413798467939f,0f,0.8073387056693212f,0.5900883106181525f,1.5924861980774825f,0.3826834323650896f,0.5451705125542737f,-0.7458837059720398f,8.154771685660618f,0f,0f,0f,1f], start_interpolation: 0, interpolation_duration: 1 }
$data merge entity $(bone_left_close) { transformation: [-0.9238795325112867f,0.22581702010587174f,-0.30895514696672466f,-4.1634439153401175f,0f,0.8073387056693212f,0.5900883106181525f,1.5924861980774825f,0.3826834323650896f,0.5451705125542737f,-0.7458837059720398f,8.059100827569347f,0f,0f,0f,1f], start_interpolation: 0, interpolation_duration: 1 }
$data merge entity $(bone_left_eyebrow) { transformation: [-0.9238795325112867f,0.22581702010587174f,-0.30895514696672466f,-4.169070031146079f,0f,0.8073387056693212f,0.5900883106181525f,1.5722658499163358f,0.3826834323650896f,0.5451705125542737f,-0.7458837059720398f,8.045518182487113f,0f,0f,0f,1f], start_interpolation: 0, interpolation_duration: 1 }
$data merge entity $(bone_right_eyebrow) { transformation: [-0.9238795325112867f,0.22581702010587174f,-0.30895514696672466f,-4.4000399142739015f,0f,0.8073387056693212f,0.5900883106181525f,1.5722658499163358f,0.3826834323650896f,0.5451705125542737f,-0.7458837059720398f,8.141189040578386f,0f,0f,0f,1f], start_interpolation: 0, interpolation_duration: 1 }
$data merge entity $(bone_talking) { transformation: [-0.9238795325112867f,0.22581702010587174f,-0.30895514696672466f,-4.446045159114215f,0f,0.8073387056693212f,0.5900883106181525f,1.5245954496239922f,0.3826834323650896f,0.5451705125542737f,-0.7458837059720398f,7.70348181332551f,0f,0f,0f,1f], start_interpolation: 0, interpolation_duration: 1 }
$data merge entity $(bone_m_opened) { transformation: [-0.9238795325112867f,0.22581702010587174f,-0.30895514696672466f,-4.446045159114215f,0f,0.8073387056693212f,0.5900883106181525f,1.5245954496239922f,0.3826834323650896f,0.5451705125542737f,-0.7458837059720398f,7.70348181332551f,0f,0f,0f,1f], start_interpolation: 0, interpolation_duration: 1 }
$data merge entity $(bone_head) { transformation: [-0.9238795325112867f,0.22581702010587174f,-0.30895514696672466f,-4.426735462428795f,0f,0.8073387056693212f,0.5900883106181525f,1.4877149302103576f,0.3826834323650896f,0.5451705125542737f,-0.7458837059720398f,7.750099544948762f,0f,0f,0f,1f], start_interpolation: 0, interpolation_duration: 1 }
$data merge entity $(item_display_r_item) { transformation: [-0.4052894776156294f,0.1610532558282376f,0.034764034880526234f,-4.710472930288361f,0.037506054062470325f,0.0002951765804180651f,0.4358892735310763f,0.7421478158205467f,0.16043685749450856f,0.40677759483274223f,-0.014080237901971986f,8.02684165559785f,0f,0f,0f,1f], start_interpolation: 0, interpolation_duration: 1 }
$data merge entity $(bone_rightarm) { transformation: [-0.9263759488357244f,0.07946065115548862f,-0.36812172760740025f,-4.706825239267106f,0.08572812357136074f,0.996318339499603f,-0.0006746893266696419f,1.3647624418419648f,0.3667128171303053f,-0.032183400918792904f,-0.9297773596176966f,7.890504860071393f,0f,0f,0f,1f], start_interpolation: 0, interpolation_duration: 1 }
$data merge entity $(item_display_l_item) { transformation: [-0.4043298546427267f,0.16201839050566422f,-0.0409103872206747f,-3.9783751837004937f,-0.04396278051461873f,0.00019895605321395546f,0.4352855204873146f,0.743039673176209f,0.16121691156331863f,0.40639420708770324f,0.016096765872128042f,7.860557596218859f,0f,0f,0f,1f], start_interpolation: 0, interpolation_duration: 1 }
$data merge entity $(bone_leftarm) { transformation: [-0.9241825248976611f,-0.09350945650439924f,-0.3703277497272325f,-4.129400531447551f,-0.10048635546198567f,0.9949383325424334f,-0.0004547566930602487f,1.3647624418419648f,0.36849579785901404f,0.03679260770772144f,-0.9289010447718931f,7.6513277148432115f,0f,0f,0f,1f], start_interpolation: 0, interpolation_duration: 1 }
$data merge entity $(bone_body) { transformation: [-0.9238795325112867f,-0.06898061657172447f,-0.37641504213316296f,-4.375000000000001f,0f,0.9836199069471436f,-0.18025503781390576f,0.75f,0.3826834323650896f,-0.16653394006831557f,-0.9087462997991225f,7.874999999999999f,0f,0f,0f,1f], start_interpolation: 0, interpolation_duration: 1 }
$data merge entity $(bone_rightleg) { transformation: [-0.8788658287649538f,-0.24023365427010065f,-0.412168225831789f,-4.514402656086729f,0.0899292442360167f,0.7650459195013767f,-0.6376656428610779f,0.875f,0.4685163669077418f,-0.5974885207351909f,-0.6507686851172568f,7.86509295826368f,0f,0f,0f,1f], start_interpolation: 0, interpolation_duration: 1 }
data modify entity @s data merge value {"locators":{},"cameras":{"camera":{"posx":-4.000000000000001,"posy":0.375,"posz":8.875,"roty":161.97205002366195,"rotx":-27.985540659082798}}}