# This file was generated by Animated Java via MC-Build. It is not recommended to edit this file directly.
$data merge entity $(bone_left_eye) { transformation: [-0.9238795325112867f,0.22176113248499138f,-0.31187915853051196f,-4.183514874973784f,0f,0.8149795161055506f,0.5794897655078668f,1.5437154266811217f,0.3826834323650896f,0.5353787336524831f,-0.7529428943458709f,8.01064524461191f,0f,0f,0f,1f], start_interpolation: 0, interpolation_duration: 1 }
$data merge entity $(bone_right_eye) { transformation: [-0.9238795325112867f,0.22176113248499138f,-0.31187915853051196f,-4.414484758101605f,0f,0.8149795161055506f,0.5794897655078668f,1.5437154266811217f,0.3826834323650896f,0.5353787336524831f,-0.7529428943458709f,8.10631610270318f,0f,0f,0f,1f], start_interpolation: 0, interpolation_duration: 1 }
$data merge entity $(bone_right_close) { transformation: [-0.9238795325112867f,0.22176113248499138f,-0.31187915853051196f,-4.400624687321293f,0f,0.8149795161055506f,0.5794897655078668f,1.5946516464377187f,0.3826834323650896f,0.5353787336524831f,-0.7529428943458709f,8.13977727355646f,0f,0f,0f,1f], start_interpolation: 0, interpolation_duration: 1 }
$data merge entity $(bone_left_close) { transformation: [-0.9238795325112867f,0.22176113248499138f,-0.31187915853051196f,-4.169654804193471f,0f,0.8149795161055506f,0.5794897655078668f,1.5946516464377187f,0.3826834323650896f,0.5353787336524831f,-0.7529428943458709f,8.044106415465189f,0f,0f,0f,1f], start_interpolation: 0, interpolation_duration: 1 }
$data merge entity $(bone_left_eyebrow) { transformation: [-0.9238795325112867f,0.22176113248499138f,-0.31187915853051196f,-4.175179340058188f,0f,0.8149795161055506f,0.5794897655078668f,1.5742409404247357f,0.3826834323650896f,0.5353787336524831f,-0.7529428943458709f,8.030769006054772f,0f,0f,0f,1f], start_interpolation: 0, interpolation_duration: 1 }
$data merge entity $(bone_right_eyebrow) { transformation: [-0.9238795325112867f,0.22176113248499138f,-0.31187915853051196f,-4.406149223186009f,0f,0.8149795161055506f,0.5794897655078668f,1.5742409404247357f,0.3826834323650896f,0.5353787336524831f,-0.7529428943458709f,8.126439864146045f,0f,0f,0f,1f], start_interpolation: 0, interpolation_duration: 1 }
$data merge entity $(bone_talking) { transformation: [-0.9238795325112867f,0.22176113248499138f,-0.31187915853051196f,-4.451902336699727f,0f,0.8149795161055506f,0.5794897655078668f,1.5210610993759424f,0.3826834323650896f,0.5353787336524831f,-0.7529428943458709f,7.689341335761339f,0f,0f,0f,1f], start_interpolation: 0, interpolation_duration: 1 }
$data merge entity $(bone_m_opened) { transformation: [-0.9238795325112867f,0.22176113248499138f,-0.31187915853051196f,-4.451902336699727f,0f,0.8149795161055506f,0.5794897655078668f,1.5210610993759424f,0.3826834323650896f,0.5353787336524831f,-0.7529428943458709f,7.689341335761339f,0f,0f,0f,1f], start_interpolation: 0, interpolation_duration: 1 }
$data merge entity $(bone_head) { transformation: [-0.9238795325112867f,0.22176113248499138f,-0.31187915853051196f,-4.43240988929157f,0f,0.8149795161055506f,0.5794897655078668f,1.4848429890317008f,0.3826834323650896f,0.5353787336524831f,-0.7529428943458709f,7.736400266657956f,0f,0f,0f,1f], start_interpolation: 0, interpolation_duration: 1 }
$data merge entity $(item_display_r_item) { transformation: [-0.40557797030023335f,0.16035198291256464f,0.03464103900219478f,-4.71522627463325f,0.037360042131980804f,0.00032627684435346905f,0.4359017903098328f,0.7397455361821859f,0.15974037454269235f,0.40705452352164f,-0.013995628657940417f,8.015383842489436f,0f,0f,0f,1f], start_interpolation: 0, interpolation_duration: 1 }
$data merge entity $(bone_rightarm) { transformation: [-0.9270353606862477f,0.07917951771930243f,-0.36651881808586206f,-4.711553928319419f,0.08539438201595613f,0.9963469492796178f,-0.0007457756442362795f,1.3623691575264174f,0.3651208560975825f,-0.03199000836100646f,-0.9304103394780343f,7.8790887948290536f,0f,0f,0f,1f], start_interpolation: 0, interpolation_duration: 1 }
$data merge entity $(item_display_l_item) { transformation: [-0.40478449584928855f,0.1611500978083218f,-0.03982973633361885f,-3.985143826989939f,-0.04274535388146836f,0.0002449823146929391f,0.43540673479542497f,0.7404995262842062f,0.16040136109642372f,0.40673927270431337f,0.015518292379668527f,7.850165102032382f,0f,0f,0f,1f], start_interpolation: 0, interpolation_duration: 1 }
$data merge entity $(bone_leftarm) { transformation: [-0.9252217047983738f,-0.09103939733398586f,-0.36834308070473554f,-4.134129220499864f,-0.09770366601478483f,0.9952153938181142f,-0.0005599595764407828f,1.3623691575264174f,0.3666316825061114f,0.035470382582099697f,-0.9296897661812877f,7.639911649600872f,0f,0f,0f,1f], start_interpolation: 0, interpolation_duration: 1 }
$data merge entity $(bone_body) { transformation: [-0.9238795325112867f,-0.07654651905542502f,-0.3749496497227642f,-4.375000000000001f,0f,0.9797906520422677f,-0.20002569377604443f,0.75f,0.3826834323650896f,-0.18479964445605773f,-0.9052085295677391f,7.874999999999999f,0f,0f,0f,1f], start_interpolation: 0, interpolation_duration: 1 }
$data merge entity $(bone_rightleg) { transformation: [-0.864308240302221f,-0.35952221251427047f,-0.35173149482882804f,-4.522375227594336f,0.0762852183424656f,0.5975238715692834f,-0.7982141243847398f,0.875f,0.4971436726019155f,-0.7167349591122913f,-0.489018575494f,7.845845468003028f,0f,0f,0f,1f], start_interpolation: 0, interpolation_duration: 1 }
data modify entity @s data merge value {"locators":{},"cameras":{"camera":{"posx":-4.000000000000001,"posy":0.375,"posz":8.875,"roty":161.96409438814703,"rotx":-28.602023104601045}}}