# This file was generated by Animated Java via MC-Build. It is not recommended to edit this file directly.
$data merge entity $(bone_left_eye) { transformation: [-0.9238795325112867f,0.21759012995750288f,-0.3148033429806665f,-4.189477724232829f,0f,0.8226207783156292f,0.5685904106502224f,1.5451806300516722f,0.3826834323650896f,0.525309042781928f,-0.7600025001043142f,7.996249653060333f,0f,0f,0f,1f], start_interpolation: 0, interpolation_duration: 1 }
$data merge entity $(bone_right_eye) { transformation: [-0.9238795325112867f,0.21759012995750288f,-0.3148033429806665f,-4.420447607360651f,0f,0.8226207783156292f,0.5685904106502224f,1.5451806300516722f,0.3826834323650896f,0.525309042781928f,-0.7600025001043142f,8.091920511151605f,0f,0f,0f,1f], start_interpolation: 0, interpolation_duration: 1 }
$data merge entity $(bone_right_close) { transformation: [-0.9238795325112867f,0.21759012995750288f,-0.3148033429806665f,-4.406848224238306f,0f,0.8226207783156292f,0.5685904106502224f,1.596594428696399f,0.3826834323650896f,0.525309042781928f,-0.7600025001043142f,8.124752326325474f,0f,0f,0f,1f], start_interpolation: 0, interpolation_duration: 1 }
$data merge entity $(bone_left_close) { transformation: [-0.9238795325112867f,0.21759012995750288f,-0.3148033429806665f,-4.175878341110485f,0f,0.8226207783156292f,0.5685904106502224f,1.596594428696399f,0.3826834323650896f,0.525309042781928f,-0.7600025001043142f,8.029081468234203f,0f,0f,0f,1f], start_interpolation: 0, interpolation_duration: 1 }
$data merge entity $(bone_left_eyebrow) { transformation: [-0.9238795325112867f,0.21759012995750288f,-0.3148033429806665f,-4.181298419150486f,0f,0.8226207783156292f,0.5685904106502224f,1.5759933723378428f,0.3826834323650896f,0.525309042781928f,-0.7600025001043142f,8.015996242320911f,0f,0f,0f,1f], start_interpolation: 0, interpolation_duration: 1 }
$data merge entity $(bone_right_eyebrow) { transformation: [-0.9238795325112867f,0.21759012995750288f,-0.3148033429806665f,-4.412268302278308f,0f,0.8226207783156292f,0.5685904106502224f,1.5759933723378428f,0.3826834323650896f,0.525309042781928f,-0.7600025001043142f,8.111667100412182f,0f,0f,0f,1f], start_interpolation: 0, interpolation_duration: 1 }
$data merge entity $(bone_talking) { transformation: [-0.9238795325112867f,0.21759012995750288f,-0.3148033429806665f,-4.457736242967574f,0f,0.8226207783156292f,0.5685904106502224f,1.5172099388009594f,0.3826834323650896f,0.525309042781928f,-0.7600025001043142f,7.675257040127888f,0f,0f,0f,1f], start_interpolation: 0, interpolation_duration: 1 }
$data merge entity $(bone_m_opened) { transformation: [-0.9238795325112867f,0.21759012995750288f,-0.3148033429806665f,-4.457736242967574f,0f,0.8226207783156292f,0.5685904106502224f,1.5172099388009594f,0.3826834323650896f,0.525309042781928f,-0.7600025001043142f,7.675257040127888f,0f,0f,0f,1f], start_interpolation: 0, interpolation_duration: 1 }
$data merge entity $(bone_head) { transformation: [-0.9238795325112867f,0.21759012995750288f,-0.3148033429806665f,-4.438061034031282f,0f,0.8226207783156292f,0.5685904106502224f,1.4816730381353205f,0.3826834323650896f,0.525309042781928f,-0.7600025001043142f,7.722757196384408f,0f,0f,0f,1f], start_interpolation: 0, interpolation_duration: 1 }
$data merge entity $(item_display_r_item) { transformation: [-0.40586527930191246f,0.15965309231760078f,0.034503842838272535f,-4.719939250423587f,0.037198879134153026f,0.0003568478860541711f,0.4359155492188239f,0.7370929894342722f,0.15904674925424675f,0.40732912094891255f,-0.013905710289046577f,8.003964618856568f,0f,0f,0f,1f], start_interpolation: 0, interpolation_duration: 1 }
$data merge entity $(bone_rightarm) { transformation: [-0.9276920669757999f,0.07886592648748016f,-0.36492135386880176f,-4.716263215602512f,0.08502600944949264f,0.9963783982144546f,-0.0008156523109807412f,1.3597275317794337f,0.3635354268668497f,-0.03178448066067768f,-0.9310379907403715f,7.867719569601097f,0f,0f,0f,1f], start_interpolation: 0, interpolation_duration: 1 }
$data merge entity $(item_display_l_item) { transformation: [-0.40524783770342593f,0.1602337823064412f,-0.038801740224759934f,-3.9918452890010494f,-0.041582947103609325f,0.0002964765428928591f,0.43551925400817576f,0.7377265840779785f,0.15953463118356523f,0.4071010895458663f,0.014955077522109431f,7.839807221938969f,0f,0f,0f,1f], start_interpolation: 0, interpolation_duration: 1 }
$data merge entity $(bone_leftarm) { transformation: [-0.926280771893545f,-0.08868969194230834f,-0.3662486452718656f,-4.138838507782959f,-0.0950467362368213f,0.995472580590116f,-0.0006776606694691711f,1.3597275317794337f,0.3646505855624348f,0.034183034336250334f,-0.9305167761048373f,7.628542424372916f,0f,0f,0f,1f], start_interpolation: 0, interpolation_duration: 1 }
$data merge entity $(bone_body) { transformation: [-0.9238795325112867f,-0.08408137870837548f,-0.37333219947015667f,-4.375000000000001f,0f,0.9755640508470939f,-0.2197152309122171f,0.75f,0.3826834323650896f,-0.20299040482078853f,-0.9013036592314302f,7.874999999999999f,0f,0f,0f,1f], start_interpolation: 0, interpolation_duration: 1 }
$data merge entity $(bone_rightleg) { transformation: [-0.8486794585957843f,-0.4617927997982709f,-0.25785768674220355f,-4.530347799101942f,0.06265941946573342f,0.3963110581404613f,-0.9159756232279356f,0.875f,0.5251828002798489f,-0.793526908964064f,-0.30740538550935376f,7.826597977742376f,0f,0f,0f,1f], start_interpolation: 0, interpolation_duration: 1 }
data modify entity @s data merge value {"locators":{},"cameras":{"camera":{"posx":-4.000000000000001,"posy":0.375,"posz":8.875,"roty":161.929915798205,"rotx":-29.384288744870723}}}