# This file was generated by Animated Java via MC-Build. It is not recommended to edit this file directly.
$data merge entity $(bone_left_eye) { transformation: [-0.9238795325112867f,0.21329480077012328f,-0.3177293460968935f,-4.195445626590556f,0f,0.8302667929291794f,0.557366174573857f,1.5464315176583696f,0.3826834323650896f,0.5149392008028991f,-0.7670664965110555f,7.9818418622493885f,0f,0f,0f,1f], start_interpolation: 0, interpolation_duration: 1 }
$data merge entity $(bone_right_eye) { transformation: [-0.9238795325112867f,0.21329480077012328f,-0.3177293460968935f,-4.426415509718377f,0f,0.8302667929291794f,0.557366174573857f,1.5464315176583696f,0.3826834323650896f,0.5149392008028991f,-0.7670664965110555f,8.07751272034066f,0f,0f,0f,1f], start_interpolation: 0, interpolation_duration: 1 }
$data merge entity $(bone_right_close) { transformation: [-0.9238795325112867f,0.21329480077012328f,-0.3177293460968935f,-4.413084584670245f,0f,0.8302667929291794f,0.557366174573857f,1.5983231922164434f,0.3826834323650896f,0.5149392008028991f,-0.7670664965110555f,8.109696420390842f,0f,0f,0f,1f], start_interpolation: 0, interpolation_duration: 1 }
$data merge entity $(bone_left_close) { transformation: [-0.9238795325112867f,0.21329480077012328f,-0.3177293460968935f,-4.182114701542424f,0f,0.8302667929291794f,0.557366174573857f,1.5983231922164434f,0.3826834323650896f,0.5149392008028991f,-0.7670664965110555f,8.01402556229957f,0f,0f,0f,1f], start_interpolation: 0, interpolation_duration: 1 }
$data merge entity $(bone_left_eyebrow) { transformation: [-0.9238795325112867f,0.21329480077012328f,-0.3177293460968935f,-4.187427213477545f,0f,0.8302667929291794f,0.557366174573857f,1.577531687007303f,0.3826834323650896f,0.5149392008028991f,-0.7670664965110555f,8.001200023935528f,0f,0f,0f,1f], start_interpolation: 0, interpolation_duration: 1 }
$data merge entity $(bone_right_eyebrow) { transformation: [-0.9238795325112867f,0.21329480077012328f,-0.3177293460968935f,-4.418397096605368f,0f,0.8302667929291794f,0.557366174573857f,1.577531687007303f,0.3826834323650896f,0.5149392008028991f,-0.7670664965110555f,8.096870882026801f,0f,0f,0f,1f], start_interpolation: 0, interpolation_duration: 1 }
$data merge entity $(bone_talking) { transformation: [-0.9238795325112867f,0.21329480077012328f,-0.3177293460968935f,-4.463544689002277f,0f,0.8302667929291794f,0.557366174573857f,1.513041748980405f,0.3826834323650896f,0.5149392008028991f,-0.7670664965110555f,7.6612342109345954f,0f,0f,0f,1f], start_interpolation: 0, interpolation_duration: 1 }
$data merge entity $(bone_m_opened) { transformation: [-0.9238795325112867f,0.21329480077012328f,-0.3177293460968935f,-4.463544689002277f,0f,0.8302667929291794f,0.557366174573857f,1.513041748980405f,0.3826834323650896f,0.5149392008028991f,-0.7670664965110555f,7.6612342109345954f,0f,0f,0f,1f], start_interpolation: 0, interpolation_duration: 1 }
$data merge entity $(bone_head) { transformation: [-0.9238795325112867f,0.21329480077012328f,-0.3177293460968935f,-4.443686604871221f,0f,0.8302667929291794f,0.557366174573857f,1.478206363069539f,0.3826834323650896f,0.5149392008028991f,-0.7670664965110555f,7.709175866966536f,0f,0f,0f,1f], start_interpolation: 0, interpolation_duration: 1 }
$data merge entity $(item_display_r_item) { transformation: [-0.4061512881047909f,0.15895687387790008f,0.034352487796147864f,-4.724609924188988f,0.03702263042735629f,0.00038684011917874755f,0.43593052794104886f,0.734191264580978f,0.15835626292337954f,0.4076012912169042f,-0.01381055361866159f,7.992588669174836f,0f,0f,0f,1f], start_interpolation: 0, interpolation_duration: 1 }
$data merge entity $(bone_rightarm) { transformation: [-0.9283458013823792f,0.07851997210548091f,-0.3633299974352002f,-4.720951191302462f,0.08462315526252867f,0.996412635293826f,-0.0008842059866940588f,1.3568386358912825f,0.3619571723962961f,-0.031566979699797715f,-0.9316600942100667f,7.856401795086204f,0f,0f,0f,1f], start_interpolation: 0, interpolation_duration: 1 }
$data merge entity $(item_display_l_item) { transformation: [-0.4057191588526032f,0.15927106665960544f,-0.03782778694356316f,-3.9984747497580426f,-0.040477166751574006f,0.0003535239266097118f,0.43562337402003415f,0.734721543820725f,0.15861845135954822f,0.40747865262605454f,0.014407794499985261f,7.82948703064436f,0f,0f,0f,1f], start_interpolation: 0, interpolation_duration: 1 }
$data merge entity $(bone_leftarm) { transformation: [-0.9273580773773787f,-0.08646351301385857f,-0.36404815236481247f,-4.1435264834829075f,-0.09251923828931201f,0.9957105691886495f,-0.000808054689393406f,1.3568386358912825f,0.3625564602503959f,0.03293210171425223f,-0.9313797774309818f,7.617224649858023f,0f,0f,0f,1f], start_interpolation: 0, interpolation_duration: 1 }
$data merge entity $(bone_body) { transformation: [-0.9238795325112867f,-0.09158213982829412f,-0.3715633473193998f,-4.375000000000001f,0f,0.970941817426052f,-0.23931566428755782f,0.75f,0.3826834323650896f,-0.22109884404461697f,-0.89703327237924f,7.874999999999999f,0f,0f,0f,1f], start_interpolation: 0, interpolation_duration: 1 }
$data merge entity $(bone_rightleg) { transformation: [-0.8486794585957843f,-0.4617927997982709f,-0.25785768674220355f,-4.538320370609548f,0.06265941946573342f,0.3963110581404613f,-0.9159756232279356f,0.875f,0.5251828002798489f,-0.793526908964064f,-0.30740538550935376f,7.807350487481725f,0f,0f,0f,1f], start_interpolation: 0, interpolation_duration: 1 }
data modify entity @s data merge value {"locators":{},"cameras":{"camera":{"posx":-4.000000000000001,"posy":0.375,"posz":8.875,"roty":161.86458097036706,"rotx":-30.36329110689939}}}