# This file was generated by Animated Java via MC-Build. It is not recommended to edit this file directly.
$data merge entity $(bone_left_eye) { transformation: [-0.9238795325112867f,0.20886569782260966f,-0.32065827555171633f,-4.201418385498474f,0f,0.8379204544339935f,0.5457923708161647f,1.5474763906212585f,0.3826834323650896f,0.5042464003978651f,-0.7741375577241228f,7.967422346689108f,0f,0f,0f,1f], start_interpolation: 0, interpolation_duration: 1 }
$data merge entity $(bone_right_eye) { transformation: [-0.9238795325112867f,0.20886569782260966f,-0.32065827555171633f,-4.432388268626296f,0f,0.8379204544339935f,0.5457923708161647f,1.5474763906212585f,0.3826834323650896f,0.5042464003978651f,-0.7741375577241228f,8.06309320478038f,0f,0f,0f,1f], start_interpolation: 0, interpolation_duration: 1 }
$data merge entity $(bone_right_close) { transformation: [-0.9238795325112867f,0.20886569782260966f,-0.32065827555171633f,-4.419334162512382f,0f,0.8379204544339935f,0.5457923708161647f,1.599846419023383f,0.3826834323650896f,0.5042464003978651f,-0.7741375577241228f,8.094608604805247f,0f,0f,0f,1f], start_interpolation: 0, interpolation_duration: 1 }
$data merge entity $(bone_left_close) { transformation: [-0.9238795325112867f,0.20886569782260966f,-0.32065827555171633f,-4.188364279384561f,0f,0.8379204544339935f,0.5457923708161647f,1.599846419023383f,0.3826834323650896f,0.5042464003978651f,-0.7741375577241228f,7.998937746713975f,0f,0f,0f,1f], start_interpolation: 0, interpolation_duration: 1 }
$data merge entity $(bone_left_eyebrow) { transformation: [-0.9238795325112867f,0.20886569782260966f,-0.32065827555171633f,-4.193565880687904f,0f,0.8379204544339935f,0.5457923708161647f,1.5788642956393573f,0.3826834323650896f,0.5042464003978651f,-0.7741375577241228f,7.986379970301387f,0f,0f,0f,1f], start_interpolation: 0, interpolation_duration: 1 }
$data merge entity $(bone_right_eyebrow) { transformation: [-0.9238795325112867f,0.20886569782260966f,-0.32065827555171633f,-4.424535763815726f,0f,0.8379204544339935f,0.5457923708161647f,1.5788642956393573f,0.3826834323650896f,0.5042464003978651f,-0.7741375577241228f,8.08205082839266f,0f,0f,0f,1f], start_interpolation: 0, interpolation_duration: 1 }
$data merge entity $(bone_talking) { transformation: [-0.9238795325112867f,0.20886569782260966f,-0.32065827555171633f,-4.469325462627949f,0f,0.8379204544339935f,0.5457923708161647f,1.5085563928928116f,0.3826834323650896f,0.5042464003978651f,-0.7741375577241228f,7.6472781888464905f,0f,0f,0f,1f], start_interpolation: 0, interpolation_duration: 1 }
$data merge entity $(bone_m_opened) { transformation: [-0.9238795325112867f,0.20886569782260966f,-0.32065827555171633f,-4.469325462627949f,0f,0.8379204544339935f,0.5457923708161647f,1.5085563928928116f,0.3826834323650896f,0.5042464003978651f,-0.7741375577241228f,7.6472781888464905f,0f,0f,0f,1f], start_interpolation: 0, interpolation_duration: 1 }
$data merge entity $(bone_head) { transformation: [-0.9238795325112867f,0.20886569782260966f,-0.32065827555171633f,-4.449284320405966f,0f,0.8379204544339935f,0.5457923708161647f,1.4744443697168013f,0.3826834323650896f,0.5042464003978651f,-0.7741375577241228f,7.695661786204248f,0f,0f,0f,1f], start_interpolation: 0, interpolation_duration: 1 }
$data merge entity $(item_display_r_item) { transformation: [-0.40643588072027803f,0.15826361691219262f,0.03418702129467615f,-4.729236379836993f,0.03683136748784903f,0.00041620489621543996f,0.4359467021809655f,0.7310415539996356f,0.15766919557131928f,0.4078709407831785f,-0.01371023094400579f,7.981260659832833f,0f,0f,0f,1f], start_interpolation: 0, interpolation_duration: 1 }
$data merge entity $(bone_rightarm) { transformation: [-0.928996298789207f,0.07814176295925986f,-0.3617454100850117f,-4.725615954248083f,0.0841859828293692f,0.996449604985064f,-0.0009513254770636415f,1.3537036414306676f,0.36038673273444405f,-0.031337670729155886f,-0.9322764360758365f,7.845140061117631f,0f,0f,0f,1f], start_interpolation: 0, interpolation_duration: 1 }
$data merge entity $(item_display_l_item) { transformation: [-0.4061977205372615f,0.15826361225020769f,-0.036909224698558826f,-4.005027432716183f,-0.03942956476403699f,0.00041617599693753515f,0.4357193893092872f,0.7314851858442215f,0.1576545947724056f,0.40787094262162815f,0.013877064246198096f,7.819207648464382f,0f,0f,0f,1f], start_interpolation: 0, interpolation_duration: 1 }
$data merge entity $(bone_leftarm) { transformation: [-0.9284519326565978f,-0.08436394216813438f,-0.36174539942904615f,-4.148191246428529f,-0.09012471946065598f,0.9959300327069422f,-0.0009512594215712877f,1.3537036414306676f,0.3603533594797842f,0.03171900399131014f,-0.9322764402780073f,7.6059629158894495f,0f,0f,0f,1f], start_interpolation: 0, interpolation_duration: 1 }
$data merge entity $(bone_body) { transformation: [-0.9238795325112867f,-0.09904576054128758f,-0.36964381061438595f,-4.375000000000001f,0f,0.9659258262890683f,-0.25881904510252074f,0.75f,0.3826834323650896f,-0.23911761839433449f,-0.8923991008325228f,7.874999999999999f,0f,0f,0f,1f], start_interpolation: 0, interpolation_duration: 1 }
$data merge entity $(bone_rightleg) { transformation: [-0.8486794585957843f,-0.4617927997982709f,-0.25785768674220355f,-4.508423227456025f,0.06265941946573342f,0.3963110581404613f,-0.9159756232279356f,0.875f,0.5251828002798489f,-0.793526908964064f,-0.30740538550935376f,7.879528575959169f,0f,0f,0f,1f], start_interpolation: 0, interpolation_duration: 1 }
data modify entity @s data merge value {"locators":{},"cameras":{"camera":{"posx":-4.000000000000001,"posy":0.375,"posz":8.875,"roty":161.76336068812046,"rotx":-31.57001760422129}}}
execute on vehicle unless entity @s[tag=aj.transforms_only] at @s run function animated_java:humanentity/animations/000_mur_3/zzz/frames/zzz/2