# This file was generated by Animated Java via MC-Build. It is not recommended to edit this file directly.
$data merge entity $(bone_left_eye) { transformation: [-0.9238795325112867f,0.22719572249407602f,-0.30794271072249935f,-4.185403719735173f,0f,0.8046930822673145f,0.5936910335781811f,1.5363612127226376f,0.3826834323650896f,0.5484989945583526f,-0.7434394686601928f,8.006085169971742f,0f,0f,0f,1f], start_interpolation: 0, interpolation_duration: 1 }
$data merge entity $(bone_right_eye) { transformation: [-0.9238795325112867f,0.22719572249407602f,-0.30794271072249935f,-4.416373602862994f,0f,0.8046930822673145f,0.5936910335781811f,1.5363612127226376f,0.3826834323650896f,0.5484989945583526f,-0.7434394686601928f,8.101756028063013f,0f,0f,0f,1f], start_interpolation: 0, interpolation_duration: 1 }
$data merge entity $(bone_right_close) { transformation: [-0.9238795325112867f,0.22719572249407602f,-0.30794271072249935f,-4.402173870207115f,0f,0.8046930822673145f,0.5936910335781811f,1.5866545303643447f,0.3826834323650896f,0.5484989945583526f,-0.7434394686601928f,8.136037215222911f,0f,0f,0f,1f], start_interpolation: 0, interpolation_duration: 1 }
$data merge entity $(bone_left_close) { transformation: [-0.9238795325112867f,0.22719572249407602f,-0.30794271072249935f,-4.171203987079293f,0f,0.8046930822673145f,0.5936910335781811f,1.5866545303643447f,0.3826834323650896f,0.5484989945583526f,-0.7434394686601928f,8.04036635713164f,0f,0f,0f,1f], start_interpolation: 0, interpolation_duration: 1 }
$data merge entity $(bone_left_eyebrow) { transformation: [-0.9238795325112867f,0.22719572249407602f,-0.30794271072249935f,-4.176864633722225f,0f,0.8046930822673145f,0.5936910335781811f,1.5665000976180632f,0.3826834323650896f,0.5484989945583526f,-0.7434394686601928f,8.026700347234472f,0f,0f,0f,1f], start_interpolation: 0, interpolation_duration: 1 }
$data merge entity $(bone_right_eyebrow) { transformation: [-0.9238795325112867f,0.22719572249407602f,-0.30794271072249935f,-4.407834516850047f,0f,0.8046930822673145f,0.5936910335781811f,1.5665000976180632f,0.3826834323650896f,0.5484989945583526f,-0.7434394686601928f,8.122371205325745f,0f,0f,0f,1f], start_interpolation: 0, interpolation_duration: 1 }
$data merge entity $(bone_talking) { transformation: [-0.9238795325112867f,0.22719572249407602f,-0.30794271072249935f,-4.453919689023384f,0f,0.8046930822673145f,0.5936910335781811f,1.5207163901489906f,0.3826834323650896f,0.5484989945583526f,-0.7434394686601928f,7.68447101642148f,0f,0f,0f,1f], start_interpolation: 0, interpolation_duration: 1 }
$data merge entity $(bone_m_opened) { transformation: [-0.9238795325112867f,0.22719572249407602f,-0.30794271072249935f,-4.453919689023384f,0f,0.8046930822673145f,0.5936910335781811f,1.5207163901489906f,0.3826834323650896f,0.5484989945583526f,-0.7434394686601928f,7.68447101642148f,0f,0f,0f,1f], start_interpolation: 0, interpolation_duration: 1 }
$data merge entity $(bone_head) { transformation: [-0.9238795325112867f,0.22719572249407602f,-0.30794271072249935f,-4.434673269603228f,0f,0.8046930822673145f,0.5936910335781811f,1.4836107005503543f,0.3826834323650896f,0.5484989945583526f,-0.7434394686601928f,7.730935983212742f,0f,0f,0f,1f], start_interpolation: 0, interpolation_duration: 1 }
$data merge entity $(item_display_r_item) { transformation: [-0.4056930424790068f,0.15804256241942732f,0.04291798862980653f,-4.729596473073307f,0.03729739153822265f,-0.022475509756161315f,0.4353274698955319f,0.7330242906775368f,0.15946256572804574f,0.40733726802872094f,0.007368188809102437f,7.980391317858007f,0f,0f,0f,1f], start_interpolation: 0, interpolation_duration: 1 }
$data merge entity $(bone_rightarm) { transformation: [-0.9272983828091583f,0.09809825972527215f,-0.3612401426729767f,-4.713440078579134f,0.08525118065879464f,0.9950342169040729f,0.05137259372836894f,1.3613422504586286f,0.36448586452124737f,0.016841574420805777f,-0.9310566126370765f,7.874535225291376f,0f,0f,0f,1f], start_interpolation: 0, interpolation_duration: 1 }
$data merge entity $(item_display_l_item) { transformation: [-0.4069822848544944f,0.15804255717868954f,-0.028181907938175876f,-4.005445469602935f,-0.03886309167362924f,-0.022475538611355997f,0.43519048733824195f,0.7267983893403652f,0.15576048895718794f,0.4073372684699377f,0.03494667073224064f,7.818198418142815f,0f,0f,0f,1f], start_interpolation: 0, interpolation_duration: 1 }
$data merge entity $(bone_leftarm) { transformation: [-0.9302452225245587f,-0.06441578957297335f,-0.3612401306941475f,-4.13601537075958f,-0.08882992382543826f,0.9947211139159816f,0.05137265968309965f,1.3613422504586286f,0.3560239747592867f,0.07987810453083596f,-0.9310566136455718f,7.635358080063194f,0f,0f,0f,1f], start_interpolation: 0, interpolation_duration: 1 }
$data merge entity $(bone_body) { transformation: [-0.9238795325112867f,-0.07956435947096939f,-0.37432088120849f,-4.375000000000001f,0f,0.9781476007338057f,-0.20791169081775923f,0.75f,0.3826834323650896f,-0.19208535571634258f,-0.9036905480929851f,7.874999999999999f,0f,0f,0f,1f], start_interpolation: 0, interpolation_duration: 1 }
$data merge entity $(bone_rightleg) { transformation: [-0.8486794585957843f,-0.4617927997982709f,-0.25785768674220355f,-4.478526084302502f,0.06265941946573342f,0.3963110581404613f,-0.9159756232279356f,0.875f,0.5251828002798489f,-0.793526908964064f,-0.30740538550935376f,7.951706664436613f,0f,0f,0f,1f], start_interpolation: 0, interpolation_duration: 1 }
data modify entity @s data merge value {"locators":{},"cameras":{"camera":{"posx":-4.000000000000001,"posy":0.375,"posz":8.875,"roty":161.62181896568632,"rotx":-33.03550512345925}}}