# This file was generated by Animated Java via MC-Build. It is not recommended to edit this file directly.
$data merge entity $(bone_left_eye) { transformation: [-0.9238795325112867f,0.24465256045887107f,-0.2942647346653087f,-4.16968439317139f,0f,0.7689508083657325f,0.6393079495154793f,1.5231769701589166f,0.3826834323650896f,0.5906435295291104f,-0.7104179133571089f,8.044034981353402f,0f,0f,0f,1f], start_interpolation: 0, interpolation_duration: 1 }
$data merge entity $(bone_right_eye) { transformation: [-0.9238795325112867f,0.24465256045887107f,-0.2942647346653087f,-4.400654276299211f,0f,0.7689508083657325f,0.6393079495154793f,1.5231769701589166f,0.3826834323650896f,0.5906435295291104f,-0.7104179133571089f,8.139705839444673f,0f,0f,0f,1f], start_interpolation: 0, interpolation_duration: 1 }
$data merge entity $(bone_right_close) { transformation: [-0.9238795325112867f,0.24465256045887107f,-0.2942647346653087f,-4.385363491270532f,0f,0.7689508083657325f,0.6393079495154793f,1.5712363956817748f,0.3826834323650896f,0.5906435295291104f,-0.7104179133571089f,8.176621060040242f,0f,0f,0f,1f], start_interpolation: 0, interpolation_duration: 1 }
$data merge entity $(bone_left_close) { transformation: [-0.9238795325112867f,0.24465256045887107f,-0.2942647346653087f,-4.15439360814271f,0f,0.7689508083657325f,0.6393079495154793f,1.5712363956817748f,0.3826834323650896f,0.5906435295291104f,-0.7104179133571089f,8.080950201948971f,0f,0f,0f,1f], start_interpolation: 0, interpolation_duration: 1 }
$data merge entity $(bone_left_eyebrow) { transformation: [-0.9238795325112867f,0.24465256045887107f,-0.2942647346653087f,-4.160491530608265f,0f,0.7689508083657325f,0.6393079495154793f,1.5519726687257867f,0.3826834323650896f,0.5906435295291104f,-0.7104179133571089f,8.066228514830327f,0f,0f,0f,1f], start_interpolation: 0, interpolation_duration: 1 }
$data merge entity $(bone_right_eyebrow) { transformation: [-0.9238795325112867f,0.24465256045887107f,-0.2942647346653087f,-4.391461413736088f,0f,0.7689508083657325f,0.6393079495154793f,1.5519726687257867f,0.3826834323650896f,0.5906435295291104f,-0.7104179133571089f,8.1618993729216f,0f,0f,0f,1f], start_interpolation: 0, interpolation_duration: 1 }
$data merge entity $(bone_talking) { transformation: [-0.9238795325112867f,0.24465256045887107f,-0.2942647346653087f,-4.438290204432927f,0f,0.7689508083657325f,0.6393079495154793f,1.5307230022910707f,0.3826834323650896f,0.5906435295291104f,-0.7104179133571089f,7.722203930092664f,0f,0f,0f,1f], start_interpolation: 0, interpolation_duration: 1 }
$data merge entity $(bone_m_opened) { transformation: [-0.9238795325112867f,0.24465256045887107f,-0.2942647346653087f,-4.438290204432927f,0f,0.7689508083657325f,0.6393079495154793f,1.5307230022910707f,0.3826834323650896f,0.5906435295291104f,-0.7104179133571089f,7.722203930092664f,0f,0f,0f,1f], start_interpolation: 0, interpolation_duration: 1 }
$data merge entity $(bone_head) { transformation: [-0.9238795325112867f,0.24465256045887107f,-0.2942647346653087f,-4.419898658516345f,0f,0.7689508083657325f,0.6393079495154793f,1.4907662554463532f,0.3826834323650896f,0.5906435295291104f,-0.7104179133571089f,7.766605049677483f,0f,0f,0f,1f], start_interpolation: 0, interpolation_duration: 1 }
$data merge entity $(item_display_r_item) { transformation: [-0.4049418886938738f,0.15736333324676086f,0.05162458842942171f,-4.729916362359211f,0.037661186030899914f,-0.0453056205985499f,0.4335150352743561f,0.7350535565947239f,0.16127601138354158f,0.4056974637481101f,0.028387780127488292f,7.979619036805516f,0f,0f,0f,1f], start_interpolation: 0, interpolation_duration: 1 }
$data merge entity $(bone_rightarm) { transformation: [-0.9255814598717116f,0.11799905926724971f,-0.3596876188497391f,-4.701127902673398f,0.08608271092777123f,0.9908915091985282f,0.10355570422525714f,1.3673052128719612f,0.3686308831623808f,0.0648863545771163f,-0.9273084885671088f,7.904259447345326f,0f,0f,0f,1f], start_interpolation: 0, interpolation_duration: 1 }
$data merge entity $(item_display_l_item) { transformation: [-0.40775442857198607f,0.1573633274289463f,-0.01947714456544817f,-4.00595680122952f,-0.038190097550284456f,-0.04530564933057128f,0.4334687584911225f,0.7221751868386025f,0.1538963691223184f,0.40569746279614016f,0.05596182852392845f,7.8169639543950415f,0f,0f,0f,1f], start_interpolation: 0, interpolation_duration: 1 }
$data merge entity $(bone_leftarm) { transformation: [-0.9320101224502538f,-0.04451918757816717f,-0.35968760555187723f,-4.123703194853844f,-0.08729165154350733f,0.9907857336939943f,0.10355576989844886f,1.3673052128719612f,0.3517631294224421f,0.12791275091183665f,-0.9273084863911776f,7.6650823021171455f,0f,0f,0f,1f], start_interpolation: 0, interpolation_duration: 1 }
$data merge entity $(bone_body) { transformation: [-0.9238795325112867f,-0.059864878021792134f,-0.377971964285927f,-4.375000000000001f,0f,0.9876883405951378f,-0.15643446504023079f,0.75f,0.3826834323650896f,-0.14452660043002163f,-0.9125050423758845f,7.874999999999999f,0f,0f,0f,1f], start_interpolation: 0, interpolation_duration: 1 }
$data merge entity $(bone_rightleg) { transformation: [-0.8486794585957843f,-0.4617927997982709f,-0.25785768674220355f,-4.44862894114898f,0.06265941946573342f,0.3963110581404613f,-0.9159756232279356f,0.875f,0.5251828002798489f,-0.793526908964064f,-0.30740538550935376f,8.023884752914057f,0f,0f,0f,1f], start_interpolation: 0, interpolation_duration: 1 }
data modify entity @s data merge value {"locators":{},"cameras":{"camera":{"posx":-4.000000000000001,"posy":0.31347656249999994,"posz":8.875,"roty":161.43592600365324,"rotx":-34.79085750888715}}}
execute on vehicle unless entity @s[tag=aj.transforms_only] at @s run function animated_java:humanentity/animations/000_mur_3/zzz/frames/zzz/3