# This file was generated by Animated Java via MC-Build. It is not recommended to edit this file directly.
$data merge entity $(bone_left_eye) { transformation: [-0.9238795325112867f,0.26118480064615124f,-0.2796946715941445f,-4.154296173703352f,0f,0.7308773987563402f,0.6825087750257617f,1.5079835774588495f,0.3826834323650896f,0.6305558880056517f,-0.6752426694860728f,8.081185429493912f,0f,0f,0f,1f], start_interpolation: 0, interpolation_duration: 1 }
$data merge entity $(bone_right_eye) { transformation: [-0.9238795325112867f,0.26118480064615124f,-0.2796946715941445f,-4.385266056831173f,0f,0.7308773987563402f,0.6825087750257617f,1.5079835774588495f,0.3826834323650896f,0.6305558880056517f,-0.6752426694860728f,8.176856287585183f,0f,0f,0f,1f], start_interpolation: 0, interpolation_duration: 1 }
$data merge entity $(bone_right_close) { transformation: [-0.9238795325112867f,0.26118480064615124f,-0.2796946715941445f,-4.368942006790789f,0f,0.7308773987563402f,0.6825087750257617f,1.5536634148811208f,0.3826834323650896f,0.6305558880056517f,-0.6752426694860728f,8.216266030585537f,0f,0f,0f,1f], start_interpolation: 0, interpolation_duration: 1 }
$data merge entity $(bone_left_close) { transformation: [-0.9238795325112867f,0.26118480064615124f,-0.2796946715941445f,-4.137972123662967f,0f,0.7308773987563402f,0.6825087750257617f,1.5536634148811208f,0.3826834323650896f,0.6305558880056517f,-0.6752426694860728f,8.120595172494266f,0f,0f,0f,1f], start_interpolation: 0, interpolation_duration: 1 }
$data merge entity $(bone_left_eyebrow) { transformation: [-0.9238795325112867f,0.26118480064615124f,-0.2796946715941445f,-4.1444842627621465f,0f,0.7308773987563402f,0.6825087750257617f,1.5353488231137733f,0.3826834323650896f,0.6305558880056517f,-0.6752426694860728f,8.104873477960966f,0f,0f,0f,1f], start_interpolation: 0, interpolation_duration: 1 }
$data merge entity $(bone_right_eyebrow) { transformation: [-0.9238795325112867f,0.26118480064615124f,-0.2796946715941445f,-4.375454145889968f,0f,0.7308773987563402f,0.6825087750257617f,1.5353488231137733f,0.3826834323650896f,0.6305558880056517f,-0.6752426694860728f,8.20054433605224f,0f,0f,0f,1f], start_interpolation: 0, interpolation_duration: 1 }
$data merge entity $(bone_talking) { transformation: [-0.9238795325112867f,0.26118480064615124f,-0.2796946715941445f,-4.42248190030197f,0f,0.7308773987563402f,0.6825087750257617f,1.538548219965315f,0.3826834323650896f,0.6305558880056517f,-0.6752426694860728f,7.760368552323738f,0f,0f,0f,1f], start_interpolation: 0, interpolation_duration: 1 }
$data merge entity $(bone_m_opened) { transformation: [-0.9238795325112867f,0.26118480064615124f,-0.2796946715941445f,-4.42248190030197f,0f,0.7308773987563402f,0.6825087750257617f,1.538548219965315f,0.3826834323650896f,0.6305558880056517f,-0.6752426694860728f,7.760368552323738f,0f,0f,0f,1f], start_interpolation: 0, interpolation_duration: 1 }
$data merge entity $(bone_head) { transformation: [-0.9238795325112867f,0.26118480064615124f,-0.2796946715941445f,-4.405000983327336f,0f,0.7308773987563402f,0.6825087750257617f,1.495891421526205f,0.3826834323650896f,0.6305558880056517f,-0.6752426694860728f,7.802571219166617f,0f,0f,0f,1f], start_interpolation: 0, interpolation_duration: 1 }
$data merge entity $(item_display_r_item) { transformation: [-0.4041844782251921f,0.1562277911141428f,0.06028295650865933f,-4.73019517090041f,0.03792175383046341f,-0.068011551884033f,0.4305143660747539f,0.7371237896743701f,0.16310456200931622f,0.4029560225308976f,0.04929092977240203f,7.978945933444048f,0f,0f,0f,1f], start_interpolation: 0, interpolation_duration: 1 }
$data merge entity $(bone_rightarm) { transformation: [-0.9238502359432963f,0.1377896148769357f,-0.35709209397518354f,-4.688713173349224f,0.08667829446963066f,0.9840328367422947f,0.1554549757349328f,1.3715761846051708f,0.37281042744986564f,0.11266498233691913f,-0.9210423372134802f,7.9342312552529375f,0f,0f,0f,1f], start_interpolation: 0, interpolation_duration: 1 }
$data merge entity $(item_display_l_item) { transformation: [-0.4085120352974779f,0.15622778472250926f,-0.010818793731719657f,-4.006560026071494f,-0.03741242702411548f,-0.0680115804141286f,0.43055892190702283f,0.7176282502156361f,0.15206734469069097f,0.402956020193606f,0.07686493653450023f,7.815507640800389f,0f,0f,0f,1f], start_interpolation: 0, interpolation_duration: 1 }
$data merge entity $(bone_leftarm) { transformation: [-0.9337417949656638f,-0.024728671386787707f,-0.35709207936573545f,-4.11128846552967f,-0.08551411891226395f,0.9841346786446236f,0.15545504094657986f,1.3715761846051708f,0.3475825021501508f,0.1756912835074293f,-0.9210423318710994f,7.695054110024757f,0f,0f,0f,1f], start_interpolation: 0, interpolation_duration: 1 }
$data merge entity $(bone_body) { transformation: [-0.9238795325112867f,-0.040001311103113765f,-0.3805870524817654f,-4.375000000000001f,0f,0.9945218953682734f,-0.10452846326765333f,0.75f,0.3826834323650896f,-0.09657170777784277f,-0.9188184237650793f,7.874999999999999f,0f,0f,0f,1f], start_interpolation: 0, interpolation_duration: 1 }
$data merge entity $(bone_rightleg) { transformation: [-0.8574934200362013f,-0.4076459695317942f,-0.313894565290803f,-4.4187317979954575f,0.07022441733925494f,0.5116583169733557f,-0.8563143686061534f,0.875f,0.5096798659982369f,-0.7563269995157362f,-0.41011693942038374f,8.096062841391502f,0f,0f,0f,1f], start_interpolation: 0, interpolation_duration: 1 }
data modify entity @s data merge value {"locators":{},"cameras":{"camera":{"posx":-4.000000000000001,"posy":0.21874999999999983,"posz":8.875,"roty":178.73788440964051,"rotx":-50.02899261742461}}}