# This file was generated by Animated Java via MC-Build. It is not recommended to edit this file directly.
$data merge entity $(bone_left_eye) { transformation: [-0.9238795325112867f,0.27674720790806007f,-0.26430586887509533f,-4.139272866768671f,0f,0.6906645193433429f,0.7231753049712284f,1.490844454658959f,0.3826834323650896f,0.6681268626805256f,-0.6380908132530602f,8.117454900847314f,0f,0f,0f,1f], start_interpolation: 0, interpolation_duration: 1 }
$data merge entity $(bone_right_eye) { transformation: [-0.9238795325112867f,0.27674720790806007f,-0.26430586887509533f,-4.370242749896493f,0f,0.6906645193433429f,0.7231753049712284f,1.490844454658959f,0.3826834323650896f,0.6681268626805256f,-0.6380908132530602f,8.213125758938585f,0f,0f,0f,1f], start_interpolation: 0, interpolation_duration: 1 }
$data merge entity $(bone_right_close) { transformation: [-0.9238795325112867f,0.27674720790806007f,-0.26430586887509533f,-4.352946049402239f,0f,0.6906645193433429f,0.7231753049712284f,1.534010987117918f,0.3826834323650896f,0.6681268626805256f,-0.6380908132530602f,8.254883687856118f,0f,0f,0f,1f], start_interpolation: 0, interpolation_duration: 1 }
$data merge entity $(bone_left_close) { transformation: [-0.9238795325112867f,0.27674720790806007f,-0.26430586887509533f,-4.121976166274417f,0f,0.6906645193433429f,0.7231753049712284f,1.534010987117918f,0.3826834323650896f,0.6681268626805256f,-0.6380908132530602f,8.159212829764847f,0f,0f,0f,1f], start_interpolation: 0, interpolation_duration: 1 }
$data merge entity $(bone_left_eyebrow) { transformation: [-0.9238795325112867f,0.27674720790806007f,-0.26430586887509533f,-4.128878327355314f,0f,0.6906645193433429f,0.7231753049712284f,1.5166991756777737f,0.3826834323650896f,0.6681268626805256f,-0.6380908132530602f,8.142549538873661f,0f,0f,0f,1f], start_interpolation: 0, interpolation_duration: 1 }
$data merge entity $(bone_right_eyebrow) { transformation: [-0.9238795325112867f,0.27674720790806007f,-0.26430586887509533f,-4.359848210483135f,0f,0.6906645193433429f,0.7231753049712284f,1.5166991756777737f,0.3826834323650896f,0.6681268626805256f,-0.6380908132530602f,8.238220396964934f,0f,0f,0f,1f], start_interpolation: 0, interpolation_duration: 1 }
$data merge entity $(bone_talking) { transformation: [-0.9238795325112867f,0.27674720790806007f,-0.26430586887509533f,-4.406540194333064f,0f,0.6906645193433429f,0.7231753049712284f,1.5441706076266322f,0.3826834323650896f,0.6681268626805256f,-0.6380908132530602f,7.798855235081237f,0f,0f,0f,1f], start_interpolation: 0, interpolation_duration: 1 }
$data merge entity $(bone_m_opened) { transformation: [-0.9238795325112867f,0.27674720790806007f,-0.26430586887509533f,-4.406540194333064f,0f,0.6906645193433429f,0.7231753049712284f,1.5441706076266322f,0.3826834323650896f,0.6681268626805256f,-0.6380908132530602f,7.798855235081237f,0f,0f,0f,1f], start_interpolation: 0, interpolation_duration: 1 }
$data merge entity $(bone_head) { transformation: [-0.9238795325112867f,0.27674720790806007f,-0.26430586887509533f,-4.39002107752837f,0f,0.6906645193433429f,0.7231753049712284f,1.4989721510659304f,0.3826834323650896f,0.6681268626805256f,-0.6380908132530602f,7.838735910909553f,0f,0f,0f,1f], start_interpolation: 0, interpolation_duration: 1 }
$data merge entity $(item_display_r_item) { transformation: [-0.40342288708240953f,0.15463904846362816f,0.06886936088244996f,-4.730432134502073f,0.038078380738686406f,-0.09053106823322694f,0.4263336869224275f,0.7392293155515045f,0.16494320567520537f,0.3991204584769044f,0.07002034366362703f,7.978373852703127f,0f,0f,0f,1f], start_interpolation: 0, interpolation_duration: 1 }
$data merge entity $(bone_rightarm) { transformation: [-0.9221094561883646f,0.15741568201702855f,-0.3534606822025786f,-4.676229918516753f,0.08703629883128321f,0.9744769986798343f,0.2069281559616618f,1.3741434592216086f,0.37701304154332654f,0.16004649980257624f,-0.9122753336614958f,7.964368498372051f,0f,0f,0f,1f], start_interpolation: 0, interpolation_duration: 1 }
$data merge entity $(item_display_l_item) { transformation: [-0.4092530284835959f,0.15463904150300617f,-0.0022305873747910034f,-4.007253490731493f,-0.036532211635979306f,-0.09053109648319771f,0.4264689532457596f,0.7131700423086962f,0.1502784288911388f,0.39912045476595337f,0.09759870079785621f,7.813833469013192f,0f,0f,0f,1f], start_interpolation: 0, interpolation_duration: 1 }
$data merge entity $(bone_leftarm) { transformation: [-0.9354354936767907f,-0.005098485428093644f,-0.35346066629258555f,-4.098805210697198f,-0.08350219802509556f,0.9747861788474506f,0.20692822053302357f,1.3741434592216086f,0.34349355175117435f,0.22308274468081438f,-0.912275325179322f,7.72519135314387f,0f,0f,0f,1f], start_interpolation: 0, interpolation_duration: 1 }
$data merge entity $(bone_body) { transformation: [-0.9238795325112867f,-0.020028103371158814f,-0.3821589780210329f,-4.375000000000001f,0f,0.9986295347545738f,-0.05233595624294365f,0.75f,0.3826834323650896f,-0.048352118787261936f,-0.9226133877210194f,7.874999999999999f,0f,0f,0f,1f], start_interpolation: 0, interpolation_duration: 1 }
$data merge entity $(bone_rightleg) { transformation: [-0.8659789330302279f,-0.34693090088488293f,-0.36016584729681345f,-4.427700940941514f,0.07780113374338081f,0.6179796308153029f,-0.7823350685515935f,0.859375f,0.4939913674712064f,-0.7055069991917767f,-0.5081657239083938f,8.074409414848269f,0f,0f,0f,1f], start_interpolation: 0, interpolation_duration: 1 }
data modify entity @s data merge value {"locators":{},"cameras":{"camera":{"posx":-4.000000000000001,"posy":0.15527343749999992,"posz":8.875,"roty":209.9893200727478,"rotx":-64.38799019726872}}}