# This file was generated by Animated Java via MC-Build. It is not recommended to edit this file directly.
$data merge entity $(bone_left_eye) { transformation: [-0.9238795325112867f,0.2913008951858361f,-0.2481741281251063f,-4.124646302608355f,0f,0.6485102492974976f,0.7612059225702974f,1.4718260816818f,0.3826834323650896f,0.703262571889069f,-0.5991453459497501f,8.152766550414068f,0f,0f,0f,1f], start_interpolation: 0, interpolation_duration: 1 }
$data merge entity $(bone_right_eye) { transformation: [-0.9238795325112867f,0.2913008951858361f,-0.2481741281251063f,-4.355616185736176f,0f,0.6485102492974976f,0.7612059225702974f,1.4718260816818f,0.3826834323650896f,0.703262571889069f,-0.5991453459497501f,8.248437408505339f,0f,0f,0f,1f], start_interpolation: 0, interpolation_duration: 1 }
$data merge entity $(bone_right_close) { transformation: [-0.9238795325112867f,0.2913008951858361f,-0.2481741281251063f,-4.337409879787061f,0f,0.6485102492974976f,0.7612059225702974f,1.5123579722628937f,0.3826834323650896f,0.703262571889069f,-0.5991453459497501f,8.292391319248406f,0f,0f,0f,1f], start_interpolation: 0, interpolation_duration: 1 }
$data merge entity $(bone_left_close) { transformation: [-0.9238795325112867f,0.2913008951858361f,-0.2481741281251063f,-4.1064399966592395f,0f,0.6485102492974976f,0.7612059225702974f,1.5123579722628937f,0.3826834323650896f,0.703262571889069f,-0.5991453459497501f,8.196720461157135f,0f,0f,0f,1f], start_interpolation: 0, interpolation_duration: 1 }
$data merge entity $(bone_left_eyebrow) { transformation: [-0.9238795325112867f,0.2913008951858361f,-0.2481741281251063f,-4.1137070081558775f,0f,0.6485102492974976f,0.7612059225702974f,1.4960976406602957f,0.3826834323650896f,0.703262571889069f,-0.5991453459497501f,8.17917634344403f,0f,0f,0f,1f], start_interpolation: 0, interpolation_duration: 1 }
$data merge entity $(bone_right_eyebrow) { transformation: [-0.9238795325112867f,0.2913008951858361f,-0.2481741281251063f,-4.344676891283699f,0f,0.6485102492974976f,0.7612059225702974f,1.4960976406602957f,0.3826834323650896f,0.703262571889069f,-0.5991453459497501f,8.274847201535303f,0f,0f,0f,1f], start_interpolation: 0, interpolation_duration: 1 }
$data merge entity $(bone_talking) { transformation: [-0.9238795325112867f,0.2913008951858361f,-0.2481741281251063f,-4.39051088300782f,0f,0.6485102492974976f,0.7612059225702974f,1.5475753701606436f,0.3826834323650896f,0.703262571889069f,-0.5991453459497501f,7.83755341587814f,0f,0f,0f,1f], start_interpolation: 0, interpolation_duration: 1 }
$data merge entity $(bone_m_opened) { transformation: [-0.9238795325112867f,0.2913008951858361f,-0.2481741281251063f,-4.39051088300782f,0f,0.6485102492974976f,0.7612059225702974f,1.5475753701606436f,0.3826834323650896f,0.703262571889069f,-0.5991453459497501f,7.83755341587814f,0f,0f,0f,1f], start_interpolation: 0, interpolation_duration: 1 }
$data merge entity $(bone_head) { transformation: [-0.9238795325112867f,0.2913008951858361f,-0.2481741281251063f,-4.375000000000001f,0f,0.6485102492974976f,0.7612059225702974f,1.5f,0.3826834323650896f,0.703262571889069f,-0.5991453459497501f,7.874999999999999f,0f,0f,0f,1f], start_interpolation: 0, interpolation_duration: 1 }
$data merge entity $(item_display_r_item) { transformation: [-0.40265920273391065f,0.1526014599283898f,0.07736026681323864f,-4.730626603663437f,0.038130637452100456f,-0.11280244521713093f,0.420984456768338f,0.7413643631260511f,0.16678690278672334f,0.39420128460059617f,0.09051920391857123f,7.977904362616301f,0f,0f,0f,1f], start_interpolation: 0, interpolation_duration: 1 }
$data merge entity $(bone_rightarm) { transformation: [-0.9203638919632243f,0.17682346700168838f,-0.34880333697917665f,-4.663712353909778f,0.08715574274765818f,0.9622501868990583f,0.2578341604962995f,1.375f,0.38122720636965335f,0.206901037528163f,-0.9010315076585055f,7.99458857261409f,0f,0f,0f,1f], start_interpolation: 0, interpolation_duration: 1 }
$data merge entity $(item_display_l_item) { transformation: [-0.40997537711952275f,0.15260145240516954f,0.00626393482867232f,-4.008035294471087f,-0.03555186399507183f,-0.11280247310954569f,0.4212100628271434f,0.7088127827557689f,0.14853452501752243f,0.39420127953141265f,0.11810629150733677f,7.811946027821949f,0f,0f,0f,1f], start_interpolation: 0, interpolation_duration: 1 }
$data merge entity $(bone_leftarm) { transformation: [-0.9370865762731949f,0.014317565322679665f,-0.34880331978324464f,-4.0862876460902235f,-0.08126140341730703f,0.9627658578906135f,0.2578342242503904f,1.375f,0.339507485754337f,0.2699572377310557f,-0.9010314960718003f,7.7554114273859085f,0f,0f,0f,1f], start_interpolation: 0, interpolation_duration: 1 }
$data merge entity $(bone_body) { transformation: [-0.9238795325112867f,0f,-0.3826834323650896f,-4.375000000000001f,0f,1f,0f,0.75f,0.3826834323650896f,0f,-0.9238795325112867f,7.874999999999999f,0f,0f,0f,1f], start_interpolation: 0, interpolation_duration: 1 }
$data merge entity $(bone_rightleg) { transformation: [-0.8741332635267033f,-0.2812823217007723f,-0.39594354786355357f,-4.436670083887571f,0.08538195371526675f,0.7135323503555464f,-0.6954002494792864f,0.84375f,0.4781223270000251f,-0.6416789232121567f,-0.5997059278757946f,8.052755988305035f,0f,0f,0f,1f], start_interpolation: 0, interpolation_duration: 1 }
data modify entity @s data merge value {"locators":{},"cameras":{"camera":{"posx":-4.000000000000001,"posy":0.1875,"posz":8.875,"roty":158.71794603437144,"rotx":-82.25310353867803}}}