# This file was generated by Animated Java via MC-Build. It is not recommended to edit this file directly.
$data merge entity $(bone_left_eye) { transformation: [-0.9238795325112867f,0.2931525168369742f,-0.24598416875659637f,-4.124730887037697f,0f,0.6427876096865393f,0.766044443118978f,-0.6558142083581097f,0.3826834323650896f,0.7077327819916304f,-0.5938583163412473f,8.152562345537582f,0f,0f,0f,1f], start_interpolation: 0, interpolation_duration: 1 }
$data merge entity $(bone_right_eye) { transformation: [-0.9238795325112867f,0.2931525168369742f,-0.24598416875659637f,-4.355700770165519f,0f,0.6427876096865393f,0.766044443118978f,-0.6558142083581097f,0.3826834323650896f,0.7077327819916304f,-0.5938583163412473f,8.248233203628853f,0f,0f,0f,1f], start_interpolation: 0, interpolation_duration: 1 }
$data merge entity $(bone_right_close) { transformation: [-0.9238795325112867f,0.2931525168369742f,-0.24598416875659637f,-4.337378737863208f,0f,0.6427876096865393f,0.766044443118978f,-0.615639982752701f,0.3826834323650896f,0.7077327819916304f,-0.5938583163412473f,8.29246650250333f,0f,0f,0f,1f], start_interpolation: 0, interpolation_duration: 1 }
$data merge entity $(bone_left_close) { transformation: [-0.9238795325112867f,0.2931525168369742f,-0.24598416875659637f,-4.1064088547353865f,0f,0.6427876096865393f,0.766044443118978f,-0.615639982752701f,0.3826834323650896f,0.7077327819916304f,-0.5938583163412473f,8.19679564441206f,0f,0f,0f,1f], start_interpolation: 0, interpolation_duration: 1 }
$data merge entity $(bone_left_eyebrow) { transformation: [-0.9238795325112867f,0.2931525168369742f,-0.24598416875659637f,-4.113722293645763f,0f,0.6427876096865393f,0.766044443118978f,-0.6317575507725594f,0.3826834323650896f,0.7077327819916304f,-0.5938583163412473f,8.17913944100704f,0f,0f,0f,1f], start_interpolation: 0, interpolation_duration: 1 }
$data merge entity $(bone_right_eyebrow) { transformation: [-0.9238795325112867f,0.2931525168369742f,-0.24598416875659637f,-4.344692176773584f,0f,0.6427876096865393f,0.766044443118978f,-0.6317575507725594f,0.3826834323650896f,0.7077327819916304f,-0.5938583163412473f,8.274810299098311f,0f,0f,0f,1f], start_interpolation: 0, interpolation_duration: 1 }
$data merge entity $(bone_talking) { transformation: [-0.9238795325112867f,0.2931525168369742f,-0.24598416875659637f,-4.390374010547288f,0f,0.6427876096865393f,0.766044443118978f,-0.5771222223050638f,0.3826834323650896f,0.7077327819916304f,-0.5938583163412473f,7.837883855228672f,0f,0f,0f,1f], start_interpolation: 0, interpolation_duration: 1 }
$data merge entity $(bone_m_opened) { transformation: [-0.9238795325112867f,0.2931525168369742f,-0.24598416875659637f,-4.390374010547288f,0f,0.6427876096865393f,0.766044443118978f,-0.5771222223050638f,0.3826834323650896f,0.7077327819916304f,-0.5938583163412473f,7.837883855228672f,0f,0f,0f,1f], start_interpolation: 0, interpolation_duration: 1 }
$data merge entity $(bone_head) { transformation: [-0.9238795325112867f,0.2931525168369742f,-0.24598416875659637f,-4.375000000000001f,0f,0.6427876096865393f,0.766044443118978f,-0.625f,0.3826834323650896f,0.7077327819916304f,-0.5938583163412473f,7.874999999999999f,0f,0f,0f,1f], start_interpolation: 0, interpolation_duration: 1 }
$data merge entity $(item_display_r_item) { transformation: [-0.40265920273391065f,0.1526014599283898f,0.07736026681323864f,-4.730626603663437f,0.038130637452100456f,-0.11280244521713093f,0.420984456768338f,-1.3836356368739489f,0.16678690278672334f,0.39420128460059617f,0.09051920391857123f,7.977904362616301f,0f,0f,0f,1f], start_interpolation: 0, interpolation_duration: 1 }
$data merge entity $(bone_rightarm) { transformation: [-0.9203638919632243f,0.17682346700168838f,-0.34880333697917665f,-4.663712353909778f,0.08715574274765818f,0.9622501868990583f,0.2578341604962995f,-0.75f,0.38122720636965335f,0.206901037528163f,-0.9010315076585055f,7.99458857261409f,0f,0f,0f,1f], start_interpolation: 0, interpolation_duration: 1 }
$data merge entity $(item_display_l_item) { transformation: [-0.40997537711952275f,0.15260145240516954f,0.00626393482867232f,-4.008035294471087f,-0.03555186399507183f,-0.11280247310954569f,0.4212100628271434f,-1.4161872172442311f,0.14853452501752243f,0.39420127953141265f,0.11810629150733677f,7.811946027821949f,0f,0f,0f,1f], start_interpolation: 0, interpolation_duration: 1 }
$data merge entity $(bone_leftarm) { transformation: [-0.9370865762731949f,0.014317565322679665f,-0.34880331978324464f,-4.0862876460902235f,-0.08126140341730703f,0.9627658578906135f,0.2578342242503904f,-0.75f,0.339507485754337f,0.2699572377310557f,-0.9010314960718003f,7.7554114273859085f,0f,0f,0f,1f], start_interpolation: 0, interpolation_duration: 1 }
$data merge entity $(bone_body) { transformation: [-0.9238795325112867f,0f,-0.3826834323650896f,-4.375000000000001f,0f,1f,0f,-1.375f,0.3826834323650896f,0f,-0.9238795325112867f,7.874999999999999f,0f,0f,0f,1f], start_interpolation: 0, interpolation_duration: 1 }
$data merge entity $(bone_leftleg) { transformation: [-0.9159756150367534f,-0.1205904774487396f,-0.3826834323650896f,-4.25951505843609f,-0.13052619222005157f,0.9914448613738104f,0f,-1.375f,0.3794095225512602f,0.049950211252314795f,-0.9238795325112867f,7.827164570954363f,0f,0f,0f,1f], start_interpolation: 0, interpolation_duration: 1 }
$data merge entity $(bone_rightleg) { transformation: [-0.9159756150367534f,0.1205904774487396f,-0.3826834323650896f,-4.490484941563912f,0.13052619222005157f,0.9914448613738104f,0f,-1.375f,0.3794095225512602f,-0.049950211252314795f,-0.9238795325112867f,7.9228354290456355f,0f,0f,0f,1f], start_interpolation: 0, interpolation_duration: 1 }
data modify entity @s data merge value {"locators":{},"cameras":{"camera":{"posx":-4.000000000000001,"posy":0.3273337112622827,"posz":8.875,"roty":90.79077088617373,"rotx":-52.962365777678116}}}