# This file was generated by Animated Java via MC-Build. It is not recommended to edit this file directly.
$data merge entity $(bone_left_eye) { transformation: [0.8171566310795416f,-0.11935973533662618f,0.5639222409721968f,0.924717571729758f,0.05714115806989161f,0.9902808582469781f,0.1268018526838626f,1.6444001443269105f,-0.5735764363510459f,-0.0713938048432697f,0.8160349234517084f,-4.087660127529864f,0f,0f,0f,1f], start_interpolation: 0, interpolation_duration: 1 }
$data merge entity $(bone_right_eye) { transformation: [0.8171566310795416f,-0.11935973533662618f,0.5639222409721968f,1.1290067294996433f,0.05714115806989161f,0.9902808582469781f,0.1268018526838626f,1.6586854338443833f,-0.5735764363510459f,-0.0713938048432697f,0.8160349234517084f,-4.231054236617625f,0f,0f,0f,1f], start_interpolation: 0, interpolation_duration: 1 }
$data merge entity $(bone_right_close) { transformation: [0.8171566310795416f,-0.11935973533662618f,0.5639222409721968f,1.1193087510035424f,0.05714115806989161f,0.9902808582469781f,0.1268018526838626f,1.7391457535769503f,-0.5735764363510459f,-0.0713938048432697f,0.8160349234517084f,-4.236854983261141f,0f,0f,0f,1f], start_interpolation: 0, interpolation_duration: 1 }
$data merge entity $(bone_left_close) { transformation: [0.8171566310795416f,-0.11935973533662618f,0.5639222409721968f,0.9150195932336571f,0.05714115806989161f,0.9902808582469781f,0.1268018526838626f,1.7248604640594776f,-0.5735764363510459f,-0.0713938048432697f,0.8160349234517084f,-4.093460874173379f,0f,0f,0f,1f], start_interpolation: 0, interpolation_duration: 1 }
$data merge entity $(bone_left_eyebrow) { transformation: [0.8236209311505464f,0.06033463273777659f,0.5639222409721968f,0.9172223431311581f,-0.15854932218342496f,0.9791748580264489f,0.1268018526838626f,1.706284772851554f,-0.5445279370297572f,-0.19384614904939718f,0.8160349234517084f,-4.092173242515284f,0f,0f,0f,1f], start_interpolation: 0, interpolation_duration: 1 }
$data merge entity $(bone_right_eyebrow) { transformation: [0.7584201213595824f,-0.3267883499358749f,0.5639222409721968f,1.1215115009010435f,0.31149766643856186f,0.9417486362927585f,0.1268018526838626f,1.720570062369027f,-0.5725103696180941f,0.0794913856145287f,0.8160349234517084f,-4.235567351603045f,0f,0f,0f,1f], start_interpolation: 0, interpolation_duration: 1 }
$data merge entity $(bone_talking) { transformation: [0.8171566310795416f,-0.11935973533662618f,0.5639222409721968f,1.2329277847526687f,0.05714115806989161f,0.9902808582469781f,0.1268018526838626f,1.4435981534876094f,-0.5735764363510459f,-0.0713938048432697f,0.8160349234517084f,-3.886497817284268f,0f,0f,0f,1f], start_interpolation: 0, interpolation_duration: 1 }
$data merge entity $(bone_m_opened) { transformation: [0.8171566310795416f,-0.11935973533662618f,0.5639222409721968f,1.2329277847526687f,0.05714115806989161f,0.9902808582469781f,0.1268018526838626f,1.4435981534876094f,-0.5735764363510459f,-0.0713938048432697f,0.8160349234517084f,-3.886497817284268f,0f,0f,0f,1f], start_interpolation: 0, interpolation_duration: 1 }
$data merge entity $(bone_head) { transformation: [0.8171566310795416f,-0.11935973533662618f,0.5639222409721968f,1.1976826446919064f,0.05714115806989161f,0.9902808582469781f,0.1268018526838626f,1.435673037694868f,-0.5735764363510459f,-0.0713938048432697f,0.8160349234517084f,-3.9375f,0f,0f,0f,1f], start_interpolation: 0, interpolation_duration: 1 }
$data merge entity $(item_display_r_item) { transformation: [0.13123831668941943f,-0.41623476308305957f,-0.030518457263054726f,1.012151563952538f,0.009177077090923889f,-0.029105970002460627f,0.4364342719886731f,0.6708680171414511f,-0.41725116595234923f,-0.13155878728311962f,1.869802706058853e-17f,-4.325176449876069f,0f,0f,0f,1f], start_interpolation: 0, interpolation_duration: 1 }
$data merge entity $(bone_rightarm) { transformation: [0.2999732952901016f,-0.0697564737441253f,0.9513937441898505f,1.2064022039099223f,0.02097617620782603f,0.9975640502598242f,0.06652793143419594f,1.3109775314123902f,-0.9537169507482268f,-2.4031752882532567e-17f,0.3007057995042734f,-4.25f,0f,0f,0f,1f], start_interpolation: 0, interpolation_duration: 1 }
$data merge entity $(item_display_l_item) { transformation: [-0.14926931225779969f,-0.41011406484582624f,-0.03051845726305473f,1.0156491058023853f,-0.010437927127188303f,-0.02867796908786263f,0.4364342719886731f,0.6711125890926499f,-0.41111552159383496f,0.14963381270497988f,-4.373927271161139e-17f,-3.539494964168583f,0f,0f,0f,1f], start_interpolation: 0, interpolation_duration: 1 }
$data merge entity $(bone_leftarm) { transformation: [-0.3411869994463993f,-0.0697564737441253f,0.9374035767904599f,1.206402203909922f,-0.02385811914785898f,0.9975640502598242f,0.06554964362940052f,1.3109775314123902f,-0.9396926207859085f,-2.4031752882532567e-17f,-0.3420201433256683f,-3.625f,0f,0f,0f,1f], start_interpolation: 0, interpolation_duration: 1 }
$data merge entity $(bone_body) { transformation: [3.4450928483976665e-16f,-0.0697564737441253f,0.9975640502598242f,1.2500000000000004f,0f,0.9975640502598242f,0.0697564737441253f,0.6875f,-1f,-2.4031752882532567e-17f,3.436700775368731e-16f,-3.9375f,0f,0f,0f,1f], start_interpolation: 0, interpolation_duration: 1 }
$data merge entity $(bone_leftleg) { transformation: [-0.21643961393810254f,4.670220861056469e-17f,0.9762960071199335f,1.2500000000000004f,-0.12743220028900526f,0.9914448613738104f,-0.028251038652918573f,0.75f,-0.9679436594388271f,-0.13052619222005157f,-0.2145879430366631f,-3.8125f,0f,0f,0f,1f], start_interpolation: 0, interpolation_duration: 1 }
$data merge entity $(bone_rightleg) { transformation: [0.17364817766693066f,-3.08933243416628e-17f,0.9848077530122079f,1.2500000000000004f,0.0858316511774313f,0.9961946980917455f,-0.015134435901338623f,0.75f,-0.9810602621904068f,0.08715574274765817f,0.1729873939250898f,-4.0625f,0f,0f,0f,1f], start_interpolation: 0, interpolation_duration: 1 }
$data merge entity $(text_display_text) { transformation: [1f,0f,-2.4492935982947064e-16f,0f,0f,1f,0f,-0.3125f,2.4492935982947064e-16f,0f,1f,0f,0f,0f,0f,1f], start_interpolation: 0, interpolation_duration: 1 }