# This file was generated by Animated Java via MC-Build. It is not recommended to edit this file directly.
$data merge entity $(bone_left_eye) { transformation: [0.819894627660278f,-0.13123681080155486f,0.557269861938048f,0.9230691480494709f,0.057785426384339186f,0.9873714416565542f,0.14750756149647992f,1.6384158294368443f,-0.5695907689134315f,-0.08873858062700007f,0.8171241155888812f,-4.0927668279397915f,0f,0f,0f,1f], start_interpolation: 0, interpolation_duration: 1 }
$data merge entity $(bone_right_eye) { transformation: [0.819894627660278f,-0.13123681080155486f,0.557269861938048f,1.1280428049645403f,0.057785426384339186f,0.9873714416565542f,0.14750756149647992f,1.652862186032929f,-0.5695907689134315f,-0.08873858062700007f,0.8171241155888812f,-4.235164520168149f,0f,0f,0f,1f], start_interpolation: 0, interpolation_duration: 1 }
$data merge entity $(bone_right_close) { transformation: [0.819894627660278f,-0.13123681080155486f,0.557269861938048f,1.117379814086914f,0.057785426384339186f,0.9873714416565542f,0.14750756149647992f,1.7330861156675241f,-0.5695907689134315f,-0.08873858062700007f,0.8171241155888812f,-4.242374529844092f,0f,0f,0f,1f], start_interpolation: 0, interpolation_duration: 1 }
$data merge entity $(bone_left_close) { transformation: [0.819894627660278f,-0.13123681080155486f,0.557269861938048f,0.9124061571718446f,0.057785426384339186f,0.9873714416565542f,0.14750756149647992f,1.7186397590714395f,-0.5695907689134315f,-0.08873858062700007f,0.8171241155888812f,-4.099976837615735f,0f,0f,0f,1f], start_interpolation: 0, interpolation_duration: 1 }
$data merge entity $(bone_left_eyebrow) { transformation: [0.8288646959081702f,0.04933170230800302f,0.557269861938048f,0.9148320180080027f,-0.15729061259689947f,0.9764738514114211f,0.14750756149647992f,1.7001173253177855f,-0.5368826492502328f,-0.20991712806996074f,0.8171241155888812f,-4.098364059486203f,0f,0f,0f,1f], start_interpolation: 0, interpolation_duration: 1 }
$data merge entity $(bone_right_eyebrow) { transformation: [0.7579908096387634f,-0.33896936952875395f,0.557269861938048f,1.1198056749230723f,0.3113669694188076f,0.938771606758699f,0.14750756149647992f,1.7145636819138703f,-0.5731496688109653f,0.06170605209353075f,0.8171241155888812f,-4.240761751714561f,0f,0f,0f,1f], start_interpolation: 0, interpolation_duration: 1 }
$data merge entity $(bone_talking) { transformation: [0.819894627660278f,-0.13123681080155486f,0.557269861938048f,1.2325120110630345f,0.057785426384339186f,0.9873714416565542f,0.14750756149647992f,1.444892260288398f,-0.5695907689134315f,-0.08873858062700007f,0.8171241155888812f,-3.8864297427756944f,0f,0f,0f,1f], start_interpolation: 0, interpolation_duration: 1 }
$data merge entity $(bone_m_opened) { transformation: [0.819894627660278f,-0.13123681080155486f,0.557269861938048f,1.232594938125823f,0.057785426384339186f,0.9873714416565542f,0.14750756149647992f,1.4449142108183826f,-0.5695907689134315f,-0.08873858062700007f,0.8171241155888812f,-3.8863081469251606f,0f,0f,0f,1f], start_interpolation: 0, interpolation_duration: 1 }
$data merge entity $(bone_head) { transformation: [0.819894627660278f,-0.13123681080155486f,0.557269861938048f,1.1976826446919064f,0.057785426384339186f,0.9873714416565542f,0.14750756149647992f,1.435673037694868f,-0.5695907689134315f,-0.08873858062700007f,0.8171241155888812f,-3.9374999999999996f,0f,0f,0f,1f], start_interpolation: 0, interpolation_duration: 1 }
$data merge entity $(item_display_r_item) { transformation: [0.1308144125296561f,-0.416296194393488f,-0.031485203001095155f,1.0134975256866365f,0.010187217970213618f,-0.02980186333775279f,0.43636489264333034f,0.6705694771574879f,-0.417360827180209f,-0.13120814561259955f,0.0007825984631763558f,-4.326094081011737f,0f,0f,0f,1f], start_interpolation: 0, interpolation_duration: 1 }
$data merge entity $(bone_rightarm) { transformation: [0.2990043714963568f,-0.0719661782882177f,0.9515341586136868f,1.2064022039099223f,0.023285069646202555f,0.9974054688990408f,0.0681185447720066f,1.3109775314123902f,-0.9539676049833349f,0.0017887964872601752f,0.29990433282879897f,-4.25f,0f,0f,0f,1f], start_interpolation: 0, interpolation_duration: 1 }
$data merge entity $(item_display_l_item) { transformation: [-0.1491730093447378f,-0.41013444476057315f,-0.030714825475185795f,1.0159179861541459f,-0.011571818201811345f,-0.02847439641425954f,0.43641900940764233f,0.6712507200218957f,-0.4111201239376868f,0.14961683050305524f,-0.0011391767558401901f,-3.537877272918482f,0f,0f,0f,1f], start_interpolation: 0, interpolation_duration: 1 }
$data merge entity $(bone_leftarm) { transformation: [-0.3409668785022578f,-0.07020531537185346f,0.9374501594527386f,1.206402203909922f,-0.02644987017556879f,0.9975291643603253f,0.06508433466116488f,1.3109775314123902f,-0.9397031404289985f,-0.0026038325847775015f,-0.3419813268641263f,-3.6249999999999996f,0f,0f,0f,1f], start_interpolation: 0, interpolation_duration: 1 }
$data merge entity $(bone_body) { transformation: [3.4450928483976665e-16f,-0.0697564737441253f,0.9975640502598242f,1.2500000000000004f,0f,0.9975640502598242f,0.0697564737441253f,0.6875f,-1f,-2.4031752882532567e-17f,3.436700775368731e-16f,-3.9374999999999996f,0f,0f,0f,1f], start_interpolation: 0, interpolation_duration: 1 }
$data merge entity $(bone_leftleg) { transformation: [-0.21643961393810254f,4.670220861056469e-17f,0.9762960071199335f,1.2500000000000004f,-0.12743220028900526f,0.9914448613738104f,-0.028251038652918573f,0.75f,-0.9679436594388271f,-0.13052619222005157f,-0.2145879430366631f,-3.8124999999999996f,0f,0f,0f,1f], start_interpolation: 0, interpolation_duration: 1 }