# This file was generated by Animated Java via MC-Build. It is not recommended to edit this file directly.
$data merge entity $(bone_left_eye) { transformation: [0.7094112235834716f,-0.18401072938040156f,0.6803497389774569f,0.9341245707303124f,0.029921747821444442f,0.9723089863689512f,0.2317755898137085f,1.6188042698838616f,-0.704159360415745f,-0.14406695144645482f,0.6952728303621634f,-4.100218400012572f,0f,0f,0f,1f], start_interpolation: 0, interpolation_duration: 1 }
$data merge entity $(bone_right_eye) { transformation: [0.7094112235834716f,-0.18401072938040156f,0.6803497389774569f,1.1114773766261803f,0.029921747821444442f,0.9723089863689512f,0.2317755898137085f,1.6262847068392225f,-0.704159360415745f,-0.14406695144645482f,0.6952728303621634f,-4.276258240116508f,0f,0f,0f,1f], start_interpolation: 0, interpolation_duration: 1 }
$data merge entity $(bone_right_close) { transformation: [0.7094112235834716f,-0.18401072938040156f,0.6803497389774569f,1.055318058788218f,0.029921747821444442f,0.9723089863689512f,0.2317755898137085f,1.7035467104538364f,-0.704159360415745f,-0.14406695144645482f,0.6952728303621634f,-4.247060305309147f,0f,0f,0f,1f], start_interpolation: 0, interpolation_duration: 1 }
$data merge entity $(bone_left_close) { transformation: [0.7094112235834716f,-0.18401072938040156f,0.6803497389774569f,0.8779652528923502f,0.029921747821444442f,0.9723089863689512f,0.2317755898137085f,1.6960662734984755f,-0.704159360415745f,-0.14406695144645482f,0.6952728303621634f,-4.071020465205211f,0f,0f,0f,1f], start_interpolation: 0, interpolation_duration: 1 }
$data merge entity $(bone_left_eyebrow) { transformation: [0.7324225562181725f,-0.026104249005548863f,0.6803497389774569f,0.8813729322095466f,-0.18123369871411815f,0.9557376326256636f,0.2317755898137085f,1.6778209940296944f,-0.6562861765977078f,-0.29305996957440045f,0.6952728303621634f,-4.068362664417488f,0f,0f,0f,1f], start_interpolation: 0, interpolation_duration: 1 }
$data merge entity $(bone_right_eyebrow) { transformation: [0.6376131410517499f,-0.36134985129570346f,0.6803497389774569f,1.0587257381054145f,0.2805542723850537f,0.931434042867771f,0.2317755898137085f,1.6853014309850556f,-0.717452982852963f,0.043091864145940906f,0.6952728303621634f,-4.244402504521424f,0f,0f,0f,1f], start_interpolation: 0, interpolation_duration: 1 }
$data merge entity $(bone_talking) { transformation: [0.7094112235834716f,-0.18401072938040156f,0.6803497389774569f,1.2402045033779976f,0.029921747821444442f,0.9723089863689512f,0.2317755898137085f,1.4501590120582248f,-0.704159360415745f,-0.14406695144645482f,0.6952728303621634f,-3.894045448102365f,0f,0f,0f,1f], start_interpolation: 0, interpolation_duration: 1 }
$data merge entity $(bone_m_opened) { transformation: [0.7094112235834716f,-0.18401072938040156f,0.6803497389774569f,1.2412169285848094f,0.029921747821444442f,0.9723089863689512f,0.2317755898137085f,1.4505039162097333f,-0.704159360415745f,-0.14406695144645482f,0.6952728303621634f,-3.893010815914326f,0f,0f,0f,1f], start_interpolation: 0, interpolation_duration: 1 }
$data merge entity $(bone_head) { transformation: [0.7094112235834716f,-0.18401072938040156f,0.6803497389774569f,1.1976826446919064f,0.029921747821444442f,0.9723089863689512f,0.2317755898137085f,1.435673037694868f,-0.704159360415745f,-0.14406695144645482f,0.6952728303621634f,-3.9375000000000004f,0f,0f,0f,1f], start_interpolation: 0, interpolation_duration: 1 }
$data merge entity $(item_display_r_item) { transformation: [0.11198263519817285f,-0.4170601527505415f,-0.070192367118996f,1.068356926793893f,0.024228599151743756f,-0.06616569745987746f,0.43178851937353785f,0.6563278194731204f,-0.42223111490890514f,-0.11440795194103834f,0.006160855090001742f,-4.324177194094881f,0f,0f,0f,1f], start_interpolation: 0, interpolation_duration: 1 }
$data merge entity $(bone_rightarm) { transformation: [0.2559603090243951f,-0.1604396962719911f,0.9532803491440948f,1.2064022039099223f,0.05537965520398573f,0.9869451871395151f,0.15123587990829157f,1.3109775314123902f,-0.9650996912203545f,0.014081954491432496f,0.2615038901509448f,-4.25f,0f,0f,0f,1f], start_interpolation: 0, interpolation_duration: 1 }
$data merge entity $(item_display_l_item) { transformation: [-0.14745251052068514f,-0.41096900591895136f,-0.027721531615986193f,1.011164959979073f,-0.03182813108896701f,-0.01798824706319948f,0.435969773079484f,0.6778845715484418f,-0.4106713737436915f,0.1489535133576318f,-0.02383534446755598f,-3.5058332145562736f,0f,0f,0f,1f], start_interpolation: 0, interpolation_duration: 1 }
$data merge entity $(bone_leftarm) { transformation: [-0.33703430976156606f,-0.06336350083654008f,0.939357727814746f,1.206402203909922f,-0.07275001391763888f,0.996502338467392f,0.041115993287313315f,1.3109775314123902f,-0.9386774256998663f,-0.05448078735441359f,-0.34046517338887267f,-3.6250000000000004f,0f,0f,0f,1f], start_interpolation: 0, interpolation_duration: 1 }
$data merge entity $(bone_body) { transformation: [3.4450928483976665e-16f,-0.0697564737441253f,0.9975640502598242f,1.2500000000000004f,0f,0.9975640502598242f,0.0697564737441253f,0.6875f,-1f,-2.4031752882532567e-17f,3.436700775368731e-16f,-3.9375000000000004f,0f,0f,0f,1f], start_interpolation: 0, interpolation_duration: 1 }
$data merge entity $(bone_leftleg) { transformation: [-0.21643961393810254f,4.670220861056469e-17f,0.9762960071199335f,1.2500000000000004f,-0.12743220028900526f,0.9914448613738104f,-0.028251038652918573f,0.75f,-0.9679436594388271f,-0.13052619222005157f,-0.2145879430366631f,-3.8125000000000004f,0f,0f,0f,1f], start_interpolation: 0, interpolation_duration: 1 }