# This file was generated by Animated Java via MC-Build. It is not recommended to edit this file directly.
$data merge entity $(bone_left_eye) { transformation: [0.6807515646541332f,-0.17641004524019754f,0.7109548531090428f,0.9297905789662285f,0.022273157130176354f,0.9751039687342554f,0.22062673598219815f,1.6227856323123118f,-0.7321756713333241f,-0.13435678656865663f,0.667732761073276f,-4.088492856202641f,0f,0f,0f,1f], start_interpolation: 0, interpolation_duration: 1 }
$data merge entity $(bone_right_eye) { transformation: [0.6807515646541332f,-0.17641004524019754f,0.7109548531090428f,1.099978470129762f,0.022273157130176354f,0.9751039687342554f,0.22062673598219815f,1.6283539215948557f,-0.7321756713333241f,-0.13435678656865663f,0.667732761073276f,-4.2715367740359715f,0f,0f,0f,1f], start_interpolation: 0, interpolation_duration: 1 }
$data merge entity $(bone_right_close) { transformation: [0.6807515646541332f,-0.17641004524019754f,0.7109548531090428f,1.046602049510597f,0.022273157130176354f,0.9751039687342554f,0.22062673598219815f,1.7063036879838127f,-0.7321756713333241f,-0.13435678656865663f,0.667732761073276f,-4.240460834735852f,0f,0f,0f,1f], start_interpolation: 0, interpolation_duration: 1 }
$data merge entity $(bone_left_close) { transformation: [0.6807515646541332f,-0.17641004524019754f,0.7109548531090428f,0.8764141583470636f,0.022273157130176354f,0.9751039687342554f,0.22062673598219815f,1.7007353987012688f,-0.7321756713333241f,-0.13435678656865663f,0.667732761073276f,-4.057416916902521f,0f,0f,0f,1f], start_interpolation: 0, interpolation_duration: 1 }
$data merge entity $(bone_left_eyebrow) { transformation: [0.702797156499069f,-0.02488681694235159f,0.7109548531090428f,0.879677412016998f,-0.1893059321702081f,0.956810904732492f,0.22062673598219815f,1.6824384101165026f,-0.6857400534181968f,-0.2896438138947005f,0.667732761073276f,-4.0549394604519255f,0f,0f,0f,1f], start_interpolation: 0, interpolation_duration: 1 }
$data merge entity $(bone_right_eyebrow) { transformation: [0.6118972381305593f,-0.3465904886301594f,0.7109548531090428f,1.0498653031805314f,0.2738896957685101f,0.9361133894575349f,0.22062673598219815f,1.6880066993990466f,-0.7420014855241372f,0.05972231801791433f,0.667732761073276f,-4.237983378285257f,0f,0f,0f,1f], start_interpolation: 0, interpolation_duration: 1 }
$data merge entity $(bone_talking) { transformation: [0.6807515646541332f,-0.17641004524019754f,0.7109548531090428f,1.2421173230112217f,0.022273157130176354f,0.9751039687342554f,0.22062673598219815f,1.4494622086937554f,-0.7321756713333241f,-0.13435678656865663f,0.667732761073276f,-3.8957667024329203f,0f,0f,0f,1f], start_interpolation: 0, interpolation_duration: 1 }
$data merge entity $(bone_m_opened) { transformation: [0.6807515646541332f,-0.17641004524019754f,0.7109548531090428f,1.2432810883957752f,0.022273157130176354f,0.9751039687342554f,0.22062673598219815f,1.4498233536484881f,-0.7321756713333241f,-0.13435678656865663f,0.667732761073276f,-3.8946736874966397f,0f,0f,0f,1f], start_interpolation: 0, interpolation_duration: 1 }
$data merge entity $(bone_head) { transformation: [0.6807515646541332f,-0.17641004524019754f,0.7109548531090428f,1.1976826446919064f,0.022273157130176354f,0.9751039687342554f,0.22062673598219815f,1.435673037694868f,-0.7321756713333241f,-0.13435678656865663f,0.667732761073276f,-3.9375f,0f,0f,0f,1f], start_interpolation: 0, interpolation_duration: 1 }
$data merge entity $(item_display_r_item) { transformation: [0.11019965668273665f,-0.41688625707691296f,-0.07394683446510052f,1.0738198205304015f,0.026273626558463686f,-0.06952994685887068f,0.4311398068344756f,0.6553321234437846f,-0.4225777824430354f,-0.11303842333562789f,0.007522143000635485f,-4.325339303335553f,0f,0f,0f,1f], start_interpolation: 0, interpolation_duration: 1 }
$data merge entity $(bone_rightarm) { transformation: [0.2518849295605409f,-0.16902133592022997f,0.9528828733186582f,1.2064022039099223f,0.06005400356220271f,0.9854624156216586f,0.15892559282027605f,1.3109775314123902f,-0.9658920741555095f,0.017193469715738194f,0.25837353905286375f,-4.25f,0f,0f,0f,1f], start_interpolation: 0, interpolation_duration: 1 }
$data merge entity $(item_display_l_item) { transformation: [-0.14723321320579755f,-0.411049207257991f,-0.02769801692672864f,1.011085538229254f,-0.03440961729858055f,-0.01704146493349563f,0.4358116757388283f,0.6786514432520664f,-0.41054184825235707f,0.1488435006491638f,-0.02659423148054836f,-3.5019548117996946f,0f,0f,0f,1f], start_interpolation: 0, interpolation_duration: 1 }
$data merge entity $(bone_leftarm) { transformation: [-0.33653305875610867f,-0.06330975297537995f,0.9395410451611222f,1.206402203909922f,-0.07865055382532699f,0.9961409731173219f,0.038951919847990235f,1.3109775314123902f,-0.9383813674339591f,-0.06078681481268189f,-0.34021371576951726f,-3.625f,0f,0f,0f,1f], start_interpolation: 0, interpolation_duration: 1 }
$data merge entity $(bone_body) { transformation: [3.4450928483976665e-16f,-0.0697564737441253f,0.9975640502598242f,1.2500000000000004f,0f,0.9975640502598242f,0.0697564737441253f,0.6875f,-1f,-2.4031752882532567e-17f,3.436700775368731e-16f,-3.9375f,0f,0f,0f,1f], start_interpolation: 0, interpolation_duration: 1 }
$data merge entity $(bone_leftleg) { transformation: [-0.21643961393810254f,4.670220861056469e-17f,0.9762960071199335f,1.2500000000000004f,-0.12743220028900526f,0.9914448613738104f,-0.028251038652918573f,0.75f,-0.9679436594388271f,-0.13052619222005157f,-0.2145879430366631f,-3.8125f,0f,0f,0f,1f], start_interpolation: 0, interpolation_duration: 1 }