# This file was generated by Animated Java via MC-Build. It is not recommended to edit this file directly.
$data merge entity $(bone_left_eye) { transformation: [0.6541693065040265f,-0.1676117456892807f,0.7375424198885329f,0.9266604668968098f,0.015087099544650356f,0.9778338548161645f,0.2088380516158154f,1.6268902971290344f,-0.7561976579277212f,-0.12548806748990943f,0.642197669773316f,-4.077710859178102f,0f,0f,0f,1f], start_interpolation: 0, interpolation_duration: 1 }
$data merge entity $(bone_right_eye) { transformation: [0.6541693065040265f,-0.1676117456892807f,0.7375424198885329f,1.0902027935228165f,0.015087099544650356f,0.9778338548161645f,0.2088380516158154f,1.6306620720151972f,-0.7561976579277212f,-0.12548806748990943f,0.642197669773316f,-4.266760273660032f,0f,0f,0f,1f], start_interpolation: 0, interpolation_duration: 1 }
$data merge entity $(bone_right_close) { transformation: [0.6541693065040265f,-0.1676117456892807f,0.7375424198885329f,1.0395468122732021f,0.015087099544650356f,0.9778338548161645f,0.2088380516158154f,1.70925687664185f,-0.7561976579277212f,-0.12548806748990943f,0.642197669773316f,-4.234142047040327f,0f,0f,0f,1f], start_interpolation: 0, interpolation_duration: 1 }
$data merge entity $(bone_left_close) { transformation: [0.6541693065040265f,-0.1676117456892807f,0.7375424198885329f,0.8760044856471955f,0.015087099544650356f,0.9778338548161645f,0.2088380516158154f,1.7054851017556873f,-0.7561976579277212f,-0.12548806748990943f,0.642197669773316f,-4.045092632558396f,0f,0f,0f,1f], start_interpolation: 0, interpolation_duration: 1 }
$data merge entity $(bone_left_eyebrow) { transformation: [0.6749407034487763f,-0.022050525912958446f,0.7375424198885329f,0.8791011094776263f,-0.19691250698755447f,0.9579207340846039f,0.2088380516158154f,1.6871376645996585f,-0.7111121651469248f,-0.28618462837436887f,0.642197669773316f,-4.0427798686473215f,0f,0f,0f,1f], start_interpolation: 0, interpolation_duration: 1 }
$data merge entity $(bone_right_eyebrow) { transformation: [0.5884979159505824f,-0.331211989195422f,0.7375424198885329f,1.042643436103633f,0.2676550436664084f,0.9406101454892154f,0.2088380516158154f,1.690909439485821f,-0.7629095493711914f,0.07450619045400629f,0.642197669773316f,-4.231829283129252f,0f,0f,0f,1f], start_interpolation: 0, interpolation_duration: 1 }
$data merge entity $(bone_talking) { transformation: [0.6541693065040265f,-0.1676117456892807f,0.7375424198885329f,1.2437790459349396f,0.015087099544650356f,0.9778338548161645f,0.2088380516158154f,1.4487254159208565f,-0.7561976579277212f,-0.12548806748990943f,0.642197669773316f,-3.8973626456391677f,0f,0f,0f,1f], start_interpolation: 0, interpolation_duration: 1 }
$data merge entity $(bone_m_opened) { transformation: [0.6541693065040265f,-0.1676117456892807f,0.7375424198885329f,1.2450960859704547f,0.015087099544650356f,0.9778338548161645f,0.2088380516158154f,1.4490983410130276f,-0.7561976579277212f,-0.12548806748990943f,0.642197669773316f,-3.896215864086001f,0f,0f,0f,1f], start_interpolation: 0, interpolation_duration: 1 }
$data merge entity $(bone_head) { transformation: [0.6541693065040265f,-0.1676117456892807f,0.7375424198885329f,1.1976826446919062f,0.015087099544650356f,0.9778338548161645f,0.2088380516158154f,1.435673037694868f,-0.7561976579277212f,-0.12548806748990943f,0.642197669773316f,-3.9375f,0f,0f,0f,1f], start_interpolation: 0, interpolation_duration: 1 }
$data merge entity $(item_display_r_item) { transformation: [0.10888038741721028f,-0.4167162173324207f,-0.07680433222180148f,1.0779991257511126f,0.028396966132236537f,-0.07194520065736033f,0.4306085814482298f,0.6547108718249988f,-0.42278235955437266f,-0.1121504895866746f,0.009142982834194627f,-4.3271473980983775f,0f,0f,0f,1f], start_interpolation: 0, interpolation_duration: 1 }
$data merge entity $(bone_rightarm) { transformation: [0.24886945695362347f,-0.1755527593641179f,0.952494211045533f,1.206402203909922f,0.0649073511593978f,0.9842481861673823f,0.16444617293110955f,1.3109775314123902f,-0.9663596789814232f,0.020898246478159094f,0.2563439761981134f,-4.25f,0f,0f,0f,1f], start_interpolation: 0, interpolation_duration: 1 }
$data merge entity $(item_display_l_item) { transformation: [-0.14702163249669112f,-0.41111092602627947f,-0.027905126407577377f,1.011346141048587f,-0.03690012138919691f,-0.016373419532098435f,0.43563349523916134f,0.679287727052389f,-0.41040135309166614f,0.1487480004391349f,-0.029172105612874394f,-3.498326706016388f,0f,0f,0f,1f], start_interpolation: 0, interpolation_duration: 1 }
$data merge entity $(bone_leftarm) { transformation: [-0.33604944570672257f,-0.06378314607446278f,0.9396821166314959f,1.2064022039099218f,-0.08434313460387866f,0.9957337034037973f,0.03742495893051093f,1.3109775314123902f,-0.938060235638094f,-0.06667909854371282f,-0.3399954295751655f,-3.625f,0f,0f,0f,1f], start_interpolation: 0, interpolation_duration: 1 }
$data merge entity $(bone_body) { transformation: [3.4450928483976665e-16f,-0.0697564737441253f,0.9975640502598242f,1.2500000000000002f,0f,0.9975640502598242f,0.0697564737441253f,0.6875f,-1f,-2.4031752882532567e-17f,3.436700775368731e-16f,-3.9375f,0f,0f,0f,1f], start_interpolation: 0, interpolation_duration: 1 }
$data merge entity $(bone_leftleg) { transformation: [-0.21643961393810254f,4.670220861056469e-17f,0.9762960071199335f,1.2500000000000002f,-0.12743220028900526f,0.9914448613738104f,-0.028251038652918573f,0.75f,-0.9679436594388271f,-0.13052619222005157f,-0.2145879430366631f,-3.8125f,0f,0f,0f,1f], start_interpolation: 0, interpolation_duration: 1 }
$data merge entity $(bone_rightleg) { transformation: [0.17364817766693066f,-3.08933243416628e-17f,0.9848077530122079f,1.2500000000000002f,0.0858316511774313f,0.9961946980917455f,-0.015134435901338623f,0.75f,-0.9810602621904068f,0.08715574274765817f,0.1729873939250898f,-4.0625f,0f,0f,0f,1f], start_interpolation: 0, interpolation_duration: 1 }