# This file was generated by Animated Java via MC-Build. It is not recommended to edit this file directly.
$data merge entity $(bone_left_eye) { transformation: [0.6320876691261442f,-0.1585292804096582f,0.7585075120204637f,0.9247350341594808f,0.00906511869474326f,0.980295397214398f,0.19732905975379234f,1.63078806238553f,-0.7748438566328885f,-0.11785330480330831f,0.6210697194238424f,-4.068675371848338f,0f,0f,0f,1f], start_interpolation: 0, interpolation_duration: 1 }
$data merge entity $(bone_right_eye) { transformation: [0.6320876691261442f,-0.1585292804096582f,0.7585075120204637f,1.082756951441017f,0.00906511869474326f,0.980295397214398f,0.19732905975379234f,1.6330543420592156f,-0.7748438566328885f,-0.11785330480330831f,0.6210697194238424f,-4.262386336006561f,0f,0f,0f,1f], start_interpolation: 0, interpolation_duration: 1 }
$data merge entity $(bone_right_close) { transformation: [0.6320876691261442f,-0.1585292804096582f,0.7585075120204637f,1.0345539011918594f,0.00906511869474326f,0.980295397214398f,0.19732905975379234f,1.7121967629205321f,-0.7748438566328885f,-0.11785330480330831f,0.6210697194238424f,-4.228661819151168f,0f,0f,0f,1f], start_interpolation: 0, interpolation_duration: 1 }
$data merge entity $(bone_left_close) { transformation: [0.6320876691261442f,-0.1585292804096582f,0.7585075120204637f,0.8765319839103233f,0.00906511869474326f,0.980295397214398f,0.19732905975379234f,1.7099304832468465f,-0.7748438566328885f,-0.11785330480330831f,0.6210697194238424f,-4.034950854992945f,0f,0f,0f,1f], start_interpolation: 0, interpolation_duration: 1 }
$data merge entity $(bone_left_eyebrow) { transformation: [0.6514166837673518f,-0.0179626923948476f,0.7585075120204637f,0.879457001198503f,-0.2033245181326374f,0.9590205328890591f,0.19732905975379234f,1.691537611482842f,-0.7309688395791415f,-0.2827666160972915f,0.6210697194238424f,-4.032779922385347f,0f,0f,0f,1f], start_interpolation: 0, interpolation_duration: 1 }
$data merge entity $(bone_right_eyebrow) { transformation: [0.5695194071113846f,-0.3167238531150172f,0.7585075120204637f,1.037478918480039f,0.2624753508910551f,0.9445464161973732f,0.19732905975379234f,1.6938038911565279f,-0.7789443722744998f,0.08670679625424565f,0.6210697194238424f,-4.226490886543569f,0f,0f,0f,1f], start_interpolation: 0, interpolation_duration: 1 }
$data merge entity $(bone_talking) { transformation: [0.6320876691261442f,-0.1585292804096582f,0.7585075120204637f,1.2450893641931855f,0.00906511869474326f,0.980295397214398f,0.19732905975379234f,1.44800610392948f,-0.7748438566328885f,-0.11785330480330831f,0.6210697194238424f,-3.89868314253601f,0f,0f,0f,1f], start_interpolation: 0, interpolation_duration: 1 }
$data merge entity $(bone_m_opened) { transformation: [0.6320876691261442f,-0.1585292804096582f,0.7585075120204637f,1.2465567150348917f,0.00906511869474326f,0.980295397214398f,0.19732905975379234f,1.4483878416938847f,-0.7748438566328885f,-0.11785330480330831f,0.6210697194238424f,-3.89748166837641f,0f,0f,0f,1f], start_interpolation: 0, interpolation_duration: 1 }
$data merge entity $(bone_head) { transformation: [0.6320876691261442f,-0.1585292804096582f,0.7585075120204637f,1.1976826446919064f,0.00906511869474326f,0.980295397214398f,0.19732905975379234f,1.435673037694868f,-0.7748438566328885f,-0.11785330480330831f,0.6210697194238424f,-3.9375f,0f,0f,0f,1f], start_interpolation: 0, interpolation_duration: 1 }
$data merge entity $(item_display_r_item) { transformation: [0.10813532219558397f,-0.4165848272109163f,-0.07854988116673538f,1.0805678471704494f,0.030591783348506384f,-0.07318548441618185f,0.43024908792736194f,0.6545157004211977f,-0.42282046412776103f,-0.11183566787219458f,0.011040312783834522f,-4.329677971332446f,0f,0f,0f,1f], start_interpolation: 0, interpolation_duration: 1 }
$data merge entity $(bone_rightarm) { transformation: [0.24716645073276336f,-0.1795425855239668f,0.9521938907678087f,1.2064022039099223f,0.06992407622515745f,0.983426486691113f,0.1672811072369873f,1.3109775314123902f,-0.9664467751491681f,0.025235000648764563f,0.2556243837078733f,-4.25f,0f,0f,0f,1f], start_interpolation: 0, interpolation_duration: 1 }
$data merge entity $(item_display_l_item) { transformation: [-0.14682139827363114f,-0.4111493411775608f,-0.028389192630884352f,1.0120157127097222f,-0.03925692032312918f,-0.016047749730339816f,0.4354395640445823f,0.6797508686456498f,-0.41025433722962545f,0.14867729812533606f,-0.03150698028105322f,-3.4950315720983034f,0f,0f,0f,1f], start_interpolation: 0, interpolation_duration: 1 }
$data merge entity $(bone_leftarm) { transformation: [-0.33559176748258546f,-0.0648895831563073f,0.9397699226915676f,1.206402203909922f,-0.08973010359572384f,0.9952904321019024f,0.03668057081220552f,1.3109775314123902f,-0.937724199382001f,-0.07201595492812157f,-0.3398338242864824f,-3.625f,0f,0f,0f,1f], start_interpolation: 0, interpolation_duration: 1 }
$data merge entity $(bone_body) { transformation: [3.4450928483976665e-16f,-0.0697564737441253f,0.9975640502598242f,1.2500000000000004f,0f,0.9975640502598242f,0.0697564737441253f,0.6875f,-1f,-2.4031752882532567e-17f,3.436700775368731e-16f,-3.9375f,0f,0f,0f,1f], start_interpolation: 0, interpolation_duration: 1 }
$data merge entity $(bone_leftleg) { transformation: [-0.21643961393810254f,4.670220861056469e-17f,0.9762960071199335f,1.2500000000000004f,-0.12743220028900526f,0.9914448613738104f,-0.028251038652918573f,0.75f,-0.9679436594388271f,-0.13052619222005157f,-0.2145879430366631f,-3.8125f,0f,0f,0f,1f], start_interpolation: 0, interpolation_duration: 1 }
$data merge entity $(bone_rightleg) { transformation: [0.17364817766693066f,-3.08933243416628e-17f,0.9848077530122079f,1.2500000000000004f,0.0858316511774313f,0.9961946980917455f,-0.015134435901338623f,0.75f,-0.9810602621904068f,0.08715574274765817f,0.1729873939250898f,-4.0625f,0f,0f,0f,1f], start_interpolation: 0, interpolation_duration: 1 }