# This file was generated by Animated Java via MC-Build. It is not recommended to edit this file directly.
$data merge entity $(bone_left_eye) { transformation: [0.6170316925621221f,-0.1502367869870685f,0.7724641080398007f,0.9239059424106291f,0.004937179631514375f,0.9823266962141265f,0.18710928935337517f,1.634132512891678f,-0.7869228136426145f,-0.11163856744351891f,0.6068684500185768f,-4.062157881353724f,0f,0f,0f,1f], start_interpolation: 0, interpolation_duration: 1 }
$data merge entity $(bone_right_eye) { transformation: [0.6170316925621221f,-0.1502367869870685f,0.7724641080398007f,1.0781638655511596f,0.004937179631514375f,0.9823266962141265f,0.18710928935337517f,1.6353668077995567f,-0.7869228136426145f,-0.11163856744351891f,0.6068684500185768f,-4.258888584764377f,0f,0f,0f,1f], start_interpolation: 0, interpolation_duration: 1 }
$data merge entity $(bone_right_close) { transformation: [0.6170316925621221f,-0.1502367869870685f,0.7724641080398007f,1.031929643562755f,0.004937179631514375f,0.9823266962141265f,0.18710928935337517f,1.714908580931393f,-0.7869228136426145f,-0.11163856744351891f,0.6068684500185768f,-4.224562739675636f,0f,0f,0f,1f], start_interpolation: 0, interpolation_duration: 1 }
$data merge entity $(bone_left_close) { transformation: [0.6170316925621221f,-0.1502367869870685f,0.7724641080398007f,0.8776717204222245f,0.004937179631514375f,0.9823266962141265f,0.18710928935337517f,1.7136742860235143f,-0.7869228136426145f,-0.11163856744351891f,0.6068684500185768f,-4.027832036264983f,0f,0f,0f,1f], start_interpolation: 0, interpolation_duration: 1 }
$data merge entity $(bone_left_eyebrow) { transformation: [0.6349227698896361f,-0.013125473932283027f,0.7724641080398007f,0.8804403811714796f,-0.20779426212899627f,0.9601102324545555f,0.18710928935337517f,1.6952439661389151f,-0.7441065924327899f,-0.2793135576195901f,0.6068684500185768f,-4.025776742403543f,0f,0f,0f,1f], start_interpolation: 0, interpolation_duration: 1 }
$data merge entity $(bone_right_eyebrow) { transformation: [0.5571227057373463f,-0.30481714607641947f,0.7724641080398007f,1.0346983043120102f,0.25901380680796227f,0.9475768896087126f,0.18710928935337517f,1.6964782610467937f,-0.7890032564158059f,0.09583603569276149f,0.6068684500185768f,-4.2225074458141965f,0f,0f,0f,1f], start_interpolation: 0, interpolation_duration: 1 }
$data merge entity $(bone_talking) { transformation: [0.6170316925621221f,-0.1502367869870685f,0.7724641080398007f,1.245961651444394f,0.004937179631514375f,0.9823266962141265f,0.18710928935337517f,1.4473673682794541f,-0.7869228136426145f,-0.11163856744351891f,0.6068684500185768f,-3.899570721873839f,0f,0f,0f,1f], start_interpolation: 0, interpolation_duration: 1 }
$data merge entity $(bone_m_opened) { transformation: [0.6170316925621221f,-0.1502367869870685f,0.7724641080398007f,1.247570951669477f,0.004937179631514375f,0.9823266962141265f,0.18710928935337517f,1.4477571792989403f,-0.7869228136426145f,-0.11163856744351891f,0.6068684500185768f,-3.898306412602967f,0f,0f,0f,1f], start_interpolation: 0, interpolation_duration: 1 }
$data merge entity $(bone_head) { transformation: [0.6170316925621221f,-0.1502367869870685f,0.7724641080398007f,1.1976826446919064f,0.004937179631514375f,0.9823266962141265f,0.18710928935337517f,1.435673037694868f,-0.7869228136426145f,-0.11163856744351891f,0.6068684500185768f,-3.9375f,0f,0f,0f,1f], start_interpolation: 0, interpolation_duration: 1 }
$data merge entity $(item_display_r_item) { transformation: [0.10807459933443667f,-0.4165213153747836f,-0.0789691383843144f,1.0812030785304951f,0.0328505214840515f,-0.07302180074492505f,0.4301103461371213f,0.6548074365051169f,-0.42266650472556594f,-0.11217869875528277f,0.013236892711080861f,-4.333011960304563f,0f,0f,0f,1f], start_interpolation: 0, interpolation_duration: 1 }
$data merge entity $(bone_rightarm) { transformation: [0.24702765562156953f,-0.180500887735576f,0.9520487208566483f,1.2064022039099223f,0.07508690624926057f,0.9831093625991344f,0.16690697313125746f,1.3109775314123902f,-0.9660948679441507f,0.03025575476818477f,0.2564084542977892f,-4.25f,0f,0f,0f,1f], start_interpolation: 0, interpolation_duration: 1 }
$data merge entity $(item_display_l_item) { transformation: [-0.14663613525500824f,-0.41115891562509543f,-0.0291965741050305f,1.0131636437027685f,-0.041437365901689414f,-0.016127928594655876f,0.4352345168140679f,0.6799979767667754f,-0.4101061308303064f,0.1486421407987698f,-0.033536926426765375f,-3.492151738933895f,0f,0f,0f,1f], start_interpolation: 0, interpolation_duration: 1 }
$data merge entity $(bone_leftarm) { transformation: [-0.33516830915430457f,-0.06673502652578421f,0.9397918071430753f,1.206402203909922f,-0.09471397920386151f,0.9948217527178694f,0.036863836787785084f,1.3109775314123902f,-0.9373854418978432f,-0.07665583183260649f,-0.3397534646829024f,-3.625f,0f,0f,0f,1f], start_interpolation: 0, interpolation_duration: 1 }