# This file was generated by Animated Java via MC-Build. It is not recommended to edit this file directly.
$data merge entity $(bone_left_eye) { transformation: [0.6114884162095471f,-0.1438440453157817f,0.7780686393042268f,0.9240405853338775f,0.003413546696834413f,0.9838073098654662f,0.17919688823811386f,1.6365846868642826f,-0.7912460202367455f,-0.10692084774479607f,0.602077792130756f,-4.0588969997168824f,0f,0f,0f,1f], start_interpolation: 0, interpolation_duration: 1 }
$data merge entity $(bone_right_eye) { transformation: [0.6114884162095471f,-0.1438440453157817f,0.7780686393042268f,1.0769126893862642f,0.003413546696834413f,0.9838073098654662f,0.17919688823811386f,1.637438073538491f,-0.7912460202367455f,-0.10692084774479607f,0.602077792130756f,-4.2567085047760695f,0f,0f,0f,1f], start_interpolation: 0, interpolation_duration: 1 }
$data merge entity $(bone_right_close) { transformation: [0.6114884162095471f,-0.1438440453157817f,0.7780686393042268f,1.0319531968811904f,0.003413546696834413f,0.9838073098654662f,0.17919688823811386f,1.7171866803653795f,-0.7912460202367455f,-0.10692084774479607f,0.602077792130756f,-4.222342731377746f,0f,0f,0f,1f], start_interpolation: 0, interpolation_duration: 1 }
$data merge entity $(bone_left_close) { transformation: [0.6114884162095471f,-0.1438440453157817f,0.7780686393042268f,0.8790810928288036f,0.003413546696834413f,0.9838073098654662f,0.17919688823811386f,1.716333293691171f,-0.7912460202367455f,-0.10692084774479607f,0.602077792130756f,-4.024531226318559f,0f,0f,0f,1f], start_interpolation: 0, interpolation_duration: 1 }
$data merge entity $(bone_left_eyebrow) { transformation: [0.6281272487809155f,-0.008084050357760109f,0.7780686393042268f,0.8817295393885181f,-0.2096022423265282f,0.9612259751262802f,0.17919688823811386f,1.6978757068256787f,-0.7493484231988543f,-0.2756433798812243f,0.602077792130756f,-4.022564090285353f,0f,0f,0f,1f], start_interpolation: 0, interpolation_duration: 1 }
$data merge entity $(bone_right_eyebrow) { transformation: [0.5534228752410861f,-0.2972075263030164f,0.7780686393042268f,1.0346016434409049f,0.25792530141797576f,0.9494013977945384f,0.17919688823811386f,1.6987290934998873f,-0.7919581176099755f,0.10151193119342447f,0.602077792130756f,-4.220375595344539f,0f,0f,0f,1f], start_interpolation: 0, interpolation_duration: 1 }
$data merge entity $(bone_talking) { transformation: [0.6114884162095471f,-0.1438440453157817f,0.7780686393042268f,1.2463119346484206f,0.003413546696834413f,0.9838073098654662f,0.17919688823811386f,1.4468728432097502f,-0.7912460202367455f,-0.10692084774479607f,0.602077792130756f,-3.8998701379918277f,0f,0f,0f,1f], start_interpolation: 0, interpolation_duration: 1 }
$data merge entity $(bone_m_opened) { transformation: [0.6114884162095471f,-0.1438440453157817f,0.7780686393042268f,1.2480486950040104f,0.003413546696834413f,0.9838073098654662f,0.17919688823811386f,1.4472728362638532f,-0.7912460202367455f,-0.10692084774479607f,0.602077792130756f,-3.8985262143486787f,0f,0f,0f,1f], start_interpolation: 0, interpolation_duration: 1 }
$data merge entity $(bone_head) { transformation: [0.6114884162095471f,-0.1438440453157817f,0.7780686393042268f,1.1976826446919064f,0.003413546696834413f,0.9838073098654662f,0.17919688823811386f,1.435673037694868f,-0.7912460202367455f,-0.10692084774479607f,0.602077792130756f,-3.9375f,0f,0f,0f,1f], start_interpolation: 0, interpolation_duration: 1 }
$data merge entity $(item_display_r_item) { transformation: [0.10880759980936523f,-0.41654144735430587f,-0.07784843517826796f,1.0795905699621304f,0.03516475733549746f,-0.07122097035417868f,0.43022931469548276f,0.6556665273593126f,-0.42229207435761873f,-0.1132565495580241f,0.015767305316706115f,-4.33724275019988f,0f,0f,0f,1f], start_interpolation: 0, interpolation_duration: 1 }
$data merge entity $(bone_rightarm) { transformation: [0.2487030852785491f,-0.17793928040746987f,0.952094736809842f,1.2064022039099223f,0.08037658819542277f,0.983381290732532f,0.16279078938098007f,1.3109775314123902f,-0.9652390271031286f,0.03603955500961392f,0.25887211327548365f,-4.25f,0f,0f,0f,1f], start_interpolation: 0, interpolation_duration: 1 }
$data merge entity $(item_display_l_item) { transformation: [-0.14646946299968483f,-0.41113305730640803f,-0.03037360035408606f,1.0148598859549547f,-0.04339888454374059f,-0.016677304042451165f,0.435022590620573f,0.6799867996444565f,-0.4099627827363638f,0.14865304140770697f,-0.03520000072862992f,-3.4897696895832677f,0f,0f,0f,1f], start_interpolation: 0, interpolation_duration: 1 }
$data merge entity $(bone_leftarm) { transformation: [-0.3347873439992796f,-0.0694253722379112f,0.9397327024146469f,1.206402203909922f,-0.09919745038569278f,0.9943373499898812f,0.03811955209703145f,1.3109775314123902f,-0.9370577891116887f,-0.0804571445225826f,-0.33977838036047303f,-3.625f,0f,0f,0f,1f], start_interpolation: 0, interpolation_duration: 1 }