# This file was generated by Animated Java via MC-Build. It is not recommended to edit this file directly.
$data merge entity $(bone_left_eye) { transformation: [0.6390066733621627f,-0.13533933100504952f,0.7572012525621757f,0.9289712875382399f,0.010435152909822401f,0.9858341667656071f,0.1673980382839349f,1.6395377978798062f,-0.769130404406412f,-0.09906695271717385f,0.6313668980054009f,-4.065251367660481f,0f,0f,0f,1f], start_interpolation: 0, interpolation_duration: 1 }
$data merge entity $(bone_right_eye) { transformation: [0.6390066733621627f,-0.13533933100504952f,0.7572012525621757f,1.0887229558787805f,0.010435152909822401f,0.9858341667656071f,0.1673980382839349f,1.642146586107262f,-0.769130404406412f,-0.09906695271717385f,0.6313668980054009f,-4.2575339687620835f,0f,0f,0f,1f], start_interpolation: 0, interpolation_duration: 1 }
$data merge entity $(bone_right_close) { transformation: [0.6390066733621627f,-0.13533933100504952f,0.7572012525621757f,1.0434270123262102f,0.010435152909822401f,0.9858341667656071f,0.1673980382839349f,1.7216854899787195f,-0.769130404406412f,-0.09906695271717385f,0.6313668980054009f,-4.224298953139716f,0f,0f,0f,1f], start_interpolation: 0, interpolation_duration: 1 }
$data merge entity $(bone_left_close) { transformation: [0.6390066733621627f,-0.13533933100504952f,0.7572012525621757f,0.8836753439856695f,0.010435152909822401f,0.9858341667656071f,0.1673980382839349f,1.7190767017512638f,-0.769130404406412f,-0.09906695271717385f,0.6313668980054009f,-4.032016352038113f,0f,0f,0f,1f], start_interpolation: 0, interpolation_duration: 1 }
$data merge entity $(bone_left_eyebrow) { transformation: [0.6531524562798449f,0.006175109219865055f,0.7572012525621757f,0.8861656313637291f,-0.20318576834219376f,0.9647245411628558f,0.1673980382839349f,1.7005818487470161f,-0.7294569297763903f,-0.26318895817309684f,0.6313668980054009f,-4.030198307105791f,0f,0f,0f,1f], start_interpolation: 0, interpolation_duration: 1 }
$data merge entity $(bone_right_eyebrow) { transformation: [0.5822046525560348f,-0.2961148521441955f,0.7572012525621757f,1.0459172997042698f,0.2652322413685866f,0.9495418658054452f,0.1673980382839349f,1.7031906369744716f,-0.7685633355037843f,0.10337426866650695f,0.6313668980054009f,-4.222480908207394f,0f,0f,0f,1f], start_interpolation: 0, interpolation_duration: 1 }
$data merge entity $(bone_talking) { transformation: [0.6390066733621627f,-0.13533933100504952f,0.7572012525621757f,1.2450077229770424f,0.010435152909822401f,0.9858341667656071f,0.1673980382839349f,1.446135415087614f,-0.769130404406412f,-0.09906695271717385f,0.6313668980054009f,-3.8980395688746623f,0f,0f,0f,1f], start_interpolation: 0, interpolation_duration: 1 }
$data merge entity $(bone_m_opened) { transformation: [0.6390066733621627f,-0.13533933100504952f,0.7572012525621757f,1.2468105831021905f,0.010435152909822401f,0.9858341667656071f,0.1673980382839349f,1.4465339818454328f,-0.769130404406412f,-0.09906695271717385f,0.6313668980054009f,-3.8965363143556018f,0f,0f,0f,1f], start_interpolation: 0, interpolation_duration: 1 }
$data merge entity $(bone_head) { transformation: [0.6390066733621627f,-0.13533933100504952f,0.7572012525621757f,1.1976826446919064f,0.010435152909822401f,0.9858341667656071f,0.1673980382839349f,1.435673037694868f,-0.769130404406412f,-0.09906695271717385f,0.6313668980054009f,-3.9375f,0f,0f,0f,1f], start_interpolation: 0, interpolation_duration: 1 }
$data merge entity $(item_display_r_item) { transformation: [0.11044245453447346f,-0.41663827357664096f,-0.07497508404447971f,1.0754304533582415f,0.03752499154719524f,-0.0675444842002891f,0.4306226511268303f,0.6572054674024674f,-0.4216640715614548f,-0.11513705591682f,0.018684729300243612f,-4.342485073809959f,0f,0f,0f,1f], start_interpolation: 0, interpolation_duration: 1 }
$data merge entity $(bone_rightarm) { transformation: [0.25243989607879647f,-0.1713716206730967f,0.952316053889465f,1.2064022039099223f,0.08577140925073198f,0.9842803454327549f,0.1543873924578039f,1.3109775314123902f,-0.9638035921404681f,0.042707952686271054f,0.26317041352416f,-4.25f,0f,0f,0f,1f], start_interpolation: 0, interpolation_duration: 1 }
$data merge entity $(item_display_l_item) { transformation: [-0.14632499647813962f,-0.4110637277155449f,-0.03196650062601091f,1.017175074681055f,-0.045098968878407614f,-0.017759156542496584f,0.43480679084508733f,0.6796768836094101f,-0.40983085341610975f,0.14871944767077178f,-0.036434152559428674f,-3.4879686691032323f,0f,0f,0f,1f], start_interpolation: 0, interpolation_duration: 1 }
$data merge entity $(bone_leftarm) { transformation: [-0.3344571348071763f,-0.07306628714516801f,0.9395742347783883f,1.206402203909922f,-0.10308335743636027f,0.9938440933601996f,0.04059235781142099f,1.3109775314123902f,-0.9367562363796794f,-0.08327806299297974f,-0.33993016610462123f,-3.625f,0f,0f,0f,1f], start_interpolation: 0, interpolation_duration: 1 }