# This file was generated by Animated Java via MC-Build. It is not recommended to edit this file directly.
$data merge entity $(bone_left_eye) { transformation: [0.7001860412235467f,-0.12948752919393616f,0.7021199950570751f,0.9393261812468686f,0.02602244567473108f,0.9873909065154542f,0.15614746252083314f,1.6416087518728444f,-0.7134860475137572f,-0.0910613942010491f,0.6947269121671894f,-4.082534111403569f,0f,0f,0f,1f], start_interpolation: 0, interpolation_duration: 1 }
$data merge entity $(bone_right_eye) { transformation: [0.7001860412235467f,-0.12948752919393616f,0.7021199950570751f,1.1143726915527552f,0.02602244567473108f,0.9873909065154542f,0.15614746252083314f,1.648114363291527f,-0.7134860475137572f,-0.0910613942010491f,0.6947269121671894f,-4.2609056232820075f,0f,0f,0f,1f], start_interpolation: 0, interpolation_duration: 1 }
$data merge entity $(bone_right_close) { transformation: [0.7001860412235467f,-0.12948752919393616f,0.7021199950570751f,1.0667831570350896f,0.02602244567473108f,0.9873909065154542f,0.15614746252083314f,1.7269622155572453f,-0.7134860475137572f,-0.0910613942010491f,0.6947269121671894f,-4.230531570810114f,0f,0f,0f,1f], start_interpolation: 0, interpolation_duration: 1 }
$data merge entity $(bone_left_close) { transformation: [0.7001860412235467f,-0.12948752919393616f,0.7021199950570751f,0.8917366467292029f,0.02602244567473108f,0.9873909065154542f,0.15614746252083314f,1.7204566041385627f,-0.7134860475137572f,-0.0910613942010491f,0.6947269121671894f,-4.052160058931675f,0f,0f,0f,1f], start_interpolation: 0, interpolation_duration: 1 }
$data merge entity $(bone_left_eyebrow) { transformation: [0.711615067116196f,0.02512983872340732f,0.7021199950570751f,0.8941206554018982f,-0.188304896804463f,0.9696180875931334f,0.15614746252083314f,1.7019332654249906f,-0.6768642863179237f,-0.24332952023535903f,0.6947269121671894f,-4.050496078222416f,0f,0f,0f,1f], start_interpolation: 0, interpolation_duration: 1 }
$data merge entity $(bone_right_eyebrow) { transformation: [0.6428139417662666f,-0.30629683121437523f,0.7021199950570751f,1.0691671657077848f,0.2806913239076692f,0.9470112727054862f,0.15614746252083314f,1.7084388768436733f,-0.7127430230832671f,0.09670522507479946f,0.6947269121671894f,-4.2288675901008554f,0f,0f,0f,1f], start_interpolation: 0, interpolation_duration: 1 }
$data merge entity $(bone_talking) { transformation: [0.7001860412235467f,-0.12948752919393616f,0.7021199950570751f,1.2415651443829736f,0.02602244567473108f,0.9873909065154542f,0.15614746252083314f,1.4454322541024203f,-0.7134860475137572f,-0.0910613942010491f,0.6947269121671894f,-3.8940795679895506f,0f,0f,0f,1f], start_interpolation: 0, interpolation_duration: 1 }
$data merge entity $(bone_m_opened) { transformation: [0.7001860412235467f,-0.12948752919393616f,0.7021199950570751f,1.2433413407990406f,0.02602244567473108f,0.9873909065154542f,0.15614746252083314f,1.4458272700046306f,-0.7134860475137572f,-0.0910613942010491f,0.6947269121671894f,-3.892322074312937f,0f,0f,0f,1f], start_interpolation: 0, interpolation_duration: 1 }
$data merge entity $(bone_head) { transformation: [0.7001860412235467f,-0.12948752919393616f,0.7021199950570751f,1.1976826446919064f,0.02602244567473108f,0.9873909065154542f,0.15614746252083314f,1.435673037694868f,-0.7134860475137572f,-0.0910613942010491f,0.6947269121671894f,-3.9375f,0f,0f,0f,1f], start_interpolation: 0, interpolation_duration: 1 }
$data merge entity $(item_display_r_item) { transformation: [0.11308542444980241f,-0.4167715665470894f,-0.07013842096093245f,1.0684447672557749f,0.039920363500858765f,-0.06174767581776094f,0.43127698652845364f,0.6595831644758787f,-0.4207425594766559f,-0.11787678248488817f,0.022068366410838557f,-4.348884399149705f,0f,0f,0f,1f], start_interpolation: 0, interpolation_duration: 1 }
$data merge entity $(bone_rightarm) { transformation: [0.25848097017097693f,-0.16031639076784582f,0.9526207235362044f,1.2064022039099223f,0.09124654514482003f,0.985775969207894f,0.14113754472631093f,1.3109775314123902f,-0.9616972788037849f,0.05044198036763092f,0.2694326456797444f,-4.25f,0f,0f,0f,1f], start_interpolation: 0, interpolation_duration: 1 }
$data merge entity $(item_display_l_item) { transformation: [-0.14620634725330184f,-0.4109409986261071f,-0.03402131201210029f,1.0201806504265756f,-0.04649516056720098f,-0.019436765219791836f,0.43458792229147475f,0.6790309194418308f,-0.40971716350023357f,0.14884877495622348f,-0.03717711833042512f,-3.486833388124408f,0f,0f,0f,1f], start_interpolation: 0, interpolation_duration: 1 }
$data merge entity $(bone_leftarm) { transformation: [-0.3341859365789756f,-0.07776299888480087f,0.9392937111453877f,1.206402203909922f,-0.10627465272503081f,0.9933438223805137f,0.04442689193095299f,1.3109775314123902f,-0.9364963737148195f,-0.08497627046954305f,-0.3402257713285108f,-3.625f,0f,0f,0f,1f], start_interpolation: 0, interpolation_duration: 1 }