# This file was generated by Animated Java via MC-Build. It is not recommended to edit this file directly.
$data merge entity $(bone_left_eye) { transformation: [0.7645094187845841f,-0.1248443336918004f,0.6324074959507577f,0.9527178987079774f,0.0422633117906817f,0.9886628929078111f,0.14408156253886759f,1.6437418497964587f,-0.6432255911156994f,-0.08342407645403323f,0.7611184286309528f,-4.101812586917971f,0f,0f,0f,1f], start_interpolation: 0, interpolation_duration: 1 }
$data merge entity $(bone_right_eye) { transformation: [0.7645094187845841f,-0.1248443336918004f,0.6324074959507577f,1.1438452534041235f,0.0422633117906817f,0.9886628929078111f,0.14408156253886759f,1.6543076777441292f,-0.6432255911156994f,-0.08342407645403323f,0.7611184286309528f,-4.262618984696896f,0f,0f,0f,1f], start_interpolation: 0, interpolation_duration: 1 }
$data merge entity $(bone_right_close) { transformation: [0.7645094187845841f,-0.1248443336918004f,0.6324074959507577f,1.093789762516881f,0.0422633117906817f,0.9886628929078111f,0.14408156253886759f,1.732430144309699f,-0.6432255911156994f,-0.08342407645403323f,0.7611184286309528f,-4.2358170313726f,0f,0f,0f,1f], start_interpolation: 0, interpolation_duration: 1 }
$data merge entity $(bone_left_close) { transformation: [0.7645094187845841f,-0.1248443336918004f,0.6324074959507577f,0.902662407820735f,0.0422633117906817f,0.9886628929078111f,0.14408156253886759f,1.7218643163620284f,-0.6432255911156994f,-0.08342407645403323f,0.7611184286309528f,-4.075010633593674f,0f,0f,0f,1f], start_interpolation: 0, interpolation_duration: 1 }
$data merge entity $(bone_left_eyebrow) { transformation: [0.7734087523515834f,0.0435850989589255f,0.6324074959507577f,0.9049637136089594f,-0.17272431230698723f,0.9743750896212591f,0.14408156253886759f,1.7033178820223482f,-0.6099223013827625f,-0.22066609135593068f,0.7611184286309528f,-4.07349400206195f,0f,0f,0f,1f], start_interpolation: 0, interpolation_duration: 1 }
$data merge entity $(bone_right_eyebrow) { transformation: [0.7061473008127025f,-0.31845996392046966f,0.6324074959507577f,1.0960910683051055f,0.29670801023382215f,0.9440364717527837f,0.14408156253886759f,1.7138837099700188f,-0.642899950395099f,0.08589756329680534f,0.7611184286309528f,-4.234300399840875f,0f,0f,0f,1f], start_interpolation: 0, interpolation_duration: 1 }
$data merge entity $(bone_talking) { transformation: [0.7645094187845841f,-0.1248443336918004f,0.6324074959507577f,1.2372081131888288f,0.0422633117906817f,0.9886628929078111f,0.14408156253886759f,1.4446781353535474f,-0.6432255911156994f,-0.08342407645403323f,0.7611184286309528f,-3.8899300982105656f,0f,0f,0f,1f], start_interpolation: 0, interpolation_duration: 1 }
$data merge entity $(bone_m_opened) { transformation: [0.7645094187845841f,-0.1248443336918004f,0.6324074959507577f,1.238902061838697f,0.0422633117906817f,0.9886628929078111f,0.14408156253886759f,1.445064068110348f,-0.6432255911156994f,-0.08342407645403323f,0.7611184286309528f,-3.8878913881338755f,0f,0f,0f,1f], start_interpolation: 0, interpolation_duration: 1 }
$data merge entity $(bone_head) { transformation: [0.7645094187845841f,-0.1248443336918004f,0.6324074959507577f,1.1976826446919064f,0.0422633117906817f,0.9886628929078111f,0.14408156253886759f,1.435673037694868f,-0.6432255911156994f,-0.08342407645403323f,0.7611184286309528f,-3.9375f,0f,0f,0f,1f], start_interpolation: 0, interpolation_duration: 1 }
$data merge entity $(item_display_r_item) { transformation: [0.11684010348581797f,-0.41685604212864596f,-0.0631322449962287f,1.0583876726881658f,0.042338283283420645f,-0.05357967164792987f,0.43213763843793196f,0.6630210927022417f,-0.4194783784488018f,-0.12151752518439679f,0.02603134815992657f,-4.356626226048122f,0f,0f,0f,1f], start_interpolation: 0, interpolation_duration: 1 }
$data merge entity $(bone_rightarm) { transformation: [0.26706309368186965f,-0.14430227427709438f,0.9528138105797622f,1.2064022039099223f,0.0967732189335329f,0.9877431735724159f,0.12246782090955421f,1.3109775314123902f,-0.9588077221686898f,0.05950022436554638f,0.27775434327862125f,-4.25f,0f,0f,0f,1f], start_interpolation: 0, interpolation_duration: 1 }
$data merge entity $(item_display_l_item) { transformation: [-0.1461171252652346f,-0.4107525582432532f,-0.036583761436553563f,1.0239489726802826f,-0.0475450244390903f,-0.021773468296516746f,0.43436348457188123f,0.6780162858545502f,-0.40962849797750894f,0.14904530175407577f,-0.03736631731555105f,-3.4864508028325982f,0f,0f,0f,1f], start_interpolation: 0, interpolation_duration: 1 }
$data merge entity $(bone_leftarm) { transformation: [-0.3339820006062505f,-0.08362002614069407f,0.938862990270293f,1.206402203909922f,-0.10867434157506353f,0.9928308218785856f,0.049767927534895645f,1.3109775314123902f,-0.9362937096628776f,-0.08540872529268803f,-0.34067497543788744f,-3.625f,0f,0f,0f,1f], start_interpolation: 0, interpolation_duration: 1 }