# This file was generated by Animated Java via MC-Build. It is not recommended to edit this file directly.
$data merge entity $(bone_left_eye) { transformation: [0.8088193202878147f,-0.12110803453274184f,0.5754512586664255f,0.9640708125474223f,0.05357607523131799f,0.9896695880361799f,0.13298011384829622f,1.6459059889454186f,-0.5856115703194099f,-0.07672646536830614f,0.8069523766741881f,-4.115360036222431f,0f,0f,0f,1f], start_interpolation: 0, interpolation_duration: 1 }
$data merge entity $(bone_right_eye) { transformation: [0.8088193202878147f,-0.12110803453274184f,0.5754512586664255f,1.166275642619376f,0.05357607523131799f,0.9896695880361799f,0.13298011384829622f,1.659300007753248f,-0.5856115703194099f,-0.07672646536830614f,0.8069523766741881f,-4.261762928802283f,0f,0f,0f,1f], start_interpolation: 0, interpolation_duration: 1 }
$data merge entity $(bone_right_close) { transformation: [0.8088193202878147f,-0.12110803453274184f,0.5754512586664255f,1.1148052086223061f,0.05357607523131799f,0.9896695880361799f,0.13298011384829622f,1.7369530696736935f,-0.5856115703194099f,-0.07672646536830614f,0.8069523766741881f,-4.237855182111724f,0f,0f,0f,1f], start_interpolation: 0, interpolation_duration: 1 }
$data merge entity $(bone_left_close) { transformation: [0.8088193202878147f,-0.12110803453274184f,0.5754512586664255f,0.9126003785503526f,0.05357607523131799f,0.9896695880361799f,0.13298011384829622f,1.723559050865864f,-0.5856115703194099f,-0.07672646536830614f,0.8069523766741881f,-4.091452289531872f,0f,0f,0f,1f], start_interpolation: 0, interpolation_duration: 1 }
$data merge entity $(bone_left_eyebrow) { transformation: [0.815859649117521f,0.05682325088431453f,0.5754512586664255f,0.9148351884941748f,-0.1618975952353392f,0.977806452207137f,0.13298011384829622f,1.7049944348330701f,-0.5551235912829227f,-0.2016572839771224f,0.8069523766741881f,-4.090064102829758f,0f,0f,0f,1f], start_interpolation: 0, interpolation_duration: 1 }
$data merge entity $(bone_right_eyebrow) { transformation: [0.7499144044155627f,-0.32631922246364575f,0.5754512586664255f,1.1170400185661284f,0.3078958524796653f,0.9420809059452984f,0.13298011384829622f,1.7183884536408995f,-0.5855156104459315f,0.07745535297193666f,0.8069523766741881f,-4.23646699540961f,0f,0f,0f,1f], start_interpolation: 0, interpolation_duration: 1 }
$data merge entity $(bone_talking) { transformation: [0.8088193202878147f,-0.12110803453274184f,0.5754512586664255f,1.233648348358558f,0.05357607523131799f,0.9896695880361799f,0.13298011384829622f,1.4439842948103867f,-0.5856115703194099f,-0.07672646536830614f,0.8069523766741881f,-3.8870654764578627f,0f,0f,0f,1f], start_interpolation: 0, interpolation_duration: 1 }
$data merge entity $(bone_m_opened) { transformation: [0.8088193202878147f,-0.12110803453274184f,0.5754512586664255f,1.235275368286335f,0.05357607523131799f,0.9896695880361799f,0.13298011384829622f,1.444360280251327f,-0.5856115703194099f,-0.07672646536830614f,0.8069523766741881f,-3.8847839146785756f,0f,0f,0f,1f], start_interpolation: 0, interpolation_duration: 1 }
$data merge entity $(bone_head) { transformation: [0.8088193202878147f,-0.12110803453274184f,0.5754512586664255f,1.1976826446919064f,0.05357607523131799f,0.9896695880361799f,0.13298011384829622f,1.435673037694868f,-0.5856115703194099f,-0.07672646536830614f,0.8069523766741881f,-3.9374999999999996f,0f,0f,0f,1f], start_interpolation: 0, interpolation_duration: 1 }
$data merge entity $(item_display_r_item) { transformation: [0.12180637823621236f,-0.4167485680807962f,-0.053759531467291094f,1.045059495674169f,0.044763976682431414f,-0.042784754133636034f,0.43309571829481186f,0.6678209314862954f,-0.417810534348467f,-0.12608071151579933f,0.030728839404023836f,-4.365944462871919f,0f,0f,0f,1f], start_interpolation: 0, interpolation_duration: 1 }
$data merge entity $(bone_rightarm) { transformation: [0.27841457882562826f,-0.12287892906809414f,0.9525681556132485f,1.2064022039099223f,0.10231766098841466f,0.9899330703881414f,0.09779372373402544f,1.3109775314123902f,-0.9549955070822103f,0.07023734720919728f,0.28818448346468417f,-4.25f,0f,0f,0f,1f], start_interpolation: 0, interpolation_duration: 1 }
$data merge entity $(item_display_l_item) { transformation: [-0.14606094115806328f,-0.41048316868728457f,-0.039699114504822816f,1.0285534139526493f,-0.04820611481942644f,-0.024832697537978805f,0.43412643046352695f,0.6766068035856494f,-0.40957126603564004f,0.14930892591346814f,-0.03693876934237835f,-3.48691094327462f,0f,0f,0f,1f], start_interpolation: 0, interpolation_duration: 1 }
$data merge entity $(bone_leftarm) { transformation: [-0.33385357978985897f,-0.09074083315388093f,0.9382472427137933f,1.206402203909922f,-0.11018540530154614f,0.992288983916633f,0.056760451515380346f,1.3109775314123902f,-0.9361628937957487f,-0.08443147278257901f,-0.34127754494507007f,-3.6249999999999996f,0f,0f,0f,1f], start_interpolation: 0, interpolation_duration: 1 }
$data merge entity $(bone_body) { transformation: [3.4450928483976665e-16f,-0.0697564737441253f,0.9975640502598242f,1.2500000000000004f,0f,0.9975640502598242f,0.0697564737441253f,0.6875f,-1f,-2.4031752882532567e-17f,3.436700775368731e-16f,-3.9374999999999996f,0f,0f,0f,1f], start_interpolation: 0, interpolation_duration: 1 }
$data merge entity $(bone_leftleg) { transformation: [-0.21643961393810254f,4.670220861056469e-17f,0.9762960071199335f,1.2500000000000004f,-0.12743220028900526f,0.9914448613738104f,-0.028251038652918573f,0.75f,-0.9679436594388271f,-0.13052619222005157f,-0.2145879430366631f,-3.8124999999999996f,0f,0f,0f,1f], start_interpolation: 0, interpolation_duration: 1 }
$data merge entity $(bone_rightleg) { transformation: [0.17364817766693066f,-3.08933243416628e-17f,0.9848077530122079f,1.2500000000000004f,0.0858316511774313f,0.9961946980917455f,-0.015134435901338623f,0.78125f,-0.9810602621904068f,0.08715574274765817f,0.1729873939250898f,-4.0625f,0f,0f,0f,1f], start_interpolation: 0, interpolation_duration: 1 }