# This file was generated by Animated Java via MC-Build. It is not recommended to edit this file directly.
$data merge entity $(bone_left_eye) { transformation: [0.8253138549758237f,-0.14858206016663095f,0.5447755612925244f,0.9211790074551397f,0.05905088640395023f,0.9821808594163866f,0.1784201564033504f,1.6292318526476333f,-0.5615781633929983f,-0.11508314730110543f,0.8193813737249701f,-4.100918859832393f,0f,0f,0f,1f], start_interpolation: 0, interpolation_duration: 1 }
$data merge entity $(bone_right_eye) { transformation: [0.8253138549758237f,-0.14858206016663095f,0.5447755612925244f,1.1275074711990956f,0.05905088640395023f,0.9821808594163866f,0.1784201564033504f,1.6439945742486208f,-0.5615781633929983f,-0.11508314730110543f,0.8193813737249701f,-4.241313400680643f,0f,0f,0f,1f], start_interpolation: 0, interpolation_duration: 1 }
$data merge entity $(bone_right_close) { transformation: [0.8253138549758237f,-0.14858206016663095f,0.5447755612925244f,1.1154351788105568f,0.05905088640395023f,0.9821808594163866f,0.1784201564033504f,1.7237967690762022f,-0.5615781633929983f,-0.11508314730110543f,0.8193813737249701f,-4.2506639063988585f,0f,0f,0f,1f], start_interpolation: 0, interpolation_duration: 1 }
$data merge entity $(bone_left_close) { transformation: [0.8253138549758237f,-0.14858206016663095f,0.5447755612925244f,0.9091067150666009f,0.05905088640395023f,0.9821808594163866f,0.1784201564033504f,1.7090340474752146f,-0.5615781633929983f,-0.11508314730110543f,0.8193813737249701f,-4.110269365550608f,0f,0f,0f,1f], start_interpolation: 0, interpolation_duration: 1 }
$data merge entity $(bone_left_eyebrow) { transformation: [0.8379096649742499f,0.033570540078399186f,0.5447755612925244f,0.9118585802221445f,-0.15493170141640744f,0.9716802023738166f,0.1784201564033504f,1.6906070051013824f,-0.5233579666336966f,-0.23390297807771376f,0.8193813737249701f,-4.10816276787457f,0f,0f,0f,1f], start_interpolation: 0, interpolation_duration: 1 }
$data merge entity $(bone_right_eyebrow) { transformation: [0.7587361003836461f,-0.35712619309290805f,0.5447755612925244f,1.1181870439661004f,0.31124588839495987f,0.9334303641655526f,0.1784201564033504f,1.70536972670237f,-0.5722285617931441f,0.03418533985103636f,0.8193813737249701f,-4.24855730872282f,0f,0f,0f,1f], start_interpolation: 0, interpolation_duration: 1 }
$data merge entity $(bone_talking) { transformation: [0.8253138549758237f,-0.14858206016663095f,0.5447755612925244f,1.2317311172726892f,0.05905088640395023f,0.9821808594163866f,0.1784201564033504f,1.4468242974700776f,-0.5615781633929983f,-0.11508314730110543f,0.8193813737249701f,-3.8862886641421888f,0f,0f,0f,1f], start_interpolation: 0, interpolation_duration: 1 }
$data merge entity $(bone_m_opened) { transformation: [0.8253138549758237f,-0.14858206016663095f,0.5447755612925244f,1.2318932528564073f,0.05905088640395023f,0.9821808594163866f,0.1784201564033504f,1.4468773987071024f,-0.5615781633929983f,-0.11508314730110543f,0.8193813737249701f,-3.886044800638104f,0f,0f,0f,1f], start_interpolation: 0, interpolation_duration: 1 }
$data merge entity $(bone_head) { transformation: [0.8253138549758237f,-0.14858206016663095f,0.5447755612925244f,1.1976826446919064f,0.05905088640395023f,0.9821808594163866f,0.1784201564033504f,1.435673037694868f,-0.5615781633929983f,-0.11508314730110543f,0.8193813737249701f,-3.9374999999999996f,0f,0f,0f,1f], start_interpolation: 0, interpolation_duration: 1 }
$data merge entity $(item_display_r_item) { transformation: [0.12977201223696008f,-0.41645104208480666f,-0.033674981610222754f,1.016537296447494f,0.01131424545456603f,-0.03174623725139697f,0.43619997050684434f,0.6696940094018143f,-0.41765711138416417f,-0.1302572683839815f,0.0013532713620379088f,-4.326365969593758f,0f,0f,0f,1f], start_interpolation: 0, interpolation_duration: 1 }
$data merge entity $(bone_rightarm) { transformation: [0.29662174225590876f,-0.07697138653765222f,0.9518880961938438f,1.2064022039099223f,0.025861132467579494f,0.9970285040156441f,0.07256282800319329f,1.3109775314123902f,-0.9546448260209467f,0.0030931916846580116f,0.29773089916338624f,-4.25f,0f,0f,0f,1f], start_interpolation: 0, interpolation_duration: 1 }
$data merge entity $(item_display_l_item) { transformation: [-0.14904803470179595f,-0.41018218561225717f,-0.03068400166021415f,1.0158466716460812f,-0.013043298323627715f,-0.027906758989372938f,0.4364141784721824f,0.6715819856010592f,-0.4111214002218482f,0.14959290561073021f,-0.0027215566439213537f,-3.535630401588266f,0f,0f,0f,1f], start_interpolation: 0, interpolation_duration: 1 }
$data merge entity $(bone_leftarm) { transformation: [-0.3406812221755336f,-0.07013486093763255f,0.9375592813994449f,1.206402203909922f,-0.029813253311149063f,0.9975181222221312f,0.06378687768999551f,1.3109775314123902f,-0.9397060576499388f,-0.006220700900391589f,-0.3419266413959548f,-3.6249999999999996f,0f,0f,0f,1f], start_interpolation: 0, interpolation_duration: 1 }