# This file was generated by Animated Java via MC-Build. It is not recommended to edit this file directly.
$data merge entity $(bone_left_eye) { transformation: [0.8171566310795416f,-0.11935973533662618f,0.5639222409721968f,0.9661762537477643f,0.05714115806989161f,0.9902808582469781f,0.1268018526838626f,1.6472992177878096f,-0.5735764363510459f,-0.0713938048432697f,0.8160349234517084f,-4.116760696727086f,0f,0f,0f,1f], start_interpolation: 0, interpolation_duration: 1 }
$data merge entity $(bone_right_eye) { transformation: [0.8171566310795416f,-0.11935973533662618f,0.5639222409721968f,1.1704654115176496f,0.05714115806989161f,0.9902808582469781f,0.1268018526838626f,1.6615845073052824f,-0.5735764363510459f,-0.0713938048432697f,0.8160349234517084f,-4.260154805814848f,0f,0f,0f,1f], start_interpolation: 0, interpolation_duration: 1 }
$data merge entity $(bone_right_close) { transformation: [0.8171566310795416f,-0.11935973533662618f,0.5639222409721968f,1.1193087510035424f,0.05714115806989161f,0.9902808582469781f,0.1268018526838626f,1.7391457535769503f,-0.5735764363510459f,-0.0713938048432697f,0.8160349234517084f,-4.236854983261141f,0f,0f,0f,1f], start_interpolation: 0, interpolation_duration: 1 }
$data merge entity $(bone_left_close) { transformation: [0.8171566310795416f,-0.11935973533662618f,0.5639222409721968f,0.9150195932336571f,0.05714115806989161f,0.9902808582469781f,0.1268018526838626f,1.7248604640594776f,-0.5735764363510459f,-0.0713938048432697f,0.8160349234517084f,-4.093460874173379f,0f,0f,0f,1f], start_interpolation: 0, interpolation_duration: 1 }
$data merge entity $(bone_left_eyebrow) { transformation: [0.8236209311505464f,0.06033463273777659f,0.5639222409721968f,0.9172223431311581f,-0.15854932218342496f,0.9791748580264489f,0.1268018526838626f,1.706284772851554f,-0.5445279370297572f,-0.19384614904939718f,0.8160349234517084f,-4.092173242515284f,0f,0f,0f,1f], start_interpolation: 0, interpolation_duration: 1 }
$data merge entity $(bone_right_eyebrow) { transformation: [0.7584201213595824f,-0.3267883499358749f,0.5639222409721968f,1.1215115009010435f,0.31149766643856186f,0.9417486362927585f,0.1268018526838626f,1.720570062369027f,-0.5725103696180941f,0.0794913856145287f,0.8160349234517084f,-4.235567351603045f,0f,0f,0f,1f], start_interpolation: 0, interpolation_duration: 1 }
$data merge entity $(bone_talking) { transformation: [0.8171566310795416f,-0.11935973533662618f,0.5639222409721968f,1.2329277847526687f,0.05714115806989161f,0.9902808582469781f,0.1268018526838626f,1.4435981534876094f,-0.5735764363510459f,-0.0713938048432697f,0.8160349234517084f,-3.886497817284268f,0f,0f,0f,1f], start_interpolation: 0, interpolation_duration: 1 }
$data merge entity $(bone_m_opened) { transformation: [0.8171566310795416f,-0.11935973533662618f,0.5639222409721968f,1.2346061247555622f,0.05714115806989161f,0.9902808582469781f,0.1268018526838626f,1.4439755399539305f,-0.5735764363510459f,-0.0713938048432697f,0.8160349234517084f,-3.8840691419168523f,0f,0f,0f,1f], start_interpolation: 0, interpolation_duration: 1 }
$data merge entity $(bone_head) { transformation: [0.8171566310795416f,-0.11935973533662618f,0.5639222409721968f,1.1976826446919064f,0.05714115806989161f,0.9902808582469781f,0.1268018526838626f,1.435673037694868f,-0.5735764363510459f,-0.0713938048432697f,0.8160349234517084f,-3.9375f,0f,0f,0f,1f], start_interpolation: 0, interpolation_duration: 1 }
$data merge entity $(item_display_r_item) { transformation: [0.1280790605973043f,-0.41623476009092664f,-0.041840515395496415f,1.0283259344229592f,0.04717994360468329f,-0.02910597640794342f,0.4339736686237992f,0.6743831611452806f,-0.41566339405578034f,-0.13155879533269133f,0.03636586603726194f,-4.377127691671912f,0f,0f,0f,1f], start_interpolation: 0, interpolation_duration: 1 }
$data merge entity $(bone_rightarm) { transformation: [0.29275213850812415f,-0.09563546376113487f,0.9513937373506894f,1.2064022039099223f,0.10783987109641896f,0.9919398139972554f,0.06652794607529947f,1.3109775314123902f,-0.9500877578417837f,0.08312197951374152f,0.3007058179032945f,-4.25f,0f,0f,0f,1f], start_interpolation: 0, interpolation_duration: 1 }
$data merge entity $(item_display_l_item) { transformation: [-0.14604140902274754f,-0.41011407756517726f,-0.043411982602897234f,1.0340684204482455f,-0.048435935860295876f,-0.028677959258805685f,0.4338637859629305f,0.6747847176031718f,-0.4095511164286918f,0.1496337797277539f,-0.0358310618932535f,-3.4883077517366354f,0f,0f,0f,1f], start_interpolation: 0, interpolation_duration: 1 }
$data merge entity $(bone_leftarm) { transformation: [-0.3338089349091372f,-0.09922738880662245f,0.9374036058632623f,1.206402203909922f,-0.11071071053781914f,0.9916886536295555f,0.06554962116298464f,1.3109775314123902f,-0.9361168375512955f,-0.08189957004172221f,-0.3420200679491518f,-3.625f,0f,0f,0f,1f], start_interpolation: 0, interpolation_duration: 1 }
$data merge entity $(bone_body) { transformation: [3.4450928483976665e-16f,-0.0697564737441253f,0.9975640502598242f,1.2500000000000004f,0f,0.9975640502598242f,0.0697564737441253f,0.6875f,-1f,-2.4031752882532567e-17f,3.436700775368731e-16f,-3.9375f,0f,0f,0f,1f], start_interpolation: 0, interpolation_duration: 1 }
$data merge entity $(bone_leftleg) { transformation: [-0.21643961393810254f,4.670220861056469e-17f,0.9762960071199335f,1.2500000000000004f,-0.12743220028900526f,0.9914448613738104f,-0.028251038652918573f,0.75f,-0.9679436594388271f,-0.13052619222005157f,-0.2145879430366631f,-3.8125f,0f,0f,0f,1f], start_interpolation: 0, interpolation_duration: 1 }
$data merge entity $(bone_rightleg) { transformation: [0.17364817766693066f,-3.08933243416628e-17f,0.9848077530122079f,1.2500000000000004f,0.0858316511774313f,0.9961946980917455f,-0.015134435901338623f,0.8125f,-0.9810602621904068f,0.08715574274765817f,0.1729873939250898f,-4.0625f,0f,0f,0f,1f], start_interpolation: 0, interpolation_duration: 1 }