# This file was generated by Animated Java via MC-Build. It is not recommended to edit this file directly.
$data merge entity $(bone_left_eye) { transformation: [0.8802887555984158f,-0.10605518708936496f,0.4624327021939867f,0.987310323944516f,0.05212276172483497f,0.9904136117069291f,0.1279222242450948f,1.647386677430964f,-0.4715664581765424f,-0.08850522604386729f,0.877377855023567f,-4.17222766991827f,0f,0f,0f,1f], start_interpolation: 0, interpolation_duration: 1 }
$data merge entity $(bone_right_eye) { transformation: [0.8802887555984158f,-0.10605518708936496f,0.4624327021939867f,1.20738251284412f,0.05212276172483497f,0.9904136117069291f,0.1279222242450948f,1.6604173678621728f,-0.4715664581765424f,-0.08850522604386729f,0.877377855023567f,-4.2901192844624045f,0f,0f,0f,1f], start_interpolation: 0, interpolation_duration: 1 }
$data merge entity $(bone_right_close) { transformation: [0.8802887555984158f,-0.10605518708936496f,0.4624327021939867f,1.1547510911131882f,0.05212276172483497f,0.9904136117069291f,0.1279222242450948f,1.738282335727119f,-0.4715664581765424f,-0.08850522604386729f,0.877377855023567f,-4.273732011169642f,0f,0f,0f,1f], start_interpolation: 0, interpolation_duration: 1 }
$data merge entity $(bone_left_close) { transformation: [0.8802887555984158f,-0.10605518708936496f,0.4624327021939867f,0.9346789022135842f,0.05212276172483497f,0.9904136117069291f,0.1279222242450948f,1.7252516452959104f,-0.4715664581765424f,-0.08850522604386729f,0.877377855023567f,-4.155840396625507f,0f,0f,0f,1f], start_interpolation: 0, interpolation_duration: 1 }
$data merge entity $(bone_left_eyebrow) { transformation: [0.8823769409530637f,0.0869881027260696f,0.4624327021939867f,0.9366385349276227f,-0.1634774956048698f,0.978218284931818f,0.1279222242450948f,1.7066733949373902f,-0.4412324132530082f,-0.18847296094976415f,0.877377855023567f,-4.154235759753123f,0f,0f,0f,1f], start_interpolation: 0, interpolation_duration: 1 }
$data merge entity $(bone_right_eyebrow) { transformation: [0.8228445413737369f,-0.3302769393600048f,0.4624327021939867f,1.1567107238272267f,0.3066846269260556f,0.9431757228382279f,0.1279222242450948f,1.719704085368599f,-0.4784050588556426f,0.036560896810307206f,0.877377855023567f,-4.272127374297258f,0f,0f,0f,1f], start_interpolation: 0, interpolation_duration: 1 }
$data merge entity $(bone_talking) { transformation: [0.8802887555984158f,-0.10605518708936496f,0.4624327021939867f,1.2243559968223592f,0.05212276172483497f,0.9904136117069291f,0.1279222242450948f,1.4436681767101864f,-0.4715664581765424f,-0.08850522604386729f,0.877377855023567f,-3.9112882680756784f,0f,0f,0f,1f], start_interpolation: 0, interpolation_duration: 1 }
$data merge entity $(bone_m_opened) { transformation: [0.8802887555984158f,-0.10605518708936496f,0.4624327021939867f,1.2258010990167154f,0.05212276172483497f,0.9904136117069291f,0.1279222242450948f,1.4440679336609523f,-0.4715664581765424f,-0.08850522604386729f,0.877377855023567f,-3.90854646227873f,0f,0f,0f,1f], start_interpolation: 0, interpolation_duration: 1 }
$data merge entity $(bone_head) { transformation: [0.8802887555984158f,-0.10605518708936496f,0.4624327021939867f,1.195453952935235f,0.05212276172483497f,0.9904136117069291f,0.1279222242450948f,1.435673037694868f,-0.4715664581765424f,-0.08850522604386729f,0.877377855023567f,-3.9661243840146514f,0f,0f,0f,1f], start_interpolation: 0, interpolation_duration: 1 }
$data merge entity $(item_display_r_item) { transformation: [0.2364333793776278f,-0.3671023167537946f,0.027228590673616656f,1.0110243722374286f,0.05357429529322387f,0.0663325498097478f,0.42911075227681234f,0.7358664851939426f,-0.3641912986328877f,-0.22856537767066556f,0.08080108990822375f,-4.518113220890239f,0f,0f,0f,1f], start_interpolation: 0, interpolation_duration: 1 }
$data merge entity $(bone_rightarm) { transformation: [0.5404191528631492f,0.062236778682552174f,0.8390910097229591f,1.2596951113447634f,0.12245553209879742f,0.9808245766327139f,-0.15161725670799475f,1.3109775314123902f,-0.832437254018029f,0.18468820550451132f,0.5224351489615213f,-4.272074305209539f,0f,0f,0f,1f], start_interpolation: 0, interpolation_duration: 1 }
$data merge entity $(item_display_l_item) { transformation: [-0.07493433713783199f,-0.42511651090189073f,-0.0711831951819832f,1.0071396132456705f,-0.04716103230765617f,-0.06373084866170226f,0.4302562793969838f,0.6599080758957263f,-0.42844711709776967f,0.08136695328855434f,-0.03491041052677941f,-3.5607008722601474f,0f,0f,0f,1f], start_interpolation: 0, interpolation_duration: 1 }
$data merge entity $(bone_leftarm) { transformation: [-0.1712784848864731f,-0.16270444613024754f,0.9716948820614645f,1.1483730549296318f,-0.10779664527464267f,0.9834429243359629f,0.14567051122674823f,1.3109775314123902f,-0.9793076962234736f,-0.07979522406121003f,-0.18598160751669565f,-3.6570682891775776f,0f,0f,0f,1f], start_interpolation: 0, interpolation_duration: 1 }
$data merge entity $(bone_body) { transformation: [0.17811529026421058f,-0.0686410416157003f,0.9816126276592043f,1.2469347341470103f,0f,0.9975640502598242f,0.0697564737441253f,0.6875f,-0.9840096256511397f,-0.012424694568742662f,0.17768141036917015f,-3.9568058630880945f,0f,0f,0f,1f], start_interpolation: 0, interpolation_duration: 1 }
$data merge entity $(bone_leftleg) { transformation: [-0.04153348035403895f,-0.0665637254099607f,0.9969173689274493f,1.224670322863984f,-0.19200960998355304f,0.9797120882223317f,0.05741544970652169f,0.75f,-0.9805137835255783f,-0.18903305174118526f,-0.05347172772381553f,-3.833804659881702f,0f,0f,0f,1f], start_interpolation: 0, interpolation_duration: 1 }
$data merge entity $(bone_rightleg) { transformation: [0.34561331166776554f,-0.015523770417692f,0.9382486084988663f,1.2691991454300366f,0.0858316511774313f,0.9961946980917455f,-0.015134435901338623f,0.7916666666666666f,-0.9344433457701947f,0.08576208979447014f,0.345630579520808f,-4.079807066294487f,0f,0f,0f,1f], start_interpolation: 0, interpolation_duration: 1 }