# This file was generated by Animated Java via MC-Build. It is not recommended to edit this file directly.
$data merge entity $(bone_left_eye) { transformation: [0.943170683791593f,-0.08109151889910071f,0.3222626673984059f,0.9868500723728462f,0.039627246758134484f,0.9902950224190145f,0.13321204857854818f,1.6454857158946945f,-0.3299374827910112f,-0.11287131670517692f,0.9372306670797594f,-4.255286034956149f,0f,0f,0f,1f], start_interpolation: 0, interpolation_duration: 1 }
$data merge entity $(bone_right_eye) { transformation: [0.943170683791593f,-0.08109151889910071f,0.3222626673984059f,1.2226427433207443f,0.039627246758134484f,0.9902950224190145f,0.13321204857854818f,1.6553925275842283f,-0.3299374827910112f,-0.11287131670517692f,0.9372306670797594f,-4.3377704056539015f,0f,0f,0f,1f], start_interpolation: 0, interpolation_duration: 1 }
$data merge entity $(bone_right_close) { transformation: [0.943170683791593f,-0.08109151889910071f,0.3222626673984059f,1.2042644238627975f,0.039627246758134484f,0.9902950224190145f,0.13321204857854818f,1.7353586575712965f,-0.3299374827910112f,-0.11287131670517692f,0.9372306670797594f,-4.34281698160131f,0f,0f,0f,1f], start_interpolation: 0, interpolation_duration: 1 }
$data merge entity $(bone_left_close) { transformation: [0.943170683791593f,-0.08109151889910071f,0.3222626673984059f,0.9684717529148994f,0.039627246758134484f,0.9902950224190145f,0.13321204857854818f,1.7254518458817627f,-0.3299374827910112f,-0.11287131670517692f,0.9372306670797594f,-4.260332610903557f,0f,0f,0f,1f], start_interpolation: 0, interpolation_duration: 1 }
$data merge entity $(bone_left_eyebrow) { transformation: [0.9383651896624852f,0.12497017256510624f,0.3222626673984059f,0.9706056049689442f,-0.1756511495540734f,0.9753979822481893f,0.13321204857854818f,1.6991388085957215f,-0.29768682283571213f,-0.18160735721662957f,0.9372306670797594f,-4.257393043470268f,0f,0f,0f,1f], start_interpolation: 0, interpolation_duration: 1 }
$data merge entity $(bone_right_eyebrow) { transformation: [0.8900448925856418f,-0.3224389281452811f,0.3222626673984059f,1.2063982759168423f,0.2945841931406806f,0.9462952516340557f,0.13321204857854818f,1.7090456202852553f,-0.3479083820977409f,-0.02363121561328424f,0.9372306670797594f,-4.339877414168021f,0f,0f,0f,1f], start_interpolation: 0, interpolation_duration: 1 }
$data merge entity $(bone_talking) { transformation: [0.943170683791593f,-0.08109151889910071f,0.3222626673984059f,1.2139367375861774f,0.039627246758134484f,0.9902950224190145f,0.13321204857854818f,1.4439987907310274f,-0.3299374827910112f,-0.11287131670517692f,0.9372306670797594f,-3.9713015891314187f,0f,0f,0f,1f], start_interpolation: 0, interpolation_duration: 1 }
$data merge entity $(bone_m_opened) { transformation: [0.943170683791593f,-0.08109151889910071f,0.3222626673984059f,1.193795320873777f,0.039627246758134484f,0.9902950224190145f,0.13321204857854818f,1.435673037694868f,-0.3299374827910112f,-0.11287131670517692f,0.9372306670797594f,-4.029878505823904f,0f,0f,0f,1f], start_interpolation: -1, interpolation_duration: 0 }
$data merge entity $(bone_head) { transformation: [0.943170683791593f,-0.08109151889910071f,0.3222626673984059f,1.193795320873777f,0.039627246758134484f,0.9902950224190145f,0.13321204857854818f,1.435673037694868f,-0.3299374827910112f,-0.11287131670517692f,0.9372306670797594f,-4.029878505823904f,0f,0f,0f,1f], start_interpolation: 0, interpolation_duration: 1 }
$data merge entity $(item_display_r_item) { transformation: [0.36069657173442216f,-0.23706945378034755f,0.07143043625319995f,1.0981052542886953f,0.05628001742228521f,0.20141472477499317f,0.3842797396204502f,0.8771006032546f,-0.24111572486667493f,-0.3076303507915001f,0.19655285419936416f,-4.765058745216821f,0f,0f,0f,1f], start_interpolation: 0, interpolation_duration: 1 }
$data merge entity $(bone_rightarm) { transformation: [0.8244493068215364f,0.1632695685787426f,0.541873037212223f,1.3356169939534652f,0.1286400398223662f,0.8783536905610292f,-0.46037651377141275f,1.3109775314123902f,-0.5511216568381141f,0.44926366674140367f,0.7031550875234289f,-4.308480181622587f,0f,0f,0f,1f], start_interpolation: 0, interpolation_duration: 1 }
$data merge entity $(item_display_l_item) { transformation: [0.030975738632928f,-0.4204791351934458f,-0.11680775009868326f,0.9943240519815886f,-0.043126090936062955f,-0.11947782317745154f,0.4186543204713789f,0.6446268889233051f,-0.4342659253230893f,-0.01812723464154235f,-0.04990750912970418f,-3.6828640570332443f,0f,0f,0f,1f], start_interpolation: 0, interpolation_duration: 1 }
$data merge entity $(bone_leftarm) { transformation: [0.07080168830383543f,-0.2669891430827048f,0.9610951661564475f,1.06772962909401f,-0.09857392213957247f,0.9569241610774375f,0.2730921672627466f,1.3109775314123902f,-0.9926078293099183f,-0.114074306582181f,0.041433679180668204f,-3.74380207885194f,0f,0f,0f,1f], start_interpolation: 0, interpolation_duration: 1 }
$data merge entity $(bone_body) { transformation: [0.42861978377512855f,-0.06302392519968497f,0.9012841204686713f,1.2410632647735407f,0f,0.9975640502598242f,0.0697564737441253f,0.6875f,-0.9034849644330347f,-0.02989900469312242f,0.4275756875242073f,-4.007454252304062f,0f,0f,0f,1f], start_interpolation: 0, interpolation_duration: 1 }
$data merge entity $(bone_leftleg) { transformation: [0.21015109914489014f,-0.08632297038727696f,0.973850532839466f,1.1874857918016497f,-0.2557515540315474f,0.9565546934774852f,0.13997950205884696f,0.75f,-0.9436247443441926f,-0.27848063338356505f,0.17894378640133168f,-3.894518631749933f,0f,0f,0f,1f], start_interpolation: 0, interpolation_duration: 1 }
$data merge entity $(bone_rightleg) { transformation: [0.577390355073691f,-0.03735667561126197f,0.8156131783236167f,1.2946407377454316f,0.0858316511774313f,0.9961946980917455f,-0.015134435901338623f,0.7708333333333333f,-0.8119441517272187f,0.07874390313650266f,0.5783995956039356f,-4.120389872858191f,0f,0f,0f,1f], start_interpolation: 0, interpolation_duration: 1 }