# This file was generated by Animated Java via MC-Build. It is not recommended to edit this file directly.
$data merge entity $(bone_left_eye) { transformation: [0.9837017940532722f,-0.04497371834541351f,0.1740923462836934f,1.0236811887031887f,0.02082255091724935f,0.990193490978269f,0.13814221584138225f,1.6462131785576666f,-0.1785978772261098f,-0.13226569881286646f,0.9749915810753813f,-4.372557430513617f,0f,0f,0f,1f], start_interpolation: 0, interpolation_duration: 1 }
$data merge entity $(bone_right_eye) { transformation: [0.9837017940532722f,-0.04497371834541351f,0.1740923462836934f,1.269606637216507f,0.02082255091724935f,0.990193490978269f,0.13814221584138225f,1.6514188162869787f,-0.1785978772261098f,-0.13226569881286646f,0.9749915810753813f,-4.417206899820145f,0f,0f,0f,1f], start_interpolation: 0, interpolation_duration: 1 }
$data merge entity $(bone_right_close) { transformation: [0.9837017940532722f,-0.04497371834541351f,0.1740923462836934f,1.259804386388109f,0.02082255091724935f,0.990193490978269f,0.13814221584138225f,1.73174189648573f,-0.1785978772261098f,-0.13226569881286646f,0.9749915810753813f,-4.4268372511160266f,0f,0f,0f,1f], start_interpolation: 0, interpolation_duration: 1 }
$data merge entity $(bone_left_close) { transformation: [0.9837017940532722f,-0.04497371834541351f,0.1740923462836934f,1.0138789378747908f,0.02082255091724935f,0.990193490978269f,0.13814221584138225f,1.726536258756418f,-0.1785978772261098f,-0.13226569881286646f,0.9749915810753813f,-4.382187781809499f,0f,0f,0f,1f], start_interpolation: 0, interpolation_duration: 1 }
$data merge entity $(bone_left_eyebrow) { transformation: [0.970118227966967f,0.16900437488914571f,0.1740923462836934f,1.0154140286712718f,-0.19398812359279685f,0.9712287763999677f,0.13814221584138225f,1.69248972361555f,-0.14573685762763688f,-0.16778612922691316f,0.9749915810753813f,-4.377702085386624f,0f,0f,0f,1f], start_interpolation: 0, interpolation_duration: 1 }
$data merge entity $(bone_right_eyebrow) { transformation: [0.9385429134060761f,-0.29804203505658977f,0.1740923462836934f,1.2613394771845898f,0.27639397350191736f,0.9510641932142405f,0.13814221584138225f,1.6976953613448622f,-0.2067451839996674f,-0.08153432237452009f,0.9749915810753813f,-4.422351554693152f,0f,0f,0f,1f], start_interpolation: 0, interpolation_duration: 1 }
$data merge entity $(bone_talking) { transformation: [0.9837017940532722f,-0.04497371834541351f,0.1740923462836934f,1.2061430645470224f,0.02082255091724935f,0.990193490978269f,0.13814221584138225f,1.4443069261849544f,-0.1785978772261098f,-0.13226569881286646f,0.9749915810753813f,-4.056014634644944f,0f,0f,0f,1f], start_interpolation: 0, interpolation_duration: 1 }
$data merge entity $(bone_m_opened) { transformation: [0.9837017940532722f,-0.04497371834541351f,0.1740923462836934f,1.1952622929042915f,0.02082255091724935f,0.990193490978269f,0.13814221584138225f,1.435673037694868f,-0.1785978772261098f,-0.13226569881286646f,0.9749915810753813f,-4.116951608462156f,0f,0f,0f,1f], start_interpolation: -1, interpolation_duration: 0 }
$data merge entity $(bone_head) { transformation: [0.9837017940532722f,-0.04497371834541351f,0.1740923462836934f,1.1952622929042915f,0.02082255091724935f,0.990193490978269f,0.13814221584138225f,1.435673037694868f,-0.1785978772261098f,-0.13226569881286646f,0.9749915810753813f,-4.116951608462156f,0f,0f,0f,1f], start_interpolation: 0, interpolation_duration: 1 }
$data merge entity $(item_display_r_item) { transformation: [0.4295250235267182f,-0.0829768491744443f,0.005417256266201082f,1.3561649169753467f,0.05908095076780056f,0.32458794990415213f,0.287329695704068f,1.085985366066094f,-0.058514488981318995f,-0.28136054321475346f,0.3298765667657435f,-4.97492752134408f,0f,0f,0f,1f], start_interpolation: 0, interpolation_duration: 1 }
$data merge entity $(bone_rightarm) { transformation: [0.9817714823467845f,0.012382300037031002f,0.18966136954158697f,1.4113191968838878f,0.13504217318354414f,0.656753590180727f,-0.7419153140666334f,1.3109775314123902f,-0.133747403385872f,0.7540035811788421f,0.6431098130622938f,-4.34289782984173f,0f,0f,0f,1f], start_interpolation: 0, interpolation_duration: 1 }
$data merge entity $(item_display_l_item) { transformation: [0.1487686198242694f,-0.38233294854473293f,-0.1519725771732279f,0.9907684226274875f,-0.03602014755399932f,-0.1730853588232131f,0.4001877778383889f,0.6403747866014271f,-0.40984960256875963f,-0.12356870565855368f,-0.090334535234868f,-3.820870574777952f,0f,0f,0f,1f], start_interpolation: 0, interpolation_duration: 1 }
$data merge entity $(bone_leftarm) { transformation: [0.34004255959833f,-0.34736589068166396f,0.8739038823879608f,0.9921407115484377f,-0.08233176583771273f,0.9147149207734602f,0.39562367731020154f,1.3109775314123902f,-0.9367990915857363f,-0.20647893767969833f,0.2824427557909798f,-3.8793092218800185f,0f,0f,0f,1f], start_interpolation: 0, interpolation_duration: 1 }
$data merge entity $(bone_body) { transformation: [0.6706855765367202f,-0.051741290494970824f,0.7399349270601588f,1.2340682607755196f,0f,0.9975640502598242f,0.0697564737441253f,0.6875f,-0.7417417727387393f,-0.046784660810247264f,0.669051820180816f,-4.08186311285447f,0f,0f,0f,1f], start_interpolation: 0, interpolation_duration: 1 }
$data merge entity $(bone_leftleg) { transformation: [0.4730366612985485f,-0.0919860265119668f,0.876227646216474f,1.1502325637084296f,-0.2557515540315474f,0.9373745779915523f,0.23647419128862157f,0.75f,-0.8431058413259698f,-0.33595754413571205f,0.4198869715296371f,-3.9891453912621277f,0f,0f,0f,1f], start_interpolation: 0, interpolation_duration: 1 }
$data merge entity $(bone_rightleg) { transformation: [0.7867850746999594f,-0.05845409957319919f,0.6144528984978963f,1.3179039578426095f,0.0858316511774313f,0.9961946980917455f,-0.015134435901338623f,0.75f,-0.6112300498875488f,0.06464705513000948f,0.7888083318382753f,-4.174580834446813f,0f,0f,0f,1f], start_interpolation: 0, interpolation_duration: 1 }