# This file was generated by Animated Java via MC-Build. It is not recommended to edit this file directly.
$data merge entity $(bone_left_eye) { transformation: [0.9984992286711656f,-0.006796089353076913f,0.05434246509491497f,1.0581186692933973f,-0.000859388127422922f,0.9902039602926271f,0.13962585173542796f,1.6484249883500959f,-0.05475903391344211f,-0.13946300652969684f,0.9887120501008189f,-4.494248176599015f,0f,0f,0f,1f], start_interpolation: 0, interpolation_duration: 1 }
$data merge entity $(bone_right_eye) { transformation: [0.9984992286711656f,-0.006796089353076913f,0.05434246509491497f,1.3077434764611888f,-0.000859388127422922f,0.9902039602926271f,0.13962585173542796f,1.64821014131824f,-0.05475903391344211f,-0.13946300652969684f,0.9887120501008189f,-4.507937935077376f,0f,0f,0f,1f], start_interpolation: 0, interpolation_duration: 1 }
$data merge entity $(bone_right_close) { transformation: [0.9984992286711656f,-0.006796089353076913f,0.05434246509491497f,1.3071912942012514f,-0.000859388127422922f,0.9902039602926271f,0.13962585173542796f,1.7286642130920158f,-0.05475903391344211f,-0.13946300652969684f,0.9887120501008189f,-4.5192693043579135f,0f,0f,0f,1f], start_interpolation: 0, interpolation_duration: 1 }
$data merge entity $(bone_left_close) { transformation: [0.9984992286711656f,-0.006796089353076913f,0.05434246509491497f,1.0575664870334598f,-0.000859388127422922f,0.9902039602926271f,0.13962585173542796f,1.7288790601238717f,-0.05475903391344211f,-0.13946300652969684f,0.9887120501008189f,-4.505579545879553f,0f,0f,0f,1f], start_interpolation: 0, interpolation_duration: 1 }
$data merge entity $(bone_left_eyebrow) { transformation: [0.976301753019861f,0.2094797926716413f,0.05434246509491497f,1.0578498006489745f,-0.21515838008308605f,0.9665461670335145f,0.13962585173542796f,1.687096103933293f,-0.023275706871503852f,-0.14800920057573314f,0.9887120501008189f,-4.499757744794713f,0f,0f,0f,1f], start_interpolation: 0, interpolation_duration: 1 }
$data merge entity $(bone_right_eyebrow) { transformation: [0.9627172351463982f,-0.2649951351241797f,0.05434246509491497f,1.3074746078167658f,0.25545353827258815f,0.9566860045548757f,0.13962585173542796f,1.6868812569014373f,-0.08898884725677544f,-0.1205382389507415f,0.9887120501008189f,-4.513447503273073f,0f,0f,0f,1f], start_interpolation: 0, interpolation_duration: 1 }
$data merge entity $(bone_talking) { transformation: [0.9984992286711656f,-0.006796089353076913f,0.05434246509491497f,1.2016121155577233f,-0.000859388127422922f,0.9902039602926271f,0.13962585173542796f,1.4443996534283323f,-0.05475903391344211f,-0.13946300652969684f,0.9887120501008189f,-4.157254788549266f,0f,0f,0f,1f], start_interpolation: 0, interpolation_duration: 1 }
$data merge entity $(bone_m_opened) { transformation: [0.9984992286711656f,-0.006796089353076913f,0.05434246509491497f,1.198215711489291f,-0.000859388127422922f,0.9902039602926271f,0.13962585173542796f,1.435673037694868f,-0.05475903391344211f,-0.13946300652969684f,0.9887120501008189f,-4.219049291680567f,0f,0f,0f,1f], start_interpolation: 0, interpolation_duration: 1 }
$data merge entity $(bone_head) { transformation: [0.9984992286711656f,-0.006796089353076913f,0.05434246509491497f,1.198215711489291f,-0.000859388127422922f,0.9902039602926271f,0.13962585173542796f,1.435673037694868f,-0.05475903391344211f,-0.13946300652969684f,0.9887120501008189f,-4.219049291680567f,0f,0f,0f,1f], start_interpolation: 0, interpolation_duration: 1 }
$data merge entity $(item_display_r_item) { transformation: [0.41505228157857416f,-0.009273690621929228f,-0.13802844713561316f,1.6576134763835753f,0.06457634163527508f,0.3990272504519677f,0.16737203917544563f,1.2998901899914492f,0.12234275482195196f,-0.17915775746249843f,0.3799223582307107f,-5.025939104336811f,0f,0f,0f,1f], start_interpolation: 0, interpolation_duration: 1 }
$data merge entity $(bone_rightarm) { transformation: [0.9486909293224552f,-0.31549359345283007f,0.021197007135838164f,1.465729232259516f,0.14760306659491446f,0.38256466097244735f,-0.9120622867473546f,1.3109775314123902f,0.2796405824501759f,0.8683939616701957f,0.409503445628568f,-4.380817016885797f,0f,0f,0f,1f], start_interpolation: 0, interpolation_duration: 1 }
$data merge entity $(item_display_l_item) { transformation: [0.25210295806209165f,-0.3227131059503519f,-0.15396947679400666f,0.9756877746286832f,-0.025396527379007557f,-0.2040768359889202f,0.3861527047812026f,0.6427154754455748f,-0.3566586111864265f,-0.2135770265282019f,-0.13632952286992406f,-3.969903788222724f,0f,0f,0f,1f], start_interpolation: 0, interpolation_duration: 1 }
$data merge entity $(bone_leftarm) { transformation: [0.5762353327133524f,-0.3519302326720154f,0.7376299564579472f,0.9401388683231604f,-0.05804920543773156f,0.8826347537856059f,0.4664613394032464f,1.3109775314123902f,-0.815219682711832f,-0.311610337988398f,0.48817606063589003f,-4.0426162343065f,0f,0f,0f,1f], start_interpolation: 0, interpolation_duration: 1 }
$data merge entity $(bone_body) { transformation: [0.840944582298169f,-0.03774671041637662f,0.5398031079533538f,1.2265257443015736f,0f,0.9975640502598242f,0.0697564737441253f,0.6875f,-0.5411212521268759f,-0.058661328675346645f,0.8388960835614175f,-4.175053295174057f,0f,0f,0f,1f], start_interpolation: 0, interpolation_duration: 1 }
$data merge entity $(bone_leftleg) { transformation: [0.6765779049258895f,-0.07600494800922425f,0.7324381109992906f,1.1214076715143024f,-0.2557515540315474f,0.9084865339515464f,0.3305198333521818f,0.75f,-0.6905313035457137f,-0.4109446015058729f,0.5952235322268743f,-4.107413138658197f,0f,0f,0f,1f], start_interpolation: 0, interpolation_duration: 1 }
$data merge entity $(bone_rightleg) { transformation: [0.9189820317257235f,-0.07329314967981607f,0.38742759268703797f,1.3316438170888447f,0.0858316511774313f,0.9961946980917455f,-0.015134435901338623f,0.75f,-0.3848440632534391f,0.04716182464566067f,0.9217758997037592f,-4.242693451689917f,0f,0f,0f,1f], start_interpolation: 0, interpolation_duration: 1 }