# This file was generated by Animated Java via MC-Build. It is not recommended to edit this file directly.
$data merge entity $(bone_left_eye) { transformation: [0.9997936919053609f,0.020282241657127675f,-0.0010974058546127097f,1.0790997152882f,-0.01993817589092799f,0.9902808516801804f,0.13764557362196106f,1.651324129195789f,0.0038785007915792535f,-0.13759529595497866f,0.9904809396261349f,-4.614308937072218f,0f,0f,0f,1f], start_interpolation: 0, interpolation_duration: 1 }
$data merge entity $(bone_right_eye) { transformation: [0.9997936919053609f,0.020282241657127675f,-0.0010974058546127097f,1.3290481382645405f,-0.01993817589092799f,0.9902808516801804f,0.13764557362196106f,1.646339585223057f,0.0038785007915792535f,-0.13759529595497866f,0.9904809396261349f,-4.613339311874324f,0f,0f,0f,1f], start_interpolation: 0, interpolation_duration: 1 }
$data merge entity $(bone_right_close) { transformation: [0.9997936919053609f,0.020282241657127675f,-0.0010974058546127097f,1.3306960703991821f,-0.01993817589092799f,0.9902808516801804f,0.13764557362196106f,1.7267999044220717f,0.0038785007915792535f,-0.13759529595497866f,0.9904809396261349f,-4.624518929670666f,0f,0f,0f,1f], start_interpolation: 0, interpolation_duration: 1 }
$data merge entity $(bone_left_close) { transformation: [0.9997936919053609f,0.020282241657127675f,-0.0010974058546127097f,1.0807476474228417f,-0.01993817589092799f,0.9902808516801804f,0.13764557362196106f,1.7317844483948037f,0.0038785007915792535f,-0.13759529595497866f,0.9904809396261349f,-4.625488554868561f,0f,0f,0f,1f], start_interpolation: 0, interpolation_duration: 1 }
$data merge entity $(bone_left_eyebrow) { transformation: [0.9717047087968328f,0.23619643223904221f,-0.0010974058546127097f,1.0797336039278513f,-0.23380156673952188f,0.9624918303302247f,0.13764557362196106f,1.6822618029624432f,0.03356763757262492f,-0.13349427682534315f,0.9904809396261349f,-4.618670695129538f,0f,0f,0f,1f], start_interpolation: 0, interpolation_duration: 1 }
$data merge entity $(bone_right_eyebrow) { transformation: [0.9709759783905203f,-0.23917450760681375f,-0.0010974058546127097f,1.3296820269041916f,0.23704474539303388f,0.9616982295625968f,0.13764557362196106f,1.6772772589897111f,-0.031865939027797316f,-0.13391067981010757f,0.9904809396261349f,-4.617701069931643f,0f,0f,0f,1f], start_interpolation: 0, interpolation_duration: 1 }
$data merge entity $(bone_talking) { transformation: [0.9997936919053609f,0.020282241657127675f,-0.0010974058546127097f,1.1986604270325218f,-0.01993817589092799f,0.9902808516801804f,0.13764557362196106f,1.4442758860462406f,0.0038785007915792535f,-0.13759529595497866f,0.9904809396261349f,-4.269900006851359f,0f,0f,0f,1f], start_interpolation: 0, interpolation_duration: 1 }
$data merge entity $(bone_m_opened) { transformation: [0.9997936919053609f,0.020282241657127675f,-0.0010974058546127097f,1.198729014898435f,-0.01993817589092799f,0.9902808516801804f,0.13764557362196106f,1.435673037694868f,0.0038785007915792535f,-0.13759529595497866f,0.9904809396261349f,-4.331805065577993f,0f,0f,0f,1f], start_interpolation: 0, interpolation_duration: 1 }
$data merge entity $(bone_head) { transformation: [0.9997936919053609f,0.020282241657127675f,-0.0010974058546127097f,1.198729014898435f,-0.01993817589092799f,0.9902808516801804f,0.13764557362196106f,1.435673037694868f,0.0038785007915792535f,-0.13759529595497866f,0.9904809396261349f,-4.331805065577993f,0f,0f,0f,1f], start_interpolation: 0, interpolation_duration: 1 }
$data merge entity $(item_display_r_item) { transformation: [0.35636289346935773f,-0.018055278690815843f,-0.25315162466305474f,1.8421060756395136f,0.07416909907905002f,0.4247496598977128f,0.07411424396551167f,1.4478141314032091f,0.2427152300535531f,-0.10328592996228617f,0.34903808355518523f,-5.000984180955324f,0f,0f,0f,1f], start_interpolation: 0, interpolation_duration: 1 }
$data merge entity $(bone_rightarm) { transformation: [0.8145437565013891f,-0.5786322849441251f,0.04126920843615037f,1.490778199658473f,0.1695293693235429f,0.16940398620688404f,-0.9708563654804864f,1.3109775314123902f,0.5547776686938357f,0.7978013338404234f,0.23608212562808284f,-4.443337815898039f,0f,0f,0f,1f], start_interpolation: 0, interpolation_duration: 1 }
$data merge entity $(item_display_l_item) { transformation: [0.32269832313665486f,-0.2682483417474676f,-0.12375326013695492f,0.9368590967503017f,-0.010437927127188305f,-0.19351115388065218f,0.39223810753299587f,0.6400595755763091f,-0.29523396132911023f,-0.28636080470887126f,-0.14913298630554242f,-4.154748292924151f,0f,0f,0f,1f], start_interpolation: 0, interpolation_duration: 1 }
$data merge entity $(bone_leftarm) { transformation: [0.7375961671694968f,-0.28286459459875424f,0.6131390668513546f,0.9133534918389189f,-0.023858119147858983f,0.8965442457897047f,0.4423112088700623f,1.3109775314123902f,-0.6748204830379663f,-0.34087539726981136f,0.6545389821917056f,-4.204160670669857f,0f,0f,0f,1f], start_interpolation: 0, interpolation_duration: 1 }
$data merge entity $(bone_body) { transformation: [0.9238795325112867f,-0.026694646802087118f,0.38175123475745015f,1.2187500000000004f,0f,0.9975640502598242f,0.0697564737441253f,0.6875f,-0.3826834323650895f,-0.06444657835235833f,0.9216290084041121f,-4.283470131813724f,0f,0f,0f,1f], start_interpolation: 0, interpolation_duration: 1 }
$data merge entity $(bone_leftleg) { transformation: [0.8142016120002554f,0.07843738292188963f,0.5752593432327285f,1.1032650584360897f,-0.18863354720754805f,0.9728155072834943f,0.13434051383203563f,0.8125f,-0.5490838914811498f,-0.21789347339726f,0.8068638759833001f,-4.235634702768087f,0f,0f,0f,1f], start_interpolation: 0, interpolation_duration: 1 }
$data merge entity $(bone_rightleg) { transformation: [0.9728337770513973f,-0.0805214068653804f,0.21705009851260562f,1.3342349415639112f,0.0858316511774313f,0.9961946980917455f,-0.015134435901338623f,0.75f,-0.2150055112876591f,0.03335305878500258f,0.9760431361295545f,-4.33130556085936f,0f,0f,0f,1f], start_interpolation: 0, interpolation_duration: 1 }