# This file was generated by Animated Java via MC-Build. It is not recommended to edit this file directly.
$data merge entity $(bone_left_eye) { transformation: [0.9992550789431525f,0.027273371502638703f,-0.027302937812491823f,1.0822278336571087f,-0.023273788146479867f,0.9902449979456328f,0.13737967400225592f,1.6517985921990221f,0.030783404484015675f,-0.13664189419988435f,0.9901420982656179f,-4.73926094335036f,0f,0f,0f,1f], start_interpolation: 0, interpolation_duration: 1 }
$data merge entity $(bone_right_eye) { transformation: [0.9992550789431525f,0.027273371502638703f,-0.027302937812491823f,1.3320416033928968f,-0.023273788146479867f,0.9902449979456328f,0.13737967400225592f,1.6459801451624023f,0.030783404484015675f,-0.13664189419988435f,0.9901420982656179f,-4.7315650922293555f,0f,0f,0f,1f], start_interpolation: 0, interpolation_duration: 1 }
$data merge entity $(bone_right_close) { transformation: [0.9992550789431525f,0.027273371502638703f,-0.027302937812491823f,1.3342575648274861f,-0.023273788146479867f,0.9902449979456328f,0.13737967400225592f,1.726437551245485f,0.030783404484015675f,-0.13664189419988435f,0.9901420982656179f,-4.742667246133096f,0f,0f,0f,1f], start_interpolation: 0, interpolation_duration: 1 }
$data merge entity $(bone_left_close) { transformation: [0.9992550789431525f,0.027273371502638703f,-0.027302937812491823f,1.084443795091698f,-0.023273788146479867f,0.9902449979456328f,0.13737967400225592f,1.7322559982821049f,0.030783404484015675f,-0.13664189419988435f,0.9901420982656179f,-4.750363097254101f,0f,0f,0f,1f], start_interpolation: 0, interpolation_duration: 1 }
$data merge entity $(bone_left_eyebrow) { transformation: [0.9696657056676921f,0.24290526721086916f,-0.027302937812491823f,1.0831670622361251f,-0.23705035149745377f,0.9617348678435066f,0.13737967400225592f,1.6858296777737782f,0.05962843371169642f,-0.12674018753043065f,0.9901420982656179f,-4.744019892344622f,0f,0f,0f,1f], start_interpolation: 0, interpolation_duration: 1 }
$data merge entity $(bone_right_eyebrow) { transformation: [0.9722651557707519f,-0.2322821914415357f,-0.027302937812491823f,1.3329808319719132f,0.233813511739571f,0.9625269174932424f,0.13737967400225592f,1.6800112307371584f,-0.005631039165600284f,-0.13995326591428434f,0.9901420982656179f,-4.736324041223618f,0f,0f,0f,1f], start_interpolation: 0, interpolation_duration: 1 }
$data merge entity $(bone_talking) { transformation: [0.9992550789431525f,0.027273371502638703f,-0.027302937812491823f,1.1917842075829392f,-0.023273788146479867f,0.9902449979456328f,0.13737967400225592f,1.444259267320009f,0.030783404484015675f,-0.13664189419988435f,0.9901420982656179f,-4.391833138531881f,0f,0f,0f,1f], start_interpolation: 0, interpolation_duration: 1 }
$data merge entity $(bone_m_opened) { transformation: [0.9992550789431525f,0.027273371502638703f,-0.027302937812491823f,1.19349064119622f,-0.023273788146479867f,0.9902449979456328f,0.13737967400225592f,1.435673037694868f,0.030783404484015675f,-0.13664189419988435f,0.9901420982656179f,-4.4537170196734825f,0f,0f,0f,1f], start_interpolation: 0, interpolation_duration: 1 }
$data merge entity $(bone_head) { transformation: [0.9992550789431525f,0.027273371502638703f,-0.027302937812491823f,1.19349064119622f,-0.023273788146479867f,0.9902449979456328f,0.13737967400225592f,1.435673037694868f,0.030783404484015675f,-0.13664189419988435f,0.9901420982656179f,-4.4537170196734825f,0f,0f,0f,1f], start_interpolation: 0, interpolation_duration: 1 }
$data merge entity $(item_display_r_item) { transformation: [0.3155050485308037f,-0.021566019316827955f,-0.3023205602707189f,1.9105013744049288f,0.09671305226365658f,0.42074170698849683f,0.07091721597928845f,1.4500910554354047f,0.2872444949401509f,-0.11797276300583967f,0.3081870816814772f,-5.057611481946554f,0f,0f,0f,1f], start_interpolation: 0, interpolation_duration: 1 }
$data merge entity $(bone_rightarm) { transformation: [0.721154396641837f,-0.6910184234759289f,0.049293758438463744f,1.4909382993420892f,0.2210584051740722f,0.16209649366694526f,-0.9616953302594213f,1.3109775314123902f,0.6565588455774878f,0.7044276152719479f,0.2696520297276337f,-4.5499312149696785f,0f,0f,0f,1f], start_interpolation: 0, interpolation_duration: 1 }
$data merge entity $(item_display_l_item) { transformation: [0.36658948709514f,-0.23210985017043145f,-0.05606616988150652f,0.8493311828558493f,0.01791273402844063f,-0.07570312105438946f,0.430528072745844f,0.6526785011729618f,-0.2381124354395386f,-0.363043117158946f,-0.0539297058453618f,-4.47147709016202f,0f,0f,0f,1f], start_interpolation: 0, interpolation_duration: 1 }
$data merge entity $(bone_leftarm) { transformation: [0.8379188276460343f,-0.12815124544344358f,0.5305368003895576f,0.9018708545510865f,0.040943392065007155f,0.9840641662762148f,0.17303570526717615f,1.3109775314123902f,-0.544256995290374f,-0.12326789907511287f,0.829812839220448f,-4.3410663172788535f,0f,0f,0f,1f], start_interpolation: 0, interpolation_duration: 1 }
$data merge entity $(bone_body) { transformation: [0.9425079116656043f,-0.023311486002943138f,0.33336978127610134f,1.2109742556984273f,0f,0.9975640502598242f,0.0697564737441253f,0.6875f,-0.3341838363053202f,-0.0657460283937321f,0.9402120097630688f,-4.404407498378183f,0f,0f,0f,1f], start_interpolation: 0, interpolation_duration: 1 }
$data merge entity $(bone_leftleg) { transformation: [0.8616859522189796f,0.14232653654991625f,0.4870733792173163f,1.0931607667402268f,-0.11995632200220932f,0.9897880018596473f,-0.07700774108093963f,0.7916666666666666f,-0.4930596318501166f,0.007928957585465489f,0.8699593847251923f,-4.362634518840018f,0f,0f,0f,1f], start_interpolation: 0, interpolation_duration: 1 }
$data merge entity $(bone_rightleg) { transformation: [0.9826874731153532f,-0.09630589560531745f,0.15827351216744764f,1.3287877446566279f,0.08583165117743131f,0.993722929508152f,0.07174724402994236f,0.75f,-0.16418970076809708f,-0.05692024105179136f,0.9847851686130779f,-4.446180477916348f,0f,0f,0f,1f], start_interpolation: 0, interpolation_duration: 1 }