# This file was generated by Animated Java via MC-Build. It is not recommended to edit this file directly.
$data merge entity $(bone_left_eye) { transformation: [0.9982302403589508f,0.033620345255664985f,-0.04905160158242594f,1.0841968083338147f,-0.026618428159035888f,0.9902135334520203f,0.13699860382794635f,1.6523040736207661f,0.05317750008465427f,-0.1354504726952041f,0.9893560142493663f,-4.873455696013198f,0f,0f,0f,1f], start_interpolation: 0, interpolation_duration: 1 }
$data merge entity $(bone_right_eye) { transformation: [0.9982302403589508f,0.033620345255664985f,-0.04905160158242594f,1.3337543684235522f,-0.026618428159035888f,0.9902135334520203f,0.13699860382794635f,1.645649466581007f,0.05317750008465427f,-0.1354504726952041f,0.9893560142493663f,-4.860161320992035f,0f,0f,0f,1f], start_interpolation: 0, interpolation_duration: 1 }
$data merge entity $(bone_right_close) { transformation: [0.9982302403589508f,0.033620345255664985f,-0.04905160158242594f,1.336486021475575f,-0.026618428159035888f,0.9902135334520203f,0.13699860382794635f,1.7261043161739837f,0.05317750008465427f,-0.1354504726952041f,0.9893560142493663f,-4.8711666718985205f,0f,0f,0f,1f], start_interpolation: 0, interpolation_duration: 1 }
$data merge entity $(bone_left_close) { transformation: [0.9982302403589508f,0.033620345255664985f,-0.04905160158242594f,1.0869284613858374f,-0.026618428159035888f,0.9902135334520203f,0.13699860382794635f,1.7327589232137428f,0.05317750008465427f,-0.1354504726952041f,0.9893560142493663f,-4.884461046919683f,0f,0f,0f,1f], start_interpolation: 0, interpolation_duration: 1 }
$data merge entity $(bone_left_eyebrow) { transformation: [0.9672914233012131f,0.24887997667573028f,-0.04905160158242594f,1.085460637006001f,-0.24030890002411553f,0.9609802365909471f,0.13699860382794635f,1.6894285187124778f,0.08123382901915141f,-0.12073003806631934f,0.9893560142493663f,-4.878596923490159f,0f,0f,0f,1f], start_interpolation: 0, interpolation_duration: 1 }
$data merge entity $(bone_right_eyebrow) { transformation: [0.972917955400543f,-0.22588623783096146f,-0.04905160158242594f,1.3350181970957387f,0.23057469396161193f,0.9633621816605125f,0.13699860382794635f,1.6827739116727187f,0.01630835870759889f,-0.14459845955220935f,0.9893560142493663f,-4.865302548468995f,0f,0f,0f,1f], start_interpolation: 0, interpolation_duration: 1 }
$data merge entity $(bone_talking) { transformation: [0.9982302403589508f,0.033620345255664985f,-0.04905160158242594f,1.185241876570259f,-0.026618428159035888f,0.9902135334520203f,0.13699860382794635f,1.4442354504341148f,0.05317750008465427f,-0.1354504726952041f,0.9893560142493663f,-4.5237721358758884f,0f,0f,0f,1f], start_interpolation: 0, interpolation_duration: 1 }
$data merge entity $(bone_m_opened) { transformation: [0.9982302403589508f,0.033620345255664985f,-0.04905160158242594f,1.1883076016691607f,-0.026618428159035888f,0.9902135334520203f,0.13699860382794635f,1.435673037694868f,0.05317750008465427f,-0.1354504726952041f,0.9893560142493663f,-4.585606886766474f,0f,0f,0f,1f], start_interpolation: 0, interpolation_duration: 1 }
$data merge entity $(bone_head) { transformation: [0.9982302403589508f,0.033620345255664985f,-0.04905160158242594f,1.1883076016691607f,-0.026618428159035888f,0.9902135334520203f,0.13699860382794635f,1.435673037694868f,0.05317750008465427f,-0.1354504726952041f,0.9893560142493663f,-4.585606886766474f,0f,0f,0f,1f], start_interpolation: 0, interpolation_duration: 1 }
$data merge entity $(item_display_r_item) { transformation: [0.27003612444184455f,-0.01869640991289509f,-0.34371090432629225f,1.9703175741478272f,0.11039614300920171f,0.4184816711087096f,0.06396899682466303f,1.4587256337249912f,0.3260359383643474f,-0.12621325287952473f,0.26301526893404625f,-5.115456491345361f,0f,0f,0f,1f], start_interpolation: 0, interpolation_duration: 1 }
$data merge entity $(bone_rightarm) { transformation: [0.6172254272956447f,-0.7856249241743823f,0.04273465122947431f,1.4899856593462069f,0.25233404116388963f,0.1462148498849443f,-0.9565295339627647f,1.3109775314123902f,0.7452250019756512f,0.6011777575635342f,0.2884874351531995f,-4.667598534079852f,0f,0f,0f,1f], start_interpolation: 0, interpolation_duration: 1 }
$data merge entity $(item_display_l_item) { transformation: [0.39784060546508f,-0.18079760951859672f,-0.021007785117416862f,0.8363928953485555f,0.04730629971575694f,0.0539493378299352f,0.43157598746329073f,0.729628379119517f,-0.17575897317173172f,-0.3947251491102037f,0.06860823572681302f,-4.750803975212083f,0f,0f,0f,1f], start_interpolation: 0, interpolation_duration: 1 }
$data merge entity $(bone_leftarm) { transformation: [0.9093499553487543f,-0.04801779455409578f,0.41325167889964964f,0.9096946934771581f,0.1081286850645873f,0.9864593999160931f,-0.1233127721827088f,1.315337311021398f,-0.40173479582110105f,0.15681882451842954f,0.9022289122518942f,-4.427234981825091f,0f,0f,0f,1f], start_interpolation: 0, interpolation_duration: 1 }
$data merge entity $(bone_body) { transformation: [0.9573035778703762f,-0.020165516740427058f,0.2883803247989847f,1.203431739224481f,0f,0.9975640502598242f,0.0697564737441253f,0.6875f,-0.28908452016075914f,-0.06677812189487212f,0.9549716344685936f,-4.53552329534532f,0f,0f,0f,1f], start_interpolation: 0, interpolation_duration: 1 }
$data merge entity $(bone_leftleg) { transformation: [0.898503377185761f,0.1703034834101212f,0.4045842368705933f,1.083768791990684f,-0.05014087707993327f,0.9554592058133397f,-0.29083259527122696f,0.7708333333333333f,-0.43609353770886916f,0.24102786055749f,0.8670224892144622f,-4.499387730325226f,0f,0f,0f,1f], start_interpolation: 0, interpolation_duration: 1 }
$data merge entity $(bone_rightleg) { transformation: [0.9893714992189607f,-0.10284692106809412f,0.10279371264838649f,1.3230946864582782f,0.0858316511774313f,0.9836883294046913f,0.15808288411198504f,0.75f,-0.1173753133728791f,-0.14757974596746246f,0.9820607182811039f,-4.571658860365415f,0f,0f,0f,1f], start_interpolation: 0, interpolation_duration: 1 }