# This file was generated by Animated Java via MC-Build. It is not recommended to edit this file directly.
$data merge entity $(bone_left_eye) { transformation: [0.9971595122439041f,0.03905735731462488f,-0.06440054332920536f,1.08459823529186f,-0.02996839334532216f,0.9901864112403334f,0.1365018915447303f,1.6528402167869343f,0.06909994603325803f,-0.13418417877897149f,0.9885442851099862f,-5.014327491581387f,0f,0f,0f,1f], start_interpolation: 0, interpolation_duration: 1 }
$data merge entity $(bone_right_eye) { transformation: [0.9971595122439041f,0.03905735731462488f,-0.06440054332920536f,1.333888113352836f,-0.02996839334532216f,0.9901864112403334f,0.1365018915447303f,1.6453481184506036f,0.06909994603325803f,-0.13418417877897149f,0.9885442851099862f,-4.997052505073073f,0f,0f,0f,1f], start_interpolation: 0, interpolation_duration: 1 }
$data merge entity $(bone_right_close) { transformation: [0.9971595122439041f,0.03905735731462488f,-0.06440054332920536f,1.3354748184937426f,-0.02996839334532216f,0.9901864112403334f,0.1365018915447303f,1.6855744414072422f,0.06909994603325803f,-0.13418417877897149f,0.9885442851099862f,-5.002503737335969f,0f,0f,0f,1f], start_interpolation: 0, interpolation_duration: 1 }
$data merge entity $(bone_left_close) { transformation: [0.9971595122439041f,0.03905735731462488f,-0.06440054332920536f,1.0861849404327666f,-0.02996839334532216f,0.9901864112403334f,0.1365018915447303f,1.693066539743573f,0.06909994603325803f,-0.13418417877897149f,0.9885442851099862f,-5.019778723844283f,0f,0f,0f,1f], start_interpolation: 0, interpolation_duration: 1 }
$data merge entity $(bone_left_eyebrow) { transformation: [0.965069290926764f,0.25395636185970233f,-0.06440054332920536f,1.0861889654667247f,-0.24357358733845091f,0.9602286921123471f,0.1365018915447303f,1.6930580083753513f,0.09650477325599466f,-0.11604751231799504f,0.9885442851099862f,-5.019840507862102f,0f,0f,0f,1f], start_interpolation: 0, interpolation_duration: 1 }
$data merge entity $(bone_right_eyebrow) { transformation: [0.9732909137305966f,-0.22035736263706615f,-0.06440054332920536f,1.3354788435277007f,0.22733185632607886f,0.9642030184064192f,0.1365018915447303f,1.6855659100390206f,0.03201600144926547f,-0.14749634581096166f,0.9885442851099862f,-5.002565521353787f,0f,0f,0f,1f], start_interpolation: 0, interpolation_duration: 1 }
$data merge entity $(bone_talking) { transformation: [0.9971595122439041f,0.03905735731462488f,-0.06440054332920536f,1.179353665203315f,-0.02996839334532216f,0.9901864112403334f,0.1365018915447303f,1.4442044059164136f,0.06909994603325803f,-0.13418417877897149f,0.9885442851099862f,-4.663223864535617f,0f,0f,0f,1f], start_interpolation: 0, interpolation_duration: 1 }
$data merge entity $(bone_m_opened) { transformation: [0.9971595122439041f,0.03905735731462488f,-0.06440054332920536f,1.1833786991613904f,-0.02996839334532216f,0.9901864112403334f,0.1365018915447303f,1.435673037694868f,0.06909994603325803f,-0.13418417877897149f,0.9885442851099862f,-4.725007882354991f,0f,0f,0f,1f], start_interpolation: 0, interpolation_duration: 1 }
$data merge entity $(bone_head) { transformation: [0.9971595122439041f,0.03905735731462488f,-0.06440054332920536f,1.1833786991613904f,-0.02996839334532216f,0.9901864112403334f,0.1365018915447303f,1.435673037694868f,0.06909994603325803f,-0.13418417877897149f,0.9885442851099862f,-4.725007882354991f,0f,0f,0f,1f], start_interpolation: 0, interpolation_duration: 1 }
$data merge entity $(item_display_r_item) { transformation: [0.22335987178739908f,-0.012139373935402126f,-0.37599102818494634f,2.0183579435245456f,0.11504716119964496f,0.4185258303703659f,0.0548318339352114f,1.4718039574308686f,0.35816304719362035f,-0.12686612988994408f,0.21686508873428267f,-5.1768642456705365f,0f,0f,0f,1f], start_interpolation: 0, interpolation_duration: 1 }
$data merge entity $(bone_rightarm) { transformation: [0.5105368497997693f,-0.8594080644227344f,0.027747140423776098f,1.4881646883662807f,0.26296493988490277f,0.12532990613762626f,-0.9566304694179791f,1.3109775314123902f,0.8186583935854179f,0.49569163139264605f,0.2899797254627295f,-4.794562044684451f,0f,0f,0f,1f], start_interpolation: 0, interpolation_duration: 1 }
$data merge entity $(item_display_l_item) { transformation: [0.4161329894472614f,-0.1336923156840695f,-0.019129814968171423f,0.8650011894023655f,0.07655268885956895f,0.18244547933832714f,0.39020453982158904f,0.8665165933643226f,-0.1112621720175164f,-0.37449467525725794f,0.19692820336839884f,-5.013140493266105f,0f,0f,0f,1f], start_interpolation: 0, interpolation_duration: 1 }
$data merge entity $(bone_leftarm) { transformation: [0.9511611187365975f,-0.04372529135582047f,0.3055824358493017f,0.9140684912673032f,0.1749775745361576f,0.891896091020775f,-0.4170182384876047f,1.319697090630406f,-0.2543135360400375f,0.4501216076991971f,0.8559878291594468f,-4.517817531164245f,0f,0f,0f,1f], start_interpolation: 0, interpolation_duration: 1 }
$data merge entity $(bone_body) { transformation: [0.9683508795542786f,-0.017410714753427158f,0.24898482097957228f,1.1964367352264607f,0f,0.9975640502598242f,0.0697564737441253f,0.6875f,-0.2495928165361633f,-0.06754874270472867f,0.9659920254808293f,-4.674346325326444f,0f,0f,0f,1f], start_interpolation: 0, interpolation_duration: 1 }
$data merge entity $(bone_leftleg) { transformation: [0.9156273643967209f,0.11415081526277113f,0.3854816739389293f,1.0753928752821758f,-0.05014087707993328f,0.9837809352068235f,-0.17222358714543948f,0.75f,-0.3988889845728625f,0.1383642399553889f,0.9065003668438297f,-4.643147223259423f,0f,0f,0f,1f], start_interpolation: 0, interpolation_duration: 1 }
$data merge entity $(bone_rightleg) { transformation: [0.9933519055380929f,-0.10178411129359174f,0.05377719267508543f,1.3174805951707456f,0.08583165117743129f,0.966167267147208f,0.24321541799287996f,0.75f,-0.07671322845504086f,-0.2369827136764816f,0.9684803942251672f,-4.7055454273934645f,0f,0f,0f,1f], start_interpolation: 0, interpolation_duration: 1 }