# This file was generated by Animated Java via MC-Build. It is not recommended to edit this file directly.
$data merge entity $(bone_left_eye) { transformation: [0.996504598950717f,0.04333482916131408f,-0.07141902303749376f,1.0832900950403983f,-0.03331996370674156f,0.9901635778985047f,0.13588917919324173f,1.6534066328345265f,0.076605249746031f,-0.13303451275812325f,0.9881464740242495f,-5.1576828867049525f,0f,0f,0f,1f], start_interpolation: 0, interpolation_duration: 1 }
$data merge entity $(bone_right_eye) { transformation: [0.996504598950717f,0.04333482916131408f,-0.07141902303749376f,1.3324162447780774f,-0.03331996370674156f,0.9901635778985047f,0.13588917919324173f,1.645076641907841f,0.076605249746031f,-0.13303451275812325f,0.9881464740242495f,-5.138531574268445f,0f,0f,0f,1f], start_interpolation: 0, interpolation_duration: 1 }
$data merge entity $(bone_right_close) { transformation: [0.996504598950717f,0.04333482916131408f,-0.07141902303749376f,1.3324162447780774f,-0.03331996370674156f,0.9901635778985047f,0.13588917919324173f,1.645076641907841f,0.076605249746031f,-0.13303451275812325f,0.9881464740242495f,-5.138531574268445f,0f,0f,0f,1f], start_interpolation: 0, interpolation_duration: 1 }
$data merge entity $(bone_left_close) { transformation: [0.996504598950717f,0.04333482916131408f,-0.07141902303749376f,1.0832900950403983f,-0.03331996370674156f,0.9901635778985047f,0.13588917919324173f,1.6534066328345265f,0.076605249746031f,-0.13303451275812325f,0.9881464740242495f,-5.1576828867049525f,0f,0f,0f,1f], start_interpolation: 0, interpolation_duration: 1 }
$data merge entity $(bone_left_eyebrow) { transformation: [0.9635040873384871f,0.2579906913638526f,-0.07141902303749376f,1.0851904575051454f,-0.2468407700601959f,0.9594809874167785f,0.13588917919324173f,1.6967177962938866f,0.10358333803328718f,-0.11330065293423866f,0.9881464740242495f,-5.163564905792747f,0f,0f,0f,1f], start_interpolation: 0, interpolation_duration: 1 }
$data merge entity $(bone_right_eyebrow) { transformation: [0.9737654072455402f,-0.21605613807595703f,-0.07141902303749376f,1.3343166072428247f,0.2240885782516303f,0.9650484133323829f,0.13588917919324173f,1.6883878053672012f,0.039563123601278866f,-0.14832836924996165f,0.9881464740242495f,-5.144413593356239f,0f,0f,0f,1f], start_interpolation: 0, interpolation_duration: 1 }
$data merge entity $(bone_talking) { transformation: [0.996504598950717f,0.04333482916131408f,-0.07141902303749376f,1.1747010179196926f,-0.03331996370674156f,0.9901635778985047f,0.13588917919324173f,1.4441661113944457f,0.076605249746031f,-0.13303451275812325f,0.9881464740242495f,-4.80605282916459f,0f,0f,0f,1f], start_interpolation: 0, interpolation_duration: 1 }
$data merge entity $(bone_m_opened) { transformation: [0.996504598950717f,0.04333482916131408f,-0.07141902303749376f,1.179164706859536f,-0.03331996370674156f,0.9901635778985047f,0.13588917919324173f,1.435673037694868f,0.076605249746031f,-0.13303451275812325f,0.9881464740242495f,-4.867811983791105f,0f,0f,0f,1f], start_interpolation: 0, interpolation_duration: 1 }
$data merge entity $(bone_head) { transformation: [0.996504598950717f,0.04333482916131408f,-0.07141902303749376f,1.179164706859536f,-0.03331996370674156f,0.9901635778985047f,0.13588917919324173f,1.435673037694868f,0.076605249746031f,-0.13303451275812325f,0.9881464740242495f,-4.867811983791105f,0f,0f,0f,1f], start_interpolation: 0, interpolation_duration: 1 }
$data merge entity $(item_display_r_item) { transformation: [0.17905057926713622f,-0.004471434590146255f,-0.39915804681455314f,2.05372563489489f,0.11089190186316372f,0.4208106912540271f,0.04502885993980166f,1.487113840786403f,0.3834711542805708f,-0.11960191636848404f,0.17335370038078993f,-5.24339144152272f,0f,0f,0f,1f], start_interpolation: 0, interpolation_duration: 1 }
$data merge entity $(bone_rightarm) { transformation: [0.40925846689631135f,-0.9123612498618358f,0.010220421920334094f,1.4860549592113261f,0.25346720425865993f,0.10292310843383257f,-0.9618530085806334f,1.3109775314123902f,0.8765054954984476f,0.3962370294418055f,0.2733758088422493f,-4.927399345911029f,0f,0f,0f,1f], start_interpolation: 0, interpolation_duration: 1 }
$data merge entity $(item_display_l_item) { transformation: [0.42217343792499995f,-0.1072430239175384f,-0.04092397990919757f,0.9140146386540687f,0.10446244226725583f,0.294307542779674f,0.3063934046590274f,1.0545277451720452f,-0.04757558687127635f,-0.30543125917956165f,0.3096038750562419f,-5.22547965833663f,0f,0f,0f,1f], start_interpolation: 0, interpolation_duration: 1 }
$data merge entity $(bone_leftarm) { transformation: [0.9649678581142856f,-0.09354052550673736f,0.2451269118115163f,0.9168335381652369f,0.23877129661087046f,0.7003277820777771f,-0.6727029549249691f,1.3240568702394135f,-0.10874419856291738f,0.7076660001285527f,0.6981285924104268f,-4.608656260153677f,0f,0f,0f,1f], start_interpolation: 0, interpolation_duration: 1 }
$data merge entity $(bone_body) { transformation: [0.9759685093958863f,-0.015200745324606987f,0.21738078574047873f,1.190565265852991f,0f,0.9975640502598242f,0.0697564737441253f,0.6875f,-0.2179116074640621f,-0.06808012170076726f,0.9735910991590037f,-4.81675189251553f,0f,0f,0f,1f], start_interpolation: 0, interpolation_duration: 1 }
$data merge entity $(bone_leftleg) { transformation: [0.9281370273621318f,0.06541130763049352f,0.36644647531863916f,1.0685692021785052f,-0.050140877079933276f,0.9974367567819273f,-0.05104712201491219f,0.75f,-0.3688462428777608f,0.029004776406985948f,0.929037766756842f,-4.789512941582522f,0f,0f,0f,1f], start_interpolation: 0, interpolation_duration: 1 }
$data merge entity $(bone_rightleg) { transformation: [0.9953238752461147f,-0.09558597132319356f,0.013917810577029649f,1.312561329527477f,0.0858316511774313f,0.9412930885989881f,0.3264969356853648f,0.7708333333333334f,-0.04430926563611973f,-0.3237756066197376f,0.9450957864347975f,-4.8439908434485375f,0f,0f,0f,1f], start_interpolation: 0, interpolation_duration: 1 }