# This file was generated by Animated Java via MC-Build. It is not recommended to edit this file directly.
$data merge entity $(bone_left_eye) { transformation: [0.8293283597462413f,-0.1667305209940736f,0.5333061082433368f,0.9190074424142739f,0.059979646588623245f,0.9754922217030811f,0.21170112751681486f,1.6191233554178568f,-0.5555329996640278f,-0.14358223694396055f,0.8190038018949947f,-4.108704884751735f,0f,0f,0f,1f], start_interpolation: 0, interpolation_duration: 1 }
$data merge entity $(bone_right_eye) { transformation: [0.8293283597462413f,-0.1667305209940736f,0.5333061082433368f,1.1263395323508343f,0.059979646588623245f,0.9754922217030811f,0.21170112751681486f,1.6341182670650125f,-0.5555329996640278f,-0.14358223694396055f,0.8190038018949947f,-4.247588134667743f,0f,0f,0f,1f], start_interpolation: 0, interpolation_duration: 1 }
$data merge entity $(bone_right_close) { transformation: [0.8293283597462413f,-0.1667305209940736f,0.5333061082433368f,1.1127926775200658f,0.059979646588623245f,0.9754922217030811f,0.21170112751681486f,1.7133770100783878f,-0.5555329996640278f,-0.14358223694396055f,0.8190038018949947f,-4.25925419141944f,0f,0f,0f,1f], start_interpolation: 0, interpolation_duration: 1 }
$data merge entity $(bone_left_close) { transformation: [0.8293283597462413f,-0.1667305209940736f,0.5333061082433368f,0.9054605875835054f,0.059979646588623245f,0.9754922217030811f,0.21170112751681486f,1.6983820984312321f,-0.5555329996640278f,-0.14358223694396055f,0.8190038018949947f,-4.120370941503432f,0f,0f,0f,1f], start_interpolation: 0, interpolation_duration: 1 }
$data merge entity $(bone_left_eyebrow) { transformation: [0.8457570558072351f,0.0167211680998563f,0.5333061082433368f,0.9085534532203791f,-0.15257727039209953f,0.9653511325770564f,0.21170112751681486f,1.6800783879538297f,-0.5112877654628296f,-0.26041811259889525f,0.8190038018949947f,-4.117729962298352f,0f,0f,0f,1f], start_interpolation: 0, interpolation_duration: 1 }
$data merge entity $(bone_right_eyebrow) { transformation: [0.7579166469197139f,-0.37569529040476934f,0.5333061082433368f,1.1158855431569394f,0.31041185501777013f,0.9267292554314536f,0.21170112751681486f,1.6950732996009854f,-0.5737654891908405f,0.005092729635454762f,0.8190038018949947f,-4.256613212214359f,0f,0f,0f,1f], start_interpolation: 0, interpolation_duration: 1 }
$data merge entity $(bone_talking) { transformation: [0.8293283597462413f,-0.1667305209940736f,0.5333061082433368f,1.2310142764571153f,0.059979646588623245f,0.9754922217030811f,0.21170112751681486f,1.448904358164669f,-0.5555329996640278f,-0.14358223694396055f,0.8190038018949947f,-3.8863122623815634f,0f,0f,0f,1f], start_interpolation: 0, interpolation_duration: 1 }
$data merge entity $(bone_m_opened) { transformation: [0.8293283597462413f,-0.1667305209940736f,0.5333061082433368f,1.2312523595411524f,0.059979646588623245f,0.9754922217030811f,0.21170112751681486f,1.4489988675965961f,-0.5555329996640278f,-0.14358223694396055f,0.8190038018949947f,-3.885946635684289f,0f,0f,0f,1f], start_interpolation: 0, interpolation_duration: 1 }
$data merge entity $(bone_head) { transformation: [0.8293283597462413f,-0.1667305209940736f,0.5333061082433368f,1.1976826446919067f,0.059979646588623245f,0.9754922217030811f,0.21170112751681486f,1.435673037694868f,-0.5555329996640278f,-0.14358223694396055f,0.8190038018949947f,-3.9375000000000004f,0f,0f,0f,1f], start_interpolation: 0, interpolation_duration: 1 }
$data merge entity $(item_display_r_item) { transformation: [0.128217557439453f,-0.41666091495866514f,-0.036880752569172844f,1.0209970418895038f,0.012556135443994611f,-0.034723306115729234f,0.435939084592223f,0.668365521357369f,-0.41810148460268903f,-0.12881856992763635f,0.0017817448824194219f,-4.326155961219248f,0f,0f,0f,1f], start_interpolation: 0, interpolation_duration: 1 }
$data merge entity $(bone_rightarm) { transformation: [0.29306870271874974f,-0.08429886301525243f,0.952367805619806f,1.2064022039099225f,0.02869973815770197f,0.9964321933536526f,0.07936755683595276f,1.3109775314123902f,-0.9556605362347178f,0.004072559731244327f,0.2944424455488831f,-4.25f,0f,0f,0f,1f], start_interpolation: 0, interpolation_duration: 1 }
$data merge entity $(item_display_l_item) { transformation: [-0.14889802210699726f,-0.4102525075376291f,-0.030471446826689307f,1.0155028379265476f,-0.014809579587271384f,-0.02703944605265949f,0.43641241356039995f,0.6720801142960132f,-0.41111592691730203f,0.14955934747200833f,-0.004684679143191586f,-3.5328451169542934f,0f,0f,0f,1f], start_interpolation: 0, interpolation_duration: 1 }
$data merge entity $(bone_leftarm) { transformation: [-0.34033833624456516f,-0.0696490213181472f,0.9377200172288664f,1.2064022039099223f,-0.03385046762804888f,0.9975140881380571f,0.06180444812036477f,1.3109775314123902f,-0.9396935472395475f,-0.010707838041580693f,-0.3418499370788762f,-3.6250000000000004f,0f,0f,0f,1f], start_interpolation: 0, interpolation_duration: 1 }
$data merge entity $(bone_body) { transformation: [3.4450928483976665e-16f,-0.0697564737441253f,0.9975640502598242f,1.2500000000000007f,0f,0.9975640502598242f,0.0697564737441253f,0.6875f,-1f,-2.4031752882532567e-17f,3.436700775368731e-16f,-3.9375000000000004f,0f,0f,0f,1f], start_interpolation: 0, interpolation_duration: 1 }
$data merge entity $(bone_leftleg) { transformation: [-0.21643961393810254f,4.670220861056469e-17f,0.9762960071199335f,1.2500000000000007f,-0.12743220028900526f,0.9914448613738104f,-0.028251038652918573f,0.75f,-0.9679436594388271f,-0.13052619222005157f,-0.2145879430366631f,-3.8125000000000004f,0f,0f,0f,1f], start_interpolation: 0, interpolation_duration: 1 }
$data merge entity $(bone_rightleg) { transformation: [0.17364817766693066f,-3.08933243416628e-17f,0.9848077530122079f,1.2500000000000007f,0.0858316511774313f,0.9961946980917455f,-0.015134435901338623f,0.75f,-0.9810602621904068f,0.08715574274765817f,0.1729873939250898f,-4.0625f,0f,0f,0f,1f], start_interpolation: 0, interpolation_duration: 1 }