# This file was generated by Animated Java via MC-Build. It is not recommended to edit this file directly.
$data merge entity $(bone_left_eye) { transformation: [0.9966025481987294f,0.046214563289746366f,-0.06817312567088207f,1.0812569671451493f,-0.036669405220558296f,0.9901449736499833f,0.13516022298163152f,1.6540029010145259f,0.07374764840027334f,-0.13220115466822482f,0.9884756643740998f,-5.2781881764270855f,0f,0f,0f,1f], start_interpolation: 0, interpolation_duration: 1 }
$data merge entity $(bone_right_eye) { transformation: [0.9966025481987294f,0.046214563289746366f,-0.06817312567088207f,1.3304076041948318f,-0.036669405220558296f,0.9901449736499833f,0.13516022298163152f,1.644835549709386f,0.07374764840027334f,-0.13220115466822482f,0.9884756643740998f,-5.259751264327018f,0f,0f,0f,1f], start_interpolation: 0, interpolation_duration: 1 }
$data merge entity $(bone_right_close) { transformation: [0.9966025481987294f,0.046214563289746366f,-0.06817312567088207f,1.3322850708284777f,-0.036669405220558296f,0.9901449736499833f,0.13516022298163152f,1.6850601892639168f,0.07374764840027334f,-0.13220115466822482f,0.9884756643740998f,-5.265121936235414f,0f,0f,0f,1f], start_interpolation: 0, interpolation_duration: 1 }
$data merge entity $(bone_left_close) { transformation: [0.9966025481987294f,0.046214563289746366f,-0.06817312567088207f,1.0831344337787951f,-0.036669405220558296f,0.9901449736499833f,0.13516022298163152f,1.6942275405690566f,0.07374764840027334f,-0.13220115466822482f,0.9884756643740998f,-5.283558848335482f,0f,0f,0f,1f], start_interpolation: 0, interpolation_duration: 1 }
$data merge entity $(bone_left_eyebrow) { transformation: [0.9629764262552197f,0.26082336439243337f,-0.06817312567088207f,1.0834275356197105f,-0.25010678973984934f,0.9587378723350729f,0.13516022298163152f,1.7004074991404328f,0.10061310154623361f,-0.11310554689063454f,0.9884756643740998f,-5.284446885281183f,0f,0f,0f,1f], start_interpolation: 0, interpolation_duration: 1 }
$data merge entity $(bone_right_eyebrow) { transformation: [0.9746053489911308f,-0.2132998796392973f,-0.06817312567088207f,1.3325781726693928f,0.22084845105595283f,0.9658973422624902f,0.13516022298163152f,1.6912401478352932f,0.03701858160522911f,-0.14678380549678915f,0.9884756643740998f,-5.266009973181114f,0f,0f,0f,1f], start_interpolation: 0, interpolation_duration: 1 }
$data merge entity $(bone_talking) { transformation: [0.9966025481987294f,0.046214563289746366f,-0.06817312567088207f,1.1729745430754033f,-0.036669405220558296f,0.9901449736499833f,0.13516022298163152f,1.44412055163122f,0.07374764840027334f,-0.13220115466822482f,0.9884756643740998f,-4.92702078659309f,0f,0f,0f,1f], start_interpolation: 0, interpolation_duration: 1 }
$data merge entity $(bone_m_opened) { transformation: [0.9966025481987294f,0.046214563289746366f,-0.06817312567088207f,1.1772353634298334f,-0.036669405220558296f,0.9901449736499833f,0.13516022298163152f,1.435673037694868f,0.07374764840027334f,-0.13220115466822482f,0.9884756643740998f,-4.988800515616471f,0f,0f,0f,1f], start_interpolation: 0, interpolation_duration: 1 }
$data merge entity $(bone_head) { transformation: [0.9966025481987294f,0.046214563289746366f,-0.06817312567088207f,1.1772353634298334f,-0.036669405220558296f,0.9901449736499833f,0.13516022298163152f,1.435673037694868f,0.07374764840027334f,-0.13220115466822482f,0.9884756643740998f,-4.988800515616471f,0f,0f,0f,1f], start_interpolation: 0, interpolation_duration: 1 }
$data merge entity $(item_display_r_item) { transformation: [0.14060035796969997f,0.0023231999168268854f,-0.4142853993093876f,2.0785362162742707f,0.09854208105203878f,0.42474965330933234f,0.03582513468970337f,1.5025128551752893f,0.40240184840619914f,-0.10482645064938728f,0.1359794750818149f,-5.295719981115247f,0f,0f,0f,1f], start_interpolation: 0, interpolation_duration: 1 }
$data merge entity $(bone_rightarm) { transformation: [0.3213722467878856f,-0.9469380555643145f,-0.0053101712384616626f,1.4853723887369588f,0.22523904240466006f,0.08188602214789364f,-0.970856350421331f,1.3109775314123902f,0.9197756534998838f,0.310810228758434f,0.23960331577002814f,-5.041562759198719f,0f,0f,0f,1f], start_interpolation: 0, interpolation_duration: 1 }
$data merge entity $(item_display_l_item) { transformation: [0.41758036004880383f,-0.11021569092986169f,-0.06989559624443177f,0.9307973821246016f,0.12988389010455337f,0.3738798991274602f,0.1864141789664843f,1.2659468324202963f,0.012769807861503715f,-0.19867705579984157f,0.3895774756141415f,-5.482019162452443f,0f,0f,0f,1f], start_interpolation: 0, interpolation_duration: 1 }
$data merge entity $(bone_leftarm) { transformation: [0.954469394397266f,-0.15976136284441553f,0.25192157926825526f,0.8939269251639057f,0.29687746309612195f,0.4260895519233929f,-0.8545826265770519f,1.3186071457281539f,0.029188132254865634f,0.8904628014037519f,0.45411898468535233f,-4.8119501654037595f,0f,0f,0f,1f], start_interpolation: 0, interpolation_duration: 1 }
$data merge entity $(bone_body) { transformation: [0.9805640081453784f,-0.013686182093556326f,0.19572152244853594f,1.1875000000000007f,0f,0.9975640502598242f,0.0697564737441253f,0.6875f,-0.19619945445864712f,-0.06840068748862735f,0.9781754035045109f,-4.9375f,0f,0f,0f,1f], start_interpolation: 0, interpolation_duration: 1 }
$data merge entity $(bone_leftleg) { transformation: [0.9360938152313041f,0.022133871164872584f,0.35105335895410317f,1.0649294989818283f,-0.05014087707993327f,0.9962230936921831f,0.0708903381289072f,0.75f,-0.3481583856973096f,-0.0839621304019413f,0.9336680883092295f,-4.912975068192669f,0f,0f,0f,1f], start_interpolation: 0, interpolation_duration: 1 }
$data merge entity $(bone_rightleg) { transformation: [0.9960620606515712f,-0.0874257380219408f,-0.01473470942588101f,1.310070501018173f,0.0858316511774313f,0.9092551012782233f,0.4072936145530442f,0.7916666666666666f,-0.022210335132589132f,-0.40695442144157495f,0.9131784052869689f,-4.962024931807331f,0f,0f,0f,1f], start_interpolation: 0, interpolation_duration: 1 }