# This file was generated by Animated Java via MC-Build. It is not recommended to edit this file directly.
$data merge entity $(bone_left_eye) { transformation: [0.9974815514005315f,0.04746003459831716f,-0.05270768190231198f,1.0780971114486169f,-0.04001297324827416f,0.9901305324482533f,0.13431489375929653f,1.6546285690231415f,0.058562074650934826f,-0.13186763753728495f,0.9895359566902627f,-5.348314589284999f,0f,0f,0f,1f], start_interpolation: 0, interpolation_duration: 1 }
$data merge entity $(bone_right_eye) { transformation: [0.9974815514005315f,0.04746003459831716f,-0.05270768190231198f,1.3274674992987496f,-0.04001297324827416f,0.9901305324482533f,0.13431489375929653f,1.644625325711073f,0.058562074650934826f,-0.13186763753728495f,0.9895359566902627f,-5.333674070622265f,0f,0f,0f,1f], start_interpolation: 0, interpolation_duration: 1 }
$data merge entity $(bone_right_close) { transformation: [0.9974815514005315f,0.04746003459831716f,-0.05270768190231198f,1.3313236271098627f,-0.04001297324827416f,0.9901305324482533f,0.13431489375929653f,1.7250734314724936f,0.058562074650934826f,-0.13186763753728495f,0.9895359566902627f,-5.344388316172169f,0f,0f,0f,1f], start_interpolation: 0, interpolation_duration: 1 }
$data merge entity $(bone_left_close) { transformation: [0.9974815514005315f,0.04746003459831716f,-0.05270768190231198f,1.08195323925973f,-0.04001297324827416f,0.9901305324482533f,0.13431489375929653f,1.735076674784562f,0.058562074650934826f,-0.13186763753728495f,0.9895359566902627f,-5.359028834834903f,0f,0f,0f,1f], start_interpolation: 0, interpolation_duration: 1 }
$data merge entity $(bone_left_eyebrow) { transformation: [0.9635650242421867f,0.2622295641716219f,-0.05270768190231198f,1.0804734074086515f,-0.253367976206715f,0.9580000928743913f,0.13431489375929653f,1.7041267009646943f,0.08571530020986677f,-0.11606669516712725f,0.9895359566902627f,-5.354969817159156f,0f,0f,0f,1f], start_interpolation: 0, interpolation_duration: 1 }
$data merge entity $(bone_right_eyebrow) { transformation: [0.9757767525799292f,-0.21232434950577922f,-0.05270768190231198f,1.3298437952587843f,0.21761507468798577f,0.9667487722169452f,0.13431489375929653f,1.6941234576526258f,0.022436764319080912f,-0.14253133698936682f,0.9895359566902627f,-5.340329298496422f,0f,0f,0f,1f], start_interpolation: 0, interpolation_duration: 1 }
$data merge entity $(bone_talking) { transformation: [0.9974815514005315f,0.04746003459831716f,-0.05270768190231198f,1.1744461461296314f,-0.04001297324827416f,0.9901305324482533f,0.13431489375929653f,1.444067718554824f,0.058562074650934826f,-0.13186763753728495f,0.9895359566902627f,-4.998797434103603f,0f,0f,0f,1f], start_interpolation: 0, interpolation_duration: 1 }
$data merge entity $(bone_m_opened) { transformation: [0.9974815514005315f,0.04746003459831716f,-0.05270768190231198f,1.177740376248526f,-0.04001297324827416f,0.9901305324482533f,0.13431489375929653f,1.435673037694868f,0.058562074650934826f,-0.13186763753728495f,0.9895359566902627f,-5.060643431396745f,0f,0f,0f,1f], start_interpolation: 0, interpolation_duration: 1 }
$data merge entity $(bone_head) { transformation: [0.9974815514005315f,0.04746003459831716f,-0.05270768190231198f,1.177740376248526f,-0.04001297324827416f,0.9901305324482533f,0.13431489375929653f,1.435673037694868f,0.058562074650934826f,-0.13186763753728495f,0.9895359566902627f,-5.060643431396745f,0f,0f,0f,1f], start_interpolation: 0, interpolation_duration: 1 }
$data merge entity $(item_display_r_item) { transformation: [0.25106903844874845f,-0.0250627766210626f,-0.35741075132186995f,1.9826465927901011f,0.16265139380738866f,0.3968383848196037f,0.08642956916635589f,1.4142715096430838f,0.3192414635114534f,-0.18247576157345075f,0.23705217656299746f,-5.553290571087694f,0f,0f,0f,1f], start_interpolation: 0, interpolation_duration: 1 }
$data merge entity $(bone_rightarm) { transformation: [0.5738720878828536f,-0.8169388601642742f,0.05728634656242861f,1.4863813918280369f,0.37177461441688836f,0.19755330095167078f,-0.9070591653019513f,1.3109775314123902f,0.7296947737404649f,0.5418335464297084f,0.4170874550250304f,-5.110372740812869f,0f,0f,0f,1f], start_interpolation: 0, interpolation_duration: 1 }
$data merge entity $(item_display_l_item) { transformation: [0.4174345807508093f,-0.11196649514087224f,-0.06795678596921068f,0.9112682171189904f,0.12988389010455334f,0.3831236740331969f,0.16659134277210497f,1.2940976024185709f,0.016875896560016743f,-0.17912566639422087f,0.39879248959091734f,-5.635215554003801f,0f,0f,0f,1f], start_interpolation: 0, interpolation_duration: 1 }
$data merge entity $(bone_leftarm) { transformation: [0.9541361845732784f,-0.15532979650105305f,0.2559234174648508f,0.878167948672045f,0.2968774630961219f,0.3807802120505258f,-0.8757112549330214f,1.3131574212168942f,0.038573477851466836f,0.9115256904935253f,0.4094300946153622f,-4.963154473791507f,0f,0f,0f,1f], start_interpolation: 0, interpolation_duration: 1 }
$data merge entity $(bone_body) { transformation: [0.9824461171869816f,-0.013012831668632903f,0.18609216274789092f,1.1875000000000007f,0f,0.9975640502598242f,0.0697564737441253f,0.6875f,-0.18654658084302617f,-0.06853197677857154f,0.9800529278230833f,-5.009244448812816f,0f,0f,0f,1f], start_interpolation: 0, interpolation_duration: 1 }
$data merge entity $(bone_leftleg) { transformation: [0.9394725194061486f,-0.018874146992098613f,0.3421040073661584f,1.064694235351628f,-0.05014087707993327f,0.9801580388588497f,0.19177098661171016f,0.75f,-0.33893550673589645f,-0.19731696692300524f,0.9198851758985938f,-4.9859261262074375f,0f,0f,0f,1f], start_interpolation: 0, interpolation_duration: 1 }
$data merge entity $(bone_rightleg) { transformation: [0.9962323191287956f,-0.08600826828788835f,-0.011124032963825498f,1.3103057646483733f,0.08583165117743131f,0.9594695483308452f,0.26842338475244587f,0.8125f,-0.01241345960711232f,-0.26836684521736753f,0.9632368049491569f,-5.032562771418195f,0f,0f,0f,1f], start_interpolation: 0, interpolation_duration: 1 }