# This file was generated by Animated Java via MC-Build. It is not recommended to edit this file directly.
$data merge entity $(bone_left_eye) { transformation: [0.9986373955391483f,0.04682319873575924f,-0.023042141630902763f,1.0701462943247801f,-0.04334691595835507f,0.9901201820771844f,0.13335317739125047f,1.655283153361146f,0.02905851179407315f,-0.13217266398009314f,0.9908006811608071f,-5.432601303221681f,0f,0f,0f,1f], start_interpolation: 0, interpolation_duration: 1 }
$data merge entity $(bone_right_eye) { transformation: [0.9986373955391483f,0.04682319873575924f,-0.023042141630902763f,1.3198056432095673f,-0.04334691595835507f,0.9901201820771844f,0.13335317739125047f,1.644446424371557f,0.02905851179407315f,-0.13217266398009314f,0.9908006811608071f,-5.4253366752731615f,0f,0f,0f,1f], start_interpolation: 0, interpolation_duration: 1 }
$data merge entity $(bone_right_close) { transformation: [0.9986373955391483f,0.04682319873575924f,-0.023042141630902763f,1.3236100281068477f,-0.04334691595835507f,0.9901201820771844f,0.13335317739125047f,1.7248936891653284f,0.02905851179407315f,-0.13217266398009314f,0.9908006811608071f,-5.436075704221544f,0f,0f,0f,1f], start_interpolation: 0, interpolation_duration: 1 }
$data merge entity $(bone_left_close) { transformation: [0.9986373955391483f,0.04682319873575924f,-0.023042141630902763f,1.0739506792220606f,-0.04334691595835507f,0.9901201820771844f,0.13335317739125047f,1.7357304181549174f,0.02905851179407315f,-0.13217266398009314f,0.9908006811608071f,-5.443340332170063f,0f,0f,0f,1f], start_interpolation: 0, interpolation_duration: 1 }
$data merge entity $(bone_left_eyebrow) { transformation: [0.9648313067678052f,0.2618579943209507f,-0.023042141630902763f,1.0726352168914692f,-0.2566206509322153f,0.9572683905753828f,0.13335317739125047f,1.7078749534604096f,0.056977109402423065f,-0.12275023101984457f,0.9908006811608071f,-5.439684901038196f,0f,0f,0f,1f], start_interpolation: 0, interpolation_duration: 1 }
$data merge entity $(bone_right_eyebrow) { transformation: [0.9767283870347497f,-0.21323864018877517f,-0.023042141630902763f,1.3222945657762564f,0.2143920544477939f,0.9676016623948678f,0.13335317739125047f,1.6970382244708209f,-0.0061404356645633f,-0.1351898859424412f,0.9908006811608071f,-5.432420273089678f,0f,0f,0f,1f], start_interpolation: 0, interpolation_duration: 1 }
$data merge entity $(bone_talking) { transformation: [0.9986373955391483f,0.04682319873575924f,-0.023042141630902763f,1.1760694998235768f,-0.04334691595835507f,0.9901201820771844f,0.13335317739125047f,1.4440076112818212f,0.02905851179407315f,-0.13217266398009314f,0.9908006811608071f,-5.086300610389646f,0f,0f,0f,1f], start_interpolation: 0, interpolation_duration: 1 }
$data merge entity $(bone_m_opened) { transformation: [0.9986373955391483f,0.04682319873575924f,-0.023042141630902763f,1.1775096336755082f,-0.04334691595835507f,0.9901201820771844f,0.13335317739125047f,1.435673037694868f,0.02905851179407315f,-0.13217266398009314f,0.9908006811608071f,-5.148225652962196f,0f,0f,0f,1f], start_interpolation: 0, interpolation_duration: 1 }
$data merge entity $(bone_head) { transformation: [0.9986373955391483f,0.04682319873575924f,-0.023042141630902763f,1.1775096336755082f,-0.04334691595835507f,0.9901201820771844f,0.13335317739125047f,1.435673037694868f,0.02905851179407315f,-0.13217266398009314f,0.9908006811608071f,-5.148225652962196f,0f,0f,0f,1f], start_interpolation: 0, interpolation_duration: 1 }
$data merge entity $(item_display_r_item) { transformation: [0.3612378541109919f,-0.056725365749634646f,-0.24019928317514994f,1.7966515326752495f,0.15339645279264696f,0.3851623611075601f,0.13973451204581736f,1.3314495776941138f,0.1933468154067165f,-0.1995956874950449f,0.3379124450289771f,-5.7961273596051255f,0f,0f,0f,1f], start_interpolation: 0, interpolation_duration: 1 }
$data merge entity $(bone_rightarm) { transformation: [0.8256865236822672f,-0.5490269329717713f,0.12965797885630764f,1.4859241942819694f,0.3506204635260502f,0.31939317039043985f,-0.8803711111029944f,1.3109775314123902f,0.44193557807249484f,0.7723713029233761f,0.45621871427438854f,-5.199340616709418f,0f,0f,0f,1f], start_interpolation: 0, interpolation_duration: 1 }
$data merge entity $(item_display_l_item) { transformation: [0.4175061631298663f,-0.11607811230341343f,-0.060172465402820646f,0.8831262042389145f,0.12988389010455337f,0.3913173335790088f,0.1463118912868097f,1.3223006140553395f,0.01500096129872412f,-0.15748925768029717f,0.4078950292359828f,-5.798593865618463f,0f,0f,0f,1f], start_interpolation: 0, interpolation_duration: 1 }
$data merge entity $(bone_leftarm) { transformation: [0.9542998014396944f,-0.13753706377787583f,0.26532139955065925f,0.8634958892654069f,0.29687746309612195f,0.33442718008413663f,-0.8944396196091627f,1.3077076967056342f,0.034287911539940846f,0.932331495396532f,0.35997544612639376f,-5.125892819464032f,0f,0f,0f,1f], start_interpolation: 0, interpolation_duration: 1 }
$data merge entity $(bone_body) { transformation: [0.9815983985676138f,-0.013320488432656987f,0.1904918594518193f,1.1875000000000009f,0f,0.9975640502598242f,0.0697564737441253f,0.6875f,-0.19095702115789362f,-0.0684728429169572f,0.979207274203666f,-5.096871020774478f,0f,0f,0f,1f], start_interpolation: 0, interpolation_duration: 1 }
$data merge entity $(bone_leftleg) { transformation: [0.9379408312968187f,-0.06180790468879661f,0.34124299246169654f,1.064800200179049f,-0.05014087707993327f,0.9494810852471302f,0.3097927713869176f,0.75f,-0.34315140890267065f,-0.3076775124638013f,0.8874579758457297f,-5.073001393129742f,0f,0f,0f,1f], start_interpolation: 0, interpolation_duration: 1 }
$data merge entity $(bone_rightleg) { transformation: [0.9961665210012004f,-0.08725951238238594f,0.006167652321051653f,1.3101997998209527f,0.0858316511774313f,0.9886061061455752f,0.1236563566818923f,0.796875f,-0.016887572132218864f,-0.12265294285288002f,0.9923059334282989f,-5.120740648419215f,0f,0f,0f,1f], start_interpolation: 0, interpolation_duration: 1 }