# This file was generated by Animated Java via MC-Build. It is not recommended to edit this file directly.
$data merge entity $(bone_left_eye) { transformation: [0.9987701667861424f,0.04403060794224474f,0.022791654222928864f,1.0569079824982452f,-0.0466674777604522f,0.990113844257085f,0.13227517503271125f,1.6559661397210181f,-0.016742176007285253f,-0.13317612764565967f,0.9909509667828412f,-5.5030555194554f,0f,0f,0f,1f], start_interpolation: 0, interpolation_duration: 1 }
$data merge entity $(bone_right_eye) { transformation: [0.9987701667861424f,0.04403060794224474f,0.022791654222928864f,1.306600524194781f,-0.0466674777604522f,0.990113844257085f,0.13227517503271125f,1.644299270280905f,-0.016742176007285253f,-0.13317612764565967f,0.9909509667828412f,-5.507241063457221f,0f,0f,0f,1f], start_interpolation: 0, interpolation_duration: 1 }
$data merge entity $(bone_right_close) { transformation: [0.9987701667861424f,0.04403060794224474f,0.022791654222928864f,1.3101780110900882f,-0.0466674777604522f,0.990113844257085f,0.13227517503271125f,1.724746020126793f,-0.016742176007285253f,-0.13317612764565967f,0.9909509667828412f,-5.518061623828431f,0f,0f,0f,1f], start_interpolation: 0, interpolation_duration: 1 }
$data merge entity $(bone_left_close) { transformation: [0.9987701667861424f,0.04403060794224474f,0.022791654222928864f,1.0604854693935526f,-0.0466674777604522f,0.990113844257085f,0.13227517503271125f,1.7364128895669062f,-0.016742176007285253f,-0.13317612764565967f,0.9909509667828412f,-5.51387607982661f,0f,0f,0f,1f], start_interpolation: 0, interpolation_duration: 1 }
$data merge entity $(bone_left_eyebrow) { transformation: [0.9831868750254352f,0.18117425113823818f,0.022791654222928864f,1.0593832797166074f,-0.1825937317165554f,0.974249868980175f,0.13227517503271125f,1.7116517762620396f,0.001760089640200909f,-0.13421282918041186f,0.9909509667828412f,-5.510608611070892f,0f,0f,0f,1f], start_interpolation: 0, interpolation_duration: 1 }
$data merge entity $(bone_right_eyebrow) { transformation: [0.991242438559027f,-0.13007293529914643f,0.022791654222928864f,1.309075821413143f,0.12597297082602382f,0.9831755126585137f,0.13227517503271125f,1.6999849068219266f,-0.03961361660867682f,-0.128245634667745f,0.9909509667828412f,-5.514794155072713f,0f,0f,0f,1f], start_interpolation: 0, interpolation_duration: 1 }
$data merge entity $(bone_talking) { transformation: [0.9987701667861424f,0.04403060794224474f,0.022791654222928864f,1.177868993305617f,-0.0466674777604522f,0.990113844257085f,0.13227517503271125f,1.4439402361344125f,-0.016742176007285253f,-0.13317612764565967f,0.9909509667828412f,-5.162182082425257f,0f,0f,0f,1f], start_interpolation: 0, interpolation_duration: 1 }
$data merge entity $(bone_m_opened) { transformation: [0.9987701667861424f,0.04403060794224474f,0.022791654222928864f,1.176444514916684f,-0.0466674777604522f,0.990113844257085f,0.13227517503271125f,1.435673037694868f,-0.016742176007285253f,-0.13317612764565967f,0.9909509667828412f,-5.224116517849185f,0f,0f,0f,1f], start_interpolation: 0, interpolation_duration: 1 }
$data merge entity $(bone_head) { transformation: [0.9987701667861424f,0.04403060794224474f,0.022791654222928864f,1.176444514916684f,-0.0466674777604522f,0.990113844257085f,0.13227517503271125f,1.435673037694868f,-0.016742176007285253f,-0.13317612764565967f,0.9909509667828412f,-5.224116517849185f,0f,0f,0f,1f], start_interpolation: 0, interpolation_duration: 1 }
$data merge entity $(item_display_r_item) { transformation: [0.4283129991934588f,-0.05988406242033882f,-0.06609178307430626f,1.5439275376132795f,0.08010800079138214f,0.4008287594957928f,0.15596558521119933f,1.3172145579654155f,0.03920373618817616f,-0.1647921558482105f,0.40337682437119143f,-5.952049612828704f,0f,0f,0f,1f], start_interpolation: 0, interpolation_duration: 1 }
$data merge entity $(bone_rightarm) { transformation: [0.97900114101362f,-0.15106693274127148f,0.13687785696077442f,1.4837301688901785f,0.18310400180887346f,0.3564927661970272f,-0.9161800217046691f,1.3109775314123902f,0.08960853985868836f,0.9220041699912945f,0.3766677847959099f,-5.281630060385168f,0f,0f,0f,1f], start_interpolation: 0, interpolation_duration: 1 }
$data merge entity $(item_display_l_item) { transformation: [0.4177277477007397f,-0.12186737438661084f,-0.04536652798022701f,0.8416647149270805f,0.12988389010455337f,0.3984384195136147f,0.12563140907751214f,1.3504636275199937f,0.006320909125703284f,-0.13342195814635055f,0.4166111822697732f,-5.942837232359912f,0f,0f,0f,1f], start_interpolation: 0, interpolation_duration: 1 }
$data merge entity $(bone_leftarm) { transformation: [0.9548062804588336f,-0.10369492109766179f,0.2785539985979676f,0.8464938888905338f,0.29687746309612195f,0.28715750646288507f,-0.9107163874596906f,1.3022579721943743f,0.014447792287321792f,0.9522541309023386f,0.30496447576308716f,-5.271437281605178f,0f,0f,0f,1f], start_interpolation: 0, interpolation_duration: 1 }
$data merge entity $(bone_body) { transformation: [0.9774178340040802f,-0.014740646777755464f,0.21080106997675696f,1.1875000000000007f,0f,0.9975640502598242f,0.0697564737441253f,0.6875f,-0.21131582470504223f,-0.06818122147474545f,0.9750368932852947f,-5.172980601743126f,0f,0f,0f,1f], start_interpolation: 0, interpolation_duration: 1 }
$data merge entity $(bone_leftleg) { transformation: [0.9306067194707964f,-0.02597928209240998f,0.36509753570486514f,1.0653227707494906f,-0.05014087707993327f,0.9790257794231357f,0.19747003739954203f,0.8125f,-0.3625700292653232f,-0.20207325435812745f,0.9097853448762835f,-5.146566123654996f,0f,0f,0f,1f], start_interpolation: 0, interpolation_duration: 1 }
$data merge entity $(bone_rightleg) { transformation: [0.9956004043698377f,-0.08484378494297519f,0.0397664051073994f,1.3096772292505108f,0.08583165117743131f,0.9960246948580125f,-0.02382718802458353f,0.78125f,-0.037586732696144015f,0.02713557424403025f,0.9989248711167799f,-5.199395079831256f,0f,0f,0f,1f], start_interpolation: 0, interpolation_duration: 1 }