# This file was generated by Animated Java via MC-Build. It is not recommended to edit this file directly.
$data merge entity $(bone_left_eye) { transformation: [0.9954858703779395f,0.03877337343988858f,0.08662855989780291f,1.03805738130916f,-0.04997090274825082f,0.9901114347563339f,0.13108110330356088f,1.6566769834015929f,-0.08068947116198708f,-0.13481829355412f,0.9875794838729457f,-5.5490766613643165f,0f,0f,0f,1f], start_interpolation: 0, interpolation_duration: 1 }
$data merge entity $(bone_right_eye) { transformation: [0.9954858703779395f,0.03877337343988858f,0.08662855989780291f,1.2869288489036448f,-0.04997090274825082f,0.9901114347563339f,0.13108110330356088f,1.64418425771453f,-0.08068947116198708f,-0.13481829355412f,0.9875794838729457f,-5.569249029154814f,0f,0f,0f,1f], start_interpolation: 0, interpolation_duration: 1 }
$data merge entity $(bone_right_close) { transformation: [0.9954858703779395f,0.03877337343988858f,0.08662855989780291f,1.2900791854956357f,-0.04997090274825082f,0.9901114347563339f,0.13108110330356088f,1.724630811788482f,-0.08068947116198708f,-0.13481829355412f,0.9875794838729457f,-5.580203015506086f,0f,0f,0f,1f], start_interpolation: 0, interpolation_duration: 1 }
$data merge entity $(bone_left_close) { transformation: [0.9954858703779395f,0.03877337343988858f,0.08662855989780291f,1.041207717901151f,-0.04997090274825082f,0.9901114347563339f,0.13108110330356088f,1.737123537475545f,-0.08068947116198708f,-0.13481829355412f,0.9875794838729457f,-5.560030647715589f,0f,0f,0f,1f], start_interpolation: 0, interpolation_duration: 1 }
$data merge entity $(bone_left_eyebrow) { transformation: [0.9915471946771268f,0.09659013064466077f,0.08662855989780291f,1.0403541360721598f,-0.10745621986597181f,0.9855307733241195f,0.13108110330356088f,1.7154566572712937f,-0.0727139707348993f,-0.13928187783487925f,0.9875794838729457f,-5.5571432212618355f,0f,0f,0f,1f], start_interpolation: 0, interpolation_duration: 1 }
$data merge entity $(bone_right_eyebrow) { transformation: [0.9950770682567357f,-0.04813648137964011f,0.08662855989780291f,1.2892256036666447f,0.0365131491224722f,0.9906990129690659f,0.13108110330356088f,1.7029639315842309f,-0.09213261187407948f,-0.12727271845335217f,0.9875794838729457f,-5.577315589052332f,0f,0f,0f,1f], start_interpolation: 0, interpolation_duration: 1 }
$data merge entity $(bone_talking) { transformation: [0.9954858703779395f,0.03877337343988858f,0.08662855989780291f,1.1798711967144937f,-0.04997090274825082f,0.9901114347563339f,0.13108110330356088f,1.4438656066513407f,-0.08068947116198708f,-0.13481829355412f,0.9875794838729457f,-5.21683968316074f,0f,0f,0f,1f], start_interpolation: 0, interpolation_duration: 1 }
$data merge entity $(bone_m_opened) { transformation: [0.9954858703779395f,0.03877337343988858f,0.08662855989780291f,1.174456911720881f,-0.04997090274825082f,0.9901114347563339f,0.13108110330356088f,1.435673037694868f,-0.08068947116198708f,-0.13481829355412f,0.9875794838729457f,-5.278563400902799f,0f,0f,0f,1f], start_interpolation: 0, interpolation_duration: 1 }
$data merge entity $(bone_head) { transformation: [0.9954858703779395f,0.03877337343988858f,0.08662855989780291f,1.174456911720881f,-0.04997090274825082f,0.9901114347563339f,0.13108110330356088f,1.435673037694868f,-0.08068947116198708f,-0.13481829355412f,0.9875794838729457f,-5.278563400902799f,0f,0f,0f,1f], start_interpolation: 0, interpolation_duration: 1 }
$data merge entity $(item_display_r_item) { transformation: [0.4188654566142685f,-0.003388781707245847f,0.12627943385152218f,1.296927771057543f,-0.027100320398530747f,0.42474966024006716f,0.10128943064429019f,1.4089924363434423f,-0.12338375861359267f,-0.1047973868208942f,0.4064482818587065f,-5.9885522596510645f,0f,0f,0f,1f], start_interpolation: 0, interpolation_duration: 1 }
$data merge entity $(bone_rightarm) { transformation: [0.9574067579754708f,0.2886387059463364f,0.007745786759419143f,1.479263408963858f,-0.061943589482355996f,0.23151869861552066f,-0.9708563662630106f,1.3109775314123902f,-0.28202001968821183f,0.9290246442484721f,0.23953688416204413f,-5.348027635955258f,0f,0f,0f,1f], start_interpolation: 0, interpolation_duration: 1 }
$data merge entity $(item_display_l_item) { transformation: [0.4176561227402897f,-0.12832984633478797f,-0.022384451684992476f,0.8015570825235382f,0.12988389010455337f,0.4044674134354487f,0.1046065799084653f,1.3839442371453945f,-0.009989405830997482f,-0.1065073331209055f,0.4242200487513716f,-5.979858851486755f,0f,0f,0f,1f], start_interpolation: 0, interpolation_duration: 1 }
$data merge entity $(bone_leftarm) { transformation: [0.9546425662635193f,-0.05116446099426858f,0.2933253630509439f,0.8429106351648563f,0.29687746309612195f,0.23910075407649228f,-0.9244969449953112f,1.3022579721943743f,-0.02283292761370853f,0.9696458257174208f,0.24344533284778422f,-5.3129688772014205f,0f,0f,0f,1f], start_interpolation: 0, interpolation_duration: 1 }
$data merge entity $(bone_body) { transformation: [0.9684244774286634f,-0.017390784372159733f,0.24869980324869778f,1.1875000000000007f,0f,0.9975640502598242f,0.0697564737441253f,0.6875f,-0.24930710282103868f,-0.06755387663292083f,0.9660654440744912f,-5.227897993428108f,0f,0f,0f,1f], start_interpolation: 0, interpolation_duration: 1 }
$data merge entity $(bone_leftleg) { transformation: [0.9157450130010603f,0.012857363516506785f,0.4015541798650491f,1.0664469403214176f,-0.050140877079933255f,0.9953308294353922f,0.08247685991300432f,0.7915625f,-0.3986188199387265f,-0.09566205192686761f,0.9121139228253224f,-5.196734605575479f,0f,0f,0f,1f], start_interpolation: 0, interpolation_duration: 1 }
$data merge entity $(bone_rightleg) { transformation: [0.9903513988664667f,-0.10558113536719156f,0.08975929265433924f,1.3085530596785837f,0.11169603641855705f,0.9915439195047052f,-0.06606550644346182f,0.765625f,-0.08202500967154425f,0.07545382394432698f,0.9937699020601104f,-5.259061381280738f,0f,0f,0f,1f], start_interpolation: 0, interpolation_duration: 1 }