# This file was generated by Animated Java via MC-Build. It is not recommended to edit this file directly.
$data merge entity $(bone_left_eye) { transformation: [0.9849809606320757f,0.03070774264955384f,0.16991039324797527f,1.0135553320452142f,-0.053253438148070084f,0.9901128635084555f,0.1297712943624134f,1.6574151097498875f,-0.1642454824880201f,-0.13687056680110313f,0.9768776123065886f,-5.557710183434246f,0f,0f,0f,1f], start_interpolation: 0, interpolation_duration: 1 }
$data merge entity $(bone_right_eye) { transformation: [0.9849809606320757f,0.03070774264955384f,0.16991039324797527f,1.259800572203233f,-0.053253438148070084f,0.9901128635084555f,0.1297712943624134f,1.6441017502128699f,-0.1642454824880201f,-0.13687056680110313f,0.9768776123065886f,-5.598771554056251f,0f,0f,0f,1f], start_interpolation: 0, interpolation_duration: 1 }
$data merge entity $(bone_right_close) { transformation: [0.9849809606320757f,0.03070774264955384f,0.16991039324797527f,1.2622955762935093f,-0.053253438148070084f,0.9901128635084555f,0.1297712943624134f,1.7245484203729318f,-0.1642454824880201f,-0.13687056680110313f,0.9768776123065886f,-5.60989228760884f,0f,0f,0f,1f], start_interpolation: 0, interpolation_duration: 1 }
$data merge entity $(bone_left_close) { transformation: [0.9849809606320757f,0.03070774264955384f,0.16991039324797527f,1.0160503361354905f,-0.053253438148070084f,0.9901128635084555f,0.1297712943624134f,1.7378617799099494f,-0.1642454824880201f,-0.13687056680110313f,0.9768776123065886f,-5.568830916986835f,0f,0f,0f,1f], start_interpolation: 0, interpolation_duration: 1 }
$data merge entity $(bone_left_eyebrow) { transformation: [0.9854164477122112f,0.009213188620945823f,0.16991039324797527f,1.0154639465612332f,-0.03164156698321205f,0.9910389610900021f,0.1297712943624134f,1.7192890530132683f,-0.16719221219032196f,-0.1332549989947248f,0.9768776123065886f,-5.566325648710084f,0f,0f,0f,1f], start_interpolation: 0, interpolation_duration: 1 }
$data merge entity $(bone_right_eyebrow) { transformation: [0.9849809606320757f,0.03070774264955384f,0.16991039324797527f,1.2617091867192523f,-0.053253438148070084f,0.9901128635084555f,0.1297712943624134f,1.7059756934762509f,-0.1642454824880201f,-0.13687056680110313f,0.9768776123065886f,-5.607387019332089f,0f,0f,0f,1f], start_interpolation: 0, interpolation_duration: 1 }
$data merge entity $(bone_talking) { transformation: [0.9849809606320757f,0.03070774264955384f,0.16991039324797527f,1.1820980143518274f,-0.053253438148070084f,0.9901128635084555f,0.1297712943624134f,1.443783743592519f,-0.1642454824880201f,-0.13687056680110313f,0.9768776123065886f,-5.238748973199163f,0f,0f,0f,1f], start_interpolation: 0, interpolation_duration: 1 }
$data merge entity $(bone_m_opened) { transformation: [0.9849809606320757f,0.03070774264955384f,0.16991039324797527f,1.171478614773829f,-0.053253438148070084f,0.9901128635084555f,0.1297712943624134f,1.435673037694868f,-0.1642454824880201f,-0.13687056680110313f,0.9768776123065886f,-5.299803823968325f,0f,0f,0f,1f], start_interpolation: 0, interpolation_duration: 1 }
$data merge entity $(bone_head) { transformation: [0.9849809606320757f,0.03070774264955384f,0.16991039324797527f,1.171478614773829f,-0.053253438148070084f,0.9901128635084555f,0.1297712943624134f,1.435673037694868f,-0.1642454824880201f,-0.13687056680110313f,0.9768776123065886f,-5.299803823968325f,0f,0f,0f,1f], start_interpolation: 0, interpolation_duration: 1 }
$data merge entity $(item_display_r_item) { transformation: [0.4110244030843632f,-0.038325518096468676f,0.14490115503949608f,1.242733171506501f,-0.02075729257360653f,0.4043249192256127f,0.16582142352004905f,1.30513259451267f,-0.14843963377129615f,-0.16266150237791058f,0.3780385704792626f,-6.020206034834382f,0f,0f,0f,1f], start_interpolation: 0, interpolation_duration: 1 }
$data merge entity $(bone_rightarm) { transformation: [0.9394843499071159f,0.3312026400902767f,0.08760118422049991f,1.471635117618049f,-0.047445240168243495f,0.3790203966172552f,-0.9241712439442574f,1.3109775314123902f,-0.3392905914772483f,0.8640881610954573f,0.37179771972093867f,-5.387201504219487f,0f,0f,0f,1f], start_interpolation: 0, interpolation_duration: 1 }
$data merge entity $(item_display_l_item) { transformation: [0.4163309996542979f,-0.13408363446795724f,0.00981466732580179f,0.7478363201381675f,0.12988389010455337f,0.4093877902912415f,0.08329503137500349f,1.4172009503965073f,-0.034712012591626616f,-0.07635094058567797f,0.42938544462233574f,-5.9715464001455745f,0f,0f,0f,1f], start_interpolation: 0, interpolation_duration: 1 }
$data merge entity $(bone_leftarm) { transformation: [0.951613713495538f,0.022433525316118308f,0.30647687878390223f,0.838476493156717f,0.29687746309612195f,0.19038864314286535f,-0.9357435206656949f,1.3022579721943743f,-0.07934174306657513f,0.9814524448510531f,0.17451643562440702f,-5.314509513207565f,0f,0f,0f,1f], start_interpolation: 0, interpolation_duration: 1 }
$data merge entity $(bone_body) { transformation: [0.9519560703142125f,-0.021361846968228806f,0.30548864411959364f,1.1875000000000007f,0f,0.9975640502598242f,0.0697564737441253f,0.6875f,-0.3062346162534892f,-0.06640509862443407f,0.9496371531720718f,-5.25f,0f,0f,0f,1f], start_interpolation: 0, interpolation_duration: 1 }
$data merge entity $(bone_leftleg) { transformation: [0.890524527378263f,0.05992791059986064f,0.4509708545669622f,1.0685054912107241f,-0.05014087707993326f,0.9981757374535339f,-0.033631675616132645f,0.770625f,-0.452163641377075f,0.007337757847521064f,0.8919048148353023f,-5.211720672968314f,0f,0f,0f,1f], start_interpolation: 0, interpolation_duration: 1 }
$data merge entity $(bone_rightleg) { transformation: [0.9797154674740348f,-0.11924815078013899f,0.1610511761138375f,1.3064945087892772f,0.13753377258623908f,0.984636113151482f,-0.1075926859788271f,0.75f,-0.14574657522676043f,0.12756019447092048f,0.9810638779387462f,-5.288279327031686f,0f,0f,0f,1f], start_interpolation: 0, interpolation_duration: 1 }