# This file was generated by Animated Java via MC-Build. It is not recommended to edit this file directly.
$data merge entity $(bone_left_eye) { transformation: [0.96175461955694f,0.019475852143937888f,0.2732192214031672f,0.9696739136114176f,-0.0565113377703304f,0.9901180347345017f,0.1283461958801111f,1.6581799146297571f,-0.2680196270131967f,-0.13887753049631782f,0.9533512002714167f,-5.480311010888656f,0f,0f,0f,1f], start_interpolation: 0, interpolation_duration: 1 }
$data merge entity $(bone_right_eye) { transformation: [0.96175461955694f,0.019475852143937888f,0.2732192214031672f,1.2101125685006526f,-0.0565113377703304f,0.9901180347345017f,0.1283461958801111f,1.6440520801871743f,-0.2680196270131967f,-0.13887753049631782f,0.9533512002714167f,-5.547315917641955f,0f,0f,0f,1f], start_interpolation: 0, interpolation_duration: 1 }
$data merge entity $(bone_right_close) { transformation: [0.96175461955694f,0.019475852143937888f,0.2732192214031672f,1.2116949814873477f,-0.0565113377703304f,0.9901180347345017f,0.1283461958801111f,1.7244991705093526f,-0.2680196270131967f,-0.13887753049631782f,0.9533512002714167f,-5.558599716994781f,0f,0f,0f,1f], start_interpolation: 0, interpolation_duration: 1 }
$data merge entity $(bone_left_close) { transformation: [0.96175461955694f,0.019475852143937888f,0.2732192214031672f,0.9712563265981127f,-0.0565113377703304f,0.9901180347345017f,0.1283461958801111f,1.7386270049519355f,-0.2680196270131967f,-0.13887753049631782f,0.9533512002714167f,-5.491594810241482f,0f,0f,0f,1f], start_interpolation: 0, interpolation_duration: 1 }
$data merge entity $(bone_left_eyebrow) { transformation: [0.958753841814747f,-0.07837300467195328f,0.2732192214031672f,0.9709653712260007f,0.04441201603121564f,0.9907344885665117f,0.1283461958801111f,1.724695448451239f,-0.28074658259274676f,-0.11091819194137084f,0.9533512002714167f,-5.489701429418894f,0f,0f,0f,1f], start_interpolation: 0, interpolation_duration: 1 }
$data merge entity $(bone_right_eyebrow) { transformation: [0.956397420508619f,0.10322417885508632f,0.2732192214031672f,1.2114040261152357f,-0.1425907677940122f,0.9814250490704924f,0.1283461958801111f,1.7105676140086563f,-0.25489575709370654f,-0.16170850922779204f,0.9533512002714167f,-5.556706336172193f,0f,0f,0f,1f], start_interpolation: 0, interpolation_duration: 1 }
$data merge entity $(bone_talking) { transformation: [0.96175461955694f,0.019475852143937888f,0.2732192214031672f,1.1704052847085404f,-0.0565113377703304f,0.9901180347345017f,0.1283461958801111f,1.4436946749373751f,-0.2680196270131967f,-0.13887753049631782f,0.9533512002714167f,-5.181171831556409f,0f,0f,0f,1f], start_interpolation: 0, interpolation_duration: 1 }
$data merge entity $(bone_m_opened) { transformation: [0.96175461955694f,0.019475852143937888f,0.2732192214031672f,1.1533290833708425f,-0.0565113377703304f,0.9901180347345017f,0.1283461958801111f,1.435673037694868f,-0.2680196270131967f,-0.13887753049631782f,0.9533512002714167f,-5.240756281573372f,0f,0f,0f,1f], start_interpolation: 0, interpolation_duration: 1 }
$data merge entity $(bone_head) { transformation: [0.96175461955694f,0.019475852143937888f,0.2732192214031672f,1.1533290833708425f,-0.0565113377703304f,0.9901180347345017f,0.1283461958801111f,1.435673037694868f,-0.2680196270131967f,-0.13887753049631782f,0.9533512002714167f,-5.240756281573372f,0f,0f,0f,1f], start_interpolation: 0, interpolation_duration: 1 }
$data merge entity $(item_display_r_item) { transformation: [0.3976616170399292f,-0.08299934520819444f,0.16242720532041297f,1.165911206125608f,-0.014410041531893422f,0.3740711264333339f,0.22642745653287216f,1.2012646657559063f,-0.18183464751316714f,-0.21115906578668972f,0.33727475431738824f,-5.954772432796366f,0f,0f,0f,1f], start_interpolation: 0, interpolation_duration: 1 }
$data merge entity $(bone_rightarm) { transformation: [0.9089408389484096f,0.3712621835895153f,0.18971278904730166f,1.4453782681308804f,-0.032937237787184964f,0.5175484720751365f,-0.855019717561906f,1.3109775314123902f,-0.4156220514586677f,0.7709137241540301f,0.48264929322671957f,-5.3522890318934175f,0f,0f,0f,1f], start_interpolation: 0, interpolation_duration: 1 }
$data merge entity $(item_display_l_item) { transformation: [0.4163764304956604f,-0.13265005354878628f,0.020997176505342635f,0.7144386589311349f,0.11620417469492153f,0.3901306025757031f,0.16031516683517802f,1.2961680781873788f,-0.06733132934351246f,-0.14699770823867606f,0.4065272633679228f,-5.893067436520598f,0f,0f,0f,1f], start_interpolation: 0, interpolation_duration: 1 }
$data merge entity $(bone_leftarm) { transformation: [0.9517175554186524f,0.04799354629792596f,0.3032001223972258f,0.820234655966645f,0.26560954215982063f,0.36643466705183564f,-0.8917270916016069f,1.3022579721943743f,-0.1539001813565999f,0.9292051734123948f,0.3359947616884026f,-5.22831551271575f,0f,0f,0f,1f], start_interpolation: 0, interpolation_duration: 1 }
$data merge entity $(bone_body) { transformation: [0.9238795325112867f,-0.026694646802087118f,0.38175123475745015f,1.1733500684724079f,0f,0.9975640502598242f,0.0697564737441253f,0.6875f,-0.3826834323650895f,-0.06444657835235833f,0.9216290084041121f,-5.192421347809103f,0f,0f,0f,1f], start_interpolation: 0, interpolation_duration: 1 }
$data merge entity $(bone_leftleg) { transformation: [0.8507769013278104f,0.03241286890506769f,0.5245265199171457f,1.057865126908497f,-0.05014087707993326f,0.998549360488704f,0.019623126999928547f,0.7845833333333334f,-0.5231295791796752f,-0.04299512294369208f,0.8511679404150232f,-5.144585918763466f,0f,0f,0f,1f], start_interpolation: 0, interpolation_duration: 1 }
$data merge entity $(bone_rightleg) { transformation: [0.9594904354182092f,-0.12206787598778818f,0.2539242760997953f,1.2888350100363186f,0.1633238056536075f,0.9753690523961179f,-0.14825837627170224f,0.75f,-0.22957229547094252f,0.1837243731237882f,0.9557938668313755f,-5.240256776854739f,0f,0f,0f,1f], start_interpolation: 0, interpolation_duration: 1 }