# This file was generated by Animated Java via MC-Build. It is not recommended to edit this file directly.
$data merge entity $(bone_left_eye) { transformation: [0.901505125158542f,-0.0010311216262877572f,0.4327671961933736f,0.9016582026282991f,-0.05974086546099901f,0.9901268470705965f,0.12680637091254748f,1.6589707649170051f,-0.4286251722739262f,-0.1401704801241387f,0.8925428270928605f,-5.345578228454434f,0f,0f,0f,1f], start_interpolation: 0, interpolation_duration: 1 }
$data merge entity $(bone_right_eye) { transformation: [0.901505125158542f,-0.0010311216262877572f,0.4327671961933736f,1.1270344839179345f,-0.05974086546099901f,0.9901268470705965f,0.12680637091254748f,1.6440355485517555f,-0.4286251722739262f,-0.1401704801241387f,0.8925428270928605f,-5.452734521522915f,0f,0f,0f,1f], start_interpolation: 0, interpolation_duration: 1 }
$data merge entity $(bone_right_close) { transformation: [0.901505125158542f,-0.0010311216262877572f,0.4327671961933736f,1.1269507052857988f,-0.05974086546099901f,0.9901268470705965f,0.12680637091254748f,1.7244833548762415f,-0.4286251722739262f,-0.1401704801241387f,0.8925428270928605f,-5.464123373033002f,0f,0f,0f,1f], start_interpolation: 0, interpolation_duration: 1 }
$data merge entity $(bone_left_close) { transformation: [0.901505125158542f,-0.0010311216262877572f,0.4327671961933736f,0.9015744239961634f,-0.05974086546099901f,0.9901268470705965f,0.12680637091254748f,1.7394185712414911f,-0.4286251722739262f,-0.1401704801241387f,0.8925428270928605f,-5.35696707996452f,0f,0f,0f,1f], start_interpolation: 0, interpolation_duration: 1 }
$data merge entity $(bone_left_eyebrow) { transformation: [0.886460913346948f,-0.16401098440964637f,0.4327671961933736f,0.9015570428116476f,0.12026385772163628f,0.9846099475538014f,0.12680637091254748f,1.7301282066520225f,-0.4469045240697449f,-0.06036263886775736f,0.8925428270928605f,-5.35570876564005f,0f,0f,0f,1f], start_interpolation: 0, interpolation_duration: 1 }
$data merge entity $(bone_right_eyebrow) { transformation: [0.887988289027731f,0.15552926556931224f,0.4327671961933736f,1.126933324101283f,-0.2307669901305638f,0.9647107030411085f,0.12680637091254748f,1.7151929902867726f,-0.3977730443553005f,-0.2124709556372369f,0.8925428270928605f,-5.462865058708531f,0f,0f,0f,1f], start_interpolation: 0, interpolation_duration: 1 }
$data merge entity $(bone_talking) { transformation: [0.901505125158542f,-0.0010311216262877572f,0.4327671961933736f,1.149843872490118f,-0.05974086546099901f,0.9901268470705965f,0.12680637091254748f,1.4435984358769023f,-0.4286251722739262f,-0.1401704801241387f,0.8925428270928605f,-5.085194121491122f,0f,0f,0f,1f], start_interpolation: 0, interpolation_duration: 1 }
$data merge entity $(bone_m_opened) { transformation: [0.901505125158542f,-0.0010311216262877572f,0.4327671961933736f,1.1227959227280322f,-0.05974086546099901f,0.9901268470705965f,0.12680637091254748f,1.435673037694868f,-0.4286251722739262f,-0.1401704801241387f,0.8925428270928605f,-5.140978048184425f,0f,0f,0f,1f], start_interpolation: 0, interpolation_duration: 1 }
$data merge entity $(bone_head) { transformation: [0.901505125158542f,-0.0010311216262877572f,0.4327671961933736f,1.1227959227280322f,-0.05974086546099901f,0.9901268470705965f,0.12680637091254748f,1.435673037694868f,-0.4286251722739262f,-0.1401704801241387f,0.8925428270928605f,-5.140978048184425f,0f,0f,0f,1f], start_interpolation: 0, interpolation_duration: 1 }
$data merge entity $(item_display_r_item) { transformation: [0.36668801166956183f,-0.1483971526261253f,0.186880810117791f,1.0435971691098913f,-0.008059911156846582f,0.33472110719293524f,0.28160800455896007f,1.0999495861526958f,-0.23849777762060415f,-0.23947090740211857f,0.2778106271870082f,-5.827781301366674f,0f,0f,0f,1f], start_interpolation: 0, interpolation_duration: 1 }
$data merge entity $(bone_rightarm) { transformation: [0.8381440266732841f,0.4271561374120937f,0.33919349171685786f,1.3953681279216643f,-0.01842265407279219f,0.6436754389919088f,-0.7650768164409947f,1.3109775314123902f,-0.5451377774185238f,0.6349957192845901f,0.5473620740619854f,-5.294068458298309f,0f,0f,0f,1f], start_interpolation: 0, interpolation_duration: 1 }
$data merge entity $(item_display_l_item) { transformation: [0.40599768287459054f,-0.15322180121953033f,0.05563462169824015f,0.6280791676530111f,0.10242746357485347f,0.35594990616074224f,0.2328401361659558f,1.1730291526205758f,-0.12680988213102953f,-0.20304924017390844f,0.36619190304908833f,-5.719061672584232f,0f,0f,0f,1f], start_interpolation: 0, interpolation_duration: 1 }
$data merge entity $(bone_leftarm) { transformation: [0.9279947037133498f,0.1271648495959774f,0.350221259930355f,0.7951125136330858f,0.2341199167425222f,0.5322060255221849f,-0.8135997855102678f,1.3022579721943743f,-0.28985115915663895f,0.8370100641122018f,0.4641125489689338f,-5.079902245271872f,0f,0f,0f,1f], start_interpolation: 0, interpolation_duration: 1 }
$data merge entity $(bone_body) { transformation: [0.8578939590345244f,-0.03584274396274598f,0.5125751191360066f,1.1496779807000916f,0f,0.9975640502598242f,0.0697564737441253f,0.6875f,-0.5138267753358814f,-0.059843657428635504f,0.8558041724679158f,-5.096095305112948f,0f,0f,0f,1f], start_interpolation: 0, interpolation_duration: 1 }
$data merge entity $(bone_leftleg) { transformation: [0.7650160719661527f,-0.008569099173477451f,0.6439541755224777f,1.0424412358207762f,-0.050140877079933255f,0.996083746103283f,0.07282213396011955f,0.7985416666666667f,-0.6420563075612091f,-0.08799853003434593f,0.761590412644921f,-5.031866958195963f,0f,0f,0f,1f], start_interpolation: 0, interpolation_duration: 1 }
$data merge entity $(bone_rightleg) { transformation: [0.9091859749416048f,-0.09949643512575679f,0.4043282359256525f,1.256914725579407f,0.1890450929336756f,0.9638199138334942f,-0.18791787178364325f,0.75f,-0.3710024471714195f,0.2472885624028373f,0.8951008608517571f,-5.160323652029933f,0f,0f,0f,1f], start_interpolation: 0, interpolation_duration: 1 }