# This file was generated by Animated Java via MC-Build. It is not recommended to edit this file directly.
$data merge entity $(bone_left_eye) { transformation: [0.781207156662447f,-0.029163611025025807f,0.6235902999336631f,0.7875124102902987f,-0.06293829855012324f,0.9901391937004996f,0.1251524976727994f,1.6629339139480648f,-0.6210910955367097f,-0.13701773932635689f,0.7716683161533222f,-5.14368287588015f,0f,0f,0f,1f], start_interpolation: 0, interpolation_duration: 1 }
$data merge entity $(bone_right_eye) { transformation: [0.781207156662447f,-0.029163611025025807f,0.6235902999336631f,0.9828141994559104f,-0.06293829855012324f,0.9901391937004996f,0.1251524976727994f,1.6471993393105337f,-0.6210910955367097f,-0.13701773932635689f,0.7716683161533222f,-5.298955649764328f,0f,0f,0f,1f], start_interpolation: 0, interpolation_duration: 1 }
$data merge entity $(bone_right_close) { transformation: [0.781207156662447f,-0.029163611025025807f,0.6235902999336631f,1.0195050138932495f,-0.06293829855012324f,0.9901391937004996f,0.1251524976727994f,1.7245012338711934f,-0.6210910955367097f,-0.13701773932635689f,0.7716683161533222f,-5.34114289586143f,0f,0f,0f,1f], start_interpolation: 0, interpolation_duration: 1 }
$data merge entity $(bone_left_close) { transformation: [0.781207156662447f,-0.029163611025025807f,0.6235902999336631f,0.8242032247276377f,-0.06293829855012324f,0.9901391937004996f,0.1251524976727994f,1.7402358085087244f,-0.6210910955367097f,-0.13701773932635689f,0.7716683161533222f,-5.185870121977252f,0f,0f,0f,1f], start_interpolation: 0, interpolation_duration: 1 }
$data merge entity $(bone_left_eyebrow) { transformation: [0.7470400703448692f,-0.23036117539155088f,0.6235902999336631f,0.8243009547605716f,0.1954731525998873f,0.9726906491474673f,0.1251524976727994f,1.7355867090071486f,-0.6353907301116327f,0.028401231193418225f,0.7716683161533222f,-5.18527608059392f,0f,0f,0f,1f], start_interpolation: 0, interpolation_duration: 1 }
$data merge entity $(bone_right_eyebrow) { transformation: [0.7621362662593463f,0.17402140523770881f,0.6235902999336631f,1.0196027439261834f,-0.317060608664399f,0.9401113884852267f,0.1251524976727994f,1.7198521343696178f,-0.5644651292025252f,-0.29309917734356117f,0.7716683161533222f,-5.340548854478097f,0f,0f,0f,1f], start_interpolation: 0, interpolation_duration: 1 }
$data merge entity $(bone_talking) { transformation: [0.781207156662447f,-0.029163611025025807f,0.6235902999336631f,1.1263865341917532f,-0.06293829855012324f,0.9901391937004996f,0.1251524976727994f,1.4434950687994181f,-0.6210910955367097f,-0.13701773932635689f,0.7716683161533222f,-4.976973033969572f,0f,0f,0f,1f], start_interpolation: 0, interpolation_duration: 1 }
$data merge entity $(bone_m_opened) { transformation: [0.781207156662447f,-0.029163611025025807f,0.6235902999336631f,1.0874121404458992f,-0.06293829855012324f,0.9901391937004996f,0.1251524976727994f,1.435673037694868f,-0.6210910955367097f,-0.13701773932635689f,0.7716683161533222f,-5.025202303729155f,0f,0f,0f,1f], start_interpolation: 0, interpolation_duration: 1 }
$data merge entity $(bone_head) { transformation: [0.781207156662447f,-0.029163611025025807f,0.6235902999336631f,1.0874121404458992f,-0.06293829855012324f,0.9901391937004996f,0.1251524976727994f,1.435673037694868f,-0.6210910955367097f,-0.13701773932635689f,0.7716683161533222f,-5.025202303729155f,0f,0f,0f,1f], start_interpolation: 0, interpolation_duration: 1 }
$data merge entity $(item_display_r_item) { transformation: [0.3109287726193711f,-0.23135658056921993f,0.20298689855438806f,0.9013822940985797f,-0.0017082459579542725f,0.2872365627180901f,0.32999771049757876f,1.0036874093976147f,-0.30777691637476406f,-0.2353200791798581f,0.20323405246568974f,-5.654854013909899f,0f,0f,0f,1f], start_interpolation: 0, interpolation_duration: 1 }
$data merge entity $(bone_rightarm) { transformation: [0.7106943374157053f,0.4639700538386011f,0.5288150413010743f,1.323567338072974f,-0.0039045621896097657f,0.754280481137323f,-0.6565407147842058f,1.3109775314123902f,-0.7034900945708893f,0.46453497706443353f,0.5378744666968186f,-5.230051036570424f,0f,0f,0f,1f], start_interpolation: 0, interpolation_duration: 1 }
$data merge entity $(item_display_l_item) { transformation: [0.3758271162825281f,-0.20189833384185116f,0.09693962790646272f,0.524887870103385f,0.0885703207122483f,0.3079110651774962f,0.2979132830710795f,1.0526167479085442f,-0.20570738186970466f,-0.236292379761058f,0.3053794922897858f,-5.470664184540434f,0f,0f,0f,1f], start_interpolation: 0, interpolation_duration: 1 }
$data merge entity $(bone_leftarm) { transformation: [0.8590334086457785f,0.221576292357629f,0.4614819059242313f,0.7787435293079609f,0.20244644734228182f,0.6809446470196104f,-0.7037967204057055f,1.3022579721943743f,-0.47018830141646784f,0.6980102680909388f,0.5400968680252756f,-4.899383549977278f,0f,0f,0f,1f], start_interpolation: 0, interpolation_duration: 1 }
$data merge entity $(bone_body) { transformation: [0.7368323759190573f,-0.047160641218955794f,0.6744285905248187f,1.122782621360116f,0f,0.9975640502598242f,0.0697564737441253f,0.6875f,-0.6760754764059089f,-0.05139882828461918f,0.7350374892843841f,-4.98665318251569f,0f,0f,0f,1f], start_interpolation: 0, interpolation_duration: 1 }
$data merge entity $(bone_leftleg) { transformation: [0.6200325566181942f,-0.06787706321485897f,0.7816343985667669f,1.0306785743702338f,-0.05014087707993326f,0.9907859049318021f,0.12581408122354612f,0.8125f,-0.782972235254329f,-0.11720066073958826f,0.6109161022129332f,-4.902143747964952f,0f,0f,0f,1f], start_interpolation: 0, interpolation_duration: 1 }
$data merge entity $(bone_rightleg) { transformation: [0.7978876928240555f,-0.19820251351770024f,0.5692899026639865f,1.2148866683499981f,0.3077379959937441f,0.9459928187486194f,-0.10195544466969883f,0.75f,-0.5183363343058826f,0.25654112830364545f,0.815790471890321f,-5.071162617066428f,0f,0f,0f,1f], start_interpolation: 0, interpolation_duration: 1 }