# This file was generated by Animated Java via MC-Build. It is not recommended to edit this file directly.
$data merge entity $(bone_left_eye) { transformation: [0.5883454634689452f,-0.061197356438056974f,0.8062905798659101f,0.7356640081037413f,-0.06609993129455935f,0.9901549624930355f,0.12338536920263277f,1.6633820912332287f,-0.8059034772839528f,-0.12588897416139697f,0.5785080392580768f,-4.941061769225496f,0f,0f,0f,1f], start_interpolation: 0, interpolation_duration: 1 }
$data merge entity $(bone_right_eye) { transformation: [0.5883454634689452f,-0.061197356438056974f,0.8062905798659101f,0.8827503739709777f,-0.06609993129455935f,0.9901549624930355f,0.12338536920263277f,1.6468571084095889f,-0.8059034772839528f,-0.12588897416139697f,0.5785080392580768f,-5.142537638546485f,0f,0f,0f,1f], start_interpolation: 0, interpolation_duration: 1 }
$data merge entity $(bone_right_close) { transformation: [0.5883454634689452f,-0.061197356438056974f,0.8062905798659101f,0.9022924830715917f,-0.06609993129455935f,0.9901549624930355f,0.12338536920263277f,1.724553035308208f,-0.8059034772839528f,-0.12588897416139697f,0.5785080392580768f,-5.186345429250596f,0f,0f,0f,1f], start_interpolation: 0, interpolation_duration: 1 }
$data merge entity $(bone_left_close) { transformation: [0.5883454634689452f,-0.061197356438056974f,0.8062905798659101f,0.7552061172043554f,-0.06609993129455935f,0.9901549624930355f,0.12338536920263277f,1.7410780181318477f,-0.8059034772839528f,-0.12588897416139697f,0.5785080392580768f,-4.984869559929607f,0f,0f,0f,1f], start_interpolation: 0, interpolation_duration: 1 }
$data merge entity $(bone_left_eyebrow) { transformation: [0.5524590365885693f,-0.21138711812956923f,0.8062905798659101f,0.7551557240431137f,0.19242333114262183f,0.9735241713993068f,0.12338536920263277f,1.7410703065462727f,-0.8110254462861242f,0.08698375704790313f,0.5785080392580768f,-4.9849057166820625f,0f,0f,0f,1f], start_interpolation: 0, interpolation_duration: 1 }
$data merge entity $(bone_right_eyebrow) { transformation: [0.5841371193007623f,0.09316290396129558f,0.8062905798659101f,0.9022420899103499f,-0.3201185926493176f,0.9393083292013067f,0.12338536920263277f,1.724545323722633f,-0.7458605181233469f,-0.33018257982296423f,0.5785080392580768f,-5.18638158600305f,0f,0f,0f,1f], start_interpolation: 0, interpolation_duration: 1 }
$data merge entity $(bone_talking) { transformation: [0.5883454634689452f,-0.061197356438056974f,0.8062905798659101f,1.1009867306661767f,-0.06609993129455935f,0.9901549624930355f,0.12338536920263277f,1.4433846232700327f,-0.8059034772839528f,-0.12588897416139697f,0.5785080392580768f,-4.86312300963099f,0f,0f,0f,1f], start_interpolation: 0, interpolation_duration: 1 }
$data merge entity $(bone_m_opened) { transformation: [0.5883454634689452f,-0.061197356438056974f,0.8062905798659101f,1.1035063887282577f,-0.06609993129455935f,0.9901549624930355f,0.12338536920263277f,1.4437702025487908f,-0.8059034772839528f,-0.12588897416139697f,0.5785080392580768f,-4.861315172008308f,0f,0f,0f,1f], start_interpolation: -1, interpolation_duration: 0 }
$data merge entity $(bone_head) { transformation: [0.5883454634689452f,-0.061197356438056974f,0.8062905798659101f,1.0505935694245574f,-0.06609993129455935f,0.9901549624930355f,0.12338536920263277f,1.435673037694868f,-0.8059034772839528f,-0.12588897416139697f,0.5785080392580768f,-4.89927976208462f,0f,0f,0f,1f], start_interpolation: 0, interpolation_duration: 1 }
$data merge entity $(item_display_r_item) { transformation: [0.22726768054744154f,-0.3177979503172958f,0.19687588514775414f,0.7675775608547114f,0.004643609214270245f,0.232783837596121f,0.3704002859711205f,0.9148536015085728f,-0.37381023029346216f,-0.19032182672554487f,0.12429707961090819f,-5.4413209097383675f,0f,0f,0f,1f], start_interpolation: 0, interpolation_duration: 1 }
$data merge entity $(bone_rightarm) { transformation: [0.5194689841084378f,0.45000202319486643f,0.7263953150109619f,1.2304276541042434f,0.010613963918331987f,0.846629225076847f,-0.5320773430768478f,1.3109775314123902f,-0.8544233835279136f,0.2841076105392186f,0.43502131822981693f,-5.154998323593902f,0f,0f,0f,1f], start_interpolation: 0, interpolation_duration: 1 }
$data merge entity $(item_display_l_item) { transformation: [0.31856408804469016f,-0.272944139966407f,0.12419608796678477f,0.4479479790559152f,0.07464937662168579f,0.24767387344684552f,0.35283335015532424f,0.9397382567992513f,-0.290431820533234f,-0.2357231402935113f,0.22691454063571379f,-5.161651439324744f,0f,0f,0f,1f], start_interpolation: 0, interpolation_duration: 1 }
$data merge entity $(bone_leftarm) { transformation: [0.7281464869592918f,0.2838767724955079f,0.623872319923216f,0.7813390418464117f,0.17062714656385322f,0.8064762289264555f,-0.5661117107356467f,1.3022579721943743f,-0.6638441612188206f,0.5186618071673457f,0.5387957492423117f,-4.702788872534574f,0f,0f,0f,1f], start_interpolation: 0, interpolation_duration: 1 }
$data merge entity $(bone_body) { transformation: [0.5522064759819042f,-0.05815648748272764f,0.8316765181531327f,1.0942109350366032f,0f,0.9975640502598242f,0.0697564737441253f,0.6875f,-0.8337073874469668f,-0.03851997654316766f,0.5508613287602127f,-4.870389779677245f,0f,0f,0f,1f], start_interpolation: 0, interpolation_duration: 1 }
$data merge entity $(bone_leftleg) { transformation: [0.41308958732851475f,-0.1422685783135291f,0.8995091130530055f,1.025185125538865f,-0.050140877079933276f,0.9826709006551344f,0.1784482934950119f,0.7916666666666666f,-0.9093090152893089f,-0.11881730778920271f,0.3987976455338139f,-4.766176356246374f,0f,0f,0f,1f], start_interpolation: 0, interpolation_duration: 1 }
$data merge entity $(bone_rightleg) { transformation: [0.6308227572877396f,-0.2740778360629668f,0.7259090774104807f,1.1632367445343412f,0.4213158874771426f,0.9066008955038092f,-0.023827279136295454f,0.7708333333333334f,-0.6515792905297415f,0.32086781710033296f,0.6873778233999306f,-4.974603203108115f,0f,0f,0f,1f], start_interpolation: 0, interpolation_duration: 1 }