# This file was generated by Animated Java via MC-Build. It is not recommended to edit this file directly.
$data merge entity $(bone_left_eye) { transformation: [0.8279949608516192f,-0.1821793030633918f,0.5303159872563361f,0.9678091370587483f,0.059672005492272466f,0.9690075805813247f,0.23971558258998835f,1.614266536849435f,-0.557551429524538f,-0.16683827591792053f,0.8132043981213333f,-4.14766370416453f,0f,0f,0f,1f], start_interpolation: 0, interpolation_duration: 1 }
$data merge entity $(bone_right_eye) { transformation: [0.8279949608516192f,-0.1821793030633918f,0.5303159872563361f,1.174807877271653f,0.059672005492272466f,0.9690075805813247f,0.23971558258998835f,1.6291845382225032f,-0.557551429524538f,-0.16683827591792053f,0.8132043981213333f,-4.287051561545664f,0f,0f,0f,1f], start_interpolation: 0, interpolation_duration: 1 }
$data merge entity $(bone_right_close) { transformation: [0.8279949608516192f,-0.1821793030633918f,0.5303159872563361f,1.1156571580314765f,0.059672005492272466f,0.9690075805813247f,0.23971558258998835f,1.6648209708403525f,-0.557551429524538f,-0.16683827591792053f,0.8132043981213333f,-4.258982402159546f,0f,0f,0f,1f], start_interpolation: 0, interpolation_duration: 1 }
$data merge entity $(bone_left_close) { transformation: [0.8279949608516192f,-0.1821793030633918f,0.5303159872563361f,0.9086584178185717f,0.059672005492272466f,0.9690075805813247f,0.23971558258998835f,1.6499029694672844f,-0.557551429524538f,-0.16683827591792053f,0.8132043981213333f,-4.119594544778412f,0f,0f,0f,1f], start_interpolation: 0, interpolation_duration: 1 }
$data merge entity $(bone_left_eyebrow) { transformation: [0.8477989922174145f,0.0013499835087373846f,0.5303159872563361f,0.9046401008148566f,-0.1514740859451727f,0.9589536176221543f,0.23971558258998835f,1.6710850280685892f,-0.508224822379044f,-0.2835597587703679f,0.8132043981213333f,-4.123294957338999f,0f,0f,0f,1f], start_interpolation: 0, interpolation_duration: 1 }
$data merge entity $(bone_right_eyebrow) { transformation: [0.7526302434674753f,-0.3902725589615884f,0.5303159872563361f,1.1116388410277613f,0.3084363479146115f,0.9205451964725246f,0.23971558258998835f,1.6860030294416573f,-0.5817342485217677f,-0.016848470937574633f,0.8132043981213333f,-4.262682814720133f,0f,0f,0f,1f], start_interpolation: 0, interpolation_duration: 1 }
$data merge entity $(bone_talking) { transformation: [0.8279949608516192f,-0.1821793030633918f,0.5303159872563361f,1.2308273938954275f,0.059672005492272466f,0.9690075805813247f,0.23971558258998835f,1.4506552616067423f,-0.557551429524538f,-0.16683827591792053f,0.8132043981213333f,-3.8866747251174165f,0f,0f,0f,1f], start_interpolation: 0, interpolation_duration: 1 }
$data merge entity $(bone_m_opened) { transformation: [0.8279949608516192f,-0.1821793030633918f,0.5303159872563361f,1.2311430581735563f,0.059672005492272466f,0.9690075805813247f,0.23971558258998835f,1.4507979494535221f,-0.557551429524538f,-0.16683827591792053f,0.8132043981213333f,-3.8861906748804396f,0f,0f,0f,1f], start_interpolation: 0, interpolation_duration: 1 }
$data merge entity $(bone_head) { transformation: [0.8279949608516192f,-0.1821793030633918f,0.5303159872563361f,1.1976826446919064f,0.059672005492272466f,0.9690075805813247f,0.23971558258998835f,1.435673037694868f,-0.557551429524538f,-0.16683827591792053f,0.8132043981213333f,-3.9375f,0f,0f,0f,1f], start_interpolation: 0, interpolation_duration: 1 }
$data merge entity $(item_display_r_item) { transformation: [0.1262573432315488f,-0.41688474073484205f,-0.04089555260116194f,1.026604570063101f,0.013910669459509646f,-0.038516466715665026f,0.4355791834637294f,0.6667121454838252f,-0.4186547820762342f,-0.12700332568159228f,0.0021397921666046166f,-4.3256301749132025f,0f,0f,0f,1f], start_interpolation: 0, interpolation_duration: 1 }
$data merge entity $(bone_rightarm) { transformation: [0.288588213100683f,-0.09347554880265607f,0.9528794073939246f,1.2064022039099223f,0.03179581590745062f,0.9956095622028102f,0.08803763820723456f,1.3109775314123902f,-0.9569252161742495f,0.00489095352366763f,0.2902933158436395f,-4.25f,0f,0f,0f,1f], start_interpolation: 0, interpolation_duration: 1 }
$data merge entity $(item_display_l_item) { transformation: [-0.14872660724603332f,-0.41034043751773774f,-0.030122610026949697f,1.0149542539382859f,-0.016827846849183935f,-0.025936865063686112f,0.4364061784634683f,0.6727190678567576f,-0.4111003160634939f,0.14951339193670804f,-0.006966043645840944f,-3.529612285113537f,0f,0f,0f,1f], start_interpolation: 0, interpolation_duration: 1 }
$data merge entity $(bone_leftarm) { transformation: [-0.33994653084807613f,-0.06885168006159952f,0.9379210000405434f,1.206402203909922f,-0.03846364994099185f,0.9974998364879275f,0.059284263002711335f,1.3109775314123902f,-0.939657865287986f,-0.015922385476207796f,-0.3417448958553327f,-3.625f,0f,0f,0f,1f], start_interpolation: 0, interpolation_duration: 1 }
$data merge entity $(bone_body) { transformation: [3.4450928483976665e-16f,-0.0697564737441253f,0.9975640502598242f,1.2500000000000004f,0f,0.9975640502598242f,0.0697564737441253f,0.6875f,-1f,-2.4031752882532567e-17f,3.436700775368731e-16f,-3.9375f,0f,0f,0f,1f], start_interpolation: 0, interpolation_duration: 1 }
$data merge entity $(bone_leftleg) { transformation: [-0.21643961393810254f,4.670220861056469e-17f,0.9762960071199335f,1.2500000000000004f,-0.12743220028900526f,0.9914448613738104f,-0.028251038652918573f,0.75f,-0.9679436594388271f,-0.13052619222005157f,-0.2145879430366631f,-3.8125f,0f,0f,0f,1f], start_interpolation: 0, interpolation_duration: 1 }
$data merge entity $(bone_rightleg) { transformation: [0.17364817766693066f,-3.08933243416628e-17f,0.9848077530122079f,1.2500000000000004f,0.0858316511774313f,0.9961946980917455f,-0.015134435901338623f,0.75f,-0.9810602621904068f,0.08715574274765817f,0.1729873939250898f,-4.0625f,0f,0f,0f,1f], start_interpolation: 0, interpolation_duration: 1 }