# This file was generated by Animated Java via MC-Build. It is not recommended to edit this file directly.
$data merge entity $(bone_left_eye) { transformation: [0.3296744018313853f,-0.09224982689298847f,0.9395769038324281f,0.7047749846379334f,-0.06922207831200741f,0.9901740361442338f,0.12150589294352704f,1.663800235894446f,-0.9415535527261764f,-0.10509684859238744f,0.32004930833336315f,-4.723589932703668f,0f,0f,0f,1f], start_interpolation: 0, interpolation_duration: 1 }
$data merge entity $(bone_right_eye) { transformation: [0.3296744018313853f,-0.09224982689298847f,0.9395769038324281f,0.7871935850957796f,-0.06922207831200741f,0.9901740361442338f,0.12150589294352704f,1.646494716316444f,-0.9415535527261764f,-0.10509684859238744f,0.32004930833336315f,-4.958978320885212f,0f,0f,0f,1f], start_interpolation: 0, interpolation_duration: 1 }
$data merge entity $(bone_right_close) { transformation: [0.3296744018313853f,-0.09224982689298847f,0.9395769038324281f,0.7906874333884373f,-0.06922207831200741f,0.9901740361442338f,0.12150589294352704f,1.724638954142763f,-0.9415535527261764f,-0.10509684859238744f,0.32004930833336315f,-4.99890255825755f,0f,0f,0f,1f], start_interpolation: 0, interpolation_duration: 1 }
$data merge entity $(bone_left_close) { transformation: [0.3296744018313853f,-0.09224982689298847f,0.9395769038324281f,0.7082688329305908f,-0.06922207831200741f,0.9901740361442338f,0.12150589294352704f,1.7419444737207648f,-0.9415535527261764f,-0.10509684859238744f,0.32004930833336315f,-4.7635141700760055f,0f,0f,0f,1f], start_interpolation: 0, interpolation_duration: 1 }
$data merge entity $(bone_left_eyebrow) { transformation: [0.29456500688801907f,-0.17443250414337727f,0.9395769038324281f,0.7082101093741013f,0.18941250532918713f,0.9743506662413265f,0.12150589294352704f,1.741936879602456f,-0.9366719594084056f,0.14217623111249594f,0.32004930833336315f,-4.763534173157777f,0f,0f,0f,1f], start_interpolation: 0, interpolation_duration: 1 }
$data merge entity $(bone_right_eyebrow) { transformation: [0.34231703110265127f,-0.003780476389889542f,0.9395769038324281f,0.7906287098319477f,-0.3231392917111318f,0.9385186818238752f,0.12150589294352704f,1.724631360024454f,-0.8822698274164738f,-0.3452077517464538f,0.32004930833336315f,-4.998922561339321f,0f,0f,0f,1f], start_interpolation: 0, interpolation_duration: 1 }
$data merge entity $(bone_talking) { transformation: [0.3296744018313853f,-0.09224982689298847f,0.9395769038324281f,1.0736536707654503f,-0.06922207831200741f,0.9901740361442338f,0.12150589294352704f,1.4432671560038386f,-0.9415535527261764f,-0.10509684859238744f,0.32004930833336315f,-4.746379624216373f,0f,0f,0f,1f], start_interpolation: 0, interpolation_duration: 1 }
$data merge entity $(bone_m_opened) { transformation: [0.3296744018313853f,-0.09224982689298847f,0.9395769038324281f,1.0765898485899266f,-0.06922207831200741f,0.9901740361442338f,0.12150589294352704f,1.443646861919287f,-0.9415535527261764f,-0.10509684859238744f,0.32004930833336315f,-4.745379470127832f,0f,0f,0f,1f], start_interpolation: -1, interpolation_duration: 0 }
$data merge entity $(bone_head) { transformation: [0.3296744018313853f,-0.09224982689298847f,0.9395769038324281f,1.0149301142759235f,-0.06922207831200741f,0.9901740361442338f,0.12150589294352704f,1.435673037694868f,-0.9415535527261764f,-0.10509684859238744f,0.32004930833336315f,-4.766382705987208f,0f,0f,0f,1f], start_interpolation: 0, interpolation_duration: 1 }
$data merge entity $(item_display_r_item) { transformation: [0.11948327024023053f,-0.38784195805603794f,0.1634277017642925f,0.6653364663157694f,0.010994309453372273f,0.17270437947089942f,0.40181907927724764f,0.8356384921425501f,-0.4207245218576444f,-0.10563173236688901f,0.05691277382825761f,-5.202330435478707f,0f,0f,0f,1f], start_interpolation: 0, interpolation_duration: 1 }
$data merge entity $(bone_rightarm) { transformation: [0.2731046176919555f,0.37354903260409694f,0.8864959041280869f,1.1204285877253517f,0.025129850179136624f,0.9184436097765661f,-0.3947528673620556f,1.3109775314123902f,-0.9616560499603302f,0.1300863401788745f,0.24144395969574634f,-5.060665482942974f,0f,0f,0f,1f], start_interpolation: 0, interpolation_duration: 1 }
$data merge entity $(item_display_l_item) { transformation: [0.23308751448320233f,-0.34982275405089924f,0.12124562400469141f,0.4343900558868733f,0.0606813075683817f,0.17743102337621808f,0.39527491807027093f,0.8389686740232546f,-0.3652317613568601f,-0.1937744118605757f,0.14305064768903913f,-4.820551219271226f,0f,0f,0f,1f], start_interpolation: 0, interpolation_duration: 1 }
$data merge entity $(bone_leftarm) { transformation: [0.5327714616758911f,0.2771328548678659f,0.7995948664020555f,0.8074968067798033f,0.13870013158487246f,0.9034855270177623f,-0.40555662485992683f,1.3022579721943743f,-0.8348154545299659f,0.3269729090035179f,0.44291294139560167f,-4.505464915795127f,0f,0f,0f,1f], start_interpolation: 0, interpolation_duration: 1 }
$data merge entity $(bone_body) { transformation: [0.311076919832978f,-0.06629548801298173f,0.9480696483994979f,1.0646517302856597f,0f,0.9975640502598242f,0.0697564737441253f,0.6875f,-0.9503847378547422f,-0.021699628990732505f,0.3103191520909362f,-4.750107984244159f,0f,0f,0f,1f], start_interpolation: 0, interpolation_duration: 1 }
$data merge entity $(bone_leftleg) { transformation: [0.1568820210487833f,-0.22033618724558615f,0.9627252962614659f,1.0257671153065375f,-0.05014087707993327f,0.9717618071689954f,0.23057511264944264f,0.7708333333333333f,-0.9863437148972484f,-0.08444498041758394f,0.14140410660574793f,-4.631309892012316f,0f,0f,0f,1f], start_interpolation: 0, interpolation_duration: 1 }
$data merge entity $(bone_rightleg) { transformation: [0.4573597114266102f,-0.10044883114731872f,0.8835904745326906f,1.103536345264782f,0.2574923680539931f,0.9659953778474931f,-0.023465088348990047f,0.7916666666666667f,-0.8511872736112277f,0.23824978971326807f,0.46767217465214744f,-4.8689060764760015f,0f,0f,0f,1f], start_interpolation: 0, interpolation_duration: 1 }