# This file was generated by Animated Java via MC-Build. It is not recommended to edit this file directly.
$data merge entity $(bone_left_eye) { transformation: [0.03283180914711877f,-0.11740090420264593f,0.9925417371579536f,0.6998109858875842f,-0.07230107800346727f,0.9901962923240231f,0.11951509020744663f,1.6641884999245324f,-0.996842327766866f,-0.07568573419184571f,0.024021723755333853f,-4.504789053330387f,0f,0f,0f,1f], start_interpolation: 0, interpolation_duration: 1 }
$data merge entity $(bone_right_eye) { transformation: [0.03283180914711877f,-0.11740090420264593f,0.9925417371579536f,0.7080189381743639f,-0.07230107800346727f,0.9901962923240231f,0.11951509020744663f,1.6461132304236654f,-0.996842327766866f,-0.07568573419184571f,0.024021723755333853f,-4.753999635272103f,0f,0f,0f,1f], start_interpolation: 0, interpolation_duration: 1 }
$data merge entity $(bone_right_close) { transformation: [0.03283180914711877f,-0.11740090420264593f,0.9925417371579536f,0.6993009099365769f,-0.07230107800346727f,0.9901962923240231f,0.11951509020744663f,1.7247591522249055f,-0.996842327766866f,-0.07568573419184571f,0.024021723755333853f,-4.785070159369361f,0f,0f,0f,1f], start_interpolation: 0, interpolation_duration: 1 }
$data merge entity $(bone_left_close) { transformation: [0.03283180914711877f,-0.11740090420264593f,0.9925417371579536f,0.6910929576497972f,-0.07230107800346727f,0.9901962923240231f,0.11951509020744663f,1.7428344217257725f,-0.996842327766866f,-0.07568573419184571f,0.024021723755333853f,-4.535859577427646f,0f,0f,0f,1f], start_interpolation: 0, interpolation_duration: 1 }
$data merge entity $(bone_left_eyebrow) { transformation: [0.001327502459094361f,-0.12189806289147001f,0.9925417371579536f,0.6910309237912247f,0.18644418033127064f,0.9751690678201941f,0.11951509020744663f,1.7428269520326347f,-0.982464658579545f,0.1848949740528409f,0.024021723755333853f,-4.535861078785381f,0f,0f,0f,1f], start_interpolation: 0, interpolation_duration: 1 }
$data merge entity $(bone_right_eyebrow) { transformation: [0.06209868229889703f,-0.10490306790657902f,0.9925417371579536f,0.6992388760780044f,-0.3261191373554496f,0.9377432758827136f,0.11951509020744663f,1.724751682531768f,-0.9432868396767117f,-0.33110858472794763f,0.024021723755333853f,-4.785071660727096f,0f,0f,0f,1f], start_interpolation: 0, interpolation_duration: 1 }
$data merge entity $(bone_talking) { transformation: [0.03283180914711877f,-0.11740090420264593f,0.9925417371579536f,1.044255276172174f,-0.07230107800346727f,0.9901962923240231f,0.11951509020744663f,1.4431427308328335f,-0.996842327766866f,-0.07568573419184571f,0.024021723755333853f,-4.6278871802739125f,0f,0f,0f,1f], start_interpolation: 0, interpolation_duration: 1 }
$data merge entity $(bone_m_opened) { transformation: [0.03283180914711877f,-0.11740090420264593f,0.9925417371579536f,1.0473569691007925f,-0.07230107800346727f,0.9901962923240231f,0.11951509020744663f,1.4435162154897319f,-0.996842327766866f,-0.07568573419184571f,0.024021723755333853f,-4.627812112387177f,0f,0f,0f,1f], start_interpolation: 0, interpolation_duration: 1 }
$data merge entity $(bone_head) { transformation: [0.03283180914711877f,-0.11740090420264593f,0.9925417371579536f,0.9822214175998019f,-0.07230107800346727f,0.9901962923240231f,0.11951509020744663f,1.435673037694868f,-0.996842327766866f,-0.07568573419184571f,0.024021723755333853f,-4.629388538008621f,0f,0f,0f,1f], start_interpolation: 0, interpolation_duration: 1 }
$data merge entity $(item_display_r_item) { transformation: [-0.001272365011047803f,-0.42380129459330745f,0.10861442716469713f,0.6053426736937478f,0.017342510082054653f,0.10848065947884018f,0.4234825071512278f,0.7679914694699732f,-0.43715428447097765f,0.0055370768526865665f,0.016484002808630816f,-4.961724662397698f,0f,0f,0f,1f], start_interpolation: 0, interpolation_duration: 1 }
$data merge entity $(bone_rightarm) { transformation: [-0.0029082628823949783f,0.2482615478050218f,0.9686886733561313f,1.0026783094109193f,0.03964002304469635f,0.9679600163456636f,-0.24795579309449162f,1.3109775314123902f,-0.9992097930765204f,0.03767772070544186f,-0.012656175663283573f,-4.941340130872618f,0f,0f,0f,1f], start_interpolation: 0, interpolation_duration: 1 }
$data merge entity $(item_display_l_item) { transformation: [0.12633633215328036f,-0.410582075152261f,0.08287183322286984f,0.5015772362922826f,0.04668281474602344f,0.09982212534410886f,0.42339403408547627f,0.7544505665546132f,-0.4162524426179917f,-0.11342024887756218f,0.0726360871682071f,-4.490044961118885f,0f,0f,0f,1f], start_interpolation: 0, interpolation_duration: 1 }
$data merge entity $(bone_leftarm) { transformation: [0.28876875920749795f,0.18942133308084513f,0.9384733146337394f,0.8545838981262457f,0.1067035765623393f,0.9677577921953744f,-0.22816485792939148f,1.3022579721943743f,-0.9514341545554096f,0.16602534209875902f,0.25924628314871356f,-4.321467551519983f,0f,0f,0f,1f], start_interpolation: 0, interpolation_duration: 1 }
$data merge entity $(bone_body) { transformation: [0.03757917319692096f,-0.06970720149663764f,0.9968594242927851f,1.03450181872228f,0f,0.9975640502598242f,0.0697564737441253f,0.6875f,-0.999293653408164f,-0.0026213906084369544f,0.037487632219735896f,-4.6274224950522935f,0f,0f,0f,1f], start_interpolation: 0, interpolation_duration: 1 }
$data merge entity $(bone_leftleg) { transformation: [-0.12055817803581287f,-0.28614271399499563f,0.9505724974646927f,1.029804422072665f,-0.05014087707993327f,0.9580896429765019f,0.2820463232641301f,0.75f,-0.9914391651303374f,-0.013659547896518909f,-0.12985298840197107f,-4.502510788376273f,0f,0f,0f,1f], start_interpolation: 0, interpolation_duration: 1 }
$data merge entity $(bone_rightleg) { transformation: [0.2103929553779268f,0.005256044668725598f,0.9776027712326628f,1.0391992153718952f,0.08583165117743131f,0.9960246948580125f,-0.02382718802458353f,0.8125f,-0.9738417386739476f,0.08892233255736977f,0.20910544418799593f,-4.752334201728314f,0f,0f,0f,1f], start_interpolation: 0, interpolation_duration: 1 }