# This file was generated by Animated Java via MC-Build. It is not recommended to edit this file directly.
$data merge entity $(bone_left_eye) { transformation: [-0.261891137091488f,-0.13326277937602402f,0.9558525325309883f,0.717988817815398f,-0.07533329596123663f,0.9902216038273148f,0.11741409554766838f,1.6645471316926215f,-0.9621527564958405f,-0.04125781073490703f,-0.2693693861982434f,-4.297881944842319f,0f,0f,0f,1f], start_interpolation: 0, interpolation_duration: 1 }
$data merge entity $(bone_right_eye) { transformation: [-0.261891137091488f,-0.13326277937602402f,0.9558525325309883f,0.6525160335425261f,-0.07533329596123663f,0.9902216038273148f,0.11741409554766838f,1.6457138077023123f,-0.9621527564958405f,-0.04125781073490703f,-0.2693693861982434f,-4.538420133966279f,0f,0f,0f,1f], start_interpolation: 0, interpolation_duration: 1 }
$data merge entity $(bone_right_close) { transformation: [-0.261891137091488f,-0.13326277937602402f,0.9558525325309883f,0.637323580433366f,-0.07533329596123663f,0.9902216038273148f,0.11741409554766838f,1.7249137580805944f,-0.9621527564958405f,-0.04125781073490703f,-0.2693693861982434f,-4.557808210363421f,0f,0f,0f,1f], start_interpolation: 0, interpolation_duration: 1 }
$data merge entity $(bone_left_close) { transformation: [-0.261891137091488f,-0.13326277937602402f,0.9558525325309883f,0.702796364706238f,-0.07533329596123663f,0.9902216038273148f,0.11741409554766838f,1.7437470820709036f,-0.9621527564958405f,-0.04125781073490703f,-0.2693693861982434f,-4.3172700212394615f,0f,0f,0f,1f], start_interpolation: 0, interpolation_duration: 1 }
$data merge entity $(bone_left_eyebrow) { transformation: [-0.2874583582986896f,-0.06093954625953153f,0.9558525325309883f,0.7027366239229548f,0.18352183379403578f,0.9759783126112984f,0.11741409554766838f,1.743739743689932f,-0.9400465035119786f,0.20917147275401854f,-0.2693693861982434f,-4.317253185652824f,0f,0f,0f,1f], start_interpolation: 0, interpolation_duration: 1 }
$data merge entity $(bone_right_eyebrow) { transformation: [-0.21847646768706874f,-0.19650437430519607f,0.9558525325309883f,0.6372638396500828f,-0.32905458609090865f,0.9369829291610727f,0.11741409554766838f,1.7249064196996229f,-0.9186898891571204f,-0.28887544260400466f,-0.2693693861982434f,-4.557791374776784f,0f,0f,0f,1f], start_interpolation: 0, interpolation_duration: 1 }
$data merge entity $(bone_talking) { transformation: [-0.261891137091488f,-0.13326277937602402f,0.9558525325309883f,1.0129071846540438f,-0.07533329596123663f,0.9902216038273148f,0.11741409554766838f,1.4430114186665974f,-0.9621527564958405f,-0.04125781073490703f,-0.2693693861982434f,-4.508050399182455f,0f,0f,0f,1f], start_interpolation: 0, interpolation_duration: 1 }
$data merge entity $(bone_m_opened) { transformation: [-0.261891137091488f,-0.13326277937602402f,0.9558525325309883f,1.0158942238182032f,-0.07533329596123663f,0.9902216038273148f,0.11741409554766838f,1.4433783377151839f,-0.9621527564958405f,-0.04125781073490703f,-0.2693693861982434f,-4.5088921785143246f,0f,0f,0f,1f], start_interpolation: 0, interpolation_duration: 1 }
$data merge entity $(bone_head) { transformation: [-0.261891137091488f,-0.13326277937602402f,0.9558525325309883f,0.9531664013708571f,-0.07533329596123663f,0.9902216038273148f,0.11741409554766838f,1.435673037694868f,-0.9621527564958405f,-0.04125781073490703f,-0.2693693861982434f,-4.491214812545064f,0f,0f,0f,1f], start_interpolation: 0, interpolation_duration: 1 }
$data merge entity $(item_display_r_item) { transformation: [-0.1196074252870623f,-0.41824265926960275f,0.046619650184131105f,0.5829991900391818f,0.02368686693723145f,0.04169844274343063f,0.4348636823275435f,0.713571381083574f,-0.42016573652654937f,0.12141074021627482f,0.011244376783019861f,-4.743780928658327f,0f,0f,0f,1f], start_interpolation: 0, interpolation_duration: 1 }
$data merge entity $(bone_rightarm) { transformation: [-0.2733884006561424f,0.10655920042087089f,0.9559832211876634f,0.8885944955991419f,0.054141410142243315f,0.9939741310343851f,-0.09531072627069836f,1.3109775314123902f,-0.9603788263463986f,0.025701432646902604f,-0.2775102633514853f,-4.797095099091885f,0f,0f,0f,1f], start_interpolation: 0, interpolation_duration: 1 }
$data merge entity $(item_display_l_item) { transformation: [0.011676536711399498f,-0.437013754576442f,0.01699667030416848f,0.6394504169015027f,0.03267060345552984f,0.017826824292332004f,0.43591408099016693f,0.6897103275183255f,-0.43612216196872966f,-0.010364972100858922f,0.03311007691126003f,-4.2134852634819175f,0f,0f,0f,1f], start_interpolation: 0, interpolation_duration: 1 }
$data merge entity $(bone_leftarm) { transformation: [0.026689226768913138f,0.03884953212381345f,0.9988885818890103f,0.9134535199511388f,0.07467566504121106f,0.9963750422632387f,-0.040747026953901505f,1.3022579721943743f,-0.996850655928525f,0.07568017579716578f,0.023691364801963266f,-4.160262312408198f,0f,0f,0f,1f], start_interpolation: 0, interpolation_duration: 1 }
$data merge entity $(bone_body) { transformation: [-0.23375963048410553f,-0.06782383003654281f,0.9699259576045526f,1.0040342738982642f,0f,0.9975640502598242f,0.0697564737441253f,0.6875f,-0.9722944179393063f,0.01630624752630094f,-0.23319020377296418f,-4.50344449818979f,0f,0f,0f,1f], start_interpolation: 0, interpolation_duration: 1 }
$data merge entity $(bone_leftleg) { transformation: [-0.3838961798939827f,-0.3257138121544603f,0.8640221268200345f,1.0332542277087773f,-0.05014087707993327f,0.9416932829913351f,0.33271557404885066f,0.75f,-0.9220138911689247f,0.0844054106133614f,-0.37784403019067003f,-4.381907695947376f,0f,0f,0f,1f], start_interpolation: 0, interpolation_duration: 1 }
$data merge entity $(bone_rightleg) { transformation: [-0.06049513054137992f,0.13609188440376407f,0.9888474797359873f,0.9748143200877509f,0.0858316511774313f,0.9877017851564481f,-0.1306832477975713f,0.7916666666666666f,-0.9944713504354648f,0.07696871181329573f,-0.07143213957921651f,-4.624981300432204f,0f,0f,0f,1f], start_interpolation: 0, interpolation_duration: 1 }