# This file was generated by Animated Java via MC-Build. It is not recommended to edit this file directly.
$data merge entity $(bone_left_eye) { transformation: [-0.515951644766426f,-0.13913885323519476f,0.8452421426923852f,0.7499781935441379f,-0.07831512835958092f,0.9902498387293102f,0.11520415603005693f,1.6648764754842922f,-0.8530302696463016f,-0.006755473112245537f,-0.5218177101729947f,-4.111976686705097f,0f,0f,0f,1f], start_interpolation: 0, interpolation_duration: 1 }
$data merge entity $(bone_right_eye) { transformation: [-0.515951644766426f,-0.13913885323519476f,0.8452421426923852f,0.6209902823525313f,-0.07831512835958092f,0.9902498387293102f,0.11520415603005693f,1.645297693394397f,-0.8530302696463016f,-0.006755473112245537f,-0.5218177101729947f,-4.325234254116673f,0f,0f,0f,1f], start_interpolation: 0, interpolation_duration: 1 }
$data merge entity $(bone_right_close) { transformation: [-0.515951644766426f,-0.13913885323519476f,0.8452421426923852f,0.6053856534874515f,-0.07831512835958092f,0.9902498387293102f,0.11520415603005693f,1.7251028667214903f,-0.8530302696463016f,-0.006755473112245537f,-0.5218177101729947f,-4.332891721887428f,0f,0f,0f,1f], start_interpolation: 0, interpolation_duration: 1 }
$data merge entity $(bone_left_close) { transformation: [-0.515951644766426f,-0.13913885323519476f,0.8452421426923852f,0.7343735646790581f,-0.07831512835958092f,0.9902498387293102f,0.11520415603005693f,1.7446816488113854f,-0.8530302696463016f,-0.006755473112245537f,-0.5218177101729947f,-4.119634154475852f,0f,0f,0f,1f], start_interpolation: 0, interpolation_duration: 1 }
$data merge entity $(bone_left_eyebrow) { transformation: [-0.5343828039272067f,-0.0008596997625975322f,0.8452421426923852f,0.7343207370451398f,0.18064891260118254f,0.9767773404463336f,0.11520415603005693f,1.7446744485516337f,-0.8257124131578177f,0.2142551938854822f,-0.5218177101729947f,-4.119601540868967f,0f,0f,0f,1f], start_interpolation: 0, interpolation_duration: 1 }
$data merge entity $(bone_right_eyebrow) { transformation: [-0.46235923366522097f,-0.26793592379764025f,0.8452421426923852f,0.6053328258535333f,-0.33194212274450785f,0.9362384469681175f,0.11520415603005693f,1.7250956664617385f,-0.8222155229575634f,-0.2273057657813209f,-0.5218177101729947f,-4.332859108280542f,0f,0f,0f,1f], start_interpolation: 0, interpolation_duration: 1 }
$data merge entity $(bone_talking) { transformation: [-0.515951644766426f,-0.13913885323519476f,0.8452421426923852f,0.9801075238087834f,-0.07831512835958092f,0.9902498387293102f,0.11520415603005693f,1.4428732974467466f,-0.8530302696463016f,-0.006755473112245537f,-0.5218177101729947f,-4.38709322214227f,0f,0f,0f,1f], start_interpolation: 0, interpolation_duration: 1 }
$data merge entity $(bone_m_opened) { transformation: [-0.515951644766426f,-0.13913885323519476f,0.8452421426923852f,0.9827489055046971f,-0.07831512835958092f,0.9902498387293102f,0.11520415603005693f,1.4432333104343407f,-0.8530302696463016f,-0.006755473112245537f,-0.5218177101729947f,-4.388723902486561f,0f,0f,0f,1f], start_interpolation: 0, interpolation_duration: 1 }
$data merge entity $(bone_head) { transformation: [-0.515951644766426f,-0.13913885323519476f,0.8452421426923852f,0.9272798898905094f,-0.07831512835958092f,0.9902498387293102f,0.11520415603005693f,1.435673037694868f,-0.8530302696463016f,-0.006755473112245537f,-0.5218177101729947f,-4.354479615256458f,0f,0f,0f,1f], start_interpolation: 0, interpolation_duration: 1 }
$data merge entity $(item_display_r_item) { transformation: [-0.2211355696503498f,-0.3774285932758616f,-0.0072778302549263854f,0.5829052142357042f,0.030026036654975555f,-0.025993604747289272f,0.43569372228095704f,0.6737044397268576f,-0.37630273312614854f,0.2197230973066917f,0.03904181798718796f,-4.564669014100929f,0f,0f,0f,1f], start_interpolation: 0, interpolation_duration: 1 }
$data merge entity $(bone_rightarm) { transformation: [-0.505452730629371f,-0.016635040582689074f,0.8626939274876836f,0.7881817957434444f,0.06863094092565841f,0.9958713652136161f,0.05941395370808999f,1.3109775314123902f,-0.8601205328597681f,0.0892384411135726f,-0.5022242224152953f,-4.634451044008769f,0f,0f,0f,1f], start_interpolation: 0, interpolation_duration: 1 }
$data merge entity $(item_display_l_item) { transformation: [-0.09556481446326062f,-0.42272618831562453f,-0.059801220294787225f,0.8155643840128582f,0.01866136231174824f,-0.06535844486405831f,0.43218778006975334f,0.6474991750295503f,-0.42652710323409954f,0.09185365206182577f,0.032307689636258664f,-4.017790931253382f,0f,0f,0f,1f], start_interpolation: 0, interpolation_duration: 1 }
$data merge entity $(bone_leftarm) { transformation: [-0.21843386163031f,-0.13668850353094245f,0.9662312875785704f,0.9716918912006618f,0.04265454242685312f,0.9878577830165791f,0.14939073111784779f,1.3022579721943743f,-0.9749190931065133f,0.07384614774001985f,-0.2099512047127446f,-4.024124890094056f,0f,0f,0f,1f], start_interpolation: 0, interpolation_duration: 1 }
$data merge entity $(bone_body) { transformation: [-0.46974634724992936f,-0.06158111494830386f,0.8806509725919074f,0.9734657261017372f,0f,0.9975640502598242f,0.0697564737441253f,0.6875f,-0.882801432512062f,0.03276784873833846f,-0.46860206875739735f,-4.379055501810211f,0f,0f,0f,1f], start_interpolation: 0, interpolation_duration: 1 }
$data merge entity $(bone_leftleg) { transformation: [-0.6025124875044211f,-0.3333359041577413f,0.7251661033174233f,1.0321840195079783f,-0.05014087707993327f,0.9226193480022852f,0.38243879397557623f,0.75f,-0.7965328586109237f,0.19406368462744214f,-0.5726034329812657f,-4.268705322746204f,0f,0f,0f,1f], start_interpolation: 0, interpolation_duration: 1 }
$data merge entity $(bone_rightleg) { transformation: [-0.30755261459852645f,0.251072736713118f,0.9178092776459582f,0.9147474326954961f,0.08583165117743133f,0.9679484539763927f,-0.23602694359091042f,0.7708333333333334f,-0.9476520020079976f,0.0061863821492346704f,-0.31924506537476444f,-4.489405680874219f,0f,0f,0f,1f], start_interpolation: 0, interpolation_duration: 1 }