# This file was generated by Animated Java via MC-Build. It is not recommended to edit this file directly.
$data merge entity $(bone_left_eye) { transformation: [-0.7055275797901459f,-0.13714061727329596f,0.6952864771080756f,0.7832820353165735f,-0.08124300532521761f,0.9902808605448622f,0.11288663040525976f,1.665176970895421f,-0.7040102330514706f,0.023157468178244434f,-0.7098121747521577f,-3.949877369346507f,0f,0f,0f,1f], start_interpolation: 0, interpolation_duration: 1 }
$data merge entity $(bone_right_eye) { transformation: [-0.7055275797901459f,-0.13714061727329596f,0.6952864771080756f,0.6069001403690371f,-0.08124300532521761f,0.9902808605448622f,0.11288663040525976f,1.6448662195641164f,-0.7040102330514706f,0.023157468178244434f,-0.7098121747521577f,-4.1258799276093745f,0f,0f,0f,1f], start_interpolation: 0, interpolation_duration: 1 }
$data merge entity $(bone_right_close) { transformation: [-0.7055275797901459f,-0.13714061727329596f,0.6952864771080756f,0.5957574652155818f,-0.08124300532521761f,0.9902808605448622f,0.11288663040525976f,1.7253265394833865f,-0.7040102330514706f,0.023157468178244434f,-0.7098121747521577f,-4.1239983833198925f,0f,0f,0f,1f], start_interpolation: 0, interpolation_duration: 1 }
$data merge entity $(bone_left_close) { transformation: [-0.7055275797901459f,-0.13714061727329596f,0.6952864771080756f,0.7721393601631182f,-0.08124300532521761f,0.9902808605448622f,0.11288663040525976f,1.745637290814691f,-0.7040102330514706f,0.023157468178244434f,-0.7098121747521577f,-3.947995825057025f,0f,0f,0f,1f], start_interpolation: 0, interpolation_duration: 1 }
$data merge entity $(bone_left_eyebrow) { transformation: [-0.716981914085968f,0.050136310437276815f,0.6952864771080756f,0.772095904758299f,0.17782882966055577f,0.9775650955395775f,0.11288663040525976f,1.7456302354002906f,-0.674028072275316f,0.20457965284561827f,-0.7098121747521577f,-3.9479514617961025f,0f,0f,0f,1f], start_interpolation: 0, interpolation_duration: 1 }
$data merge entity $(bone_right_eyebrow) { transformation: [-0.6459927068710786f,-0.3150716385522794f,0.6952864771080756f,0.5957140098107625f,-0.33477826375849173f,0.9355106214205139f,0.11288663040525976f,1.7253194840689863f,-0.6860152598770866f,-0.15984285967595116f,-0.7098121747521577f,-4.12395402005897f,0f,0f,0f,1f], start_interpolation: 0, interpolation_duration: 1 }
$data merge entity $(bone_talking) { transformation: [-0.7055275797901459f,-0.13714061727329596f,0.6952864771080756f,0.9466532662574029f,-0.08124300532521761f,0.9902808605448622f,0.11288663040525976f,1.4427284520951968f,-0.7040102330514706f,0.023157468178244434f,-0.7098121747521577f,-4.265484320132551f,0f,0f,0f,1f], start_interpolation: 0, interpolation_duration: 1 }
$data merge entity $(bone_m_opened) { transformation: [-0.7055275797901459f,-0.13714061727329596f,0.6952864771080756f,0.9488260364983656f,-0.08124300532521761f,0.9902808605448622f,0.11288663040525976f,1.4430812228152132f,-0.7040102330514706f,0.023157468178244434f,-0.7098121747521577f,-4.267702483178652f,0f,0f,0f,1f], start_interpolation: 0, interpolation_duration: 1 }
$data merge entity $(bone_head) { transformation: [-0.7055275797901459f,-0.13714061727329596f,0.6952864771080756f,0.9031978614381482f,-0.08124300532521761f,0.9902808605448622f,0.11288663040525976f,1.435673037694868f,-0.7040102330514706f,0.023157468178244434f,-0.7098121747521577f,-4.2211210592105415f,0f,0f,0f,1f], start_interpolation: 0, interpolation_duration: 1 }
$data merge entity $(item_display_r_item) { transformation: [-0.29707274565684666f,-0.31652175425260703f,-0.05447947203080002f,0.603962165170597f,0.030026036654975555f,-0.10125612437887568f,0.42456081354567293f,0.6466014409877856f,-0.3197694027118551f,0.2845477576095476f,0.09047846555220504f,-4.431170427626132f,0f,0f,0f,1f], start_interpolation: 0, interpolation_duration: 1 }
$data merge entity $(bone_rightarm) { transformation: [-0.6790234186442209f,-0.12452450749897163f,0.7234782954345303f,0.7070039218423723f,0.06863094092565841f,0.9704247166758239f,0.23144257000885893f,1.3109775314123902f,-0.7309014919128117f,0.20680792126218311f,-0.6503948745361088f,-4.464514195471295f,0f,0f,0f,1f], start_interpolation: 0, interpolation_duration: 1 }
$data merge entity $(item_display_l_item) { transformation: [-0.20040219092731978f,-0.38404984122433505f,-0.06124484735137407f,0.8858323127696276f,0.016108379229068145f,-0.07703600246892042f,0.4303628985428704f,0.643433258579462f,-0.3885688252937214f,0.19487797150825317f,0.049427666652249305f,-3.8673655500687834f,0f,0f,0f,1f], start_interpolation: 0, interpolation_duration: 1 }
$data merge entity $(bone_leftarm) { transformation: [-0.45806215069101663f,-0.13998822251742662f,0.8778282085127658f,1.0177967258244274f,0.036819152523584336f,0.9836866252408466f,0.17608229135753262f,1.3022579721943743f,-0.8881573149570775f,0.11297752377656993f,-0.44543536344743584f,-3.908113438570286f,0f,0f,0f,1f], start_interpolation: 0, interpolation_duration: 1 }
$data merge entity $(bone_body) { transformation: [-0.6490474439542551f,-0.05306709311943086f,0.7588947879148346f,0.9429981812777213f,0f,0.9975640502598242f,0.0697564737441253f,0.6875f,-0.7607479316412553f,0.04527526098288663f,-0.647466397001793f,-4.255077504947707f,0f,0f,0f,1f], start_interpolation: 0, interpolation_duration: 1 }
$data merge entity $(bone_leftleg) { transformation: [-0.7600891751513642f,-0.314411215822466f,0.5686915096805625f,1.024129111772003f,-0.05014087707993326f,0.9009220721134648f,0.43107460192458097f,0.75f,-0.64788142299604f,0.2991404475222627f,-0.700545968793488f,-4.15998401349255f,0f,0f,0f,1f], start_interpolation: 0, interpolation_duration: 1 }
$data merge entity $(bone_rightleg) { transformation: [-0.5046521635463843f,0.333952675165429f,0.7961167028632214f,0.8618672507834394f,0.08583165117743133f,0.9369933015941497f,-0.33863915961366686f,0.75f,-0.8590454711388152f,-0.10256297342388362f,-0.5015194064025267f,-4.350170996402864f,0f,0f,0f,1f], start_interpolation: 0, interpolation_duration: 1 }