# This file was generated by Animated Java via MC-Build. It is not recommended to edit this file directly.
$data merge entity $(bone_left_eye) { transformation: [-0.8053361266423891f,-0.13269318552388507f,0.5777769826154013f,0.8022687957462078f,-0.06779279355267501f,0.9888475548592507f,0.13260712798038332f,1.6582072436086692f,-0.5889294187480861f,0.06762419511096006f,-0.8053503014022136f,-3.800454794971591f,0f,0f,0f,1f], start_interpolation: 0, interpolation_duration: 1 }
$data merge entity $(bone_right_eye) { transformation: [-0.8053361266423891f,-0.13269318552388507f,0.5777769826154013f,0.6009347640856106f,-0.06779279355267501f,0.9888475548592507f,0.13260712798038332f,1.6412590452205005f,-0.5889294187480861f,0.06762419511096006f,-0.8053503014022136f,-3.947687149658613f,0f,0f,0f,1f], start_interpolation: 0, interpolation_duration: 1 }
$data merge entity $(bone_right_close) { transformation: [-0.8053361266423891f,-0.13269318552388507f,0.5777769826154013f,0.5901534427617949f,-0.06779279355267501f,0.9888475548592507f,0.13260712798038332f,1.7216029090528147f,-0.5889294187480861f,0.06762419511096006f,-0.8053503014022136f,-3.942192683805847f,0f,0f,0f,1f], start_interpolation: 0, interpolation_duration: 1 }
$data merge entity $(bone_left_close) { transformation: [-0.8053361266423891f,-0.13269318552388507f,0.5777769826154013f,0.7914874744223923f,-0.06779279355267501f,0.9888475548592507f,0.13260712798038332f,1.7385511074409834f,-0.5889294187480861f,0.06762419511096006f,-0.8053503014022136f,-3.794960329118825f,0f,0f,0f,1f], start_interpolation: 0, interpolation_duration: 1 }
$data merge entity $(bone_left_eyebrow) { transformation: [-0.812238487136391f,0.08026455241405853f,0.5777769826154013f,0.7914513633609788f,0.1904497697718219f,0.9726994575934822f,0.13260712798038332f,1.7385428194954846f,-0.5513597058257406f,0.21774610633284952f,-0.8053503014022136f,-3.794909994724988f,0f,0f,0f,1f], start_interpolation: 0, interpolation_duration: 1 }
$data merge entity $(bone_right_eyebrow) { transformation: [-0.7435514399985839f,-0.3366081021542332f,0.5777769826154013f,0.5901173317003815f,-0.3214153900294455f,0.9376073254092108f,0.13260712798038332f,1.7215946211073159f,-0.5863645650346311f,-0.08710619325347498f,-0.8053503014022136f,-3.9421423494120096f,0f,0f,0f,1f], start_interpolation: 0, interpolation_duration: 1 }
$data merge entity $(bone_talking) { transformation: [-0.8053361266423891f,-0.13269318552388507f,0.5777769826154013f,0.9153303833641934f,-0.06779279355267501f,0.9888475548592507f,0.13260712798038332f,1.443960983193642f,-0.5889294187480861f,0.06762419511096006f,-0.8053503014022136f,-4.1426489902810335f,0f,0f,0f,1f], start_interpolation: 0, interpolation_duration: 1 }
$data merge entity $(bone_m_opened) { transformation: [-0.8053361266423891f,-0.13269318552388507f,0.5777769826154013f,0.9171359364348665f,-0.06779279355267501f,0.9888475548592507f,0.13260712798038332f,1.4443753804685806f,-0.5889294187480861f,0.06762419511096006f,-0.8053503014022136f,-4.145165709972916f,0f,0f,0f,1f], start_interpolation: 0, interpolation_duration: 1 }
$data merge entity $(bone_head) { transformation: [-0.8053361266423891f,-0.13269318552388507f,0.5777769826154013f,0.8792193219507308f,-0.06779279355267501f,0.9888475548592507f,0.13260712798038332f,1.435673037694868f,-0.5889294187480861f,0.06762419511096006f,-0.8053503014022136f,-4.092314596443395f,0f,0f,0f,1f], start_interpolation: 0, interpolation_duration: 1 }
$data merge entity $(item_display_r_item) { transformation: [-0.3459159890243742f,-0.25428657246349456f,-0.08418264430425662f,0.6203895657016886f,0.030026036654975555f,-0.17344202790928057f,0.40052783932894154f,0.6396851735657421f,-0.2661706513875697f,0.31090585716496927f,0.15458648815608886f,-4.343042644770276f,0f,0f,0f,1f], start_interpolation: 0, interpolation_duration: 1 }
$data merge entity $(bone_rightarm) { transformation: [-0.7906651177699981f,-0.19241747269544385f,0.5812264513451304f,0.6454352581033188f,0.06863094092565841f,0.9154922041804376f,0.3964389209354986f,1.3109775314123902f,-0.608390060314445f,0.35334054435677464f,-0.7106419592342154f,-4.299865294355846f,0f,0f,0f,1f], start_interpolation: 0, interpolation_duration: 1 }
$data merge entity $(item_display_l_item) { transformation: [-0.27527020771493527f,-0.33462667330778967f,-0.06047770048156739f,0.9392417817142152f,0.01350349929989737f,-0.08850510852193681f,0.4282414637470055f,0.6399101048289739f,-0.33977966132662224f,0.2675781853523974f,0.0660147443552118f,-3.744005696081092f,0f,0f,0f,1f], start_interpolation: 0, interpolation_duration: 1 }
$data merge entity $(bone_leftarm) { transformation: [-0.6291890462055663f,-0.1382347439578685f,0.7648609675606621f,1.044060308630713f,0.03086514125690827f,0.9788376314217269f,0.20229739090728438f,1.3022579721943743f,-0.7766392258894222f,0.15089084424048424f,-0.6116072808054798f,-3.802600738632159f,0f,0f,0f,1f], start_interpolation: 0, interpolation_duration: 1 }
$data merge entity $(bone_body) { transformation: [-0.7660444431189778f,-0.04483859701814817f,0.6412218113757355f,0.912848269714342f,0f,0.9975640502598242f,0.0697564737441253f,0.6875f,-0.6427876096865397f,0.053436559083262065f,-0.764178397356799f,-4.132392015755841f,0f,0f,0f,1f], start_interpolation: 0, interpolation_duration: 1 }
$data merge entity $(bone_leftleg) { transformation: [-0.8568666582488519f,-0.1960965711294413f,0.47678681270849055f,1.0086038251042142f,-0.05014087707993327f,0.9521483495334241f,0.301495295031998f,0.78125f,-0.5130939703671251f,0.23443475696247024f,-0.8256966284906627f,-4.0520435645450235f,0f,0f,0f,1f], start_interpolation: 0, interpolation_duration: 1 }
$data merge entity $(bone_rightleg) { transformation: [-0.6399168651668588f,0.22831552606840227f,0.7337427520808154f,0.8170927143244697f,0.08583165117743129f,0.9701035263202974f,-0.2270067749585457f,0.75f,-0.7636356024513105f,-0.08228711185254217f,-0.6403823060420949f,-4.212740466966659f,0f,0f,0f,1f], start_interpolation: 0, interpolation_duration: 1 }