# This file was generated by Animated Java via MC-Build. It is not recommended to edit this file directly.
$data merge entity $(bone_left_eye) { transformation: [-0.8408403090644261f,-0.12725143305954026f,0.5261127706459269f,0.794527564830869f,-0.05429337524817379f,0.9868989524956139f,0.1519298751635797f,1.6512019789338983f,-0.538553436584153f,0.09918432510912832f,-0.8367333300377399f,-3.668322801860281f,0f,0f,0f,1f], start_interpolation: 0, interpolation_duration: 1 }
$data merge entity $(bone_right_eye) { transformation: [-0.8408403090644261f,-0.12725143305954026f,0.5261127706459269f,0.5843174875647625f,-0.05429337524817379f,0.9868989524956139f,0.1519298751635797f,1.637628635121855f,-0.538553436584153f,0.09918432510912832f,-0.8367333300377399f,-3.802961161006319f,0f,0f,0f,1f], start_interpolation: 0, interpolation_duration: 1 }
$data merge entity $(bone_right_close) { transformation: [-0.8408403090644261f,-0.12725143305954026f,0.5261127706459269f,0.5739783086286747f,-0.05429337524817379f,0.9868989524956139f,0.1519298751635797f,1.7178141750121236f,-0.538553436584153f,0.09918432510912832f,-0.8367333300377399f,-3.7949024345912026f,0f,0f,0f,1f], start_interpolation: 0, interpolation_duration: 1 }
$data merge entity $(bone_left_close) { transformation: [-0.8408403090644261f,-0.12725143305954026f,0.5261127706459269f,0.7841883858947813f,-0.05429337524817379f,0.9868989524956139f,0.1519298751635797f,1.731387518824167f,-0.538553436584153f,0.09918432510912832f,-0.8367333300377399f,-3.6602640754451645f,0f,0f,0f,1f], start_interpolation: 0, interpolation_duration: 1 }
$data merge entity $(bone_left_eyebrow) { transformation: [-0.8451244647026088f,0.09471004025125868f,0.5261127706459269f,0.7841555038466159f,0.20298487114897806f,0.9673233456902669f,0.1519298751635797f,1.7313780232069693f,-0.49453188091948275f,0.23519258737934978f,-0.8367333300377399f,-3.660211779612037f,0f,0f,0f,1f], start_interpolation: 0, interpolation_duration: 1 }
$data merge entity $(bone_right_eyebrow) { transformation: [-0.7792542759178138f,-0.34054093150026765f,0.5261127706459269f,0.5739454265805094f,-0.3078716178462075f,0.9392190266160166f,0.1519298751635797f,1.7178046793949258f,-0.5458734655472479f,-0.043583185007433065f,-0.8367333300377399f,-3.794850138758075f,0f,0f,0f,1f], start_interpolation: 0, interpolation_duration: 1 }
$data merge entity $(bone_talking) { transformation: [-0.8408403090644261f,-0.12725143305954026f,0.5261127706459269f,0.8856456252895529f,-0.05429337524817379f,0.9868989524956139f,0.1519298751635797f,1.4451686548925917f,-0.538553436584153f,0.09918432510912832f,-0.8367333300377399f,-4.021917228347376f,0f,0f,0f,1f], start_interpolation: 0, interpolation_duration: 1 }
$data merge entity $(bone_m_opened) { transformation: [-0.8408403090644261f,-0.12725143305954026f,0.5261127706459269f,0.8872897276978214f,-0.05429337524817379f,0.9868989524956139f,0.1519298751635797f,1.445643435752478f,-0.538553436584153f,0.09918432510912832f,-0.8367333300377399f,-4.024532020003744f,0f,0f,0f,1f], start_interpolation: 0, interpolation_duration: 1 }
$data merge entity $(bone_head) { transformation: [-0.8408403090644261f,-0.12725143305954026f,0.5261127706459269f,0.8527635771241825f,-0.05429337524817379f,0.9868989524956139f,0.1519298751635797f,1.435673037694868f,-0.538553436584153f,0.09918432510912832f,-0.8367333300377399f,-3.9696213952200172f,0f,0f,0f,1f], start_interpolation: 0, interpolation_duration: 1 }
$data merge entity $(item_display_r_item) { transformation: [-0.3649210898220719f,-0.21417018520013067f,-0.11122041168064932f,0.6405618937345271f,0.030026036654975562f,-0.24035798318756285f,0.3643250293910663f,0.6531657847465453f,-0.23945205224818067f,0.2962522939815808f,0.21518258057934325f,-4.297153188911894f,0f,0f,0f,1f], start_interpolation: 0, interpolation_duration: 1 }
$data merge entity $(bone_rightarm) { transformation: [-0.8341053481647357f,-0.25421808384148425f,0.4895318518860129f,0.6040585543051027f,0.06863094092565843f,0.8327429243224371f,0.5493896758572867f,1.3109775314123902f,-0.5473189765672701f,0.4918458984670704f,-0.6771481005293275f,-4.159036527502307f,0f,0f,0f,1f], start_interpolation: 0, interpolation_duration: 1 }
$data merge entity $(item_display_l_item) { transformation: [-0.312039528770022f,-0.3002436221956184f,-0.06238068463745261f,0.9564354398936846f,0.010855186560764916f,-0.09975647158050956f,0.4258368951870398f,0.6369158524525977f,-0.30646328884503204f,0.30217323460005796f,0.0785992295230984f,-3.63271364723259f,0f,0f,0f,1f], start_interpolation: 0, interpolation_duration: 1 }
$data merge entity $(bone_leftarm) { transformation: [-0.7132332086171932f,-0.14258442202846328f,0.6862711364471278f,1.038887960237677f,0.024811854996034093f,0.9733414747132338f,0.22801479218402207f,1.3022579721943743f,-0.7004875173600733f,0.17965538176708223f,-0.6906816790858468f,-3.6930994533996255f,0f,0f,0f,1f], start_interpolation: 0, interpolation_duration: 1 }
$data merge entity $(bone_body) { transformation: [-0.8121363332019707f,-0.04070065045228773f,0.5820464185492582f,0.8832890649633983f,0f,0.9975640502598242f,0.0697564737441253f,0.6875f,-0.5834677165818668f,0.05665176680365346f,-0.81015800991212f,-4.012110220322757f,0f,0f,0f,1f], start_interpolation: 0, interpolation_duration: 1 }
$data merge entity $(bone_leftleg) { transformation: [-0.8929663113190782f,-0.11867060184127456f,0.43419863554349025f,0.9848061066136446f,-0.05014087707993327f,0.9848421423824104f,0.1660477251674322f,0.8125f,-0.44732209792816413f,0.1265039242326251f,-0.8853811031747244f,-3.9391767557500237f,0f,0f,0f,1f], start_interpolation: 0, interpolation_duration: 1 }
$data merge entity $(bone_rightleg) { transformation: [-0.6954365782735548f,0.1402253662120499f,0.7047728799193866f,0.781772023313152f,0.08583165117743129f,0.9899633971160615f,-0.11227377265676472f,0.75f,-0.7134429852870694f,-0.01758746829772899f,-0.7004925322253983f,-4.08504368489549f,0f,0f,0f,1f], start_interpolation: 0, interpolation_duration: 1 }