# This file was generated by Animated Java via MC-Build. It is not recommended to edit this file directly.
$data merge entity $(bone_left_eye) { transformation: [-0.8672218652750074f,-0.11977210134415978f,0.48330205889127054f,0.7845736993049481f,-0.040754549650963035f,0.9844556513763062f,0.17083950701169684f,1.6441713924923909f,-0.49625124994470693f,0.1284589981778495f,-0.8586227243181135f,-3.5427110718182875f,0f,0f,0f,1f], start_interpolation: 0, interpolation_duration: 1 }
$data merge entity $(bone_right_eye) { transformation: [-0.8672218652750074f,-0.11977210134415978f,0.48330205889127054f,0.5677682329861962f,-0.040754549650963035f,0.9844556513763062f,0.17083950701169684f,1.6339827550796502f,-0.49625124994470693f,0.1284589981778495f,-0.8586227243181135f,-3.666773884304464f,0f,0f,0f,1f], start_interpolation: 0, interpolation_duration: 1 }
$data merge entity $(bone_right_close) { transformation: [-0.8672218652750074f,-0.11977210134415978f,0.48330205889127054f,0.5580367497519831f,-0.040754549650963035f,0.9844556513763062f,0.17083950701169684f,1.713969776753975f,-0.49625124994470693f,0.1284589981778495f,-0.8586227243181135f,-3.6563365907025136f,0f,0f,0f,1f], start_interpolation: 0, interpolation_duration: 1 }
$data merge entity $(bone_left_close) { transformation: [-0.8672218652750074f,-0.11977210134415978f,0.48330205889127054f,0.7748422160707351f,-0.040754549650963035f,0.9844556513763062f,0.17083950701169684f,1.7241584141667157f,-0.49625124994470693f,0.1284589981778495f,-0.8586227243181135f,-3.532273778216337f,0f,0f,0f,1f], start_interpolation: 0, interpolation_duration: 1 }
$data merge entity $(bone_left_eyebrow) { transformation: [-0.8686712976915264f,0.10876256910526876f,0.48330205889127054f,0.7748120096920543f,0.2154299995883503f,0.961459192124847f,0.17083950701169684f,1.7241477366975277f,-0.4460942634066066f,0.2525211386008266f,-0.8586227243181135f,-3.5322201142960674f,0f,0f,0f,1f], start_interpolation: 0, interpolation_duration: 1 }
$data merge entity $(bone_right_eyebrow) { transformation: [-0.806672695891891f,-0.34014450101973986f,0.48330205889127054f,0.5580065433733025f,-0.29416174368164094f,0.940363084876356f,0.17083950701169684f,1.7139590992847868f,-0.5125895338930415f,-0.004357410682416185f,-0.8586227243181135f,-3.6562829267822443f,0f,0f,0f,1f], start_interpolation: 0, interpolation_duration: 1 }
$data merge entity $(bone_talking) { transformation: [-0.8672218652750074f,-0.11977210134415978f,0.48330205889127054f,0.8571458848851341f,-0.040754549650963035f,0.9844556513763062f,0.17083950701169684f,1.446350506883099f,-0.49625124994470693f,0.1284589981778495f,-0.8586227243181135f,-3.9051768289552484f,0f,0f,0f,1f], start_interpolation: 0, interpolation_duration: 1 }
$data merge entity $(bone_m_opened) { transformation: [-0.8672218652750074f,-0.11977210134415978f,0.48330205889127054f,0.8586562038191693f,-0.040754549650963035f,0.9844556513763062f,0.17083950701169684f,1.4468843803425107f,-0.49625124994470693f,0.1284589981778495f,-0.8586227243181135f,-3.9078600249687425f,0f,0f,0f,1f], start_interpolation: 0, interpolation_duration: 1 }
$data merge entity $(bone_head) { transformation: [-0.8672218652750074f,-0.11977210134415978f,0.48330205889127054f,0.8269395062044297f,-0.040754549650963035f,0.9844556513763062f,0.17083950701169684f,1.435673037694868f,-0.49625124994470693f,0.1284589981778495f,-0.8586227243181135f,-3.8515129086853666f,0f,0f,0f,1f], start_interpolation: 0, interpolation_duration: 1 }
$data merge entity $(item_display_r_item) { transformation: [-0.3774100798671388f,-0.21135167256344678f,-0.06556181906653778f,0.5396429222290725f,0.022535279180236373f,-0.16565537456481896f,0.40429779627158285f,0.6387490369873752f,-0.22013641862933242f,0.3453911078508291f,0.15378943335167153f,-4.047156448186436f,0f,0f,0f,1f], start_interpolation: 0, interpolation_duration: 1 }
$data merge entity $(bone_rightarm) { transformation: [-0.8626516111248888f,-0.14985558643780075f,0.4830895372878783f,0.5667555650274166f,0.05150920955482599f,0.9241092486207607f,0.3786408561481578f,1.3109775314123902f,-0.5031689568670455f,0.35151870480382086f,-0.7894653893733236f,-4.024823605027379f,0f,0f,0f,1f], start_interpolation: 0, interpolation_duration: 1 }
$data merge entity $(item_display_l_item) { transformation: [-0.34156829384842924f,-0.2660126785739558f,-0.0630444722032185f,0.9682320111759144f,0.008172005945052437f,-0.11078186384135458f,0.4231629083020741f,0.6344356095677801f,-0.27325916079119317f,0.3291973321303574f,0.09145926722835694f,-3.5298561111679687f,0f,0f,0f,1f], start_interpolation: 0, interpolation_duration: 1 }
$data merge entity $(bone_leftarm) { transformation: [-0.7807275287964097f,-0.14410165075021383f,0.6080289795976132f,1.030175724356434f,0.018678870731548426f,0.9672295046904551f,0.25321568878023926f,1.3022579721943743f,-0.6245923675227272f,0.20904975366481604f,-0.7524510448693884f,-3.5873127763448056f,0f,0f,0f,1f], start_interpolation: 0, interpolation_duration: 1 }
$data merge entity $(bone_body) { transformation: [-0.847403477065351f,-0.03703716324727359f,0.5296561106946165f,0.8547173786398848f,0f,0.9975640502598242f,0.0697564737441253f,0.6875f,-0.5309494769350028f,0.05911187839858965f,-0.8453392447855697f,-3.895846817484309f,0f,0f,0f,1f], start_interpolation: 0, interpolation_duration: 1 }
$data merge entity $(bone_leftleg) { transformation: [-0.919463336968263f,-0.0568429892858205f,0.38904504435892573f,0.9606428132730537f,-0.050140877079933276f,0.9983671031712564f,0.027368225208969057f,0.7916666666666666f,-0.38996546567207896f,0.005657019929779544f,-0.920812105539818f,-3.8294781328674334f,0f,0f,0f,1f], start_interpolation: 0, interpolation_duration: 1 }
$data merge entity $(bone_rightleg) { transformation: [-0.7391554682878226f,0.060990293930939084f,0.6707677524646122f,0.748791944006716f,0.08583165117743131f,0.9963016539458727f,0.003992743527236049f,0.7812500000000001f,-0.6680435025927319f,0.06052436196223952f,-0.7416567132121831f,-3.9622155021011842f,0f,0f,0f,1f], start_interpolation: 0, interpolation_duration: 1 }