# This file was generated by Animated Java via MC-Build. It is not recommended to edit this file directly.
$data merge entity $(bone_left_eye) { transformation: [-0.8864090311312832f,-0.11122162446309353f,0.4493426084633978f,0.7730702292709772f,-0.02718614403093458f,0.9815387028850314f,0.18932165304449258f,1.6371255681588697f,-0.46210382285978674f,0.15560053017441983f,-0.8730684577441853f,-3.4257432662305396f,0f,0f,0f,1f], start_interpolation: 0, interpolation_duration: 1 }
$data merge entity $(bone_right_eye) { transformation: [-0.8864090311312832f,-0.11122162446309353f,0.4493426084633978f,0.5514679714881565f,-0.02718614403093458f,0.9815387028850314f,0.18932165304449258f,1.630329032151136f,-0.46210382285978674f,0.15560053017441983f,-0.8730684577441853f,-3.5412692219454867f,0f,0f,0f,1f], start_interpolation: 0, interpolation_duration: 1 }
$data merge entity $(bone_right_close) { transformation: [-0.8864090311312832f,-0.11122162446309353f,0.4493426084633978f,0.5424312145005301f,-0.02718614403093458f,0.9815387028850314f,0.18932165304449258f,1.7100790517605446f,-0.46210382285978674f,0.15560053017441983f,-0.8730684577441853f,-3.528626678868815f,0f,0f,0f,1f], start_interpolation: 0, interpolation_duration: 1 }
$data merge entity $(bone_left_close) { transformation: [-0.8864090311312832f,-0.11122162446309353f,0.4493426084633978f,0.7640334722833508f,-0.02718614403093458f,0.9815387028850314f,0.18932165304449258f,1.7168755877682784f,-0.46210382285978674f,0.15560053017441983f,-0.8730684577441853f,-3.413100723153868f,0f,0f,0f,1f], start_interpolation: 0, interpolation_duration: 1 }
$data merge entity $(bone_left_eyebrow) { transformation: [-0.8849916504638662f,0.12198769949692323f,0.4493426084633978f,0.764005388370322f,0.22778111117517655f,0.9551298744570303f,0.18932165304449258f,1.7168637551649633f,-0.40608563628998745f,0.269899840850538f,-0.8730684577441853f,-3.4130461563752594f,0f,0f,0f,1f], start_interpolation: 0, interpolation_duration: 1 }
$data merge entity $(bone_right_eyebrow) { transformation: [-0.8274191011872882f,-0.3368513785183754f,0.4493426084633978f,0.5424031305875011f,-0.28030070844856475f,0.9410572907808182f,0.18932165304449258f,1.7100672191572297f,-0.48663039756436605f,0.030697300508949185f,-0.8730684577441853f,-3.528572112090206f,0f,0f,0f,1f], start_interpolation: 0, interpolation_duration: 1 }
$data merge entity $(bone_talking) { transformation: [-0.8864090311312832f,-0.11122162446309353f,0.4493426084633978f,0.8304940716401521f,-0.02718614403093458f,0.9815387028850314f,0.18932165304449258f,1.4475056410101488f,-0.46210382285978674f,0.15560053017441983f,-0.8730684577441853f,-3.795240269676676f,0f,0f,0f,1f], start_interpolation: 0, interpolation_duration: 1 }
$data merge entity $(bone_m_opened) { transformation: [-0.8864090311312832f,-0.11122162446309353f,0.4493426084633978f,0.8318982672916002f,-0.02718614403093458f,0.9815387028850314f,0.18932165304449258f,1.4480972711759128f,-0.46210382285978674f,0.15560053017441983f,-0.8730684577441853f,-3.7979686086071265f,0f,0f,0f,1f], start_interpolation: 0, interpolation_duration: 1 }
$data merge entity $(bone_head) { transformation: [-0.8864090311312832f,-0.11122162446309353f,0.4493426084633978f,0.8024101586111897f,-0.02718614403093458f,0.9815387028850314f,0.18932165304449258f,1.435673037694868f,-0.46210382285978674f,0.15560053017441983f,-0.8730684577441853f,-3.7406734910676644f,0f,0f,0f,1f], start_interpolation: 0, interpolation_duration: 1 }
$data merge entity $(item_display_r_item) { transformation: [-0.3865954811128581f,-0.20308993685080212f,-0.026545461628214004f,0.45535630921098624f,0.015031023514462227f,-0.08468144927329666f,0.42896313417481663f,0.649783654435054f,-0.2042651519844378f,0.3781398943498441f,0.08180597769028401f,-3.8008702429908197f,0f,0f,0f,1f], start_interpolation: 0, interpolation_duration: 1 }
$data merge entity $(bone_rightarm) { transformation: [-0.883646813972247f,-0.06067534086448926f,0.4642055699446906f,0.5334856136568531f,0.03435662517591366f,0.9804871638281523f,0.193557598338964f,1.3109775314123902f,-0.4668917759644292f,0.1869850918635065f,-0.8643197585139293f,-3.9000845002046103f,0f,0f,0f,1f], start_interpolation: 0, interpolation_duration: 1 }
$data merge entity $(item_display_l_item) { transformation: [-0.3649930368515715f,-0.23294169472300721f,-0.06264582914640603f,0.9756220691458631f,0.005462603354562168f,-0.12157413141413335f,0.42023343576575356f,0.6324535602923644f,-0.2411565736496895f,0.349805871063469f,0.10433412459530941f,-3.43666811622347f,0f,0f,0f,1f], start_interpolation: 0, interpolation_duration: 1 }
$data merge entity $(bone_leftarm) { transformation: [-0.8342697985178776f,-0.14319046662035675f,0.5324381593668736f,1.0192375673498586f,0.012485950524713525f,0.9605335674645795f,0.27788372894659075f,1.3022579721943743f,-0.5512150254850046f,0.23847799907499312f,-0.7995562767165005f,-3.4875084359807245f,0f,0f,0f,1f], start_interpolation: 0, interpolation_duration: 1 }
$data merge entity $(bone_body) { transformation: [-0.8741115362211949f,-0.03388248091829381f,0.48454205156193003f,0.8278220192999101f,0f,0.9975640502598242f,0.0697564737441253f,0.6875f,-0.48572525386788634f,0.06097493842585081f,-0.8719822444516522f,-3.7864046948870524f,0f,0f,0f,1f], start_interpolation: 0, interpolation_duration: 1 }
$data merge entity $(bone_leftleg) { transformation: [-0.9386698102604512f,-0.008576589391009477f,0.34471064593369716f,0.9370859613275594f,-0.05014087707993327f,0.9924599839226219f,-0.1118439661222907f,0.7708333333333334f,-0.34115228234802086f,-0.12226864858469283f,-0.9320222625141574f,-3.7256890381535666f,0f,0f,0f,1f], start_interpolation: 0, interpolation_duration: 1 }
$data merge entity $(bone_rightleg) { transformation: [-0.7732107877278591f,-0.009961614760308574f,0.6340708509091318f,0.7185580772722607f,0.08583165117743129f,0.9890317244553192f,0.12020472402153497f,0.8125f,-0.6283136202545819f,0.14736693744631063f,-0.7638749769106696f,-3.8471203516205383f,0f,0f,0f,1f], start_interpolation: 0, interpolation_duration: 1 }