# This file was generated by Animated Java via MC-Build. It is not recommended to edit this file directly.
$data merge entity $(bone_left_eye) { transformation: [-0.8999414480577012f,-0.10235768718873386f,0.4238257825347362f,0.7616699642486289f,-0.013598006698608878f,0.9781695666181267f,0.20736295029713112f,1.6300744426124432f,-0.4357986740246382f,0.18085132793396677f,-0.8816871967443375f,-3.3231900075835803f,0f,0f,0f,1f], start_interpolation: 0, interpolation_duration: 1 }
$data merge entity $(bone_right_eye) { transformation: [-0.8999414480577012f,-0.10235768718873386f,0.4238257825347362f,0.5366846022342036f,-0.013598006698608878f,0.9781695666181267f,0.20736295029713112f,1.6266749409377907f,-0.4357986740246382f,0.18085132793396677f,-0.8816871967443375f,-3.43213967608974f,0f,0f,0f,1f], start_interpolation: 0, interpolation_duration: 1 }
$data merge entity $(bone_right_close) { transformation: [-0.8999414480577012f,-0.10235768718873386f,0.4238257825347362f,0.528368040150119f,-0.013598006698608878f,0.9781695666181267f,0.20736295029713112f,1.7061512182255136f,-0.4357986740246382f,0.18085132793396677f,-0.8816871967443375f,-3.417445505695105f,0f,0f,0f,1f], start_interpolation: 0, interpolation_duration: 1 }
$data merge entity $(bone_left_close) { transformation: [-0.8999414480577012f,-0.10235768718873386f,0.4238257825347362f,0.7533534021645443f,-0.013598006698608878f,0.9781695666181267f,0.20736295029713112f,1.709550719900166f,-0.4357986740246382f,0.18085132793396677f,-0.8816871967443375f,-3.3084958371889455f,0f,0f,0f,1f], start_interpolation: 0, interpolation_duration: 1 }
$data merge entity $(bone_left_eyebrow) { transformation: [-0.8957688056840062f,0.13405205265965825f,0.4238257825347362f,0.7533269130531358f,0.24003424732421202f,0.9483586699954655f,0.20736295029713112f,1.7095377597157724f,-0.37414142630153685f,0.2874819650380937f,-0.8816871967443375f,-3.308440731739149f,0f,0f,0f,1f], start_interpolation: 0, interpolation_duration: 1 }
$data merge entity $(bone_right_eyebrow) { transformation: [-0.842784567969825f,-0.33179191980928974f,0.4238257825347362f,0.5283415510387105f,-0.26630357903668816f,0.9413198237774022f,0.20736295029713112f,1.7061382580411202f,-0.4677569623043211f,0.06189597170209056f,-0.8816871967443375f,-3.4173904002453086f,0f,0f,0f,1f], start_interpolation: 0, interpolation_duration: 1 }
$data merge entity $(bone_talking) { transformation: [-0.8999414480577012f,-0.10235768718873386f,0.4238257825347362f,0.8072122620807047f,-0.013598006698608878f,0.9781695666181267f,0.20736295029713112f,1.4486332220884388f,-0.4357986740246382f,0.18085132793396677f,-0.8816871967443375f,-3.6984049228027573f,0f,0f,0f,1f], start_interpolation: 0, interpolation_duration: 1 }
$data merge entity $(bone_m_opened) { transformation: [-0.8999414480577012f,-0.10235768718873386f,0.4238257825347362f,0.8085367176511258f,-0.013598006698608878f,0.9781695666181267f,0.20736295029713112f,1.4492812313081174f,-0.4357986740246382f,0.18085132793396677f,-0.8816871967443375f,-3.701160195292583f,0f,0f,0f,1f], start_interpolation: 0, interpolation_duration: 1 }
$data merge entity $(bone_head) { transformation: [-0.8999414480577012f,-0.10235768718873386f,0.4238257825347362f,0.7807231506722837f,-0.013598006698608878f,0.9781695666181267f,0.20736295029713112f,1.435673037694868f,-0.4357986740246382f,0.18085132793396677f,-0.8816871967443375f,-3.6432994730062362f,0f,0f,0f,1f], start_interpolation: 0, interpolation_duration: 1 }
$data merge entity $(item_display_r_item) { transformation: [-0.39317425648348125f,-0.19177555699643925f,0.006510743226943596f,0.38632093890262953f,0.007517763627030931f,-0.0005619270676792366f,0.4374350437127994f,0.68574922492686f,-0.19173872135984896f,0.39322775840049246f,0.0038003624319409264f,-3.5717554557029385f,0f,0f,0f,1f], start_interpolation: 0, interpolation_duration: 1 }
$data merge entity $(bone_rightarm) { transformation: [-0.8986840148193858f,0.014881698804442407f,0.4383441302775754f,0.5052080332247999f,0.017183459718927842f,0.9998515284863986f,0.0012844047261241914f,1.3109775314123902f,-0.4382599345367976f,0.00868654270157946f,-0.8988063049154114f,-3.791027942743304f,0f,0f,0f,1f], start_interpolation: 0, interpolation_duration: 1 }
$data merge entity $(item_display_l_item) { transformation: [-0.3833838856540376f,-0.20163686703131095f,-0.06136464841102946f,0.9806534825606779f,0.00273568556402074f,-0.13212719879977344f,0.4170625485006056f,0.6309530750222101f,-0.21074999939574532f,0.36509071090774486f,0.11704469472629156f,-3.358251934826253f,0f,0f,0f,1f], start_interpolation: 0, interpolation_duration: 1 }
$data merge entity $(bone_leftarm) { transformation: [-0.8763060243520859f,-0.14026205351092458f,0.46088426750013933f,1.0082107659913848f,0.006252995574904549f,0.9532858251442412f,0.3020050258280538f,1.3022579721943743f,-0.4817142843331322f,0.2675307308029523f,-0.8344930535034168f,-3.399668491450262f,0f,0f,0f,1f], start_interpolation: 0, interpolation_duration: 1 }
$data merge entity $(bone_body) { transformation: [-0.8941426589547801f,-0.03123570780707992f,0.44669143264122113f,0.8041499315275936f,0f,0.9975640502598242f,0.0697564737441253f,0.6875f,-0.44778220759346377f,0.0623722389128815f,-0.8919645723770191f,-3.6900786521908975f,0f,0f,0f,1f], start_interpolation: 0, interpolation_duration: 1 }
$data merge entity $(bone_leftleg) { transformation: [-0.9524398963976975f,0.028687028802743167f,0.30337319942343893f,0.9159177638969411f,-0.05014087707993327f,0.9672357599934328f,-0.2488792418736071f,0.75f,-0.30057301308600226f,-0.2522539176472726f,-0.9197955342553066f,-3.6341058762417147f,0f,0f,0f,1f], start_interpolation: 0, interpolation_duration: 1 }
$data merge entity $(bone_rightleg) { transformation: [-0.799451267089524f,-0.07369262698839374f,0.5961938177107373f,0.6923820991582461f,0.0858316511774313f,0.9682529064370438f,0.2347748641408896f,0.7812499999999999f,-0.5945675732876039f,0.23886336241409412f,-0.7677458530601926f,-3.7460514281400803f,0f,0f,0f,1f], start_interpolation: 0, interpolation_duration: 1 }