# This file was generated by Animated Java via MC-Build. It is not recommended to edit this file directly.
$data merge entity $(bone_left_eye) { transformation: [0.8171566310795416f,-0.19194521907673526f,0.5435182362684051f,0.9621436409491211f,0.05714115806989162f,0.9652579052285407f,0.2549746349114772f,1.6096305173373615f,-0.5735764363510458f,-0.17729695222251718f,0.7997348700634737f,-4.145487680919889f,0f,0f,0f,1f], start_interpolation: 0, interpolation_duration: 1 }
$data merge entity $(bone_right_eye) { transformation: [0.8171566310795416f,-0.19194521907673526f,0.5435182362684051f,1.1664327987190064f,0.05714115806989162f,0.9652579052285407f,0.2549746349114772f,1.6239158068548343f,-0.5735764363510458f,-0.17729695222251718f,0.7997348700634737f,-4.28888179000765f,0f,0f,0f,1f], start_interpolation: 0, interpolation_duration: 1 }
$data merge entity $(bone_right_close) { transformation: [0.8171566310795416f,-0.19194521907673526f,0.5435182362684051f,1.115961359740564f,0.05714115806989162f,0.9652579052285407f,0.2549746349114772f,1.6203865000328703f,-0.5735764363510458f,-0.17729695222251718f,0.7997348700634737f,-4.253455010115379f,0f,0f,0f,1f], start_interpolation: 0, interpolation_duration: 1 }
$data merge entity $(bone_left_close) { transformation: [0.8171566310795416f,-0.19194521907673526f,0.5435182362684051f,0.9116722019706787f,0.05714115806989162f,0.9652579052285407f,0.2549746349114772f,1.6061012105153976f,-0.5735764363510458f,-0.17729695222251718f,0.7997348700634737f,-4.110060901027618f,0f,0f,0f,1f], start_interpolation: 0, interpolation_duration: 1 }
$data merge entity $(bone_left_eyebrow) { transformation: [0.839331305228766f,-0.010530285212560747f,0.5435182362684051f,0.8996416558886159f,-0.1531333638925231f,0.9547450489081988f,0.2549746349114772f,1.6664138936774995f,-0.5216063006961628f,-0.2972389689771903f,0.7997348700634737f,-4.121191943970905f,0f,0f,0f,1f], start_interpolation: 0, interpolation_duration: 1 }
$data merge entity $(bone_right_eyebrow) { transformation: [0.7396336157696628f,-0.3969005432941315f,0.5435182362684051f,1.1039308136585013f,0.30502124963268473f,0.9175783197222318f,0.2549746349114772f,1.6806991831949725f,-0.5999201210961423f,-0.02280319952438392f,0.7997348700634737f,-4.2645860530586654f,0f,0f,0f,1f], start_interpolation: 0, interpolation_duration: 1 }
$data merge entity $(bone_talking) { transformation: [0.8171566310795416f,-0.19194521907673526f,0.5435182362684051f,1.2316525344586817f,0.05714115806989162f,0.9652579052285407f,0.2549746349114772f,1.4516089523768354f,-0.5735764363510458f,-0.17729695222251718f,0.7997348700634737f,-3.8875165706210337f,0f,0f,0f,1f], start_interpolation: 0, interpolation_duration: 1 }
$data merge entity $(bone_m_opened) { transformation: [0.8171566310795416f,-0.19194521907673526f,0.5435182362684051f,1.2320569379082862f,0.05714115806989162f,0.9652579052285407f,0.2549746349114772f,1.4517986656468589f,-0.5735764363510458f,-0.17729695222251718f,0.7997348700634737f,-3.8869215297950936f,0f,0f,0f,1f], start_interpolation: 0, interpolation_duration: 1 }
$data merge entity $(bone_head) { transformation: [0.8171566310795416f,-0.19194521907673526f,0.5435182362684051f,1.1976826446919064f,0.05714115806989162f,0.9652579052285407f,0.2549746349114772f,1.435673037694868f,-0.5735764363510458f,-0.17729695222251718f,0.7997348700634737f,-3.937500000000001f,0f,0f,0f,1f], start_interpolation: 0, interpolation_duration: 1 }
$data merge entity $(item_display_r_item) { transformation: [0.1239978958303894f,-0.41708451678706204f,-0.0455112918531081f,1.0330843255360413f,0.015375304601722047f,-0.04290816814522042f,0.4351192240235149f,0.6648596867243858f,-0.41927839419416807f,-0.12492255586131902f,0.002496637545872589f,-4.324950942700573f,0f,0f,0f,1f], start_interpolation: 0, interpolation_duration: 1 }
$data merge entity $(bone_rightarm) { transformation: [0.2834237618980329f,-0.10402580994996158f,0.9533360383704276f,1.2064022039099223f,0.03514355337536468f,0.9945582263394626f,0.09807581290336119f,1.3109775314123902f,-0.9583506153009556f,0.0057066001048515684f,0.28553727054015776f,-4.250000000000001f,0f,0f,0f,1f], start_interpolation: 0, interpolation_duration: 1 }
$data merge entity $(item_display_l_item) { transformation: [-0.1485374280431963f,-0.4104409863934601f,-0.029682977591133405f,1.0142687511009927f,-0.019055253327709673f,-0.024663447362930503f,0.4363884298246148f,0.6734720903126944f,-0.4110715020418334f,0.14945287234623297f,-0.009503112991620509f,-3.5260224829569813f,0f,0f,0f,1f], start_interpolation: 0, interpolation_duration: 1 }
$data merge entity $(bone_leftarm) { transformation: [-0.3395141212415916f,-0.06784680592259085f,0.9381508260421946f,1.206402203909922f,-0.04355486474905068f,0.9974592681705481f,0.0563735939724128f,1.3109775314123902f,-0.9395920046670478f,-0.021721401123703944f,-0.34160656536281825f,-3.625000000000001f,0f,0f,0f,1f], start_interpolation: 0, interpolation_duration: 1 }
$data merge entity $(bone_body) { transformation: [3.4450928483976665e-16f,-0.0697564737441253f,0.9975640502598242f,1.2500000000000004f,0f,0.9975640502598242f,0.0697564737441253f,0.6875f,-1f,-2.4031752882532567e-17f,3.436700775368731e-16f,-3.937500000000001f,0f,0f,0f,1f], start_interpolation: 0, interpolation_duration: 1 }
$data merge entity $(bone_leftleg) { transformation: [-0.21643961393810254f,4.670220861056469e-17f,0.9762960071199335f,1.2500000000000004f,-0.12743220028900526f,0.9914448613738104f,-0.028251038652918573f,0.75f,-0.9679436594388271f,-0.13052619222005157f,-0.2145879430366631f,-3.812500000000001f,0f,0f,0f,1f], start_interpolation: 0, interpolation_duration: 1 }
$data merge entity $(bone_rightleg) { transformation: [0.17364817766693066f,-3.08933243416628e-17f,0.9848077530122079f,1.2500000000000004f,0.0858316511774313f,0.9961946980917455f,-0.015134435901338623f,0.75f,-0.9810602621904068f,0.08715574274765817f,0.1729873939250898f,-4.062500000000001f,0f,0f,0f,1f], start_interpolation: 0, interpolation_duration: 1 }