# This file was generated by Animated Java via MC-Build. It is not recommended to edit this file directly.
$data merge entity $(bone_left_eye) { transformation: [-0.909020714280828f,-0.09374856200708367f,0.40606963458251516f,0.756869733447485f,0f,0.9743700647852351f,0.224951054343865f,1.6230277903052106f,-0.41675093402219676f,0.20448516809788553f,-0.8857225722649311f,-3.260296638465074f,0f,0f,0f,1f], start_interpolation: 0, interpolation_duration: 1 }
$data merge entity $(bone_right_eye) { transformation: [-0.909020714280828f,-0.09374856200708367f,0.40606963458251516f,0.5296145548772779f,0f,0.9743700647852351f,0.224951054343865f,1.6230277903052106f,-0.41675093402219676f,0.20448516809788553f,-0.8857225722649311f,-3.3644843719706232f,0f,0f,0f,1f], start_interpolation: 0, interpolation_duration: 1 }
$data merge entity $(bone_right_close) { transformation: [-0.909020714280828f,-0.09374856200708367f,0.40606963458251516f,0.5219974842142023f,0f,0.9743700647852351f,0.224951054343865f,1.702195358069011f,-0.41675093402219676f,0.20448516809788553f,-0.8857225722649311f,-3.34786995206267f,0f,0f,0f,1f], start_interpolation: 0, interpolation_duration: 1 }
$data merge entity $(bone_left_close) { transformation: [-0.909020714280828f,-0.09374856200708367f,0.40606963458251516f,0.7492526627844094f,0f,0.9743700647852351f,0.224951054343865f,1.702195358069011f,-0.41675093402219676f,0.20448516809788553f,-0.8857225722649311f,-3.2436822185571206f,0f,0f,0f,1f], start_interpolation: 0, interpolation_duration: 1 }
$data merge entity $(bone_left_eyebrow) { transformation: [-0.9023104978539956f,0.144717716028471f,0.40606963458251516f,0.749227283432248f,0.25218552974419584f,0.9411692099390113f,0.224951054343865f,1.7021812986281146f,-0.34962583435740824f,0.3053805837480177f,-0.8857225722649311f,-3.243626860896354f,0f,0f,0f,1f], start_interpolation: 0, interpolation_duration: 1 }
$data merge entity $(bone_right_eyebrow) { transformation: [-0.85378267125718f,-0.3258260304686795f,0.40606963458251516f,0.521972104862041f,-0.25218552974419584f,0.9411692099390113f,0.224951054343865f,1.7021812986281146f,-0.4554751462468546f,0.08965442616960051f,-0.8857225722649311f,-3.3478145944019033f,0f,0f,0f,1f], start_interpolation: 0, interpolation_duration: 1 }
$data merge entity $(bone_talking) { transformation: [-0.909020714280828f,-0.09374856200708367f,0.40606963458251516f,0.7935760454711883f,0f,0.9743700647852351f,0.224951054343865f,1.4497324785913597f,-0.41675093402219676f,0.20448516809788553f,-0.8857225722649311f,-3.640300101075111f,0f,0f,0f,1f], start_interpolation: 0, interpolation_duration: 1 }
$data merge entity $(bone_m_opened) { transformation: [-0.909020714280828f,-0.09374856200708367f,0.40606963458251516f,0.7948450130792587f,0f,0.9743700647852351f,0.224951054343865f,1.4504354506361843f,-0.41675093402219676f,0.20448516809788553f,-0.8857225722649311f,-3.6430679841134386f,0f,0f,0f,1f], start_interpolation: 0, interpolation_duration: 1 }
$data merge entity $(bone_head) { transformation: [-0.909020714280828f,-0.09374856200708367f,0.40606963458251516f,0.7681966933097811f,0f,0.9743700647852351f,0.224951054343865f,1.435673037694868f,-0.41675093402219676f,0.20448516809788553f,-0.8857225722649311f,-3.5849424403085526f,0f,0f,0f,1f], start_interpolation: 0, interpolation_duration: 1 }
$data merge entity $(item_display_r_item) { transformation: [-0.3976965624978622f,-0.1789786449339841f,0.03478992433131781f,0.33578820125266173f,0f,0.08347893547723843f,0.429461892758353f,0.7451627906017364f,-0.18232853363471108f,0.39038975651159435f,-0.07588408155492242f,-3.391617675482549f,0f,0f,0f,1f], start_interpolation: 0, interpolation_duration: 1 }
$data merge entity $(bone_rightarm) { transformation: [-0.909020714280828f,0.07951982704301205f,0.40909404556339224f,0.4877616045453923f,0f,0.981627183447664f,-0.19080899537654478f,1.3109775314123902f,-0.41675093402219676f,-0.1734493292683939f,-0.8923194434550727f,-3.7231033671390636f,0f,0f,0f,1f], start_interpolation: 0, interpolation_duration: 1 }
$data merge entity $(item_display_l_item) { transformation: [-0.3976965624978622f,-0.17239501541340413f,-0.05936036420033246f,0.9902216651664175f,0f,-0.14243606757500596f,0.41366437682470114f,0.6299168238305123f,-0.18232853363471108f,0.37602948729372343f,0.1294773358863842f,-3.319376865142247f,0f,0f,0f,1f], start_interpolation: 0, interpolation_duration: 1 }
$data merge entity $(bone_leftarm) { transformation: [-0.909020714280828f,-0.13568083245790286f,0.3940457495163523f,1.0039325822593164f,0f,0.9455185755993167f,0.32556815445715664f,1.3022579721943743f,-0.41675093402219676f,0.29594819631173547f,-0.859495970957082f,-3.349283235186683f,0f,0f,0f,1f], start_interpolation: 0, interpolation_duration: 1 }
$data merge entity $(bone_body) { transformation: [-0.909020714280828f,-0.029071075586959063f,0.41573574969274735f,0.7900000000000005f,0f,0.9975640502598242f,0.0697564737441253f,0.6875f,-0.41675093402219676f,0.06341007958859661f,-0.9068063855080611f,-3.6325f,0f,0f,0f,1f], start_interpolation: 0, interpolation_duration: 1 }
$data merge entity $(bone_leftleg) { transformation: [-0.909020714280828f,0.17612655531527371f,0.37770461675911404f,0.903627589285104f,0f,0.9063077870366499f,-0.42261826174069944f,0.75f,-0.41675093402219676f,-0.38416875415565255f,-0.823852551930332f,-3.5804061332472252f,0f,0f,0f,1f], start_interpolation: 0, interpolation_duration: 1 }
$data merge entity $(bone_rightleg) { transformation: [-0.909020714280828f,-0.17612655531527371f,0.37770461675911404f,0.676372410714897f,0f,0.9063077870366499f,0.42261826174069944f,0.75f,-0.41675093402219676f,0.38416875415565255f,-0.823852551930332f,-3.6845938667527744f,0f,0f,0f,1f], start_interpolation: 0, interpolation_duration: 1 }