# This file was generated by Animated Java via MC-Build. It is not recommended to edit this file directly.
$data merge entity $(bone_left_eye) { transformation: [-0.919958392769477f,-0.09483725731738718f,0.3803714634374094f,0.4170242584366588f,0f,0.9702957262759965f,0.24192189559966765f,1.6433872105870937f,-0.3920160144343605f,0.22255807825161547f,-0.8926316968559581f,-0.9455843001224918f,0f,0f,0f,1f], start_interpolation: 0, interpolation_duration: 1 }
$data merge entity $(bone_right_eye) { transformation: [-0.919958392769477f,-0.09483725731738718f,0.3803714634374094f,0.18703466024428952f,0f,0.9702957262759965f,0.24192189559966765f,1.6433872105870937f,-0.3920160144343605f,0.22255807825161547f,-0.8926316968559581f,-1.043588303731082f,0f,0f,0f,1f], start_interpolation: 0, interpolation_duration: 1 }
$data merge entity $(bone_right_close) { transformation: [-0.919958392769477f,-0.09483725731738718f,0.3803714634374094f,0.17932913308725182f,0f,0.9702957262759965f,0.24192189559966765f,1.7222237383470183f,-0.3920160144343605f,0.22255807825161547f,-0.8926316968559581f,-1.0255054598731383f,0f,0f,0f,1f], start_interpolation: 0, interpolation_duration: 1 }
$data merge entity $(bone_left_close) { transformation: [-0.919958392769477f,-0.09483725731738718f,0.3803714634374094f,0.40931873127962104f,0f,0.9702957262759965f,0.24192189559966765f,1.7222237383470183f,-0.3920160144343605f,0.22255807825161547f,-0.8926316968559581f,-0.9275014562645482f,0f,0f,0f,1f], start_interpolation: 0, interpolation_duration: 1 }
$data merge entity $(bone_left_eyebrow) { transformation: [-0.9131572590664485f,0.14649699661335958f,0.3803714634374094f,0.4092949580631562f,0.25113101334181026f,0.9372337011478935f,0.24192189559966765f,1.7222086182285434f,-0.3210561233681218f,0.316435806153296f,-0.8926316968559581f,-0.9274456667834945f,0f,0f,0f,1f], start_interpolation: 0, interpolation_duration: 1 }
$data merge entity $(bone_right_eyebrow) { transformation: [-0.8640658823083922f,-0.32970850888793196f,0.3803714634374094f,0.17930535987078697f,-0.25113101334181026f,0.9372337011478935f,0.24192189559966765f,1.7222086182285434f,-0.4362606619539922f,0.11351338511170161f,-0.8926316968559581f,-1.0254496703920846f,0f,0f,0f,1f], start_interpolation: 0, interpolation_duration: 1 }
$data merge entity $(bone_talking) { transformation: [-0.919958392769477f,-0.09483725731738718f,0.3803714634374094f,0.4446048559940114f,0f,0.9702957262759965f,0.24192189559966765f,1.4764138713929906f,-0.3920160144343605f,0.22255807825161547f,-0.8926316968559581f,-1.3291732267571776f,0f,0f,0f,1f], start_interpolation: 0, interpolation_duration: 1 }
$data merge entity $(bone_m_opened) { transformation: [-0.919958392769477f,-0.09483725731738718f,0.3803714634374094f,0.4457935168172533f,0f,0.9702957262759965f,0.24192189559966765f,1.4771698773167397f,-0.3920160144343605f,0.22255807825161547f,-0.8926316968559581f,-1.3319627008098525f,0f,0f,0f,1f], start_interpolation: 0, interpolation_duration: 1 }
$data merge entity $(bone_head) { transformation: [-0.919958392769477f,-0.09483725731738718f,0.3803714634374094f,0.4208316395291733f,0f,0.9702957262759965f,0.24192189559966765f,1.4612937529180114f,-0.3920160144343605f,0.22255807825161547f,-0.8926316968559581f,-1.2733837457036803f,0f,0f,0f,1f], start_interpolation: 0, interpolation_duration: 1 }
$data merge entity $(item_display_r_item) { transformation: [-0.4024817968366462f,-0.17064407194291786f,0.01718295451559335f,0.014064725734667965f,0f,0.043832276955283606f,0.4352987267347739f,0.7396864855945424f,-0.17150700631503274f,0.40045671702152236f,-0.040323871059209294f,-1.1159701861193025f,0f,0f,0f,1f], start_interpolation: 0, interpolation_duration: 1 }
$data merge entity $(bone_rightarm) { transformation: [-0.919958392769477f,0.03927532460707042f,0.39004359301238367f,0.1361227018671829f,0f,0.9949685182509117f,-0.10018806161207659f,1.3364947940983432f,-0.3920160144343605f,-0.09216884813533532f,-0.9153296389063368f,-1.4024081259304713f,0f,0f,0f,1f], start_interpolation: 0, interpolation_duration: 1 }
$data merge entity $(item_display_l_item) { transformation: [-0.4024817968366462f,-0.16791315803211773f,-0.034925987098802784f,0.6161173981717126f,0f,-0.08909326612382774f,0.42833239421200536f,0.6665943375650116f,-0.17150700631503274f,0.3940479809503785f,0.08196209790985985f,-0.9345067038049617f,0f,0f,0f,1f], start_interpolation: 0, interpolation_duration: 1 }
$data merge entity $(bone_leftarm) { transformation: [-0.919958392769477f,-0.07983082765440644f,0.38380150407341196f,0.6621735069060616f,0f,0.9790454724845837f,0.2036417511401779f,1.329408195652921f,-0.3920160144343605f,0.18734193807967986f,-0.900681099315151f,-1.0425882673339495f,0f,0f,0f,1f], start_interpolation: 0, interpolation_duration: 1 }
$data merge entity $(bone_body) { transformation: [-0.919958392769477f,-0.022224480627769154f,0.391385523536355f,0.43750000000000017f,0f,0.9983916705573488f,0.05669278756337757f,0.7125f,-0.3920160144343605f,0.05215500572842622f,-0.9184787966003718f,-1.3125f,0f,0f,0f,1f], start_interpolation: -1, interpolation_duration: 0 }
$data merge entity $(bone_leftleg) { transformation: [-0.919958392769477f,0.10146121052079744f,0.37865839266105694f,0.5524947990961848f,0f,0.9659258262890681f,-0.2588190451025214f,0.7541666666666668f,-0.3920160144343605f,-0.23810275275064638f,-0.8886115706874201f,-1.2634979981957049f,0f,0f,0f,1f], start_interpolation: -1, interpolation_duration: 0 }
$data merge entity $(bone_rightleg) { transformation: [-0.919958392769477f,-0.10146121052079744f,0.37865839266105694f,0.3225052009038155f,0f,0.9659258262890681f,0.2588190451025214f,0.7958333333333333f,-0.3920160144343605f,0.23810275275064638f,-0.8886115706874201f,-1.3615020018042951f,0f,0f,0f,1f], start_interpolation: -1, interpolation_duration: 0 }