# This file was generated by Animated Java via MC-Build. It is not recommended to edit this file directly.
$data merge entity $(bone_left_eye) { transformation: [-0.9279133880020864f,-0.09648666542547142f,0.3600931376207587f,0.4271483778585978f,0f,0.9659258262890683f,0.25881904510252074f,1.6385628614830303f,-0.3727958481079014f,0.24016165702054487f,-0.8962955060306043f,-0.9514299680891669f,0f,0f,0f,1f], start_interpolation: 0, interpolation_duration: 1 }
$data merge entity $(bone_right_eye) { transformation: [-0.9279133880020864f,-0.09648666542547142f,0.3600931376207587f,0.19517003085807624f,0f,0.9659258262890683f,0.25881904510252074f,1.6385628614830303f,-0.3727958481079014f,0.24016165702054487f,-0.8962955060306043f,-1.0446289301161422f,0f,0f,0f,1f], start_interpolation: 0, interpolation_duration: 1 }
$data merge entity $(bone_right_close) { transformation: [-0.9279133880020864f,-0.09648666542547142f,0.3600931376207587f,0.18733048929225668f,0f,0.9659258262890683f,0.25881904510252074f,1.717044334869017f,-0.3727958481079014f,0.24016165702054487f,-0.8962955060306043f,-1.025115795483223f,0f,0f,0f,1f], start_interpolation: 0, interpolation_duration: 1 }
$data merge entity $(bone_left_close) { transformation: [-0.9279133880020864f,-0.09648666542547142f,0.3600931376207587f,0.41930883629277826f,0f,0.9659258262890683f,0.25881904510252074f,1.717044334869017f,-0.3727958481079014f,0.24016165702054487f,-0.8962955060306043f,-0.9319168334562477f,0f,0f,0f,1f], start_interpolation: 0, interpolation_duration: 1 }
$data merge entity $(bone_left_eyebrow) { transformation: [-0.9212680926411511f,0.14696269499356948f,0.3600931376207587f,0.419286330471677f,0.24999999999999997f,0.9330127018922194f,0.25881904510252074f,1.7170281586786982f,-0.29793472688046213f,0.328465012425993f,-0.8962955060306043f,-0.9318608149871207f,0f,0f,0f,1f], start_interpolation: 0, interpolation_duration: 1 }
$data merge entity $(bone_right_eyebrow) { transformation: [-0.8713229194200572f,-0.33336061904752023f,0.3600931376207587f,0.1873079834711554f,-0.24999999999999997f,0.9330127018922194f,0.25881904510252074f,1.7170281586786982f,-0.4222515483610552f,0.13549168157505023f,-0.8962955060306043f,-1.025059777014096f,0f,0f,0f,1f], start_interpolation: 0, interpolation_duration: 1 }
$data merge entity $(bone_talking) { transformation: [-0.9279133880020864f,-0.09648666542547142f,0.3600931376207587f,0.44780997622119195f,0f,0.9659258262890683f,0.25881904510252074f,1.4779623565053008f,-0.3727958481079014f,0.24016165702054487f,-0.8962955060306043f,-1.3381622089923546f,0f,0f,0f,1f], start_interpolation: 0, interpolation_duration: 1 }
$data merge entity $(bone_m_opened) { transformation: [-0.9279133880020864f,-0.09648666542547142f,0.3600931376207587f,0.4489352672762568f,0f,0.9659258262890683f,0.25881904510252074f,1.4787711660212461f,-0.3727958481079014f,0.24016165702054487f,-0.8962955060306043f,-1.3409631324487004f,0f,0f,0f,1f], start_interpolation: 0, interpolation_duration: 1 }
$data merge entity $(bone_head) { transformation: [-0.9279133880020864f,-0.09648666542547142f,0.3600931376207587f,0.42530415511989456f,0f,0.9659258262890683f,0.25881904510252074f,1.4617861661863933f,-0.3727958481079014f,0.24016165702054487f,-0.8962955060306043f,-1.2821437398654418f,0f,0f,0f,1f], start_interpolation: 0, interpolation_duration: 1 }
$data merge entity $(item_display_r_item) { transformation: [-0.4059621072509128f,-0.16309197326813815f,0.001423282088445015f,0.04213518876016453f,0f,0.003817859280538614f,0.4374833413405749f,0.7141105704481476f,-0.16309818354720687f,0.4059466494578061f,-0.0035426427399197938f,-1.1666713869124794f,0f,0f,0f,1f], start_interpolation: 0, interpolation_duration: 1 }
$data merge entity $(bone_rightarm) { transformation: [-0.9279133880020864f,0.0032532162021599517f,0.3727816531843158f,0.13736386218259344f,0f,0.9999619230641713f,-0.008726535498373753f,1.3369051384886612f,-0.3727958481079014f,-0.008097469119816465f,-0.9278780559035569f,-1.403701819088254f,0f,0f,0f,1f], start_interpolation: 0, interpolation_duration: 1 }
$data merge entity $(item_display_l_item) { transformation: [-0.4059621072509128f,-0.16259540627859784f,-0.01279653599596786f,0.5961237060286333f,0f,-0.03432585438093198f,0.43615133350824353f,0.688764607552828f,-0.16309818354720687f,0.4047106615572622f,0.031851419834676854f,-0.8690644296723049f,0f,0f,0f,1f], start_interpolation: 0, interpolation_duration: 1 }
$data merge entity $(bone_leftarm) { transformation: [-0.9279133880020864f,-0.029249225133640908f,0.3716466429225093f,0.670754601050735f,0f,0.9969173337331281f,0.07845909572784476f,1.3314527150679942f,-0.3727958481079014f,0.07280324533640445f,-0.9250529407023136f,-1.0548256365126305f,0f,0f,0f,1f], start_interpolation: 0, interpolation_duration: 1 }
$data merge entity $(bone_body) { transformation: [-0.9279133880020864f,-0.016261126506807513f,0.3724410290652993f,0.43750000000000017f,0f,0.9990482215818578f,0.043619387365336f,0.7125f,-0.3727958481079014f,0.04047501351274433f,-0.9270302200654809f,-1.3125f,0f,0f,0f,1f], start_interpolation: -1, interpolation_duration: 0 }
$data merge entity $(bone_leftleg) { transformation: [-0.9279133880020864f,0.03249129903508719f,0.37137724735570704f,0.553489173500261f,0f,0.9961946980917455f,-0.08715574274765787f,0.7333333333333333f,-0.3727958481079014f,-0.08087298053681749f,-0.9243823974160272f,-1.2659005189865122f,0f,0f,0f,1f], start_interpolation: -1, interpolation_duration: 0 }
$data merge entity $(bone_rightleg) { transformation: [-0.9279133880020864f,-0.03249129903508719f,0.37137724735570704f,0.3215108264997394f,0f,0.9961946980917455f,0.08715574274765787f,0.8166666666666668f,-0.3727958481079014f,0.08087298053681749f,-0.9243823974160272f,-1.3590994810134878f,0f,0f,0f,1f], start_interpolation: -1, interpolation_duration: 0 }