# This file was generated by Animated Java via MC-Build. It is not recommended to edit this file directly.
$data merge entity $(bone_left_eye) { transformation: [-0.9336452747671518f,-0.07752844641604367f,0.34970822252455597f,0.42982599204942873f,0f,0.9762960071199333f,0.21643961393810307f,1.65085829072441f,-0.3581989683192426f,0.2020778228257365f,-0.9115141538215632f,-0.9435296428777386f,0f,0f,0f,1f], start_interpolation: 0, interpolation_duration: 1 }
$data merge entity $(bone_right_eye) { transformation: [-0.9336452747671518f,-0.07752844641604367f,0.34970822252455597f,0.19641467335764082f,0f,0.9762960071199333f,0.21643961393810307f,1.65085829072441f,-0.3581989683192426f,0.2020778228257365f,-0.9115141538215632f,-1.0330793849575493f,0f,0f,0f,1f], start_interpolation: 0, interpolation_duration: 1 }
$data merge entity $(bone_right_close) { transformation: [-0.9336452747671518f,-0.07752844641604367f,0.34970822252455597f,0.19011548708633727f,0f,0.9762960071199333f,0.21643961393810307f,1.7301823413029047f,-0.3581989683192426f,0.2020778228257365f,-0.9115141538215632f,-1.016660561852958f,0f,0f,0f,1f], start_interpolation: 0, interpolation_duration: 1 }
$data merge entity $(bone_left_close) { transformation: [-0.9336452747671518f,-0.07752844641604367f,0.34970822252455597f,0.4235268057781252f,0f,0.9762960071199333f,0.21643961393810307f,1.7301823413029047f,-0.3581989683192426f,0.2020778228257365f,-0.9115141538215632f,-0.9271108197731474f,0f,0f,0f,1f], start_interpolation: 0, interpolation_duration: 1 }
$data merge entity $(bone_left_eyebrow) { transformation: [-0.9218979219600276f,0.1667584498143901f,0.34970822252455597f,0.42350494901421737f,0.2526840003001849f,0.9430295273800396f,0.21643961393810307f,1.7301688138270335f,-0.2936920453095027f,0.2879009029247399f,-0.9115141538215632f,-0.9270538501385335f,0f,0f,0f,1f], start_interpolation: 0, interpolation_duration: 1 }
$data merge entity $(bone_right_eyebrow) { transformation: [-0.8817662450206629f,-0.31653190714503954f,0.34970822252455597f,0.19009363032242943f,-0.2526840003001849f,0.9430295273800396f,0.21643961393810307f,1.7301688138270335f,-0.3982952235898097f,0.10248347305055104f,-0.9115141538215632f,-1.016603592218344f,0f,0f,0f,1f], start_interpolation: 0, interpolation_duration: 1 }
$data merge entity $(bone_talking) { transformation: [-0.9336452747671518f,-0.07752844641604367f,0.34970822252455597f,0.4417862638464694f,0f,0.9762960071199333f,0.21643961393810307f,1.474421668300084f,-0.3581989683192426f,0.2020778228257365f,-0.9115141538215632f,-1.3236721426933165f,0f,0f,0f,1f], start_interpolation: 0, interpolation_duration: 1 }
$data merge entity $(bone_m_opened) { transformation: [-0.9336452747671518f,-0.07752844641604367f,0.34970822252455597f,0.44287910204185865f,0f,0.9762960071199333f,0.21643961393810307f,1.4750980420936406f,-0.3581989683192426f,0.2020778228257365f,-0.9115141538215632f,-1.3265206244240089f,0f,0f,0f,1f], start_interpolation: 0, interpolation_duration: 1 }
$data merge entity $(bone_head) { transformation: [-0.9336452747671518f,-0.07752844641604367f,0.34970822252455597f,0.41992949993868467f,0f,0.9762960071199333f,0.21643961393810307f,1.4608941924289525f,-0.3581989683192426f,0.2020778228257365f,-0.9115141538215632f,-1.2667025080794687f,0f,0f,0f,1f], start_interpolation: 0, interpolation_duration: 1 }
$data merge entity $(item_display_r_item) { transformation: [-0.4084698077106289f,-0.15562579232884108f,-0.018419526347392638f,0.06847835313063032f,0f,-0.05142261138780375f,0.43446744991778025f,0.6861096920628389f,-0.15671204863966864f,0.4056384816558697f,0.0480104781384105f,-1.2230655802508386f,0f,0f,0f,1f], start_interpolation: 0, interpolation_duration: 1 }
$data merge entity $(bone_rightarm) { transformation: [-0.9336452747671518f,-0.042101774508326105f,0.35571609675163673f,0.13109376825083568f,0f,0.9930684569549263f,0.11753739745783735f,1.3361618270241271f,-0.3581989683192426f,0.10973823574493849f,-0.9271736723562736f,-1.3862726009993205f,0f,0f,0f,1f], start_interpolation: 0, interpolation_duration: 1 }
$data merge entity $(item_display_l_item) { transformation: [-0.4084698077106289f,-0.15669862273827934f,0.002051297337850142f,0.5774705654717613f,0f,0.005726698062463253f,0.43746251831362803f,0.7063123800294411f,-0.15671204863966864f,0.4084348131112574f,-0.005346704586037021f,-0.8049129910425634f,0f,0f,0f,1f], start_interpolation: 0, interpolation_duration: 1 }
$data merge entity $(bone_leftarm) { transformation: [-0.9336452747671518f,0.004688679629371674f,0.35816828054463845f,0.6699430603762783f,0f,0.999914327574007f,-0.013089595571344356f,1.3279864358703595f,-0.3581989683192426f,-0.012221039053798698f,-0.9335652871114455f,-1.045942462229049f,0f,0f,0f,1f], start_interpolation: 0, interpolation_duration: 1 }
$data merge entity $(bone_body) { transformation: [-0.9336452747671518f,-0.02342733341508731f,0.357432036832218f,0.43750000000000017f,0f,0.9978589232386035f,0.06540312923014296f,0.7125f,-0.3581989683192426f,0.061063322560708365f,-0.9316462685659601f,-1.3125f,0f,0f,0f,1f], start_interpolation: 0, interpolation_duration: 1 }
$data merge entity $(bone_leftleg) { transformation: [-0.9336452747671518f,-0.03121909713530836f,0.3568359131015626f,0.5542056593458942f,0f,0.9961946980917455f,0.08715574274765787f,0.7125f,-0.3581989683192426f,0.08137254738517223f,-0.9300924726214476f,-1.2677251289600946f,0f,0f,0f,1f], start_interpolation: 0, interpolation_duration: 1 }
$data merge entity $(bone_rightleg) { transformation: [-0.9336452747671518f,0.03121909713530836f,0.3568359131015626f,0.32079434065410617f,0f,0.9961946980917455f,-0.08715574274765787f,0.8375f,-0.3581989683192426f,-0.08137254738517223f,-0.9300924726214476f,-1.3572748710399054f,0f,0f,0f,1f], start_interpolation: 0, interpolation_duration: 1 }