# This file was generated by Animated Java via MC-Build. It is not recommended to edit this file directly.
$data merge entity $(bone_left_eye) { transformation: [-0.9377677740866459f,-0.060301589800302896f,0.34198730992850246f,0.431449272299775f,0f,0.9848077530122081f,0.17364817766693036f,1.6624359174051289f,-0.3472630154286195f,0.1628416650449197f,-0.9235209744455297f,-0.9362025780423054f,0f,0f,0f,1f], start_interpolation: 0, interpolation_duration: 1 }
$data merge entity $(bone_right_eye) { transformation: [-0.9377677740866459f,-0.060301589800302896f,0.34198730992850246f,0.1970073287781135f,0f,0.9848077530122081f,0.17364817766693036f,1.6624359174051289f,-0.3472630154286195f,0.1628416650449197f,-0.9235209744455297f,-1.0230183318994603f,0f,0f,0f,1f], start_interpolation: 0, interpolation_duration: 1 }
$data merge entity $(bone_right_close) { transformation: [-0.9377677740866459f,-0.060301589800302896f,0.34198730992850246f,0.19210782460683884f,0f,0.9848077530122081f,0.17364817766693036f,1.7424515473373707f,-0.3472630154286195f,0.1628416650449197f,-0.9235209744455297f,-1.0097874466145607f,0f,0f,0f,1f], start_interpolation: 0, interpolation_duration: 1 }
$data merge entity $(bone_left_close) { transformation: [-0.9377677740866459f,-0.060301589800302896f,0.34198730992850246f,0.4265497681285003f,0f,0.9848077530122081f,0.17364817766693036f,1.7424515473373707f,-0.3472630154286195f,0.1628416650449197f,-0.9235209744455297f,-0.9229716927574058f,0f,0f,0f,1f], start_interpolation: 0, interpolation_duration: 1 }
$data merge entity $(bone_left_eyebrow) { transformation: [-0.921421311942182f,0.1844652968626201f,0.34198730992850246f,0.4265283939216298f,0.2548870022441788f,0.9512512425641978f,0.17364817766693036f,1.7424406943262667f,-0.2932837908676921f,0.24717125191545897f,-0.9235209744455297f,-0.9229139726965028f,0f,0f,0f,1f], start_interpolation: 0, interpolation_duration: 1 }
$data merge entity $(bone_right_eyebrow) { transformation: [-0.8902069121616255f,-0.3009590227714241f,0.34198730992850246f,0.19208645039996833f,-0.2548870022441788f,0.9512512425641978f,0.17364817766693036f,1.7424406943262667f,-0.3775768393673534f,0.06741468781014454f,-0.9235209744455297f,-1.0097297265536576f,0f,0f,0f,1f], start_interpolation: 0, interpolation_duration: 1 }
$data merge entity $(bone_talking) { transformation: [-0.9377677740866459f,-0.060301589800302896f,0.34198730992850246f,0.4361747323416769f,0f,0.9848077530122081f,0.17364817766693036f,1.4704990346729925f,-0.3472630154286195f,0.1628416650449197f,-0.9235209744455297f,-1.3089211757463408f,0f,0f,0f,1f], start_interpolation: 0, interpolation_duration: 1 }
$data merge entity $(bone_m_opened) { transformation: [-0.9377677740866459f,-0.060301589800302896f,0.34198730992850246f,0.4372434426852035f,0f,0.9848077530122081f,0.17364817766693036f,1.4710416852282016f,-0.3472630154286195f,0.1628416650449197f,-0.9235209744455297f,-1.3118071787914831f,0f,0f,0f,1f], start_interpolation: 0, interpolation_duration: 1 }
$data merge entity $(bone_head) { transformation: [-0.9377677740866459f,-0.060301589800302896f,0.34198730992850246f,0.41480052547114554f,0f,0.9848077530122081f,0.17364817766693036f,1.4596460235688093f,-0.3472630154286195f,0.1628416650449197f,-0.9235209744455297f,-1.2512011148434952f,0f,0f,0f,1f], start_interpolation: 0, interpolation_duration: 1 }
$data merge entity $(item_display_r_item) { transformation: [-0.41027340116290756f,-0.14741467114679588f,-0.03675460554681489f,0.09380096623544429f,0f,-0.1058408293248547f,0.42450438024574844f,0.6682063834849262f,-0.15192756925002102f,0.3980865277530866f,0.09925411892345358f,-1.2842508706275264f,0f,0f,0f,1f], start_interpolation: 0, interpolation_duration: 1 }
$data merge entity $(bone_rightarm) { transformation: [-0.9377677740866459f,-0.0840105269641484f,0.33694781976410487f,0.12553134182387776f,0f,0.9702957262759964f,0.2419218955996681f,1.335121686307341f,-0.3472630154286195f,0.22686655753932267f,-0.9099120634356266f,-1.3699372880243563f,0f,0f,0f,1f], start_interpolation: 0, interpolation_duration: 1 }
$data merge entity $(item_display_l_item) { transformation: [-0.41027340116290756f,-0.15109529412922548f,0.01588075534169479f,0.5593665423572423f,0f,0.04573120267959864f,0.43510332922361955f,0.7287831496756263f,-0.15192756925002102f,0.4080258805437228f,-0.04288524814315248f,-0.7417007065786794f,0f,0f,0f,1f], start_interpolation: 0, interpolation_duration: 1 }
$data merge entity $(bone_leftarm) { transformation: [-0.9377677740866459f,0.036298869352445154f,0.34536067229537254f,0.6683935037763636f,0f,0.9945218953682733f,-0.10452846326765382f,1.3242272184638837f,-0.3472630154286195f,-0.09802342432720546f,-0.9326305840999378f,-1.0361229928081672f,0f,0f,0f,1f], start_interpolation: 0, interpolation_duration: 1 }
$data merge entity $(bone_body) { transformation: [-0.9377677740866459f,-0.030265966038472814f,0.34594157481334276f,0.43750000000000017f,0f,0.9961946980917455f,0.08715574274765818f,0.7125f,-0.3472630154286195f,0.08173184687533974f,-0.9341992845864144f,-1.3125f,0f,0f,0f,1f], start_interpolation: 0, interpolation_duration: 1 }
$data merge entity $(bone_leftleg) { transformation: [-0.9377677740866459f,-0.08987828205265745f,0.3354303151175227f,0.5547209717608309f,0f,0.9659258262890681f,0.2588190451025214f,0.7437500000000001f,-0.3472630154286195f,0.2427121598170227f,-0.9058141120519035f,-1.2690921230714225f,0f,0f,0f,1f], start_interpolation: 0, interpolation_duration: 1 }
$data merge entity $(bone_rightleg) { transformation: [-0.9377677740866459f,0.08987828205265745f,0.3354303151175227f,0.3202790282391694f,0f,0.9659258262890681f,-0.2588190451025214f,0.8062499999999999f,-0.3472630154286195f,-0.2427121598170227f,-0.9058141120519035f,-1.3559078769285775f,0f,0f,0f,1f], start_interpolation: 0, interpolation_duration: 1 }