# This file was generated by Animated Java via MC-Build. It is not recommended to edit this file directly.
$data merge entity $(bone_left_eye) { transformation: [-0.9407931509546555f,-0.0685479532910221f,0.3319780492990802f,0.4073287125258202f,0f,0.9793406217655515f,0.2022175723320378f,1.6572984498838077f,-0.3389811899159166f,0.19024490705265884f,-0.9213569494087047f,-0.853459796231598f,0f,0f,0f,1f], start_interpolation: 0, interpolation_duration: 1 }
$data merge entity $(bone_right_eye) { transformation: [-0.9407931509546555f,-0.0685479532910221f,0.3319780492990802f,0.1721304247871563f,0f,0.9793406217655515f,0.2022175723320378f,1.6572984498838077f,-0.3389811899159166f,0.19024490705265884f,-0.9213569494087047f,-0.938205093710577f,0f,0f,0f,1f], start_interpolation: 0, interpolation_duration: 1 }
$data merge entity $(bone_right_close) { transformation: [-0.9407931509546555f,-0.0685479532910221f,0.3319780492990802f,0.16656090358226072f,0f,0.9793406217655515f,0.2022175723320378f,1.7368698754022587f,-0.3389811899159166f,0.19024490705265884f,-0.9213569494087047f,-0.9227476950125485f,0f,0f,0f,1f], start_interpolation: 0, interpolation_duration: 1 }
$data merge entity $(bone_left_close) { transformation: [-0.9407931509546555f,-0.0685479532910221f,0.3319780492990802f,0.40175919132092464f,0f,0.9793406217655515f,0.2022175723320378f,1.7368698754022587f,-0.3389811899159166f,0.19024490705265884f,-0.9213569494087047f,-0.8380023975335694f,0f,0f,0f,1f], start_interpolation: 0, interpolation_duration: 1 }
$data merge entity $(bone_left_eyebrow) { transformation: [-0.9264779175174864f,0.17728294654602061f,0.3319780492990802f,0.4017384426928434f,0.253472004555469f,0.9459703992973403f,0.2022175723320378f,1.736857236803988f,-0.2781916807869963f,0.27149725692388027f,-0.9213569494087047f,-0.8379448127242312f,0f,0f,0f,1f], start_interpolation: 0, interpolation_duration: 1 }
$data merge entity $(bone_right_eyebrow) { transformation: [-0.8909948858884573f,-0.3097074233921306f,0.3319780492990802f,0.1665401549541795f,-0.253472004555469f,0.9459703992973403f,0.2022175723320378f,1.736857236803988f,-0.3766696911449703f,0.09602768116037272f,-0.9213569494087047f,-0.9226901102032103f,0f,0f,0f,1f], start_interpolation: 0, interpolation_duration: 1 }
$data merge entity $(bone_talking) { transformation: [-0.9407931509546555f,-0.0685479532910221f,0.3319780492990802f,0.4106096973852063f,0f,0.9793406217655515f,0.2022175723320378f,1.4756562857961817f,-0.3389811899159166f,0.19024490705265884f,-0.9213569494087047f,-1.2313177184244724f,0f,0f,0f,1f], start_interpolation: 0, interpolation_duration: 1 }
$data merge entity $(bone_m_opened) { transformation: [-0.9407931509546555f,-0.0685479532910221f,0.3319780492990802f,0.41164712878926596f,0f,0.9793406217655515f,0.2022175723320378f,1.4762882157097192f,-0.3389811899159166f,0.19024490705265884f,-0.9213569494087047f,-1.2341969588913746f,0f,0f,0f,1f], start_interpolation: 0, interpolation_duration: 1 }
$data merge entity $(bone_head) { transformation: [-0.9407931509546555f,-0.0685479532910221f,0.3319780492990802f,0.3898610693040138f,0f,0.9793406217655515f,0.2022175723320378f,1.4630176875254293f,-0.3389811899159166f,0.19024490705265884f,-0.9213569494087047f,-1.1737329090864284f,0f,0f,0f,1f], start_interpolation: 0, interpolation_duration: 1 }
$data merge entity $(item_display_r_item) { transformation: [-0.4115970035426618f,-0.14008339963577726f,-0.04869083919162983f,0.08845260506983575f,0f,-0.14363876415593288f,0.41324829755457715f,0.6659140683422143f,-0.1483042705882135f,0.3887811679830177f,0.1351343655294927f,-1.2590974722821082f,0f,0f,0f,1f], start_interpolation: 0, interpolation_duration: 1 }
$data merge entity $(bone_rightarm) { transformation: [-0.9407931509546555f,-0.11129334672372539f,0.3201906277389195f,0.09894192030223725f,0f,0.9445675372676048f,0.3283171752135611f,1.3383480729378576f,-0.3389811899159166f,0.3088785497816978f,-0.8886426696754689f,-1.2882090460874143f,0f,0f,0f,1f], start_interpolation: 0, interpolation_duration: 1 }
$data merge entity $(item_display_l_item) { transformation: [-0.4115970035426618f,-0.14430670978094337f,0.03420131849652334f,0.5133569819083565f,0f,0.10089444344981761f,0.42570713087867296f,0.7787667501707514f,-0.1483042705882135f,0.40050235304321263f,-0.09492080136697023f,-0.5945978505906009f,0f,0f,0f,1f], start_interpolation: 0, interpolation_duration: 1 }
$data merge entity $(bone_leftarm) { transformation: [-0.9407931509546555f,0.07817444227776754f,0.3298439080707277f,0.6446769853496432f,0f,0.9730448705798239f,-0.23061587074244005f,1.3292658265975312f,-0.3389811899159166f,-0.21696183169593175f,-0.9154339498130575f,-0.9590574828538225f,0f,0f,0f,1f], start_interpolation: 0, interpolation_duration: 1 }
$data merge entity $(bone_body) { transformation: [-0.9407931509546555f,-0.024629685372426383f,0.33808523439402965f,0.4083333333333336f,0f,0.9973569167005722f,0.07265797072261064f,0.715f,-0.3389811899159166f,0.06835612121809598f,-0.9383065562891513f,-1.2250000000000003f,0f,0f,0f,1f], start_interpolation: 0, interpolation_duration: 1 }
$data merge entity $(bone_leftleg) { transformation: [-0.9407931509546555f,-0.14325964124505858f,0.3072212920797447f,0.5259324772026656f,0f,0.9063077870366499f,0.42261826174069944f,0.7775f,-0.3389811899159166f,0.397596366114012f,-0.8526481587009508f,-1.1826273512605108f,0f,0f,0f,1f], start_interpolation: 0, interpolation_duration: 1 }
$data merge entity $(bone_rightleg) { transformation: [-0.9407931509546555f,0.14325964124505858f,0.3072212920797447f,0.29073418946400165f,0f,0.9063077870366499f,-0.42261826174069944f,0.7775f,-0.3389811899159166f,-0.397596366114012f,-0.8526481587009508f,-1.2673726487394898f,0f,0f,0f,1f], start_interpolation: 0, interpolation_duration: 1 }