# This file was generated by Animated Java via MC-Build. It is not recommended to edit this file directly.
$data merge entity $(bone_left_eye) { transformation: [-0.9431668187223724f,-0.07663818624241886f,0.32336193417066256f,0.3825704868591395f,0f,0.9730448705798238f,0.23061587074244f,1.651838368662797f,-0.33231965343795056f,0.21750923715503695f,-0.917743635058895f,-0.7710166202852862f,0f,0f,0f,1f], start_interpolation: 0, interpolation_duration: 1 }
$data merge entity $(bone_right_eye) { transformation: [-0.9431668187223724f,-0.07663818624241886f,0.32336193417066256f,0.14677878217854645f,0f,0.9730448705798238f,0.23061587074244f,1.651838368662797f,-0.33231965343795056f,0.21750923715503695f,-0.917743635058895f,-0.8540965336447739f,0f,0f,0f,1f], start_interpolation: 0, interpolation_duration: 1 }
$data merge entity $(bone_right_close) { transformation: [-0.9431668187223724f,-0.07663818624241886f,0.32336193417066256f,0.14055192954634993f,0f,0.9730448705798238f,0.23061587074244f,1.7308982643974078f,-0.33231965343795056f,0.21750923715503695f,-0.917743635058895f,-0.836423908125927f,0f,0f,0f,1f], start_interpolation: 0, interpolation_duration: 1 }
$data merge entity $(bone_left_close) { transformation: [-0.9431668187223724f,-0.07663818624241886f,0.32336193417066256f,0.376343634226943f,0f,0.9730448705798238f,0.23061587074244f,1.7308982643974078f,-0.33231965343795056f,0.21750923715503695f,-0.917743635058895f,-0.7533439947664393f,0f,0f,0f,1f], start_interpolation: 0, interpolation_duration: 1 }
$data merge entity $(bone_left_eyebrow) { transformation: [-0.9308646108844915f,0.17008273202260277f,0.32336193417066256f,0.37632342410605735f,0.2518425442453759f,0.9398891706311558f,0.23061587074244f,1.7308838509054865f,-0.2647006027777048f,0.29610844499609495f,-0.917743635058895f,-0.753286635789248f,0f,0f,0f,1f], start_interpolation: 0, interpolation_duration: 1 }
$data merge entity $(bone_right_eyebrow) { transformation: [-0.8911937665211874f,-0.31813633876561065f,0.32336193417066256f,0.14053171942546422f,-0.2518425442453759f,0.9398891706311558f,0.23061587074244f,1.7308838509054865f,-0.3772916689005936f,0.12408713425287299f,-0.917743635058895f,-0.8363665491487358f,0f,0f,0f,1f], start_interpolation: 0, interpolation_duration: 1 }
$data merge entity $(bone_talking) { transformation: [-0.9431668187223724f,-0.07663818624241886f,0.32336193417066256f,0.38488478550777977f,0f,0.9730448705798238f,0.23061587074244f,1.4806446106248536f,-0.33231965343795056f,0.21750923715503695f,-0.917743635058895f,-1.1537287722096938f,0f,0f,0f,1f], start_interpolation: 0, interpolation_duration: 1 }
$data merge entity $(bone_m_opened) { transformation: [-0.9431668187223724f,-0.07663818624241886f,0.32336193417066256f,0.3858952915520631f,0f,0.9730448705798238f,0.23061587074244f,1.4813652852209238f,-0.33231965343795056f,0.21750923715503695f,-0.917743635058895f,-1.156596721069253f,0f,0f,0f,1f], start_interpolation: 0, interpolation_duration: 1 }
$data merge entity $(bone_head) { transformation: [-0.9431668187223724f,-0.07663818624241886f,0.32336193417066256f,0.36467466462211334f,0f,0.9730448705798238f,0.23061587074244f,1.4662311187034511f,-0.33231965343795056f,0.21750923715503695f,-0.917743635058895f,-1.096369795018513f,0f,0f,0f,1f], start_interpolation: 0, interpolation_duration: 1 }
$data merge entity $(item_display_r_item) { transformation: [-0.41263548319103793f,-0.14203446484358623f,-0.031055093113605912f,0.03555223483999489f,0f,-0.0934494628660426f,0.42740314445503097f,0.6774669852031883f,-0.14538984837910338f,0.40311246406759016f,0.08813843260267988f,-1.1026367879895165f,0f,0f,0f,1f], start_interpolation: 0, interpolation_duration: 1 }
$data merge entity $(bone_rightarm) { transformation: [-0.9431668187223724f,-0.07098306997395644f,0.32465020535676853f,0.07235036744546425f,0f,0.9769214730400708f,0.21359877226524043f,1.3414425989195427f,-0.33231965343795056f,0.20145927452041135f,-0.9213999178687775f,-1.2070747208814538f,0f,0f,0f,1f], start_interpolation: 0, interpolation_duration: 1 }
$data merge entity $(item_display_l_item) { transformation: [-0.41263548319103793f,-0.14409020590850097f,0.019396406186313376f,0.5103135392854469f,0f,0.05836671405272453f,0.43358917962823684f,0.7481137895812374f,-0.14538984837910338f,0.4089469271824075f,-0.055049548012386595f,-0.5693523764288583f,0f,0f,0f,1f], start_interpolation: 0, interpolation_duration: 1 }
$data merge entity $(bone_leftarm) { transformation: [-0.9431668187223724f,0.04433464271157336f,0.3293490420765737f,0.6203599514993237f,0f,0.9910609820073986f,-0.133409632120513f,1.3341744953057333f,-0.33231965343795056f,-0.1258275383140263f,-0.9347358335597885f,-0.8816785462650718f,0f,0f,0f,1f], start_interpolation: 0, interpolation_duration: 1 }
$data merge entity $(bone_body) { transformation: [-0.9431668187223724f,-0.01932266939273828f,0.33175742118098656f,0.37916666666666704f,0f,0.9983081582712682f,0.058144828910475906f,0.7175f,-0.33231965343795056f,0.054840273308650184f,-0.9415711297413026f,-1.1375000000000006f,0f,0f,0f,1f], start_interpolation: 0, interpolation_duration: 1 }
$data merge entity $(bone_leftleg) { transformation: [-0.9431668187223724f,-0.0860106553716112f,0.32099613583914915f,0.4970625190069636f,0f,0.9659258262890681f,0.2588190451025214f,0.8008333333333333f,-0.33231965343795056f,0.24410953539410735f,-0.9110291887028392f,-1.0959600433202568f,0f,0f,0f,1f], start_interpolation: 0, interpolation_duration: 1 }
$data merge entity $(bone_rightleg) { transformation: [-0.9431668187223724f,0.0860106553716112f,0.32099613583914915f,0.2612708143263705f,0f,0.9659258262890681f,-0.2588190451025214f,0.7591666666666668f,-0.33231965343795056f,-0.24410953539410735f,-0.9110291887028392f,-1.1790399566797445f,0f,0f,0f,1f], start_interpolation: 0, interpolation_duration: 1 }