# This file was generated by Animated Java via MC-Build. It is not recommended to edit this file directly.
$data merge entity $(bone_left_eye) { transformation: [-0.9452910557512494f,-0.08443406384763252f,0.3151122161688791f,0.35760240722634273f,0f,0.9659258262890683f,0.25881904510252074f,1.6460628614830304f,-0.3262281715558736f,0.24465932839349208f,-0.9130810441101913f,-0.6888616228792444f,0f,0f,0f,1f], start_interpolation: 0, interpolation_duration: 1 }
$data merge entity $(bone_right_eye) { transformation: [-0.9452910557512494f,-0.08443406384763252f,0.3151122161688791f,0.1212796432885304f,0f,0.9659258262890683f,0.25881904510252074f,1.6460628614830304f,-0.3262281715558736f,0.24465932839349208f,-0.9130810441101913f,-0.7704186657682128f,0f,0f,0f,1f], start_interpolation: 0, interpolation_duration: 1 }
$data merge entity $(bone_right_close) { transformation: [-0.9452910557512494f,-0.08443406384763252f,0.3151122161688791f,0.11441937560091027f,0f,0.9659258262890683f,0.25881904510252074f,1.724544334869017f,-0.3262281715558736f,0.24465932839349208f,-0.9130810441101913f,-0.7505400953362416f,0f,0f,0f,1f], start_interpolation: 0, interpolation_duration: 1 }
$data merge entity $(bone_left_close) { transformation: [-0.9452910557512494f,-0.08443406384763252f,0.3151122161688791f,0.35074213953872263f,0f,0.9659258262890683f,0.25881904510252074f,1.724544334869017f,-0.3262281715558736f,0.24465932839349208f,-0.9130810441101913f,-0.6689830524472731f,0f,0f,0f,1f], start_interpolation: 0, interpolation_duration: 1 }
$data merge entity $(bone_left_eyebrow) { transformation: [-0.9349341878893608f,0.16310228550452366f,0.3151122161688791f,0.35072244502521205f,0.24999999999999997f,0.9330127018922194f,0.25881904510252074f,1.7245281586786985f,-0.2517897224186515f,0.3207568277854449f,-0.9130810441101913f,-0.6689259848820163f,0f,0f,0f,1f], start_interpolation: 0, interpolation_duration: 1 }
$data merge entity $(bone_right_eyebrow) { transformation: [-0.8912279003310218f,-0.32621637128246045f,0.3151122161688791f,0.11439968108739969f,-0.24999999999999997f,0.9330127018922194f,0.25881904510252074f,1.7245281586786985f,-0.37843470991910677f,0.15188870009017982f,-0.9130810441101913f,-0.7504830277709846f,0f,0f,0f,1f], start_interpolation: 0, interpolation_duration: 1 }
$data merge entity $(bone_talking) { transformation: [-0.9452910557512494f,-0.08443406384763252f,0.3151122161688791f,0.35902210877211943f,0f,0.9659258262890683f,0.25881904510252074f,1.485462356505301f,-0.3262281715558736f,0.24465932839349208f,-0.9130810441101913f,-1.0761428027065365f,0f,0f,0f,1f], start_interpolation: 0, interpolation_duration: 1 }
$data merge entity $(bone_m_opened) { transformation: [-0.9452910557512494f,-0.08443406384763252f,0.3151122161688791f,0.3600068344476472f,0f,0.9659258262890683f,0.25881904510252074f,1.4862711660212462f,-0.3262281715558736f,0.24465932839349208f,-0.9130810441101913f,-1.0789961809693809f,0f,0f,0f,1f], start_interpolation: 0, interpolation_duration: 1 }
$data merge entity $(bone_head) { transformation: [-0.9452910557512494f,-0.08443406384763252f,0.3151122161688791f,0.3393275952615645f,0f,0.9659258262890683f,0.25881904510252074f,1.4692861661863934f,-0.3262281715558736f,0.24465932839349208f,-0.9130810441101913f,-1.0190752374496495f,0f,0f,0f,1f], start_interpolation: 0, interpolation_duration: 1 }
$data merge entity $(item_display_r_item) { transformation: [-0.4135648368911716f,-0.14206774827305915f,-0.01367956826078032f,-0.015936455606833086f,0f,-0.04193251672759782f,0.4354858367856407f,0.6983210763791184f,-0.1427248250556947f,0.4116608664198146f,0.03963843300773787f,-0.9475672202094594f,0f,0f,0f,1f], start_interpolation: 0, interpolation_duration: 1 }
$data merge entity $(bone_rightarm) { transformation: [-0.9452910557512494f,-0.031267584596069375f,0.32472628176699236f,0.045702874462371645f,0f,0.9953961983671787f,0.0958457525202238f,1.344405138488661f,-0.3262281715558736f,0.09060213258911533f,-0.9409391232452905f,-1.126175668152585f,0f,0f,0f,1f], start_interpolation: 0, interpolation_duration: 1 }
$data merge entity $(item_display_l_item) { transformation: [-0.4135648368911716f,-0.14263788094856647f,0.004981024561396251f,0.5071469650635917f,0f,0.015268529807344194f,0.4372334868208544f,0.7230583223566844f,-0.1427248250556947f,0.41331290436668544f,-0.01443320466135381f,-0.547436476117291f,0f,0f,0f,1f], start_interpolation: 0, interpolation_duration: 1 }
$data merge entity $(bone_leftarm) { transformation: [-0.9452910557512494f,0.011385198997477072f,0.32602944216815194f,0.5957700749790529f,0f,0.9993908270190958f,-0.034899496702500796f,1.338952715067994f,-0.3262281715558736f,-0.03299018208309421f,-0.9447152099809953f,-0.8042341424144737f,0f,0f,0f,1f], start_interpolation: 0, interpolation_duration: 1 }
$data merge entity $(bone_body) { transformation: [-0.9452910557512494f,-0.014229872984580937f,0.3259176746227967f,0.3500000000000002f,0f,0.9990482215818578f,0.043619387365336f,0.72f,-0.3262281715558736f,0.04123301673380118f,-0.9443913481255225f,-1.0500000000000003f,0f,0f,0f,1f], start_interpolation: 0, interpolation_duration: 1 }
$data merge entity $(bone_leftleg) { transformation: [-0.9452910557512494f,-0.028432658597162517f,0.3249867748721256f,0.4681613819689064f,0f,0.9961946980917455f,0.08715574274765787f,0.8241666666666667f,-0.3262281715558736f,0.0823875440767178f,-0.9416939378929433f,-1.009221478555516f,0f,0f,0f,1f], start_interpolation: 0, interpolation_duration: 1 }
$data merge entity $(bone_rightleg) { transformation: [-0.9452910557512494f,0.028432658597162517f,0.3249867748721256f,0.231838618031094f,0f,0.9961946980917455f,-0.08715574274765787f,0.7408333333333332f,-0.3262281715558736f,-0.0823875440767178f,-0.9416939378929433f,-1.0907785214444845f,0f,0f,0f,1f], start_interpolation: 0, interpolation_duration: 1 }