# This file was generated by Animated Java via MC-Build. It is not recommended to edit this file directly.
$data merge entity $(bone_left_eye) { transformation: [-0.9475372387892631f,-0.06918392675859762f,0.31206852674673896f,0.3282830178012529f,0f,0.9762960071199333f,0.21643961393810307f,1.6608582907244103f,-0.31964539900899425f,0.20508459415552427f,-0.9250768228274042f,-0.5935250455189638f,0f,0f,0f,1f], start_interpolation: 0, interpolation_duration: 1 }
$data merge entity $(bone_right_eye) { transformation: [-0.9475372387892631f,-0.06918392675859762f,0.31206852674673896f,0.09139870810393713f,0f,0.9762960071199333f,0.21643961393810307f,1.6608582907244103f,-0.31964539900899425f,0.20508459415552427f,-0.9250768228274042f,-0.6734363952712124f,0f,0f,0f,1f], start_interpolation: 0, interpolation_duration: 1 }
$data merge entity $(bone_right_close) { transformation: [-0.9475372387892631f,-0.06918392675859762f,0.31206852674673896f,0.08577751405480105f,0f,0.9762960071199333f,0.21643961393810307f,1.740182341302905f,-0.31964539900899425f,0.20508459415552427f,-0.9250768228274042f,-0.6567732719960759f,0f,0f,0f,1f], start_interpolation: 0, interpolation_duration: 1 }
$data merge entity $(bone_left_close) { transformation: [-0.9475372387892631f,-0.06918392675859762f,0.31206852674673896f,0.3226618237521168f,0f,0.9762960071199333f,0.21643961393810307f,1.740182341302905f,-0.31964539900899425f,0.20508459415552427f,-0.9250768228274042f,-0.5768619222438274f,0f,0f,0f,1f], start_interpolation: 0, interpolation_duration: 1 }
$data merge entity $(bone_left_eyebrow) { transformation: [-0.9331568081772842f,0.17841414172229547f,0.31206852674673896f,0.32264231946919514f,0.2526840003001849f,0.9430295273800396f,0.21643961393810307f,1.7401688138270337f,-0.2556739473326909f,0.2808268230117551f,-0.9250768228274042f,-0.5768041049424006f,0f,0f,0f,1f], start_interpolation: 0, interpolation_duration: 1 }
$data merge entity $(bone_right_eyebrow) { transformation: [-0.8973445724570782f,-0.31206722496273703f,0.31206852674673896f,0.08575800977187938f,-0.2526840003001849f,0.9430295273800396f,0.21643961393810307f,1.7401688138270337f,-0.3618335449818325f,0.11536618912591089f,-0.9250768228274042f,-0.6567154546946492f,0f,0f,0f,1f], start_interpolation: 0, interpolation_duration: 1 }
$data merge entity $(bone_talking) { transformation: [-0.9475372387892631f,-0.06918392675859762f,0.31206852674673896f,0.3246582592506003f,0f,0.9762960071199333f,0.21643961393810307f,1.4844216683000842f,-0.31964539900899425f,0.20508459415552427f,-0.9250768228274042f,-0.9738383760675329f,0f,0f,0f,1f], start_interpolation: 0, interpolation_duration: 1 }
$data merge entity $(bone_m_opened) { transformation: [-0.9475372387892631f,-0.06918392675859762f,0.31206852674673896f,0.32563347339668386f,0f,0.9762960071199333f,0.21643961393810307f,1.4850980420936408f,-0.31964539900899425f,0.20508459415552427f,-0.9250768228274042f,-0.9767292411388685f,0f,0f,0f,1f], start_interpolation: 0, interpolation_duration: 1 }
$data merge entity $(bone_head) { transformation: [-0.9475372387892631f,-0.06918392675859762f,0.31206852674673896f,0.30515397632892916f,0f,0.9762960071199333f,0.21643961393810307f,1.4708941924289527f,-0.31964539900899425f,0.20508459415552427f,-0.9250768228274042f,-0.9160210746408202f,0f,0f,0f,1f], start_interpolation: 0, interpolation_duration: 1 }
$data merge entity $(item_display_r_item) { transformation: [-0.41454754197030264f,-0.1398328812178391f,-0.001830512687180061f,-0.06562767005382268f,0f,-0.005726698062463132f,0.43746251831362803f,0.7179429733975369f,-0.13984486206643498f,0.41451202667669257f,0.005426259669486139f,-0.7945445336750074f,0f,0f,0f,1f], start_interpolation: 0, interpolation_duration: 1 }
$data merge entity $(bone_rightarm) { transformation: [-0.9475372387892631f,-0.004184028999268782f,0.31961801421220365f,0.011661815374685247f,0f,0.9999143275740069f,0.013089595571344523f,1.3461618270241273f,-0.31964539900899425f,0.012402879244539956f,-0.9474560609752973f,-1.0236567493909943f,0f,0f,0f,1f], start_interpolation: 0, interpolation_duration: 1 }
$data merge entity $(item_display_l_item) { transformation: [-0.41454754197030264f,-0.13914123519524393f,-0.014010785656844226f,0.5045085937355944f,0f,-0.04383227695528315f,0.4352987267347739f,0.6910840965605204f,-0.13984486206643498f,0.4124617535787496f,0.041532714676055245f,-0.5293298328278249f,0f,0f,0f,1f], start_interpolation: 0, interpolation_duration: 1 }
$data merge entity $(bone_leftarm) { transformation: [-0.9475372387892631f,-0.03202465292992973f,0.31803710901770044f,0.5640024629088135f,0f,0.9949685182509117f,0.100188061612076f,1.3379864358703593f,-0.31964539900899425f,0.09493191925955505f,-0.9427697224657133f,-0.7056898139070312f,0f,0f,0f,1f], start_interpolation: 0, interpolation_duration: 1 }
$data merge entity $(bone_body) { transformation: [-0.9475372387892631f,-0.020905809339205862f,0.3189610136732888f,0.3208333333333336f,0f,0.9978589232386035f,0.06540312923014296f,0.7225f,-0.31964539900899425f,0.06197190047890701f,-0.9455084888267336f,-0.9625000000000005f,0f,0f,0f,1f], start_interpolation: 0, interpolation_duration: 1 }
$data merge entity $(bone_leftleg) { transformation: [-0.9475372387892631f,0.027858932166500358f,0.31842905176218056f,0.43927548818199147f,0f,0.9961946980917455f,-0.08715574274765787f,0.8475f,-0.31964539900899425f,-0.08258331182774309f,-0.9439315735263561f,-0.9225443251238762f,0f,0f,0f,1f], start_interpolation: 0, interpolation_duration: 1 }
$data merge entity $(bone_rightleg) { transformation: [-0.9475372387892631f,-0.027858932166500358f,0.31842905176218056f,0.2023911784846757f,0f,0.9961946980917455f,0.08715574274765787f,0.7225f,-0.31964539900899425f,0.08258331182774309f,-0.9439315735263561f,-1.0024556748761246f,0f,0f,0f,1f], start_interpolation: 0, interpolation_duration: 1 }