# This file was generated by Animated Java via MC-Build. It is not recommended to edit this file directly.
$data merge entity $(bone_left_eye) { transformation: [-0.9502462670127997f,-0.05409134658816003f,0.3067672705040724f,0.29987105824097327f,0f,0.9848077530122081f,0.17364817766693036f,1.6749359174051286f,-0.31149965012538805f,0.165008532601576f,-0.9358098910251139f,-0.4987433734316364f,0f,0f,0f,1f], start_interpolation: 0, interpolation_duration: 1 }
$data merge entity $(bone_right_eye) { transformation: [-0.9502462670127997f,-0.05409134658816003f,0.3067672705040724f,0.06230949148777336f,0f,0.9848077530122081f,0.17364817766693036f,1.6749359174051286f,-0.31149965012538805f,0.165008532601576f,-0.9358098910251139f,-0.5766182859629834f,0f,0f,0f,1f], start_interpolation: 0, interpolation_duration: 1 }
$data merge entity $(bone_right_close) { transformation: [-0.9502462670127997f,-0.05409134658816003f,0.3067672705040724f,0.05791456957748538f,0f,0.9848077530122081f,0.17364817766693036f,1.7549515473373705f,-0.31149965012538805f,0.165008532601576f,-0.9358098910251139f,-0.5632113426891053f,0f,0f,0f,1f], start_interpolation: 0, interpolation_duration: 1 }
$data merge entity $(bone_left_close) { transformation: [-0.9502462670127997f,-0.05409134658816003f,0.3067672705040724f,0.2954761363306853f,0f,0.9848077530122081f,0.17364817766693036f,1.7549515473373705f,-0.31149965012538805f,0.165008532601576f,-0.9358098910251139f,-0.48533643015775835f,0f,0f,0f,1f], start_interpolation: 0, interpolation_duration: 1 }
$data merge entity $(bone_left_eyebrow) { transformation: [-0.9318672813146982f,0.1936936027922309f,0.3067672705040724f,0.2954569633762788f,0.2548870022441788f,0.9512512425641978f,0.17364817766693036f,1.7549406943262664f,-0.25817820609441305f,0.2400080451931462f,-0.9358098910251139f,-0.48527794203956925f,0f,0f,0f,1f], start_interpolation: 0, interpolation_duration: 1 }
$data merge entity $(bone_right_eyebrow) { transformation: [-0.9038675399701841f,-0.2981900600887446f,0.3067672705040724f,0.057895396623078854f,-0.2548870022441788f,0.9512512425641978f,0.17364817766693036f,1.7549406943262664f,-0.3435929077778292f,0.07876396120270171f,-0.9358098910251139f,-0.5631528545709162f,0f,0f,0f,1f], start_interpolation: 0, interpolation_duration: 1 }
$data merge entity $(bone_talking) { transformation: [-0.9502462670127997f,-0.05409134658816003f,0.3067672705040724f,0.29047788354393594f,0f,0.9848077530122081f,0.17364817766693036f,1.4829990346729922f,-0.31149965012538805f,0.165008532601576f,-0.9358098910251139f,-0.871373553793052f,0f,0f,0f,1f], start_interpolation: 0, interpolation_duration: 1 }
$data merge entity $(bone_m_opened) { transformation: [-0.9502462670127997f,-0.05409134658816003f,0.3067672705040724f,0.29143653126426117f,0f,0.9848077530122081f,0.17364817766693036f,1.4835416852282013f,-0.31149965012538805f,0.165008532601576f,-0.9358098910251139f,-0.8742979597025056f,0f,0f,0f,1f], start_interpolation: 0, interpolation_duration: 1 }
$data merge entity $(bone_head) { transformation: [-0.9502462670127997f,-0.05409134658816003f,0.3067672705040724f,0.2713049291374314f,0f,0.9848077530122081f,0.17364817766693036f,1.472146023568809f,-0.31149965012538805f,0.165008532601576f,-0.9358098910251139f,-0.8128854356039824f,0f,0f,0f,1f], start_interpolation: 0, interpolation_duration: 1 }
$data merge entity $(item_display_r_item) { transformation: [-0.4157327418180999f,-0.13594912302720014f,0.009506488759808264f,-0.11351931776922682f,0f,0.03051845726305507f,0.4364342719886731f,0.7415832733309822f,-0.13628109692985726f,0.41472003775368554f,-0.029000050089207752f,-0.6421699819665283f,0f,0f,0f,1f], start_interpolation: 0, interpolation_duration: 1 }
$data merge entity $(bone_rightarm) { transformation: [-0.9502462670127997f,0.021729117165275962f,0.3107408526336003f,-0.02225340638252926f,0f,0.9975640502598242f,-0.06975647374412565f,1.347621686307341f,-0.31149965012538805f,-0.06628582877533179f,-0.9479315148655669f,-0.9205815036675025f,0f,0f,0f,1f], start_interpolation: 0, interpolation_duration: 1 }
$data merge entity $(item_display_l_item) { transformation: [-0.4157327418180999f,-0.13251563937339336f,-0.031814190259472463f,0.5025868437401633f,0f,-0.10213234668695867f,0.42541184017398354f,0.6706346772513594f,-0.13628109692985726f,0.4042460130683736f,0.09705088118053957f,-0.515211829923025f,0f,0f,0f,1f], start_interpolation: 0, interpolation_duration: 1 }
$data merge entity $(bone_leftarm) { transformation: [-0.9502462670127997f,-0.07271814916450856f,0.3028928899963277f,0.5328612230114274f,0f,0.9723699203976767f,0.23344536385590575f,1.3367272184638836f,-0.31149965012538805f,0.2218305855555192f,-0.9239908870134254f,-0.6075654357041819f,0f,0f,0f,1f], start_interpolation: 0, interpolation_duration: 1 }
$data merge entity $(bone_body) { transformation: [-0.9502462670127997f,-0.02714898337231385f,0.3103142999123453f,0.2916666666666668f,0f,0.9961946980917455f,0.08715574274765818f,0.725f,-0.31149965012538805f,0.08281941919469007f,-0.9466302930796242f,-0.875f,0f,0f,0f,1f], start_interpolation: 0, interpolation_duration: 1 }
$data merge entity $(bone_leftleg) { transformation: [-0.9502462670127997f,0.08062204199522245f,0.30088555693612107f,0.41044745004326677f,0f,0.9659258262890681f,-0.2588190451025214f,0.8187499999999999f,-0.31149965012538805f,-0.2459418314404884f,-0.9178674106424409f,-0.8360625437343265f,0f,0f,0f,1f], start_interpolation: 0, interpolation_duration: 1 }
$data merge entity $(bone_rightleg) { transformation: [-0.9502462670127997f,-0.08062204199522245f,0.30088555693612107f,0.17288588329006682f,0f,0.9659258262890681f,0.2588190451025214f,0.7562500000000001f,-0.31149965012538805f,0.2459418314404884f,-0.9178674106424409f,-0.9139374562656735f,0f,0f,0f,1f], start_interpolation: 0, interpolation_duration: 1 }