# This file was generated by Animated Java via MC-Build. It is not recommended to edit this file directly.
$data merge entity $(bone_left_eye) { transformation: [0.8052224049268462f,-0.19411448792236088f,0.5603003160649349f,0.9575683927916738f,0.05429693808267458f,0.9650675046997829f,0.2563133899884682f,1.6093881593041726f,-0.5904817703525425f,-0.17596669273238622f,0.7876337993827802f,-4.140626656837122f,0f,0f,0f,1f], start_interpolation: 0, interpolation_duration: 1 }
$data merge entity $(bone_right_eye) { transformation: [0.8052224049268462f,-0.19411448792236088f,0.5603003160649349f,1.1588739940233854f,0.05429693808267458f,0.9650675046997829f,0.2563133899884682f,1.6229623938248414f,-0.5904817703525425f,-0.17596669273238622f,0.7876337993827802f,-4.288247099425257f,0f,0f,0f,1f], start_interpolation: 0, interpolation_duration: 1 }
$data merge entity $(bone_right_close) { transformation: [0.8052224049268462f,-0.19411448792236088f,0.5603003160649349f,1.1018458432390923f,0.05429693808267458f,0.9650675046997829f,0.2563133899884682f,1.6588545510114598f,-0.5904817703525425f,-0.17596669273238622f,0.7876337993827802f,-4.2593589912151115f,0f,0f,0f,1f], start_interpolation: 0, interpolation_duration: 1 }
$data merge entity $(bone_left_close) { transformation: [0.8052224049268462f,-0.19411448792236088f,0.5603003160649349f,0.9005402420073807f,0.05429693808267458f,0.9650675046997829f,0.2563133899884682f,1.645280316490791f,-0.5904817703525425f,-0.17596669273238622f,0.7876337993827802f,-4.111738548626977f,0f,0f,0f,1f], start_interpolation: 0, interpolation_duration: 1 }
$data merge entity $(bone_left_eyebrow) { transformation: [0.8281494835992984f,-0.015231173026054118f,0.5603003160649349f,0.896258968814325f,-0.15586895429247585f,0.9539435597562307f,0.2563133899884682f,1.6663751485692246f,-0.5383988316313342f,-0.29959922591332067f,0.7876337993827802f,-4.115637047142959f,0f,0f,0f,1f], start_interpolation: 0, interpolation_duration: 1 }
$data merge entity $(bone_right_eyebrow) { transformation: [0.7275445904208043f,-0.39590709107940747f,0.5603003160649349f,1.0975645700460366f,0.3022246648083441f,0.9181305452353186f,0.2563133899884682f,1.6799493830898933f,-0.6159051233192563f,-0.01714284512379377f,0.7876337993827802f,-4.263257489731094f,0f,0f,0f,1f], start_interpolation: 0, interpolation_duration: 1 }
$data merge entity $(bone_talking) { transformation: [0.8052224049268462f,-0.19411448792236088f,0.5603003160649349f,1.232701414445965f,0.05429693808267458f,0.9650675046997829f,0.2563133899884682f,1.4516926245691473f,-0.5904817703525425f,-0.17596669273238622f,0.7876337993827802f,-3.8882728875385757f,0f,0f,0f,1f], start_interpolation: 0, interpolation_duration: 1 }
$data merge entity $(bone_m_opened) { transformation: [0.8052224049268462f,-0.19411448792236088f,0.5603003160649349f,1.2332016825853087f,0.05429693808267458f,0.9650675046997829f,0.2563133899884682f,1.4519214758102084f,-0.5904817703525425f,-0.17596669273238622f,0.7876337993827802f,-3.887569643074841f,0f,0f,0f,1f], start_interpolation: 0, interpolation_duration: 1 }
$data merge entity $(bone_head) { transformation: [0.8052224049268462f,-0.19411448792236088f,0.5603003160649349f,1.1976826446919064f,0.05429693808267458f,0.9650675046997829f,0.2563133899884682f,1.435673037694868f,-0.5904817703525425f,-0.17596669273238622f,0.7876337993827802f,-3.9374999999999996f,0f,0f,0f,1f], start_interpolation: 0, interpolation_duration: 1 }
$data merge entity $(item_display_r_item) { transformation: [0.12154624544848959f,-0.4172297764451218f,-0.05051805484110782f,1.0401538385714355f,0.016947076992688312f,-0.047679873914462774f,0.4345637769130152f,0.6629264935855326f,-0.419935181663527f,-0.12268738024366883f,0.0029154639709652176f,-4.324272022954904f,0f,0f,0f,1f], start_interpolation: 0, interpolation_duration: 1 }
$data merge entity $(bone_rightarm) { transformation: [0.27781998959654763f,-0.11546983963681809f,0.9536680604459927f,1.2064022039099223f,0.03873617598328757f,0.9932886329440347f,0.1089825689473437f,1.3109775314123902f,-0.9598518438023474f,0.006663917647920434f,0.2804282976998145f,-4.25f,0f,0f,0f,1f], start_interpolation: 0, interpolation_duration: 1 }
$data merge entity $(item_display_l_item) { transformation: [-0.14833412458885148f,-0.4105492756538441f,-0.029198111969150023f,1.0135142063493685f,-0.021448921920652307f,-0.023283638421352643f,0.43635314360080585f,0.6743109614561802f,-0.41102698358003315f,0.14937675335194445f,-0.01223332853852565f,-3.5221656716009946f,0f,0f,0f,1f], start_interpolation: 0, interpolation_duration: 1 }
$data merge entity $(bone_leftarm) { transformation: [-0.3390494276316605f,-0.06673854164377169f,0.9383983443516436f,1.206402203909922f,-0.049026107247205276f,0.9973786139446991f,0.05321974496309198f,1.3109775314123902f,-0.9394902481829329f,-0.027961893802344265f,-0.3414325790901587f,-3.6249999999999996f,0f,0f,0f,1f], start_interpolation: 0, interpolation_duration: 1 }
$data merge entity $(bone_body) { transformation: [3.4450928483976665e-16f,-0.0697564737441253f,0.9975640502598242f,1.2500000000000004f,0f,0.9975640502598242f,0.0697564737441253f,0.6875f,-1f,-2.4031752882532567e-17f,3.436700775368731e-16f,-3.9374999999999996f,0f,0f,0f,1f], start_interpolation: 0, interpolation_duration: 1 }
$data merge entity $(bone_leftleg) { transformation: [-0.21643961393810254f,4.670220861056469e-17f,0.9762960071199335f,1.2500000000000004f,-0.12743220028900526f,0.9914448613738104f,-0.028251038652918573f,0.75f,-0.9679436594388271f,-0.13052619222005157f,-0.2145879430366631f,-3.8124999999999996f,0f,0f,0f,1f], start_interpolation: 0, interpolation_duration: 1 }
$data merge entity $(bone_rightleg) { transformation: [0.17364817766693066f,-3.08933243416628e-17f,0.9848077530122079f,1.2500000000000004f,0.0858316511774313f,0.9961946980917455f,-0.015134435901338623f,0.75f,-0.9810602621904068f,0.08715574274765817f,0.1729873939250898f,-4.0625f,0f,0f,0f,1f], start_interpolation: 0, interpolation_duration: 1 }