# This file was generated by Animated Java via MC-Build. It is not recommended to edit this file directly.
$data merge entity $(bone_left_eye) { transformation: [-0.9537169507482267f,-0.0676440866458013f,0.29299872934427534f,0.27582178269013985f,0f,0.9743700647852351f,0.224951054343865f,1.6630277903052106f,-0.30070579950427395f,0.21453963361642955f,-0.9292732470873267f,-0.41406260631038005f,0f,0f,0f,1f], start_interpolation: 0, interpolation_duration: 1 }
$data merge entity $(bone_right_eye) { transformation: [-0.9537169507482267f,-0.0676440866458013f,0.29299872934427534f,0.03739254500308316f,0f,0.9743700647852351f,0.224951054343865f,1.6630277903052106f,-0.30070579950427395f,0.21453963361642955f,-0.9292732470873267f,-0.4892390561864486f,0f,0f,0f,1f], start_interpolation: 0, interpolation_duration: 1 }
$data merge entity $(bone_right_close) { transformation: [-0.9537169507482267f,-0.0676440866458013f,0.29299872934427534f,0.031896462963111785f,0f,0.9743700647852351f,0.224951054343865f,1.742195358069011f,-0.30070579950427395f,0.21453963361642955f,-0.9292732470873267f,-0.47180771095511365f,0f,0f,0f,1f], start_interpolation: 0, interpolation_duration: 1 }
$data merge entity $(bone_left_close) { transformation: [-0.9537169507482267f,-0.0676440866458013f,0.29299872934427534f,0.2703257006501685f,0f,0.9743700647852351f,0.224951054343865f,1.742195358069011f,-0.30070579950427395f,0.21453963361642955f,-0.9292732470873267f,-0.3966312610790451f,0f,0f,0f,1f], start_interpolation: 0, interpolation_duration: 1 }
$data merge entity $(bone_left_eyebrow) { transformation: [-0.93872741160987f,0.1815009402038289f,0.29299872934427534f,0.27030738822958444f,0.25218552974419584f,0.9411692099390113f,0.224951054343865f,1.7421812986281147f,-0.23493255474683178f,0.2850577607571899f,-0.9292732470873267f,-0.39657318150110216f,0f,0f,0f,1f], start_interpolation: 0, interpolation_duration: 1 }
$data merge entity $(bone_right_eyebrow) { transformation: [-0.9037122557848731f,-0.3121792807776588f,0.29299872934427534f,0.03187815054252777f,-0.25218552974419584f,0.9411692099390113f,0.224951054343865f,1.7421812986281147f,-0.34598644096532966f,0.12940098498821745f,-0.9292732470873267f,-0.47174963137717063f,0f,0f,0f,1f], start_interpolation: 0, interpolation_duration: 1 }
$data merge entity $(bone_talking) { transformation: [-0.9537169507482267f,-0.0676440866458013f,0.29299872934427534f,0.26508028842814785f,0f,0.9743700647852351f,0.224951054343865f,1.4897324785913597f,-0.30070579950427395f,0.21453963361642955f,-0.9292732470873267f,-0.7956836293673113f,0f,0f,0f,1f], start_interpolation: 0, interpolation_duration: 1 }
$data merge entity $(bone_m_opened) { transformation: [-0.9537169507482267f,-0.0676440866458013f,0.29299872934427534f,0.2659959094573487f,0f,0.9743700647852351f,0.224951054343865f,1.4904354506361843f,-0.30070579950427395f,0.21453963361642955f,-0.9292732470873267f,-0.7985876082644592f,0f,0f,0f,1f], start_interpolation: 0, interpolation_duration: 1 }
$data merge entity $(bone_head) { transformation: [-0.9537169507482267f,-0.0676440866458013f,0.29299872934427534f,0.24676786784413066f,0f,0.9743700647852351f,0.224951054343865f,1.4756730376948681f,-0.30070579950427395f,0.21453963361642955f,-0.9292732470873267f,-0.7376040514243534f,0f,0f,0f,1f], start_interpolation: 0, interpolation_duration: 1 }
$data merge entity $(item_display_r_item) { transformation: [-0.4172511659523492f,-0.12914168181851926f,0.02510260003444868f,-0.158302761184221f,0f,0.08347893547723843f,0.429461892758353f,0.7851627906017364f,-0.13155878728311984f,0.40958508682405836f,-0.07961527579505982f,-0.4921058758777377f,0f,0f,0f,1f], start_interpolation: 0, interpolation_duration: 1 }
$data merge entity $(bone_rightarm) { transformation: [-0.9537169507482267f,0.0573773715073112f,0.29518098701375833f,-0.04864665723871192f,0f,0.981627183447664f,-0.19080899537654478f,1.3509775314123902f,-0.30070579950427395f,-0.1819777732458508f,-0.9361944841692762f,-0.8398906051987135f,0f,0f,0f,1f], start_interpolation: 0, interpolation_duration: 1 }
$data merge entity $(item_display_l_item) { transformation: [-0.4172511659523492f,-0.12439127715950901f,-0.04283135157838695f,0.5000366903742147f,0f,-0.14243606757500596f,0.41366437682470114f,0.6699168238305123f,-0.13155878728311984f,0.3945187280984194f,0.13584369204420302f,-0.5016484064917186f,0f,0f,0f,1f], start_interpolation: 0, interpolation_duration: 1 }
$data merge entity $(bone_leftarm) { transformation: [-0.9537169507482267f,-0.09790023217917024f,0.28432291922173486f,0.509929775067667f,0f,0.9455185755993167f,0.32556815445715664f,1.3422579721943744f,-0.30070579950427395f,0.3104998675296071f,-0.9017570927963872f,-0.533025262484811f,0f,0f,0f,1f], start_interpolation: 0, interpolation_duration: 1 }
$data merge entity $(bone_body) { transformation: [-0.9537169507482267f,-0.020976176207826092f,0.29997329529010214f,0.26250000000000023f,0f,0.9975640502598242f,0.0697564737441253f,0.7275f,-0.30070579950427395f,0.06652793143419591f,-0.9513937441898503f,-0.7875000000000003f,0f,0f,0f,1f], start_interpolation: 0, interpolation_duration: 1 }
$data merge entity $(bone_leftleg) { transformation: [-0.9537169507482267f,0.12708376228184354f,0.27253200769780506f,0.3817146188435286f,0f,0.9063077870366499f,-0.42261826174069944f,0.79f,-0.30070579950427395f,-0.40305819991785585f,-0.864361099091967f,-0.749911775061966f,0f,0f,0f,1f], start_interpolation: 0, interpolation_duration: 1 }
$data merge entity $(bone_rightleg) { transformation: [-0.9537169507482267f,-0.12708376228184354f,0.27253200769780506f,0.14328538115647188f,0f,0.9063077870366499f,0.42261826174069944f,0.79f,-0.30070579950427395f,0.40305819991785585f,-0.864361099091967f,-0.8250882249380346f,0f,0f,0f,1f], start_interpolation: 0, interpolation_duration: 1 }