# This file was generated by Animated Java via MC-Build. It is not recommended to edit this file directly.
$data merge entity $(bone_left_eye) { transformation: [-0.9603038294450107f,-0.06406082325848457f,0.2715009504158192f,0.26268232848470746f,4.336808689942018e-19f,0.9732745195118633f,0.22964474666090584f,1.6651237330038346f,-0.27895618859105437f,0.22052872963039724f,-0.9346392481884951f,-0.3529345770933823f,0f,0f,0f,1f], start_interpolation: 0, interpolation_duration: 1 }
$data merge entity $(bone_right_eye) { transformation: [-0.9603038294450107f,-0.06406082325848457f,0.2715009504158192f,0.022606371123454802f,4.336808689942018e-19f,0.9732745195118633f,0.22964474666090584f,1.6651237330038346f,-0.27895618859105437f,0.22052872963039724f,-0.9346392481884951f,-0.42267362424114585f,0f,0f,0f,1f], start_interpolation: 0, interpolation_duration: 1 }
$data merge entity $(bone_right_close) { transformation: [-0.9603038294450107f,-0.06406082325848457f,0.2715009504158192f,0.017401429233702928f,4.336808689942018e-19f,0.9732745195118633f,0.22964474666090584f,1.7442022877141734f,-0.27895618859105437f,0.22052872963039724f,-0.9346392481884951f,-0.4047556649586761f,0f,0f,0f,1f], start_interpolation: 0, interpolation_duration: 1 }
$data merge entity $(bone_left_close) { transformation: [-0.9603038294450107f,-0.06406082325848457f,0.2715009504158192f,0.2574773865949556f,4.336808689942018e-19f,0.9732745195118633f,0.22964474666090584f,1.7442022877141734f,-0.27895618859105437f,0.22052872963039724f,-0.9346392481884951f,-0.3350166178109125f,0f,0f,0f,1f], start_interpolation: 0, interpolation_duration: 1 }
$data merge entity $(bone_left_eyebrow) { transformation: [-0.9441624310494708f,0.18666691650654194f,0.2715009504158192f,0.2574604177855546f,0.25190198176267514f,0.9401109944655924f,0.22964474666090584f,1.7441879349175071f,-0.21237395174265197f,0.2852135697452954f,-0.9346392481884951f,-0.3349582028579007f,0f,0f,0f,1f], start_interpolation: 0, interpolation_duration: 1 }
$data merge entity $(bone_right_eyebrow) { transformation: [-0.9110021088409862f,-0.3104229237839613f,0.2715009504158192f,0.017384460424301917f,-0.25190198176267514f,0.9401109944655924f,0.22964474666090584f,1.7441879349175071f,-0.3265280221838748f,0.1408152210321446f,-0.9346392481884951f,-0.4046972500056643f,0f,0f,0f,1f], start_interpolation: 0, interpolation_duration: 1 }
$data merge entity $(bone_talking) { transformation: [-0.9603038294450107f,-0.06406082325848457f,0.2715009504158192f,0.24350360262364576f,4.336808689942018e-19f,0.9732745195118633f,0.22964474666090584f,1.4935690864574018f,-0.27895618859105437f,0.22052872963039724f,-0.9346392481884951f,-0.735011048133768f,0f,0f,0f,1f], start_interpolation: 0, interpolation_duration: 1 }
$data merge entity $(bone_m_opened) { transformation: [-0.9603038294450107f,-0.06406082325848457f,0.2715009504158192f,0.24435204309369518f,4.336808689942018e-19f,0.9732745195118633f,0.22964474666090584f,1.4942867262907171f,-0.27895618859105437f,0.22052872963039724f,-0.9346392481884951f,-0.7379317957843571f,0f,0f,0f,1f], start_interpolation: 0, interpolation_duration: 1 }
$data merge entity $(bone_head) { transformation: [-0.9603038294450107f,-0.06406082325848457f,0.2715009504158192f,0.22653479322265707f,4.336808689942018e-19f,0.9732745195118633f,0.22964474666090584f,1.4792162897910952f,-0.27895618859105437f,0.22052872963039724f,-0.9346392481884951f,-0.6765960951219872f,0f,0f,0f,1f], start_interpolation: 0, interpolation_duration: 1 }
$data merge entity $(item_display_r_item) { transformation: [-0.42013292538219216f,-0.12126511503696472f,0.01376033738224015f,-0.16097523873073002f,1.8973538018496328e-19f,0.049327951646244345f,0.43471025199135316f,0.7615105195566321f,-0.12204333250858629f,0.417453919686302f,-0.047369820864566765f,-0.46284436609829854f,0f,0f,0f,1f], start_interpolation: 0, interpolation_duration: 1 }
$data merge entity $(bone_rightarm) { transformation: [-0.9603038294450107f,0.03145219973083457f,0.2771774057987765f,-0.0720232624492643f,4.336808689942018e-19f,0.9936234331230929f,-0.112749603762844f,1.354337764317854f,-0.27895618859105437f,-0.10827387626186669f,-0.9541803878544046f,-0.7690606357255664f,0f,0f,0f,1f], start_interpolation: 0, interpolation_duration: 1 }
$data merge entity $(item_display_l_item) { transformation: [-0.42013292538219216f,-0.11979040899916198f,-0.02334165635971129f,0.4582245545367618f,1.8973538018496328e-19f,-0.08367499024705206f,0.42942373712587867f,0.6875515674221874f,-0.12204333250858629f,0.4123772592165688f,0.080353413563018f,-0.35393813430931553f,0f,0f,0f,1f], start_interpolation: 0, interpolation_duration: 1 }
$data merge entity $(bone_leftarm) { transformation: [-0.9603038294450107f,-0.05335235739362587f,0.27380664914094166f,0.4933309934509811f,4.336808689942018e-19f,0.9815399705734369f,0.19125712056469066f,1.348828329171758f,-0.27895618859105437f,0.18366494528689853f,-0.9425765924950145f,-0.47479169162875756f,0f,0f,0f,1f], start_interpolation: 0, interpolation_duration: 1 }
$data merge entity $(bone_body) { transformation: [-0.9603038294450107f,-0.012295128237155848f,0.2786851000230902f,0.23575613940052395f,4.336808689942018e-19f,0.9990282037859299f,0.044075481168766334f,0.7299451369516478f,-0.27895618859105437f,0.042325853350997755f,-0.9593706098191991f,-0.7083404851352355f,0f,0f,0f,1f], start_interpolation: 0, interpolation_duration: 1 }
$data merge entity $(bone_leftleg) { transformation: [-0.9603038294450107f,0.07559741419016866f,0.26851738513736495f,0.35594095481249516f,4.336808689942018e-19f,0.962579057641942f,-0.27100102912932095f,0.771608478585081f,-0.27895618859105437f,-0.26024332605642575f,-0.9243683551971265f,-0.6739764455089436f,0f,0f,0f,1f], start_interpolation: 0, interpolation_duration: 1 }
$data merge entity $(bone_rightleg) { transformation: [-0.9603038294450107f,-0.06878941141958256f,0.27034158398181235f,0.11601183418258736f,4.336808689942018e-19f,0.9691184316334673f,0.24659575314325372f,0.8132718202185141f,-0.27895618859105437f,0.236806846068343f,-0.9306481410833614f,-0.7442209766042973f,0f,0f,0f,1f], start_interpolation: 0, interpolation_duration: 1 }