# This file was generated by Animated Java via MC-Build. It is not recommended to edit this file directly.
$data merge entity $(bone_left_eye) { transformation: [-0.9620594244736131f,-0.059907131561858104f,0.26618189151317295f,0.24982687781152854f,0f,0.9755970340286898f,0.21956873000139043f,1.6709414924565082f,-0.2728399966674614f,0.21123816601753984f,-0.9385823210758053f,-0.315358215309826f,0f,0f,0f,1f], start_interpolation: 0, interpolation_duration: 1 }
$data merge entity $(bone_right_eye) { transformation: [-0.9620594244736131f,-0.059907131561858104f,0.26618189151317295f,0.009312021693125255f,0f,0.9755970340286898f,0.21956873000139043f,1.6709414924565082f,-0.2728399966674614f,0.21123816601753984f,-0.9385823210758053f,-0.3835682144766913f,0f,0f,0f,1f], start_interpolation: 0, interpolation_duration: 1 }
$data merge entity $(bone_right_close) { transformation: [-0.9620594244736131f,-0.059907131561858104f,0.26618189151317295f,0.004444567253724288f,0f,0.9755970340286898f,0.21956873000139043f,1.7502087514713394f,-0.2728399966674614f,0.21123816601753984f,-0.9385823210758053f,-0.36640511348776617f,0f,0f,0f,1f], start_interpolation: 0, interpolation_duration: 1 }
$data merge entity $(bone_left_close) { transformation: [-0.9620594244736131f,-0.059907131561858104f,0.26618189151317295f,0.24495942337212756f,0f,0.9755970340286898f,0.21956873000139043f,1.7502087514713394f,-0.2728399966674614f,0.21123816601753984f,-0.9385823210758053f,-0.29819511432090084f,0f,0f,0f,1f], start_interpolation: 0, interpolation_duration: 1 }
$data merge entity $(bone_left_eyebrow) { transformation: [-0.9447831511095315f,0.1911334560196455f,0.26618189151317295f,0.24494278700390798f,0.25250309275215693f,0.9423543712193265f,0.21956873000139043f,1.7501950284257144f,-0.20887073880785686f,0.27465658745752686f,-0.9385823210758053f,-0.2981364529258336f,0f,0f,0f,1f], start_interpolation: 0, interpolation_duration: 1 }
$data merge entity $(bone_right_eyebrow) { transformation: [-0.9137729379381891f,-0.30686514712863694f,0.26618189151317295f,0.004427930885504694f,-0.25250309275215693f,0.9423543712193265f,0.21956873000139043f,1.7501950284257144f,-0.31821565964359166f,0.13342421265103227f,-0.9385823210758053f,-0.3663464520926989f,0f,0f,0f,1f], start_interpolation: 0, interpolation_duration: 1 }
$data merge entity $(bone_talking) { transformation: [-0.9620594244736131f,-0.059907131561858104f,0.26618189151317295f,0.22772807374065798f,0f,0.9755970340286898f,0.21956873000139043f,1.4956574620747705f,-0.2728399966674614f,0.21123816601753984f,-0.9385823210758053f,-0.6955797317338328f,0f,0f,0f,1f], start_interpolation: 0, interpolation_duration: 1 }
$data merge entity $(bone_m_opened) { transformation: [-0.9620594244736131f,-0.059907131561858104f,0.26618189151317295f,0.22855989215163663f,0f,0.9755970340286898f,0.21956873000139043f,1.4963436143560247f,-0.2728399966674614f,0.21123816601753984f,-0.9385823210758053f,-0.6985128014871947f,0f,0f,0f,1f], start_interpolation: 0, interpolation_duration: 1 }
$data merge entity $(bone_head) { transformation: [-0.9620594244736131f,-0.059907131561858104f,0.26618189151317295f,0.21109170552108467f,0f,0.9755970340286898f,0.21956873000139043f,1.4819344164496835f,-0.2728399966674614f,0.21123816601753984f,-0.9385823210758053f,-0.6369183366665949f,0f,0f,0f,1f], start_interpolation: 0, interpolation_duration: 1 }
$data merge entity $(item_display_r_item) { transformation: [-0.4209009982072057f,-0.11922332682262834f,0.005864985040266265f,-0.16594868157348067f,0f,0.021496060372022858f,0.4369715887657713f,0.744973395206836f,-0.11936749854201437f,0.4203926351993183f,-0.02068048746995835f,-0.4527984919770615f,0f,0f,0f,1f], start_interpolation: 0, interpolation_duration: 1 }
$data merge entity $(bone_rightarm) { transformation: [-0.9620594244736131f,0.013405680092037115f,0.2725104613088648f,-0.08944251618874127f,0f,0.9987922028931916f,-0.049133852278909165f,1.3569350589453535f,-0.2728399966674614f,-0.04726968564561888f,-0.9608974518841561f,-0.7225664084766124f,0f,0f,0f,1f], start_interpolation: 0, interpolation_duration: 1 }
$data merge entity $(item_display_l_item) { transformation: [-0.4209009982072057f,-0.11928081319695011f,-0.004548330600572273f,0.416076950282054f,0f,-0.016670322006035635f,0.4371822850530601f,0.7224622605287658f,-0.11936749854201437f,0.4205953375482061f,0.01603784039491645f,-0.2143556082987391f,0f,0f,0f,1f], start_interpolation: 0, interpolation_duration: 1 }
$data merge entity $(bone_leftarm) { transformation: [-0.9620594244736131f,-0.010396184229879542f,0.272641858735886f,0.47773979982235076f,0f,0.9992737944069945f,0.038103593156653105f,1.3565342803223006f,-0.2728399966674614f,0.03665792090266639f,-0.9613607715387569f,-0.4317846006192618f,0f,0f,0f,1f], start_interpolation: 0, interpolation_duration: 1 }
$data merge entity $(bone_body) { transformation: [-0.9620594244736131f,-0.0008747875054254603f,0.27283859427932977f,0.21174779615015377f,0f,0.9999948600346401f,0.003206228984424353f,0.7319382714237035f,-0.2728399966674614f,0.0030845828114859086f,-0.9620544795214973f,-0.6392317737752093f,0f,0f,0f,1f], start_interpolation: 0, interpolation_duration: 1 }
$data merge entity $(bone_leftleg) { transformation: [-0.9620594244736131f,0.034745279224904294f,0.27061860496478024f,0.3322349554058247f,0f,0.9918582622422891f,-0.12734672206894943f,0.7527545826789671f,-0.2728399966674614f,-0.12251511414225466f,-0.9542265889322148f,-0.6059368279425406f,0f,0f,0f,1f], start_interpolation: 0, interpolation_duration: 1 }
$data merge entity $(bone_rightleg) { transformation: [-0.9620594244736131f,-0.012775007233641087f,0.2725407546985969f,0.09263902407329863f,0f,0.9989032327645524f,0.046822340528068974f,0.8360198277000223f,-0.2728399966674614f,0.04504587398094157f,-0.961004269218297f,-0.6773870421124616f,0f,0f,0f,1f], start_interpolation: 0, interpolation_duration: 1 }