# This file was generated by Animated Java via MC-Build. It is not recommended to edit this file directly.
$data merge entity $(bone_left_eye) { transformation: [-0.9608093987773476f,-0.04141081070750039f,0.27409933231888667f,0.22979120132290148f,0f,0.9887792060026929f,0.14938434247498777f,1.6932466296788289f,-0.2772098469050331f,0.14352988028014238f,-0.9500283544429904f,-0.2639843845502273f,0f,0f,0f,1f], start_interpolation: 0, interpolation_duration: 1 }
$data merge entity $(bone_right_eye) { transformation: [-0.9608093987773476f,-0.04141081070750039f,0.27409933231888667f,-0.010411148371435405f,0f,0.9887792060026929f,0.14938434247498777f,1.6932466296788289f,-0.2772098469050331f,0.14352988028014238f,-0.9500283544429904f,-0.33328684627648564f,0f,0f,0f,1f], start_interpolation: 0, interpolation_duration: 1 }
$data merge entity $(bone_right_close) { transformation: [-0.9608093987773476f,-0.04141081070750039f,0.27409933231888667f,-0.013775776741419804f,0f,0.9887792060026929f,0.14938434247498777f,1.7735849401665478f,-0.2772098469050331f,0.14352988028014238f,-0.9500283544429904f,-0.32162504350372406f,0f,0f,0f,1f], start_interpolation: 0, interpolation_duration: 1 }
$data merge entity $(bone_left_close) { transformation: [-0.9608093987773476f,-0.04141081070750039f,0.27409933231888667f,0.2264265729529171f,0f,0.9887792060026929f,0.14938434247498777f,1.7735849401665478f,-0.2772098469050331f,0.14352988028014238f,-0.9500283544429904f,-0.25232258177746575f,0f,0f,0f,1f], start_interpolation: 0, interpolation_duration: 1 }
$data merge entity $(bone_left_eyebrow) { transformation: [-0.938788518904549f,0.20867599956713767f,0.27409933231888667f,0.22640944174464717f,0.2559148899148456f,0.9550873715756f,0.14938434247498777f,1.773575603645143f,-0.2306158838694246f,0.21038640607574421f,-0.9500283544429904f,-0.252263205005313f,0f,0f,0f,1f], start_interpolation: 0, interpolation_duration: 1 }
$data merge entity $(bone_right_eyebrow) { transformation: [-0.9173527059360759f,-0.28867554266702267f,0.27409933231888667f,-0.013792907949689737f,-0.2559148899148456f,0.9550873715756f,0.14938434247498777f,1.773575603645143f,-0.30491241698499577f,0.06689203033779095f,-0.9500283544429904f,-0.3215656667315713f,0f,0f,0f,1f], start_interpolation: 0, interpolation_duration: 1 }
$data merge entity $(bone_talking) { transformation: [-0.9608093987773476f,-0.04141081070750039f,0.27409933231888667f,0.20569877050226024f,0f,0.9887792060026929f,0.14938434247498777f,1.4927344352015894f,-0.2772098469050331f,0.14352988028014238f,-0.9500283544429904f,-0.6314019462468266f,0f,0f,0f,1f], start_interpolation: 0, interpolation_duration: 1 }
$data merge entity $(bone_m_opened) { transformation: [-0.9608093987773476f,-0.04141081070750039f,0.27409933231888667f,0.20655533091575676f,0f,0.9887792060026929f,0.14938434247498777f,1.4932012612718237f,-0.2772098469050331f,0.14352988028014238f,-0.9500283544429904f,-0.6343707848544609f,0f,0f,0f,1f], start_interpolation: 0, interpolation_duration: 1 }
$data merge entity $(bone_head) { transformation: [-0.9608093987773476f,-0.04141081070750039f,0.27409933231888667f,0.18856756223232982f,0f,0.9887792060026929f,0.14938434247498777f,1.4833979137969027f,-0.2772098469050331f,0.14352988028014238f,-0.9500283544429904f,-0.5720251740941397f,0f,0f,0f,1f], start_interpolation: 0, interpolation_duration: 1 }
$data merge entity $(item_display_r_item) { transformation: [-0.4203541119650896f,-0.12113022048113699f,-0.006011675326569879f,-0.17241054451809285f,0f,-0.02168637006833804f,0.43696218526693936f,0.7217744888926731f,-0.12127930802095198f,0.419837374514764f,0.02083646818702294f,-0.4481797981020668f,0f,0f,0f,1f], start_interpolation: 0, interpolation_duration: 1 }
$data merge entity $(bone_rightarm) { transformation: [-0.9608093987773476f,-0.013740972175016927f,0.27686907538545596f,-0.11178138328111442f,0f,0.9987707091815757f,0.04956884587048717f,1.3583983935987798f,-0.2772098469050331f,0.04762621299890979f,-0.9596282846051749f,-0.6583204861290419f,0f,0f,0f,1f], start_interpolation: 0, interpolation_duration: 1 }
$data merge entity $(item_display_l_item) { transformation: [-0.4203541119650896f,-0.12087861574234038f,0.009850421831402641f,0.3709278671997767f,0f,0.03553417002094161f,0.43605455250567315f,0.7561148969329539f,-0.12127930802095198f,0.4189653124271011f,-0.03414156453387296f,-0.07678120438621894f,0f,0f,0f,1f], start_interpolation: 0, interpolation_duration: 1 }
$data merge entity $(bone_leftarm) { transformation: [-0.9608093987773476f,0.022515249900348835f,0.27629397883963513f,0.4540733930974035f,0f,0.9966961200129671f,-0.08122096004786633f,1.3587447319290917f,-0.2772098469050331f,-0.07803786179170942f,-0.957634999833374f,-0.3649636179643808f,0f,0f,0f,1f], start_interpolation: 0, interpolation_duration: 1 }
$data merge entity $(bone_body) { transformation: [-0.9608093987773476f,0.0007680671641847915f,0.2772087828585941f,0.18799151185919122f,0f,0.999996161584984f,-0.0027707066424949717f,0.7334007926081648f,-0.2772098469050331f,-0.0026621209833639914f,-0.9608057107921237f,-0.5700285833566167f,0f,0f,0f,1f], start_interpolation: 0, interpolation_duration: 1 }
$data merge entity $(bone_leftleg) { transformation: [-0.9608093987773476f,-0.005279393343631891f,0.2771595699719479f,0.3080926867063597f,0f,0.9998186322252024f,0.019044754010634074f,0.7334007926081648f,-0.2772098469050331f,0.018298378650819833f,-0.9606351389146868f,-0.5353773524934875f,0f,0f,0f,1f], start_interpolation: 0, interpolation_duration: 1 }
$data merge entity $(bone_rightleg) { transformation: [-0.9608093987773476f,0.04292906675256894f,0.27386565036321253f,0.07025243007733022f,0f,0.9879362274495024f,-0.15486126207946585f,0.8581100276278312f,-0.2772098469050331f,-0.14879215611247282f,-0.9492184127261174f,-0.6128668293754942f,0f,0f,0f,1f], start_interpolation: 0, interpolation_duration: 1 }