# This file was generated by Animated Java via MC-Build. It is not recommended to edit this file directly.
$data merge entity $(bone_left_eye) { transformation: [-0.9579895123154888f,-0.026828140720409607f,0.28554569714674044f,0.20203443590613945f,0f,0.995615336854947f,0.09354197463818248f,1.7107569243241714f,-0.28680323271109076f,0.08961223066466024f,-0.9537890510074917f,-0.18938587491840703f,0f,0f,0f,1f], start_interpolation: 0, interpolation_duration: 1 }
$data merge entity $(bone_right_eye) { transformation: [-0.9579895123154888f,-0.026828140720409607f,0.28554569714674044f,-0.037462942172732744f,0f,0.995615336854947f,0.09354197463818248f,1.7107569243241714f,-0.28680323271109076f,0.08961223066466024f,-0.9537890510074917f,-0.2610866830961797f,0f,0f,0f,1f], start_interpolation: 0, interpolation_duration: 1 }
$data merge entity $(bone_right_close) { transformation: [-0.9579895123154888f,-0.026828140720409607f,0.28554569714674044f,-0.039642728606266026f,0f,0.995615336854947f,0.09354197463818248f,1.7916506704436357f,-0.28680323271109076f,0.08961223066466024f,-0.9537890510074917f,-0.25380568935467607f,0f,0f,0f,1f], start_interpolation: 0, interpolation_duration: 1 }
$data merge entity $(bone_left_close) { transformation: [-0.9579895123154888f,-0.026828140720409607f,0.28554569714674044f,0.19985464947260617f,0f,0.995615336854947f,0.09354197463818248f,1.7916506704436357f,-0.28680323271109076f,0.08961223066466024f,-0.9537890510074917f,-0.18210488117690338f,0f,0f,0f,1f], start_interpolation: 0, interpolation_duration: 1 }
$data merge entity $(bone_left_eyebrow) { transformation: [-0.9322904450227325f,0.22203193680256328f,0.28554569714674044f,0.1998368028665345f,0.2576842107742219f,0.9616905669176837f,0.09354197463818248f,1.791644824070221f,-0.2538372975687021f,0.1607889067729691f,-0.9537890510074917f,-0.18204526936121537f,0f,0f,0f,1f], start_interpolation: 0, interpolation_duration: 1 }
$data merge entity $(bone_right_eyebrow) { transformation: [-0.9184031774964676f,-0.2738599247888854f,0.28554569714674044f,-0.039660575212337706f,-0.2576842107742219f,0.9616905669176837f,0.09354197463818248f,1.791644824070221f,-0.30022400150897044f,0.012328629127767984f,-0.9537890510074917f,-0.25374607753898804f,0f,0f,0f,1f], start_interpolation: 0, interpolation_duration: 1 }
$data merge entity $(bone_talking) { transformation: [-0.9579895123154888f,-0.026828140720409607f,0.28554569714674044f,0.17822581240516214f,0f,0.995615336854947f,0.09354197463818248f,1.4910849571848666f,-0.28680323271109076f,0.08961223066466024f,-0.9537890510074917f,-0.5456984151132995f,0f,0f,0f,1f], start_interpolation: 0, interpolation_duration: 1 }
$data merge entity $(bone_m_opened) { transformation: [-0.9579895123154888f,-0.026828140720409607f,0.28554569714674044f,0.1791181427087457f,0f,0.995615336854947f,0.09354197463818248f,1.491377275855611f,-0.28680323271109076f,0.08961223066466024f,-0.9537890510074917f,-0.5486790058976979f,0f,0f,0f,1f], start_interpolation: 0, interpolation_duration: 1 }
$data merge entity $(bone_head) { transformation: [-0.9579895123154888f,-0.026828140720409607f,0.28554569714674044f,0.16037920633349087f,0f,0.995615336854947f,0.09354197463818248f,1.4852385837699802f,-0.28680323271109076f,0.08961223066466024f,-0.9537890510074917f,-0.48608659942533133f,0f,0f,0f,1f], start_interpolation: 0, interpolation_duration: 1 }
$data merge entity $(item_display_r_item) { transformation: [-0.4191204116380263f,-0.12380317498771273f,-0.02042313421914365f,-0.18033139363153772f,0f,-0.07120956770984779f,0.43166589796574917f,0.702884403675072f,-0.1254764143111022f,0.41353140307543557f,0.06821801904255384f,-0.4376311431536284f,0f,0f,0f,1f], start_interpolation: 0, interpolation_duration: 1 }
$data merge entity $(bone_rightarm) { transformation: [-0.9579895123154888f,-0.04668144964375698f,0.28297868568620055f,-0.1387626282373357f,0f,0.9866649096359981f,0.16276472619393803f,1.3602411537460553f,-0.28680323271109076f,0.15592690066869472f,-0.9452146356009956f,-0.5764804891359431f,0f,0f,0f,1f], start_interpolation: 0, interpolation_duration: 1 }
$data merge entity $(item_display_l_item) { transformation: [-0.4191204116380263f,-0.12332205325861109f,0.023151711134420987f,0.32058753218002567f,0f,0.08072332698475089f,0.4299883655176184f,0.7912981224431855f,-0.1254764143111022f,0.41192434458355737f,-0.07733210065060525f,0.06837752760069515f,0f,0f,0f,1f], start_interpolation: 0, interpolation_duration: 1 }
$data merge entity $(bone_leftarm) { transformation: [-0.9579895123154888f,0.05291819687867648f,0.28187897887682534f,0.4241311499484048f,0f,0.9828305497545563f,-0.1845104616794304f,1.3594396006199256f,-0.28680323271109076f,-0.1767590872013832f,-0.9415413590481311f,-0.27748224166220214f,0f,0f,0f,1f], start_interpolation: 0, interpolation_duration: 1 }
$data merge entity $(bone_body) { transformation: [-0.9579895123154888f,-0.0018391042221092904f,0.2867973360915201f,0.16175853450007283f,0f,0.9999794401913988f,0.006412425009037118f,0.735254003626431f,-0.28680323271109076f,0.0061430359071670965f,-0.9579698162344736f,-0.49069387635570666f,0f,0f,0f,1f], start_interpolation: 0, interpolation_duration: 1 }
$data merge entity $(bone_leftleg) { transformation: [-0.9579895123154888f,-0.051612998868553514f,0.2821208830294681f,0.28223109631981524f,0f,0.983673999636052f,0.17995961335814337f,0.766401912882178f,-0.28680323271109076f,0.17239942223745167f,-0.9423493751887676f,-0.4572613757375343f,0f,0f,0f,1f], start_interpolation: 0, interpolation_duration: 1 }
$data merge entity $(bone_rightleg) { transformation: [-0.9579895123154888f,0.09636227332906956f,0.27013035107589406f,0.04418146380155574f,0f,0.9418664794061369f,-0.3359874029946497f,0.8286977313936715f,-0.28680323271109076f,-0.321872408338992f,-0.9022982092725914f,-0.5337979908567348f,0f,0f,0f,1f], start_interpolation: 0, interpolation_duration: 1 }