# This file was generated by Animated Java via MC-Build. It is not recommended to edit this file directly.
$data merge entity $(bone_left_eye) { transformation: [-0.9550738414534143f,0.005788868772739424f,0.29631140101209463f,0.2095940141743509f,-1.734723475976807e-18f,0.9998092184411558f,-0.01953270897968179f,1.734993979797086f,-0.29636794255016574f,-0.01865517939921628f,-0.9548916309771306f,-0.22769419010754113f,0f,0f,0f,1f], start_interpolation: 0, interpolation_duration: 1 }
$data merge entity $(bone_right_eye) { transformation: [-0.9550738414534143f,0.005788868772739424f,0.29631140101209463f,-0.029174446189002695f,-1.734723475976807e-18f,0.9998092184411558f,-0.01953270897968179f,1.734993979797086f,-0.29636794255016574f,-0.01865517939921628f,-0.9548916309771306f,-0.3017861757450826f,0f,0f,0f,1f], start_interpolation: 0, interpolation_duration: 1 }
$data merge entity $(bone_right_close) { transformation: [-0.9550738414534143f,0.005788868772739424f,0.29631140101209463f,-0.028704100601217614f,-1.734723475976807e-18f,0.9998092184411558f,-0.01953270897968179f,1.8162284787954297f,-0.29636794255016574f,-0.01865517939921628f,-0.9548916309771306f,-0.30330190907126897f,0f,0f,0f,1f], start_interpolation: 0, interpolation_duration: 1 }
$data merge entity $(bone_left_close) { transformation: [-0.9550738414534143f,0.005788868772739424f,0.29631140101209463f,0.21006435976213597f,-1.734723475976807e-18f,0.9998092184411558f,-0.01953270897968179f,1.8162284787954297f,-0.29636794255016574f,-0.01865517939921628f,-0.9548916309771306f,-0.2292099234337275f,0f,0f,0f,1f], start_interpolation: 0, interpolation_duration: 1 }
$data merge entity $(bone_left_eyebrow) { transformation: [-0.9210322199849796f,0.2527829174999563f,0.29631140101209463f,0.2100458402995727f,0.2587696672016375f,0.965741545454201f,-0.01953270897968179f,1.8162296995897411f,-0.2910977655116814f,0.058686148314073844f,-0.9548916309771306f,-0.2291502427067914f,0f,0f,0f,1f], start_interpolation: 0, interpolation_duration: 1 }
$data merge entity $(bone_right_eyebrow) { transformation: [-0.9240287589609482f,-0.2415996817947817f,0.29631140101209463f,-0.028722620063780874f,-0.2587696672016375f,0.965741545454201f,-0.01953270897968179f,1.8162296995897411f,-0.2814411340750386f,-0.09472518746559142f,-0.9548916309771306f,-0.30324222834433284f,0f,0f,0f,1f], start_interpolation: 0, interpolation_duration: 1 }
$data merge entity $(bone_talking) { transformation: [-0.9550738414534143f,0.005788868772739424f,0.29631140101209463f,0.18135987961576883f,-1.734723475976807e-18f,0.9998092184411558f,-0.01953270897968179f,1.4789377036306464f,-0.29636794255016574f,-0.01865517939921628f,-0.9548916309771306f,-0.5584800227568611f,0f,0f,0f,1f], start_interpolation: 0, interpolation_duration: 1 }
$data merge entity $(bone_m_opened) { transformation: [-0.9550738414534143f,0.005788868772739424f,0.29631140101209463f,0.1822858527439316f,-1.734723475976807e-18f,0.9998092184411558f,-0.01953270897968179f,1.4788766639150848f,-0.29636794255016574f,-0.01865517939921628f,-0.9548916309771306f,-0.5614640591036647f,0f,0f,0f,1f], start_interpolation: 0, interpolation_duration: 1 }
$data merge entity $(bone_head) { transformation: [-0.9550738414534143f,0.005788868772739424f,0.29631140101209463f,0.1628404170525129f,-1.734723475976807e-18f,0.9998092184411558f,-0.01953270897968179f,1.4801584979418765f,-0.29636794255016574f,-0.01865517939921628f,-0.9548916309771306f,-0.49879929582079047f,0f,0f,0f,1f], start_interpolation: 0, interpolation_duration: 1 }
$data merge entity $(item_display_r_item) { transformation: [-0.4178448056358688f,-0.1288577565179113f,-0.014409961425823951f,-0.1942194708318759f,-7.589415207398531e-19f,-0.0486218627488187f,0.43478979342072305f,0.7076580273244558f,-0.1296609748656975f,0.4152563582270664f,0.04643746923413494f,-0.4025724282814937f,0f,0f,0f,1f], start_interpolation: 0, interpolation_duration: 1 }
$data merge entity $(bone_rightarm) { transformation: [-0.9550738414534143f,-0.03293705468759767f,0.29453201489808295f,-0.1411721262871037f,-1.734723475976807e-18f,0.9938052421045098f,0.1111356862830144f,1.356570225210528f,-0.29636794255016574f,0.10614278682088008f,-0.9491573902332947f,-0.5735225340767673f,0f,0f,0f,1f], start_interpolation: 0, interpolation_duration: 1 }
$data merge entity $(item_display_l_item) { transformation: [-0.4178448056358688f,-0.11641999620423406f,0.05708198390849054f,0.2710500190940129f,-7.589415207398531e-19f,0.192605122596309f,0.3928225003098228f,0.9241886565949884f,-0.1296609748656975f,0.37517449438023753f,-0.18395211432166267f,0.20691751651857565f,0f,0f,0f,1f], start_interpolation: 0, interpolation_duration: 1 }
$data merge entity $(bone_leftarm) { transformation: [-0.9550738414534143f,0.13047310607654974f,0.26610284846682075f,0.41912142250856166f,-1.734723475976807e-18f,0.8978800007081665f,-0.44024028022013467f,1.3753035869825587f,-0.29636794255016574f,-0.42046197559237164f,-0.8575417014405431f,-0.2702566435867924f,0f,0f,0f,1f], start_interpolation: 0, interpolation_duration: 1 }
$data merge entity $(bone_body) { transformation: [-0.9550738414534143f,0.044415743083397234f,0.29302081690174847f,0.12952860973996497f,-1.734723475976807e-18f,0.9887061818507893f,-0.14986689417624532f,0.7386288615537846f,-0.29636794255016574f,-0.14313395032759896f,-0.9442874111689714f,-0.39144883307509126f,0f,0f,0f,1f], start_interpolation: 0, interpolation_duration: 1 }
$data merge entity $(bone_leftleg) { transformation: [-0.9550738414534143f,-0.1080452466126891f,0.27597134281628144f,0.25008210747375975f,-1.734723475976807e-18f,0.9311781174496233f,0.3645645533824916f,0.8010042126041286f,-0.29636794255016574f,0.3481860684567647f,-0.8893438617099704f,-0.3581709159904197f,0f,0f,0f,1f], start_interpolation: 0, interpolation_duration: 1 }
$data merge entity $(bone_rightleg) { transformation: [-0.9550738414534143f,0.1419561678163318f,0.2601584205639321f,0.011313647110406166f,-1.734723475976807e-18f,0.8778224065846646f,-0.4789862445811024f,0.8010042126041286f,-0.29636794255016574f,-0.4574672326154182f,-0.8383852179706967f,-0.4322629016279611f,0f,0f,0f,1f], start_interpolation: 0, interpolation_duration: 1 }