# This file was generated by Animated Java via MC-Build. It is not recommended to edit this file directly.
$data merge entity $(bone_left_eye) { transformation: [-0.9537169507482267f,0.026208237304323152f,0.2995615231515972f,0.19674758829507455f,0f,0.9961946980917455f,-0.08715574274765739f,1.7377819799266523f,-0.30070579950427395f,-0.08312190921349269f,-0.9500877698156099f,-0.19330039277949423f,0f,0f,0f,1f], start_interpolation: 0, interpolation_duration: 1 }
$data merge entity $(bone_right_eye) { transformation: [-0.9537169507482267f,0.026208237304323152f,0.2995615231515972f,-0.041681649391982115f,0f,0.9961946980917455f,-0.08715574274765739f,1.7377819799266523f,-0.30070579950427395f,-0.08312190921349269f,-0.9500877698156099f,-0.2684768426555627f,0f,0f,0f,1f], start_interpolation: 0, interpolation_duration: 1 }
$data merge entity $(bone_right_close) { transformation: [-0.9537169507482267f,0.026208237304323152f,0.2995615231515972f,-0.03955223011100585f,0f,0.9961946980917455f,-0.08715574274765739f,1.8187227991466064f,-0.30070579950427395f,-0.08312190921349269f,-0.9500877698156099f,-0.275230497779159f,0f,0f,0f,1f], start_interpolation: 0, interpolation_duration: 1 }
$data merge entity $(bone_left_close) { transformation: [-0.9537169507482267f,0.026208237304323152f,0.2995615231515972f,0.1988770075760508f,0f,0.9961946980917455f,-0.08715574274765739f,1.8187227991466064f,-0.30070579950427395f,-0.08312190921349269f,-0.9500877698156099f,-0.2000540479030905f,0f,0f,0f,1f], start_interpolation: 0, interpolation_duration: 1 }
$data merge entity $(bone_left_eyebrow) { transformation: [-0.9144366427444464f,0.27215532376450213f,0.2995615231515972f,0.19885828498085384f,0.25783416049629954f,0.9622501868990583f,-0.08715574274765739f,1.8187282463805283f,-0.3119730310258153f,-0.002461210955281609f,-0.9500877698156099f,-0.199994667417477f,0f,0f,0f,1f], start_interpolation: 0, interpolation_duration: 1 }
$data merge entity $(bone_right_eyebrow) { transformation: [-0.9280030246502968f,-0.2215248972169855f,0.2995615231515972f,-0.03957095270620284f,-0.25783416049629954f,0.9622501868990583f,-0.08715574274765739f,1.8187282463805283f,-0.26894596468634613f,-0.1581179867242541f,-0.9500877698156099f,-0.2751711172935455f,0f,0f,0f,1f], start_interpolation: 0, interpolation_duration: 1 }
$data merge entity $(bone_talking) { transformation: [-0.9537169507482267f,0.026208237304323152f,0.2995615231515972f,0.16459388611033957f,0f,0.9961946980917455f,-0.08715574274765739f,1.4614971357950728f,-0.30070579950427395f,-0.08312190921349269f,-0.9500877698156099f,-0.5070105684815334f,0f,0f,0f,1f], start_interpolation: 0, interpolation_duration: 1 }
$data merge entity $(bone_m_opened) { transformation: [-0.9537169507482267f,0.026208237304323152f,0.2995615231515972f,0.1655300158701883f,0f,0.9961946980917455f,-0.08715574274765739f,1.4612247740989863f,-0.30070579950427395f,-0.08312190921349269f,-0.9500877698156099f,-0.5099795927622072f,0f,0f,0f,1f], start_interpolation: 0, interpolation_duration: 1 }
$data merge entity $(bone_head) { transformation: [-0.9537169507482267f,0.026208237304323152f,0.2995615231515972f,0.14587129091336473f,0f,0.9961946980917455f,-0.08715574274765739f,1.4669443697168014f,-0.30070579950427395f,-0.08312190921349269f,-0.9500877698156099f,-0.4476300828680578f,0f,0f,0f,1f], start_interpolation: 0, interpolation_duration: 1 }
$data merge entity $(item_display_r_item) { transformation: [-0.4172511659523492f,-0.13083809448115988f,0.013751637864060475f,-0.2563036270474803f,0f,0.045731202679597883f,0.4351033292236196f,0.7507595726424099f,-0.13155878728311984f,0.41496542040755235f,-0.043614623173635216f,-0.21131592949229183f,0f,0f,0f,1f], start_interpolation: 0, interpolation_duration: 1 }
$data merge entity $(bone_rightarm) { transformation: [-0.9537169507482267f,0.031432315117852445f,0.29905850167122255f,-0.16189380468101686f,0f,0.9945218953682734f,-0.10452846326765208f,1.3462036414306677f,-0.30070579950427395f,-0.09969056725402314f,-0.9484923895029768f,-0.5107456314018005f,0f,0f,0f,1f], start_interpolation: 0, interpolation_duration: 1 }
$data merge entity $(item_display_l_item) { transformation: [-0.4172511659523492f,-0.1182442547484067f,0.057671576451481486f,0.24791574037483738f,0f,0.1917873767202212f,0.3932223952558856f,0.9264025298287725f,-0.13155878728311984f,0.3750228637693572f,-0.18291087211761078f,0.26794799767961874f,0f,0f,0f,1f], start_interpolation: 0, interpolation_duration: 1 }
$data merge entity $(bone_leftarm) { transformation: [-0.9537169507482267f,0.13182074617481476f,0.2702725822820725f,0.39787185230461475f,0f,0.8987940462991671f,-0.43837114678907685f,1.3785560220684827f,-0.30070579950427395f,-0.4180819934116816f,-0.8571951171871023f,-0.20765202749945785f,0f,0f,0f,1f], start_interpolation: 0, interpolation_duration: 1 }
$data merge entity $(bone_body) { transformation: [-0.9537169507482267f,0.07782838788448594f,0.2904594978560808f,0.08750000000000027f,0f,0.9659258262890685f,-0.25881904510251974f,0.7424999999999999f,-0.30070579950427395f,-0.2468401104907429f,-0.9212198336973718f,-0.2625000000000006f,0f,0f,0f,1f], start_interpolation: 0, interpolation_duration: 1 }
$data merge entity $(bone_leftleg) { transformation: [-0.9537169507482267f,-0.07782838788448644f,0.29045949785608066f,0.2067146188435286f,0f,0.9659258262890681f,0.2588190451025214f,0.8258333333333332f,-0.30070579950427395f,0.24684011049074447f,-0.9212198336973714f,-0.22491177506196638f,0f,0f,0f,1f], start_interpolation: 0, interpolation_duration: 1 }
$data merge entity $(bone_rightleg) { transformation: [-0.9537169507482267f,0.07782838788448644f,0.29045949785608066f,-0.03171461884352807f,0f,0.9659258262890681f,-0.2588190451025214f,0.7841666666666667f,-0.30070579950427395f,-0.24684011049074447f,-0.9212198336973714f,-0.3000882249380349f,0f,0f,0f,1f], start_interpolation: 0, interpolation_duration: 1 }