# This file was generated by Animated Java via MC-Build. It is not recommended to edit this file directly.
$data merge entity $(bone_left_eye) { transformation: [-0.9537169507482267f,0.04443385901871418f,0.2974047915353914f,0.18068796645419102f,0f,0.989022466562586f,-0.1477652213291705f,1.727717391276197f,-0.30070579950427395f,-0.14092619631269326f,-0.9432474910315594f,-0.1473706280232898f,0f,0f,0f,1f], start_interpolation: 0, interpolation_duration: 1 }
$data merge entity $(bone_right_eye) { transformation: [-0.9537169507482267f,0.04443385901871418f,0.2974047915353914f,-0.057741271232865654f,0f,0.989022466562586f,-0.1477652213291705f,1.727717391276197f,-0.30070579950427395f,-0.14092619631269326f,-0.9432474910315594f,-0.22254707789935826f,0f,0f,0f,1f], start_interpolation: 0, interpolation_duration: 1 }
$data merge entity $(bone_right_close) { transformation: [-0.9537169507482267f,0.04443385901871418f,0.2974047915353914f,-0.05343674114042771f,0f,0.989022466562586f,-0.1477652213291705f,1.8235289427244477f,-0.30070579950427395f,-0.14092619631269326f,-0.9432474910315594f,-0.2361993031671504f,0f,0f,0f,1f], start_interpolation: 0, interpolation_duration: 1 }
$data merge entity $(bone_left_close) { transformation: [-0.9537169507482267f,0.04443385901871418f,0.2974047915353914f,0.18499249654662897f,0f,0.989022466562586f,-0.1477652213291705f,1.8235289427244477f,-0.30070579950427395f,-0.14092619631269326f,-0.9432474910315594f,-0.16102285329108193f,0f,0f,0f,1f], start_interpolation: 0, interpolation_duration: 1 }
$data merge entity $(bone_left_eyebrow) { transformation: [-0.909719504735928f,0.2897599224786073f,0.2974047915353914f,0.1839093475415013f,0.2559778503806682f,0.9553223432329183f,-0.1477652213291705f,1.7998428481227187f,-0.3269338814156624f,-0.05829586473462747f,-0.9432474910315594f,-0.1575875435362342f,0f,0f,0f,1f], start_interpolation: 0, interpolation_duration: 1 }
$data merge entity $(bone_right_eyebrow) { transformation: [-0.9327201626588152f,-0.20392029850288038f,0.2974047915353914f,-0.054519890145555375f,-0.2559778503806682f,0.9553223432329183f,-0.1477652213291705f,1.7998428481227187f,-0.25398511429649906f,-0.21395264050359994f,-0.9432474910315594f,-0.23276399341230267f,0f,0f,0f,1f], start_interpolation: 0, interpolation_duration: 1 }
$data merge entity $(bone_talking) { transformation: [-0.9537169507482267f,0.04443385901871418f,0.2974047915353914f,0.14330388021079396f,0f,0.989022466562586f,-0.1477652213291705f,1.4342851429701848f,-0.30070579950427395f,-0.14092619631269326f,-0.9432474910315594f,-0.444492144830513f,0f,0f,0f,1f], start_interpolation: 0, interpolation_duration: 1 }
$data merge entity $(bone_m_opened) { transformation: [-0.9537169507482267f,0.04443385901871418f,0.2974047915353914f,0.1256454707133801f,0f,0.989022466562586f,-0.1477652213291705f,1.4430587029866044f,-0.30070579950427395f,-0.14092619631269326f,-0.9432474910315594f,-0.3884868250505142f,0f,0f,0f,1f], start_interpolation: -1, interpolation_duration: 0 }
$data merge entity $(bone_head) { transformation: [-0.9537169507482267f,0.04443385901871418f,0.2974047915353914f,0.124716080739832f,0f,0.989022466562586f,-0.1477652213291705f,1.443520469303258f,-0.30070579950427395f,-0.14092619631269326f,-0.9432474910315594f,-0.38553917664104054f,0f,0f,0f,1f], start_interpolation: 0, interpolation_duration: 1 }
$data merge entity $(item_display_r_item) { transformation: [-0.4172511659523492f,-0.12512165823034005f,0.04064831058107026f,-0.316356419077661f,0f,0.13517634394840639f,0.4160932660314777f,0.8096455882432186f,-0.13155878728311984f,0.39683520090641167f,-0.12891997056376767f,-0.025857654824232523f,0f,0f,0f,1f], start_interpolation: 0, interpolation_duration: 1 }
$data merge entity $(bone_rightarm) { transformation: [-0.9537169507482267f,0.09291042418530339f,0.2859923616693487f,-0.18678931354450917f,0f,0.9510703223576635f,-0.3089745004535001f,1.3268209146033834f,-0.30070579950427395f,-0.29467421843146874f,-0.9070518877860839f,-0.4367920132904215f,0f,0f,0f,1f], start_interpolation: 0, interpolation_duration: 1 }
$data merge entity $(item_display_l_item) { transformation: [-0.4172511659523492f,-0.11874555589871567f,0.05663221226219372f,0.22543378403005684f,0f,0.18833096121043988f,0.39488947700534105f,0.9151015619820124f,-0.13155878728311984f,0.37661278789209585f,-0.17961443005710326f,0.3342468051674208f,0f,0f,0f,1f], start_interpolation: 0, interpolation_duration: 1 }
$data merge entity $(bone_leftarm) { transformation: [-0.9537169507482267f,0.12944505659929986f,0.27141841348277873f,0.37419154777531394f,0f,0.9026045188693511f,-0.43047076848100524f,1.3716116941551055f,-0.30070579950427395f,-0.41054726870195013f,-0.8608292294676477f,-0.13755254513821003f,0f,0f,0f,1f], start_interpolation: 0, interpolation_duration: 1 }
$data merge entity $(bone_body) { transformation: [-0.9537169507482267f,0.10775077740416278f,0.2807378631825482f,0.04390299768670991f,0f,0.9335964375989965f,-0.3583262364137787f,0.7433231411040105f,-0.30070579950427395f,-0.3417418055656372f,-0.890386747696322f,-0.12923282246681264f,0f,0f,0f,1f], start_interpolation: 0, interpolation_duration: 1 }
$data merge entity $(bone_leftleg) { transformation: [-0.9537169507482267f,-0.04705402108174678f,0.2970015100223282f,0.16093120203832562f,0f,0.9876813500502738f,0.15647859522269703f,0.8472357382409819f,-0.30070579950427395f,0.14923628869315667f,-0.941968445480839f,-0.08471017669041667f,0f,0f,0f,1f], start_interpolation: 0, interpolation_duration: 1 }
$data merge entity $(bone_rightleg) { transformation: [-0.9537169507482267f,0.005234606207999547f,0.30066023473906844f,-0.07574890405520096f,0f,0.9998484739393768f,-0.017407732796071843f,0.7641056605314047f,-0.30070579950427395f,-0.016602049841709543f,-0.9535724377757302f,-0.16543416323717455f,0f,0f,0f,1f], start_interpolation: 0, interpolation_duration: 1 }