# This file was generated by Animated Java via MC-Build. It is not recommended to edit this file directly.
$data merge entity $(bone_left_eye) { transformation: [-0.9537169507482267f,0.04830472667205879f,0.29680065909064673f,0.054058668101707674f,-3.469446951953614e-18f,0.9870134183641787f,-0.16063782857427805f,1.7749442505592712f,-0.30070579950427395f,-0.1532030200426768f,-0.9413314277098681f,0.2492413480560857f,0f,0f,0f,1f], start_interpolation: 0, interpolation_duration: 1 }
$data merge entity $(bone_right_eye) { transformation: [-0.9537169507482267f,0.04830472667205879f,0.29680065909064673f,-0.184370569585349f,-3.469446951953614e-18f,0.9870134183641787f,-0.16063782857427805f,1.7749442505592712f,-0.30070579950427395f,-0.1532030200426768f,-0.9413314277098681f,0.17406489818001722f,0f,0f,0f,1f], start_interpolation: 0, interpolation_duration: 1 }
$data merge entity $(bone_right_close) { transformation: [-0.9537169507482267f,0.04830472667205879f,0.29680065909064673f,-0.1789362878347424f,-3.469446951953614e-18f,0.9870134183641787f,-0.16063782857427805f,1.8859832601252413f,-0.30070579950427395f,-0.1532030200426768f,-0.9413314277098681f,0.1568295584252161f,0f,0f,0f,1f], start_interpolation: 0, interpolation_duration: 1 }
$data merge entity $(bone_left_close) { transformation: [-0.9537169507482267f,0.04830472667205879f,0.29680065909064673f,0.05949294985231428f,-3.469446951953614e-18f,0.9870134183641787f,-0.16063782857427805f,1.8859832601252413f,-0.30070579950427395f,-0.1532030200426768f,-0.9413314277098681f,0.23200600830128457f,0f,0f,0f,1f], start_interpolation: 0, interpolation_duration: 1 }
$data merge entity $(bone_left_eyebrow) { transformation: [-0.908717650466171f,0.2934988935151198f,0.29680065909064673f,0.05715979832475164f,0.25545787044439155f,0.9533817516918172f,-0.16063782857427805f,1.8386989070262436f,-0.3301113572103487f,-0.07015436584021706f,-0.9413314277098681f,0.23940581955922802f,0f,0f,0f,1f], start_interpolation: 0, interpolation_duration: 1 }
$data merge entity $(bone_right_eyebrow) { transformation: [-0.9337220169285722f,-0.20018132746636785f,0.29680065909064673f,-0.18126943936230505f,-0.25545787044439155f,0.9533817516918172f,-0.16063782857427805f,1.8386989070262436f,-0.25080763850181276f,-0.22581114160918953f,-0.9413314277098681f,0.16422936968315954f,0f,0f,0f,1f], start_interpolation: 0, interpolation_duration: 1 }
$data merge entity $(bone_talking) { transformation: [-0.9537169507482267f,0.04830472667205879f,0.29680065909064673f,0.015518073555991739f,-3.469446951953614e-18f,0.9870134183641787f,-0.16063782857427805f,1.4779915745387646f,-0.30070579950427395f,-0.1532030200426768f,-0.9413314277098681f,-0.044212193030613134f,0f,0f,0f,1f], start_interpolation: 0, interpolation_duration: 1 }
$data merge entity $(bone_m_opened) { transformation: [-0.9537169507482267f,0.04830472667205879f,0.29680065909064673f,-0.0021044655775154103f,-3.469446951953614e-18f,0.9870134183641787f,-0.16063782857427805f,1.4875294456103623f,-0.30070579950427395f,-0.1532030200426768f,-0.9413314277098681f,0.011679360489660284f,0f,0f,0f,1f], start_interpolation: -1, interpolation_duration: 0 }
$data merge entity $(bone_head) { transformation: [-0.9537169507482267f,0.04830472667205879f,0.29680065909064673f,-0.003031967637173682f,-3.469446951953614e-18f,0.9870134183641787f,-0.16063782857427805f,1.488031438824657f,-0.30070579950427395f,-0.1532030200426768f,-0.9413314277098681f,0.014621021201253623f,0f,0f,0f,1f], start_interpolation: 0, interpolation_duration: 1 }
$data merge entity $(item_display_r_item) { transformation: [-0.4172511659523492f,-0.13131425515393916f,0.008017537325846813f,-0.3878828831445341f,-1.5178830414797062e-18f,0.026662396731503193f,0.4366868060756266f,0.7544334442736388f,-0.13155878728311984f,0.4164756091224288f,-0.025428379710408715f,0.1959904584394206f,0f,0f,0f,1f], start_interpolation: 0, interpolation_duration: 1 }
$data merge entity $(bone_rightarm) { transformation: [-0.9537169507482267f,0.018325799601935505f,0.3001468689232895f,-0.3013925411625021f,-3.469446951953614e-18f,0.9981412710300037f,-0.060942621100578506f,1.3630360833922466f,-0.30070579950427395f,-0.058122010766648274f,-0.9519442494226944f,-0.07832186064540819f,0f,0f,0f,1f], start_interpolation: 0, interpolation_duration: 1 }
$data merge entity $(item_display_l_item) { transformation: [-0.4172511659523492f,-0.1315133391888621f,-0.0034577632655357527f,0.18688290703693136f,-1.5178830414797062e-18f,-0.011498824669281477f,0.4373488619297244f,0.7327587909012732f,-0.13155878728311984f,0.41710702301282393f,0.010966624000775613f,0.45150971786310046f,0f,0f,0f,1f], start_interpolation: 0, interpolation_duration: 1 }
$data merge entity $(bone_leftarm) { transformation: [-0.9537169507482267f,-0.007903458892653216f,0.30060191814597054f,0.25709372476551573f,-3.469446951953614e-18f,0.9996545415536557f,0.02628302781550074f,1.3641136363261832f,-0.30070579950427395f,0.025066569144630183f,-0.953387481172169f,0.22882945328545207f,0f,0f,0f,1f], start_interpolation: 0, interpolation_duration: 1 }
$data merge entity $(bone_body) { transformation: [-0.9537169507482267f,0.0025922113320605844f,0.3006946263169905f,-0.00497612613621912f,-3.469446951953614e-18f,0.9999628434592819f,-0.008620423471492555f,0.7380593062301956f,-0.30070579950427395f,-0.008221443987390331f,-0.9536815139255126f,0.02078710419179637f,0f,0f,0f,1f], start_interpolation: 0, interpolation_duration: 1 }
$data merge entity $(bone_leftleg) { transformation: [-0.9537169507482267f,-0.023624916311555163f,0.2997763185856692f,0.1080307121976936f,-3.469446951953614e-18f,0.9969090023533398f,0.07856488418414885f,0.8613428164538675f,-0.30070579950427395f,0.07492866177999398f,-0.9507690138978839f,0.07806389352833912f,0f,0f,0f,1f], start_interpolation: 0, interpolation_duration: 1 }
$data merge entity $(bone_rightleg) { transformation: [-0.9537169507482267f,-0.07532161217798652f,0.29111961904758943f,-0.12419074497974746f,-3.469446951953614e-18f,0.9681210655980439f,0.25048273861747045f,0.7380593062301956f,-0.30070579950427395f,0.23888963368931898f,-0.9233134706372903f,-0.01680112074623788f,0f,0f,0f,1f], start_interpolation: 0, interpolation_duration: 1 }