# This file was generated by Animated Java via MC-Build. It is not recommended to edit this file directly.
$data merge entity $(bone_left_eye) { transformation: [-0.9537169507482267f,0.046339163279873724f,0.29711388355650065f,-0.08225174144807747f,0f,0.9880550493083446f,-0.15410132879467503f,1.7080056869825107f,-0.30070579950427395f,-0.14696904940430733f,-0.9423248487977433f,0.6765578860899234f,0f,0f,0f,1f], start_interpolation: 0, interpolation_duration: 1 }
$data merge entity $(bone_right_eye) { transformation: [-0.9537169507482267f,0.046339163279873724f,0.29711388355650065f,-0.32068097913513416f,0f,0.9880550493083446f,-0.15410132879467503f,1.7080056869825107f,-0.30070579950427395f,-0.14696904940430733f,-0.9423248487977433f,0.6013814362138549f,0f,0f,0f,1f], start_interpolation: 0, interpolation_duration: 1 }
$data merge entity $(bone_right_close) { transformation: [-0.9537169507482267f,0.046339163279873724f,0.29711388355650065f,-0.31546782326614836f,0f,0.9880550493083446f,-0.15410132879467503f,1.8191618800296994f,-0.30070579950427395f,-0.14696904940430733f,-0.9423248487977433f,0.5848474181558704f,0f,0f,0f,1f], start_interpolation: 0, interpolation_duration: 1 }
$data merge entity $(bone_left_close) { transformation: [-0.9537169507482267f,0.046339163279873724f,0.29711388355650065f,-0.07703858557909167f,0f,0.9880550493083446f,-0.15410132879467503f,1.8191618800296994f,-0.30070579950427395f,-0.14696904940430733f,-0.9423248487977433f,0.6600238680319389f,0f,0f,0f,1f], start_interpolation: 0, interpolation_duration: 1 }
$data merge entity $(bone_left_eyebrow) { transformation: [-0.9092263757064248f,0.2916003050713999f,0.29711388355650065f,-0.07966373313130685f,0.2557274643707098f,0.954387889922249f,-0.15410132879467503f,1.7635934148391548f,-0.32849788688252873f,-0.06413281260028822f,-0.9423248487977433f,0.6683497723639811f,0f,0f,0f,1f], start_interpolation: 0, interpolation_duration: 1 }
$data merge entity $(bone_right_eyebrow) { transformation: [-0.9332132916883183f,-0.20207991591008775f,0.29711388355650065f,-0.3180929708183635f,-0.2557274643707098f,0.954387889922249f,-0.15410132879467503f,1.7635934148391548f,-0.2524211088296327f,-0.21978958836926069f,-0.9423248487977433f,0.5931733224879125f,0f,0f,0f,1f], start_interpolation: 0, interpolation_duration: 1 }
$data merge entity $(bone_talking) { transformation: [-0.9537169507482267f,0.046339163279873724f,0.29711388355650065f,-0.12020306250016778f,0f,0.9880550493083446f,-0.15410132879467503f,1.4128352594070885f,-0.30070579950427395f,-0.14696904940430733f,-0.9423248487977433f,0.38123540825367125f,0f,0f,0f,1f], start_interpolation: 0, interpolation_duration: 1 }
$data merge entity $(bone_m_opened) { transformation: [-0.9537169507482267f,0.046339163279873724f,0.29711388355650065f,-0.13784419933633502f,0f,0.9880550493083446f,-0.15410132879467503f,1.4219850258042723f,-0.30070579950427395f,-0.14696904940430733f,-0.9423248487977433f,0.43718594615103723f,0f,0f,0f,1f], start_interpolation: 0, interpolation_duration: 1 }
$data merge entity $(bone_head) { transformation: [-0.9537169507482267f,0.046339163279873724f,0.29711388355650065f,-0.13877268022244907f,0f,0.9880550493083446f,-0.15410132879467503f,1.4224665924567557f,-0.30070579950427395f,-0.14696904940430733f,-0.9423248487977433f,0.4401307113035302f,0f,0f,0f,1f], start_interpolation: 0, interpolation_duration: 1 }
$data merge entity $(item_display_r_item) { transformation: [-0.4172511659523492f,-0.12861895246251237f,-0.027656456368290776f,-0.4572432920638195f,0f,-0.0919718090368845f,0.427723551306779f,0.6422861986036559f,-0.13155878728311984f,0.40792720111550396f,0.0877150732694557f,0.4109687224553523f,0f,0f,0f,1f], start_interpolation: 0, interpolation_duration: 1 }
$data merge entity $(bone_rightarm) { transformation: [-0.9537169507482267f,-0.06321475741323612f,0.2939861770571711f,-0.4232559711827993f,0f,0.9776538315583521f,0.21022127779859337f,1.3058751627772742f,-0.30070579950427395f,0.2004915960444704f,-0.9324050311211519f,0.3031747122028583f,0f,0f,0f,1f], start_interpolation: 0, interpolation_duration: 1 }
$data merge entity $(item_display_l_item) { transformation: [-0.4172511659523492f,-0.11434961832729647f,-0.06505289616770961f,0.16534747372457198f,0f,-0.21633402573196797f,0.3802707447472133f,0.5939403160392859f,-0.13155878728311984f,0.3626706551390695f,0.20632142736418094f,0.5148065378209589f,0f,0f,0f,1f], start_interpolation: 0, interpolation_duration: 1 }
$data merge entity $(bone_leftarm) { transformation: [-0.9537169507482267f,-0.14869233409762203f,0.2613705561766776f,0.1377574039577276f,0f,0.8691902737079159f,0.49447777310164126f,1.2608036803821436f,-0.30070579950427395f,0.4715918339752709f,-0.8289614974607301f,0.6023110596903206f,0f,0f,0f,1f], start_interpolation: 0, interpolation_duration: 1 }
$data merge entity $(bone_body) { transformation: [-0.9537169507482267f,-0.10842604918776462f,0.28047775261691804f,-0.05745314333162559f,0f,0.9327314374358502f,0.3605718591610453f,0.7229180143798679f,-0.30070579950427395f,0.3438834940446912f,-0.8895617823783294f,0.18221809077001186f,0f,0f,0f,1f], start_interpolation: 0, interpolation_duration: 1 }
$data merge entity $(bone_leftleg) { transformation: [-0.9537169507482267f,-0.005958117173012381f,0.3006467673121686f,0.05392695596668108f,0f,0.9998036878829651f,0.01981377540052298f,0.8129750163407589f,-0.30070579950427395f,0.01889673345779702f,-0.9535297245545733f,0.24465423717668403f,0f,0f,0f,1f], start_interpolation: 0, interpolation_duration: 1 }
$data merge entity $(bone_rightleg) { transformation: [-0.9537169507482267f,-0.15548326448663768f,0.2573886794715006f,-0.18189077520530172f,0f,0.8559485048037535f,0.5170610767832158f,0.7829560156871289f,-0.30070579950427395f,0.4931299135002833f,-0.8163325979989398f,0.1611951468110697f,0f,0f,0f,1f], start_interpolation: 0, interpolation_duration: 1 }