# This file was generated by Animated Java via MC-Build. It is not recommended to edit this file directly.
$data merge entity $(bone_left_eye) { transformation: [0.78728264183483f,-0.19469511040203524f,0.5850468834641458f,0.951805328224284f,0.0499221194692812f,0.965851235530753f,0.25424235054650635f,1.610345004151741f,-0.6145679977457869f,-0.1709538089931228f,0.7701175048896612f,-4.133001663910674f,0f,0f,0f,1f], start_interpolation: 0, interpolation_duration: 1 }
$data merge entity $(bone_right_eye) { transformation: [0.78728264183483f,-0.19469511040203524f,0.5850468834641458f,1.1486259886829915f,0.0499221194692812f,0.965851235530753f,0.25424235054650635f,1.6228255340190614f,-0.6145679977457869f,-0.1709538089931228f,0.7701175048896612f,-4.286643663347121f,0f,0f,0f,1f], start_interpolation: 0, interpolation_duration: 1 }
$data merge entity $(bone_right_close) { transformation: [0.78728264183483f,-0.19469511040203524f,0.5850468834641458f,1.0853384987345496f,0.0499221194692812f,0.965851235530753f,0.25424235054650635f,1.6982909367614636f,-0.6145679977457869f,-0.1709538089931228f,0.7701175048896612f,-4.263478825169611f,0f,0f,0f,1f], start_interpolation: 0, interpolation_duration: 1 }
$data merge entity $(bone_left_close) { transformation: [0.78728264183483f,-0.19469511040203524f,0.5850468834641458f,0.8885178382758421f,0.0499221194692812f,0.965851235530753f,0.25424235054650635f,1.6858104068941433f,-0.6145679977457869f,-0.1709538089931228f,0.7701175048896612f,-4.109836825733164f,0f,0f,0f,1f], start_interpolation: 0, interpolation_duration: 1 }
$data merge entity $(bone_left_eyebrow) { transformation: [0.81076063422923f,-0.019680907832381273f,0.5850468834641458f,0.8921318061656637f,-0.16030970263509234f,0.9537618289854316f,0.25424235054650635f,1.6676848060810328f,-0.5629991058831842f,-0.2999183812927405f,0.7701175048896612f,-4.106679574158599f,0f,0f,0f,1f], start_interpolation: 0, interpolation_duration: 1 }
$data merge entity $(bone_right_eyebrow) { transformation: [0.7100658337769641f,-0.39182477697500784f,0.5850468834641458f,1.088952466624371f,0.29820175898962636f,0.9200198574618268f,0.25424235054650635f,1.680165335948353f,-0.6378732026336562f,-0.006066796881813025f,0.7701175048896612f,-4.260321573595045f,0f,0f,0f,1f], start_interpolation: 0, interpolation_duration: 1 }
$data merge entity $(bone_talking) { transformation: [0.78728264183483f,-0.19469511040203524f,0.5850468834641458f,1.2342480749084155f,0.0499221194692812f,0.965851235530753f,0.25424235054650635f,1.4515631846040247f,-0.6145679977457869f,-0.1709538089931228f,0.7701175048896612f,-3.889367655944396f,0f,0f,0f,1f], start_interpolation: 0, interpolation_duration: 1 }
$data merge entity $(bone_m_opened) { transformation: [0.78728264183483f,-0.19469511040203524f,0.5850468834641458f,1.2348574987453573f,0.0499221194692812f,0.965851235530753f,0.25424235054650635f,1.451828020385844f,-0.6145679977457869f,-0.1709538089931228f,0.7701175048896612f,-3.888565450210136f,0f,0f,0f,1f], start_interpolation: 0, interpolation_duration: 1 }
$data merge entity $(bone_head) { transformation: [0.78728264183483f,-0.19469511040203524f,0.5850468834641458f,1.1976826446919064f,0.0499221194692812f,0.965851235530753f,0.25424235054650635f,1.435673037694868f,-0.6145679977457869f,-0.1709538089931228f,0.7701175048896612f,-3.9375f,0f,0f,0f,1f], start_interpolation: 0, interpolation_duration: 1 }
$data merge entity $(item_display_r_item) { transformation: [0.11901009495359136f,-0.41730075838516617f,-0.05570389887882445f,1.0475216260881481f,0.0186225370403283f,-0.05261211905344754f,0.43392558814027943f,0.6610197660385924f,-0.42059011925307843f,-0.12040885341149545f,0.0034510298187986344f,-4.323735101690567f,0f,0f,0f,1f], start_interpolation: 0, interpolation_duration: 1 }
$data merge entity $(bone_rightarm) { transformation: [0.2720230741796374f,-0.12732319743731324f,0.9538303048803798f,1.2064022039099223f,0.04256579894932183f,0.9918299157492101f,0.12025627212216602f,1.3109775314123902f,-0.9613488440070365f,0.00788806815725396f,0.27522023636913245f,-4.25f,0f,0f,0f,1f], start_interpolation: 0, interpolation_duration: 1 }
$data merge entity $(item_display_l_item) { transformation: [-0.14812033866903726f,-0.4106606139500548f,-0.028713680062536936f,1.0127585388849436f,-0.02396595216033274f,-0.0218618733129297f,0.43629570434774856f,0.6752054547367896f,-0.41096502090764164f,0.1492855272469955f,-0.015094136112020914f,-3.518130932841687f,0f,0f,0f,1f], start_interpolation: 0, interpolation_duration: 1 }
$data merge entity $(bone_leftarm) { transformation: [-0.3385607741006566f,-0.06563126871437035f,0.9386528318858396f,1.206402203909922f,-0.05477931922361769f,0.9972473242234252f,0.04996999614383954f,1.3109775314123902f,-0.9393486192174666f,-0.034500882541762014f,-0.3412240622788469f,-3.625f,0f,0f,0f,1f], start_interpolation: 0, interpolation_duration: 1 }
$data merge entity $(bone_body) { transformation: [3.4450928483976665e-16f,-0.0697564737441253f,0.9975640502598242f,1.2500000000000004f,0f,0.9975640502598242f,0.0697564737441253f,0.6875f,-1f,-2.4031752882532567e-17f,3.436700775368731e-16f,-3.9375f,0f,0f,0f,1f], start_interpolation: 0, interpolation_duration: 1 }
$data merge entity $(bone_leftleg) { transformation: [-0.21643961393810254f,4.670220861056469e-17f,0.9762960071199335f,1.2500000000000004f,-0.12743220028900526f,0.9914448613738104f,-0.028251038652918573f,0.75f,-0.9679436594388271f,-0.13052619222005157f,-0.2145879430366631f,-3.8125f,0f,0f,0f,1f], start_interpolation: 0, interpolation_duration: 1 }