# This file was generated by Animated Java via MC-Build. It is not recommended to edit this file directly.
$data merge entity $(bone_left_eye) { transformation: [-0.9537169507482267f,0.03917172240576597f,0.2981435124554453f,-0.13220394838637722f,0f,0.9914790900173764f,-0.13026593590925778f,1.6385102709003916f,-0.300705799504274f,-0.12423683118174139f,-0.9455904144619989f,0.8349860459820063f,0f,0f,0f,1f], start_interpolation: 0, interpolation_duration: 1 }
$data merge entity $(bone_right_eye) { transformation: [-0.9537169507482267f,0.03917172240576597f,0.2981435124554453f,-0.37063318607343393f,0f,0.9914790900173764f,-0.13026593590925778f,1.6385102709003916f,-0.300705799504274f,-0.12423683118174139f,-0.9455904144619989f,0.7598095961059378f,0f,0f,0f,1f], start_interpolation: 0, interpolation_duration: 1 }
$data merge entity $(bone_right_close) { transformation: [-0.9537169507482267f,0.03917172240576597f,0.2981435124554453f,-0.36622636730278524f,0f,0.9914790900173764f,-0.13026593590925778f,1.7500516685273464f,-0.300705799504274f,-0.12423683118174139f,-0.9455904144619989f,0.7458329525979919f,0f,0f,0f,1f], start_interpolation: 0, interpolation_duration: 1 }
$data merge entity $(bone_left_close) { transformation: [-0.9537169507482267f,0.03917172240576597f,0.2981435124554453f,-0.1277971296157286f,0f,0.9914790900173764f,-0.13026593590925778f,1.7500516685273464f,-0.300705799504274f,-0.12423683118174139f,-0.9455904144619989f,0.8210094024740604f,0f,0f,0f,1f], start_interpolation: 0, interpolation_duration: 1 }
$data merge entity $(bone_left_eyebrow) { transformation: [-0.9110814459092902f,0.2846770888226993f,0.2981435124554453f,-0.13001917297058135f,0.2566136713174136f,0.9576952592733678f,-0.13026593590925778f,1.6942891113348635f,-0.32261435586910214f,-0.0421751759302728f,-0.9455904144619989f,0.8280568236289372f,0f,0f,0f,1f], start_interpolation: 0, interpolation_duration: 1 }
$data merge entity $(bone_right_eyebrow) { transformation: [-0.931358221485453f,-0.20900313215878832f,0.2981435124554453f,-0.36844841065763806f,-0.2566136713174136f,0.9576952592733678f,-0.13026593590925778f,1.6942891113348635f,-0.2583046398430594f,-0.19783195169924528f,-0.9455904144619989f,0.7528803737528686f,0f,0f,0f,1f], start_interpolation: 0, interpolation_duration: 1 }
$data merge entity $(bone_talking) { transformation: [-0.9537169507482267f,0.03917172240576597f,0.2981435124554453f,-0.16804165018902043f,0f,0.9914790900173764f,-0.13026593590925778f,1.3499323934244045f,-0.300705799504274f,-0.12423683118174139f,-0.9455904144619989f,0.5329600243200328f,0f,0f,0f,1f], start_interpolation: 0, interpolation_duration: 1 }
$data merge entity $(bone_m_opened) { transformation: [-0.9537169507482267f,0.03917172240576597f,0.2981435124554453f,-0.18574392124106248f,0f,0.9914790900173764f,-0.13026593590925778f,1.3576669333690168f,-0.300705799504274f,-0.12423683118174139f,-0.9455904144619989f,0.5891044551787139f,0f,0f,0f,1f], start_interpolation: 0, interpolation_duration: 1 }
$data merge entity $(bone_head) { transformation: [-0.9537169507482267f,0.03917172240576597f,0.2981435124554453f,-0.18667561971748575f,0f,0.9914790900173764f,-0.13026593590925778f,1.358074014418733f,-0.300705799504274f,-0.12423683118174139f,-0.9455904144619989f,0.5920594252239076f,0f,0f,0f,1f], start_interpolation: 0, interpolation_duration: 1 }
$data merge entity $(item_display_r_item) { transformation: [-0.4172511659523492f,-0.12843283980673428f,-0.028508247413387554f,-0.5000112311546258f,0f,-0.09480444826932043f,0.4271046318975594f,0.5828893704954651f,-0.13155878728311987f,0.40733692718378417f,0.09041660932078423f,0.5466112957835392f,0f,0f,0f,1f], start_interpolation: 0, interpolation_duration: 1 }
$data merge entity $(bone_rightarm) { transformation: [-0.9537169507482267f,-0.06516170837345733f,0.2935607767011069f,-0.46734710471275986f,0f,0.9762391586229928f,0.2166958817584469f,1.2472128150744473f,-0.300705799504274f,0.2066665355903642f,-0.9310558335629352f,0.44301392213678303f,0f,0f,0f,1f], start_interpolation: 0, interpolation_duration: 1 }
$data merge entity $(item_display_l_item) { transformation: [-0.4172511659523492f,-0.0969719782461154f,-0.08890528638073275f,0.16698437689675072f,0f,-0.2956553765417788f,0.3224812371626277f,0.5598317245276734f,-0.13155878728311987f,0.30755582218025707f,0.28197154418774406f,0.5096149442281048f,0f,0f,0f,1f], start_interpolation: 0, interpolation_duration: 1 }
$data merge entity $(bone_leftarm) { transformation: [-0.9537169507482267f,-0.20321208315596065f,0.22165023599112088f,0.09538938392205552f,0f,0.7370999706574346f,0.6757837178097803f,1.189465135641015f,-0.300705799504274f,0.6445063867148437f,-0.702984736412016f,0.7366852518218782f,0f,0f,0f,1f], start_interpolation: 0, interpolation_duration: 1 }
$data merge entity $(bone_body) { transformation: [-0.9537169507482267f,-0.13892049690837388f,0.2666928446626102f,-0.08248524703620534f,0f,0.8868895947542892f,0.46198143546745735f,0.6929068183530164f,-0.300705799504274f,0.440599525936312f,-0.8458416399593912f,0.26160978077167363f,0f,0f,0f,1f], start_interpolation: 0, interpolation_duration: 1 }
$data merge entity $(bone_leftleg) { transformation: [-0.9537169507482267f,0.007792652421634072f,0.30060481104556563f,0.029230712985849797f,0f,0.9996641619188096f,-0.025914539840869555f,0.7502165291123815f,-0.300705799504274f,-0.02471513591707758f,-0.9533966562774886f,0.32298071305258735f,0f,0f,0f,1f], start_interpolation: 0, interpolation_duration: 1 }
$data merge entity $(bone_rightleg) { transformation: [-0.9537169507482267f,-0.22526762465306577f,0.19919456603700336f,-0.21669718352268014f,0f,0.6624234263701727f,0.7491296311026553f,0.8075262398717469f,-0.300705799504274f,0.7144576274903682f,-0.6317644503019536f,0.27158697051939834f,0f,0f,0f,1f], start_interpolation: 0, interpolation_duration: 1 }