# This file was generated by Animated Java via MC-Build. It is not recommended to edit this file directly.
$data merge entity $(bone_left_eye) { transformation: [-0.9537169507482267f,0.024796301110819763f,0.2996816999863793f,-0.1870445921326347f,0f,0.9965943473003079f,-0.08246033548969606f,1.5322210821375946f,-0.300705799504274f,-0.07864381972090878f,-0.950468922040169f,1.0089183466458884f,0f,0f,0f,1f], start_interpolation: 0, interpolation_duration: 1 }
$data merge entity $(bone_right_eye) { transformation: [-0.9537169507482267f,0.024796301110819763f,0.2996816999863793f,-0.4254738298196914f,0f,0.9965943473003079f,-0.08246033548969606f,1.5322210821375946f,-0.300705799504274f,-0.07864381972090878f,-0.950468922040169f,0.93374189676982f,0f,0f,0f,1f], start_interpolation: 0, interpolation_duration: 1 }
$data merge entity $(bone_right_close) { transformation: [-0.9537169507482267f,0.024796301110819763f,0.2996816999863793f,-0.4226842459447242f,0f,0.9965943473003079f,-0.08246033548969606f,1.6443379462088792f,-0.300705799504274f,-0.07864381972090878f,-0.950468922040169f,0.9248944670512178f,0f,0f,0f,1f], start_interpolation: 0, interpolation_duration: 1 }
$data merge entity $(bone_left_close) { transformation: [-0.9537169507482267f,0.024796301110819763f,0.2996816999863793f,-0.1842550082576675f,0f,0.9965943473003079f,-0.08246033548969606f,1.6443379462088792f,-0.300705799504274f,-0.07864381972090878f,-0.950468922040169f,1.0000709169272863f,0f,0f,0f,1f], start_interpolation: 0, interpolation_duration: 1 }
$data merge entity $(bone_left_eyebrow) { transformation: [-0.9148020787217946f,0.27079149813012493f,0.2996816999863793f,-0.18566853030140024f,0.2579375973228356f,0.9626362183910646f,-0.08246033548969606f,1.5882846679442049f,-0.3108140161794612f,0.0018642913380389065f,-0.950468922040169f,1.004554036094215f,0f,0f,0f,1f], start_interpolation: 0, interpolation_duration: 1 }
$data merge entity $(bone_right_eyebrow) { transformation: [-0.9276375886729485f,-0.22288872285136271f,0.2996816999863793f,-0.4240977679884569f,-0.2579375973228356f,0.9626362183910646f,-0.08246033548969606f,1.5882846679442049f,-0.27010497953270035f,-0.15379248443093357f,-0.950468922040169f,0.9293775862181464f,0f,0f,0f,1f], start_interpolation: 0, interpolation_duration: 1 }
$data merge entity $(bone_talking) { transformation: [-0.9537169507482267f,0.024796301110819763f,0.2996816999863793f,-0.21880775500812447f,0f,0.9965943473003079f,-0.08246033548969606f,1.2573036404719875f,-0.300705799504274f,-0.07864381972090878f,-0.950468922040169f,0.6939695385005287f,0f,0f,0f,1f], start_interpolation: 0, interpolation_duration: 1 }
$data merge entity $(bone_m_opened) { transformation: [-0.9537169507482267f,0.024796301110819763f,0.2996816999863793f,-0.23660135594481574f,0f,0.9965943473003079f,-0.08246033548969606f,1.2621997228916881f,-0.300705799504274f,-0.07864381972090878f,-0.950468922040169f,0.7504036307466637f,0f,0f,0f,1f], start_interpolation: 0, interpolation_duration: 1 }
$data merge entity $(bone_head) { transformation: [-0.9537169507482267f,0.024796301110819763f,0.2996816999863793f,-0.23753786125727316f,0f,0.9965943473003079f,-0.08246033548969606f,1.2624574114400935f,-0.300705799504274f,-0.07864381972090878f,-0.950468922040169f,0.7533738461280393f,0f,0f,0f,1f], start_interpolation: 0, interpolation_duration: 1 }
$data merge entity $(item_display_r_item) { transformation: [-0.4172511659523492f,-0.1289085424049094f,-0.026273602844810923f,-0.5499981373820915f,0f,-0.08737311647505329f,0.4286865854181079f,0.49806550310426745f,-0.13155878728311987f,0.4088456630716272f,0.08332922222195736f,0.7051495077607867f,0f,0f,0f,1f], start_interpolation: 0, interpolation_duration: 1 }
$data merge entity $(bone_rightarm) { transformation: [-0.9537169507482267f,-0.060053949359567885f,0.2946480969255072f,-0.5138698315004446f,0f,0.9798550523842466f,0.19970998051440775f,1.1604024059730236f,-0.300705799504274f,0.19046679365018848f,-0.9345043727351479f,0.5905651606083675f,0f,0f,0f,1f], start_interpolation: 0, interpolation_duration: 1 }
$data merge entity $(item_display_l_item) { transformation: [-0.4172511659523492f,-0.1116451727361727f,-0.06959216849700366f,0.08713487270842961f,0f,-0.23142941909244602f,0.3712770851783516f,0.4255824105968252f,-0.13155878728311987f,0.3540932495589872f,0.220718159890281f,0.7628652166830628f,0f,0f,0f,1f], start_interpolation: 0, interpolation_duration: 1 }
$data merge entity $(bone_leftarm) { transformation: [-0.9537169507482267f,-0.159067813707437f,0.255188966254109f,0.05151473070480872f,0f,0.8486333375505178f,0.5289815293541625f,1.0882236289044396f,-0.300705799504274f,0.5044986511777854f,-0.8093559989919706f,0.8758378739211861f,0f,0f,0f,1f], start_interpolation: 0, interpolation_duration: 1 }
$data merge entity $(bone_body) { transformation: [-0.9537169507482267f,-0.17363661492519475f,0.24550825609910612f,-0.10731040006337711f,0f,0.8164400437365579f,0.577430216548673f,0.650127378637675f,-0.300705799504274f,0.5507049853966886f,-0.778652708981179f,0.3403451070805228f,0f,0f,0f,1f], start_interpolation: 0, interpolation_duration: 1 }
$data merge entity $(bone_leftleg) { transformation: [-0.9537169507482267f,-0.05447241919525472f,0.2957308462141227f,0.0021487278652987524f,0f,0.983455745455017f,0.1811485487977113f,0.7035480494229182f,-0.300705799504274f,0.17276444159181947f,-0.9379384147511831f,0.40887379629860454f,0f,0f,0f,1f], start_interpolation: 0, interpolation_duration: 1 }
$data merge entity $(bone_rightleg) { transformation: [-0.9537169507482267f,-0.05232038236877194f,0.29611915750976014f,-0.25579149165146287f,0f,0.984747078366712f,0.1739919298364857f,0.8103893909934046f,-0.300705799504274f,0.16593905277845244f,-0.9391699808381258f,0.3955782749826311f,0f,0f,0f,1f], start_interpolation: 0, interpolation_duration: 1 }