# This file was generated by Animated Java via MC-Build. It is not recommended to edit this file directly.
$data merge entity $(bone_left_eye) { transformation: [-0.9537169507482267f,0.010363562142052613f,0.30052716089437315f,-0.23738144553085477f,0f,0.9994059356015236f,-0.03446412459998238f,1.403359230172954f,-0.300705799504274f,-0.032869019823701995f,-0.9531503814615637f,1.1685664492510017f,0f,0f,0f,1f], start_interpolation: 0, interpolation_duration: 1 }
$data merge entity $(bone_right_eye) { transformation: [-0.9537169507482267f,0.010363562142052613f,0.30052716089437315f,-0.4758106832179115f,0f,0.9994059356015236f,-0.03446412459998238f,1.403359230172954f,-0.300705799504274f,-0.032869019823701995f,-0.9531503814615637f,1.0933899993749334f,0f,0f,0f,1f], start_interpolation: 0, interpolation_duration: 1 }
$data merge entity $(bone_right_close) { transformation: [-0.9537169507482267f,0.010363562142052613f,0.30052716089437315f,-0.47464478247693054f,0f,0.9994059356015236f,-0.03446412459998238f,1.5157923979281254f,-0.300705799504274f,-0.032869019823701995f,-0.9531503814615637f,1.0896922346447668f,0f,0f,0f,1f], start_interpolation: 0, interpolation_duration: 1 }
$data merge entity $(bone_left_close) { transformation: [-0.9537169507482267f,0.010363562142052613f,0.30052716089437315f,-0.23621554478987383f,0f,0.9994059356015236f,-0.03446412459998238f,1.5157923979281254f,-0.300705799504274f,-0.032869019823701995f,-0.9531503814615637f,1.1648686845208351f,0f,0f,0f,1f], start_interpolation: 0, interpolation_duration: 1 }
$data merge entity $(bone_left_eyebrow) { transformation: [-0.9185375464399049f,0.2568505428161041f,0.30052716089437315f,-0.23681727810792022f,0.2586652899221777f,0.965352004144101f,-0.03446412459998238f,1.4595779680583272f,-0.29896662618030717f,0.04607935275196513f,-0.9531503814615637f,1.1667771387847599f,0f,0f,0f,1f], start_interpolation: 0, interpolation_duration: 1 }
$data merge entity $(bone_right_eyebrow) { transformation: [-0.9239021209548383f,-0.23682967816538356f,0.30052716089437315f,-0.4752465157949769f,-0.2586652899221777f,0.965352004144101f,-0.03446412459998238f,1.4595779680583272f,-0.2819523695318544f,-0.10957742301700736f,-0.9531503814615637f,1.0916006889086913f,0f,0f,0f,1f], start_interpolation: 0, interpolation_duration: 1 }
$data merge entity $(bone_talking) { transformation: [-0.9537169507482267f,0.010363562142052613f,0.30052716089437315f,-0.26527221713040466f,0f,0.9994059356015236f,-0.03446412459998238f,1.1427377073350786f,-0.300705799504274f,-0.032869019823701995f,-0.9531503814615637f,0.8413359850621543f,0f,0f,0f,1f], start_interpolation: 0, interpolation_duration: 1 }
$data merge entity $(bone_m_opened) { transformation: [-0.9537169507482267f,0.010363562142052613f,0.30052716089437315f,-0.28311601730850805f,0f,0.9994059356015236f,-0.03446412459998238f,1.1447840147332027f,-0.300705799504274f,-0.032869019823701995f,-0.9531503814615637f,0.8979292889614346f,0f,0f,0f,1f], start_interpolation: 0, interpolation_duration: 1 }
$data merge entity $(bone_head) { transformation: [-0.9537169507482267f,0.010363562142052613f,0.30052716089437315f,-0.284055164686303f,0f,0.9994059356015236f,-0.03446412459998238f,1.1448917151225775f,-0.300705799504274f,-0.032869019823701995f,-0.9531503814615637f,0.9009078839035021f,0f,0f,0f,1f], start_interpolation: 0, interpolation_duration: 1 }
$data merge entity $(item_display_r_item) { transformation: [-0.4172511659523492f,-0.12934536676307565f,-0.024031034275091727f,-0.5960262199396287f,0f,-0.07991543333952283f,0.4301392489812529f,0.3933590455082102f,-0.13155878728311987f,0.41023109293553284f,0.07621670340229296f,0.8511319351630157f,0f,0f,0f,1f], start_interpolation: 0, interpolation_duration: 1 }
$data merge entity $(bone_rightarm) { transformation: [-0.9537169507482267f,-0.05492807834306687f,0.2956465526013158f,-0.5564446307537165f,0f,0.9831754262428637f,0.18266384763319526f,1.053509648818299f,-0.300705799504274f,0.17420960777666983f,-0.9376710695669321f,0.7255951726317013f,0f,0f,0f,1f], start_interpolation: 0, interpolation_duration: 1 }
$data merge entity $(item_display_l_item) { transformation: [-0.4172511659523492f,-0.12252348366858673f,-0.047913572827735874f,0.0105838880988319f,0f,-0.15933704273985863f,0.4074530117828514f,0.2950945667402469f,-0.13155878728311987f,0.3885948439707223f,0.15196243854309793f,1.0056539215866485f,0f,0f,0f,1f], start_interpolation: 0, interpolation_duration: 1 }
$data merge entity $(bone_leftarm) { transformation: [-0.9537169507482267f,-0.10951673789196778f,0.28005367695676964f,0.012149346155544444f,0f,0.9313211697893745f,0.36419895483396275f,0.9682200365670967f,-0.300705799504274f,0.3473427166699383f,-0.8882167862187937f,1.0006889229506615f,0f,0f,0f,1f], start_interpolation: 0, interpolation_duration: 1 }
$data merge entity $(bone_body) { transformation: [-0.9537169507482267f,-0.20517664833125832f,0.21983293846704546f,-0.13017267843785926f,0f,0.7310565304342289f,0.6823168980096177f,0.5965993172969059f,-0.300705799504274f,0.6507371914137215f,-0.6972210050303109f,0.41285499034321094f,0f,0f,0f,1f], start_interpolation: 0, interpolation_duration: 1 }
$data merge entity $(bone_leftleg) { transformation: [-0.9537169507482267f,-0.11438766855683616f,0.27809969280392244f,-0.022791939452318125f,0f,0.9248231768804637f,0.3803972811479158f,0.6451538006875337f,-0.300705799504274f,0.3627913350493063f,-0.8820195402357237f,0.487975487130628f,0f,0f,0f,1f], start_interpolation: 0, interpolation_duration: 1 }
$data merge entity $(bone_rightleg) { transformation: [-0.9537169507482267f,0.14336926984068968f,0.2643278841152634f,-0.2790486909563509f,0f,0.8790248959315681f,-0.4767758722214199f,0.7580042395355016f,-0.300705799504274f,-0.4547092310453388f,-0.8383409433796324f,0.4693406874155391f,0f,0f,0f,1f], start_interpolation: 0, interpolation_duration: 1 }