# This file was generated by Animated Java via MC-Build. It is not recommended to edit this file directly.
$data merge entity $(bone_left_eye) { transformation: [-0.9537169507482267f,-0.1266301893378764f,0.2727430530806572f,-0.3041372702735217f,0f,0.9070096204671991f,0.4211099005959696f,1.1360684863934276f,-0.30070579950427395f,0.40161965032627717f,-0.8650304495312835f,1.3802888760323133f,0f,0f,0f,1f], start_interpolation: 0, interpolation_duration: 1 }
$data merge entity $(bone_right_eye) { transformation: [-0.9537169507482267f,-0.1266301893378764f,0.2727430530806572f,-0.5425665079605784f,0f,0.9070096204671991f,0.4211099005959696f,1.1360684863934276f,-0.30070579950427395f,0.40161965032627717f,-0.8650304495312835f,1.305112426156245f,0f,0f,0f,1f], start_interpolation: 0, interpolation_duration: 1 }
$data merge entity $(bone_right_close) { transformation: [-0.9537169507482267f,-0.1266301893378764f,0.2727430530806572f,-0.5568124042610895f,0f,0.9070096204671991f,0.4211099005959696f,1.2381070686959876f,-0.30070579950427395f,0.40161965032627717f,-0.8650304495312835f,1.3502946368179511f,0f,0f,0f,1f], start_interpolation: 0, interpolation_duration: 1 }
$data merge entity $(bone_left_close) { transformation: [-0.9537169507482267f,-0.1266301893378764f,0.2727430530806572f,-0.3183831665740328f,0f,0.9070096204671991f,0.4211099005959696f,1.2381070686959876f,-0.30070579950427395f,0.40161965032627717f,-0.8650304495312835f,1.4254710866940195f,0f,0f,0f,1f], start_interpolation: 0, interpolation_duration: 1 }
$data merge entity $(bone_left_eyebrow) { transformation: [-0.9539941383829522f,0.12452474022141441f,0.2727430530806572f,-0.3112772648645948f,0.23475136386812023f,0.8761040171019135f,0.4211099005959696f,1.1870614581759205f,-0.1865126834642254f,0.46576318047982224f,-0.8650304495312835f,1.4029340457662622f,0f,0f,0f,1f], start_interpolation: 0, interpolation_duration: 1 }
$data merge entity $(bone_right_eyebrow) { transformation: [-0.888445529011791f,-0.36915548076007326f,0.2727430530806572f,-0.5497065025516514f,-0.23475136386812023f,0.8761040171019135f,0.4211099005959696f,1.1870614581759205f,-0.39440631224793604f,0.3101064047108497f,-0.8650304495312835f,1.3277575958901937f,0f,0f,0f,1f], start_interpolation: 0, interpolation_duration: 1 }
$data merge entity $(bone_talking) { transformation: [-0.9537169507482267f,-0.1266301893378764f,0.2727430530806572f,-0.30646213769487557f,0f,0.9070096204671991f,0.4211099005959696f,1.0409129252128684f,-0.30070579950427395f,0.40161965032627717f,-0.8650304495312835f,0.9719737230341837f,0f,0f,0f,1f], start_interpolation: 0, interpolation_duration: 1 }
$data merge entity $(bone_m_opened) { transformation: [-0.9537169507482267f,-0.1266301893378764f,0.2727430530806572f,-0.3226562564715396f,0f,0.9070096204671991f,0.4211099005959696f,1.0159095248649828f,-0.30070579950427395f,0.40161965032627717f,-0.8650304495312835f,1.0233349059751036f,0f,0f,0f,1f], start_interpolation: 0, interpolation_duration: 1 }
$data merge entity $(bone_head) { transformation: [-0.9537169507482267f,-0.1266301893378764f,0.2727430530806572f,-0.32350857851241666f,0f,0.9070096204671991f,0.4211099005959696f,1.0145935564256203f,-0.30070579950427395f,0.40161965032627717f,-0.8650304495312835f,1.026038126129889f,0f,0f,0f,1f], start_interpolation: 0, interpolation_duration: 1 }
$data merge entity $(item_display_r_item) { transformation: [-0.4172511659523492f,-0.12988304665184025f,-0.020931046410561354f,-0.6368983325026334f,0f,-0.06960639417353125f,0.4319273085718927f,0.2781093304183039f,-0.13155878728311984f,0.41193639567607393f,0.06638479800375938f,0.9807617149294456f,0f,0f,0f,1f], start_interpolation: 0, interpolation_duration: 1 }
$data merge entity $(bone_rightarm) { transformation: [-0.9537169507482267f,-0.04784239179556887f,0.2968755352042063f,-0.5925809435738124f,0f,0.9872624195928976f,0.1591003295395002f,0.9349234250487399f,-0.30070579950427395f,0.15173668115145023f,-0.9415689044024547f,0.8402049145484883f,0f,0f,0f,1f], start_interpolation: 0, interpolation_duration: 1 }
$data merge entity $(item_display_l_item) { transformation: [-0.4172511659523492f,-0.12939552963285875f,-0.023759449118974922f,-0.060463352385849725f,0f,-0.07901227431643608f,0.43030606608243893f,0.17872993922756453f,-0.13155878728311984f,0.4103901892326086f,0.07535534533275386f,1.2309869802301134f,0f,0f,0f,1f], start_interpolation: 0, interpolation_duration: 1 }
$data merge entity $(bone_leftarm) { transformation: [-0.9537169507482267f,-0.05430731227194274f,0.2957612105893914f,-0.020465119908466084f,0f,0.9835567224741462f,0.18059948415185412f,0.8386027618118694f,-0.30070579950427395f,0.17224078933200904f,-0.9380347182459625f,1.1041287940011284f,0f,0f,0f,1f], start_interpolation: 0, interpolation_duration: 1 }
$data merge entity $(bone_body) { transformation: [-0.9537169507482267f,-0.23171345637940088f,0.1916581644183626f,-0.14972348622786602f,0f,0.6373610510150421f,0.770565305894965f,0.5365727681643386f,-0.30070579950427395f,0.7349011938905207f,-0.6078620380997509f,0.4748622307119985f,0f,0f,0f,1f], start_interpolation: 0, interpolation_duration: 1 }
$data merge entity $(bone_leftleg) { transformation: [-0.9537169507482267f,-0.16773757517848745f,0.24957580757907186f,-0.04412009340505278f,0f,0.8299667249201976f,0.5578129036919468f,0.5796702925429149f,-0.30070579950427395f,0.5319956215970978f,-0.7915533341133831f,0.5556197493511236f,0f,0f,0f,1f], start_interpolation: 0, interpolation_duration: 1 }
$data merge entity $(bone_rightleg) { transformation: [-0.9537169507482267f,0.10823021237043022f,0.2805533799221749f,-0.2994040427136079f,0f,0.9329829367597127f,-0.35992060195996295f,0.7020767507059487f,-0.30070579950427395f,-0.343262379012722f,-0.8898016415465988f,0.53389961524913f,0f,0f,0f,1f], start_interpolation: 0, interpolation_duration: 1 }