# This file was generated by Animated Java via MC-Build. It is not recommended to edit this file directly.
$data merge entity $(bone_left_eye) { transformation: [-0.9537169507482267f,-0.23380428993254385f,0.18910190867530555f,-0.340909173000003f,1.3877787807814457e-17f,0.628860198197201f,0.7775183927878344f,0.846864979123759f,-0.300705799504274f,0.7415324707202754f,-0.5997546306715599f,1.4969144515926265f,0f,0f,0f,1f], start_interpolation: 0, interpolation_duration: 1 }
$data merge entity $(bone_right_eye) { transformation: [-0.9537169507482267f,-0.23380428993254385f,0.18910190867530555f,-0.5793384106870597f,1.3877787807814457e-17f,0.628860198197201f,0.7775183927878344f,0.846864979123759f,-0.300705799504274f,0.7415324707202754f,-0.5997546306715599f,1.4217380017165582f,0f,0f,0f,1f], start_interpolation: 0, interpolation_duration: 1 }
$data merge entity $(bone_right_close) { transformation: [-0.9537169507482267f,-0.23380428993254385f,0.18910190867530555f,-0.6056413933044709f,1.3877787807814457e-17f,0.628860198197201f,0.7775183927878344f,0.9176117514209441f,-0.300705799504274f,0.7415324707202754f,-0.5997546306715599f,1.5051604046725893f,0f,0f,0f,1f], start_interpolation: 0, interpolation_duration: 1 }
$data merge entity $(bone_left_close) { transformation: [-0.9537169507482267f,-0.23380428993254385f,0.18910190867530555f,-0.3672121556174142f,1.3877787807814457e-17f,0.628860198197201f,0.7775183927878344f,0.9176117514209441f,-0.300705799504274f,0.7415324707202754f,-0.5997546306715599f,1.5803368545486576f,0f,0f,0f,1f], start_interpolation: 0, interpolation_duration: 1 }
$data merge entity $(bone_left_eyebrow) { transformation: [-0.9817328367585855f,0.021002508547722537f,0.18910190867530555f,-0.3540724831780009f,0.1627609960003815f,0.6074323065639387f,0.7775183927878344f,0.8821897703728023f,-0.09853677187174617f,0.7940937523851426f,-0.5997546306715599f,1.538663137735059f,0f,0f,0f,1f], start_interpolation: 0, interpolation_duration: 1 }
$data merge entity $(bone_right_eyebrow) { transformation: [-0.8607068306361577f,-0.4726777124337651f,0.18910190867530555f,-0.5925017208650576f,-0.1627609960003815f,0.6074323065639387f,0.7775183927878344f,0.8821897703728023f,-0.4823822238404154f,0.6384369766161702f,-0.5997546306715599f,1.4634866878589905f,0f,0f,0f,1f], start_interpolation: 0, interpolation_duration: 1 }
$data merge entity $(bone_talking) { transformation: [-0.9537169507482267f,-0.23380428993254385f,0.18910190867530555f,-0.34257837289936244f,1.3877787807814457e-17f,0.628860198197201f,0.7775183927878344f,0.9326244273206571f,-0.300705799504274f,0.7415324707202754f,-0.5997546306715599f,1.0865197868896612f,0f,0f,0f,1f], start_interpolation: 0, interpolation_duration: 1 }
$data merge entity $(bone_m_opened) { transformation: [-0.9537169507482267f,-0.23380428993254385f,0.18910190867530555f,-0.3538062987269587f,1.3877787807814457e-17f,0.628860198197201f,0.7775183927878344f,0.8864592727488794f,-0.300705799504274f,0.7415324707202754f,-0.5997546306715599f,1.122130218085785f,0f,0f,0f,1f], start_interpolation: 0, interpolation_duration: 1 }
$data merge entity $(bone_head) { transformation: [-0.9537169507482267f,-0.23380428993254385f,0.18910190867530555f,-0.35439724219156904f,1.3877787807814457e-17f,0.628860198197201f,0.7775183927878344f,0.8840295277714174f,-0.300705799504274f,0.7415324707202754f,-0.5997546306715599f,1.1240044513066336f,0f,0f,0f,1f], start_interpolation: 0, interpolation_duration: 1 }
$data merge entity $(item_display_r_item) { transformation: [-0.4172511659523492f,-0.13056865337294454f,-0.01611028453445331f,-0.6724935039930982f,6.071532165918825e-18f,-0.05357490464437932f,0.43420730025224774f,0.16510134914452335f,-0.13155878728311987f,0.4141108623891935f,0.051095294694064465f,1.0936551758178301f,0f,0f,0f,1f], start_interpolation: 0, interpolation_duration: 1 }
$data merge entity $(bone_rightarm) { transformation: [-0.9537169507482267f,-0.03682350750732191f,0.2984426362810161f,-0.6208975371149204f,1.3877787807814457e-17f,0.9924738291479949f,0.12245692490143867f,0.8160117235873798f,-0.300705799504274f,0.1167892450150047f,-0.9465391140324423f,0.9300136754440974f,0f,0f,0f,1f], start_interpolation: 0, interpolation_duration: 1 }
$data merge entity $(item_display_l_item) { transformation: [-0.4172511659523492f,-0.1315249558321807f,0.002983371372809665f,-0.12469686780736756f,6.071532165918825e-18f,0.009921229912186098f,0.43738749318771053f,0.09196761486462146f,-0.13155878728311987f,0.41714386629839406f,-0.009462045139522203f,1.4347096638785155f,0f,0f,0f,1f], start_interpolation: 0, interpolation_duration: 1 }
$data merge entity $(bone_leftarm) { transformation: [-0.9537169507482267f,0.006819134566422025f,0.3006284704735559f,-0.045277791084964825f,1.3877787807814457e-17f,0.9997428415719098f,-0.02267709694213943f,0.7111376166115303f,-0.300705799504274f,-0.021627531747479112f,-0.9534716943963293f,1.1828245329372589f,0f,0f,0f,1f], start_interpolation: 0, interpolation_duration: 1 }
$data merge entity $(bone_body) { transformation: [-0.9537169507482267f,-0.25229001748375657f,0.16362678550148946f,-0.1651797290787516f,1.3877787807814457e-17f,0.5441424334723007f,0.8389928558067957f,0.47592270266719183f,-0.300705799504274f,0.8001617081396039f,-0.5189578624239224f,0.5238831702019306f,0f,0f,0f,1f], start_interpolation: 0, interpolation_duration: 1 }
$data merge entity $(bone_leftleg) { transformation: [-0.9537169507482267f,-0.21151705502071086f,0.21373935831023305f,-0.06098144924238251f,1.3877787807814457e-17f,0.7107922715910078f,0.7034019808377675f,0.5135065847278456f,-0.300705799504274f,0.6708463923148582f,-0.6778946378771813f,0.6090971378855949f,0f,0f,0f,1f], start_interpolation: 0, interpolation_duration: 1 }
$data merge entity $(bone_rightleg) { transformation: [-0.9537169507482267f,0.07511835400429512f,0.29117213250445173f,-0.3158813353795297f,1.3877787807814457e-17f,0.9682956995989473f,-0.249806801625146f,0.6485987228994615f,-0.300705799504274f,-0.23824498112210124f,-0.9234800220441289f,0.5861589110253852f,0f,0f,0f,1f], start_interpolation: 0, interpolation_duration: 1 }