# This file was generated by Animated Java via MC-Build. It is not recommended to edit this file directly.
$data merge entity $(bone_left_eye) { transformation: [-0.9537169507482267f,-0.29182102665542536f,0.07255664171720008f,-0.34833609488974615f,2.7755575615628914e-17f,0.24128780301814173f,0.9704536032777034f,0.5849198620890028f,-0.30070579950427395f,0.9255380513606408f,-0.23012026774720087f,1.5204696384556933f,0f,0f,0f,1f], start_interpolation: 0, interpolation_duration: 1 }
$data merge entity $(bone_right_eye) { transformation: [-0.9537169507482267f,-0.29182102665542536f,0.07255664171720008f,-0.5867653325768029f,2.7755575615628914e-17f,0.24128780301814173f,0.9704536032777034f,0.5849198620890028f,-0.30070579950427395f,0.9255380513606408f,-0.23012026774720087f,1.445293188579625f,0f,0f,0f,1f], start_interpolation: 0, interpolation_duration: 1 }
$data merge entity $(bone_right_close) { transformation: [-0.9537169507482267f,-0.29182102665542536f,0.07255664171720008f,-0.6195951980755382f,2.7755575615628914e-17f,0.24128780301814173f,0.9704536032777034f,0.6120647399285438f,-0.30070579950427395f,0.9255380513606408f,-0.23012026774720087f,1.549416219357697f,0f,0f,0f,1f], start_interpolation: 0, interpolation_duration: 1 }
$data merge entity $(bone_left_close) { transformation: [-0.9537169507482267f,-0.29182102665542536f,0.07255664171720008f,-0.3811659603884815f,2.7755575615628914e-17f,0.24128780301814173f,0.9704536032777034f,0.6120647399285438f,-0.30070579950427395f,0.9255380513606408f,-0.23012026774720087f,1.6245926692337653f,0f,0f,0f,1f], start_interpolation: 0, interpolation_duration: 1 }
$data merge entity $(bone_left_eyebrow) { transformation: [-0.996748673157166f,-0.03503735580992212f,0.07255664171720008f,-0.36475556242922125f,0.06244987877204059f,0.2330661205037725f,0.9704536032777034f,0.5984316476585685f,-0.05091262319687187f,0.9718294949069873f,-0.23012026774720087f,1.5725455363614638f,0f,0f,0f,1f], start_interpolation: 0, interpolation_duration: 1 }
$data merge entity $(bone_right_eyebrow) { transformation: [-0.8456909942375772f,-0.5287175767914098f,0.07255664171720008f,-0.6031848001162778f,-0.062449878772040536f,0.2330661205037725f,0.9704536032777034f,0.5984316476585685f,-0.5300063725152896f,0.8161727191380149f,-0.23012026774720087f,1.4973690864853955f,0f,0f,0f,1f], start_interpolation: 0, interpolation_duration: 1 }
$data merge entity $(bone_talking) { transformation: [-0.9537169507482267f,-0.29182102665542536f,0.07255664171720008f,-0.37192150653279316f,2.7755575615628914e-17f,0.24128780301814173f,0.9704536032777034f,0.8278646623587498f,-0.30070579950427395f,0.9255380513606408f,-0.23012026774720087f,1.1795843170064988f,0f,0f,0f,1f], start_interpolation: 0, interpolation_duration: 1 }
$data merge entity $(bone_m_opened) { transformation: [-0.9537169507482267f,-0.29182102665542536f,0.07255664171720008f,-0.3762295571347519f,2.7755575615628914e-17f,0.24128780301814173f,0.9704536032777034f,0.7702439796641362f,-0.30070579950427395f,0.9255380513606408f,-0.23012026774720087f,1.193247707903989f,0f,0f,0f,1f], start_interpolation: 0, interpolation_duration: 1 }
$data merge entity $(bone_head) { transformation: [-0.9537169507482267f,-0.29182102665542536f,0.07255664171720008f,-0.37645629664011815f,2.7755575615628914e-17f,0.24128780301814173f,0.9704536032777034f,0.7672113121538933f,-0.30070579950427395f,0.9255380513606408f,-0.23012026774720087f,1.1939668337406988f,0f,0f,0f,1f], start_interpolation: 0, interpolation_duration: 1 }
$data merge entity $(item_display_r_item) { transformation: [-0.4172511659523492f,-0.13127145926613118f,-0.008690137717299979f,-0.7037381266292587f,1.214306433183765e-17f,-0.028899135738738764f,0.4365444879431578f,0.06941642548523075f,-0.13155878728311984f,0.41633987790709454f,0.027561595616009075f,1.1927504585724769f,0f,0f,0f,1f], start_interpolation: 0, interpolation_duration: 1 }
$data merge entity $(bone_rightarm) { transformation: [-0.9537169507482267f,-0.01986317192525716f,0.300049049751157f,-0.6411403466447552f,2.7755575615628914e-17f,0.9978159724415036f,0.06605516740283168f,0.7095652001118784f,-0.30070579950427395f,0.06299793283659239f,-0.9516340066447875f,0.9942156649341501f,0f,0f,0f,1f], start_interpolation: 0, interpolation_duration: 1 }
$data merge entity $(item_display_l_item) { transformation: [-0.4172511659523492f,-0.12757882095127593f,0.03211477784583702f,-0.18118221010323113f,1.214306433183765e-17f,0.10679799956894603f,0.42426458406054984f,0.05358631874344566f,-0.13155878728311984f,0.4046283254206924f,-0.10185506249490564f,1.613858281913783f,0f,0f,0f,1f], start_interpolation: 0, interpolation_duration: 1 }
$data merge entity $(bone_leftarm) { transformation: [-0.9537169507482267f,0.07340520650477028f,0.2916087336029164f,-0.0624017726370206f,2.7755575615628914e-17f,0.9697476207098282f,-0.24410971330044787f,0.5986511533619763f,-0.30070579950427395f,-0.232811571416927f,-0.9248647438187254f,1.2371348638235222f,0f,0f,0f,1f], start_interpolation: 0, interpolation_duration: 1 }
$data merge entity $(bone_body) { transformation: [-0.9537169507482267f,-0.26681997683347f,0.13867616167925606f,-0.17634131401501568f,2.7755575615628914e-17f,0.46116889633611813f,0.887312373999217f,0.42133463990180464f,-0.30070579950427395f,0.8462448516917035f,-0.43982459359360765f,0.559283194971921f,0f,0f,0f,1f], start_interpolation: 0, interpolation_duration: 1 }
$data merge entity $(bone_leftleg) { transformation: [-0.9537169507482267f,-0.24441479048919504f,0.17517245230237405f,-0.07315772371830694f,2.7755575615628914e-17f,0.5825376583729118f,0.8128037134372631f,0.4539559708019687f,-0.30070579950427395f,0.7751846791362221f,-0.5555760392394256f,0.6477153467255845f,0f,0f,0f,1f], start_interpolation: 0, interpolation_duration: 1 }
$data merge entity $(bone_rightleg) { transformation: [-0.9537169507482267f,0.04684666346247909f,0.297034287545963f,-0.3279539410762391f,2.7755575615628914e-17f,0.9877903520172753f,-0.15578902548506807f,0.604496773566641f,-0.30070579950427395f,-0.14857863434565688f,-0.9420724025044332f,0.6244483245040489f,0f,0f,0f,1f], start_interpolation: 0, interpolation_duration: 1 }