# This file was generated by Animated Java via MC-Build. It is not recommended to edit this file directly.
$data merge entity $(bone_left_eye) { transformation: [-0.9537169507482267f,-0.2965470792619769f,-0.04983781332176772f,-0.3327923858138322f,-2.7755575615628914e-17f,-0.16573612282811767f,0.9861701362289891f,0.3901313521921783f,-0.30070579950427395f,0.9405271752432748f,0.15806534969246594f,1.4711712915410788f,0f,0f,0f,1f], start_interpolation: 0, interpolation_duration: 1 }
$data merge entity $(bone_right_eye) { transformation: [-0.9537169507482267f,-0.2965470792619769f,-0.04983781332176772f,-0.5712216235008889f,-2.7755575615628914e-17f,-0.16573612282811767f,0.9861701362289891f,0.3901313521921783f,-0.30070579950427395f,0.9405271752432748f,0.15806534969246594f,1.3959948416650105f,0f,0f,0f,1f], start_interpolation: 0, interpolation_duration: 1 }
$data merge entity $(bone_right_close) { transformation: [-0.9537169507482267f,-0.2965470792619769f,-0.04983781332176772f,-0.6045831699178613f,-2.7755575615628914e-17f,-0.16573612282811767f,0.9861701362289891f,0.37148603837401506f,-0.30070579950427395f,0.9405271752432748f,0.15806534969246594f,1.501804148879879f,0f,0f,0f,1f], start_interpolation: 0, interpolation_duration: 1 }
$data merge entity $(bone_left_close) { transformation: [-0.9537169507482267f,-0.2965470792619769f,-0.04983781332176772f,-0.3661539322308046f,-2.7755575615628914e-17f,-0.16573612282811767f,0.9861701362289891f,0.37148603837401506f,-0.30070579950427395f,0.9405271752432748f,0.15806534969246594f,1.5769805987559473f,0f,0f,0f,1f], start_interpolation: 0, interpolation_duration: 1 }
$data merge entity $(bone_left_eyebrow) { transformation: [-0.9979718655798979f,-0.03960237207899103f,-0.04983781332176772f,-0.34947004415898586f,-0.04289566504936753f,-0.16008880138869608f,0.9861701362289891f,0.3807470596495824f,-0.04703315246664516f,0.9863078767786697f,0.15806534969246594f,1.5240660660641576f,0f,0f,0f,1f], start_interpolation: 0, interpolation_duration: 1 }
$data merge entity $(bone_right_eyebrow) { transformation: [-0.8444678018148453f,-0.5332825930604788f,-0.04983781332176772f,-0.5878992818460426f,0.042895665049367475f,-0.16008880138869608f,0.9861701362289891f,0.3807470596495824f,-0.5338858432455162f,0.8306511010096973f,0.15806534969246594f,1.448889616188089f,0f,0f,0f,1f], start_interpolation: 0, interpolation_duration: 1 }
$data merge entity $(bone_talking) { transformation: [-0.9537169507482267f,-0.2965470792619769f,-0.04983781332176772f,-0.39344455150491875f,-2.7755575615628914e-17f,-0.16573612282811767f,0.9861701362289891f,0.7397435504707668f,-0.30070579950427395f,0.9405271752432748f,0.15806534969246594f,1.2478466945711217f,0f,0f,0f,1f], start_interpolation: 0, interpolation_duration: 1 }
$data merge entity $(bone_m_opened) { transformation: [-0.9537169507482267f,-0.2965470792619769f,-0.04983781332176772f,-0.3904854313389388f,-2.7755575615628914e-17f,-0.16573612282811767f,0.9861701362289891f,0.6811896986321706f,-0.30070579950427395f,0.9405271752432748f,0.15806534969246594f,1.2384615644331316f,0f,0f,0f,1f], start_interpolation: 0, interpolation_duration: 1 }
$data merge entity $(bone_head) { transformation: [-0.9537169507482267f,-0.2965470792619769f,-0.04983781332176772f,-0.3903296881723083f,-2.7755575615628914e-17f,-0.16573612282811767f,0.9861701362289891f,0.678107916956455f,-0.30070579950427395f,0.9405271752432748f,0.15806534969246594f,1.2379676102153425f,0f,0f,0f,1f], start_interpolation: 0, interpolation_duration: 1 }
$data merge entity $(item_display_r_item) { transformation: [-0.4172511659523492f,-0.13154032110982336f,0.0022041855025675635f,-0.7321998537476572f,-1.214306433183765e-17f,0.007330039880179485f,0.43743859056484136f,0.007620646051329949f,-0.13155878728311984f,0.4171925987331025f,-0.006990783283387691f,1.283019524367469f,0f,0f,0f,1f], start_interpolation: 0, interpolation_duration: 1 }
$data merge entity $(bone_rightarm) { transformation: [-0.9537169507482267f,0.005038138291582936f,0.3006635911081677f,-0.6538851195383759f,-2.7755575615628914e-17f,0.9998596355767803f,-0.016754376868981458f,0.6283443240695722f,-0.30070579950427395f,-0.015978933219171654f,-0.95358308281852f,1.0346369204008568f,0f,0f,0f,1f], start_interpolation: 0, interpolation_duration: 1 }
$data merge entity $(item_display_l_item) { transformation: [-0.4172511659523492f,-0.11565991022503191f,0.06269369727606385f,-0.22843002825752753f,-1.214306433183765e-17f,0.20848848735015105f,0.3846281329315966f,0.08334456244374278f,-0.13155878728311984f,0.3668263701115058f,-0.1988390044216963f,1.7637092163949515f,0f,0f,0f,1f], start_interpolation: 0, interpolation_duration: 1 }
$data merge entity $(bone_leftarm) { transformation: [-0.9537169507482267f,0.14329987948814588f,0.26436550908578726f,-0.07277622630598954f,-2.7755575615628914e-17f,0.8791500181293638f,-0.4765451139432022f,0.5136770452887945f,-0.30070579950427395f,-0.4544891529638771f,-0.8384602745405849f,1.2700384271573821f,0f,0f,0f,1f], start_interpolation: 0, interpolation_duration: 1 }
$data merge entity $(bone_body) { transformation: [-0.9537169507482267f,-0.2758489259420257f,0.1197136078820424f,-0.183442993715789f,-2.7755575615628914e-17f,0.3981087430950628f,0.9173382302462213f,0.37952635963515796f,-0.30070579950427395f,0.8748810197552008f,-0.37968305653083245f,0.581806845398942f,0f,0f,0f,1f], start_interpolation: 0, interpolation_duration: 1 }
$data merge entity $(bone_leftleg) { transformation: [-0.9537169507482267f,-0.2668261726775113f,0.13866423990984672f,-0.08090501066460513f,-2.7755575615628914e-17f,0.46112925037841157f,0.8873329783375823f,0.4083469377838087f,-0.30070579950427395f,0.8462645023984612f,-0.43978678257171433f,0.6722866017368802f,0f,0f,0f,1f], start_interpolation: 0, interpolation_duration: 1 }
$data merge entity $(bone_rightleg) { transformation: [-0.9537169507482267f,0.025999097538871904f,0.2995797469500714f,-0.3353544899476199f,-2.7755575615628914e-17f,0.9962553015071246f,-0.08646024646592304f,0.5769047163733079f,-0.30070579950427395f,-0.08245860262042032f,-0.95014556832013f,0.647919866839155f,0f,0f,0f,1f], start_interpolation: 0, interpolation_duration: 1 }
execute on vehicle unless entity @s[tag=aj.transforms_only] at @s run function animated_java:humanentity/animations/000_vic_2/zzz/frames/zzz/0