# This file was generated by Animated Java via MC-Build. It is not recommended to edit this file directly.
$data merge entity $(bone_left_eye) { transformation: [-0.9537169507482267f,-0.2629013770385218f,-0.14596863980579386f,-0.30034825363696194f,-2.7755575615628914e-17f,-0.48542010179527384f,0.8742810330626338f,0.33818263324197806f,-0.30070579950427395f,0.8338166409495047f,0.46295337931608227f,1.3682716505617323f,0f,0f,0f,1f], start_interpolation: 0, interpolation_duration: 1 }
$data merge entity $(bone_right_eye) { transformation: [-0.9537169507482267f,-0.2629013770385218f,-0.14596863980579386f,-0.5387774913240186f,-2.7755575615628914e-17f,-0.48542010179527384f,0.8742810330626338f,0.33818263324197806f,-0.30070579950427395f,0.8338166409495047f,0.46295337931608227f,1.293095200685664f,0f,0f,0f,1f], start_interpolation: 0, interpolation_duration: 1 }
$data merge entity $(bone_right_close) { transformation: [-0.9537169507482267f,-0.2629013770385218f,-0.14596863980579386f,-0.5683538962408523f,-2.7755575615628914e-17f,-0.48542010179527384f,0.8742810330626338f,0.2835728717900098f,-0.30070579950427395f,0.8338166409495047f,0.46295337931608227f,1.386899572792483f,0f,0f,0f,1f], start_interpolation: 0, interpolation_duration: 1 }
$data merge entity $(bone_left_close) { transformation: [-0.9537169507482267f,-0.2629013770385218f,-0.14596863980579386f,-0.3299246585537956f,-2.7755575615628914e-17f,-0.48542010179527384f,0.8742810330626338f,0.2835728717900098f,-0.30070579950427395f,0.8338166409495047f,0.46295337931608227f,1.4620760226685514f,0f,0f,0f,1f], start_interpolation: 0, interpolation_duration: 1 }
$data merge entity $(bone_left_eyebrow) { transformation: [-0.9892637170586196f,-0.00710311935772423f,-0.14596863980579386f,-0.315127333055391f,-0.12563596722022122f,-0.46887981292392356f,0.8742810330626338f,0.3108231099514275f,-0.0746518710549385f,0.8832334157672119f,0.46295337931608227f,1.4151449020289348f,0f,0f,0f,1f], start_interpolation: 0, interpolation_duration: 1 }
$data merge entity $(bone_right_eyebrow) { transformation: [-0.8531759503361236f,-0.5007833403392119f,-0.14596863980579386f,-0.5535565707424477f,0.12563596722022116f,-0.46887981292392356f,0.8742810330626338f,0.3108231099514275f,-0.5062671246572229f,0.7275766399982395f,0.46295337931608227f,1.3399684521528663f,0f,0f,0f,1f], start_interpolation: 0, interpolation_duration: 1 }
$data merge entity $(bone_talking) { transformation: [-0.9537169507482267f,-0.2629013770385218f,-0.14596863980579386f,-0.3994527281601704f,-2.7755575615628914e-17f,-0.48542010179527384f,0.8742810330626338f,0.7327504815228696f,-0.30070579950427395f,0.8338166409495047f,0.46295337931608227f,1.2669021964225977f,0f,0f,0f,1f], start_interpolation: 0, interpolation_duration: 1 }
$data merge entity $(bone_m_opened) { transformation: [-0.9537169507482267f,-0.2629013770385218f,-0.14596863980579386f,-0.3907858401717014f,-2.7755575615628914e-17f,-0.48542010179527384f,0.8742810330626338f,0.6808400451847757f,-0.30070579950427395f,0.8338166409495047f,0.46295337931608227f,1.2394143395257053f,0f,0f,0f,1f], start_interpolation: 0, interpolation_duration: 1 }
$data merge entity $(bone_head) { transformation: [-0.9537169507482267f,-0.2629013770385218f,-0.14596863980579386f,-0.3903296881723083f,-2.7755575615628914e-17f,-0.48542010179527384f,0.8742810330626338f,0.678107916956455f,-0.30070579950427395f,0.8338166409495047f,0.46295337931608227f,1.2379676102153425f,0f,0f,0f,1f], start_interpolation: 0, interpolation_duration: 1 }