# This file was generated by Animated Java via MC-Build. It is not recommended to edit this file directly.
$data merge entity $(bone_left_eye) { transformation: [-0.9537169507482267f,-0.28279770013461347f,-0.10222249583177766f,-0.31625887040448886f,-2.7755575615628914e-17f,-0.3399418833966477f,0.9404464449997882f,0.358010834857346f,-0.30070579950427395f,0.896919715867208f,0.32420833646465996f,1.4187336800040138f,0f,0f,0f,1f], start_interpolation: 0, interpolation_duration: 1 }
$data merge entity $(bone_right_eye) { transformation: [-0.9537169507482267f,-0.28279770013461347f,-0.10222249583177766f,-0.5546881080915456f,-2.7755575615628914e-17f,-0.3399418833966477f,0.9404464449997882f,0.358010834857346f,-0.30070579950427395f,0.896919715867208f,0.32420833646465996f,1.3435572301279455f,0f,0f,0f,1f], start_interpolation: 0, interpolation_duration: 1 }
$data merge entity $(bone_right_close) { transformation: [-0.9537169507482267f,-0.28279770013461347f,-0.10222249583177766f,-0.5865028493566896f,-2.7755575615628914e-17f,-0.3399418833966477f,0.9404464449997882f,0.3197673729752232f,-0.30070579950427395f,0.896919715867208f,0.32420833646465996f,1.4444606981630062f,0f,0f,0f,1f], start_interpolation: 0, interpolation_duration: 1 }
$data merge entity $(bone_left_close) { transformation: [-0.9537169507482267f,-0.28279770013461347f,-0.10222249583177766f,-0.3480736116696329f,-2.7755575615628914e-17f,-0.3399418833966477f,0.9404464449997882f,0.3197673729752232f,-0.30070579950427395f,0.896919715867208f,0.32420833646465996f,1.5196371480390745f,0f,0f,0f,1f], start_interpolation: 0, interpolation_duration: 1 }
$data merge entity $(bone_left_eyebrow) { transformation: [-0.9944132644034013f,-0.02632149168443082f,-0.10222249583177766f,-0.33215985213107146f,-0.08798343365107283f,-0.32835864461016906f,0.9404464449997882f,0.33883032601347207f,-0.05831959346170573f,0.9441863055484755f,0.32420833646465996f,1.4691651510005153f,0f,0f,0f,1f], start_interpolation: 0, interpolation_duration: 1 }
$data merge entity $(bone_right_eyebrow) { transformation: [-0.8480264029913419f,-0.5200017126659184f,-0.10222249583177766f,-0.5705890898181281f,0.08798343365107278f,-0.32835864461016906f,0.9404464449997882f,0.33883032601347207f,-0.5225994022504556f,0.7885295297795031f,0.32420833646465996f,1.3939887011244467f,0f,0f,0f,1f], start_interpolation: 0, interpolation_duration: 1 }
$data merge entity $(bone_talking) { transformation: [-0.9537169507482267f,-0.28279770013461347f,-0.10222249583177766f,-0.3967185941617944f,-2.7755575615628914e-17f,-0.3399418833966477f,0.9404464449997882f,0.7368858197689417f,-0.30070579950427395f,0.896919715867208f,0.32420833646465996f,1.2582306312443838f,0f,0f,0f,1f], start_interpolation: 0, interpolation_duration: 1 }
$data merge entity $(bone_m_opened) { transformation: [-0.9537169507482267f,-0.28279770013461347f,-0.10222249583177766f,-0.3906491334717826f,-2.7755575615628914e-17f,-0.3399418833966477f,0.9404464449997882f,0.6810468120970793f,-0.30070579950427395f,0.896919715867208f,0.32420833646465996f,1.2389807612667947f,0f,0f,0f,1f], start_interpolation: 0, interpolation_duration: 1 }
$data merge entity $(bone_head) { transformation: [-0.9537169507482267f,-0.28279770013461347f,-0.10222249583177766f,-0.3903296881723083f,-2.7755575615628914e-17f,-0.3399418833966477f,0.9404464449997882f,0.678107916956455f,-0.30070579950427395f,0.896919715867208f,0.32420833646465996f,1.2379676102153425f,0f,0f,0f,1f], start_interpolation: 0, interpolation_duration: 1 }