# This file was generated by Animated Java via MC-Build. It is not recommended to edit this file directly.
$data merge entity $(bone_left_eye) { transformation: [-0.9537169507482267f,-0.2954708683525335f,-0.05586540799550646f,-0.3310164344180367f,-2.7755575615628914e-17f,-0.1857809463189699f,0.9825911866004233f,0.3860148837266067f,-0.30070579950427395f,0.9371138703166375f,0.17718243763044783f,1.4655386933249241f,0f,0f,0f,1f], start_interpolation: 0, interpolation_duration: 1 }
$data merge entity $(bone_right_eye) { transformation: [-0.9537169507482267f,-0.2954708683525335f,-0.05586540799550646f,-0.5694456721050933f,-2.7755575615628914e-17f,-0.1857809463189699f,0.9825911866004233f,0.3860148837266067f,-0.30070579950427395f,0.9371138703166375f,0.17718243763044783f,1.3903622434488558f,0f,0f,0f,1f], start_interpolation: 0, interpolation_duration: 1 }
$data merge entity $(bone_right_close) { transformation: [-0.9537169507482267f,-0.2954708683525335f,-0.05586540799550646f,-0.6026861447947534f,-2.7755575615628914e-17f,-0.1857809463189699f,0.9825911866004233f,0.3651145272657226f,-0.30070579950427395f,0.9371138703166375f,0.17718243763044783f,1.4957875538594776f,0f,0f,0f,1f], start_interpolation: 0, interpolation_duration: 1 }
$data merge entity $(bone_left_close) { transformation: [-0.9537169507482267f,-0.2954708683525335f,-0.05586540799550646f,-0.3642569071076967f,-2.7755575615628914e-17f,-0.1857809463189699f,0.9825911866004233f,0.3651145272657226f,-0.30070579950427395f,0.9371138703166375f,0.17718243763044783f,1.570964003735546f,0f,0f,0f,1f], start_interpolation: 0, interpolation_duration: 1 }
$data merge entity $(bone_left_eyebrow) { transformation: [-0.9976933216999869f,-0.03856283216702561f,-0.05586540799550646f,-0.347633179174867f,-0.048083647124518486f,-0.17945061408191607f,0.9825911866004233f,0.3755032935470021f,-0.047916580788401136f,0.9830108773970311f,0.17718243763044783f,1.5182402746278831f,0f,0f,0f,1f], start_interpolation: 0, interpolation_duration: 1 }
$data merge entity $(bone_right_eyebrow) { transformation: [-0.8447463456947563f,-0.5322430531485133f,-0.05586540799550646f,-0.5860624168619237f,0.04808364712451843f,-0.17945061408191607f,0.9825911866004233f,0.37550329354700207f,-0.5330024149237603f,0.8273541016280587f,0.17718243763044783f,1.4430638247518146f,0f,0f,0f,1f], start_interpolation: 0, interpolation_duration: 1 }
$data merge entity $(bone_talking) { transformation: [-0.9537169507482267f,-0.2954708683525335f,-0.05586540799550646f,-0.39382127617202745f,-2.7755575615628914e-17f,-0.1857809463189699f,0.9825911866004233f,0.7395198661189815f,-0.30070579950427395f,0.9371138703166375f,0.17718243763044783f,1.2490415125672456f,0f,0f,0f,1f], start_interpolation: 0, interpolation_duration: 1 }
$data merge entity $(bone_m_opened) { transformation: [-0.9537169507482267f,-0.2954708683525335f,-0.05586540799550646f,-0.39050426757229423f,-2.7755575615628914e-17f,-0.1857809463189699f,0.9825911866004233f,0.6811785144145813f,-0.30070579950427395f,0.9371138703166375f,0.17718243763044783f,1.2385213053329378f,0f,0f,0f,1f], start_interpolation: 0, interpolation_duration: 1 }
$data merge entity $(bone_head) { transformation: [-0.9537169507482267f,-0.2954708683525335f,-0.05586540799550646f,-0.3903296881723083f,-2.7755575615628914e-17f,-0.1857809463189699f,0.9825911866004233f,0.678107916956455f,-0.30070579950427395f,0.9371138703166375f,0.17718243763044783f,1.2379676102153425f,0f,0f,0f,1f], start_interpolation: 0, interpolation_duration: 1 }