# This file was generated by Animated Java via MC-Build. It is not recommended to edit this file directly.
$data merge entity $(bone_left_eye) { transformation: [0.7644261641783383f,-0.19332560495783327f,0.6150429659684596f,0.9455655544516035f,0.04420152469338444f,0.967452896584098f,0.24916082779164656f,1.612353455115252f,-0.6431942667144759f,-0.16327921900452064f,0.7480915932604119f,-4.123251313553301f,0f,0f,0f,1f], start_interpolation: 0, interpolation_duration: 1 }
$data merge entity $(bone_right_eye) { transformation: [0.7644261641783383f,-0.19332560495783327f,0.6150429659684596f,1.1366720954961882f,0.04420152469338444f,0.967452896584098f,0.24916082779164656f,1.6234038362885983f,-0.6431942667144759f,-0.16327921900452064f,0.7480915932604119f,-4.28404988023192f,0f,0f,0f,1f], start_interpolation: 0, interpolation_duration: 1 }
$data merge entity $(bone_right_close) { transformation: [0.7644261641783383f,-0.19332560495783327f,0.6150429659684596f,1.0754360670798013f,0.04420152469338444f,0.967452896584098f,0.24916082779164656f,1.699376793327112f,-0.6431942667144759f,-0.16327921900452064f,0.7480915932604119f,-4.259008422949661f,0f,0f,0f,1f], start_interpolation: 0, interpolation_duration: 1 }
$data merge entity $(bone_left_close) { transformation: [0.7644261641783383f,-0.19332560495783327f,0.6150429659684596f,0.8843295260352166f,0.04420152469338444f,0.967452896584098f,0.24916082779164656f,1.6883264121537658f,-0.6431942667144759f,-0.16327921900452064f,0.7480915932604119f,-4.098209856271042f,0f,0f,0f,1f], start_interpolation: 0, interpolation_duration: 1 }
$data merge entity $(bone_left_eyebrow) { transformation: [0.7881495311267419f,-0.023290912335433844f,0.6150429659684596f,0.8879159409428031f,-0.16624135937319717f,0.9540873609517804f,0.24916082779164656f,1.670171097791077f,-0.5926079032703229f,-0.298621568334657f,0.7480915932604119f,-4.095195126639285f,0f,0f,0f,1f], start_interpolation: 0, interpolation_duration: 1 }
$data merge entity $(bone_right_eyebrow) { transformation: [0.6883426258018909f,-0.38458624457574936f,0.6150429659684596f,1.0790224819873877f,0.29309062913825806f,0.9230475421155302f,0.24916082779164656f,1.6812214789644233f,-0.6635377250884069f,0.008755311393681325f,0.7480915932604119f,-4.255993693317905f,0f,0f,0f,1f], start_interpolation: 0, interpolation_duration: 1 }
$data merge entity $(bone_talking) { transformation: [0.7644261641783383f,-0.19332560495783327f,0.6150429659684596f,1.236122830064935f,0.04420152469338444f,0.967452896584098f,0.24916082779164656f,1.451245589431846f,-0.6431942667144759f,-0.16327921900452064f,0.7480915932604119f,-3.890744275421225f,0f,0f,0f,1f], start_interpolation: 0, interpolation_duration: 1 }
$data merge entity $(bone_m_opened) { transformation: [0.7644261641783383f,-0.19332560495783327f,0.6150429659684596f,1.2368550240720402f,0.04420152469338444f,0.967452896584098f,0.24916082779164656f,1.4515422094649313f,-0.6431942667144759f,-0.16327921900452064f,0.7480915932604119f,-3.889853690191153f,0f,0f,0f,1f], start_interpolation: 0, interpolation_duration: 1 }
$data merge entity $(bone_head) { transformation: [0.7644261641783383f,-0.19332560495783327f,0.6150429659684596f,1.1976826446919062f,0.04420152469338444f,0.967452896584098f,0.24916082779164656f,1.435673037694868f,-0.6431942667144759f,-0.16327921900452064f,0.7480915932604119f,-3.937500000000001f,0f,0f,0f,1f], start_interpolation: 0, interpolation_duration: 1 }
$data merge entity $(item_display_r_item) { transformation: [0.1164978904245038f,-0.41729024952252036f,-0.060855067004095785f,1.0548864427600473f,0.02039771179077806f,-0.05748462256851292f,0.43322707847254416f,0.6592333492696053f,-0.4212106656773314f,-0.11819735962189808f,0.004148409101215213f,-4.323467647071393f,0f,0f,0f,1f], start_interpolation: 0, interpolation_duration: 1 }
$data merge entity $(bone_rightarm) { transformation: [0.2662808923988658f,-0.139097296009362f,0.9538062846229036f,1.206402203909922f,0.04662334123606414f,0.9902333222229581f,0.13139342301374404f,1.3109775314123902f,-0.9627672358339003f,0.009482077945634713f,0.2701653934214813f,-4.250000000000001f,0f,0f,0f,1f], start_interpolation: 0, interpolation_duration: 1 }
$data merge entity $(item_display_l_item) { transformation: [-0.14789971294761614f,-0.41077052308538137f,-0.028275471245850316f,1.0120697210694902f,-0.026563432085168683f,-0.0204625408354952f,0.4362131571816837f,0.6761229978182732f,-0.41088478797087313f,0.1491814726657364f,-0.018023019375586584f,-3.5140062736544566f,0f,0f,0f,1f], start_interpolation: 0, interpolation_duration: 1 }
$data merge entity $(bone_leftarm) { transformation: [-0.33805648673740835f,-0.06462964856194378f,0.938904052766586f,1.2064022039099218f,-0.060716416194671274f,0.9970586449867056f,0.04677152190970353f,1.3109775314123902f,-0.93916522964771f,-0.041195472858483545f,-0.3409862232359689f,-3.625000000000001f,0f,0f,0f,1f], start_interpolation: 0, interpolation_duration: 1 }
$data merge entity $(bone_body) { transformation: [3.4450928483976665e-16f,-0.0697564737441253f,0.9975640502598242f,1.2500000000000002f,0f,0.9975640502598242f,0.0697564737441253f,0.6875f,-1f,-2.4031752882532567e-17f,3.436700775368731e-16f,-3.937500000000001f,0f,0f,0f,1f], start_interpolation: 0, interpolation_duration: 1 }
$data merge entity $(bone_leftleg) { transformation: [-0.21643961393810254f,4.670220861056469e-17f,0.9762960071199335f,1.2500000000000002f,-0.12743220028900526f,0.9914448613738104f,-0.028251038652918573f,0.75f,-0.9679436594388271f,-0.13052619222005157f,-0.2145879430366631f,-3.812500000000001f,0f,0f,0f,1f], start_interpolation: 0, interpolation_duration: 1 }
$data merge entity $(bone_rightleg) { transformation: [0.17364817766693066f,-3.08933243416628e-17f,0.9848077530122079f,1.2500000000000002f,0.0858316511774313f,0.9961946980917455f,-0.015134435901338623f,0.75f,-0.9810602621904068f,0.08715574274765817f,0.1729873939250898f,-4.062500000000001f,0f,0f,0f,1f], start_interpolation: 0, interpolation_duration: 1 }