# This file was generated by Animated Java via MC-Build. It is not recommended to edit this file directly.
$data merge entity $(bone_left_eye) { transformation: [-0.9537169507482267f,-0.30059718649677053f,-0.008081418546910926f,-0.3442440113162448f,-2.7755575615628914e-17f,-0.026874834340519627f,0.9996388064091799f,0.4214795067690301f,-0.30070579950427395f,0.95337247429816f,0.025630985059104106f,1.5074912074631406f,0f,0f,0f,1f], start_interpolation: 0, interpolation_duration: 1 }
$data merge entity $(bone_right_eye) { transformation: [-0.9537169507482267f,-0.30059718649677053f,-0.008081418546910926f,-0.5826732490033015f,-2.7755575615628914e-17f,-0.026874834340519627f,0.9996388064091799f,0.4214795067690301f,-0.30070579950427395f,0.95337247429816f,0.025630985059104106f,1.4323147575870723f,0f,0f,0f,1f], start_interpolation: 0, interpolation_duration: 1 }
$data merge entity $(bone_right_close) { transformation: [-0.9537169507482267f,-0.30059718649677053f,-0.008081418546910926f,-0.6164904324841882f,-2.7755575615628914e-17f,-0.026874834340519627f,0.9996388064091799f,0.41845608790572164f,-0.30070579950427395f,0.95337247429816f,0.025630985059104106f,1.5395691609456152f,0f,0f,0f,1f], start_interpolation: 0, interpolation_duration: 1 }
$data merge entity $(bone_left_close) { transformation: [-0.9537169507482267f,-0.30059718649677053f,-0.008081418546910926f,-0.3780611947971315f,-2.7755575615628914e-17f,-0.026874834340519627f,0.9996388064091799f,0.41845608790572164f,-0.30070579950427395f,0.95337247429816f,0.025630985059104106f,1.6147456108216836f,0f,0f,0f,1f], start_interpolation: 0, interpolation_duration: 1 }
$data merge entity $(bone_left_eyebrow) { transformation: [-0.99902011046697f,-0.04351447525631841f,-0.008081418546910926f,-0.36115209796802905f,-0.00695571896130175f,-0.025959096566748243f,0.9996388064091799f,0.41990531991197527f,-0.04370854443120345f,0.9987154828821899f,0.025630985059104106f,1.561116807205846f,0f,0f,0f,1f], start_interpolation: 0, interpolation_duration: 1 }
$data merge entity $(bone_right_eyebrow) { transformation: [-0.8434195569277732f,-0.537194696237806f,-0.008081418546910926f,-0.5995813356550856f,0.006955718961301696f,-0.025959096566748257f,0.9996388064091799f,0.41990531991197527f,-0.537210451280958f,0.8430587071132175f,0.025630985059104106f,1.4859403573297776f,0f,0f,0f,1f], start_interpolation: 0, interpolation_duration: 1 }
$data merge entity $(bone_talking) { transformation: [-0.9537169507482267f,-0.30059718649677053f,-0.008081418546910926f,-0.3908347768314902f,-2.7755575615628914e-17f,-0.026874834340519627f,0.9996388064091799f,0.7405853423570288f,-0.30070579950427395f,0.95337247429816f,0.025630985059104106f,1.2395695467815364f,0f,0f,0f,1f], start_interpolation: 0, interpolation_duration: 1 }
$data merge entity $(bone_m_opened) { transformation: [-0.9537169507482267f,-0.30059718649677053f,-0.008081418546910926f,-0.3903549426052674f,-2.7755575615628914e-17f,-0.026874834340519627f,0.9996388064091799f,0.6812317882264837f,-0.30070579950427395f,0.95337247429816f,0.025630985059104106f,1.2380477070436522f,0f,0f,0f,1f], start_interpolation: 0, interpolation_duration: 1 }
$data merge entity $(bone_head) { transformation: [-0.9537169507482267f,-0.30059718649677053f,-0.008081418546910926f,-0.3903296881723083f,-2.7755575615628914e-17f,-0.026874834340519627f,0.9996388064091799f,0.678107916956455f,-0.30070579950427395f,0.95337247429816f,0.025630985059104106f,1.2379676102153425f,0f,0f,0f,1f], start_interpolation: 0, interpolation_duration: 1 }