# This file was generated by Animated Java via MC-Build. It is not recommended to edit this file directly.
$data merge entity $(bone_left_eye) { transformation: [-0.9537169507482267f,-0.29804571930903584f,0.03990898466591211f,-0.35560374532251693f,-2.7755575615628914e-17f,0.13271770857663467f,0.9911538779776667f,0.463498874606197f,-0.30070579950427395f,0.9452802542271402f,-0.12657512833399984f,1.5435196807936618f,0f,0f,0f,1f], start_interpolation: 0, interpolation_duration: 1 }
$data merge entity $(bone_right_eye) { transformation: [-0.9537169507482267f,-0.29804571930903584f,0.03990898466591211f,-0.5940329830095736f,-2.7755575615628914e-17f,0.13271770857663467f,0.9911538779776667f,0.463498874606197f,-0.30070579950427395f,0.9452802542271402f,-0.12657512833399984f,1.4683432309175934f,0f,0f,0f,1f], start_interpolation: 0, interpolation_duration: 1 }
$data merge entity $(bone_right_close) { transformation: [-0.9537169507482267f,-0.29804571930903584f,0.03990898466591211f,-0.6275631264318402f,-2.7755575615628914e-17f,0.13271770857663467f,0.9911538779776667f,0.4784296168210684f,-0.30070579950427395f,0.9452802542271402f,-0.12657512833399984f,1.5746872595181467f,0f,0f,0f,1f], start_interpolation: 0, interpolation_duration: 1 }
$data merge entity $(bone_left_close) { transformation: [-0.9537169507482267f,-0.29804571930903584f,0.03990898466591211f,-0.3891338887447835f,-2.7755575615628914e-17f,0.13271770857663467f,0.9911538779776667f,0.4784296168210684f,-0.30070579950427395f,0.9452802542271402f,-0.12657512833399984f,1.649863709394215f,0f,0f,0f,1f], start_interpolation: 0, interpolation_duration: 1 }
$data merge entity $(bone_left_eyebrow) { transformation: [-0.9983597421658301f,-0.041049947204756354f,0.03990898466591211f,-0.37237131134519186f,0.034349870601999184f,0.1281954623200776f,0.9911538779776667f,0.4709022985962591f,-0.04580296510274423f,0.9908989985235772f,-0.12657512833399984f,1.5966996060394594f,0f,0f,0f,1f], start_interpolation: 0, interpolation_duration: 1 }
$data merge entity $(bone_right_eyebrow) { transformation: [-0.8440799252289131f,-0.534730168186244f,0.03990898466591211f,-0.6108005490322486f,-0.03434987060199924f,0.1281954623200776f,0.9911538779776667f,0.4709022985962591f,-0.5351160306094171f,0.8352422227546048f,-0.12657512833399984f,1.5215231561633908f,0f,0f,0f,1f], start_interpolation: 0, interpolation_duration: 1 }
$data merge entity $(bone_talking) { transformation: [-0.9537169507482267f,-0.29804571930903584f,0.03990898466591211f,-0.3878353766306888f,-2.7755575615628914e-17f,0.13271770857663467f,0.9911538779776667f,0.7400550343300591f,-0.30070579950427395f,0.9452802542271402f,-0.12657512833399984f,1.2300566646944675f,0f,0f,0f,1f], start_interpolation: 0, interpolation_duration: 1 }
$data merge entity $(bone_m_opened) { transformation: [-0.9537169507482267f,-0.29804571930903584f,0.03990898466591211f,-0.3902049725952273f,-2.7755575615628914e-17f,0.13271770857663467f,0.9911538779776667f,0.6812052728251352f,-0.30070579950427395f,0.9452802542271402f,-0.12657512833399984f,1.2375720629392988f,0f,0f,0f,1f], start_interpolation: 0, interpolation_duration: 1 }
$data merge entity $(bone_head) { transformation: [-0.9537169507482267f,-0.29804571930903584f,0.03990898466591211f,-0.3903296881723083f,-2.7755575615628914e-17f,0.13271770857663467f,0.9911538779776667f,0.678107916956455f,-0.30070579950427395f,0.9452802542271402f,-0.12657512833399984f,1.2379676102153425f,0f,0f,0f,1f], start_interpolation: 0, interpolation_duration: 1 }