# This file was generated by Animated Java via MC-Build. It is not recommended to edit this file directly.
$data merge entity $(bone_left_eye) { transformation: [-0.9537169507482267f,-0.2878816357870081f,0.08688004162119753f,-0.36480548868083135f,-2.7755575615628914e-17f,0.288920405806682f,0.9573531214282963f,0.5109997380510514f,-0.30070579950427395f,0.9130438997578915f,-0.27554828843488904f,1.5727038822015718f,0f,0f,0f,1f], start_interpolation: 0, interpolation_duration: 1 }
$data merge entity $(bone_right_eye) { transformation: [-0.9537169507482267f,-0.2878816357870081f,0.08688004162119753f,-0.603234726367888f,-2.7755575615628914e-17f,0.288920405806682f,0.9573531214282963f,0.5109997380510514f,-0.30070579950427395f,0.9130438997578915f,-0.27554828843488904f,1.4975274323255034f,0f,0f,0f,1f], start_interpolation: 0, interpolation_duration: 1 }
$data merge entity $(bone_right_close) { transformation: [-0.9537169507482267f,-0.2878816357870081f,0.08688004162119753f,-0.6356214103939264f,-2.7755575615628914e-17f,0.288920405806682f,0.9573531214282963f,0.5435032837043031f,-0.30070579950427395f,0.9130438997578915f,-0.27554828843488904f,1.6002448710482662f,0f,0f,0f,1f], start_interpolation: 0, interpolation_duration: 1 }
$data merge entity $(bone_left_close) { transformation: [-0.9537169507482267f,-0.2878816357870081f,0.08688004162119753f,-0.3971921727068697f,-2.7755575615628914e-17f,0.288920405806682f,0.9573531214282963f,0.5435032837043031f,-0.30070579950427395f,0.9130438997578915f,-0.27554828843488904f,1.6754213209243345f,0f,0f,0f,1f], start_interpolation: 0, interpolation_duration: 1 }
$data merge entity $(bone_left_eyebrow) { transformation: [-0.9957290837743167f,-0.031232196430270587f,0.08688004162119753f,-0.3810042606964519f,0.07477810354151819f,0.2790756817105922f,0.9573531214282963f,0.527191676307588f,-0.05414634758406159f,0.9597610711963208f,-0.27554828843488904f,1.6240798233309806f,0f,0f,0f,1f], start_interpolation: 0, interpolation_duration: 1 }
$data merge entity $(bone_right_eyebrow) { transformation: [-0.8467105836204265f,-0.5249124174117583f,0.08688004162119753f,-0.6194334983835086f,-0.07477810354151825f,0.2790756817105922f,0.9573531214282963f,0.527191676307588f,-0.5267726481280999f,0.8041042954273484f,-0.27554828843488904f,1.548903373454912f,0f,0f,0f,1f], start_interpolation: 0, interpolation_duration: 1 }
$data merge entity $(bone_talking) { transformation: [-0.9537169507482267f,-0.2878816357870081f,0.08688004162119753f,-0.3848996855709834f,-2.7755575615628914e-17f,0.288920405806682f,0.9573531214282963f,0.7379424870457235f,-0.30070579950427395f,0.9130438997578915f,-0.27554828843488904f,1.2207458421881618f,0f,0f,0f,1f], start_interpolation: 0, interpolation_duration: 1 }
$data merge entity $(bone_m_opened) { transformation: [-0.9537169507482267f,-0.2878816357870081f,0.08688004162119753f,-0.390058188042242f,-2.7755575615628914e-17f,0.288920405806682f,0.9573531214282963f,0.6810996454609184f,-0.30070579950427395f,0.9130438997578915f,-0.27554828843488904f,1.2371065218139834f,0f,0f,0f,1f], start_interpolation: 0, interpolation_duration: 1 }
$data merge entity $(bone_head) { transformation: [-0.9537169507482267f,-0.2878816357870081f,0.08688004162119753f,-0.3903296881723083f,-2.7755575615628914e-17f,0.288920405806682f,0.9573531214282963f,0.678107916956455f,-0.30070579950427395f,0.9130438997578915f,-0.27554828843488904f,1.2379676102153425f,0f,0f,0f,1f], start_interpolation: 0, interpolation_duration: 1 }