# This file was generated by Animated Java via MC-Build. It is not recommended to edit this file directly.
$data merge entity $(bone_left_eye) { transformation: [-0.9537169507482267f,-0.2703645446525376f,0.13163202820867942f,-0.3716142125440842f,-2.7755575615628914e-17f,0.4377435633954529f,0.8990998680379456f,0.5627688407958318f,-0.30070579950427395f,0.8574867845632824f,-0.4174834564911744f,1.594298395416991f,0f,0f,0f,1f], start_interpolation: 0, interpolation_duration: 1 }
$data merge entity $(bone_right_eye) { transformation: [-0.9537169507482267f,-0.2703645446525376f,0.13163202820867942f,-0.6100434502311409f,-2.7755575615628914e-17f,0.4377435633954529f,0.8990998680379456f,0.5627688407958318f,-0.30070579950427395f,0.8574867845632824f,-0.4174834564911744f,1.5191219455409226f,0f,0f,0f,1f], start_interpolation: 0, interpolation_duration: 1 }
$data merge entity $(bone_right_close) { transformation: [-0.9537169507482267f,-0.2703645446525376f,0.13163202820867942f,-0.6404594615045514f,-2.7755575615628914e-17f,0.4377435633954529f,0.8990998680379456f,0.6120149916778203f,-0.30070579950427395f,0.8574867845632824f,-0.4174834564911744f,1.6155892088042918f,0f,0f,0f,1f], start_interpolation: 0, interpolation_duration: 1 }
$data merge entity $(bone_left_close) { transformation: [-0.9537169507482267f,-0.2703645446525376f,0.13163202820867942f,-0.40203022381749465f,-2.7755575615628914e-17f,0.4377435633954529f,0.8990998680379456f,0.6120149916778203f,-0.30070579950427395f,0.8574867845632824f,-0.4174834564911744f,1.69076565868036f,0f,0f,0f,1f], start_interpolation: 0, interpolation_duration: 1 }
$data merge entity $(bone_left_eyebrow) { transformation: [-0.9911953269739192f,-0.014311985702026297f,0.13163202820867942f,-0.3868304451825525f,0.11329637107778584f,0.422827813175474f,0.8990998680379456f,0.5873357224950736f,-0.06852558708738105f,0.9060970187957311f,-0.4174834564911744f,1.6425581197647063f,0f,0f,0f,1f], start_interpolation: 0, interpolation_duration: 1 }
$data merge entity $(bone_right_eyebrow) { transformation: [-0.851244340420824f,-0.507992206683514f,0.13163202820867942f,-0.6252596828696092f,-0.1132963710777859f,0.422827813175474f,0.8990998680379456f,0.5873357224950736f,-0.5123934086247803f,0.7504402430267587f,-0.4174834564911744f,1.5673816698886378f,0f,0f,0f,1f], start_interpolation: 0, interpolation_duration: 1 }
$data merge entity $(bone_talking) { transformation: [-0.9537169507482267f,-0.2703645446525376f,0.13163202820867942f,-0.3821026864092658f,-2.7755575615628914e-17f,0.4377435633954529f,0.8990998680379456f,0.7343016587088266f,-0.30070579950427395f,0.8574867845632824f,-0.4174834564911744f,1.2118748941846442f,0f,0f,0f,1f], start_interpolation: 0, interpolation_duration: 1 }
$data merge entity $(bone_m_opened) { transformation: [-0.9537169507482267f,-0.2703645446525376f,0.13163202820867942f,-0.38991833808415616f,-2.7755575615628914e-17f,0.4377435633954529f,0.8990998680379456f,0.6809176040440735f,-0.30070579950427395f,0.8574867845632824f,-0.4174834564911744f,1.2366629744138078f,0f,0f,0f,1f], start_interpolation: 0, interpolation_duration: 1 }
$data merge entity $(bone_head) { transformation: [-0.9537169507482267f,-0.2703645446525376f,0.13163202820867942f,-0.3903296881723083f,-2.7755575615628914e-17f,0.4377435633954529f,0.8990998680379456f,0.678107916956455f,-0.30070579950427395f,0.8574867845632824f,-0.4174834564911744f,1.2379676102153425f,0f,0f,0f,1f], start_interpolation: 0, interpolation_duration: 1 }