# This file was generated by Animated Java via MC-Build. It is not recommended to edit this file directly.
$data merge entity $(bone_left_eye) { transformation: [0.7379404141701562f,-0.18976047256174783f,0.6476379452962284f,0.9394987481132109f,0.03740434403745311f,0.9696796241396304f,0.24150018959734354f,1.615242608857373f,-0.6738285094751528f,-0.1539882774160656f,0.7226636494503696f,-4.112071389177812f,0f,0f,0f,1f], start_interpolation: 0, interpolation_duration: 1 }
$data merge entity $(bone_right_eye) { transformation: [0.7379404141701562f,-0.18976047256174783f,0.6476379452962284f,1.1239838516557499f,0.03740434403745311f,0.9696796241396304f,0.24150018959734354f,1.6245936948667363f,-0.6738285094751528f,-0.1539882774160656f,0.7226636494503696f,-4.2805285165466f,0f,0f,0f,1f], start_interpolation: 0, interpolation_duration: 1 }
$data merge entity $(bone_right_close) { transformation: [0.7379404141701562f,-0.18976047256174783f,0.6476379452962284f,1.06515755360304f,0.03740434403745311f,0.9696796241396304f,0.24150018959734354f,1.7011799087964665f,-0.6738285094751528f,-0.1539882774160656f,0.7226636494503696f,-4.253403092941057f,0f,0f,0f,1f], start_interpolation: 0, interpolation_duration: 1 }
$data merge entity $(bone_left_close) { transformation: [0.7379404141701562f,-0.18976047256174783f,0.6476379452962284f,0.8806724500605009f,0.03740434403745311f,0.9696796241396304f,0.24150018959734354f,1.6918288227871032f,-0.6738285094751528f,-0.1539882774160656f,0.7226636494503696f,-4.0849459655722695f,0f,0f,0f,1f], start_interpolation: 0, interpolation_duration: 1 }
$data merge entity $(bone_left_eyebrow) { transformation: [0.7615199632687301f,-0.025542853318913733f,0.6476379452962284f,0.8841899815494525f,-0.17335937175972055f,0.9547901270161533f,0.24150018959734354f,1.6736322360726354f,-0.6245269199692411f,-0.29618132283587084f,0.7226636494503696f,-4.082103851848808f,0f,0f,0f,1f], start_interpolation: 0, interpolation_duration: 1 }
$data merge entity $(bone_right_eyebrow) { transformation: [0.6636820800027707f,-0.37428757459428885f,0.6476379452962284f,1.0686750850919915f,0.28710137629636784f,0.926957635576286f,0.24150018959734354f,1.6829833220819985f,-0.6907234587097264f,0.025658397283270462f,0.7226636494503696f,-4.250560979217597f,0f,0f,0f,1f], start_interpolation: 0, interpolation_duration: 1 }
$data merge entity $(bone_talking) { transformation: [0.7379404141701562f,-0.18976047256174783f,0.6476379452962284f,1.2381600162729207f,0.03740434403745311f,0.9696796241396304f,0.24150018959734354f,1.450766799544702f,-0.6738285094751528f,-0.1539882774160656f,0.7226636494503696f,-3.8923335219093516f,0f,0f,0f,1f], start_interpolation: 0, interpolation_duration: 1 }
$data merge entity $(bone_m_opened) { transformation: [0.7379404141701562f,-0.18976047256174783f,0.6476379452962284f,1.2390273885210854f,0.03740434403745311f,0.9696796241396304f,0.24150018959734354f,1.451090237298627f,-0.6738285094751528f,-0.1539882774160656f,0.7226636494503696f,-3.891365668807409f,0f,0f,0f,1f], start_interpolation: 0, interpolation_duration: 1 }
$data merge entity $(bone_head) { transformation: [0.7379404141701562f,-0.18976047256174783f,0.6476379452962284f,1.1976826446919064f,0.03740434403745311f,0.9696796241396304f,0.24150018959734354f,1.435673037694868f,-0.6738285094751528f,-0.1539882774160656f,0.7226636494503696f,-3.9374999999999996f,0f,0f,0f,1f], start_interpolation: 0, interpolation_duration: 1 }
$data merge entity $(item_display_r_item) { transformation: [0.11411880327647769f,-0.4172040673007737f,-0.06575648231494795f,1.0619377116165487f,0.022268086976611624f,-0.062076386478051f,0.43250075669786947f,0.6576470867136902f,-0.42176685626201904f,-0.11616169105827928f,0.005042865190963327f,-4.323582202306107f,0f,0f,0f,1f], start_interpolation: 0, interpolation_duration: 1 }
$data merge entity $(bone_rightarm) { transformation: [0.2608429789176633f,-0.15030053100559554f,0.9536092966874827f,1.2064022039099223f,0.050898484517969425f,0.9885731581665588f,0.1418888833784025f,1.3109775314123902f,-0.9640385285989007f,0.011526549007916116f,0.26551243670463837f,-4.25f,0f,0f,0f,1f], start_interpolation: 0, interpolation_duration: 1 }
$data merge entity $(item_display_l_item) { transformation: [-0.14767588988708438f,-0.4108747130911903f,-0.027929405441037454f,1.0115158042021526f,-0.029198453796368345f,-0.019149941665792498f,0.4361043224162059f,0.6770285327230717f,-0.41078647962409753f,0.14906877565885107f,-0.020957535198874416f,-3.509878506482264f,0f,0f,0f,1f], start_interpolation: 0, interpolation_duration: 1 }
$data merge entity $(bone_leftarm) { transformation: [-0.3375448911704786f,-0.06383864100808581f,0.939142201351292f,1.206402203909922f,-0.06673932296312765f,0.9968098798084706f,0.04377129523609736f,1.3109775314123902f,-0.9389405248550801f,-0.047902937597427156f,-0.34072863007737386f,-3.6249999999999996f,0f,0f,0f,1f], start_interpolation: 0, interpolation_duration: 1 }
$data merge entity $(bone_body) { transformation: [3.4450928483976665e-16f,-0.0697564737441253f,0.9975640502598242f,1.2500000000000004f,0f,0.9975640502598242f,0.0697564737441253f,0.6875f,-1f,-2.4031752882532567e-17f,3.436700775368731e-16f,-3.9374999999999996f,0f,0f,0f,1f], start_interpolation: 0, interpolation_duration: 1 }
$data merge entity $(bone_leftleg) { transformation: [-0.21643961393810254f,4.670220861056469e-17f,0.9762960071199335f,1.2500000000000004f,-0.12743220028900526f,0.9914448613738104f,-0.028251038652918573f,0.75f,-0.9679436594388271f,-0.13052619222005157f,-0.2145879430366631f,-3.8124999999999996f,0f,0f,0f,1f], start_interpolation: 0, interpolation_duration: 1 }
$data merge entity $(bone_rightleg) { transformation: [0.17364817766693066f,-3.08933243416628e-17f,0.9848077530122079f,1.2500000000000004f,0.0858316511774313f,0.9961946980917455f,-0.015134435901338623f,0.75f,-0.9810602621904068f,0.08715574274765817f,0.1729873939250898f,-4.0625f,0f,0f,0f,1f], start_interpolation: 0, interpolation_duration: 1 }