# This file was generated by Animated Java via MC-Build. It is not recommended to edit this file directly.
$data merge entity $(bone_left_eye) { transformation: [-1f,-8.393443522877772e-18f,1.2217670781473383e-16f,4.187500000000001f,0f,0.9976485293539166f,0.06853766758482212f,0.6690638816286669f,-1.2246467991473532e-16f,0.06853766758482212f,-0.9976485293539166f,-4.888238910241313f,0f,0f,0f,1f], start_interpolation: 0, interpolation_duration: 1 }
$data merge entity $(bone_right_eye) { transformation: [-1f,-8.393443522877772e-18f,1.2217670781473383e-16f,3.937500000000001f,0f,0.9976485293539166f,0.06853766758482212f,0.6690638816286669f,-1.2246467991473532e-16f,0.06853766758482212f,-0.9976485293539166f,-4.888238910241313f,0f,0f,0f,1f], start_interpolation: 0, interpolation_duration: 1 }
$data merge entity $(bone_right_close) { transformation: [-1f,-8.393443522877772e-18f,1.2217670781473383e-16f,3.937500000000001f,0f,0.9976485293539166f,0.06853766758482212f,0.7314169147132867f,-1.2246467991473532e-16f,0.06853766758482212f,-0.9976485293539166f,-4.883955306017262f,0f,0f,0f,1f], start_interpolation: 0, interpolation_duration: 1 }
$data merge entity $(bone_left_close) { transformation: [-1f,-8.393443522877772e-18f,1.2217670781473383e-16f,4.187500000000001f,0f,0.9976485293539166f,0.06853766758482212f,0.7314169147132867f,-1.2246467991473532e-16f,0.06853766758482212f,-0.9976485293539166f,-4.883955306017262f,0f,0f,0f,1f], start_interpolation: 0, interpolation_duration: 1 }
$data merge entity $(bone_left_eyebrow) { transformation: [-1f,-8.393443522877772e-18f,1.2217670781473383e-16f,4.187500000000001f,0f,0.9976485293539166f,0.06853766758482212f,0.7064714178752148f,-1.2246467991473532e-16f,0.06853766758482212f,-0.9976485293539166f,-4.885606394673798f,0f,0f,0f,1f], start_interpolation: 0, interpolation_duration: 1 }
$data merge entity $(bone_right_eyebrow) { transformation: [-1f,-8.393443522877772e-18f,1.2217670781473383e-16f,3.937500000000001f,0f,0.9976485293539166f,0.06853766758482212f,0.7064714178752148f,-1.2246467991473532e-16f,0.06853766758482212f,-0.9976485293539166f,-4.885606394673798f,0f,0f,0f,1f], start_interpolation: 0, interpolation_duration: 1 }
$data merge entity $(bone_talking) { transformation: [-1f,-8.393443522877772e-18f,1.2217670781473383e-16f,4.062500000000001f,0f,0.9976485293539166f,0.06853766758482212f,0.4410697704104447f,-1.2246467991473532e-16f,0.06853766758482212f,-0.9976485293539166f,-5.217138492560617f,0f,0f,0f,1f], start_interpolation: 0, interpolation_duration: 1 }
$data merge entity $(bone_m_opened) { transformation: [-1f,-8.393443522877772e-18f,1.2217670781473383e-16f,4.062500000000001f,0f,0.9976485293539166f,0.06853766758482212f,0.4410697704104447f,-1.2246467991473532e-16f,0.06853766758482212f,-0.9976485293539166f,-5.217138492560617f,0f,0f,0f,1f], start_interpolation: 0, interpolation_duration: 1 }
$data merge entity $(bone_head) { transformation: [-1f,-8.393443522877772e-18f,1.2217670781473383e-16f,4.062500000000001f,0f,0.9976485293539166f,0.06853766758482212f,0.4367861661863933f,-1.2246467991473532e-16f,0.06853766758482212f,-0.9976485293539166f,-5.154785459475997f,0f,0f,0f,1f], start_interpolation: 0, interpolation_duration: 1 }
$data merge entity $(item_display_r_item) { transformation: [-0.4375f,-5.352730279549091e-17f,2.337052511400579e-18f,3.750000000000001f,0f,0.019083481972334605f,0.4370835969420628f,-0.307047576579333f,-5.35782974626967e-17f,0.4370835969420628f,-0.019083481972334605f,-5.008094738095597f,0f,0f,0f,1f], start_interpolation: 0, interpolation_duration: 1 }
$data merge entity $(bone_rightarm) { transformation: [-1f,5.341834311772725e-18f,1.223481206754078e-16f,3.750000000000001f,0f,0.9990482215818578f,-0.043619387365336014f,0.3119051384886611f,-1.2246467991473532e-16f,-0.043619387365336014f,-0.9990482215818578f,-5.160237882896664f,0f,0f,0f,1f], start_interpolation: 0, interpolation_duration: 1 }
$data merge entity $(item_display_l_item) { transformation: [-0.4375f,-5.311992770054812e-17f,-6.993371153439041e-18f,4.375000000000001f,0f,-0.05710520909627248f,0.43375712685104206f,-0.3240636738974769f,-5.35782974626967e-17f,0.43375712685104206f,0.05710520909627248f,-5.11788614536247f,0f,0f,0f,1f], start_interpolation: 0, interpolation_duration: 1 }
$data merge entity $(bone_leftarm) { transformation: [-1f,-1.5984848350717836e-17f,1.2141697760125285e-16f,4.375000000000001f,0f,0.9914448613738104f,0.1305261922200516f,0.3119051384886611f,-1.2246467991473532e-16f,0.1305261922200516f,-0.9914448613738104f,-5.160237882896664f,0f,0f,0f,1f], start_interpolation: 0, interpolation_duration: 1 }
$data merge entity $(bone_body) { transformation: [-1f,-5.341834311772723e-18f,1.223481206754078e-16f,4.062500000000001f,0f,0.9990482215818578f,0.043619387365336f,-0.3125f,-1.2246467991473532e-16f,0.043619387365336f,-0.9990482215818578f,-5.187499999999999f,0f,0f,0f,1f], start_interpolation: 0, interpolation_duration: 1 }
$data merge entity $(bone_leftleg) { transformation: [-1f,3.169619151431765e-17f,1.1829179713786698e-16f,4.187500000000001f,0f,0.9659258262890683f,-0.25881904510252074f,-0.25f,-1.2246467991473532e-16f,-0.25881904510252074f,-0.9659258262890683f,-5.187499999999999f,0f,0f,0f,1f], start_interpolation: 0, interpolation_duration: 1 }
$data merge entity $(bone_rightleg) { transformation: [-1f,-3.169619151431765e-17f,1.1829179713786698e-16f,3.937500000000001f,0f,0.9659258262890683f,0.25881904510252074f,-0.25f,-1.2246467991473532e-16f,0.25881904510252074f,-0.9659258262890683f,-5.187499999999999f,0f,0f,0f,1f], start_interpolation: 0, interpolation_duration: 1 }
$data merge entity $(text_display_text) { transformation: [9.33947929509004e-16f,0f,2f,2.5625f,0f,2f,0f,3.4375f,-2f,0f,9.33947929509004e-16f,3.1381574228150926e-16f,0f,0f,0f,1f], start_interpolation: 0, interpolation_duration: 1 }
data modify entity @s data merge value {"locators":{},"cameras":{"camera":{"posx":6.125000000000001,"posy":0,"posz":-4.687499999999999,"roty":114.33131767040707,"rotx":-79.21379587098335}}}
execute on vehicle unless entity @s[tag=aj.transforms_only] at @s run function animated_java:humanentity/animations/000_mur_0/zzz/frames/zzz/0