# This file was generated by Animated Java via MC-Build. It is not recommended to edit this file directly.
$data merge entity $(bone_left_eye) { transformation: [-0.9966043682058221f,0.005643332314013642f,-0.0821455176711899f,4.21171644551464f,0f,0.9976485293539166f,0.06853766758482212f,0.6690638816286669f,0.08233913573188731f,0.0683049389016723f,-0.9942608822882277f,-2.9174046255360873f,0f,0f,0f,1f], start_interpolation: 0, interpolation_duration: 1 }
$data merge entity $(bone_right_eye) { transformation: [-0.9966043682058221f,0.005643332314013642f,-0.0821455176711899f,3.9625653534631846f,0f,0.9976485293539166f,0.06853766758482212f,0.6690638816286669f,0.08233913573188731f,0.0683049389016723f,-0.9942608822882277f,-2.896819841603115f,0f,0f,0f,1f], start_interpolation: 0, interpolation_duration: 1 }
$data merge entity $(bone_right_close) { transformation: [-0.9966043682058221f,0.005643332314013642f,-0.0821455176711899f,3.962918061732811f,0f,0.9976485293539166f,0.06853766758482212f,0.7314169147132867f,0.08233913573188731f,0.0683049389016723f,-0.9942608822882277f,-2.8925507829217603f,0f,0f,0f,1f], start_interpolation: 0, interpolation_duration: 1 }
$data merge entity $(bone_left_close) { transformation: [-0.9966043682058221f,0.005643332314013642f,-0.0821455176711899f,4.212069153784267f,0f,0.9976485293539166f,0.06853766758482212f,0.7314169147132867f,0.08233913573188731f,0.0683049389016723f,-0.9942608822882277f,-2.9131355668547325f,0f,0f,0f,1f], start_interpolation: 0, interpolation_duration: 1 }
$data merge entity $(bone_left_eyebrow) { transformation: [-0.9966043682058221f,0.005643332314013642f,-0.0821455176711899f,4.21193320457127f,0f,0.9976485293539166f,0.06853766758482212f,0.7064714178752148f,0.08233913573188731f,0.0683049389016723f,-0.9942608822882277f,-2.9147810490221313f,0f,0f,0f,1f], start_interpolation: 0, interpolation_duration: 1 }
$data merge entity $(bone_right_eyebrow) { transformation: [-0.9966043682058221f,0.005643332314013642f,-0.0821455176711899f,3.962782112519815f,0f,0.9976485293539166f,0.06853766758482212f,0.7064714178752148f,0.08233913573188731f,0.0683049389016723f,-0.9942608822882277f,-2.894196265089159f,0f,0f,0f,1f], start_interpolation: 0, interpolation_duration: 1 }
$data merge entity $(bone_talking) { transformation: [-0.9966043682058221f,0.005643332314013642f,-0.0821455176711899f,4.060059592138162f,0f,0.9976485293539166f,0.06853766758482212f,0.4410697704104447f,0.08233913573188731f,0.0683049389016723f,-0.9942608822882277f,-3.2348949940100904f,0f,0f,0f,1f], start_interpolation: 0, interpolation_duration: 1 }
$data merge entity $(bone_m_opened) { transformation: [-0.9966043682058221f,0.005643332314013642f,-0.0821455176711899f,4.060059592138162f,0f,0.9976485293539166f,0.06853766758482212f,0.4410697704104447f,0.08233913573188731f,0.0683049389016723f,-0.9942608822882277f,-3.2348949940100904f,0f,0f,0f,1f], start_interpolation: 0, interpolation_duration: 1 }
$data merge entity $(bone_head) { transformation: [-0.9966043682058221f,0.005643332314013642f,-0.0821455176711899f,4.065193686992612f,0f,0.9976485293539166f,0.06853766758482212f,0.4367861661863933f,0.08233913573188731f,0.0683049389016723f,-0.9942608822882277f,-3.172753688867076f,0f,0f,0f,1f], start_interpolation: 0, interpolation_duration: 1 }
$data merge entity $(item_display_r_item) { transformation: [-0.4360144110900472f,0.03598908561479403f,-0.0015713174123570832f,3.765833209146642f,0f,0.019083481972334605f,0.4370835969420628f,-0.307047576579333f,0.036023371882700696f,0.4355994219835727f,-0.019018681494205724f,-3.000830095247891f,0f,0f,0f,1f], start_interpolation: 0, interpolation_duration: 1 }
$data merge entity $(bone_rightarm) { transformation: [-0.9966043682058221f,-0.003591582656816172f,-0.08226076711952922f,3.7533058740961907f,0f,0.9990482215818578f,-0.043619387365336014f,0.3119051384886611f,0.08233913573188731f,-0.04347127198675572f,-0.9956558216767376f,-3.1524566179492055f,0f,0f,0f,1f], start_interpolation: 0, interpolation_duration: 1 }
$data merge entity $(item_display_l_item) { transformation: [-0.4360144110900472f,0.03571518694246142f,0.004701993562775786f,4.379670809690139f,0f,-0.05710520909627248f,0.43375712685104206f,-0.3240636738974769f,0.036023371882700696f,0.4322842473601554f,0.05691130083265201f,-3.161710651153951f,0f,0f,0f,1f], start_interpolation: 0, interpolation_duration: 1 }
$data merge entity $(bone_leftarm) { transformation: [-0.9966043682058221f,0.010747413857773242f,-0.08163471301134038f,4.376183604224829f,0f,0.9914448613738104f,0.1305261922200516f,0.3119051384886611f,0.08233913573188731f,0.13008297333177624f,-0.9880782796803552f,-3.2039185777816352f,0f,0f,0f,1f], start_interpolation: 0, interpolation_duration: 1 }
$data merge entity $(bone_body) { transformation: [-0.9966043682058221f,0.003591582656816171f,-0.08226076711952922f,4.0625f,0f,0.9990482215818578f,0.043619387365336f,-0.3125f,0.08233913573188731f,0.043471271986755704f,-0.9956558216767376f,-3.205357142857143f,0f,0f,0f,1f], start_interpolation: 0, interpolation_duration: 1 }
$data merge entity $(bone_leftleg) { transformation: [-0.9966043682058221f,-0.02131093648469392f,-0.07953349771775099f,4.187075546025728f,0f,0.9659258262890683f,-0.25881904510252074f,-0.25f,0.08233913573188731f,-0.25794019092403186f,-0.9626458978425035f,-3.215649534823629f,0f,0f,0f,1f], start_interpolation: 0, interpolation_duration: 1 }
$data merge entity $(bone_rightleg) { transformation: [-0.9966043682058221f,0.02131093648469392f,-0.07953349771775099f,3.937924453974272f,0f,0.9659258262890683f,0.25881904510252074f,-0.25f,0.08233913573188731f,0.25794019092403186f,-0.9626458978425035f,-3.1950647508906567f,0f,0f,0f,1f], start_interpolation: 0, interpolation_duration: 1 }
data modify entity @s data merge value {"locators":{},"cameras":{"camera":{"posx":6.125,"posy":0.23293202599873367,"posz":-1.655987840019843,"roty":127.97559873404786,"rotx":-1.6730910551944689}}}
execute on vehicle unless entity @s[tag=aj.transforms_only] at @s run function animated_java:humanentity/animations/000_mur_0/zzz/frames/zzz/5