# This file was generated by Animated Java via MC-Build. It is not recommended to edit this file directly.
$data merge entity $(bone_left_eye) { transformation: [-0.9964624803967623f,0.006804385093664574f,-0.08376291246744715f,4.212448926191105f,0f,0.9967167700908108f,0.08096715519111308f,0.6677979998906352f,0.08403883127181207f,0.08068073229240613f,-0.9931908649777389f,-2.881759570967281f,0f,0f,0f,1f], start_interpolation: 0, interpolation_duration: 1 }
$data merge entity $(bone_right_eye) { transformation: [-0.9964624803967623f,0.006804385093664574f,-0.08376291246744715f,3.9633333060919145f,0f,0.9967167700908108f,0.08096715519111308f,0.6677979998906352f,0.08403883127181207f,0.08068073229240613f,-0.9931908649777389f,-2.860749863149328f,0f,0f,0f,1f], start_interpolation: 0, interpolation_duration: 1 }
$data merge entity $(bone_right_close) { transformation: [-0.9964624803967623f,0.006804385093664574f,-0.08376291246744715f,3.963758580160268f,0f,0.9967167700908108f,0.08096715519111308f,0.7300927980213108f,0.08403883127181207f,0.08068073229240613f,-0.9931908649777389f,-2.8557073173810528f,0f,0f,0f,1f], start_interpolation: 0, interpolation_duration: 1 }
$data merge entity $(bone_left_close) { transformation: [-0.9964624803967623f,0.006804385093664574f,-0.08376291246744715f,4.212874200259459f,0f,0.9967167700908108f,0.08096715519111308f,0.7300927980213108f,0.08403883127181207f,0.08068073229240613f,-0.9931908649777389f,-2.8767170251990057f,0f,0f,0f,1f], start_interpolation: 0, interpolation_duration: 1 }
$data merge entity $(bone_left_eyebrow) { transformation: [-0.9964624803967623f,0.006804385093664574f,-0.08376291246744715f,4.212709325814147f,0f,0.9967167700908108f,0.08096715519111308f,0.7051698183218412f,0.08403883127181207f,0.08068073229240613f,-0.9931908649777389f,-2.878671969077255f,0f,0f,0f,1f], start_interpolation: 0, interpolation_duration: 1 }
$data merge entity $(bone_right_eyebrow) { transformation: [-0.9964624803967623f,0.006804385093664574f,-0.08376291246744715f,3.9635937057149557f,0f,0.9967167700908108f,0.08096715519111308f,0.7051698183218412f,0.08403883127181207f,0.08068073229240613f,-0.9931908649777389f,-2.857662261259302f,0f,0f,0f,1f], start_interpolation: 0, interpolation_duration: 1 }
$data merge entity $(bone_talking) { transformation: [-0.9964624803967623f,0.006804385093664574f,-0.08376291246744715f,4.060014109722016f,0f,0.9967167700908108f,0.08096715519111308f,0.44392104336515525f,0.08403883127181207f,0.08068073229240613f,-0.9931908649777389f,-3.2017970454369498f,0f,0f,0f,1f], start_interpolation: 0, interpolation_duration: 1 }
$data merge entity $(bone_m_opened) { transformation: [-0.9964624803967623f,0.006804385093664574f,-0.08376291246744715f,4.060014109722016f,0f,0.9967167700908108f,0.08096715519111308f,0.44392104336515525f,0.08403883127181207f,0.08068073229240613f,-0.9931908649777389f,-3.2017970454369498f,0f,0f,0f,1f], start_interpolation: 0, interpolation_duration: 1 }
$data merge entity $(bone_head) { transformation: [-0.9964624803967623f,0.006804385093664574f,-0.08376291246744715f,4.065249291751232f,0f,0.9967167700908108f,0.08096715519111308f,0.4388605961657107f,0.08403883127181207f,0.08068073229240613f,-0.9931908649777389f,-3.139722616375841f,0f,0f,0f,1f], start_interpolation: 0, interpolation_duration: 1 }
$data merge entity $(item_display_r_item) { transformation: [-0.4359523351735835f,0.03673547006960274f,-0.001522069467805126f,3.766066784880694f,0f,0.018111502085056387f,0.4371249518069439f,-0.3053099335176396f,0.03676698868141778f,0.43557861372086243f,-0.01804743229138642f,-2.9686605383471036f,0f,0f,0f,1f], start_interpolation: 0, interpolation_duration: 1 }
$data merge entity $(bone_rightarm) { transformation: [-0.9964624803967623f,-0.003479015926411698f,-0.08396678873052055f,3.7533965513353715f,0f,0.9991427469873003f,-0.04139771905155723f,0.3139795684679785f,0.08403883127181207f,-0.04125127380888303f,-0.9956082599333999f,-3.1188936169693307f,0f,0f,0f,1f], start_interpolation: 0, interpolation_duration: 1 }
$data merge entity $(item_display_l_item) { transformation: [-0.4359523351735835f,0.036463023420266166f,0.004717984713055369f,4.379863630113345f,0f,-0.05614053219987905f,0.43388303797718847f,-0.3218934949851133f,0.03676698868141778f,0.4323481682248318f,0.055941933966685786f,-3.1278068869738127f,0f,0f,0f,1f], start_interpolation: 0, interpolation_duration: 1 }
$data merge entity $(bone_leftarm) { transformation: [-0.9964624803967623f,0.010783965058412288f,-0.08334405353203694f,4.376185601583348f,0f,0.9917326582335736f,0.12832121645686662f,0.3139795684679785f,0.08403883127181207f,0.12786727763813915f,-0.9882243845139013f,-3.1714178865142135f,0f,0f,0f,1f], start_interpolation: 0, interpolation_duration: 1 }
$data merge entity $(bone_body) { transformation: [-0.9964624803967623f,0.0036657223349752834f,-0.08395884492592166f,4.0625f,0f,0.9990482215818578f,0.043619387365336f,-0.3104255700206826f,0.08403883127181207f,0.043465082927449904f,-0.9955140689134322f,-3.1723214285714283f,0f,0f,0f,1f], start_interpolation: 0, interpolation_duration: 1 }
$data merge entity $(bone_leftleg) { transformation: [-0.9964624803967623f,-0.018904623700420304f,-0.08188492147079098f,4.187057810049596f,0f,0.9743700647852352f,-0.2249510543438651f,-0.24998611111111113f,0.08403883127181207f,-0.22415528557935469f,-0.9709232115802495f,-3.182826282480405f,0f,0f,0f,1f], start_interpolation: 0, interpolation_duration: 1 }
$data merge entity $(bone_rightleg) { transformation: [-0.9964624803967623f,0.021208846874367235f,-0.08131857091582305f,3.937942189950405f,0f,0.9676309116295214f,0.2523696076373329f,-0.24050000000000005f,0.08403883127181207f,0.25147684520305447f,-0.9642078983109332f,-3.161816574662452f,0f,0f,0f,1f], start_interpolation: 0, interpolation_duration: 1 }
data modify entity @s data merge value {"locators":{},"cameras":{"camera":{"posx":6.125,"posy":0.23786624140511364,"posz":-1.5929742015441863,"roty":127.95171661216136,"rotx":-1.4268378715162038}}}