# This file was generated by Animated Java via MC-Build. It is not recommended to edit this file directly.
$data merge entity $(bone_left_eye) { transformation: [-0.9963198039489026f,0.00838694631837463f,-0.08530244656909237f,4.213266409915252f,0f,0.9952013405676365f,0.09784830980849607f,0.6695328892874238f,0.08571375770096745f,0.09748820884513229f,-0.9915388045240326f,-2.845149036054892f,0f,0f,0f,1f], start_interpolation: 0, interpolation_duration: 1 }
$data merge entity $(bone_right_eye) { transformation: [-0.9963198039489026f,0.00838694631837463f,-0.08530244656909237f,3.9641864589280265f,0f,0.9952013405676365f,0.09784830980849607f,0.6695328892874238f,0.08571375770096745f,0.09748820884513229f,-0.9915388045240326f,-2.82372059662965f,0f,0f,0f,1f], start_interpolation: 0, interpolation_duration: 1 }
$data merge entity $(bone_right_close) { transformation: [-0.9963198039489026f,0.00838694631837463f,-0.08530244656909237f,3.9647106430729253f,0f,0.9952013405676365f,0.09784830980849607f,0.7317329730729011f,0.08571375770096745f,0.09748820884513229f,-0.9915388045240326f,-2.817627583576829f,0f,0f,0f,1f], start_interpolation: 0, interpolation_duration: 1 }
$data merge entity $(bone_left_close) { transformation: [-0.9963198039489026f,0.00838694631837463f,-0.08530244656909237f,4.213790594060151f,0f,0.9952013405676365f,0.09784830980849607f,0.7317329730729011f,0.08571375770096745f,0.09748820884513229f,-0.9915388045240326f,-2.839056023002071f,0f,0f,0f,1f], start_interpolation: 0, interpolation_duration: 1 }
$data merge entity $(bone_left_eyebrow) { transformation: [-0.9963198039489026f,0.00838694631837463f,-0.08530244656909237f,4.2135862518051015f,0f,0.9952013405676365f,0.09784830980849607f,0.7068468240393473f,0.08571375770096745f,0.09748820884513229f,-0.9915388045240326f,-2.8414312570479168f,0f,0f,0f,1f], start_interpolation: 0, interpolation_duration: 1 }
$data merge entity $(bone_right_eyebrow) { transformation: [-0.9963198039489026f,0.00838694631837463f,-0.08530244656909237f,3.964506300817876f,0f,0.9952013405676365f,0.09784830980849607f,0.7068468240393473f,0.08571375770096745f,0.09748820884513229f,-0.9915388045240326f,-2.820002817622675f,0f,0f,0f,1f], start_interpolation: 0, interpolation_duration: 1 }
$data merge entity $(bone_talking) { transformation: [-0.9963198039489026f,0.00838694631837463f,-0.08530244656909237f,4.059972683289205f,0f,0.9952013405676365f,0.09784830980849607f,0.45131015096066973f,0.08571375770096745f,0.09748820884513229f,-0.9915388045240326f,-3.1686627449673144f,0f,0f,0f,1f], start_interpolation: 0, interpolation_duration: 1 }
$data merge entity $(bone_m_opened) { transformation: [-0.9963198039489026f,0.00838694631837463f,-0.08530244656909237f,4.059972683289205f,0f,0.9952013405676365f,0.09784830980849607f,0.45131015096066973f,0.08571375770096745f,0.09748820884513229f,-0.9915388045240326f,-3.1686627449673144f,0f,0f,0f,1f], start_interpolation: 0, interpolation_duration: 1 }
$data merge entity $(bone_head) { transformation: [-0.9963198039489026f,0.00838694631837463f,-0.08530244656909237f,4.065304086199773f,0f,0.9952013405676365f,0.09784830980849607f,0.4451946315976387f,0.08571375770096745f,0.09748820884513229f,-0.9915388045240326f,-3.1066915696845623f,0f,0f,0f,1f], start_interpolation: 0, interpolation_duration: 1 }
$data merge entity $(item_display_r_item) { transformation: [-0.4358899142276449f,0.037476602544129156f,-0.0013179288166400602f,3.7660771559450157f,0f,0.015375930912257568f,0.43722972308453767f,-0.29990716310307375f,0.03749976899417326f,0.4356206319842196f,-0.01531934447203233f,-2.938990562309569f,0f,0f,0f,1f], start_interpolation: 0, interpolation_duration: 1 }
$data merge entity $(bone_rightarm) { transformation: [-0.9963198039489026f,-0.00301240872374869f,-0.08566080581515235f,3.7534867997657786f,0f,0.999382224193229f,-0.03514498494230279f,0.3203136038999065f,0.08571375770096745f,-0.03501564450750225f,-0.9957043016782162f,-3.085338377836535f,0f,0f,0f,1f], start_interpolation: 0, interpolation_duration: 1 }
$data merge entity $(item_display_l_item) { transformation: [-0.4358899142276449f,0.037219127692050276f,0.004579214829991492f,4.38027897824587f,0f,-0.053424502119801556f,0.434225831305844f,-0.31527315571409975f,0.03749976899417326f,0.4326277951161878f,0.05322788947806842f,-3.0913413770493983f,0f,0f,0f,1f], start_interpolation: 0, interpolation_duration: 1 }
$data merge entity $(bone_leftarm) { transformation: [-0.9963198039489026f,0.010466776754266287f,-0.08507229186754349f,4.376186677233843f,0f,0.9925161858419292f,0.12211314770240378f,0.3203136038999065f,0.08571375770096745f,0.12166374737844232f,-0.9888635316941435f,-3.1389094763996397f,0f,0f,0f,1f], start_interpolation: 0, interpolation_duration: 1 }
$data merge entity $(bone_body) { transformation: [-0.9963198039489026f,0.003738781599697051f,-0.0856321771962498f,4.0625f,0f,0.9990482215818578f,0.043619387365336f,-0.3040915345887546f,0.08571375770096745f,0.043458859468202805f,-0.9953715282619364f,-3.1392857142857142f,0f,0f,0f,1f], start_interpolation: 0, interpolation_duration: 1 }
$data merge entity $(bone_leftleg) { transformation: [-0.9963198039489026f,-0.0163549559968702f,-0.08413895455471619f,4.1870399754936125f,0f,0.9816271834476639f,-0.19080899537654503f,-0.24898611111111113f,0.08571375770096745f,-0.1901067808652464f,-0.97801460296349f,-3.1499999339983353f,0f,0f,0f,1f], start_interpolation: 0, interpolation_duration: 1 }
$data merge entity $(bone_rightleg) { transformation: [-0.9963198039489026f,0.020070892599204117f,-0.08333071180238034f,3.937960024506387f,0f,0.9721976265828769f,0.23416185613079915f,-0.22650000000000015f,0.08571375770096745f,0.23330009459254894f,-0.9686197487166404f,-3.128571494573093f,0f,0f,0f,1f], start_interpolation: 0, interpolation_duration: 1 }
data modify entity @s data merge value {"locators":{},"cameras":{"camera":{"posx":6.125,"posy":0.24280965475661342,"posz":-1.5299926075224948,"roty":127.93057419331215,"rotx":-1.2040789024337466}}}