# This file was generated by Animated Java via MC-Build. It is not recommended to edit this file directly.
$data merge entity $(bone_left_eye) { transformation: [-0.9961766129839554f,0.010020442740404076f,-0.08678563516562471f,4.21408161066026f,0f,0.9934001797993957f,0.11469996850273445f,0.675081261650686f,0.08736221004424415f,0.11426142613242038f,-0.9896020264502143f,-2.8086149529353444f,0f,0f,0f,1f], start_interpolation: 0, interpolation_duration: 1 }
$data merge entity $(bone_right_eye) { transformation: [-0.9961766129839554f,0.010020442740404076f,-0.08678563516562471f,3.965037457414271f,0f,0.9934001797993957f,0.11469996850273445f,0.675081261650686f,0.08736221004424415f,0.11426142613242038f,-0.9896020264502143f,-2.7867744004242834f,0f,0f,0f,1f], start_interpolation: 0, interpolation_duration: 1 }
$data merge entity $(bone_right_close) { transformation: [-0.9961766129839554f,0.010020442740404076f,-0.08678563516562471f,3.965663735085547f,0f,0.9934001797993957f,0.11469996850273445f,0.7371687728881483f,0.08736221004424415f,0.11426142613242038f,-0.9896020264502143f,-2.779633061291007f,0f,0f,0f,1f], start_interpolation: 0, interpolation_duration: 1 }
$data merge entity $(bone_left_close) { transformation: [-0.9961766129839554f,0.010020442740404076f,-0.08678563516562471f,4.214707888331536f,0f,0.9934001797993957f,0.11469996850273445f,0.7371687728881483f,0.08736221004424415f,0.11426142613242038f,-0.9896020264502143f,-2.801473613802068f,0f,0f,0f,1f], start_interpolation: 0, interpolation_duration: 1 }
$data merge entity $(bone_left_eyebrow) { transformation: [-0.9961766129839554f,0.010020442740404076f,-0.08678563516562471f,4.214462801365223f,0f,0.9934001797993957f,0.11469996850273445f,0.712326599645132f,0.08736221004424415f,0.11426142613242038f,-0.9896020264502143f,-2.804268299328726f,0f,0f,0f,1f], start_interpolation: 0, interpolation_duration: 1 }
$data merge entity $(bone_right_eyebrow) { transformation: [-0.9961766129839554f,0.010020442740404076f,-0.08678563516562471f,3.9654186481192344f,0f,0.9934001797993957f,0.11469996850273445f,0.712326599645132f,0.08736221004424415f,0.11426142613242038f,-0.9896020264502143f,-2.782427746817665f,0f,0f,0f,1f], start_interpolation: 0, interpolation_duration: 1 }
$data merge entity $(bone_talking) { transformation: [-0.9961766129839554f,0.010020442740404076f,-0.08678563516562471f,4.059933912362907f,0f,0.9934001797993957f,0.11469996850273445f,0.46257495685794164f,0.08736221004424415f,0.11426142613242038f,-0.9896020264502143f,-3.135510666478611f,0f,0f,0f,1f], start_interpolation: 0, interpolation_duration: 1 }
$data merge entity $(bone_m_opened) { transformation: [-0.9961766129839554f,0.010020442740404076f,-0.08678563516562471f,4.059933912362907f,0f,0.9934001797993957f,0.11469996850273445f,0.46257495685794164f,0.08736221004424415f,0.11426142613242038f,-0.9896020264502143f,-3.135510666478611f,0f,0f,0f,1f], start_interpolation: 0, interpolation_duration: 1 }
$data merge entity $(bone_head) { transformation: [-0.9961766129839554f,0.010020442740404076f,-0.08678563516562471f,4.065358014560759f,0f,0.9934001797993957f,0.11469996850273445f,0.4554062088265207f,0.08736221004424415f,0.11426142613242038f,-0.9896020264502143f,-3.0736605398254726f,0f,0f,0f,1f], start_interpolation: 0, interpolation_duration: 1 }
$data merge entity $(item_display_r_item) { transformation: [-0.4358272681804805f,0.03820855869905306f,-0.000973833908085137f,3.765884409597283f,0f,0.011147084163644029f,0.4373579683904806f,-0.29108703538228553f,0.03822096689435681f,0.4356857796127729f,-0.011104464546785998f,-2.9114462537833425f,0f,0f,0f,1f], start_interpolation: 0, interpolation_duration: 1 }
$data merge entity $(bone_rightarm) { transformation: [-0.9961766129839554f,-0.002225906075623151f,-0.08733384845497842f,3.753576487243146f,0f,0.9996753563210985f,-0.025479049516900415f,0.3305251811287885f,0.08736221004424415f,-0.025381633249796344f,-0.9958532105434809f,-3.0517914258824006f,0f,0f,0f,1f], start_interpolation: 0, interpolation_duration: 1 }
$data merge entity $(item_display_l_item) { transformation: [-0.4358272681804805f,0.03797828838015188f,0.004300223488789826f,4.380894633482748f,0f,-0.04922292472468359f,0.434722156879021f,-0.3045701643340083f,0.03822096689435681f,0.43306004582882285f,0.0490347264333995f,-3.0527109746852465f,0f,0f,0f,1f], start_interpolation: 0, interpolation_duration: 1 }
$data merge entity $(bone_leftarm) { transformation: [-0.9961766129839554f,0.00982908226009105f,-0.08680751629749002f,4.376186870358119f,0f,0.9936506442949051f,0.11250954222784842f,0.3305251811287885f,0.08736221004424415f,0.11207937470491336f,-0.9898515333230237f,-3.1063928071600535f,0f,0f,0f,1f], start_interpolation: 0, interpolation_duration: 1 }
$data merge entity $(bone_body) { transformation: [-0.9961766129839554f,0.003810686081011733f,-0.08727906057816283f,4.0625f,0f,0.9990482215818578f,0.043619387365336f,-0.2938799573598726f,0.08736221004424415f,0.04345261356603555f,-0.9952284735830593f,-3.1062499999999993f,0f,0f,0f,1f], start_interpolation: 0, interpolation_duration: 1 }
$data merge entity $(bone_leftleg) { transformation: [-0.9961766129839554f,-0.013666460593003594f,-0.08628663626932338f,4.187022076622995f,0f,0.9876883405951378f,-0.15643446504023062f,-0.24712500000000004f,0.08736221004424415f,-0.15583635553773392f,-0.9839120258178077f,-3.11717027625553f,0f,0f,0f,1f], start_interpolation: 0, interpolation_duration: 1 }
$data merge entity $(bone_rightleg) { transformation: [-0.9961766129839554f,0.01798461246761041f,-0.08549099050896829f,3.9379779233770056f,0f,0.9785809043254722f,0.2058626087698811f,-0.21099999999999985f,0.08736221004424415f,0.20507551634442128f,-0.974839410801725f,-3.095329723744469f,0f,0f,0f,1f], start_interpolation: 0, interpolation_duration: 1 }
data modify entity @s data merge value {"locators":{},"cameras":{"camera":{"posx":6.125,"posy":0.24776104213311623,"posz":-1.4670644209240777,"roty":127.91204065775983,"rotx":-1.0041452830188746}}}