# This file was generated by Animated Java via MC-Build. It is not recommended to edit this file directly.
$data merge entity $(bone_left_eye) { transformation: [-0f,0f,-0f,4f,0f,0f,0f,0f,0f,0f,-0f,-2f,0f,0f,0f,1f], start_interpolation: 0, interpolation_duration: 1 }
$data merge entity $(bone_right_eye) { transformation: [-0.9960331909329685f,0.011306894281689253f,-0.08826118456938765f,3.9657988919434732f,0f,0.9918939103343398f,0.12706876343796109f,0.684242452910488f,0.08898248456796883f,0.1265647059150189f,-0.9879592565772923f,-2.7508757163321835f,0f,0f,0f,1f], start_interpolation: 0, interpolation_duration: 1 }
$data merge entity $(bone_right_close) { transformation: [-0.9960331909329685f,0.011306894281689253f,-0.08826118456938765f,3.9665055728360787f,0f,0.9918939103343398f,0.12706876343796109f,0.7462358223063843f,0.08898248456796883f,0.1265647059150189f,-0.9879592565772923f,-2.742965422212495f,0f,0f,0f,1f], start_interpolation: 0, interpolation_duration: 1 }
$data merge entity $(bone_left_close) { transformation: [-0.9960331909329685f,0.011306894281689253f,-0.08826118456938765f,4.215513870569321f,0f,0.9918939103343398f,0.12706876343796109f,0.7462358223063843f,0.08898248456796883f,0.1265647059150189f,-0.9879592565772923f,-2.765211043354487f,0f,0f,0f,1f], start_interpolation: 0, interpolation_duration: 1 }
$data merge entity $(bone_left_eyebrow) { transformation: [-0.9960331909329685f,0.011306894281689253f,-0.08826118456938765f,4.2152367145363145f,0f,0.9918939103343398f,0.12706876343796109f,0.721430532750311f,0.08898248456796883f,0.1265647059150189f,-0.9879592565772923f,-2.7683134135488263f,0f,0f,0f,1f], start_interpolation: 0, interpolation_duration: 1 }
$data merge entity $(bone_right_eyebrow) { transformation: [-0.9960331909329685f,0.011306894281689253f,-0.08826118456938765f,3.966228416803072f,0f,0.9918939103343398f,0.12706876343796109f,0.721430532750311f,0.08898248456796883f,0.1265647059150189f,-0.9879592565772923f,-2.746067792406834f,0f,0f,0f,1f], start_interpolation: 0, interpolation_duration: 1 }
$data merge entity $(bone_talking) { transformation: [-0.9960331909329685f,0.011306894281689253f,-0.08826118456938765f,4.059894697061738f,0f,0.9918939103343398f,0.12706876343796109f,0.4759779639012659f,0.08898248456796883f,0.1265647059150189f,-0.9879592565772923f,-3.102376971062338f,0f,0f,0f,1f], start_interpolation: 0, interpolation_duration: 1 }
$data merge entity $(bone_m_opened) { transformation: [-0.9960331909329685f,0.011306894281689253f,-0.08826118456938765f,4.059894697061738f,0f,0.9918939103343398f,0.12706876343796109f,0.4759779639012659f,0.08898248456796883f,0.1265647059150189f,-0.9879592565772923f,-3.102376971062338f,0f,0f,0f,1f], start_interpolation: 0, interpolation_duration: 1 }
$data merge entity $(bone_head) { transformation: [-0.9960331909329685f,0.011306894281689253f,-0.08826118456938765f,4.065411021097325f,0f,0.9918939103343398f,0.12706876343796109f,0.4680361661863933f,0.08898248456796883f,0.1265647059150189f,-0.9879592565772923f,-3.0406295175262574f,0f,0f,0f,1f], start_interpolation: 0, interpolation_duration: 1 }
$data merge entity $(item_display_r_item) { transformation: [-0.4357645210331737f,0.038926537920401454f,-0.0005068079125912818f,3.7655113580288444f,0f,0.005695591835314051f,0.43746292441033846f,-0.2801645844303041f,0.03892983699848636f,0.43572759251529747f,-0.005672998509979616f,-2.8856554043495737f,0f,0f,0f,1f], start_interpolation: 0, interpolation_duration: 1 }
$data merge entity $(bone_rightarm) { transformation: [-0.9960331909329685f,-0.0011584180859229099f,-0.08897494381806047f,3.753665478747885f,0f,0.9999152557950594f,-0.013018495623574752f,0.3431551384886611f,0.08898248456796883f,-0.012966853737096044f,-0.9959487828921085f,-3.018253285796772f,0f,0f,0f,1f], start_interpolation: 0, interpolation_duration: 1 }
$data merge entity $(item_display_l_item) { transformation: [-0.4357645210331737f,0.03873423947131893f,0.003897550680521833f,4.381685219100622f,0f,-0.04380132449037999f,0.435301842372495f,-0.29121930046929745f,0.03892983699848636f,0.43357508307727627f,0.04362757299924356f,-3.01231384777145f,0f,0f,0f,1f], start_interpolation: 0, interpolation_duration: 1 }
$data merge entity $(bone_leftarm) { transformation: [-0.9960331909329685f,0.00890868726976421f,-0.08853540450587184f,4.376186223080991f,0f,0.99497563970856f,0.10011731312086877f,0.3431551384886611f,0.08898248456796883f,0.09972016685541407f,-0.9910287613194886f,-3.0738673386517523f,0f,0f,0f,1f], start_interpolation: 0, interpolation_duration: 1 }
$data merge entity $(bone_body) { transformation: [-0.9960331909329685f,0.003881361463100265f,-0.08889779295956436f,4.0625f,0f,0.9990482215818578f,0.043619387365336f,-0.28125f,0.08898248456796883f,0.043446357584036824f,-0.9950851880380852f,-3.0732142857142852f,0f,0f,0f,1f], start_interpolation: 0, interpolation_duration: 1 }
$data merge entity $(bone_leftleg) { transformation: [-0.9960331909329685f,-0.010844236968857019f,-0.08831922262142079f,4.187004148866621f,0f,0.9925461516413221f,-0.12186934340514737f,-0.2445277777777778f,0.08898248456796883f,-0.12138591098873465f,-0.9886089105675441f,-3.084337096285281f,0f,0f,0f,1f], start_interpolation: 0, interpolation_duration: 1 }
$data merge entity $(bone_rightleg) { transformation: [-0.9960331909329685f,0.015050431871366926f,-0.08770043933968719f,3.937995851133379f,0f,0.985592161934944f,0.16913926313072017f,-0.19699999999999995f,0.08898248456796883f,0.1684683199681422f,-0.9816825060105853f,-3.0620914751432893f,0f,0f,0f,1f], start_interpolation: 0, interpolation_duration: 1 }
data modify entity @s data merge value {"locators":{},"cameras":{"camera":{"posx":6.125,"posy":0.2527191796145052,"posz":-1.4042110047182483,"roty":127.8959800619354,"rotx":-0.8263688356268696}}}