# This file was generated by Animated Java via MC-Build. It is not recommended to edit this file directly.
$data merge entity $(bone_left_eye) { transformation: [-0.9958898300674085f,0.011822132983984879f,-0.08979801523428681f,4.215354315925822f,0f,0.9914448613738104f,0.1305261922200516f,0.6958957908347055f,0.0905728787679194f,0.1299897073893731f,-0.9873698545147694f,-2.7395802125953432f,0f,0f,0f,1f], start_interpolation: 0, interpolation_duration: 1 }
$data merge entity $(bone_right_eye) { transformation: [-0.9958898300674085f,0.011822132983984879f,-0.08979801523428681f,3.9663818584089703f,0f,0.9914448613738104f,0.1305261922200516f,0.6958957908347055f,0.0905728787679194f,0.1299897073893731f,-0.9873698545147694f,-2.7169369929033635f,0f,0f,0f,1f], start_interpolation: 0, interpolation_duration: 1 }
$data merge entity $(bone_right_close) { transformation: [-0.9958898300674085f,0.011822132983984879f,-0.08979801523428681f,3.96712074172047f,0f,0.9914448613738104f,0.1305261922200516f,0.7578610946705686f,0.0905728787679194f,0.1299897073893731f,-0.9873698545147694f,-2.708812636191528f,0f,0f,0f,1f], start_interpolation: 0, interpolation_duration: 1 }
$data merge entity $(bone_left_close) { transformation: [-0.9958898300674085f,0.011822132983984879f,-0.08979801523428681f,4.216093199237322f,0f,0.9914448613738104f,0.1305261922200516f,0.7578610946705686f,0.0905728787679194f,0.1299897073893731f,-0.9873698545147694f,-2.7314558558835076f,0f,0f,0f,1f], start_interpolation: 0, interpolation_duration: 1 }
$data merge entity $(bone_left_eyebrow) { transformation: [-0.9958898300674085f,0.011822132983984879f,-0.08979801523428681f,4.215803258288674f,0f,0.9914448613738104f,0.1305261922200516f,0.7330668152492097f,0.0905728787679194f,0.1299897073893731f,-0.9873698545147694f,-2.734643887952335f,0f,0f,0f,1f], start_interpolation: 0, interpolation_duration: 1 }
$data merge entity $(bone_right_eyebrow) { transformation: [-0.9958898300674085f,0.011822132983984879f,-0.08979801523428681f,3.9668308007718225f,0f,0.9914448613738104f,0.1305261922200516f,0.7330668152492097f,0.0905728787679194f,0.1299897073893731f,-0.9873698545147694f,-2.712000668260355f,0f,0f,0f,1f], start_interpolation: 0, interpolation_duration: 1 }
$data merge entity $(bone_talking) { transformation: [-0.9958898300674085f,0.011822132983984879f,-0.08979801523428681f,4.0598506741606855f,0f,0.9914448613738104f,0.1305261922200516f,0.48882401056001906f,0.0905728787679194f,0.1299897073893731f,-0.9873698545147694f,-3.069309109132562f,0f,0f,0f,1f], start_interpolation: 0, interpolation_duration: 1 }
$data merge entity $(bone_m_opened) { transformation: [-0.9958898300674085f,0.011822132983984879f,-0.08979801523428681f,4.0598506741606855f,0f,0.9914448613738104f,0.1305261922200516f,0.48882401056001906f,0.0905728787679194f,0.1299897073893731f,-0.9873698545147694f,-3.069309109132562f,0f,0f,0f,1f], start_interpolation: 0, interpolation_duration: 1 }
$data merge entity $(bone_head) { transformation: [-0.9958898300674085f,0.011822132983984879f,-0.08979801523428681f,4.065463050112829f,0f,0.9914448613738104f,0.1305261922200516f,0.4806661235462658f,0.0905728787679194f,0.1299897073893731f,-0.9873698545147694f,-3.007598493225389f,0f,0f,0f,1f], start_interpolation: 0, interpolation_duration: 1 }
$data merge entity $(item_display_r_item) { transformation: [-0.4357018006544912f,0.03962558271775529f,0.00006403680449126361f,3.7649837504442347f,0f,-0.0007070196438753932f,0.4374994287118821f,-0.26941609363811947f,0.03962563446096474f,0.4357012317144645f,0.0007041136729933838f,-2.86124429211585f,0f,0f,0f,1f], start_interpolation: 0, interpolation_duration: 1 }
$data merge entity $(bone_rightarm) { transformation: [-0.9958898300674085f,0.00014636983883719408f,-0.09057276049772638f,3.7537536365312922f,0f,0.9999986941985876f,0.0016160449002868352f,0.3557850958485336f,0.0905728787679194f,0.0016094026811279555f,-0.9958885296330617f,-2.9847244816442777f,0f,0f,0f,1f], start_interpolation: 0, interpolation_duration: 1 }
$data merge entity $(item_display_l_item) { transformation: [-0.4357018006544912f,0.039480376587482345f,0.0033898039684577778f,4.382622310822049f,0f,-0.03742625844038463f,0.4358962321231436f,-0.27761702388178144f,0.03962563446096474f,0.4341046245361412f,0.037272430158253565f,-2.970548966947121f,0f,0f,0f,1f], start_interpolation: 0, interpolation_duration: 1 }
$data merge entity $(bone_leftarm) { transformation: [-0.9958898300674085f,0.007748123356474941f,-0.09024086077138822f,4.376184780323422f,0f,0.9963342448528997f,0.08554573357802223f,0.3557850958485336f,0.0905728787679194f,0.08519412607600838f,-0.9922391417968941f,-3.0413325308742274f,0f,0f,0f,1f], start_interpolation: 0, interpolation_duration: 1 }
$data merge entity $(bone_body) { transformation: [-0.9958898300674085f,0.003950733483771493f,-0.09048667345663909f,4.0625f,0f,0.9990482215818578f,0.043619387365336f,-0.2686200426401275f,0.0905728787679194f,0.043440104270908934f,-0.9949419636203031f,-3.0401785714285707f,0f,0f,0f,1f], start_interpolation: 0, interpolation_duration: 1 }
$data merge entity $(bone_leftleg) { transformation: [-0.9958898300674085f,-0.007893946521811615f,-0.09022822161950775f,4.186986228758426f,0f,0.9961946980917455f,-0.08715574274765818f,-0.24131944444444442f,0.0905728787679194f,-0.08679751783436407f,-0.9921001685966417f,-3.0515001812745606f,0f,0f,0f,1f], start_interpolation: 0, interpolation_duration: 1 }
$data merge entity $(bone_rightleg) { transformation: [-0.9958898300674085f,0.011386642690236896f,-0.08985427500432631f,3.938013771241574f,0f,0.9920660160815423f,0.12571801675216274f,-0.1875f,0.0905728787679194f,0.12520129433972296f,-0.9879884561710981f,-3.028856961582581f,0f,0f,0f,1f], start_interpolation: 0, interpolation_duration: 1 }
data modify entity @s data merge value {"locators":{},"cameras":{"camera":{"posx":6.125,"posy":0.2576828432806637,"posz":-1.3414537218743157,"roty":127.88225163060986,"rotx":-0.6700820132984339}}}