# This file was generated by Animated Java via MC-Build. It is not recommended to edit this file directly.
$data merge entity $(bone_left_eye) { transformation: [-0.9957468310011942f,0.011573849663606616f,-0.09140183015149816f,4.215726319779152f,0f,0.9920780657755196f,0.1256228936424562f,0.7074914938084134f,0.09213169135036589f,0.12508859824567584f,-0.9878585901017679f,-2.7078471214203566f,0f,0f,0f,1f], start_interpolation: 0, interpolation_duration: 1 }
$data merge entity $(bone_right_eye) { transformation: [-0.9957468310011942f,0.011573849663606616f,-0.09140183015149816f,3.9667896120288533f,0f,0.9920780657755196f,0.1256228936424562f,0.7074914938084134f,0.09213169135036589f,0.12508859824567584f,-0.9878585901017679f,-2.6848141985827647f,0f,0f,0f,1f], start_interpolation: 0, interpolation_duration: 1 }
$data merge entity $(bone_right_close) { transformation: [-0.9957468310011942f,0.011573849663606616f,-0.09140183015149816f,3.9675129776328286f,0f,0.9920780657755196f,0.1256228936424562f,0.7694963729193834f,0.09213169135036589f,0.12508859824567584f,-0.9878585901017679f,-2.67699616119241f,0f,0f,0f,1f], start_interpolation: 0, interpolation_duration: 1 }
$data merge entity $(bone_left_close) { transformation: [-0.9957468310011942f,0.011573849663606616f,-0.09140183015149816f,4.216449685383127f,0f,0.9920780657755196f,0.1256228936424562f,0.7694963729193834f,0.09213169135036589f,0.12508859824567584f,-0.9878585901017679f,-2.700029084030002f,0f,0f,0f,1f], start_interpolation: 0, interpolation_duration: 1 }
$data merge entity $(bone_left_eyebrow) { transformation: [-0.9957468310011942f,0.011573849663606616f,-0.09140183015149816f,4.216166051755921f,0f,0.9920780657755196f,0.1256228936424562f,0.7446865698441428f,0.09213169135036589f,0.12508859824567584f,-0.9878585901017679f,-2.7030945578242624f,0f,0f,0f,1f], start_interpolation: 0, interpolation_duration: 1 }
$data merge entity $(bone_right_eyebrow) { transformation: [-0.9957468310011942f,0.011573849663606616f,-0.09140183015149816f,3.9672293440056223f,0f,0.9920780657755196f,0.1256228936424562f,0.7446865698441428f,0.09213169135036589f,0.12508859824567584f,-0.9878585901017679f,-2.680061634986671f,0f,0f,0f,1f], start_interpolation: 0, interpolation_duration: 1 }
$data merge entity $(bone_talking) { transformation: [-0.9957468310011942f,0.011573849663606616f,-0.09140183015149816f,4.059801431565758f,0f,0.9920780657755196f,0.1256228936424562f,0.4987291316278011f,0.09213169135036589f,0.12508859824567584f,-0.9878585901017679f,-3.036308618969782f,0f,0f,0f,1f], start_interpolation: 0, interpolation_duration: 1 }
$data merge entity $(bone_m_opened) { transformation: [-0.9957468310011942f,0.011573849663606616f,-0.09140183015149816f,4.059801431565758f,0f,0.9920780657755196f,0.1256228936424562f,0.4987291316278011f,0.09213169135036589f,0.12508859824567584f,-0.9878585901017679f,-3.036308618969782f,0f,0f,0f,1f], start_interpolation: 0, interpolation_duration: 1 }
$data merge entity $(bone_head) { transformation: [-0.9957468310011942f,0.011573849663606616f,-0.09140183015149816f,4.065514045950226f,0f,0.9920780657755196f,0.1256228936424562f,0.4908777007751476f,0.09213169135036589f,0.12508859824567584f,-0.9878585901017679f,-2.9745674570884217f,0f,0f,0f,1f], start_interpolation: 0, interpolation_duration: 1 }
$data merge entity $(item_display_r_item) { transformation: [-0.43563923856302245f,0.04030122790992398f,0.0007175327047218028f,3.7643304100953103f,0f,-0.007788120398149547f,0.437430674713907f,-0.26112946805620885f,0.040307614965785075f,0.4355702081290871f,0.007754996205913171f,-2.8378354719982606f,0f,0f,0f,1f], start_interpolation: 0, interpolation_duration: 1 }
$data merge entity $(bone_rightarm) { transformation: [-0.9957468310011942f,0.0016400747536498557f,-0.09211709236554053f,3.753840820270649f,0f,0.999841542203216f,0.01780141805291347f,0.36599667307741535f,0.09213169135036589f,0.01772570561351604f,-0.9955890471521991f,-2.951205536883838f,0f,0f,0f,1f], start_interpolation: 0, interpolation_duration: 1 }
$data merge entity $(item_display_l_item) { transformation: [-0.43563923856302245f,0.04021040666627911f,0.002797681175980768f,4.383674589871074f,0f,-0.03036611110656287f,0.4364448983505981f,-0.26617207059674275f,0.040307614965785075f,0.4345886244392464f,0.03023695890419015f,-2.9278153211440183f,0f,0f,0f,1f], start_interpolation: 0, interpolation_duration: 1 }
$data merge entity $(bone_leftarm) { transformation: [-0.9957468310011942f,0.006394699830813205f,-0.09190950095149511f,4.376182589646395f,0f,0.9975883390870813f,0.06940825395785821f,0.36599667307741535f,0.09213169135036589f,0.06911304892386343f,-0.993345427289706f,-3.008787843977817f,0f,0f,0f,1f], start_interpolation: 0, interpolation_duration: 1 }
$data merge entity $(bone_body) { transformation: [-0.9957468310011942f,0.004018727933635186f,-0.09204400239491167f,4.0625f,0f,0.9990482215818578f,0.043619387365336f,-0.25840846541124574f,0.09213169135036589f,0.04343386673924685f,-0.9947991006575138f,-3.0071428571428567f,0f,0f,0f,1f], start_interpolation: 0, interpolation_duration: 1 }
$data merge entity $(bone_leftleg) { transformation: [-0.9957468310011942f,-0.004821800167101167f,-0.09200542806936789f,4.186968353875149f,0f,0.9986295347545738f,-0.05233595624294395f,-0.23762499999999998f,0.09213169135036589f,-0.052113362576328606f,-0.9943821945760638f,-3.0186593185616526f,0f,0f,0f,1f], start_interpolation: 0, interpolation_duration: 1 }
$data merge entity $(bone_rightleg) { transformation: [-0.9957468310011942f,0.007132382579622959f,-0.09185519947078105f,3.9380316461248506f,0f,0.9969989492699817f,0.07741508350801196f,-0.1825f,0.09213169135036589f,0.07708582407479572f,-0.9927585442471046f,-2.9956263957240608f,0f,0f,0f,1f], start_interpolation: 0, interpolation_duration: 1 }
data modify entity @s data merge value {"locators":{},"cameras":{"camera":{"posx":6.125,"posy":0.262650809211475,"posz":-1.2788139353615888,"roty":127.87071004412343,"rotx":-0.5346178441441746}}}