# This file was generated by Animated Java via MC-Build. It is not recommended to edit this file directly.
$data merge entity $(bone_left_eye) { transformation: [-0.9956045021637177f,0.010794251821906235f,-0.09303310915443586f,4.215971356005772f,0f,0.993336199421459f,0.11525274365034222f,0.7167326001498551f,0.09365722220595646f,0.11474615046500153f,-0.9889699923062011f,-2.6773145161081726f,0f,0f,0f,1f], start_interpolation: 0, interpolation_duration: 1 }
$data merge entity $(bone_right_eye) { transformation: [-0.9956045021637177f,0.010794251821906235f,-0.09303310915443586f,3.967070230464843f,0f,0.993336199421459f,0.11525274365034222f,0.7167326001498551f,0.09365722220595646f,0.11474615046500153f,-0.9889699923062011f,-2.653900210556684f,0f,0f,0f,1f], start_interpolation: 0, interpolation_duration: 1 }
$data merge entity $(bone_right_close) { transformation: [-0.9956045021637177f,0.010794251821906235f,-0.09303310915443586f,3.967744871203712f,0f,0.993336199421459f,0.11525274365034222f,0.7788161126136962f,0.09365722220595646f,0.11474615046500153f,-0.9889699923062011f,-2.646728576152621f,0f,0f,0f,1f], start_interpolation: 0, interpolation_duration: 1 }
$data merge entity $(bone_left_close) { transformation: [-0.9956045021637177f,0.010794251821906235f,-0.09303310915443586f,4.216645996744641f,0f,0.993336199421459f,0.11525274365034222f,0.7788161126136962f,0.09365722220595646f,0.11474615046500153f,-0.9889699923062011f,-2.67014288170411f,0f,0f,0f,1f], start_interpolation: 0, interpolation_duration: 1 }
$data merge entity $(bone_left_eyebrow) { transformation: [-0.9956045021637177f,0.010794251821906235f,-0.09303310915443586f,4.216381955018416f,0f,0.993336199421459f,0.11525274365034222f,0.7539755043316817f,0.09365722220595646f,0.11474615046500153f,-0.9889699923062011f,-2.6729497248412164f,0f,0f,0f,1f], start_interpolation: 0, interpolation_duration: 1 }
$data merge entity $(bone_right_eyebrow) { transformation: [-0.9956045021637177f,0.010794251821906235f,-0.09303310915443586f,3.9674808294774864f,0f,0.993336199421459f,0.11525274365034222f,0.7539755043316817f,0.09365722220595646f,0.11474615046500153f,-0.9889699923062011f,-2.649535419289727f,0f,0f,0f,1f], start_interpolation: 0, interpolation_duration: 1 }
$data merge entity $(bone_talking) { transformation: [-0.9956045021637177f,0.010794251821906235f,-0.09303310915443586f,4.05974938366907f,0f,0.993336199421459f,0.11525274365034222f,0.5044150326852223f,0.09365722220595646f,0.11474615046500153f,-0.9889699923062011f,-3.0033470235443667f,0f,0f,0f,1f], start_interpolation: 0, interpolation_duration: 1 }
$data merge entity $(bone_m_opened) { transformation: [-0.9956045021637177f,0.010794251821906235f,-0.09303310915443586f,4.05974938366907f,0f,0.993336199421459f,0.11525274365034222f,0.5044150326852223f,0.09365722220595646f,0.11474615046500153f,-0.9889699923062011f,-3.0033470235443667f,0f,0f,0f,1f], start_interpolation: 0, interpolation_duration: 1 }
$data merge entity $(bone_head) { transformation: [-0.9956045021637177f,0.010794251821906235f,-0.09303310915443586f,4.065563952991222f,0f,0.993336199421459f,0.11525274365034222f,0.4972117362070758f,0.09365722220595646f,0.11474615046500153f,-0.9889699923062011f,-2.941536399025229f,0f,0f,0f,1f], start_interpolation: 0, interpolation_duration: 1 }
$data merge entity $(item_display_r_item) { transformation: [-0.43557696969662646f,0.04095005533997736f,0.0014305375062994524f,3.763583278035613f,0f,-0.015274182520101185f,0.43723328938719047f,-0.25665232847810027f,0.040975034715105954f,0.43531143140973844f,0.015207044883883098f,-2.815046629536808f,0f,0f,0f,1f], start_interpolation: 0, interpolation_duration: 1 }
$data merge entity $(bone_rightarm) { transformation: [-0.9956045021637177f,0.0032698000143987693f,-0.09360012649137682f,3.75392688723319f,0f,0.9993903757421496f,0.03491241718880293f,0.3723307085093436f,0.09365722220595646f,0.03475895973459016f,-0.9949975575079736f,-2.9176969743911862f,0f,0f,0f,1f], start_interpolation: 0, interpolation_duration: 1 }
$data merge entity $(item_display_l_item) { transformation: [-0.43557696969662646f,0.04091890757513893f,0.0021439386095165125f,4.384808048093387f,0f,-0.022891332446331743f,0.4369007174391358f,-0.25835355424551654f,0.040975034715105954f,0.4349803212809618f,0.022790713644094268f,-2.884510808824055f,0f,0f,0f,1f], start_interpolation: 0, interpolation_duration: 1 }
$data merge entity $(bone_leftarm) { transformation: [-0.9956045021637177f,0.0049004311074663355f,-0.09352893160031754f,4.376179701085514f,0f,0.9986302112894532f,0.05232304559161563f,0.3723307085093436f,0.09365722220595646f,0.05209305975792998f,-0.9942407343564842f,-2.976232738269909f,0f,0f,0f,1f], start_interpolation: 0, interpolation_duration: 1 }
$data merge entity $(bone_body) { transformation: [-0.9956045021637177f,0.004085270654962963f,-0.09356808128315768f,4.0625f,0f,0.9990482215818578f,0.043619387365336f,-0.2520744299793175f,0.09365722220595646f,0.043427658442551705f,-0.994656907285553f,-2.9741071428571426f,0f,0f,0f,1f], start_interpolation: 0, interpolation_duration: 1 }
$data merge entity $(bone_leftleg) { transformation: [-0.9956045021637177f,-0.0016345439077253498f,-0.09364295775737555f,4.186950562770464f,0f,0.9998476951563913f,-0.017452406437283758f,-0.2335694444444445f,0.09365722220595646f,-0.01737569442255076f,-0.9954528667757194f,-2.985814295632887f,0f,0f,0f,1f], start_interpolation: 0, interpolation_duration: 1 }
$data merge entity $(bone_rightleg) { transformation: [-0.9956045021637177f,0.0024480290030569197f,-0.09362522323250341f,3.938049437229535f,0f,0.9996583394990866f,0.02613817648438893f,-0.18000000000000005f,0.09365722220595646f,0.026023286186207435f,-0.9952643434307967f,-2.962399990081398f,0f,0f,0f,1f], start_interpolation: 0, interpolation_duration: 1 }
data modify entity @s data merge value {"locators":{},"cameras":{"camera":{"posx":6.125,"posy":0.2676218534868222,"posz":-1.2163130081493796,"roty":127.86120572105484,"rotx":-0.41930987679133513}}}