# This file was generated by Animated Java via MC-Build. It is not recommended to edit this file directly.
$data merge entity $(bone_left_eye) { transformation: [-0.9954631592438917f,0.009637143126274172f,-0.09465846005790511f,4.216119511356704f,0f,0.9948573434126252f,0.10128606151872092f,0.7226789866598694f,0.09514777237629007f,0.10082654278679709f,-0.9903438340705172f,-2.6476061860409f,0f,0f,0f,1f], start_interpolation: 0, interpolation_duration: 1 }
$data merge entity $(bone_right_eye) { transformation: [-0.9954631592438917f,0.009637143126274172f,-0.09465846005790511f,3.967253721545731f,0f,0.9948573434126252f,0.10128606151872092f,0.7226789866598694f,0.09514777237629007f,0.10082654278679709f,-0.9903438340705172f,-2.6238192429468277f,0f,0f,0f,1f], start_interpolation: 0, interpolation_duration: 1 }
$data merge entity $(bone_right_close) { transformation: [-0.9954631592438917f,0.009637143126274172f,-0.09465846005790511f,3.967856042991123f,0f,0.9948573434126252f,0.10128606151872092f,0.7848575706231584f,0.09514777237629007f,0.10082654278679709f,-0.9903438340705172f,-2.6175175840226528f,0f,0f,0f,1f], start_interpolation: 0, interpolation_duration: 1 }
$data merge entity $(bone_left_close) { transformation: [-0.9954631592438917f,0.009637143126274172f,-0.09465846005790511f,4.2167218328020954f,0f,0.9948573434126252f,0.10128606151872092f,0.7848575706231584f,0.09514777237629007f,0.10082654278679709f,-0.9903438340705172f,-2.6413045271167253f,0f,0f,0f,1f], start_interpolation: 0, interpolation_duration: 1 }
$data merge entity $(bone_left_eyebrow) { transformation: [-0.9954631592438917f,0.009637143126274172f,-0.09465846005790511f,4.216486820377692f,0f,0.9948573434126252f,0.10128606151872092f,0.7599798066589981f,0.09514777237629007f,0.10082654278679709f,-0.9903438340705172f,-2.6437632941967655f,0f,0f,0f,1f], start_interpolation: 0, interpolation_duration: 1 }
$data merge entity $(bone_right_eyebrow) { transformation: [-0.9954631592438917f,0.009637143126274172f,-0.09465846005790511f,3.967621030566719f,0f,0.9948573434126252f,0.10128606151872092f,0.7599798066589981f,0.09514777237629007f,0.10082654278679709f,-0.9903438340705172f,-2.619976351102693f,0f,0f,0f,1f], start_interpolation: 0, interpolation_duration: 1 }
$data merge entity $(bone_talking) { transformation: [-0.9954631592438917f,0.009637143126274172f,-0.09465846005790511f,4.0596965619015535f,0f,0.9948573434126252f,0.10128606151872092f,0.5056165450313134f,0.09514777237629007f,0.10082654278679709f,-0.9903438340705172f,-2.9704017983375994f,0f,0f,0f,1f], start_interpolation: 0, interpolation_duration: 1 }
$data merge entity $(bone_m_opened) { transformation: [-0.9954631592438917f,0.009637143126274172f,-0.09465846005790511f,4.0596965619015535f,0f,0.9948573434126252f,0.10128606151872092f,0.5056165450313134f,0.09514777237629007f,0.10082654278679709f,-0.9903438340705172f,-2.9704017983375994f,0f,0f,0f,1f], start_interpolation: 0, interpolation_duration: 1 }
$data merge entity $(bone_head) { transformation: [-0.9954631592438917f,0.009637143126274172f,-0.09465846005790511f,4.065612715655172f,0f,0.9948573434126252f,0.10128606151872092f,0.4992861661863933f,0.09514777237629007f,0.10082654278679709f,-0.9903438340705172f,-2.9085053087081922f,0f,0f,0f,1f], start_interpolation: 0, interpolation_duration: 1 }
$data merge entity $(item_display_r_item) { transformation: [-0.4355151321692026f,0.04157013001393672f,0.002178059288993554f,3.762777359182919f,0f,-0.022891332446331722f,0.4369007174391358f,-0.25627912426619903f,0.041627150414626904f,0.4349185684578849f,0.02278747811632758f,-2.7924904085198325f,0f,0f,0f,1f], start_interpolation: 0, interpolation_duration: 1 }
$data merge entity $(bone_rightarm) { transformation: [-0.9954631592438917f,0.004978421231985287f,-0.09501744003185535f,3.7540116924489277f,0f,0.9986302112894532f,0.05232304559161559f,0.3744051384886611f,0.09514777237629007f,0.05208566426589183f,-0.994099585046594f,-2.8841993164844744f,0f,0f,0f,1f], start_interpolation: 0, interpolation_duration: 1 }
$data merge entity $(item_display_l_item) { transformation: [-0.4355151321692026f,0.04160177349394897f,0.001453304441656498f,4.385986238772265f,0f,-0.015274182520101204f,0.43723328938719047f,-0.25457789849878276f,0.041627150414626904f,0.4352496315799714f,0.015204885986327773f,-2.8410309023201323f,0f,0f,0f,1f], start_interpolation: 0, interpolation_duration: 1 }
$data merge entity $(bone_leftarm) { transformation: [-0.9954631592438917f,0.0033218387237863023f,-0.09508976798616907f,4.37617616697636f,0f,0.9993903757421496f,0.034912417188802974f,0.3744051384886611f,0.09514777237629007f,0.03475402511160656f,-0.9948563007542203f,-2.9436666742196556f,0f,0f,0f,1f], start_interpolation: 0, interpolation_duration: 1 }
$data merge entity $(bone_body) { transformation: [-0.9954631592438917f,0.004150287540230213f,-0.09505721278000802f,4.0625f,0f,0.9990482215818578f,0.043619387365336f,-0.25f,0.09514777237629007f,0.04342149315098047f,-0.9945156988928677f,-2.9410714285714277f,0f,0f,0f,1f], start_interpolation: 0, interpolation_duration: 1 }
$data merge entity $(bone_leftleg) { transformation: [-0.9954631592438917f,0.0016605575951131747f,-0.09513328090969858f,4.186932894905486f,0f,0.9998476951563913f,0.017452406437283758f,-0.2292777777777778f,0.09514777237629007f,0.017373227648466924f,-0.9953115453831048f,-2.952964900118464f,0f,0f,0f,1f], start_interpolation: 0, interpolation_duration: 1 }
$data merge entity $(bone_rightleg) { transformation: [-0.9954631592438917f,-0.002486989266467921f,-0.09511526414071919f,3.9380671050945137f,0f,0.9996583394990866f,-0.026138176484388775f,-0.18000000000000005f,0.09514777237629007f,-0.026019591740024047f,-0.9951230488022635f,-2.9291779570243914f,0f,0f,0f,1f], start_interpolation: 0, interpolation_duration: 1 }
data modify entity @s data merge value {"locators":{},"cameras":{"camera":{"posx":6.125,"posy":0.27259475218658896,"posz":-1.1539723032069962,"roty":127.85358509653847,"rotx":-0.3234921269726205}}}