# This file was generated by Animated Java via MC-Build. It is not recommended to edit this file directly.
$data merge entity $(bone_left_eye) { transformation: [-0.9953231246052594f,0.008269263517503785f,-0.09624706180918577f,4.216204750305079f,0f,0.9963294392400639f,0.08560168516787439f,0.724740980270964f,0.09660164401304536f,0.08520133675276442f,-0.9916697306006264f,-2.6183316142546214f,0f,0f,0f,1f], start_interpolation: 0, interpolation_duration: 1 }
$data merge entity $(bone_right_eye) { transformation: [-0.9953231246052594f,0.008269263517503785f,-0.09624706180918577f,3.967373969153764f,0f,0.9963294392400639f,0.08560168516787439f,0.724740980270964f,0.09660164401304536f,0.08520133675276442f,-0.9916697306006264f,-2.59418120325136f,0f,0f,0f,1f], start_interpolation: 0, interpolation_duration: 1 }
$data merge entity $(bone_right_close) { transformation: [-0.9953231246052594f,0.008269263517503785f,-0.09624706180918577f,3.9678907981236082f,0f,0.9963294392400639f,0.08560168516787439f,0.7870115702234679f,0.09660164401304536f,0.08520133675276442f,-0.9916697306006264f,-2.5888561197043125f,0f,0f,0f,1f], start_interpolation: 0, interpolation_duration: 1 }
$data merge entity $(bone_left_close) { transformation: [-0.9953231246052594f,0.008269263517503785f,-0.09624706180918577f,4.216721579274923f,0f,0.9963294392400639f,0.08560168516787439f,0.7870115702234679f,0.09660164401304536f,0.08520133675276442f,-0.9916697306006264f,-2.613006530707574f,0f,0f,0f,1f], start_interpolation: 0, interpolation_duration: 1 }
$data merge entity $(bone_left_eyebrow) { transformation: [-0.9953231246052594f,0.008269263517503785f,-0.09624706180918577f,4.216520863128348f,0f,0.9963294392400639f,0.08560168516787439f,0.7620979841371435f,0.09660164401304536f,0.08520133675276442f,-0.9916697306006264f,-2.61507458476823f,0f,0f,0f,1f], start_interpolation: 0, interpolation_duration: 1 }
$data merge entity $(bone_right_eyebrow) { transformation: [-0.9953231246052594f,0.008269263517503785f,-0.09624706180918577f,3.9676900819770338f,0f,0.9963294392400639f,0.08560168516787439f,0.7620979841371435f,0.09660164401304536f,0.08520133675276442f,-0.9916697306006264f,-2.590924173764969f,0f,0f,0f,1f], start_interpolation: 0, interpolation_duration: 1 }
$data merge entity $(bone_talking) { transformation: [-0.9953231246052594f,0.008269263517503785f,-0.09624706180918577f,4.059644837034676f,0f,0.9963294392400639f,0.08560168516787439f,0.5024091470759088f,0.09660164401304536f,0.08520133675276442f,-0.9916697306006264f,-2.9374535337538776f,0f,0f,0f,1f], start_interpolation: 0, interpolation_duration: 1 }
$data merge entity $(bone_m_opened) { transformation: [-0.9953231246052594f,0.008269263517503785f,-0.09624706180918577f,4.059644837034676f,0f,0.9963294392400639f,0.08560168516787439f,0.5024091470759088f,0.09660164401304536f,0.08520133675276442f,-0.9916697306006264f,-2.9374535337538776f,0f,0f,0f,1f], start_interpolation: 0, interpolation_duration: 1 }
$data merge entity $(bone_head) { transformation: [-0.9953231246052594f,0.008269263517503785f,-0.09624706180918577f,4.06566027839775f,0f,0.9963294392400639f,0.08560168516787439f,0.4970590417529166f,0.09660164401304536f,0.08520133675276442f,-0.9916697306006264f,-2.8754741755913384f,0f,0f,0f,1f], start_interpolation: 0, interpolation_duration: 1 }
$data merge entity $(item_display_r_item) { transformation: [-0.435453867014801f,0.04216129470177424f,0.0029334162551767668f,3.761950578442569f,0f,-0.030366111106562847f,0.4364448983505981f,-0.25999072961897374f,0.04226321925570734f,0.4344036999443421f,0.030224092588694608f,-2.7697750172384574f,0f,0f,0f,1f], start_interpolation: 0, interpolation_duration: 1 }
$data merge entity $(bone_rightarm) { transformation: [-0.9953231246052594f,0.00670495144040406f,-0.0963686736040554f,3.754095088892315f,0f,0.9975883390870813f,0.06940825395785816f,0.37217801405518436f,0.09660164401304536f,0.06908364020273075f,-0.9929227427299248f,-2.850713084952991f,0f,0f,0f,1f], start_interpolation: 0, interpolation_duration: 1 }
$data merge entity $(item_display_l_item) { transformation: [-0.435453867014801f,0.042256522319099085f,0.0007523452342327819f,4.387170554955726f,0f,-0.007788120398149574f,0.437430674713907f,-0.25494812707843983f,0.04226321925570734f,0.43538486595443276f,0.007751696329488194f,-2.7977672883734326f,0f,0f,0f,1f], start_interpolation: 0, interpolation_duration: 1 }
$data merge entity $(bone_leftarm) { transformation: [-0.9953231246052594f,0.0017196462496749517f,-0.09658633672936934f,4.376172041770602f,0f,0.999841542203216f,0.017801418052913534f,0.37217801405518436f,0.09660164401304536f,0.01771816303883038f,-0.9951654078958463f,-2.9110891124611444f,0f,0f,0f,1f], start_interpolation: 0, interpolation_duration: 1 }
$data merge entity $(bone_body) { transformation: [-0.9953231246052594f,0.004213704530333317f,-0.09650970065311669f,4.0625f,0f,0.9990482215818578f,0.043619387365336f,-0.2522271244334767f,0.09660164401304536f,0.043415384925833404f,-0.9943757975361822f,-2.9080357142857136f,0f,0f,0f,1f], start_interpolation: 0, interpolation_duration: 1 }
$data merge entity $(bone_leftleg) { transformation: [-0.9953231246052594f,0.00505573941406319f,-0.09646925481727445f,4.186915390575657f,0f,0.9986295347545738f,0.05233595624294395f,-0.22487500000000005f,0.09660164401304536f,0.052091187496931105f,-0.993959068855019f,-2.9201109197873443f,0f,0f,0f,1f], start_interpolation: 0, interpolation_duration: 1 }
$data merge entity $(bone_rightleg) { transformation: [-0.9953231246052594f,-0.007478424338281129f,-0.09631173757875904f,3.9380846094243425f,0f,0.9969989492699817f,-0.07741508350801174f,-0.1825f,0.09660164401304536f,-0.07705302280877133f,-0.9923361094155586f,-2.895960508784083f,0f,0f,0f,1f], start_interpolation: 0, interpolation_duration: 1 }
data modify entity @s data merge value {"locators":{},"cameras":{"camera":{"posx":6.125,"posy":0.27756828139065814,"posz":-1.0918131835037512,"roty":127.84769089629356,"rotx":-0.2464990253403076}}}