# This file was generated by Animated Java via MC-Build. It is not recommended to edit this file directly.
$data merge entity $(bone_left_eye) { transformation: [-0.9951847266721969f,0.006870077541092012f,-0.0977760800654441f,4.216266215945017f,0f,0.9975406315333637f,0.07009057311805801f,0.7213764013922701f,0.09801714032956048f,0.06975306785079219f,-0.9927372007369413f,-2.5890725643246757f,0f,0f,0f,1f], start_interpolation: 0, interpolation_duration: 1 }
$data merge entity $(bone_right_eye) { transformation: [-0.9951847266721969f,0.006870077541092012f,-0.0977760800654441f,3.967470034276967f,0f,0.9975406315333637f,0.07009057311805801f,0.7213764013922701f,0.09801714032956048f,0.06975306785079219f,-0.9927372007369413f,-2.5645682792422857f,0f,0f,0f,1f], start_interpolation: 0, interpolation_duration: 1 }
$data merge entity $(bone_right_close) { transformation: [-0.9951847266721969f,0.006870077541092012f,-0.0977760800654441f,3.9678994141232855f,0f,0.9975406315333637f,0.07009057311805801f,0.7837226908631052f,0.09801714032956048f,0.06975306785079219f,-0.9927372007369413f,-2.5602087125016113f,0f,0f,0f,1f], start_interpolation: 0, interpolation_duration: 1 }
$data merge entity $(bone_left_close) { transformation: [-0.9951847266721969f,0.006870077541092012f,-0.0977760800654441f,4.216695595791335f,0f,0.9975406315333637f,0.07009057311805801f,0.7837226908631052f,0.09801714032956048f,0.06975306785079219f,-0.9927372007369413f,-2.5847129975840013f,0f,0f,0f,1f], start_interpolation: 0, interpolation_duration: 1 }
$data merge entity $(bone_left_eyebrow) { transformation: [-0.9951847266721969f,0.006870077541092012f,-0.0977760800654441f,4.216529954857811f,0f,0.9975406315333637f,0.07009057311805801f,0.7587797944139515f,0.09801714032956048f,0.06975306785079219f,-0.9927372007369413f,-2.586394778205225f,0f,0f,0f,1f], start_interpolation: 0, interpolation_duration: 1 }
$data merge entity $(bone_right_eyebrow) { transformation: [-0.9951847266721969f,0.006870077541092012f,-0.0977760800654441f,3.967733773189762f,0f,0.9975406315333637f,0.07009057311805801f,0.7587797944139515f,0.09801714032956048f,0.06975306785079219f,-0.9927372007369413f,-2.561890493122835f,0f,0f,0f,1f], start_interpolation: 0, interpolation_duration: 1 }
$data merge entity $(bone_talking) { transformation: [-0.9951847266721969f,0.006870077541092012f,-0.0977760800654441f,4.059595580705268f,0f,0.9975406315333637f,0.07009057311805801f,0.4938945476083223f,0.09801714032956048f,0.06975306785079219f,-0.9927372007369413f,-2.904489063976473f,0f,0f,0f,1f], start_interpolation: 0, interpolation_duration: 1 }
$data merge entity $(bone_m_opened) { transformation: [-0.9951847266721969f,0.006870077541092012f,-0.0977760800654441f,4.059595580705268f,0f,0.9975406315333637f,0.07009057311805801f,0.4938945476083223f,0.09801714032956048f,0.06975306785079219f,-0.9927372007369413f,-2.904489063976473f,0f,0f,0f,1f], start_interpolation: 0, interpolation_duration: 1 }
$data merge entity $(bone_head) { transformation: [-0.9951847266721969f,0.006870077541092012f,-0.0977760800654441f,4.065706585709358f,0f,0.9975406315333637f,0.07009057311805801f,0.48951388678844365f,0.09801714032956048f,0.06975306785079219f,-0.9927372007369413f,-2.842442988930414f,0f,0f,0f,1f], start_interpolation: 0, interpolation_duration: 1 }
$data merge entity $(item_display_r_item) { transformation: [-0.43539331791908614f,0.04272530215314083f,0.0036684148255615757f,3.7611435642514035f,0f,-0.0374262584403846f,0.4358962321231436f,-0.2687692606396036f,0.04288249889418271f,0.43379727262291123f,0.03724604077635716f,-2.746505352877274f,0f,0f,0f,1f], start_interpolation: 0, interpolation_duration: 1 }
$data merge entity $(bone_rightarm) { transformation: [-0.9951847266721969f,0.008384948172712195f,-0.09765783349289334f,3.754176927672737f,0f,0.9963342448528997f,0.08554573357802217f,0.3646328590907114f,0.09801714032956048f,0.08513380748881659f,-0.9915366231380828f,-2.817238801089024f,0f,0f,0f,1f], start_interpolation: 0, interpolation_duration: 1 }
$data merge entity $(item_display_l_item) { transformation: [-0.43539331791908614f,0.042882442898155085f,0.00006930004364949295f,4.388320508322834f,0f,-0.0007070196438754175f,0.4374994287118821f,-0.26056833039594174f,0.04288249889418271f,0.43539274938187666f,0.0007036151510420338f,-2.755106749901666f,0f,0f,0f,1f], start_interpolation: 0, interpolation_duration: 1 }
$data merge entity $(bone_leftarm) { transformation: [-0.9951847266721969f,0.00015840009977029137f,-0.09801701233864019f,4.37616738184286f,0f,0.9999986941985876f,0.0016160449002868907f,0.3646328590907114f,0.09801714032956048f,0.0016082632023820126f,-0.9951834271585752f,-2.878499513794999f,0f,0f,0f,1f], start_interpolation: 0, interpolation_duration: 1 }
$data merge entity $(bone_body) { transformation: [-0.9951847266721969f,0.004275447612477596f,-0.09792384973078679f,4.0625f,0f,0.9990482215818578f,0.043619387365336f,-0.25977227939794967f,0.09801714032956048f,0.04340934809278059f,-0.9942375313272855f,-2.8749999999999996f,0f,0f,0f,1f], start_interpolation: 0, interpolation_duration: 1 }
$data merge entity $(bone_leftleg) { transformation: [-0.9951847266721969f,0.008542756667424285f,-0.09764415551842276f,4.186898090834025f,0f,0.9961946980917455f,0.08715574274765818f,-0.22048611111111116f,0.09801714032956048f,0.08673606402424051f,-0.9913977483327255f,-2.8872521425411946f,0f,0f,0f,1f], start_interpolation: 0, interpolation_duration: 1 }
$data merge entity $(bone_rightleg) { transformation: [-0.9951847266721969f,-0.012322520489950759f,-0.09723947391445253f,3.9381019091659755f,0f,0.9920660160815423f,-0.12571801675216263f,-0.1875f,0.09801714032956048f,-0.12511265013927164f,-0.987288947054885f,-2.8627478574588046f,0f,0f,0f,1f], start_interpolation: 0, interpolation_duration: 1 }
data modify entity @s data merge value {"locators":{},"cameras":{"camera":{"posx":6.125,"posy":0.2825412171789131,"posz":-1.0298570120089552,"roty":127.843362406312,"rotx":-0.18766536659040178}}}