# This file was generated by Animated Java via MC-Build. It is not recommended to edit this file directly.
$data merge entity $(bone_left_eye) { transformation: [-0.9950482992872379f,0.0056309176784902736f,-0.0992329322940394f,4.216348582017337f,0f,0.9983939115579175f,0.05665330850075282f,0.7115952394290335f,0.09939256554478983f,0.056372778272669316f,-0.9934501637144388f,-2.5593800730002356f,0f,0f,0f,1f], start_interpolation: 0, interpolation_duration: 1 }
$data merge entity $(bone_right_eye) { transformation: [-0.9950482992872379f,0.0056309176784902736f,-0.0992329322940394f,3.9675865071955276f,0f,0.9983939115579175f,0.05665330850075282f,0.7115952394290335f,0.09939256554478983f,0.056372778272669316f,-0.9934501637144388f,-2.5345319316140382f,0f,0f,0f,1f], start_interpolation: 0, interpolation_duration: 1 }
$data merge entity $(bone_right_close) { transformation: [-0.9950482992872379f,0.0056309176784902736f,-0.0992329322940394f,3.967938439550433f,0f,0.9983939115579175f,0.05665330850075282f,0.7739948589014034f,0.09939256554478983f,0.056372778272669316f,-0.9934501637144388f,-2.5310086329719965f,0f,0f,0f,1f], start_interpolation: 0, interpolation_duration: 1 }
$data merge entity $(bone_left_close) { transformation: [-0.9950482992872379f,0.0056309176784902736f,-0.0992329322940394f,4.216700514372243f,0f,0.9983939115579175f,0.05665330850075282f,0.7739948589014034f,0.09939256554478983f,0.056372778272669316f,-0.9934501637144388f,-2.555856774358194f,0f,0f,0f,1f], start_interpolation: 0, interpolation_duration: 1 }
$data merge entity $(bone_left_eyebrow) { transformation: [-0.9950482992872379f,0.0056309176784902736f,-0.0992329322940394f,4.216565943488549f,0f,0.9983939115579175f,0.05665330850075282f,0.7490314702806742f,0.09939256554478983f,0.056372778272669316f,-0.9934501637144388f,-2.5572040031797783f,0f,0f,0f,1f], start_interpolation: 0, interpolation_duration: 1 }
$data merge entity $(bone_right_eyebrow) { transformation: [-0.9950482992872379f,0.0056309176784902736f,-0.0992329322940394f,3.967803868666739f,0f,0.9983939115579175f,0.05665330850075282f,0.7490314702806742f,0.09939256554478983f,0.056372778272669316f,-0.9934501637144388f,-2.532355861793581f,0f,0f,0f,1f], start_interpolation: 0, interpolation_duration: 1 }
$data merge entity $(bone_talking) { transformation: [-0.9950482992872379f,0.0056309176784902736f,-0.0992329322940394f,4.059549523844922f,0f,0.9983939115579175f,0.05665330850075282f,0.4797009204460394f,0.09939256554478983f,0.056372778272669316f,-0.9934501637144388f,-2.8715023730360665f,0f,0f,0f,1f], start_interpolation: 0, interpolation_duration: 1 }
$data merge entity $(bone_m_opened) { transformation: [-0.9950482992872379f,0.0056309176784902736f,-0.0992329322940394f,4.059549523844922f,0f,0.9983939115579175f,0.05665330850075282f,0.4797009204460394f,0.09939256554478983f,0.056372778272669316f,-0.9934501637144388f,-2.8715023730360665f,0f,0f,0f,1f], start_interpolation: 0, interpolation_duration: 1 }
$data merge entity $(bone_head) { transformation: [-0.9950482992872379f,0.0056309176784902736f,-0.0992329322940394f,4.0657515821132995f,0f,0.9983939115579175f,0.05665330850075282f,0.47616008866474235f,0.09939256554478983f,0.056372778272669316f,-0.9934501637144388f,-2.809411737803914f,0f,0f,0f,1f], start_interpolation: 0, interpolation_duration: 1 }
$data merge entity $(item_display_r_item) { transformation: [-0.43533363093816657f,0.04326576689977597f,0.004353526015358701f,3.760399383040388f,0f,-0.04380132449037999f,0.435301842372495f,-0.2830953779909484f,0.04348424742584555f,0.43314635792935247f,0.04358443344068105f,-2.7222843598011965f,0f,0f,0f,1f], start_interpolation: 0, interpolation_duration: 1 }
$data merge entity $(bone_rightarm) { transformation: [-0.9950482992872379f,0.009950916606534195f,-0.09889318148520222f,3.7542570582338213f,0f,0.99497563970856f,0.10011731312086877f,0.3512790609670101f,0.09939256554478983f,0.09962156215012835f,-0.9900488181242342f,-2.783776985722896f,0f,0f,0f,1f], start_interpolation: 0, interpolation_duration: 1 }
$data merge entity $(item_display_l_item) { transformation: [-0.43533363093816657f,0.04348056238787001f,-0.0005660994848078212f,4.389393976663176f,0f,0.005695591835314051f,0.43746292441033846f,-0.2720406619519551f,0.04348424742584555f,0.4352967389357289f,-0.0056673889691635235f,-2.713430572393662f,0f,0f,0f,1f], start_interpolation: 0, interpolation_duration: 1 }
$data merge entity $(bone_leftarm) { transformation: [-0.9950482992872379f,-0.0012939416795607122f,-0.09938414260084573f,4.376162245288345f,0f,0.9999152557950594f,-0.013018495623574752f,0.3512790609670101f,0.09939256554478983f,-0.012954031929516406f,-0.9949639747102375f,-2.8458973391883893f,0f,0f,0f,1f], start_interpolation: 0, interpolation_duration: 1 }
$data merge entity $(bone_body) { transformation: [-0.9950482992872379f,0.004335442817732736f,-0.09929796584598051f,4.0625f,0f,0.9990482215818578f,0.043619387365336f,-0.27312607752165097f,0.09939256554478983f,0.04340339721382882f,-0.9941012337909673f,-2.8419642857142855f,0f,0f,0f,1f], start_interpolation: 0, interpolation_duration: 1 }
$data merge entity $(bone_leftleg) { transformation: [-0.9950482992872379f,0.01211290670229661f,-0.098651708433239f,4.186881037410905f,0f,0.9925461516413221f,0.12186934340514737f,-0.21623611111111107f,0.09939256554478983f,0.12126588289054425f,-0.9876313601547905f,-2.854388356407384f,0f,0f,0f,1f], start_interpolation: 0, interpolation_duration: 1 }
$data merge entity $(bone_rightleg) { transformation: [-0.9950482992872379f,-0.016811185296917545f,-0.09796053355555004f,3.9381189625890953f,0f,0.9855921619349441f,-0.16913926313072003f,-0.19699999999999995f,0.09939256554478983f,-0.1683017361209196f,-0.9807118045241981f,-2.829540215021187f,0f,0f,0f,1f], start_interpolation: 0, interpolation_duration: 1 }
data modify entity @s data merge value {"locators":{},"cameras":{"camera":{"posx":6.125,"posy":0.2875123356312371,"posz":-0.968125151691917,"roty":127.840435738056,"rotx":-0.1463262599820997}}}