# This file was generated by Animated Java via MC-Build. It is not recommended to edit this file directly.
$data merge entity $(bone_left_eye) { transformation: [-0.9949141810395473f,0.004753755232027086f,-0.10061398599400011f,4.2165014201001405f,0f,0.9988857040379271f,0.04719481188281835f,0.6978349667468217f,0.10072622481959141f,0.046954787613709706f,-0.9938055521850059f,-2.5287811042878188f,0f,0f,0f,1f], start_interpolation: 0, interpolation_duration: 1 }
$data merge entity $(bone_right_eye) { transformation: [-0.9949141810395473f,0.004753755232027086f,-0.10061398599400011f,3.9677728748402536f,0f,0.9988857040379271f,0.04719481188281835f,0.6978349667468217f,0.10072622481959141f,0.046954787613709706f,-0.9938055521850059f,-2.5035995480829207f,0f,0f,0f,1f], start_interpolation: 0, interpolation_duration: 1 }
$data merge entity $(bone_right_close) { transformation: [-0.9949141810395473f,0.004753755232027086f,-0.10061398599400011f,3.9680699845422556f,0f,0.9988857040379271f,0.04719481188281835f,0.7602653232491922f,0.10072622481959141f,0.046954787613709706f,-0.9938055521850059f,-2.500664873857064f,0f,0f,0f,1f], start_interpolation: 0, interpolation_duration: 1 }
$data merge entity $(bone_left_close) { transformation: [-0.9949141810395473f,0.004753755232027086f,-0.10061398599400011f,4.216798529802142f,0f,0.9988857040379271f,0.04719481188281835f,0.7602653232491922f,0.10072622481959141f,0.046954787613709706f,-0.9938055521850059f,-2.525846430061962f,0f,0f,0f,1f], start_interpolation: 0, interpolation_duration: 1 }
$data merge entity $(bone_left_eyebrow) { transformation: [-0.9949141810395473f,0.004753755232027086f,-0.10061398599400011f,4.2166859742954665f,0f,0.9988857040379271f,0.04719481188281835f,0.7352902309725015f,0.10072622481959141f,0.046954787613709706f,-0.9938055521850059f,-2.526958186905293f,0f,0f,0f,1f], start_interpolation: 0, interpolation_duration: 1 }
$data merge entity $(bone_right_eyebrow) { transformation: [-0.9949141810395473f,0.004753755232027086f,-0.10061398599400011f,3.9679574290355797f,0f,0.9988857040379271f,0.04719481188281835f,0.7352902309725015f,0.10072622481959141f,0.046954787613709706f,-0.9938055521850059f,-2.501776630700395f,0f,0f,0f,1f], start_interpolation: 0, interpolation_duration: 1 }
$data merge entity $(bone_talking) { transformation: [-0.9949141810395473f,0.004753755232027086f,-0.10061398599400011f,4.0595068380390655f,0f,0.9988857040379271f,0.04719481188281835f,0.46286191945072064f,0.10072622481959141f,0.046954787613709706f,-0.9938055521850059f,-2.838493258146612f,0f,0f,0f,1f], start_interpolation: 0, interpolation_duration: 1 }
$data merge entity $(bone_m_opened) { transformation: [-0.9949141810395473f,0.004753755232027086f,-0.10061398599400011f,4.0595068380390655f,0f,0.9988857040379271f,0.04719481188281835f,0.46286191945072064f,0.10072622481959141f,0.046954787613709706f,-0.9938055521850059f,-2.838493258146612f,0f,0f,0f,1f], start_interpolation: 0, interpolation_duration: 1 }
$data merge entity $(bone_head) { transformation: [-0.9949141810395473f,0.004753755232027086f,-0.10061398599400011f,4.065795212163691f,0f,0.9988857040379271f,0.04719481188281835f,0.4599122437080445f,0.10072622481959141f,0.046954787613709706f,-0.9938055521850059f,-2.7763804111350487f,0f,0f,0f,1f], start_interpolation: 0, interpolation_duration: 1 }
$data merge entity $(item_display_r_item) { transformation: [-0.43527495420480194f,0.043787921707853956f,0.004958039382096303f,3.759763249932228f,0f,-0.049222924724683585f,0.434722156879021f,-0.3000641294524845f,0.044067723358571245f,0.4325112386910368f,0.04897258584082985f,-2.696714356550641f,0f,0f,0f,1f], start_interpolation: 0, interpolation_duration: 1 }
$data merge entity $(bone_rightarm) { transformation: [-0.9949141810395473f,0.011332661444791572f,-0.10008667818938047f,3.75433532856155f,0f,0.9936506442949051f,0.11250954222784841f,0.33503121601031227f,0.10072622481959141f,0.11193733906475417f,-0.9885971170080841f,-2.7503281592611803f,0f,0f,0f,1f], start_interpolation: 0, interpolation_duration: 1 }
$data merge entity $(item_display_l_item) { transformation: [-0.43527495420480194f,0.04405341705073931f,-0.0011228037055501148f,4.390347387590835f,0f,0.011147084163644023f,0.4373579683904806f,-0.28658100050076174f,0.044067723358571245f,0.43513364494233525f,-0.011090392111650799f,-2.673114733916114f,0f,0f,0f,1f], start_interpolation: 0, interpolation_duration: 1 }
$data merge entity $(bone_leftarm) { transformation: [-0.9949141810395473f,-0.0025664084698288113f,-0.10069352468740414f,4.376156691711267f,0f,0.9996753563210985f,-0.0254790495169004f,0.33503121601031227f,0.10072622481959141f,-0.025349467683773032f,-0.9945911884396235f,-2.813282049773425f,0f,0f,0f,1f], start_interpolation: 0, interpolation_duration: 1 }
$data merge entity $(bone_body) { transformation: [-0.9949141810395473f,0.004393616218253679f,-0.10063035577266718f,4.0625f,0f,0.9990482215818578f,0.043619387365336f,-0.2893739224783488f,0.10072622481959141f,0.04339754705803004f,-0.9939672431941302f,-2.8089285714285714f,0f,0f,0f,1f], start_interpolation: 0, interpolation_duration: 1 }
$data merge entity $(bone_leftleg) { transformation: [-0.9949141810395473f,0.01575705309517478f,-0.09948611784647503f,4.186864272629943f,0f,0.9876883405951378f,0.15643446504023062f,-0.21225000000000005f,0.10072622481959141f,0.15563886767186075f,-0.982665136505521f,-2.8215193495310205f,0f,0f,0f,1f], start_interpolation: 0, interpolation_duration: 1 }
$data merge entity $(bone_rightleg) { transformation: [-0.9949141810395473f,-0.020735763412902623f,-0.09856876017324659f,3.9381357273700566f,0f,0.9785809043254722f,-0.205862608769881f,-0.21099999999999985f,0.10072622481959141f,-0.2048156288109509f,-0.9736040190079167f,-2.7963377933261224f,0f,0f,0f,1f], start_interpolation: 0, interpolation_duration: 1 }
data modify entity @s data merge value {"locators":{},"cameras":{"camera":{"posx":6.125,"posy":0.2924804128275136,"posz":-0.906638965521947,"roty":127.83874408894448,"rotx":-0.12181708133990503}}}