# This file was generated by Animated Java via MC-Build. It is not recommended to edit this file directly.
$data merge entity $(bone_left_eye) { transformation: [-0.9947827145645618f,0.004449893924166413f,-0.10191932715449599f,4.216777565033361f,0f,0.9990482215818578f,0.043619387365336f,0.6854156541384735f,0.10201642418533163f,0.043391812570932095f,-0.9938359018460984f,-2.4967941221335663f,0f,0f,0f,1f], start_interpolation: 0, interpolation_duration: 1 }
$data merge entity $(bone_right_eye) { transformation: [-0.9947827145645618f,0.004449893924166413f,-0.10191932715449599f,3.9680818863922203f,0f,0.9990482215818578f,0.043619387365336f,0.6854156541384735f,0.10201642418533163f,0.043391812570932095f,-0.9938359018460984f,-2.471290016087233f,0f,0f,0f,1f], start_interpolation: 0, interpolation_duration: 1 }
$data merge entity $(bone_right_close) { transformation: [-0.9947827145645618f,0.004449893924166413f,-0.10191932715449599f,3.968360004762481f,0f,0.9990482215818578f,0.043619387365336f,0.7478561679873394f,0.10201642418533163f,0.043391812570932095f,-0.9938359018460984f,-2.46857802780155f,0f,0f,0f,1f], start_interpolation: 0, interpolation_duration: 1 }
$data merge entity $(bone_left_close) { transformation: [-0.9947827145645618f,0.004449893924166413f,-0.10191932715449599f,4.217055683403622f,0f,0.9990482215818578f,0.043619387365336f,0.7478561679873394f,0.10201642418533163f,0.043391812570932095f,-0.9938359018460984f,-2.494082133847883f,0f,0f,0f,1f], start_interpolation: 0, interpolation_duration: 1 }
$data merge entity $(bone_left_eyebrow) { transformation: [-0.9947827145645618f,0.004449893924166413f,-0.10191932715449599f,4.216950806013465f,0f,0.9990482215818578f,0.043619387365336f,0.7228772362360828f,0.10201642418533163f,0.043391812570932095f,-0.9938359018460984f,-2.4951048144182906f,0f,0f,0f,1f], start_interpolation: 0, interpolation_duration: 1 }
$data merge entity $(bone_right_eyebrow) { transformation: [-0.9947827145645618f,0.004449893924166413f,-0.10191932715449599f,3.968255127372324f,0f,0.9990482215818578f,0.043619387365336f,0.7228772362360828f,0.10201642418533163f,0.043391812570932095f,-0.9938359018460984f,-2.4696007083719578f,0f,0f,0f,1f], start_interpolation: 0, interpolation_duration: 1 }
$data merge entity $(bone_talking) { transformation: [-0.9947827145645618f,0.004449893924166413f,-0.10191932715449599f,4.059467462495969f,0f,0.9990482215818578f,0.043619387365336f,0.4492846572946765f,0.10201642418533163f,0.043391812570932095f,-0.9938359018460984f,-2.8054637415800383f,0f,0f,0f,1f], start_interpolation: 0, interpolation_duration: 1 }
$data merge entity $(bone_m_opened) { transformation: [-0.9947827145645618f,0.004449893924166413f,-0.10191932715449599f,4.059467462495969f,0f,0.9990482215818578f,0.043619387365336f,0.4492846572946765f,0.10201642418533163f,0.043391812570932095f,-0.9938359018460984f,-2.8054637415800383f,0f,0f,0f,1f], start_interpolation: 0, interpolation_duration: 1 }
$data merge entity $(bone_head) { transformation: [-0.9947827145645618f,0.004449893924166413f,-0.10191932715449599f,4.065837420443125f,0f,0.9990482215818578f,0.043619387365336f,0.446558445584343f,0.10201642418533163f,0.043391812570932095f,-0.9938359018460984f,-2.7433489977146572f,0f,0f,0f,1f], start_interpolation: 0, interpolation_duration: 1 }
$data merge entity $(item_display_r_item) { transformation: [-0.4352174376219958f,0.04429816659872524f,0.005450176670143825f,3.7592822377577515f,0f,-0.053424502119801556f,0.434225831305844f,-0.3139093417273955f,0.04463218558108259f,0.43196035120048104f,0.05314577124299638f,-2.669398128875108f,0f,0f,0f,1f], start_interpolation: 0, interpolation_duration: 1 }
$data merge entity $(bone_rightarm) { transformation: [-0.9947827145645618f,0.012457546674614479f,-0.1012529522256577f,3.7544115854011784f,0f,0.9925161858419292f,0.12211314770240378f,0.32167741788661075f,0.10201642418533163f,0.12147604855542052f,-0.9873379456010996f,-2.7168928417281077f,0f,0f,0f,1f], start_interpolation: 0, interpolation_duration: 1 }
$data merge entity $(item_display_l_item) { transformation: [-0.4352174376219958f,0.04460461289662728f,-0.0015685974901892214f,4.391135810674765f,0f,0.015375930912257568f,0.43722972308453767f,-0.2985433491163695f,0.04463218558108259f,0.43494857081834803f,-0.015295710291852746f,-2.6345310719074795f,0f,0f,0f,1f], start_interpolation: 0, interpolation_duration: 1 }
$data merge entity $(bone_leftarm) { transformation: [-0.9947827145645618f,-0.0035853656918610546f,-0.10195340090657665f,4.3761507820040295f,0f,0.999382224193229f,-0.03514498494230279f,0.32167741788661075f,0.10201642418533163f,-0.034961623524234625f,-0.9941681618705098f,-2.78065310684394f,0f,0f,0f,1f], start_interpolation: 0, interpolation_duration: 1 }
$data merge entity $(bone_body) { transformation: [-0.9947827145645618f,0.004449893924166413f,-0.10191932715449599f,4.0625f,0f,0.9990482215818578f,0.043619387365336f,-0.30272772060205033f,0.10201642418533163f,0.043391812570932095f,-0.9938359018460984f,-2.7758928571428565f,0f,0f,0f,1f], start_interpolation: 0, interpolation_duration: 1 }
$data merge entity $(bone_leftleg) { transformation: [-0.9947827145645618f,0.0194656514107106f,-0.10014209513844922f,4.186847839320571f,0f,0.9816271834476639f,0.19080899537654503f,-0.2086527777777778f,0.10201642418533163f,0.18981349038401638f,-0.9765057542404322f,-2.788644910166023f,0f,0f,0f,1f], start_interpolation: 0, interpolation_duration: 1 }
$data merge entity $(bone_rightleg) { transformation: [-0.9947827145645618f,-0.02388835524306421f,-0.09918012546545142f,3.93815216067943f,0f,0.9721976265828769f,-0.2341618561307992f,-0.22650000000000015f,0.10201642418533163f,-0.2329401668892728f,-0.9671253940653385f,-2.76314080411969f,0f,0f,0f,1f], start_interpolation: 0, interpolation_duration: 1 }
data modify entity @s data merge value {"locators":{},"cameras":{"camera":{"posx":6.125,"posy":0.29744422484762567,"posz":-0.8454198164683558,"roty":127.8381179978491,"rotx":-0.11347342662333691}}}