# This file was generated by Animated Java via MC-Build. It is not recommended to edit this file directly.
$data merge entity $(bone_left_eye) { transformation: [-0.9946542458148167f,0.005002838602150882f,-0.103140209852797f,4.217245694400678f,0f,0.9988256935381284f,0.04844826032043569f,0.6766076489242933f,0.1032614704648262f,0.048189267830062874f,-0.9934862169066283f,-2.4628062988489936f,0f,0f,0f,1f], start_interpolation: 0, interpolation_duration: 1 }
$data merge entity $(bone_right_eye) { transformation: [-0.9946542458148167f,0.005002838602150882f,-0.103140209852797f,3.9685821329469744f,0f,0.9988256935381284f,0.04844826032043569f,0.6766076489242933f,0.1032614704648262f,0.048189267830062874f,-0.9934862169066283f,-2.436990931232787f,0f,0f,0f,1f], start_interpolation: 0, interpolation_duration: 1 }
$data merge entity $(bone_right_close) { transformation: [-0.9946542458148167f,0.005002838602150882f,-0.103140209852797f,3.968894810359609f,0f,0.9988256935381284f,0.04844826032043569f,0.7390342547704263f,0.1032614704648262f,0.048189267830062874f,-0.9934862169066283f,-2.4339791019934083f,0f,0f,0f,1f], start_interpolation: 0, interpolation_duration: 1 }
$data merge entity $(bone_left_close) { transformation: [-0.9946542458148167f,0.005002838602150882f,-0.103140209852797f,4.217558371813313f,0f,0.9988256935381284f,0.04844826032043569f,0.7390342547704263f,0.1032614704648262f,0.048189267830062874f,-0.9934862169066283f,-2.459794469609615f,0f,0f,0f,1f], start_interpolation: 0, interpolation_duration: 1 }
$data merge entity $(bone_left_eyebrow) { transformation: [-0.9946542458148167f,0.005002838602150882f,-0.103140209852797f,4.217439747111374f,0f,0.9988256935381284f,0.04844826032043569f,0.7140605844157032f,0.1032614704648262f,0.048189267830062874f,-0.9934862169066283f,-2.4609371084168097f,0f,0f,0f,1f], start_interpolation: 0, interpolation_duration: 1 }
$data merge entity $(bone_right_eyebrow) { transformation: [-0.9946542458148167f,0.005002838602150882f,-0.103140209852797f,3.96877618565767f,0f,0.9988256935381284f,0.04844826032043569f,0.7140605844157032f,0.1032614704648262f,0.048189267830062874f,-0.9934862169066283f,-2.435121740800603f,0f,0f,0f,1f], start_interpolation: 0, interpolation_duration: 1 }
$data merge entity $(bone_talking) { transformation: [-0.9946542458148167f,0.005002838602150882f,-0.103140209852797f,4.05943188844429f,0f,0.9988256935381284f,0.04844826032043569f,0.4420413068898973f,0.1032614704648262f,0.048189267830062874f,-0.9934862169066283f,-2.7724103747817272f,0f,0f,0f,1f], start_interpolation: 0, interpolation_duration: 1 }
$data merge entity $(bone_m_opened) { transformation: [-0.9946542458148167f,0.005002838602150882f,-0.103140209852797f,4.05943188844429f,0f,0.9988256935381284f,0.04844826032043569f,0.4420413068898973f,0.1032614704648262f,0.048189267830062874f,-0.9934862169066283f,-2.7724103747817272f,0f,0f,0f,1f], start_interpolation: 0, interpolation_duration: 1 }
$data merge entity $(bone_head) { transformation: [-0.9946542458148167f,0.005002838602150882f,-0.103140209852797f,4.0658781515600895f,0f,0.9988256935381284f,0.04844826032043569f,0.43901329061987004f,0.1032614704648262f,0.048189267830062874f,-0.9934862169066283f,-2.710317486225063f,0f,0f,0f,1f], start_interpolation: 0, interpolation_duration: 1 }
$data merge entity $(item_display_r_item) { transformation: [-0.4351612325439823f,0.04480340051127051f,0.005797153907637434f,3.7590049976181112f,0f,-0.05614053219987904f,0.43388303797718847f,-0.321740800530954f,0.04517689332836146f,0.4315636059110418f,0.05584041871491312f,-2.639939692142587f,0f,0f,0f,1f], start_interpolation: 0, interpolation_duration: 1 }
$data merge entity $(bone_rightarm) { transformation: [-0.9946542458148167f,0.013250637503171299f,-0.10240777259718974f,3.7544856744829445f,0f,0.9917326582335736f,0.1283212164568666f,0.3141322629221378f,0.1032614704648262f,0.1276352427769445f,-0.9864310992252384f,-2.6834715528101514f,0f,0f,0f,1f], start_interpolation: 0, interpolation_duration: 1 }
$data merge entity $(item_display_l_item) { transformation: [-0.4351612325439823f,0.04513816530045131f,-0.001870220337629687f,4.391712940113948f,0f,0.018111502085056373f,0.4371249518069439f,-0.30515723906348025f,0.04517689332836146f,0.43478818926637386f,-0.01801468244698523f,-2.598049514278868f,0f,0f,0f,1f], start_interpolation: 0, interpolation_duration: 1 }
$data merge entity $(bone_leftarm) { transformation: [-0.9946542458148167f,-0.0042747893431535474f,-0.10317294925817443f,4.376144578117205f,0f,0.9991427469873003f,-0.0413977190515572f,0.3141322629221378f,0.1032614704648262f,-0.0411764170216803f,-0.9938015754659973f,-2.7480099718506676f,0f,0f,0f,1f], start_interpolation: 0, interpolation_duration: 1 }
$data merge entity $(bone_body) { transformation: [-0.9946542458148167f,0.004504202080119457f,-0.10316318842581215f,4.0625f,0f,0.9990482215818578f,0.043619387365336f,-0.3102728755665233f,0.1032614704648262f,0.04338620884277262f,-0.9937075553701366f,-2.7428571428571424f,0f,0f,0f,1f], start_interpolation: 0, interpolation_duration: 1 }
$data merge entity $(bone_leftleg) { transformation: [-0.9946542458148167f,0.023228776654160538f,-0.10061488566663136f,4.186831780726852f,0f,0.9743700647852352f,0.2249510543438651f,-0.20556944444444447f,0.1032614704648262f,0.22374852130364498f,-0.9691613219334922f,-2.7557648266652457f,0f,0f,0f,1f], start_interpolation: 0, interpolation_duration: 1 }
$data merge entity $(bone_rightleg) { transformation: [-0.9946542458148167f,-0.02606005678526223f,-0.09991899080208468f,3.9381682192731478f,0f,0.9676309116295214f,-0.2523696076373329f,-0.24050000000000005f,0.1032614704648262f,-0.25102050175109253f,-0.9624581946339651f,-2.729949459049039f,0f,0f,0f,1f], start_interpolation: 0, interpolation_duration: 1 }
data modify entity @s data merge value {"locators":{},"cameras":{"camera":{"posx":6.125,"posy":0.3024025477714566,"posz":-0.7844890675004549,"roty":127.83838559528304,"rotx":-0.12063106715229874}}}