# This file was generated by Animated Java via MC-Build. It is not recommended to edit this file directly.
$data merge entity $(bone_left_eye) { transformation: [-0.9945291233019682f,0.006361193983243833f,-0.10426580511042967f,4.217890240332292f,0f,0.99814410601679f,0.060896170847954956f,0.6710981499786021f,0.10445967118567125f,0.06056301540586351f,-0.992683382685905f,-2.4270317246401327f,0f,0f,0f,1f], start_interpolation: 0, interpolation_duration: 1 }
$data merge entity $(bone_right_eye) { transformation: [-0.9945291233019682f,0.006361193983243833f,-0.10426580511042967f,3.9692579595068005f,0f,0.99814410601679f,0.060896170847954956f,0.6710981499786021f,0.10445967118567125f,0.06056301540586351f,-0.992683382685905f,-2.4009168068437146f,0f,0f,0f,1f], start_interpolation: 0, interpolation_duration: 1 }
$data merge entity $(bone_right_close) { transformation: [-0.9945291233019682f,0.006361193983243833f,-0.10426580511042967f,3.969655534130753f,0f,0.99814410601679f,0.060896170847954956f,0.7334821566046514f,0.10445967118567125f,0.06056301540586351f,-0.992683382685905f,-2.397131618380848f,0f,0f,0f,1f], start_interpolation: 0, interpolation_duration: 1 }
$data merge entity $(bone_left_close) { transformation: [-0.9945291233019682f,0.006361193983243833f,-0.10426580511042967f,4.218287814956245f,0f,0.99814410601679f,0.060896170847954956f,0.7334821566046514f,0.10445967118567125f,0.06056301540586351f,-0.992683382685905f,-2.4232465361772664f,0f,0f,0f,1f], start_interpolation: 0, interpolation_duration: 1 }
$data merge entity $(bone_left_eyebrow) { transformation: [-0.9945291233019682f,0.006361193983243833f,-0.10426580511042967f,4.218135301719483f,0f,0.99814410601679f,0.060896170847954956f,0.7085247479435538f,0.10445967118567125f,0.06056301540586351f,-0.992683382685905f,-2.424698568850995f,0f,0f,0f,1f], start_interpolation: 0, interpolation_duration: 1 }
$data merge entity $(bone_right_eyebrow) { transformation: [-0.9945291233019682f,0.006361193983243833f,-0.10426580511042967f,3.9695030208939914f,0f,0.99814410601679f,0.060896170847954956f,0.7085247479435538f,0.10445967118567125f,0.06056301540586351f,-0.992683382685905f,-2.3985836510545773f,0f,0f,0f,1f], start_interpolation: 0, interpolation_duration: 1 }
$data merge entity $(bone_talking) { transformation: [-0.9945291233019682f,0.006361193983243833f,-0.10426580511042967f,4.059400737326726f,0f,0.99814410601679f,0.060896170847954956f,0.4405921768643905f,0.10445967118567125f,0.06056301540586351f,-0.992683382685905f,-2.739328576682735f,0f,0f,0f,1f], start_interpolation: 0, interpolation_duration: 1 }
$data merge entity $(bone_m_opened) { transformation: [-0.9945291233019682f,0.006361193983243833f,-0.10426580511042967f,4.059400737326726f,0f,0.99814410601679f,0.060896170847954956f,0.4405921768643905f,0.10445967118567125f,0.06056301540586351f,-0.992683382685905f,-2.739328576682735f,0f,0f,0f,1f], start_interpolation: 0, interpolation_duration: 1 }
$data merge entity $(bone_head) { transformation: [-0.9945291233019682f,0.006361193983243833f,-0.10426580511042967f,4.065917350146128f,0f,0.99814410601679f,0.060896170847954956f,0.4367861661863933f,0.10445967118567125f,0.06056301540586351f,-0.992683382685905f,-2.677285865264866f,0f,0f,0f,1f], start_interpolation: 0, interpolation_duration: 1 }
$data merge entity $(item_display_r_item) { transformation: [-0.4351064914446111f,0.04531012684530135f,0.0059651913651856256f,3.758981489333538f,0f,-0.05710520909627248f,0.43375712685104206f,-0.3240636738974769f,0.04570110614373117f,0.4313840950931475f,0.05679279353849144f,-2.6079447755035736f,0f,0f,0f,1f], start_interpolation: 0, interpolation_duration: 1 }
$data merge entity $(bone_rightarm) { transformation: [-0.9945291233019682f,0.01363472312042431f,-0.10356600421783166f,3.7545574407565745f,0f,0.9914448613738104f,0.1305261922200516f,0.3119051384886611f,0.10445967118567125f,0.1298120995165521f,-0.9860207887843372f,-2.650064811903771f,0f,0f,0f,1f], start_interpolation: 0, interpolation_duration: 1 }
$data merge entity $(item_display_l_item) { transformation: [-0.4351064914446111f,0.04565760881721834f,-0.0019934542519077576f,4.392030965699378f,0f,0.019083481972334605f,0.4370835969420628f,-0.307047576579333f,0.04570110614373117f,0.43469236647646053f,-0.01897907859549485f,-2.5640413179794055f,0f,0f,0f,1f], start_interpolation: 0, interpolation_duration: 1 }
$data merge entity $(bone_leftarm) { transformation: [-0.9945291233019682f,-0.004556466861503423f,-0.10436024872507049f,4.376138142820305f,0f,0.9990482215818578f,-0.043619387365336014f,0.3119051384886611f,0.10445967118567125f,-0.04338075107541658f,-0.9935825519461955f,-2.7153521063948154f,0f,0f,0f,1f], start_interpolation: 0, interpolation_duration: 1 }
$data merge entity $(bone_body) { transformation: [-0.9945291233019682f,0.004556466861503421f,-0.10436024872507049f,4.0625f,0f,0.9990482215818578f,0.043619387365336f,-0.3125f,0.10445967118567125f,0.04338075107541656f,-0.9935825519461955f,-2.7098214285714284f,0f,0f,0f,1f], start_interpolation: 0, interpolation_duration: 1 }
$data merge entity $(bone_leftleg) { transformation: [-0.9945291233019682f,0.02703615234799873f,-0.10090029420390388f,4.186816140412746f,0f,0.9659258262890683f,0.25881904510252074f,-0.203125f,0.10445967118567125f,0.2574030780196625f,-0.9606413651939963f,-2.7228788874696375f,0f,0f,0f,1f], start_interpolation: 0, interpolation_duration: 1 }
$data merge entity $(bone_rightleg) { transformation: [-0.9945291233019682f,-0.02703615234799873f,-0.10090029420390388f,3.938183859587254f,0f,0.9659258262890683f,-0.25881904510252074f,-0.25f,0.10445967118567125f,-0.2574030780196625f,-0.9606413651939963f,-2.6967639696732193f,0f,0f,0f,1f], start_interpolation: 0, interpolation_duration: 1 }
data modify entity @s data merge value {"locators":{},"cameras":{"camera":{"posx":6.125,"posy":0.30735415767888963,"posz":-0.7238680815875528,"roty":127.83937284794038,"rotx":-0.14262590657141355}}}
execute on vehicle unless entity @s[tag=aj.transforms_only] at @s run function animated_java:humanentity/animations/000_mur_0/zzz/frames/zzz/6