# This file was generated by Animated Java via MC-Build. It is not recommended to edit this file directly.
$data merge entity $(bone_left_eye) { transformation: [-0.9944076973100183f,0.00822708146109893f,-0.10528839756221652f,4.218634792772338f,0f,0.9969610932083057f,0.07790108233458716f,0.6686255988841403f,0.1056093344860525f,0.07746543590229496f,-0.9913857850049498f,-2.3902424849586312f,0f,0f,0f,1f], start_interpolation: 0, interpolation_duration: 1 }
$data merge entity $(bone_right_eye) { transformation: [-0.9944076973100183f,0.00822708146109893f,-0.10528839756221652f,3.970032868444834f,0f,0.9969610932083057f,0.07790108233458716f,0.6686255988841403f,0.1056093344860525f,0.07746543590229496f,-0.9913857850049498f,-2.3638401513371177f,0f,0f,0f,1f], start_interpolation: 0, interpolation_duration: 1 }
$data merge entity $(bone_right_close) { transformation: [-0.9944076973100183f,0.00822708146109893f,-0.10528839756221652f,3.970547061036153f,0f,0.9969610932083057f,0.07790108233458716f,0.7309356672096594f,0.1056093344860525f,0.07746543590229496f,-0.9913857850049498f,-2.358998561593224f,0f,0f,0f,1f], start_interpolation: 0, interpolation_duration: 1 }
$data merge entity $(bone_left_close) { transformation: [-0.9944076973100183f,0.00822708146109893f,-0.10528839756221652f,4.219148985363657f,0f,0.9969610932083057f,0.07790108233458716f,0.7309356672096594f,0.1056093344860525f,0.07746543590229496f,-0.9913857850049498f,-2.3854008952147376f,0f,0f,0f,1f], start_interpolation: 0, interpolation_duration: 1 }
$data merge entity $(bone_left_eyebrow) { transformation: [-0.9944076973100183f,0.00822708146109893f,-0.10528839756221652f,4.218949888851977f,0f,0.9969610932083057f,0.07790108233458716f,0.706006771061806f,0.1056093344860525f,0.07746543590229496f,-0.9913857850049498f,-2.387275569500732f,0f,0f,0f,1f], start_interpolation: 0, interpolation_duration: 1 }
$data merge entity $(bone_right_eyebrow) { transformation: [-0.9944076973100183f,0.00822708146109893f,-0.10528839756221652f,3.970347964524472f,0f,0.9969610932083057f,0.07790108233458716f,0.706006771061806f,0.1056093344860525f,0.07746543590229496f,-0.9913857850049498f,-2.360873235879219f,0f,0f,0f,1f], start_interpolation: 0, interpolation_duration: 1 }
$data merge entity $(bone_talking) { transformation: [-0.9944076973100183f,0.00822708146109893f,-0.10528839756221652f,4.059374436005118f,0f,0.9969610932083057f,0.07790108233458716f,0.4437294138116224f,0.1056093344860525f,0.07746543590229496f,-0.9913857850049498f,-2.706215734937495f,0f,0f,0f,1f], start_interpolation: 0, interpolation_duration: 1 }
$data merge entity $(bone_m_opened) { transformation: [-0.9944076973100183f,0.00822708146109893f,-0.10528839756221652f,4.059374436005118f,0f,0.9969610932083057f,0.07790108233458716f,0.4437294138116224f,0.1056093344860525f,0.07746543590229496f,-0.9913857850049498f,-2.706215734937495f,0f,0f,0f,1f], start_interpolation: 0, interpolation_duration: 1 }
$data merge entity $(bone_head) { transformation: [-0.9944076973100183f,0.00822708146109893f,-0.10528839756221652f,4.065954960852757f,0f,0.9969610932083057f,0.07790108233458716f,0.4388605961657107f,0.1056093344860525f,0.07746543590229496f,-0.9913857850049498f,-2.6442541233746857f,0f,0f,0f,1f], start_interpolation: 0, interpolation_duration: 1 }
$data merge entity $(item_display_r_item) { transformation: [-0.435053367573133f,0.045822098885557515f,0.005928964243322028f,3.7592488079685684f,0f,-0.05614053219987905f,0.43388303797718847f,-0.3218934949851133f,0.04620408383764797f,0.4314566326967712f,0.055826577350640665f,-2.573152067896708f,0f,0f,0f,1f], start_interpolation: 0, interpolation_duration: 1 }
$data merge entity $(bone_rightarm) { transformation: [-0.9944076973100183f,0.013551918270450374f,-0.10473622602413146f,3.7546267286345834f,0f,0.9917326582335736f,0.12832121645686662f,0.3139795684679785f,0.1056093344860525f,0.12760360537289317f,-0.9861865890211913f,-2.616673138166299f,0f,0f,0f,1f], start_interpolation: 0, interpolation_duration: 1 }
$data merge entity $(item_display_l_item) { transformation: [-0.435053367573133f,0.04616447524757912f,-0.0019127436817455573f,4.392053880498004f,0f,0.018111502085056387f,0.4371249518069439f,-0.3053099335176396f,0.04620408383764797f,0.43468041676309577f,-0.018010217083226518f,-2.5327556858831595f,0f,0f,0f,1f], start_interpolation: 0, interpolation_duration: 1 }
$data merge entity $(bone_leftarm) { transformation: [-0.9944076973100183f,-0.004371985558275536f,-0.10551880056589513f,4.376131539453345f,0f,0.9991427469873003f,-0.04139771905155723f,0.3139795684679785f,0.1056093344860525f,-0.041166210475946104f,-0.9935552383156475f,-2.682678972220082f,0f,0f,0f,1f], start_interpolation: 0, interpolation_duration: 1 }
$data merge entity $(bone_body) { transformation: [-0.9944076973100183f,0.004606614470342462f,-0.10550881780073432f,4.0625f,0f,0.9990482215818578f,0.043619387365336f,-0.3104255700206826f,0.1056093344860525f,0.04337545454803748f,-0.9934612415248841f,-2.676785714285714f,0f,0f,0f,1f], start_interpolation: 0, interpolation_duration: 1 }
$data merge entity $(bone_leftleg) { transformation: [-0.9944076973100183f,0.02375693114119142f,-0.10290257408510056f,4.186800962163752f,0f,0.9743700647852352f,0.2249510543438651f,-0.19774999999999998f,0.1056093344860525f,0.22369305995754368f,-0.9689210924508992f,-2.6899868810964707f,0f,0f,0f,1f], start_interpolation: 0, interpolation_duration: 1 }
$data merge entity $(bone_rightleg) { transformation: [-0.9944076973100183f,-0.026652586307084922f,-0.10219085660532604f,3.938199037836248f,0f,0.9676309116295214f,-0.2523696076373329f,-0.2519444444444444f,0.1056093344860525f,-0.250958280401673f,-0.9622196266795062f,-2.663584547474957f,0f,0f,0f,1f], start_interpolation: 0, interpolation_duration: 1 }
data modify entity @s data merge value {"locators":{},"cameras":{"camera":{"posx":6.125,"posy":0.3122978306498081,"posz":-0.6635782216989609,"roty":127.84090379722988,"rotx":-0.17879393963806167}}}