# This file was generated by Animated Java via MC-Build. It is not recommended to edit this file directly.
$data merge entity $(bone_left_eye) { transformation: [-0.9942903190797425f,0.01028703342128557f,-0.10621176172012708f,4.219401917018469f,0f,0.9953423950287485f,0.09640288718930881f,0.669929508557499f,0.10670876901315889f,0.0958524574636663f,-0.9896593075467296f,-2.3531829039378884f,0f,0f,0f,1f], start_interpolation: 0, interpolation_duration: 1 }
$data merge entity $(bone_right_eye) { transformation: [-0.9942903190797425f,0.01028703342128557f,-0.10621176172012708f,3.970829337248533f,0f,0.9953423950287485f,0.09640288718930881f,0.669929508557499f,0.10670876901315889f,0.0958524574636663f,-0.9896593075467296f,-2.3265057116845984f,0f,0f,0f,1f], start_interpolation: 0, interpolation_duration: 1 }
$data merge entity $(bone_right_close) { transformation: [-0.9942903190797425f,0.01028703342128557f,-0.10621176172012708f,3.9714722768373627f,0f,0.9953423950287485f,0.09640288718930881f,0.7321384082467958f,0.10670876901315889f,0.0958524574636663f,-0.9896593075467296f,-2.3205149330931194f,0f,0f,0f,1f], start_interpolation: 0, interpolation_duration: 1 }
$data merge entity $(bone_left_close) { transformation: [-0.9942903190797425f,0.01028703342128557f,-0.10621176172012708f,4.2200448566072986f,0f,0.9953423950287485f,0.09640288718930881f,0.7321384082467958f,0.10670876901315889f,0.0958524574636663f,-0.9896593075467296f,-2.3471921253464094f,0f,0f,0f,1f], start_interpolation: 0, interpolation_duration: 1 }
$data merge entity $(bone_left_eyebrow) { transformation: [-0.9942903190797425f,0.01028703342128557f,-0.10621176172012708f,4.2197943190068745f,0f,0.9953423950287485f,0.09640288718930881f,0.7072488231906279f,0.10670876901315889f,0.0958524574636663f,-0.9896593075467296f,-2.3495265830762793f,0f,0f,0f,1f], start_interpolation: 0, interpolation_duration: 1 }
$data merge entity $(bone_right_eyebrow) { transformation: [-0.9942903190797425f,0.01028703342128557f,-0.10621176172012708f,3.9712217392369387f,0f,0.9953423950287485f,0.09640288718930881f,0.7072488231906279f,0.10670876901315889f,0.0958524574636663f,-0.9896593075467296f,-2.3228493908229897f,0f,0f,0f,1f], start_interpolation: 0, interpolation_duration: 1 }
$data merge entity $(bone_talking) { transformation: [-0.9942903190797425f,0.01028703342128557f,-0.10621176172012708f,4.059352693240639f,0f,0.9953423950287485f,0.09640288718930881f,0.45121981204697087f,0.10670876901315889f,0.0958524574636663f,-0.9896593075467296f,-2.6730759557855133f,0f,0f,0f,1f], start_interpolation: 0, interpolation_duration: 1 }
$data merge entity $(bone_m_opened) { transformation: [-0.9942903190797425f,0.01028703342128557f,-0.10621176172012708f,4.059352693240639f,0f,0.9953423950287485f,0.09640288718930881f,0.45121981204697087f,0.10670876901315889f,0.0958524574636663f,-0.9896593075467296f,-2.6730759557855133f,0f,0f,0f,1f], start_interpolation: 0, interpolation_duration: 1 }
$data merge entity $(bone_head) { transformation: [-0.9942903190797425f,0.01028703342128557f,-0.10621176172012708f,4.065990928348147f,0f,0.9953423950287485f,0.09640288718930881f,0.44519463159763906f,0.10670876901315889f,0.0958524574636663f,-0.9896593075467296f,-2.6112222490638426f,0f,0f,0f,1f], start_interpolation: 0, interpolation_duration: 1 }
$data merge entity $(item_display_r_item) { transformation: [-0.43500201459738735f,0.046335703932362214f,0.005700862856344921f,3.759788065001695f,0f,-0.053424502119801556f,0.434225831305844f,-0.3152731557140994f,0.046685086443257015f,0.4317465403617541f,0.05311946525937387f,-2.535825846551385f,0f,0f,0f,1f], start_interpolation: 0, interpolation_duration: 1 }
$data merge entity $(bone_rightarm) { transformation: [-0.9942903190797425f,0.013030543671645557f,-0.10591018041682791f,3.75469338224437f,0f,0.9925161858419292f,0.12211314770240378f,0.3203136038999068f,0.10670876901315889f,0.12141592059285478f,-0.9868492351125808f,-2.5832970505699233f,0f,0f,0f,1f], start_interpolation: 0, interpolation_duration: 1 }
$data merge entity $(item_display_l_item) { transformation: [-0.43500201459738735f,0.04665624552631536f,-0.0016407466600783824f,4.391799111333983f,0f,0.015375930912257568f,0.43722972308453767f,-0.2999071631030734f,0.046685086443257015f,0.4347332808768724f,-0.015288139252896652f,-2.503940323448475f,0f,0f,0f,1f], start_interpolation: 0, interpolation_duration: 1 }
$data merge entity $(bone_leftarm) { transformation: [-0.9942903190797425f,-0.003750278080179136f,-0.10664284691729224f,4.376124831669209f,0f,0.999382224193229f,-0.03514498494230279f,0.3203136038999068f,0.10670876901315889f,-0.034944318292334985f,-0.9936760705757084f,-2.649990031203148f,0f,0f,0f,1f], start_interpolation: 0, interpolation_duration: 1 }
$data merge entity $(bone_body) { transformation: [-0.9942903190797425f,0.00465457113086314f,-0.10660720590978565f,4.0625f,0f,0.9990482215818578f,0.043619387365336f,-0.30409153458875426f,0.10670876901315889f,0.043370334581542824f,-0.9933439750126747f,-2.64375f,0f,0f,0f,1f], start_interpolation: 0, interpolation_duration: 1 }
$data merge entity $(bone_leftleg) { transformation: [-0.9942903190797425f,0.020360993013268644f,-0.1047482283755545f,4.186786289884968f,0f,0.9816271834476639f,0.19080899537654503f,-0.19387500000000002f,0.10670876901315889f,0.18971953689623006f,-0.9760224054475266f,-2.657088596126645f,0f,0f,0f,1f], start_interpolation: 0, interpolation_duration: 1 }
$data merge entity $(bone_rightleg) { transformation: [-0.9942903190797425f,-0.024987123417553988f,-0.1037420119701735f,3.9382137101150323f,0f,0.9721976265828769f,-0.23416185613079915f,-0.2536111111111111f,0.10670876901315889f,-0.23282486664859706f,-0.9666466883436571f,-2.630411403873355f,0f,0f,0f,1f], start_interpolation: 0, interpolation_duration: 1 }
data modify entity @s data merge value {"locators":{},"cameras":{"camera":{"posx":6.125,"posy":0.31723234276409523,"posz":-0.6036408508039887,"roty":127.84280079144536,"rotx":-0.22847121291507763}}}