# This file was generated by Animated Java via MC-Build. It is not recommended to edit this file directly.
$data merge entity $(bone_left_eye) { transformation: [-0.9941773399643133f,0.012214701039007904f,-0.10706174751053597f,4.220116476946487f,0f,0.9935545633234155f,0.11335488387898081f,0.6754561286876294f,0.10775628381436553f,0.11269485692676877f,-0.9877694328742781f,-2.3165436938645123f,0f,0f,0f,1f], start_interpolation: 0, interpolation_duration: 1 }
$data merge entity $(bone_right_eye) { transformation: [-0.9941773399643133f,0.012214701039007904f,-0.10706174751053597f,3.971572141955408f,0f,0.9935545633234155f,0.11335488387898081f,0.6754561286876294f,0.10775628381436553f,0.11269485692676877f,-0.9877694328742781f,-2.2896046229109213f,0f,0f,0f,1f], start_interpolation: 0, interpolation_duration: 1 }
$data merge entity $(bone_right_close) { transformation: [-0.9941773399643133f,0.012214701039007904f,-0.10706174751053597f,3.9723355607703454f,0f,0.9935545633234155f,0.11335488387898081f,0.7375532888953429f,0.10775628381436553f,0.11269485692676877f,-0.9877694328742781f,-2.282561194352998f,0f,0f,0f,1f], start_interpolation: 0, interpolation_duration: 1 }
$data merge entity $(bone_left_close) { transformation: [-0.9941773399643133f,0.012214701039007904f,-0.10706174751053597f,4.220879895761424f,0f,0.9935545633234155f,0.11335488387898081f,0.7375532888953429f,0.10775628381436553f,0.11269485692676877f,-0.9877694328742781f,-2.309500265306589f,0f,0f,0f,1f], start_interpolation: 0, interpolation_duration: 1 }
$data merge entity $(bone_left_eyebrow) { transformation: [-0.9941773399643133f,0.012214701039007904f,-0.10706174751053597f,4.220581219594669f,0f,0.9935545633234155f,0.11335488387898081f,0.7127073401320151f,0.10775628381436553f,0.11269485692676877f,-0.9877694328742781f,-2.3122559011402037f,0f,0f,0f,1f], start_interpolation: 0, interpolation_duration: 1 }
$data merge entity $(bone_right_eyebrow) { transformation: [-0.9941773399643133f,0.012214701039007904f,-0.10706174751053597f,3.97203688460359f,0f,0.9935545633234155f,0.11335488387898081f,0.7127073401320151f,0.10775628381436553f,0.11269485692676877f,-0.9877694328742781f,-2.2853168301866122f,0f,0f,0f,1f], start_interpolation: 0, interpolation_duration: 1 }
$data merge entity $(bone_talking) { transformation: [-0.9941773399643133f,0.012214701039007904f,-0.10706174751053597f,4.059333838094152f,0f,0.9935545633234155f,0.11335488387898081f,0.462490889068957f,0.10775628381436553f,0.11269485692676877f,-0.9877694328742781f,-2.639925820392621f,0f,0f,0f,1f], start_interpolation: 0, interpolation_duration: 1 }
$data merge entity $(bone_m_opened) { transformation: [-0.9941773399643133f,0.012214701039007904f,-0.10706174751053597f,4.059333838094152f,0f,0.9935545633234155f,0.11335488387898081f,0.462490889068957f,0.10775628381436553f,0.11269485692676877f,-0.9877694328742781f,-2.639925820392621f,0f,0f,0f,1f], start_interpolation: 0, interpolation_duration: 1 }
$data merge entity $(bone_head) { transformation: [-0.9941773399643133f,0.012214701039007904f,-0.10706174751053597f,4.066025197313561f,0f,0.9935545633234155f,0.11335488387898081f,0.4554062088265207f,0.10775628381436553f,0.11269485692676877f,-0.9877694328742781f,-2.5781902308379783f,0f,0f,0f,1f], start_interpolation: 0, interpolation_duration: 1 }
$data merge entity $(item_display_r_item) { transformation: [-0.4349525862343871f,0.04684404411704893f,0.005304079446806155f,3.76056400194141f,0f,-0.04922292472468359f,0.434722156879021f,-0.3045701643340083f,0.04714337416878492f,0.43219091754953404f,0.048936316368049564f,-2.4963629720417684f,0f,0f,0f,1f], start_interpolation: 0, interpolation_duration: 1 }
$data merge entity $(bone_rightarm) { transformation: [-0.9941773399643133f,0.01212361016412838f,-0.10707210083896898f,3.7547572456891194f,0f,0.9936506442949051f,0.11250954222784842f,0.3305251811287885f,0.10775628381436553f,0.11185443741268494f,-0.987864954398935f,-2.549937067958707f,0f,0f,0f,1f], start_interpolation: 0, interpolation_duration: 1 }
$data merge entity $(item_display_l_item) { transformation: [-0.4349525862343871f,0.04712806937035894f,-0.0012011683648402458f,4.391299200650976f,0f,0.011147084163644029f,0.4373579683904806f,-0.29108703538228553f,0.04714337416878492f,0.4348113816266443f,-0.011082178482169944f,-2.4772212384748302f,0f,0f,0f,1f], start_interpolation: 0, interpolation_duration: 1 }
$data merge entity $(bone_leftarm) { transformation: [-0.9941773399643133f,-0.002745527691063395f,-0.1077213014179633f,4.376118083166816f,0f,0.9996753563210985f,-0.025479049516900415f,0.3305251811287885f,0.10775628381436553f,-0.02533069367353108f,-0.993854586575187f,-2.6172847453426855f,0f,0f,0f,1f], start_interpolation: 0, interpolation_duration: 1 }
$data merge entity $(bone_body) { transformation: [-0.9941773399643133f,0.004700263084747896f,-0.10765372370901181f,4.0625f,0f,0.9990482215818578f,0.043619387365336f,-0.2938799573598726f,0.10775628381436553f,0.043365406501742726f,-0.9932311034283293f,-2.6107142857142853f,0f,0f,0f,1f], start_interpolation: 0, interpolation_duration: 1 }
$data merge entity $(bone_leftleg) { transformation: [-0.9941773399643133f,0.01685679661322353f,-0.10642962514930938f,4.18677216749554f,0f,0.9876883405951378f,0.15643446504023062f,-0.191125f,0.10775628381436553f,0.15552360033243684f,-0.9819373671666408f,-2.624183821191081f,0f,0f,0f,1f], start_interpolation: 0, interpolation_duration: 1 }
$data merge entity $(bone_rightleg) { transformation: [-0.9941773399643133f,-0.022182989697373003f,-0.10544824166181406f,3.938227832504461f,0f,0.9785809043254722f,-0.2058626087698811f,-0.255f,0.10775628381436553f,-0.20466394078495453f,-0.9728829604021701f,-2.59724475023749f,0f,0f,0f,1f], start_interpolation: 0, interpolation_duration: 1 }
data modify entity @s data merge value {"locators":{},"cameras":{"camera":{"posx":6.125,"posy":0.3221564701016343,"posz":-0.5440773318719466,"roty":127.84488471122114,"rotx":-0.2909937874467037}}}