# This file was generated by Animated Java via MC-Build. It is not recommended to edit this file directly.
$data merge entity $(bone_left_eye) { transformation: [-0.9940691105561085f,0.013673382918267484f,-0.107887172721125f,4.220706490168923f,0f,0.9920642390199215f,0.1257320391062851f,0.6846192161648024f,0.1087501882213885f,0.12498633628279067f,-0.9861804156970558f,-2.2809601427603363f,0f,0f,0f,1f], start_interpolation: 0, interpolation_duration: 1 }
$data merge entity $(bone_right_eye) { transformation: [-0.9940691105561085f,0.013673382918267484f,-0.107887172721125f,3.9721892125298957f,0f,0.9920642390199215f,0.1257320391062851f,0.6846192161648024f,0.1087501882213885f,0.12498633628279067f,-0.9861804156970558f,-2.253772595704989f,0f,0f,0f,1f], start_interpolation: 0, interpolation_duration: 1 }
$data merge entity $(bone_right_close) { transformation: [-0.9940691105561085f,0.013673382918267484f,-0.107887172721125f,3.9730437989622875f,0f,0.9920642390199215f,0.1257320391062851f,0.7466232311035474f,0.1087501882213885f,0.12498633628279067f,-0.9861804156970558f,-2.2459609496873143f,0f,0f,0f,1f], start_interpolation: 0, interpolation_duration: 1 }
$data merge entity $(bone_left_close) { transformation: [-0.9940691105561085f,0.013673382918267484f,-0.107887172721125f,4.221561076601315f,0f,0.9920642390199215f,0.1257320391062851f,0.7466232311035474f,0.1087501882213885f,0.12498633628279067f,-0.9861804156970558f,-2.2731484967426616f,0f,0f,0f,1f], start_interpolation: 0, interpolation_duration: 1 }
$data merge entity $(bone_left_eyebrow) { transformation: [-0.9940691105561085f,0.013673382918267484f,-0.107887172721125f,4.221225984976653f,0f,0.9920642390199215f,0.1257320391062851f,0.7218137668756054f,0.1087501882213885f,0.12498633628279067f,-0.9861804156970558f,-2.27621151887375f,0f,0f,0f,1f], start_interpolation: 0, interpolation_duration: 1 }
$data merge entity $(bone_right_eyebrow) { transformation: [-0.9940691105561085f,0.013673382918267484f,-0.107887172721125f,3.9727087073376257f,0f,0.9920642390199215f,0.1257320391062851f,0.7218137668756054f,0.1087501882213885f,0.12498633628279067f,-0.9861804156970558f,-2.2490239718184033f,0f,0f,0f,1f], start_interpolation: 0, interpolation_duration: 1 }
$data merge entity $(bone_talking) { transformation: [-0.9940691105561085f,0.013673382918267484f,-0.107887172721125f,4.059314764144491f,0f,0.9920642390199215f,0.1257320391062851f,0.47589441863053616f,0.1087501882213885f,0.12498633628279067f,-0.9861804156970558f,-2.6067943332086903f,0f,0f,0f,1f], start_interpolation: 0, interpolation_duration: 1 }
$data merge entity $(bone_m_opened) { transformation: [-0.9940691105561085f,0.013673382918267484f,-0.107887172721125f,4.059314764144491f,0f,0.9920642390199215f,0.1257320391062851f,0.47589441863053616f,0.1087501882213885f,0.12498633628279067f,-0.9861804156970558f,-2.6067943332086903f,0f,0f,0f,1f], start_interpolation: 0, interpolation_duration: 1 }
$data merge entity $(bone_head) { transformation: [-0.9940691105561085f,0.013673382918267484f,-0.107887172721125f,4.066057712439561f,0f,0.9920642390199215f,0.1257320391062851f,0.4680361661863933f,0.1087501882213885f,0.12498633628279067f,-0.9861804156970558f,-2.5451580572276242f,0f,0f,0f,1f], start_interpolation: 0, interpolation_duration: 1 }
$data merge entity $(item_display_r_item) { transformation: [-0.43490523586829744f,0.04733915729112601f,0.004763402282674938f,3.7615387764254464f,0f,-0.04380132449037999f,0.435301842372495f,-0.29121930046929745f,0.04757820734685747f,0.4327201152706614f,0.04354154367733153f,-2.455161595713169f,0f,0f,0f,1f], start_interpolation: 0, interpolation_duration: 1 }
$data merge entity $(bone_rightarm) { transformation: [-0.9940691105561085f,0.010887776646114167f,-0.10820378809400232f,3.7548181633175175f,0f,0.99497563970856f,0.10011731312086877f,0.3431551384886611f,0.1087501882213885f,0.09952352840532944f,-0.9890745491900832f,-2.5165937091085984f,0f,0f,0f,1f], start_interpolation: 0, interpolation_duration: 1 }
$data merge entity $(item_display_l_item) { transformation: [-0.43490523586829744f,0.04757417536950336f,-0.0006193966841226069f,4.390588831355118f,0f,0.005695591835314051f,0.43746292441033846f,-0.2801645844303041f,0.04757820734685747f,0.4348683801698593f,-0.0056618119098212705f,-2.4522261653986903f,0f,0f,0f,1f], start_interpolation: 0, interpolation_duration: 1 }
$data merge entity $(bone_leftarm) { transformation: [-0.9940691105561085f,-0.0014157638494230775f,-0.10874097227315054f,4.376111357415085f,0f,0.9999152557950594f,-0.013018495623574752f,0.3431551384886611f,0.1087501882213885f,-0.01294128436530554f,-0.9939848689596784f,-2.584562576746966f,0f,0f,0f,1f], start_interpolation: 0, interpolation_duration: 1 }
$data merge entity $(bone_body) { transformation: [-0.9940691105561085f,0.004743616586081945f,-0.10864668213927048f,4.0625f,0f,0.9990482215818578f,0.043619387365336f,-0.28125f,0.1087501882213885f,0.04336068560126191f,-0.9931229770305393f,-2.577678571428571f,0f,0f,0f,1f], start_interpolation: 0, interpolation_duration: 1 }
$data merge entity $(bone_leftleg) { transformation: [-0.9940691105561085f,0.013253314033726808f,-0.10793958080940859f,4.186758638819514f,0f,0.9925461516413221f,0.12186934340514737f,-0.189125f,0.1087501882213885f,0.12114654980281178f,-0.9866594701479774f,-2.5912723449562445f,0f,0f,0f,1f], start_interpolation: 0, interpolation_duration: 1 }
$data merge entity $(bone_rightleg) { transformation: [-0.9940691105561085f,-0.018393926701092776f,-0.10718333311995037f,3.9382413611804865f,0f,0.985592161934944f,-0.16913926313072017f,-0.25611111111111107f,0.1087501882213885f,-0.16813611686047059f,-0.9797467237857418f,-2.564084797900897f,0f,0f,0f,1f], start_interpolation: 0, interpolation_duration: 1 }
data modify entity @s data merge value {"locators":{},"cameras":{"camera":{"posx":6.125,"posy":0.3270689887423086,"posz":-0.4849090278721465,"roty":127.84697518793368,"rotx":-0.3656977034942476}}}