# This file was generated by Animated Java via MC-Build. It is not recommended to edit this file directly.
$data merge entity $(bone_left_eye) { transformation: [-0.9939659797846838f,0.014317260313429494f,-0.10875038890868864f,4.221101078200618f,0f,0.9914448613738104f,0.1305261922200516f,0.6958957908347055f,0.109688791727658f,0.12973859453756756f,-0.9854624630379095f,-2.2470365513897996f,0f,0f,0f,1f], start_interpolation: 0, interpolation_duration: 1 }
$data merge entity $(bone_right_eye) { transformation: [-0.9939659797846838f,0.014317260313429494f,-0.10875038890868864f,3.9726095832544477f,0f,0.9914448613738104f,0.1305261922200516f,0.6958957908347055f,0.109688791727658f,0.12973859453756756f,-0.9854624630379095f,-2.2196143534578847f,0f,0f,0f,1f], start_interpolation: 0, interpolation_duration: 1 }
$data merge entity $(bone_right_close) { transformation: [-0.9939659797846838f,0.014317260313429494f,-0.10875038890868864f,3.9735044120240373f,0f,0.9914448613738104f,0.1305261922200516f,0.7578610946705686f,0.109688791727658f,0.12973859453756756f,-0.9854624630379095f,-2.211505691299287f,0f,0f,0f,1f], start_interpolation: 0, interpolation_duration: 1 }
$data merge entity $(bone_left_close) { transformation: [-0.9939659797846838f,0.014317260313429494f,-0.10875038890868864f,4.221995906970208f,0f,0.9914448613738104f,0.1305261922200516f,0.7578610946705686f,0.109688791727658f,0.12973859453756756f,-0.9854624630379095f,-2.238927889231202f,0f,0f,0f,1f], start_interpolation: 0, interpolation_duration: 1 }
$data merge entity $(bone_left_eyebrow) { transformation: [-0.9939659797846838f,0.014317260313429494f,-0.10875038890868864f,4.221644772361679f,0f,0.9914448613738104f,0.1305261922200516f,0.7330668152492097f,0.109688791727658f,0.12973859453756756f,-0.9854624630379095f,-2.242109762690701f,0f,0f,0f,1f], start_interpolation: 0, interpolation_duration: 1 }
$data merge entity $(bone_right_eyebrow) { transformation: [-0.9939659797846838f,0.014317260313429494f,-0.10875038890868864f,3.973153277415508f,0f,0.9914448613738104f,0.1305261922200516f,0.7330668152492097f,0.109688791727658f,0.12973859453756756f,-0.9854624630379095f,-2.2146875647587865f,0f,0f,0f,1f], start_interpolation: 0, interpolation_duration: 1 }
$data merge entity $(bone_talking) { transformation: [-0.9939659797846838f,0.014317260313429494f,-0.10875038890868864f,4.05929151911521f,0f,0.9914448613738104f,0.1305261922200516f,0.48882401056001906f,0.109688791727658f,0.12973859453756756f,-0.9854624630379095f,-2.573717120757581f,0f,0f,0f,1f], start_interpolation: 0, interpolation_duration: 1 }
$data merge entity $(bone_m_opened) { transformation: [-0.9939659797846838f,0.014317260313429494f,-0.10875038890868864f,4.05929151911521f,0f,0.9914448613738104f,0.1305261922200516f,0.48882401056001906f,0.109688791727658f,0.12973859453756756f,-0.9854624630379095f,-2.573717120757581f,0f,0f,0f,1f], start_interpolation: 0, interpolation_duration: 1 }
$data merge entity $(bone_head) { transformation: [-0.9939659797846838f,0.014317260313429494f,-0.10875038890868864f,4.066088418422003f,0f,0.9914448613738104f,0.1305261922200516f,0.4806661235462658f,0.109688791727658f,0.12973859453756756f,-0.9854624630379095f,-2.5121257168177116f,0f,0f,0f,1f], start_interpolation: 0, interpolation_duration: 1 }
$data merge entity $(item_display_r_item) { transformation: [-0.43486011615579917f,0.047812931020226365f,0.004105241067212852f,3.7626721873406215f,0f,-0.03742625844038463f,0.4358962321231436f,-0.27761702388178144f,0.047988846380850374f,0.4332660254467325f,0.0372004276403717f,-2.412620667863236f,0f,0f,0f,1f], start_interpolation: 0, interpolation_duration: 1 }
$data merge entity $(bone_rightarm) { transformation: [-0.9939659797846838f,0.0093834081536294f,-0.10928669947480313f,3.7548759800022893f,0f,0.9963342448528997f,0.08554573357802223f,0.3557850958485336f,0.109688791727658f,0.0850295488922784f,-0.9903223438782457f,-2.4832674927903424f,0f,0f,0f,1f], start_interpolation: 0, interpolation_duration: 1 }
$data merge entity $(item_display_l_item) { transformation: [-0.43486011615579917f,0.047988783716946995f,0.00007755213046441083f,4.389705009671895f,0f,-0.0007070196438753932f,0.4374994287118821f,-0.26941609363811947f,0.047988846380850374f,0.4348595483148453f,0.000702753473051624f,-2.428581335920247f,0f,0f,0f,1f], start_interpolation: 0, interpolation_duration: 1 }
$data merge entity $(bone_leftarm) { transformation: [-0.9939659797846838f,0.00017726201249010625f,-0.10968864849587884f,4.376104717367716f,0f,0.9999986941985876f,0.0016160449002868352f,0.3557850958485336f,0.109688791727658f,0.001606293652689647f,-0.9939646818625035f,-2.551822987620129f,0f,0f,0f,1f], start_interpolation: 0, interpolation_duration: 1 }
$data merge entity $(bone_body) { transformation: [-0.9939659797846838f,0.0047845578960043775f,-0.10958439230297952f,4.0625f,0f,0.9990482215818578f,0.043619387365336f,-0.2686200426401275f,0.109688791727658f,0.04335618710019386f,-0.9930199444167572f,-2.5446428571428568f,0f,0f,0f,1f], start_interpolation: 0, interpolation_duration: 1 }
$data merge entity $(bone_leftleg) { transformation: [-0.9939659797846838f,0.009560008114117217f,-0.10927139275918261f,4.186745747473085f,0f,0.9961946980917455f,0.08715574274765818f,-0.1875f,0.109688791727658f,0.08662984323403791f,-0.9901836391450691f,-2.558353956108814f,0f,0f,0f,1f], start_interpolation: 0, interpolation_duration: 1 }
$data merge entity $(bone_rightleg) { transformation: [-0.9939659797846838f,-0.013789857355942197f,-0.1088185226180557f,3.9382542525269146f,0f,0.9920660160815423f,-0.12571801675216274f,-0.2569444444444444f,0.109688791727658f,-0.12495943169765072f,-0.9860798696855781f,-2.5309317581768993f,0f,0f,0f,1f], start_interpolation: 0, interpolation_duration: 1 }
data modify entity @s data merge value {"locators":{},"cameras":{"camera":{"posx":6.125,"posy":0.33196867476600134,"posz":-0.42615730177389743,"roty":127.84889081472971,"rotx":-0.45191894740265837}}}