# This file was generated by Animated Java via MC-Build. It is not recommended to edit this file directly.
$data merge entity $(bone_left_eye) { transformation: [-0.9938682939858853f,0.01406788545679468f,-0.1096718232198243f,4.221285723875197f,0f,0.9918732263968503f,0.12723011733509704f,0.7070384780405858f,0.11057040385919682f,0.12644997965945692f,-0.9857913513693135f,-2.214854166003228f,0f,0f,0f,1f], start_interpolation: 0, interpolation_duration: 1 }
$data merge entity $(bone_right_eye) { transformation: [-0.9938682939858853f,0.01406788545679468f,-0.1096718232198243f,3.972818650378726f,0f,0.9918732263968503f,0.12723011733509704f,0.7070384780405858f,0.11057040385919682f,0.12644997965945692f,-0.9857913513693135f,-2.187211565038429f,0f,0f,0f,1f], start_interpolation: 0, interpolation_duration: 1 }
$data merge entity $(bone_right_close) { transformation: [-0.9938682939858853f,0.01406788545679468f,-0.1096718232198243f,3.973697893219776f,0f,0.9918732263968503f,0.12723011733509704f,0.769030554690389f,0.11057040385919682f,0.12644997965945692f,-0.9857913513693135f,-2.1793084413097126f,0f,0f,0f,1f], start_interpolation: 0, interpolation_duration: 1 }
$data merge entity $(bone_left_close) { transformation: [-0.9938682939858853f,0.01406788545679468f,-0.1096718232198243f,4.222164966716247f,0f,0.9918732263968503f,0.12723011733509704f,0.769030554690389f,0.11057040385919682f,0.12644997965945692f,-0.9857913513693135f,-2.2069510422745116f,0f,0f,0f,1f], start_interpolation: 0, interpolation_duration: 1 }
$data merge entity $(bone_left_eyebrow) { transformation: [-0.9938682939858853f,0.01406788545679468f,-0.1096718232198243f,4.2218201240687785f,0f,0.9918732263968503f,0.12723011733509704f,0.7442257721481343f,0.11057040385919682f,0.12644997965945692f,-0.9857913513693135f,-2.2100506798065376f,0f,0f,0f,1f], start_interpolation: 0, interpolation_duration: 1 }
$data merge entity $(bone_right_eyebrow) { transformation: [-0.9938682939858853f,0.01406788545679468f,-0.1096718232198243f,3.973353050572307f,0f,0.9918732263968503f,0.12723011733509704f,0.7442257721481343f,0.11057040385919682f,0.12644997965945692f,-0.9857913513693135f,-2.182408078841738f,0f,0f,0f,1f], start_interpolation: 0, interpolation_duration: 1 }
$data merge entity $(bone_talking) { transformation: [-0.9938682939858853f,0.01406788545679468f,-0.1096718232198243f,4.059262771006567f,0f,0.9918732263968503f,0.12723011733509704f,0.49882958310859105f,0.11057040385919682f,0.12644997965945692f,-0.9857913513693135f,-2.540705157738603f,0f,0f,0f,1f], start_interpolation: 0, interpolation_duration: 1 }
$data merge entity $(bone_m_opened) { transformation: [-0.9938682939858853f,0.01406788545679468f,-0.1096718232198243f,4.059262771006567f,0f,0.9918732263968503f,0.12723011733509704f,0.49882958310859105f,0.11057040385919682f,0.12644997965945692f,-0.9857913513693135f,-2.540705157738603f,0f,0f,0f,1f], start_interpolation: 0, interpolation_duration: 1 }
$data merge entity $(bone_head) { transformation: [-0.9938682939858853f,0.01406788545679468f,-0.1096718232198243f,4.066117259957807f,0f,0.9918732263968503f,0.12723011733509704f,0.4908777007751475f,0.11057040385919682f,0.12644997965945692f,-0.9857913513693135f,-2.479093198278021f,0f,0f,0f,1f], start_interpolation: 0, interpolation_duration: 1 }
$data merge entity $(item_display_r_item) { transformation: [-0.4348173786188248f,0.04825788867291173f,0.0033575931686858993f,3.763921947950293f,0f,-0.03036611110656287f,0.4364448983505981f,-0.26617207059674286f,0.04837455168839861f,0.43376874654255204f,0.030179915040465487f,-2.3691391745951447f,0f,0f,0f,1f], start_interpolation: 0, interpolation_duration: 1 }
$data merge entity $(bone_rightarm) { transformation: [-0.9938682939858853f,0.00767449867128208f,-0.11030374553808396f,3.7549305414275835f,0f,0.9975883390870813f,0.06940825395785821f,0.36599667307741524f,0.11057040385919682f,0.06898266294963562f,-0.9914714206686903f,-2.4499589378352087f,0f,0f,0f,1f], start_interpolation: 0, interpolation_duration: 1 }
$data merge entity $(item_display_l_item) { transformation: [-0.4348173786188248f,0.04836688636351765f,0.0008611356177274441f,4.388687141818727f,0f,-0.007788120398149547f,0.437430674713907f,-0.26112946805620896f,0.04837455168839861f,0.4347484784150055f,0.007740365933465563f,-2.4059092548907275f,0f,0f,0f,1f], start_interpolation: 0, interpolation_duration: 1 }
$data merge entity $(bone_leftarm) { transformation: [-0.9938682939858853f,0.0019683099833770396f,-0.11055288311661178f,4.376098225168762f,0f,0.999841542203216f,0.01780141805291347f,0.36599667307741524f,0.11057040385919682f,0.01769226499077865f,-0.9937108078057268f,-2.5190654402472066f,0f,0f,0f,1f], start_interpolation: 0, interpolation_duration: 1 }
$data merge entity $(bone_body) { transformation: [-0.9938682939858853f,0.004823013277075949f,-0.11046516533511837f,4.0625f,0f,0.9990482215818578f,0.043619387365336f,-0.25840846541124585f,0.11057040385919682f,0.04335192610549597f,-0.9929223515931938f,-2.5116071428571427f,0f,0f,0f,1f], start_interpolation: 0, interpolation_duration: 1 }
$data merge entity $(bone_leftleg) { transformation: [-0.9938682939858853f,0.005786807818139566f,-0.11041887096353506f,4.1867335367482355f,0f,0.9986295347545738f,0.05233595624294395f,-0.1855f,0.11057040385919682f,0.05201504754529465f,-0.9925062320304466f,-2.525428443339542f,0f,0f,0f,1f], start_interpolation: 0, interpolation_duration: 1 }
$data merge entity $(bone_rightleg) { transformation: [-0.9938682939858853f,-0.00855981704827433f,-0.11023857646797676f,3.9382664632517645f,0f,0.9969989492699817f,-0.07741508350801196f,-0.25749999999999995f,0.11057040385919682f,-0.0769403969748827f,-0.9908856448166768f,-2.497785842374743f,0f,0f,0f,1f], start_interpolation: 0, interpolation_duration: 1 }
data modify entity @s data merge value {"locators":{},"cameras":{"camera":{"posx":6.125,"posy":0.3368543042525957,"posz":-0.3678435165465094,"roty":127.85044934988599,"rotx":-0.5489934206670883}}}