# This file was generated by Animated Java via MC-Build. It is not recommended to edit this file directly.
$data merge entity $(bone_left_eye) { transformation: [-0.9937763959420656f,0.013194088221035544f,-0.11060918092280804f,4.221317048519252f,0f,0.99296050232009f,0.11844594054772101f,0.7158403766501682f,0.11139333403933538f,0.11770877991148235f,-0.9867807093084822f,-2.183862284844511f,0f,0f,0f,1f], start_interpolation: 0, interpolation_duration: 1 }
$data merge entity $(bone_right_eye) { transformation: [-0.9937763959420656f,0.013194088221035544f,-0.11060918092280804f,3.9728729495337354f,0f,0.99296050232009f,0.11844594054772101f,0.7158403766501682f,0.11139333403933538f,0.11770877991148235f,-0.9867807093084822f,-2.1560139513346774f,0f,0f,0f,1f], start_interpolation: 0, interpolation_duration: 1 }
$data merge entity $(bone_right_close) { transformation: [-0.9937763959420656f,0.013194088221035544f,-0.11060918092280804f,3.9736975800475505f,0f,0.99296050232009f,0.11844594054772101f,0.7779004080451738f,0.11139333403933538f,0.11770877991148235f,-0.9867807093084822f,-2.14865715259021f,0f,0f,0f,1f], start_interpolation: 0, interpolation_duration: 1 }
$data merge entity $(bone_left_close) { transformation: [-0.9937763959420656f,0.013194088221035544f,-0.11060918092280804f,4.222141679033067f,0f,0.99296050232009f,0.11844594054772101f,0.7779004080451738f,0.11139333403933538f,0.11770877991148235f,-0.9867807093084822f,-2.1765054861000435f,0f,0f,0f,1f], start_interpolation: 0, interpolation_duration: 1 }
$data merge entity $(bone_left_eyebrow) { transformation: [-0.9937763959420656f,0.013194088221035544f,-0.11060918092280804f,4.221818739901349f,0f,0.99296050232009f,0.11844594054772101f,0.7530689926158873f,0.11139333403933538f,0.11770877991148235f,-0.9867807093084822f,-2.179386531803499f,0f,0f,0f,1f], start_interpolation: 0, interpolation_duration: 1 }
$data merge entity $(bone_right_eyebrow) { transformation: [-0.9937763959420656f,0.013194088221035544f,-0.11060918092280804f,3.9733746409158326f,0f,0.99296050232009f,0.11844594054772101f,0.7530689926158873f,0.11139333403933538f,0.11770877991148235f,-0.9867807093084822f,-2.151538198293665f,0f,0f,0f,1f], start_interpolation: 0, interpolation_duration: 1 }
$data merge entity $(bone_talking) { transformation: [-0.9937763959420656f,0.013194088221035544f,-0.11060918092280804f,4.059231107932858f,0f,0.99296050232009f,0.11844594054772101f,0.5046146074913085f,0.11139333403933538f,0.11770877991148235f,-0.9867807093084822f,-2.5077342847263657f,0f,0f,0f,1f], start_interpolation: 0, interpolation_duration: 1 }
$data merge entity $(bone_m_opened) { transformation: [-0.9937763959420656f,0.013194088221035544f,-0.11060918092280804f,4.059231107932858f,0f,0.99296050232009f,0.11844594054772101f,0.5046146074913085f,0.11139333403933538f,0.11770877991148235f,-0.9867807093084822f,-2.5077342847263657f,0f,0f,0f,1f], start_interpolation: 0, interpolation_duration: 1 }
$data merge entity $(bone_head) { transformation: [-0.9937763959420656f,0.013194088221035544f,-0.11060918092280804f,4.066144181740533f,0f,0.99296050232009f,0.11844594054772101f,0.4972117362070759f,0.11139333403933538f,0.11770877991148235f,-0.9867807093084822f,-2.4460604903945855f,0f,0f,0f,1f], start_interpolation: 0, interpolation_duration: 1 }
$data merge entity $(item_display_r_item) { transformation: [-0.4347771732246537f,0.048667827559722925f,0.002549941841799708f,3.7652440139139944f,0f,-0.022891332446331743f,0.4369007174391358f,-0.2583535542455164f,0.04873458364220923f,0.4341816203611671f,0.022748865856827224f,-2.3251150514671393f,0f,0f,0f,1f], start_interpolation: 0, interpolation_duration: 1 }
$data merge entity $(bone_rightarm) { transformation: [-0.9937763959420656f,0.005828438495542215f,-0.11124074870793811f,3.754981694385216f,0f,0.9986302112894532f,0.05232304559161563f,0.3723307085093437f,0.11139333403933538f,0.051997407672748165f,-0.9924151322540962f,-2.4166685632034337f,0f,0f,0f,1f], start_interpolation: 0, interpolation_duration: 1 }
$data merge entity $(item_display_l_item) { transformation: [-0.4347771732246537f,0.0487048738578247f,0.0017014421156394087f,4.387576988500329f,0f,-0.015274182520101185f,0.43723328938719047f,-0.25665232847810016f,0.04873458364220923f,0.43451212251309634f,0.01517912205578745f,-2.383827536339687f,0f,0f,0f,1f], start_interpolation: 0, interpolation_duration: 1 }
$data merge entity $(bone_leftarm) { transformation: [-0.9937763959420656f,0.003889010550032959f,-0.11132542596074217f,4.3760919418490065f,0f,0.9993903757421496f,0.03491241718880293f,0.3723307085093437f,0.11139333403933538f,0.034695136127514396f,-0.9931705657442202f,-2.486289396978018f,0f,0f,0f,1f], start_interpolation: 0, interpolation_duration: 1 }
$data merge entity $(bone_body) { transformation: [-0.9937763959420656f,0.004858908987378038f,-0.11128731226807183f,4.0625f,0f,0.9990482215818578f,0.043619387365336f,-0.2520744299793174f,0.11139333403933538f,0.04334791756912448f,-0.9928305410159488f,-2.4785714285714286f,0f,0f,0f,1f], start_interpolation: 0, interpolation_duration: 1 }
$data merge entity $(bone_leftleg) { transformation: [-0.9937763959420656f,0.0019440817400585967f,-0.11137636829501546f,4.186722049492758f,0f,0.9998476951563913f,0.017452406437283758f,-0.18337500000000007f,0.11139333403933538f,0.017343789569759956f,-0.9936250389834995f,-2.4924955953263455f,0f,0f,0f,1f], start_interpolation: 0, interpolation_duration: 1 }
$data merge entity $(bone_rightleg) { transformation: [-0.9937763959420656f,-0.002911618624304637f,-0.11135527533702907f,3.9382779505072416f,0f,0.9996583394990866f,-0.02613817648438893f,-0.2577777777777778f,0.11139333403933538f,-0.02597550282315368f,-0.993436861800832f,-2.464647261816512f,0f,0f,0f,1f], start_interpolation: 0, interpolation_duration: 1 }
data modify entity @s data merge value {"locators":{},"cameras":{"camera":{"posx":6.125,"posy":0.3417246532819751,"posz":-0.3099890351592941,"roty":127.85146791222962,"rotx":-0.6562569112631246}}}