# This file was generated by Animated Java via MC-Build. It is not recommended to edit this file directly.
$data merge entity $(bone_left_eye) { transformation: [-0.993690623893365f,0.011869195231046835f,-0.11152607852418289f,4.221229274881247f,0f,0.9943844864917185f,0.10582765718186031f,0.7214253735138578f,0.11215589144764049f,0.10515995069021591f,-0.9881105407718391f,-2.1537294456674743f,0f,0f,0f,1f], start_interpolation: 0, interpolation_duration: 1 }
$data merge entity $(bone_right_eye) { transformation: [-0.993690623893365f,0.011869195231046835f,-0.11152607852418289f,3.9728066189079057f,0f,0.9943844864917185f,0.10582765718186031f,0.7214253735138578f,0.11215589144764049f,0.10515995069021591f,-0.9881105407718391f,-2.1256904728055646f,0f,0f,0f,1f], start_interpolation: 0, interpolation_duration: 1 }
$data merge entity $(bone_right_close) { transformation: [-0.993690623893365f,0.011869195231046835f,-0.11152607852418289f,3.9735484436098467f,0f,0.9943844864917185f,0.10582765718186031f,0.7835744039195902f,0.11215589144764049f,0.10515995069021591f,-0.9881105407718391f,-2.119117975887426f,0f,0f,0f,1f], start_interpolation: 0, interpolation_duration: 1 }
$data merge entity $(bone_left_close) { transformation: [-0.993690623893365f,0.011869195231046835f,-0.11152607852418289f,4.221971099583188f,0f,0.9943844864917185f,0.10582765718186031f,0.7835744039195902f,0.11215589144764049f,0.10515995069021591f,-0.9881105407718391f,-2.147156948749336f,0f,0f,0f,1f], start_interpolation: 0, interpolation_duration: 1 }
$data merge entity $(bone_left_eyebrow) { transformation: [-0.993690623893365f,0.011869195231046835f,-0.11152607852418289f,4.221681340082319f,0f,0.9943844864917185f,0.10582765718186031f,0.7587081775287235f,0.11215589144764049f,0.10515995069021591f,-0.9881105407718391f,-2.149724190607793f,0f,0f,0f,1f], start_interpolation: 0, interpolation_duration: 1 }
$data merge entity $(bone_right_eyebrow) { transformation: [-0.993690623893365f,0.011869195231046835f,-0.11152607852418289f,3.973258684108978f,0f,0.9943844864917185f,0.10582765718186031f,0.7587081775287235f,0.11215589144764049f,0.10515995069021591f,-0.9881105407718391f,-2.121685217745883f,0f,0f,0f,1f], start_interpolation: 0, interpolation_duration: 1 }
$data merge entity $(bone_talking) { transformation: [-0.993690623893365f,0.011869195231046835f,-0.11152607852418289f,4.059198748548008f,0f,0.9943844864917185f,0.10582765718186031f,0.5059003947602596f,0.11215589144764049f,0.10515995069021591f,-0.9881105407718391f,-2.4747844909002734f,0f,0f,0f,1f], start_interpolation: 0, interpolation_duration: 1 }
$data merge entity $(bone_m_opened) { transformation: [-0.993690623893365f,0.011869195231046835f,-0.11152607852418289f,4.059198748548008f,0f,0.9943844864917185f,0.10582765718186031f,0.5059003947602596f,0.11215589144764049f,0.10515995069021591f,-0.9881105407718391f,-2.4747844909002734f,0f,0f,0f,1f], start_interpolation: 0, interpolation_duration: 1 }
$data merge entity $(bone_head) { transformation: [-0.993690623893365f,0.011869195231046835f,-0.11152607852418289f,4.066169128455769f,0f,0.9943844864917185f,0.10582765718186031f,0.4992861661863933f,0.11215589144764049f,0.10515995069021591f,-0.9881105407718391f,-2.4130275821020333f,0f,0f,0f,1f], start_interpolation: 0, interpolation_duration: 1 }
$data merge entity $(item_display_r_item) { transformation: [-0.4347396479533472f,0.049038289341804514f,0.0017130895566759186f,3.766592956096491f,0f,-0.015274182520101204f,0.43723328938719047f,-0.25457789849878276f,0.04906820250834271f,0.43447462011810545f,0.015177811957860495f,-2.2809438708184584f,0f,0f,0f,1f], start_interpolation: 0, interpolation_duration: 1 }
$data merge entity $(bone_rightarm) { transformation: [-0.993690623893365f,0.003915633272402124f,-0.11208751849555318f,3.755029287079798f,0f,0.9993903757421496f,0.034912417188802974f,0.3744051384886611f,0.11215589144764049f,0.03469214161796707f,-0.9930848459842411f,-2.383396888055259f,0f,0f,0f,1f], start_interpolation: 0, interpolation_duration: 1 }
$data merge entity $(item_display_l_item) { transformation: [-0.4347396479533472f,0.04900098943849995f,0.002567397796942631f,4.386418498571376f,0f,-0.022891332446331722f,0.4369007174391358f,-0.25627912426619903f,0.04906820250834271f,0.43414414649155353f,0.0227469024203458f,-2.3619487103843704f,0f,0f,0f,1f], start_interpolation: 0, interpolation_duration: 1 }
$data merge entity $(bone_leftarm) { transformation: [-0.993690623893365f,0.005868337821583182f,-0.11200226157371418f,4.376085927013151f,0f,0.9986302112894532f,0.05232304559161559f,0.3744051384886611f,0.11215589144764049f,0.051992919817933476f,-0.9923294776949795f,-2.4534943202100346f,0f,0f,0f,1f], start_interpolation: 0, interpolation_duration: 1 }
$data merge entity $(bone_body) { transformation: [-0.993690623893365f,0.004892171274359205f,-0.11204914389069312f,4.0625f,0f,0.9990482215818578f,0.043619387365336f,-0.25f,0.11215589144764049f,0.04334417624490709f,-0.992744850603233f,-2.4455357142857137f,0f,0f,0f,1f], start_interpolation: 0, interpolation_duration: 1 }
$data merge entity $(bone_leftleg) { transformation: [-0.993690623893365f,-0.0019573902018800993f,-0.11213880956213376f,4.186711327986671f,0f,0.9998476951563913f,-0.017452406437283758f,-0.18225000000000002f,0.11215589144764049f,-0.017342292641105077f,-0.9935392799982975f,-2.4595552007166686f,0f,0f,0f,1f], start_interpolation: 0, interpolation_duration: 1 }
$data merge entity $(bone_rightleg) { transformation: [-0.993690623893365f,0.0029315504844223766f,-0.1121175722095881f,3.9382886720133294f,0f,0.9996583394990866f,0.026138176484388775f,-0.2577777777777778f,0.11215589144764049f,0.025973260898207163f,-0.9933511190570526f,-2.431516227854759f,0f,0f,0f,1f], start_interpolation: 0, interpolation_duration: 1 }
data modify entity @s data merge value {"locators":{},"cameras":{"camera":{"posx":6.125,"posy":0.3465784979340229,"posz":-0.25261522058155805,"roty":127.85176316837958,"rotx":-0.7730450672998377}}}