# This file was generated by Animated Java via MC-Build. It is not recommended to edit this file directly.
$data merge entity $(bone_left_eye) { transformation: [-0.9936113105200084f,0.010273826725144097f,-0.11238777554135106f,4.22105885915796f,0f,0.9958477375236163f,0.0910345191072853f,0.7232623463569994f,0.11285638487348154f,0.0904529278327485f,-0.9894855755592258f,-2.124116884778078f,0f,0f,0f,1f], start_interpolation: 0, interpolation_duration: 1 }
$data merge entity $(bone_right_eye) { transformation: [-0.9936113105200084f,0.010273826725144097f,-0.11238777554135106f,3.9726560315279578f,0f,0.9958477375236163f,0.0910345191072853f,0.7232623463569994f,0.11285638487348154f,0.0904529278327485f,-0.9894855755592258f,-2.0959027885597075f,0f,0f,0f,1f], start_interpolation: 0, interpolation_duration: 1 }
$data merge entity $(bone_right_close) { transformation: [-0.9936113105200084f,0.010273826725144097f,-0.11238777554135106f,3.97329814569828f,0f,0.9958477375236163f,0.0910345191072853f,0.7855028299522254f,0.11285638487348154f,0.0904529278327485f,-0.9894855755592258f,-2.0902494805701606f,0f,0f,0f,1f], start_interpolation: 0, interpolation_duration: 1 }
$data merge entity $(bone_left_close) { transformation: [-0.9936113105200084f,0.010273826725144097f,-0.11238777554135106f,4.221700973328282f,0f,0.9958477375236163f,0.0910345191072853f,0.7855028299522254f,0.11285638487348154f,0.0904529278327485f,-0.9894855755592258f,-2.118463576788531f,0f,0f,0f,1f], start_interpolation: 0, interpolation_duration: 1 }
$data merge entity $(bone_left_eyebrow) { transformation: [-0.9936113105200084f,0.010273826725144097f,-0.11238777554135106f,4.221451151896124f,0f,0.9958477375236163f,0.0910345191072853f,0.7606009468566908f,0.11285638487348154f,0.0904529278327485f,-0.9894855755592258f,-2.1206630571358773f,0f,0f,0f,1f], start_interpolation: 0, interpolation_duration: 1 }
$data merge entity $(bone_right_eyebrow) { transformation: [-0.9936113105200084f,0.010273826725144097f,-0.11238777554135106f,3.9730483242661223f,0f,0.9958477375236163f,0.0910345191072853f,0.7606009468566908f,0.11285638487348154f,0.0904529278327485f,-0.9894855755592258f,-2.0924489609175065f,0f,0f,0f,1f], start_interpolation: 0, interpolation_duration: 1 }
$data merge entity $(bone_talking) { transformation: [-0.9936113105200084f,0.010273826725144097f,-0.11238777554135106f,4.059167808805001f,0f,0.9958477375236163f,0.0910345191072853f,0.502748699197122f,0.11285638487348154f,0.0904529278327485f,-0.9894855755592258f,-2.441837310989338f,0f,0f,0f,1f], start_interpolation: 0, interpolation_duration: 1 }
$data merge entity $(bone_m_opened) { transformation: [-0.9936113105200084f,0.010273826725144097f,-0.11238777554135106f,4.059167808805001f,0f,0.9958477375236163f,0.0910345191072853f,0.502748699197122f,0.11285638487348154f,0.0904529278327485f,-0.9894855755592258f,-2.441837310989338f,0f,0f,0f,1f], start_interpolation: 0, interpolation_duration: 1 }
$data merge entity $(bone_head) { transformation: [-0.9936113105200084f,0.010273826725144097f,-0.11238777554135106f,4.066192044776336f,0f,0.9958477375236163f,0.0910345191072853f,0.4970590417529166f,0.11285638487348154f,0.0904529278327485f,-0.9894855755592258f,-2.379994462516886f,0f,0f,0f,1f], start_interpolation: 0, interpolation_duration: 1 }
$data merge entity $(item_display_r_item) { transformation: [-0.4347049483525037f,0.04936684458097939f,0.0008789391130945809f,3.7679223548757794f,0f,-0.007788120398149574f,0.437430674713907f,-0.25494812707843983f,0.04937466838214817f,0.4346360659641367f,0.007738364515293007f,-2.2370175051422505f,0f,0f,0f,1f], start_interpolation: 0, interpolation_duration: 1 }
$data merge entity $(bone_rightarm) { transformation: [-0.9936113105200084f,0.0020090036870733527f,-0.11283850189938147f,3.7550731694427775f,0f,0.999841542203216f,0.017801418052913534f,0.37217801405518436f,0.11285638487348154f,0.01768769032066995f,-0.9934538650608838f,-2.350144431824442f,0f,0f,0f,1f], start_interpolation: 0, interpolation_duration: 1 }
$data merge entity $(item_display_l_item) { transformation: [-0.4347049483525037f,0.04925559342432262f,0.0034270095221531596f,4.385257537321656f,0f,-0.030366111106562847f,0.4364448983505981f,-0.25999072961897374f,0.04937466838214817f,0.4336565874199096f,0.030172111451988094f,-2.339880806610377f,0f,0f,0f,1f], start_interpolation: 0, interpolation_duration: 1 }
$data merge entity $(bone_leftarm) { transformation: [-0.9936113105200084f,0.00783316462206439f,-0.11258421354130885f,4.376080238517782f,0f,0.9975883390870813f,0.06940825395785816f,0.37217801405518436f,0.11285638487348154f,0.068964826175973f,-0.9912150569597934f,-2.420679672370368f,0f,0f,0f,1f], start_interpolation: 0, interpolation_duration: 1 }
$data merge entity $(bone_body) { transformation: [-0.9936113105200084f,0.004922726368447838f,-0.1127489706020094f,4.0625f,0f,0.9990482215818578f,0.043619387365336f,-0.2522271244334767f,0.11285638487348154f,0.0433407166441514f,-0.9926656127186335f,-2.4124999999999996f,0f,0f,0f,1f], start_interpolation: 0, interpolation_duration: 1 }
$data merge entity $(bone_leftleg) { transformation: [-0.9936113105200084f,-0.005906446820475372f,-0.112701719120288f,4.186701413815001f,0f,0.9986295347545738f,-0.05233595624294395f,-0.18325000000000002f,0.11285638487348154f,-0.052001598069869356f,-0.9922496007514784f,-2.426607048109185f,0f,0f,0f,1f], start_interpolation: 0, interpolation_duration: 1 }
$data merge entity $(bone_rightleg) { transformation: [-0.9936113105200084f,0.008736786459392886f,-0.11251769713726975f,3.938298586184999f,0f,0.9969989492699817f,0.07741508350801174f,-0.25749999999999995f,0.11285638487348154f,0.07692050257841143f,-0.9906294325712178f,-2.3983929518908145f,0f,0f,0f,1f], start_interpolation: 0, interpolation_duration: 1 }
data modify entity @s data merge value {"locators":{},"cameras":{"camera":{"posx":6.125,"posy":0.3514146142886221,"posz":-0.19574343578261658,"roty":127.85115151159737,"rotx":-0.8986933730504283}}}