# This file was generated by Animated Java via MC-Build. It is not recommended to edit this file directly.
$data merge entity $(bone_left_eye) { transformation: [-0.9935387818955599f,0.008595502446867305f,-0.11316716046262279f,4.220845888821656f,0f,0.9971279131746841f,0.07573588824262745f,0.7198618930214578f,0.11349312256470484f,0.07524654215035834f,-0.9906852522496373f,-2.094664812692385f,0f,0f,0f,1f], start_interpolation: 0, interpolation_duration: 1 }
$data merge entity $(bone_right_eye) { transformation: [-0.9935387818955599f,0.008595502446867305f,-0.11316716046262279f,3.9724611933477663f,0f,0.9971279131746841f,0.07573588824262745f,0.7198618930214578f,0.11349312256470484f,0.07524654215035834f,-0.9906852522496373f,-2.0662915320512085f,0f,0f,0f,1f], start_interpolation: 0, interpolation_duration: 1 }
$data merge entity $(bone_right_close) { transformation: [-0.9935387818955599f,0.008595502446867305f,-0.11316716046262279f,3.9729984122506954f,0f,0.9971279131746841f,0.07573588824262745f,0.7821823875948756f,0.11349312256470484f,0.07524654215035834f,-0.9906852522496373f,-2.061588623166811f,0f,0f,0f,1f], start_interpolation: 0, interpolation_duration: 1 }
$data merge entity $(bone_left_close) { transformation: [-0.9935387818955599f,0.008595502446867305f,-0.11316716046262279f,4.221383107724585f,0f,0.9971279131746841f,0.07573588824262745f,0.7821823875948756f,0.11349312256470484f,0.07524654215035834f,-0.9906852522496373f,-2.0899619038079873f,0f,0f,0f,1f], start_interpolation: 0, interpolation_duration: 1 }
$data merge entity $(bone_left_eyebrow) { transformation: [-0.9935387818955599f,0.008595502446867305f,-0.11316716046262279f,4.221175293110942f,0f,0.9971279131746841f,0.07573588824262745f,0.7572494562724934f,0.11349312256470484f,0.07524654215035834f,-0.9906852522496373f,-2.0917811495334804f,0f,0f,0f,1f], start_interpolation: 0, interpolation_duration: 1 }
$data merge entity $(bone_right_eyebrow) { transformation: [-0.9935387818955599f,0.008595502446867305f,-0.11316716046262279f,3.9727905976370526f,0f,0.9971279131746841f,0.07573588824262745f,0.7572494562724934f,0.11349312256470484f,0.07524654215035834f,-0.9906852522496373f,-2.063407868892304f,0f,0f,0f,1f], start_interpolation: 0, interpolation_duration: 1 }
$data merge entity $(bone_talking) { transformation: [-0.9935387818955599f,0.008595502446867305f,-0.11316716046262279f,4.059139927828425f,0f,0.9971279131746841f,0.07573588824262745f,0.4942473798036079f,0.11349312256470484f,0.07524654215035834f,-0.9906852522496373f,-2.408878949237398f,0f,0f,0f,1f], start_interpolation: 0, interpolation_duration: 1 }
$data merge entity $(bone_m_opened) { transformation: [-0.9935387818955599f,0.008595502446867305f,-0.11316716046262279f,4.059139927828425f,0f,0.9971279131746841f,0.07573588824262745f,0.4942473798036079f,0.11349312256470484f,0.07524654215035834f,-0.9906852522496373f,-2.408878949237398f,0f,0f,0f,1f], start_interpolation: 0, interpolation_duration: 1 }
$data merge entity $(bone_head) { transformation: [-0.9935387818955599f,0.008595502446867305f,-0.11316716046262279f,4.066212875357339f,0f,0.9971279131746841f,0.07573588824262745f,0.48951388678844365f,0.11349312256470484f,0.07524654215035834f,-0.9906852522496373f,-2.3469611209717955f,0f,0f,0f,1f], start_interpolation: 0, interpolation_duration: 1 }
$data merge entity $(item_display_r_item) { transformation: [-0.43467321707930745f,0.04965317628478597f,0.0000802418670980068f,3.7691851840123616f,0f,-0.0007070196438754175f,0.4374994287118821f,-0.26056833039594174f,0.049653241122058364f,0.4346726494824067f,0.0007024514357522147f,-2.1937230307787465f,0f,0f,0f,1f], start_interpolation: 0, interpolation_duration: 1 }
$data merge entity $(bone_rightarm) { transformation: [-0.9935387818955599f,0.00018340998193832649f,-0.11349297436522508f,3.75511319345542f,0f,0.9999986941985876f,0.0016160449002868907f,0.3646328590907114f,0.11349312256470484f,0.0016056032817195684f,-0.9935374845312153f,-2.316911714294074f,0f,0f,0f,1f], start_interpolation: 0, interpolation_duration: 1 }
$data merge entity $(item_display_l_item) { transformation: [-0.43467321707930745f,0.049471224497844975f,0.004247622936312889f,4.3841415349447965f,0f,-0.0374262584403846f,0.4358962321231436f,-0.2687692606396036f,0.049653241122058364f,0.4330798114964924f,0.037184439221768145f,-2.3172284543576853f,0f,0f,0f,1f], start_interpolation: 0, interpolation_duration: 1 }
$data merge entity $(bone_leftarm) { transformation: [-0.9935387818955599f,0.009708852425858058f,-0.1130770845665028f,4.376074932140145f,0f,0.9963342448528997f,0.08554573357802217f,0.3646328590907114f,0.11349312256470484f,0.08499300393547027f,-0.9898967119919826f,-2.387844915897014f,0f,0f,0f,1f], start_interpolation: 0, interpolation_duration: 1 }
$data merge entity $(bone_body) { transformation: [-0.9935387818955599f,0.0049505004764514166f,-0.11338510226004019f,4.0625f,0f,0.9990482215818578f,0.043619387365336f,-0.25977227939794967f,0.11349312256470484f,0.043337552989986504f,-0.9925931531253644f,-2.3794642857142856f,0f,0f,0f,1f], start_interpolation: 0, interpolation_duration: 1 }
$data merge entity $(bone_leftleg) { transformation: [-0.9935387818955599f,-0.009891577393877854f,-0.11306124696883561f,4.186692347736945f,0f,0.9961946980917455f,-0.08715574274765818f,-0.1875f,0.11349312256470484f,-0.08659261048471109f,-0.9897580668728879f,-2.3936509260348737f,0f,0f,0f,1f], start_interpolation: 0, interpolation_duration: 1 }
$data merge entity $(bone_rightleg) { transformation: [-0.9935387818955599f,0.01426813028384481f,-0.11259266995542093f,3.938307652263055f,0f,0.9920660160815423f,0.12571801675216263f,-0.2569444444444444f,0.11349312256470484f,0.12490572522626925f,-0.9856560611776365f,-2.3652776453936974f,0f,0f,0f,1f], start_interpolation: 0, interpolation_duration: 1 }
data modify entity @s data merge value {"locators":{},"cameras":{"camera":{"posx":6.125,"posy":0.356231778425656,"posz":-0.13939504373177694,"roty":127.84944923206606,"rotx":-1.032537127409965}}}