# This file was generated by Animated Java via MC-Build. It is not recommended to edit this file directly.
$data merge entity $(bone_left_eye) { transformation: [-0.9934733564110731f,0.007027579243991283f,-0.11384771948214982f,4.220634559063993f,0f,0.9981002611958285f,0.0616106208442923f,0.7102824987526263f,0.11406441207193789f,0.0612085102807491f,-0.9915860165249885f,-2.064986966858303f,0f,0f,0f,1f], start_interpolation: 0, interpolation_duration: 1 }
$data merge entity $(bone_right_eye) { transformation: [-0.9934733564110731f,0.007027579243991283f,-0.11384771948214982f,3.9722662199612246f,0f,0.9981002611958285f,0.0616106208442923f,0.7102824987526263f,0.11406441207193789f,0.0612085102807491f,-0.9915860165249885f,-2.036470863840319f,0f,0f,0f,1f], start_interpolation: 0, interpolation_duration: 1 }
$data merge entity $(bone_right_close) { transformation: [-0.9934733564110731f,0.007027579243991283f,-0.11384771948214982f,3.9727054436639744f,0f,0.9981002611958285f,0.0616106208442923f,0.7726637650773656f,0.11406441207193789f,0.0612085102807491f,-0.9915860165249885f,-2.032645331947772f,0f,0f,0f,1f], start_interpolation: 0, interpolation_duration: 1 }
$data merge entity $(bone_left_close) { transformation: [-0.9934733564110731f,0.007027579243991283f,-0.11384771948214982f,4.221073782766743f,0f,0.9981002611958285f,0.0616106208442923f,0.7726637650773656f,0.11406441207193789f,0.0612085102807491f,-0.9915860165249885f,-2.061161434965756f,0f,0f,0f,1f], start_interpolation: 0, interpolation_duration: 1 }
$data merge entity $(bone_left_eyebrow) { transformation: [-0.9934733564110731f,0.007027579243991283f,-0.11384771948214982f,4.2209052087681105f,0f,0.9981002611958285f,0.0616106208442923f,0.7477074078836672f,0.11406441207193789f,0.0612085102807491f,-0.9915860165249885f,-2.0626296735967418f,0f,0f,0f,1f], start_interpolation: 0, interpolation_duration: 1 }
$data merge entity $(bone_right_eyebrow) { transformation: [-0.9934733564110731f,0.007027579243991283f,-0.11384771948214982f,3.9725368696653423f,0f,0.9981002611958285f,0.0616106208442923f,0.7477074078836672f,0.11406441207193789f,0.0612085102807491f,-0.9915860165249885f,-2.0341135705787576f,0f,0f,0f,1f], start_interpolation: 0, interpolation_duration: 1 }
$data merge entity $(bone_talking) { transformation: [-0.9934733564110731f,0.007027579243991283f,-0.11384771948214982f,4.059116082363439f,0f,0.9981002611958285f,0.0616106208442923f,0.4800107524675105f,0.11406441207193789f,0.0612085102807491f,-0.9915860165249885f,-2.375901673083557f,0f,0f,0f,1f], start_interpolation: 0, interpolation_duration: 1 }
$data merge entity $(bone_m_opened) { transformation: [-0.9934733564110731f,0.007027579243991283f,-0.11384771948214982f,4.059116082363439f,0f,0.9981002611958285f,0.0616106208442923f,0.4800107524675105f,0.11406441207193789f,0.0612085102807491f,-0.9915860165249885f,-2.375901673083557f,0f,0f,0f,1f], start_interpolation: 0, interpolation_duration: 1 }
$data merge entity $(bone_head) { transformation: [-0.9934733564110731f,0.007027579243991283f,-0.11384771948214982f,4.066231564831074f,0f,0.9981002611958285f,0.0616106208442923f,0.47616008866474224f,0.11406441207193789f,0.0612085102807491f,-0.9915860165249885f,-2.313927547050745f,0f,0f,0f,1f], start_interpolation: 0, interpolation_duration: 1 }
$data merge entity $(item_display_r_item) { transformation: [-0.4346445934298445f,0.04989895127613586f,-0.0006496643340968265f,3.7703341486083737f,0f,0.005695591835314051f,0.43746292441033846f,-0.2720406619519552f,0.04990318028147283f,0.4346077598193425f,-0.005658418737376952f,-2.15144215467279f,0f,0f,0f,1f], start_interpolation: 0, interpolation_duration: 1 }
$data merge entity $(bone_rightarm) { transformation: [-0.9934733564110731f,-0.0014849470493641494f,-0.11405474577402483f,3.755149213480768f,0f,0.9999152557950594f,-0.013018495623574752f,0.35127906096701f,0.11406441207193789f,-0.012933528542575672f,-0.9933891653013543f,-2.283699255674569f,0f,0f,0f,1f], start_interpolation: 0, interpolation_duration: 1 }
$data merge entity $(item_display_l_item) { transformation: [-0.4346445934298445f,0.04965244872405002f,0.004996172325967368f,4.3831190861217495f,0f,-0.04380132449037999f,0.435301842372495f,-0.2830953779909485f,0.04990318028147283f,0.4324607823937265f,0.04351544885670834f,-2.2935942166166203f,0f,0f,0f,1f], start_interpolation: 0, interpolation_duration: 1 }
$data merge entity $(bone_leftarm) { transformation: [-0.9934733564110731f,0.01141982245935401f,-0.11349131136925719f,4.376070061237689f,0f,0.99497563970856f,0.10011731312086877f,0.35127906096701f,0.11406441207193789f,0.09946388310104787f,-0.9884817883285176f,-2.35498951321953f,0f,0f,0f,1f], start_interpolation: 0, interpolation_duration: 1 }
$data merge entity $(bone_body) { transformation: [-0.9934733564110731f,0.004975419774765167f,-0.11395584802624974f,4.0625f,0f,0.9990482215818578f,0.043619387365336f,-0.2731260775216511f,0.11406441207193789f,0.043334699170435115f,-0.9925277899114417f,-2.3464285714285715f,0f,0f,0f,1f], start_interpolation: 0, interpolation_duration: 1 }
$data merge entity $(bone_leftleg) { transformation: [-0.9934733564110731f,-0.013900955005101235f,-0.11321419324123191f,4.186684169551384f,0f,0.9925461516413221f,-0.12186934340514737f,-0.19774999999999998f,0.11406441207193789f,-0.12107394563632544f,-0.9860681566639983f,-2.3606866229375636f,0f,0f,0f,1f], start_interpolation: 0, interpolation_duration: 1 }
$data merge entity $(bone_rightleg) { transformation: [-0.9934733564110731f,0.01929277060728638f,-0.11242099049381961f,3.938315830448616f,0f,0.9855921619349441f,0.16913926313072003f,-0.25611111111111107f,0.11406441207193789f,0.16803535144337212f,-0.9791595531699548f,-2.3321705199195795f,0f,0f,0f,1f], start_interpolation: 0, interpolation_duration: 1 }
data modify entity @s data merge value {"locators":{},"cameras":{"camera":{"posx":6.125,"posy":0.361028766425008,"posz":-0.08359140739835183,"roty":127.84647267844642,"rotx":-1.1739114248237497}}}