# This file was generated by Animated Java via MC-Build. It is not recommended to edit this file directly.
$data merge entity $(bone_left_eye) { transformation: [-0.9934153436700639f,0.0057677502073003595f,-0.11442328442425906f,4.220472734418459f,0f,0.9987319761658563f,0.05034321983984962f,0.697009432789546f,0.11456856008909555f,0.050011727038661795f,-0.9921556693370862f,-2.034672951542398f,0f,0f,0f,1f], start_interpolation: 0, interpolation_duration: 1 }
$data merge entity $(bone_right_eye) { transformation: [-0.9934153436700639f,0.0057677502073003595f,-0.11442328442425906f,3.972118898500943f,0f,0.9987319761658563f,0.05034321983984962f,0.697009432789546f,0.11456856008909555f,0.050011727038661795f,-0.9921556693370862f,-2.0060308115201235f,0f,0f,0f,1f], start_interpolation: 0, interpolation_duration: 1 }
$data merge entity $(bone_right_close) { transformation: [-0.9934153436700639f,0.0057677502073003595f,-0.11442328442425906f,3.972479382888899f,0f,0.9987319761658563f,0.05034321983984962f,0.759430181299912f,0.11456856008909555f,0.050011727038661795f,-0.9921556693370862f,-2.002905078580207f,0f,0f,0f,1f], start_interpolation: 0, interpolation_duration: 1 }
$data merge entity $(bone_left_close) { transformation: [-0.9934153436700639f,0.0057677502073003595f,-0.11442328442425906f,4.2208332188064155f,0f,0.9987319761658563f,0.05034321983984962f,0.759430181299912f,0.11456856008909555f,0.050011727038661795f,-0.9921556693370862f,-2.031547218602481f,0f,0f,0f,1f], start_interpolation: 0, interpolation_duration: 1 }
$data merge entity $(bone_left_eyebrow) { transformation: [-0.9934153436700639f,0.0057677502073003595f,-0.11442328442425906f,4.220696176506509f,0f,0.9987319761658563f,0.05034321983984962f,0.7344587354445257f,0.11456856008909555f,0.050011727038661795f,-0.9921556693370862f,-2.032735502049114f,0f,0f,0f,1f], start_interpolation: 0, interpolation_duration: 1 }
$data merge entity $(bone_right_eyebrow) { transformation: [-0.9934153436700639f,0.0057677502073003595f,-0.11442328442425906f,3.9723423405889937f,0f,0.9987319761658563f,0.05034321983984962f,0.7344587354445257f,0.11456856008909555f,0.050011727038661795f,-0.9921556693370862f,-2.00409336202684f,0f,0f,0f,1f], start_interpolation: 0, interpolation_duration: 1 }
$data merge entity $(bone_talking) { transformation: [-0.9934153436700639f,0.0057677502073003595f,-0.11442328442425906f,4.059096602525295f,0f,0.9987319761658563f,0.05034321983984962f,0.46305869494803487f,0.11456856008909555f,0.050011727038661795f,-0.9921556693370862f,-2.3429034599587655f,0f,0f,0f,1f], start_interpolation: 0, interpolation_duration: 1 }
$data merge entity $(bone_m_opened) { transformation: [-0.9934153436700639f,0.0057677502073003595f,-0.11442328442425906f,4.059096602525295f,0f,0.9987319761658563f,0.05034321983984962f,0.46305869494803487f,0.11456856008909555f,0.050011727038661795f,-0.9921556693370862f,-2.3429034599587655f,0f,0f,0f,1f], start_interpolation: 0, interpolation_duration: 1 }
$data merge entity $(bone_head) { transformation: [-0.9934153436700639f,0.0057677502073003595f,-0.11442328442425906f,4.066248057801811f,0f,0.9987319761658563f,0.05034321983984962f,0.4599122437080443f,0.11456856008909555f,0.050011727038661795f,-0.9921556693370862f,-2.2808937306251975f,0f,0f,0f,1f], start_interpolation: 0, interpolation_duration: 1 }
$data merge entity $(item_display_r_item) { transformation: [-0.43461921285565297f,0.050107472681989534f,-0.0012771053818206558f,3.771321943630641f,0f,0.011147084163644023f,0.4373579683904806f,-0.28658100050076196f,0.0501237450389793f,0.43447811647547024f,-0.011073684445345554f,-2.1105514227687183f,0f,0f,0f,1f], start_interpolation: 0, interpolation_duration: 1 }
$data merge entity $(bone_rightarm) { transformation: [-0.9934153436700639f,-0.002919098015590045f,-0.1145313661302618f,3.7551810866046145f,0f,0.9996753563210985f,-0.0254790495169004f,0.33503121601031205f,0.11456856008909555f,-0.02531127873221819f,-0.9930928376582177f,-2.2505075766836318f,0f,0f,0f,1f], start_interpolation: 0, interpolation_duration: 1 }
$data merge entity $(item_display_l_item) { transformation: [-0.43461921285565297f,0.04980549155245534f,0.005639399609080938f,4.382239531686134f,0f,-0.049222924724683585f,0.434722156879021f,-0.30006412945248473f,0.0501237450389793f,0.4318596608769641f,0.04889880868181723f,-2.2685798931770655f,0f,0f,0f,1f], start_interpolation: 0, interpolation_duration: 1 }
$data merge entity $(bone_leftarm) { transformation: [-0.9934153436700639f,0.012890056249327885f,-0.11384112354846934f,4.3760656763984045f,0f,0.9936506442949051f,0.11250954222784841f,0.33503121601031205f,0.11456856008909555f,0.1117687055584396f,-0.9871077962902036f,-2.322112926739316f,0f,0f,0f,1f], start_interpolation: 0, interpolation_duration: 1 }
$data merge entity $(bone_body) { transformation: [-0.9934153436700639f,0.004997410402415033f,-0.11445951620620512f,4.0625f,0f,0.9990482215818578f,0.043619387365336f,-0.28937392247834903f,0.11456856008909555f,0.043332168690212905f,-0.9924698323857074f,-2.313392857142857f,0f,0f,0f,1f], start_interpolation: 0, interpolation_duration: 1 }
$data merge entity $(bone_leftleg) { transformation: [-0.9934153436700639f,-0.01792247140796718f,-0.11315803099877311f,4.186676917958758f,0f,0.9876883405951378f,-0.15643446504023062f,-0.21324999999999994f,0.11456856008909555f,-0.1554043978497833f,-0.9811847523112339f,-2.327713927153994f,0f,0f,0f,1f], start_interpolation: 0, interpolation_duration: 1 }
$data merge entity $(bone_rightleg) { transformation: [-0.9934153436700639f,0.02358538266295008f,-0.11211460513925432f,3.938323082041242f,0f,0.9785809043254722f,0.205862608769881f,-0.255f,0.11456856008909555f,0.20450707423994724f,-0.9721372853794509f,-2.29907178713172f,0f,0f,0f,1f], start_interpolation: 0, interpolation_duration: 1 }
data modify entity @s data merge value {"locators":{},"cameras":{"camera":{"posx":6.125,"posy":0.3658043543665612,"posz":-0.02835388975164857,"roty":127.84203841058644,"rotx":-1.3221511387253424}}}