# This file was generated by Animated Java via MC-Build. It is not recommended to edit this file directly.
$data merge entity $(bone_left_eye) { transformation: [-0.9933650433542252f,0.0050163984539622055f,-0.1148944140870631f,4.220410632395006f,0f,0.9990482215818578f,0.043619387365336f,0.6854156541384735f,0.11500387229071217f,0.04332997462125174f,-0.9924195799446237f,-2.0032977572860733f,0f,0f,0f,1f], start_interpolation: 0, interpolation_duration: 1 }
$data merge entity $(bone_right_eye) { transformation: [-0.9933650433542252f,0.0050163984539622055f,-0.1148944140870631f,3.97206937155645f,0f,0.9990482215818578f,0.043619387365336f,0.6854156541384735f,0.11500387229071217f,0.04332997462125174f,-0.9924195799446237f,-1.9745467892133954f,0f,0f,0f,1f], start_interpolation: 0, interpolation_duration: 1 }
$data merge entity $(bone_right_close) { transformation: [-0.9933650433542252f,0.0050163984539622055f,-0.1148944140870631f,3.9723828964598225f,0f,0.9990482215818578f,0.043619387365336f,0.7478561679873394f,0.11500387229071217f,0.04332997462125174f,-0.9924195799446237f,-1.9718386657995672f,0f,0f,0f,1f], start_interpolation: 0, interpolation_duration: 1 }
$data merge entity $(bone_left_close) { transformation: [-0.9933650433542252f,0.0050163984539622055f,-0.1148944140870631f,4.2207241572983785f,0f,0.9990482215818578f,0.043619387365336f,0.7478561679873394f,0.11500387229071217f,0.04332997462125174f,-0.9924195799446237f,-2.000589633872245f,0f,0f,0f,1f], start_interpolation: 0, interpolation_duration: 1 }
$data merge entity $(bone_left_eyebrow) { transformation: [-0.9933650433542252f,0.0050163984539622055f,-0.1148944140870631f,4.2206059282379105f,0f,0.9990482215818578f,0.043619387365336f,0.7228772362360828f,0.11500387229071217f,0.04332997462125174f,-0.9924195799446237f,-2.00161085701403f,0f,0f,0f,1f], start_interpolation: 0, interpolation_duration: 1 }
$data merge entity $(bone_right_eyebrow) { transformation: [-0.9933650433542252f,0.0050163984539622055f,-0.1148944140870631f,3.9722646673993536f,0f,0.9990482215818578f,0.043619387365336f,0.7228772362360828f,0.11500387229071217f,0.04332997462125174f,-0.9924195799446237f,-1.9728598889413518f,0f,0f,0f,1f], start_interpolation: 0, interpolation_duration: 1 }
$data merge entity $(bone_talking) { transformation: [-0.9933650433542252f,0.0050163984539622055f,-0.1148944140870631f,4.05908139796003f,0f,0.9990482215818578f,0.043619387365336f,0.4492846572946765f,0.11500387229071217f,0.04332997462125174f,-0.9924195799446237f,-2.309885885637742f,0f,0f,0f,1f], start_interpolation: 0, interpolation_duration: 1 }
$data merge entity $(bone_m_opened) { transformation: [-0.9933650433542252f,0.0050163984539622055f,-0.1148944140870631f,4.05908139796003f,0f,0.9990482215818578f,0.043619387365336f,0.4492846572946765f,0.11500387229071217f,0.04332997462125174f,-0.9924195799446237f,-2.309885885637742f,0f,0f,0f,1f], start_interpolation: 0, interpolation_duration: 1 }
$data merge entity $(bone_head) { transformation: [-0.9933650433542252f,0.0050163984539622055f,-0.1148944140870631f,4.0662622988404715f,0f,0.9990482215818578f,0.043619387365336f,0.446558445584343f,0.11500387229071217f,0.04332997462125174f,-0.9924195799446237f,-2.2478596618912032f,0f,0f,0f,1f], start_interpolation: 0, interpolation_duration: 1 }
$data merge entity $(item_display_r_item) { transformation: [-0.4345972064674735f,0.05028311123531762f,-0.0017682915949840826f,3.772101407045599f,0f,0.015375930912257568f,0.43722972308453767f,-0.2985433491163695f,0.05031419412718657f,0.43432872282762763f,-0.01527391227726631f,-2.07142340313831f,0f,0f,0f,1f], start_interpolation: 0, interpolation_duration: 1 }
$data merge entity $(bone_rightarm) { transformation: [-0.9933650433542252f,-0.004041809359963592f,-0.11493282568072598f,3.755208672985531f,0f,0.999382224193229f,-0.03514498494230279f,0.32167741788661075f,0.11500387229071217f,-0.0349117994908942f,-0.9927513664631489f,-2.2173371986280124f,0f,0f,0f,1f], start_interpolation: 0, interpolation_duration: 1 }
$data merge entity $(item_display_l_item) { transformation: [-0.4345972064674735f,0.049937652048825616f,0.006144024618980539f,4.381552547640186f,0f,-0.053424502119801556f,0.434225831305844f,-0.3139093417273955f,0.05031419412718657f,0.4313447617406542f,0.053070032864414564f,-2.241787590975827f,0f,0f,0f,1f], start_interpolation: 0, interpolation_duration: 1 }
$data merge entity $(bone_leftarm) { transformation: [-0.9933650433542252f,0.014043484843384116f,-0.11414320468302998f,4.376061825081922f,0f,0.9925161858419292f,0.12211314770240378f,0.32167741788661075f,0.11500387229071217f,0.12130293226151923f,-0.9859308839786383f,-2.2892146188097073f,0f,0f,0f,1f], start_interpolation: 0, interpolation_duration: 1 }
$data merge entity $(bone_body) { transformation: [-0.9933650433542252f,0.0050163984539622055f,-0.1148944140870631f,4.0625f,0f,0.9990482215818578f,0.043619387365336f,-0.30272772060205033f,0.11500387229071217f,0.04332997462125174f,-0.9924195799446237f,-2.280357142857142f,0f,0f,0f,1f], start_interpolation: 0, interpolation_duration: 1 }
$data merge entity $(bone_leftleg) { transformation: [-0.9933650433542252f,-0.021943773336203273f,-0.11289092724230662f,4.186670630419278f,0f,0.9816271834476639f,-0.19080899537654503f,-0.22987500000000005f,0.11500387229071217f,-0.1895429859645978f,-0.9751141296431746f,-2.294732626893481f,0f,0f,0f,1f], start_interpolation: 0, interpolation_duration: 1 }
$data merge entity $(bone_rightleg) { transformation: [-0.9933650433542252f,0.02692952019782255f,-0.11180649168887065f,3.938329369580722f,0f,0.9721976265828769f,0.2341618561307992f,-0.2536111111111111f,0.11500387229071217f,0.2326082023672772f,-0.9657471374793744f,-2.2659816588208033f,0f,0f,0f,1f], start_interpolation: 0, interpolation_duration: 1 }
data modify entity @s data merge value {"locators":{},"cameras":{"camera":{"posx":6.125,"posy":0.3705573183301991,"posz":0.026296146239020185,"roty":127.83596334328917,"rotx":-1.4765909075171715}}}