# This file was generated by Animated Java via MC-Build. It is not recommended to edit this file directly.
$data merge entity $(bone_left_eye) { transformation: [-0.9933227440597964f,0.005393123792010778f,-0.11524252838809274f,4.220598488531724f,0f,0.9989067673477741f,0.046746873123450855f,0.6770532641759508f,0.115368653166778f,0.04643473228720135f,-0.9922368112017916f,-1.9695785271810695f,0f,0f,0f,1f], start_interpolation: 0, interpolation_duration: 1 }
$data merge entity $(bone_right_eye) { transformation: [-0.9933227440597964f,0.005393123792010778f,-0.11524252838809274f,3.9722678025167752f,0f,0.9989067673477741f,0.046746873123450855f,0.6770532641759508f,0.115368653166778f,0.04643473228720135f,-0.9922368112017916f,-1.940736363889375f,0f,0f,0f,1f], start_interpolation: 0, interpolation_duration: 1 }
$data merge entity $(bone_right_close) { transformation: [-0.9933227440597964f,0.005393123792010778f,-0.11524252838809274f,3.9726048727537764f,0f,0.9989067673477741f,0.046746873123450855f,0.7394849371351868f,0.115368653166778f,0.04643473228720135f,-0.9922368112017916f,-1.9378341931214251f,0f,0f,0f,1f], start_interpolation: 0, interpolation_duration: 1 }
$data merge entity $(bone_left_close) { transformation: [-0.9933227440597964f,0.005393123792010778f,-0.11524252838809274f,4.220935558768725f,0f,0.9989067673477741f,0.046746873123450855f,0.7394849371351868f,0.115368653166778f,0.04643473228720135f,-0.9922368112017916f,-1.9666763564131196f,0f,0f,0f,1f], start_interpolation: 0, interpolation_duration: 1 }
$data merge entity $(bone_left_eyebrow) { transformation: [-0.9933227440597964f,0.005393123792010778f,-0.11524252838809274f,4.220807933331949f,0f,0.9989067673477741f,0.046746873123450855f,0.7145093462719223f,0.115368653166778f,0.04643473228720135f,-0.9922368112017916f,-1.9677752099195995f,0f,0f,0f,1f], start_interpolation: 0, interpolation_duration: 1 }
$data merge entity $(bone_right_eyebrow) { transformation: [-0.9933227440597964f,0.005393123792010778f,-0.11524252838809274f,3.972477247317f,0f,0.9989067673477741f,0.046746873123450855f,0.7145093462719223f,0.115368653166778f,0.04643473228720135f,-0.9922368112017916f,-1.9389330466279049f,0f,0f,0f,1f], start_interpolation: 0, interpolation_duration: 1 }
$data merge entity $(bone_talking) { transformation: [-0.9933227440597964f,0.005393123792010778f,-0.11524252838809274f,4.059071574454968f,0f,0.9989067673477741f,0.046746873123450855f,0.4419349701900857f,0.115368653166778f,0.04643473228720135f,-0.9922368112017916f,-2.2768401321075826f,0f,0f,0f,1f], start_interpolation: 0, interpolation_duration: 1 }
$data merge entity $(bone_m_opened) { transformation: [-0.9933227440597964f,0.005393123792010778f,-0.11524252838809274f,4.059071574454968f,0f,0.9989067673477741f,0.046746873123450855f,0.4419349701900857f,0.115368653166778f,0.04643473228720135f,-0.9922368112017916f,-2.2768401321075826f,0f,0f,0f,1f], start_interpolation: 0, interpolation_duration: 1 }
$data merge entity $(bone_head) { transformation: [-0.9933227440597964f,0.005393123792010778f,-0.11524252838809274f,4.066274232479224f,0f,0.9989067673477741f,0.046746873123450855f,0.43901329061987004f,0.115368653166778f,0.04643473228720135f,-0.9922368112017916f,-2.2148253314074706f,0f,0f,0f,1f], start_interpolation: 0, interpolation_duration: 1 }
$data merge entity $(item_display_r_item) { transformation: [-0.43457870052616093f,0.050430516955559855f,-0.0020894996023802454f,3.7726255547761323f,0f,0.018111502085056373f,0.4371249518069439f,-0.30515723906348025f,0.05047378576046537f,0.43420615662587975f,-0.017990566950172926f,-2.0344289316649187f,0f,0f,0f,1f], start_interpolation: 0, interpolation_duration: 1 }
$data merge entity $(bone_rightarm) { transformation: [-0.9933227440597964f,-0.004775999091154821f,-0.11526975304127966f,3.7552318362140005f,0f,0.9991427469873003f,-0.0413977190515572f,0.3141322629221378f,0.115368653166778f,-0.04112129588610932f,-0.992471215144868f,-2.1841886434868454f,0f,0f,0f,1f], start_interpolation: 0, interpolation_duration: 1 }
$data merge entity $(item_display_l_item) { transformation: [-0.43457870052616093f,0.05005650172333821f,0.0064768575879661765f,4.381107755189518f,0f,-0.05614053219987904f,0.43388303797718847f,-0.321740800530954f,0.05047378576046537f,0.4309858898845017f,0.0557656674977612f,-2.2128204653173116f,0f,0f,0f,1f], start_interpolation: 0, interpolation_duration: 1 }
$data merge entity $(bone_leftarm) { transformation: [-0.9933227440597964f,0.014804245915351287f,-0.11441486108191591f,4.376058551251373f,0f,0.9917326582335736f,0.1283212164568666f,0.3141322629221378f,0.115368653166778f,0.12746438285202583f,-0.9851106054502896f,-2.2562940517160817f,0f,0f,0f,1f], start_interpolation: 0, interpolation_duration: 1 }
$data merge entity $(bone_body) { transformation: [-0.9933227440597964f,0.005032309972298787f,-0.11525884777256372f,4.0625f,0f,0.9990482215818578f,0.043619387365336f,-0.3102728755665233f,0.115368653166778f,0.04332812955194277f,-0.9923773209097505f,-2.2473214285714276f,0f,0f,0f,1f], start_interpolation: 0, interpolation_duration: 1 }
$data merge entity $(bone_leftleg) { transformation: [-0.9933227440597964f,-0.0259523001680984f,-0.1124117620602988f,4.1866653430074745f,0f,0.9743700647852352f,-0.2249510543438651f,-0.24350000000000005f,0.115368653166778f,-0.22344899857999245f,-0.9678639464821914f,-2.261742510217275f,0f,0f,0f,1f], start_interpolation: 0, interpolation_duration: 1 }
$data merge entity $(bone_rightleg) { transformation: [-0.9933227440597964f,0.029115541733347308f,-0.11163427503723947f,3.9383346569925255f,0f,0.9676309116295214f,0.2523696076373329f,-0.2519444444444444f,0.115368653166778f,0.25068447117560966f,-0.9611697923769186f,-2.23290034692558f,0f,0f,0f,1f], start_interpolation: 0, interpolation_duration: 1 }
data modify entity @s data merge value {"locators":{},"cameras":{"camera":{"posx":6.125,"posy":0.3752864343958048,"posz":0.08033733760434533,"roty":127.82806488106745,"rotx":-1.6365651231202811}}}