# This file was generated by Animated Java via MC-Build. It is not recommended to edit this file directly.
$data merge entity $(bone_left_eye) { transformation: [-0.9932887221044943f,0.007927149279405413f,-0.11538923192535275f,4.221273988770276f,0f,0.9976485293539166f,0.06853766758482212f,0.6690638816286669f,0.11566120585581331f,0.06807769225135059f,-0.9909530328313799f,-1.931490699595686f,0f,0f,0f,1f], start_interpolation: 0, interpolation_duration: 1 }
$data merge entity $(bone_right_eye) { transformation: [-0.9932887221044943f,0.007927149279405413f,-0.11538923192535275f,3.9729518082441526f,0f,0.9976485293539166f,0.06853766758482212f,0.6690638816286669f,0.11566120585581331f,0.06807769225135059f,-0.9909530328313799f,-1.9025753981317326f,0f,0f,0f,1f], start_interpolation: 0, interpolation_duration: 1 }
$data merge entity $(bone_right_close) { transformation: [-0.9932887221044943f,0.007927149279405413f,-0.11538923192535275f,3.973447255074115f,0f,0.9976485293539166f,0.06853766758482212f,0.7314169147132867f,0.11566120585581331f,0.06807769225135059f,-0.9909530328313799f,-1.8983205423660232f,0f,0f,0f,1f], start_interpolation: 0, interpolation_duration: 1 }
$data merge entity $(bone_left_close) { transformation: [-0.9932887221044943f,0.007927149279405413f,-0.11538923192535275f,4.221769435600239f,0f,0.9976485293539166f,0.06853766758482212f,0.7314169147132867f,0.11566120585581331f,0.06807769225135059f,-0.9909530328313799f,-1.9272358438299766f,0f,0f,0f,1f], start_interpolation: 0, interpolation_duration: 1 }
$data merge entity $(bone_left_eyebrow) { transformation: [-0.9932887221044943f,0.007927149279405413f,-0.11538923192535275f,4.221578468695249f,0f,0.9976485293539166f,0.06853766758482212f,0.7064714178752148f,0.11566120585581331f,0.06807769225135059f,-0.9909530328313799f,-1.9288758515717084f,0f,0f,0f,1f], start_interpolation: 0, interpolation_duration: 1 }
$data merge entity $(bone_right_eyebrow) { transformation: [-0.9932887221044943f,0.007927149279405413f,-0.11538923192535275f,3.9732562881691256f,0f,0.9976485293539166f,0.06853766758482212f,0.7064714178752148f,0.11566120585581331f,0.06807769225135059f,-0.9909530328313799f,-1.899960550107755f,0f,0f,0f,1f], start_interpolation: 0, interpolation_duration: 1 }
$data merge entity $(bone_talking) { transformation: [-0.9932887221044943f,0.007927149279405413f,-0.11538923192535275f,4.05907197621069f,0f,0.9976485293539166f,0.06853766758482212f,0.4410697704104447f,0.11566120585581331f,0.06807769225135059f,-0.9909530328313799f,-2.243725294686353f,0f,0f,0f,1f], start_interpolation: 0, interpolation_duration: 1 }
$data merge entity $(bone_m_opened) { transformation: [-0.9932887221044943f,0.007927149279405413f,-0.11538923192535275f,4.05907197621069f,0f,0.9976485293539166f,0.06853766758482212f,0.4410697704104447f,0.11566120585581331f,0.06807769225135059f,-0.9909530328313799f,-2.243725294686353f,0f,0f,0f,1f], start_interpolation: 0, interpolation_duration: 1 }
$data merge entity $(bone_head) { transformation: [-0.9932887221044943f,0.007927149279405413f,-0.11538923192535275f,4.066283803206025f,0f,0.9976485293539166f,0.06853766758482212f,0.4367861661863933f,0.11566120585581331f,0.06807769225135059f,-0.9909530328313799f,-2.181790730134392f,0f,0f,0f,1f], start_interpolation: 0, interpolation_duration: 1 }
$data merge entity $(item_display_r_item) { transformation: [-0.43456381592071625f,0.05055361588211525f,-0.0022072185368478946f,3.7728475032710866f,0f,0.019083481972334605f,0.4370835969420628f,-0.307047576579333f,0.050601777561918325f,0.4341502074594174f,-0.018955407421604387f,-1.999940364119926f,0f,0f,0f,1f], start_interpolation: 0, interpolation_duration: 1 }
$data merge entity $(bone_rightarm) { transformation: [-0.9932887221044943f,-0.00504507094136659f,-0.11555112201626344f,3.7552504436806995f,0f,0.9990482215818578f,-0.043619387365336014f,0.3119051384886611f,0.11566120585581331f,-0.04332664553509552f,-0.9923433313358112f,-2.151062433996337f,0f,0f,0f,1f], start_interpolation: 0, interpolation_duration: 1 }
$data merge entity $(item_display_l_item) { transformation: [-0.43456381592071625f,0.050168872340144506f,0.006604857344723234f,4.380954348029302f,0f,-0.05710520909627248f,0.43375712685104206f,-0.3240636738974769f,0.050601777561918325f,0.4308460622335886f,0.056721960168746435f,-2.181283184401976f,0f,0f,0f,1f], start_interpolation: 0, interpolation_duration: 1 }
$data merge entity $(bone_leftarm) { transformation: [-0.9932887221044943f,0.015096816787938845f,-0.11467170820604458f,4.376055894996009f,0f,0.9914448613738104f,0.1305261922200516f,0.3119051384886611f,0.11566120585581331f,0.12965019467142064f,-0.9847909993910597f,-2.2233506876562203f,0f,0f,0f,1f], start_interpolation: 0, interpolation_duration: 1 }
$data merge entity $(bone_body) { transformation: [-0.9932887221044943f,0.005045070941366589f,-0.11555112201626344f,4.0625f,0f,0.9990482215818578f,0.043619387365336f,-0.3125f,0.11566120585581331f,0.04332664553509552f,-0.9923433313358112f,-2.2142857142857135f,0f,0f,0f,1f], start_interpolation: 0, interpolation_duration: 1 }
$data merge entity $(bone_leftleg) { transformation: [-0.9932887221044943f,-0.029935322855007683f,-0.1117201458358665f,4.186661090263062f,0f,0.9659258262890683f,-0.25881904510252074f,-0.25f,0.11566120585581331f,-0.2570820385661883f,-0.9594432296423964f,-2.22874336501769f,0f,0f,0f,1f], start_interpolation: 0, interpolation_duration: 1 }
$data merge entity $(bone_rightleg) { transformation: [-0.9932887221044943f,0.029935322855007683f,-0.1117201458358665f,3.938338909736938f,0f,0.9659258262890683f,0.25881904510252074f,-0.25f,0.11566120585581331f,0.2570820385661883f,-0.9594432296423964f,-2.199828063553737f,0f,0f,0f,1f], start_interpolation: 0, interpolation_duration: 1 }
data modify entity @s data merge value {"locators":{},"cameras":{"camera":{"posx":6.125,"posy":0.3799904786432615,"posz":0.133748321375016,"roty":127.81816104383809,"rotx":-1.801407922115616}}}
execute on vehicle unless entity @s[tag=aj.transforms_only] at @s run function animated_java:humanentity/animations/000_mur_0/zzz/frames/zzz/7