# This file was generated by Animated Java via MC-Build. It is not recommended to edit this file directly.
$data merge entity $(bone_left_eye) { transformation: [-0.9932632403048997f,0.00938246033919953f,-0.11549937184675253f,4.221669318543726f,0f,0.9967167700908108f,0.08096715519111308f,0.6677979998906352f,0.11587983197697113f,0.08042169892339465f,-0.9900021287266324f,-1.8956348715586577f,0f,0f,0f,1f], start_interpolation: 0, interpolation_duration: 1 }
$data merge entity $(bone_right_eye) { transformation: [-0.9932632403048997f,0.00938246033919953f,-0.11549937184675253f,3.9733535084675013f,0f,0.9967167700908108f,0.08096715519111308f,0.6677979998906352f,0.11587983197697113f,0.08042169892339465f,-0.9900021287266324f,-1.866664913564415f,0f,0f,0f,1f], start_interpolation: 0, interpolation_duration: 1 }
$data merge entity $(bone_right_close) { transformation: [-0.9932632403048997f,0.00938246033919953f,-0.11549937184675253f,3.973939912238701f,0f,0.9967167700908108f,0.08096715519111308f,0.7300927980213108f,0.11587983197697113f,0.08042169892339465f,-0.9900021287266324f,-1.861638557381703f,0f,0f,0f,1f], start_interpolation: 0, interpolation_duration: 1 }
$data merge entity $(bone_left_close) { transformation: [-0.9932632403048997f,0.00938246033919953f,-0.11549937184675253f,4.222255722314926f,0f,0.9967167700908108f,0.08096715519111308f,0.7300927980213108f,0.11587983197697113f,0.08042169892339465f,-0.9900021287266324f,-1.8906085153759455f,0f,0f,0f,1f], start_interpolation: 0, interpolation_duration: 1 }
$data merge entity $(bone_left_eyebrow) { transformation: [-0.9932632403048997f,0.00938246033919953f,-0.11549937184675253f,4.2220283795171865f,0f,0.9967167700908108f,0.08096715519111308f,0.7051698183218412f,0.11587983197697113f,0.08042169892339465f,-0.9900021287266324f,-1.8925571827159848f,0f,0f,0f,1f], start_interpolation: 0, interpolation_duration: 1 }
$data merge entity $(bone_right_eyebrow) { transformation: [-0.9932632403048997f,0.00938246033919953f,-0.11549937184675253f,3.973712569440962f,0f,0.9967167700908108f,0.08096715519111308f,0.7051698183218412f,0.11587983197697113f,0.08042169892339465f,-0.9900021287266324f,-1.8635872247217422f,0f,0f,0f,1f], start_interpolation: 0, interpolation_duration: 1 }
$data merge entity $(bone_talking) { transformation: [-0.9932632403048997f,0.00938246033919953f,-0.11549937184675253f,4.0590722447187035f,0f,0.9967167700908108f,0.08096715519111308f,0.44392104336515525f,0.11587983197697113f,0.08042169892339465f,-0.9900021287266324f,-2.2106309825194574f,0f,0f,0f,1f], start_interpolation: 0, interpolation_duration: 1 }
$data merge entity $(bone_m_opened) { transformation: [-0.9932632403048997f,0.00938246033919953f,-0.11549937184675253f,4.0590722447187035f,0f,0.9967167700908108f,0.08096715519111308f,0.44392104336515525f,0.11587983197697113f,0.08042169892339465f,-0.9900021287266324f,-2.2106309825194574f,0f,0f,0f,1f], start_interpolation: 0, interpolation_duration: 1 }
$data merge entity $(bone_head) { transformation: [-0.9932632403048997f,0.00938246033919953f,-0.11549937184675253f,4.0662909554591256f,0f,0.9967167700908108f,0.08096715519111308f,0.4388605961657107f,0.11587983197697113f,0.08042169892339465f,-0.9900021287266324f,-2.148755849474043f,0f,0f,0f,1f], start_interpolation: 0, interpolation_duration: 1 }
$data merge entity $(item_display_r_item) { transformation: [-0.4345526676333936f,0.05065396596833026f,-0.0020987578184668964f,3.7727351541141796f,0f,0.018111502085056387f,0.4371249518069439f,-0.3053099335176396f,0.05069742648992487f,0.4341801460498882f,-0.01798948924779205f,-1.9682083530816095f,0f,0f,0f,1f], start_interpolation: 0, interpolation_duration: 1 }
$data merge entity $(bone_rightarm) { transformation: [-0.9932632403048997f,-0.004797160727924309f,-0.11578049364189774f,3.75526436695399f,0f,0.9991427469873003f,-0.04139771905155723f,0.3139795684679785f,0.11587983197697113f,-0.04111883256638161f,-0.9924117623997444f,-2.117959093735566f,0f,0f,0f,1f], start_interpolation: 0, interpolation_duration: 1 }
$data merge entity $(item_display_l_item) { transformation: [-0.4345526676333936f,0.05027829353845438f,0.006505555438419722f,4.381125468243511f,0f,-0.05614053219987905f,0.43388303797718847f,-0.3218934949851133f,0.05069742648992487f,0.430960072214556f,0.05576232692529342f,-2.1469130065531474f,0f,0f,0f,1f], start_interpolation: 0, interpolation_duration: 1 }
$data merge entity $(bone_leftarm) { transformation: [-0.9932632403048997f,0.014869841002102247f,-0.11492181380218144f,4.376053892144552f,0f,0.9917326582335736f,0.12832121645686662f,0.3139795684679785f,0.11587983197697113f,0.12745674725781375f,-0.9850515936332709f,-2.1903839887211727f,0f,0f,0f,1f], start_interpolation: 0, interpolation_duration: 1 }
$data merge entity $(bone_body) { transformation: [-0.9932632403048997f,0.0050546072788335535f,-0.11576954005379751f,4.0625f,0f,0.9990482215818578f,0.043619387365336f,-0.3104255700206826f,0.11587983197697113f,0.04332553403460823f,-0.9923178737892434f,-2.1812499999999995f,0f,0f,0f,1f], start_interpolation: 0, interpolation_duration: 1 }
$data merge entity $(bone_leftleg) { transformation: [-0.9932632403048997f,-0.02606729038040959f,-0.11290983939070354f,4.186657905038112f,0f,0.9743700647852352f,-0.2249510543438651f,-0.24998611111111113f,0.11587983197697113f,-0.223435613147591f,-0.9678059678046778f,-2.195734978997121f,0f,0f,0f,1f], start_interpolation: 0, interpolation_duration: 1 }
$data merge entity $(bone_rightleg) { transformation: [-0.9932632403048997f,0.029244547729108266f,-0.11212890745535234f,3.9383420949618877f,0f,0.9676309116295214f,0.2523696076373329f,-0.24050000000000005f,0.11587983197697113f,0.2506694542363334f,-0.9611122147043224f,-2.166765021002878f,0f,0f,0f,1f], start_interpolation: 0, interpolation_duration: 1 }
data modify entity @s data merge value {"locators":{},"cameras":{"camera":{"posx":6.125,"posy":0.3846682271524527,"posz":0.18650773458172307,"roty":127.8060705835284,"rotx":-1.9704531794908868}}}