# This file was generated by Animated Java via MC-Build. It is not recommended to edit this file directly.
$data merge entity $(bone_left_eye) { transformation: [-0.9932465467241941f,0.011352637957754194f,-0.11546607740745053f,4.222156130803398f,0f,0.9952013405676365f,0.09784830980849607f,0.6695328892874239f,0.11602283146201527f,0.09718749582008782f,-0.9884802948140935f,-1.858806587585358f,0f,0f,0f,1f], start_interpolation: 0, interpolation_duration: 1 }
$data merge entity $(bone_right_eye) { transformation: [-0.9932465467241941f,0.011352637957754194f,-0.11546607740745053f,3.97384449412235f,0f,0.9952013405676365f,0.09784830980849607f,0.6695328892874239f,0.11602283146201527f,0.09718749582008782f,-0.9884802948140935f,-1.8298008797198544f,0f,0f,0f,1f], start_interpolation: 0, interpolation_duration: 1 }
$data merge entity $(bone_right_close) { transformation: [-0.9932465467241941f,0.011352637957754194f,-0.11546607740745053f,3.9745540339947096f,0f,0.9952013405676365f,0.09784830980849607f,0.7317329730729012f,0.11602283146201527f,0.09718749582008782f,-0.9884802948140935f,-1.823726661231099f,0f,0f,0f,1f], start_interpolation: 0, interpolation_duration: 1 }
$data merge entity $(bone_left_close) { transformation: [-0.9932465467241941f,0.011352637957754194f,-0.11546607740745053f,4.222865670675758f,0f,0.9952013405676365f,0.09784830980849607f,0.7317329730729012f,0.11602283146201527f,0.09718749582008782f,-0.9884802948140935f,-1.8527323690966027f,0f,0f,0f,1f], start_interpolation: 0, interpolation_duration: 1 }
$data merge entity $(bone_left_eyebrow) { transformation: [-0.9932465467241941f,0.011352637957754194f,-0.11546607740745053f,4.222589071356652f,0f,0.9952013405676365f,0.09784830980849607f,0.7068468240393473f,0.11602283146201527f,0.09718749582008782f,-0.9884802948140935f,-1.8551002764736788f,0f,0f,0f,1f], start_interpolation: 0, interpolation_duration: 1 }
$data merge entity $(bone_right_eyebrow) { transformation: [-0.9932465467241941f,0.011352637957754194f,-0.11546607740745053f,3.9742774346756033f,0f,0.9952013405676365f,0.09784830980849607f,0.7068468240393473f,0.11602283146201527f,0.09718749582008782f,-0.9884802948140935f,-1.826094568608175f,0f,0f,0f,1f], start_interpolation: 0, interpolation_duration: 1 }
$data merge entity $(bone_talking) { transformation: [-0.9932465467241941f,0.011352637957754194f,-0.11546607740745053f,4.059079003783608f,0f,0.9952013405676365f,0.09784830980849607f,0.45131015096066984f,0.11602283146201527f,0.09718749582008782f,-0.9884802948140935f,-2.1775006997370325f,0f,0f,0f,1f], start_interpolation: 0, interpolation_duration: 1 }
$data merge entity $(bone_m_opened) { transformation: [-0.9932465467241941f,0.011352637957754194f,-0.11546607740745053f,4.059079003783608f,0f,0.9952013405676365f,0.09784830980849607f,0.45131015096066984f,0.11602283146201527f,0.09718749582008782f,-0.9884802948140935f,-2.1775006997370325f,0f,0f,0f,1f], start_interpolation: 0, interpolation_duration: 1 }
$data merge entity $(bone_head) { transformation: [-0.9932465467241941f,0.011352637957754194f,-0.11546607740745053f,4.066295633621573f,0f,0.9952013405676365f,0.09784830980849607f,0.44519463159763883f,0.11602283146201527f,0.09718749582008782f,-0.9884802948140935f,-2.1157206813111515f,0f,0f,0f,1f], start_interpolation: 0, interpolation_duration: 1 }
$data merge entity $(item_display_r_item) { transformation: [-0.4345453641918349f,0.05072863047162092f,-0.00178395904080445f,3.7723158895025652f,0f,0.015375930912257568f,0.43722972308453767f,-0.29990716310307364f,0.050759988764631676f,0.43427691257889267f,-0.015272090281269614f,-1.9389827575030587f,0f,0f,0f,1f], start_interpolation: 0, interpolation_duration: 1 }
$data merge entity $(bone_rightarm) { transformation: [-0.9932465467241941f,-0.00407762066469586f,-0.11595115536370496f,3.7552734821666673f,0f,0.999382224193229f,-0.03514498494230279f,0.3203136038999066f,0.11602283146201527f,-0.03490763492861604f,-0.992632943037469f,-2.0848791472131274f,0f,0f,0f,1f], start_interpolation: 0, interpolation_duration: 1 }
$data merge entity $(item_display_l_item) { transformation: [-0.4345453641918349f,0.050380110442051415f,0.006198462005387813f,4.381591945416464f,0f,-0.053424502119801556f,0.434225831305844f,-0.31527315571409964f,0.050759988764631676f,0.43129330744297206f,0.05306370224095228f,-2.109972046523113f,0f,0f,0f,1f], start_interpolation: 0, interpolation_duration: 1 }
$data merge entity $(bone_leftarm) { transformation: [-0.9932465467241941f,0.01416791315517217f,-0.11515453815326038f,4.376052573869289f,0f,0.9925161858419292f,0.12211314770240378f,0.3203136038999066f,0.11602283146201527f,0.12128846226503401f,-0.9858132741553647f,-2.157393416876887f,0f,0f,0f,1f], start_interpolation: 0, interpolation_duration: 1 }
$data merge entity $(bone_body) { transformation: [-0.9932465467241941f,0.005060844828764737f,-0.11591240343501796f,4.0625f,0f,0.9990482215818578f,0.043619387365336f,-0.3040915345887545f,0.11602283146201527f,0.043324805870844925f,-0.9923011960971277f,-2.1482142857142854f,0f,0f,0f,1f], start_interpolation: 0, interpolation_duration: 1 }
$data merge entity $(bone_leftleg) { transformation: [-0.9932465467241941f,-0.022138199912009333f,-0.11389116526368105f,4.186655818340524f,0f,0.9816271834476639f,-0.19080899537654503f,-0.24898611111111113f,0.11602283146201527f,-0.18952037574166605f,-0.9749978101299891f,-2.1627171396470373f,0f,0f,0f,1f], start_interpolation: 0, interpolation_duration: 1 }
$data merge entity $(bone_rightleg) { transformation: [-0.9932465467241941f,0.027168121568696375f,-0.11279712137679637f,3.9383441816594758f,0f,0.9721976265828769f,0.23416185613079915f,-0.22650000000000015f,0.11602283146201527f,0.2325804549764438f,-0.9656319353369001f,-2.1337114317815336f,0f,0f,0f,1f], start_interpolation: 0, interpolation_duration: 1 }
data modify entity @s data merge value {"locators":{},"cameras":{"camera":{"posx":6.125,"posy":0.38931845600326137,"posz":0.2385942142551539,"roty":127.7916130915865,"rotx":-2.1430345050037793}}}