# This file was generated by Animated Java via MC-Build. It is not recommended to edit this file directly.
$data merge entity $(bone_left_eye) { transformation: [-0.9932388733901286f,0.01331534756744282f,-0.11532233914496498f,4.222612062867614f,0f,0.9934001797993957f,0.11469996850273445f,0.675081261650686f,0.11608850238808377f,0.11392446749353921f,-0.986683675409503f,-1.8220442451277852f,0f,0f,0f,1f], start_interpolation: 0, interpolation_duration: 1 }
$data merge entity $(bone_right_eye) { transformation: [-0.9932388733901286f,0.01331534756744282f,-0.11532233914496498f,3.974302344520082f,0f,0.9934001797993957f,0.11469996850273445f,0.675081261650686f,0.11608850238808377f,0.11392446749353921f,-0.986683675409503f,-1.793022119530764f,0f,0f,0f,1f], start_interpolation: 0, interpolation_duration: 1 }
$data merge entity $(bone_right_close) { transformation: [-0.9932388733901286f,0.01331534756744282f,-0.11532233914496498f,3.975134553743047f,0f,0.9934001797993957f,0.11469996850273445f,0.7371687728881483f,0.11608850238808377f,0.11392446749353921f,-0.986683675409503f,-1.7859018403124178f,0f,0f,0f,1f], start_interpolation: 0, interpolation_duration: 1 }
$data merge entity $(bone_left_close) { transformation: [-0.9932388733901286f,0.01331534756744282f,-0.11532233914496498f,4.223444272090579f,0f,0.9934001797993957f,0.11469996850273445f,0.7371687728881483f,0.11608850238808377f,0.11392446749353921f,-0.986683675409503f,-1.814923965909439f,0f,0f,0f,1f], start_interpolation: 0, interpolation_duration: 1 }
$data merge entity $(bone_left_eyebrow) { transformation: [-0.9932388733901286f,0.01331534756744282f,-0.11532233914496498f,4.22311859604759f,0f,0.9934001797993957f,0.11469996850273445f,0.712326599645132f,0.11608850238808377f,0.11392446749353921f,-0.986683675409503f,-1.8177104098670642f,0f,0f,0f,1f], start_interpolation: 0, interpolation_duration: 1 }
$data merge entity $(bone_right_eyebrow) { transformation: [-0.9932388733901286f,0.01331534756744282f,-0.11532233914496498f,3.974808877700058f,0f,0.9934001797993957f,0.11469996850273445f,0.712326599645132f,0.11608850238808377f,0.11392446749353921f,-0.986683675409503f,-1.7886882842700433f,0f,0f,0f,1f], start_interpolation: 0, interpolation_duration: 1 }
$data merge entity $(bone_talking) { transformation: [-0.9932388733901286f,0.01331534756744282f,-0.11532233914496498f,4.0590901358191855f,0f,0.9934001797993957f,0.11469996850273445f,0.46257495685794164f,0.11608850238808377f,0.11392446749353921f,-0.986683675409503f,-2.144352947768129f,0f,0f,0f,1f], start_interpolation: 0, interpolation_duration: 1 }
$data merge entity $(bone_m_opened) { transformation: [-0.9932388733901286f,0.01331534756744282f,-0.11532233914496498f,4.0590901358191855f,0f,0.9934001797993957f,0.11469996850273445f,0.46257495685794164f,0.11608850238808377f,0.11392446749353921f,-0.986683675409503f,-2.144352947768129f,0f,0f,0f,1f], start_interpolation: 0, interpolation_duration: 1 }
$data merge entity $(bone_head) { transformation: [-0.9932388733901286f,0.01331534756744282f,-0.11532233914496498f,4.066297782015746f,0f,0.9934001797993957f,0.11469996850273445f,0.4554062088265207f,0.11608850238808377f,0.11392446749353921f,-0.986683675409503f,-2.082685218055035f,0f,0f,0f,1f], start_interpolation: 0, interpolation_duration: 1 }
$data merge entity $(item_display_r_item) { transformation: [-0.43454200710818125f,0.05077223155794577f,-0.0012940483065513606f,3.771632662723669f,0f,0.011147084163644029f,0.4373579683904806f,-0.29108703538228553f,0.05078871979478665f,0.43440093579235645f,-0.011071717316282738f,-1.9118918278475567f,0f,0f,0f,1f], start_interpolation: 0, interpolation_duration: 1 }
$data merge entity $(bone_rightarm) { transformation: [-0.9932388733901286f,-0.002957824700688798f,-0.11605081498959033f,3.7552776704120396f,0f,0.9996753563210985f,-0.025479049516900415f,0.3305251811287885f,0.11608850238808377f,-0.025306782437217464f,-0.9929164246682433f,-2.051823119954348f,0f,0f,0f,1f], start_interpolation: 0, interpolation_duration: 1 }
$data merge entity $(item_display_l_item) { transformation: [-0.43454200710818125f,0.05046624414700315f,0.005714215614449898f,4.382307728016514f,0f,-0.04922292472468359f,0.434722156879021f,-0.3045701643340083f,0.05078871979478665f,0.43178294533624556f,0.048890122298511834f,-2.0708549099915614f,0f,0f,0f,1f], start_interpolation: 0, interpolation_duration: 1 }
$data merge entity $(bone_leftarm) { transformation: [-0.9932388733901286f,0.013061064261599793f,-0.11535141519315006f,4.37605196628087f,0f,0.9936506442949051f,0.11250954222784842f,0.3305251811287885f,0.11608850238808377f,0.11174885096802728f,-0.986932446482847f,-2.1243784339469003f,0f,0f,0f,1f], start_interpolation: 0, interpolation_duration: 1 }
$data merge entity $(bone_body) { transformation: [-0.9932388733901286f,0.005063709354327559f,-0.11597801185691634f,4.0625f,0f,0.9990482215818578f,0.043619387365336f,-0.2938799573598726f,0.11608850238808377f,0.04332447116471394f,-0.992293530066376f,-2.1151785714285705f,0f,0f,0f,1f], start_interpolation: 0, interpolation_duration: 1 }
$data merge entity $(bone_leftleg) { transformation: [-0.9932388733901286f,-0.01816024276840142f,-0.11465926028586115f,4.186654859173766f,0f,0.9876883405951378f,-0.15643446504023062f,-0.24712500000000004f,0.11608850238808377f,-0.15537679181594613f,-0.9810104546732803f,-2.129689634227081f,0f,0f,0f,1f], start_interpolation: 0, interpolation_duration: 1 }
$data merge entity $(bone_rightleg) { transformation: [-0.9932388733901286f,0.023898281949799496f,-0.11360199164872076f,3.9383451408262338f,0f,0.9785809043254722f,0.2058626087698811f,-0.21099999999999985f,0.11608850238808377f,0.20447074560774953f,-0.9719645949333252f,-2.10066750863006f,0f,0f,0f,1f], start_interpolation: 0, interpolation_duration: 1 }
data modify entity @s data merge value {"locators":{},"cameras":{"camera":{"posx":6.125,"posy":0.3939399412755711,"posz":0.2899863974260012,"roty":127.77460909740283,"rotx":-2.3184852421638458}}}