# This file was generated by Animated Java via MC-Build. It is not recommended to edit this file directly.
$data merge entity $(bone_left_eye) { transformation: [-0.9932404349831045f,0.01474952460889414f,-0.11513422531282748f,4.222923336751249f,0f,0.9918939103343398f,0.12706876343796109f,0.684242452910488f,0.11607514081220532f,0.12620983386988568f,-0.9851891389575723f,-1.7863091020771855f,0f,0f,0f,1f], start_interpolation: 0, interpolation_duration: 1 }
$data merge entity $(bone_right_eye) { transformation: [-0.9932404349831045f,0.01474952460889414f,-0.11513422531282748f,3.9746132280054725f,0f,0.9918939103343398f,0.12706876343796109f,0.684242452910488f,0.11607514081220532f,0.12620983386988568f,-0.9851891389575723f,-1.7572903168741343f,0f,0f,0f,1f], start_interpolation: 0, interpolation_duration: 1 }
$data merge entity $(bone_right_close) { transformation: [-0.9932404349831045f,0.01474952460889414f,-0.11513422531282748f,3.975535073293529f,0f,0.9918939103343398f,0.12706876343796109f,0.7462358223063843f,0.11607514081220532f,0.12620983386988568f,-0.9851891389575723f,-1.7494022022572664f,0f,0f,0f,1f], start_interpolation: 0, interpolation_duration: 1 }
$data merge entity $(bone_left_close) { transformation: [-0.9932404349831045f,0.01474952460889414f,-0.11513422531282748f,4.223845182039305f,0f,0.9918939103343398f,0.12706876343796109f,0.7462358223063843f,0.11607514081220532f,0.12620983386988568f,-0.9851891389575723f,-1.7784209874603176f,0f,0f,0f,1f], start_interpolation: 0, interpolation_duration: 1 }
$data merge entity $(bone_left_eyebrow) { transformation: [-0.9932404349831045f,0.01474952460889414f,-0.11513422531282748f,4.223483639813164f,0f,0.9918939103343398f,0.12706876343796109f,0.721430532750311f,0.11607514081220532f,0.12620983386988568f,-0.9851891389575723f,-1.7815146589858801f,0f,0f,0f,1f], start_interpolation: 0, interpolation_duration: 1 }
$data merge entity $(bone_right_eyebrow) { transformation: [-0.9932404349831045f,0.01474952460889414f,-0.11513422531282748f,3.9751735310673886f,0f,0.9918939103343398f,0.12706876343796109f,0.721430532750311f,0.11607514081220532f,0.12620983386988568f,-0.9851891389575723f,-1.7524958737828287f,0f,0f,0f,1f], start_interpolation: 0, interpolation_duration: 1 }
$data merge entity $(bone_talking) { transformation: [-0.9932404349831045f,0.01474952460889414f,-0.11513422531282748f,4.0591014558158784f,0f,0.9918939103343398f,0.12706876343796109f,0.4759779639012659f,0.11607514081220532f,0.12620983386988568f,-0.9851891389575723f,-2.1112237738673727f,0f,0f,0f,1f], start_interpolation: 0, interpolation_duration: 1 }
$data merge entity $(bone_m_opened) { transformation: [-0.9932404349831045f,0.01474952460889414f,-0.11513422531282748f,4.0591014558158784f,0f,0.9918939103343398f,0.12706876343796109f,0.4759779639012659f,0.11607514081220532f,0.12620983386988568f,-0.9851891389575723f,-2.1112237738673727f,0f,0f,0f,1f], start_interpolation: 0, interpolation_duration: 1 }
$data merge entity $(bone_head) { transformation: [-0.9932404349831045f,0.01474952460889414f,-0.11513422531282748f,4.06629734489793f,0f,0.9918939103343398f,0.12706876343796109f,0.4680361661863933f,0.11607514081220532f,0.12620983386988568f,-0.9851891389575723f,-2.0496494526825244f,0f,0f,0f,1f], start_interpolation: 0, interpolation_duration: 1 }
$data merge entity $(item_display_r_item) { transformation: [-0.4345426903051082f,0.05077857055104918f,-0.0006611166242929256f,3.770729433484392f,0f,0.005695591835314051f,0.43746292441033846f,-0.2801645844303041f,0.050782874105339826f,0.4345058653303056f,-0.005657092111993548f,-1.886565445477259f,0f,0f,0f,1f], start_interpolation: 0, interpolation_duration: 1 }
$data merge entity $(bone_rightarm) { transformation: [-0.9932404349831045f,-0.0015111237126695185f,-0.11606530411668384f,3.755276818149388f,0f,0.9999152557950594f,-0.013018495623574752f,0.3431551384886611f,0.11607514081220532f,-0.012930496255985031f,-0.993156263612127f,-2.0187915385887654f,0f,0f,0f,1f], start_interpolation: 0, interpolation_duration: 1 }
$data merge entity $(item_display_l_item) { transformation: [-0.4345426903051082f,0.05052772264919976f,0.005084244907981955f,4.383225375187911f,0f,-0.04380132449037999f,0.435301842372495f,-0.29121930046929745f,0.050782874105339826f,0.43235939126700373f,0.04350524658966114f,-2.029957599219623f,0f,0f,0f,1f], start_interpolation: 0, interpolation_duration: 1 }
$data merge entity $(bone_leftarm) { transformation: [-0.9932404349831045f,0.011621131218244495f,-0.11549193748388517f,4.376052090013829f,0f,0.99497563970856f,0.10011731312086877f,0.3431551384886611f,0.11607514081220532f,0.09944056363351139f,-0.9882500371817228f,-2.0913385015963937f,0f,0f,0f,1f], start_interpolation: 0, interpolation_duration: 1 }
$data merge entity $(bone_body) { transformation: [-0.9932404349831045f,0.005063126530573506f,-0.11596466299829745f,4.0625f,0f,0.9990482215818578f,0.043619387365336f,-0.28125f,0.11607514081220532f,0.043324539280442866f,-0.9922950901730615f,-2.0821428571428564f,0f,0f,0f,1f], start_interpolation: 0, interpolation_duration: 1 }
$data merge entity $(bone_leftleg) { transformation: [-0.9932404349831045f,-0.014146001196443487f,-0.11520993431437897f,4.186655054372888f,0f,0.9925461516413221f,-0.12186934340514737f,-0.2445277777777778f,0.11607514081220532f,-0.1210455596548339f,-0.9858369713970332f,-2.0966522497443822f,0f,0f,0f,1f], start_interpolation: 0, interpolation_duration: 1 }
$data merge entity $(bone_rightleg) { transformation: [-0.9932404349831045f,0.01963286378477099f,-0.1144027489800045f,3.938344945627112f,0f,0.985592161934944f,0.16913926313072017f,-0.19699999999999995f,0.11607514081220532f,0.16799595528467828f,-0.9789299876362022f,-2.0676334645413306f,0f,0f,0f,1f], start_interpolation: 0, interpolation_duration: 1 }
data modify entity @s data merge value {"locators":{},"cameras":{"camera":{"posx":6.125,"posy":0.3985314590492648,"posz":0.34066292112495133,"roty":127.75488015766378,"rotx":-2.49613846983093}}}