# This file was generated by Animated Java via MC-Build. It is not recommended to edit this file directly.
$data merge entity $(bone_left_eye) { transformation: [-0.9932514274942402f,0.01513856360035996f,-0.11498880672818543f,4.222982537471923f,0f,0.9914448613738104f,0.1305261922200516f,0.6958957908347057f,0.11598104060860173f,0.12964532674795384f,-0.9847540238413663f,-1.7525111712106045f,0f,0f,0f,1f], start_interpolation: 0, interpolation_duration: 1 }
$data merge entity $(bone_right_eye) { transformation: [-0.9932514274942402f,0.01513856360035996f,-0.11498880672818543f,3.9746696805983626f,0f,0.9914448613738104f,0.1305261922200516f,0.6958957908347057f,0.11598104060860173f,0.12964532674795384f,-0.9847540238413663f,-1.723515911058454f,0f,0f,0f,1f], start_interpolation: 0, interpolation_duration: 1 }
$data merge entity $(bone_right_close) { transformation: [-0.9932514274942402f,0.01513856360035996f,-0.11498880672818543f,3.975615840823385f,0f,0.9914448613738104f,0.1305261922200516f,0.7578610946705688f,0.11598104060860173f,0.12964532674795384f,-0.9847540238413663f,-1.7154130781367067f,0f,0f,0f,1f], start_interpolation: 0, interpolation_duration: 1 }
$data merge entity $(bone_left_close) { transformation: [-0.9932514274942402f,0.01513856360035996f,-0.11498880672818543f,4.2239286976969455f,0f,0.9914448613738104f,0.1305261922200516f,0.7578610946705688f,0.11598104060860173f,0.12964532674795384f,-0.9847540238413663f,-1.7444083382888573f,0f,0f,0f,1f], start_interpolation: 0, interpolation_duration: 1 }
$data merge entity $(bone_left_eyebrow) { transformation: [-0.9932514274942402f,0.01513856360035996f,-0.11498880672818543f,4.2235574204073565f,0f,0.9914448613738104f,0.1305261922200516f,0.7330668152492098f,0.11598104060860173f,0.12964532674795384f,-0.9847540238413663f,-1.747587924331066f,0f,0f,0f,1f], start_interpolation: 0, interpolation_duration: 1 }
$data merge entity $(bone_right_eyebrow) { transformation: [-0.9932514274942402f,0.01513856360035996f,-0.11498880672818543f,3.9752445635337965f,0f,0.9914448613738104f,0.1305261922200516f,0.7330668152492098f,0.11598104060860173f,0.12964532674795384f,-0.9847540238413663f,-1.7185926641789155f,0f,0f,0f,1f], start_interpolation: 0, interpolation_duration: 1 }
$data merge entity $(bone_talking) { transformation: [-0.9932514274942402f,0.01513856360035996f,-0.11498880672818543f,4.059107466032494f,0f,0.9914448613738104f,0.1305261922200516f,0.4888240105600192f,0.11598104060860173f,0.12964532674795384f,-0.9847540238413663f,-2.0781605052719447f,0f,0f,0f,1f], start_interpolation: 0, interpolation_duration: 1 }
$data merge entity $(bone_m_opened) { transformation: [-0.9932514274942402f,0.01513856360035996f,-0.11498880672818543f,4.059107466032494f,0f,0.9914448613738104f,0.1305261922200516f,0.4888240105600192f,0.11598104060860173f,0.12964532674795384f,-0.9847540238413663f,-2.0781605052719447f,0f,0f,0f,1f], start_interpolation: 0, interpolation_duration: 1 }
$data merge entity $(bone_head) { transformation: [-0.9932514274942402f,0.01513856360035996f,-0.11498880672818543f,4.066294266453006f,0f,0.9914448613738104f,0.1305261922200516f,0.4806661235462659f,0.11598104060860173f,0.12964532674795384f,-0.9847540238413663f,-2.016613378781859f,0f,0f,0f,1f], start_interpolation: 0, interpolation_duration: 1 }
$data merge entity $(item_display_r_item) { transformation: [-0.4345474995287301f,0.050741639007672854f,0.00008200087402739126f,3.769651284658184f,0f,-0.0007070196438753932f,0.4374994287118821f,-0.26941609363811936f,0.05074170526626326f,0.43454693209599143f,0.0007022482705457036f,-1.8626318764394767f,0f,0f,0f,1f], start_interpolation: 0, interpolation_duration: 1 }
$data merge entity $(bone_rightarm) { transformation: [-0.9932514274942402f,0.00018743056920549148f,-0.11598088916039509f,3.7552708176188885f,0f,0.9999986941985876f,0.0016160449002868352f,0.3557850958485337f,0.11598104060860173f,0.001605138904104686f,-0.9932501305051232f,-1.9857849309375517f,0f,0f,0f,1f], start_interpolation: 0, interpolation_duration: 1 }
$data merge entity $(item_display_l_item) { transformation: [-0.4345474995287301f,0.05055569859901081f,0.004340736400002273f,4.384296393116788f,0f,-0.03742625844038463f,0.4358962321231436f,-0.27761702388178133f,0.05074170526626326f,0.43295455479567313f,0.03717368462168039f,-1.9876770436929934f,0f,0f,0f,1f], start_interpolation: 0, interpolation_duration: 1 }
$data merge entity $(bone_leftarm) { transformation: [-0.9932514274942402f,0.009921683200005221f,-0.1155558825120247f,4.376052959802788f,0f,0.9963342448528997f,0.08554573357802223f,0.3557850958485337f,0.11598104060860173f,0.08496842199241254f,-0.9896104109615386f,-2.0582730813179277f,0f,0f,0f,1f], start_interpolation: 0, interpolation_duration: 1 }
$data merge entity $(bone_body) { transformation: [-0.9932514274942402f,0.005059021937341364f,-0.11587065235723679f,4.0625f,0f,0.9990482215818578f,0.043619387365336f,-0.2686200426401274f,0.11598104060860173f,0.043325018767044206f,-0.9923060722217623f,-2.0491071428571423f,0f,0f,0f,1f], start_interpolation: 0, interpolation_duration: 1 }
$data merge entity $(bone_leftleg) { transformation: [-0.9932514274942402f,-0.01010841373888899f,-0.11553969773345248f,4.18665642843678f,0f,0.9961946980917455f,-0.08715574274765818f,-0.24131944444444442f,0.11598104060860173f,-0.08656756589843226f,-0.9894718059418199f,-2.0636047729332176f,0f,0f,0f,1f], start_interpolation: 0, interpolation_duration: 1 }
$data merge entity $(bone_rightleg) { transformation: [-0.9932514274942402f,0.01458090640616546f,-0.1150608488975671f,3.93834357156322f,0f,0.9920660160815423f,0.12571801675216274f,-0.1875f,0.11598104060860173f,0.12486959960083044f,-0.9853709866415158f,-2.034609512781067f,0f,0f,0f,1f], start_interpolation: 0, interpolation_duration: 1 }
data modify entity @s data merge value {"locators":{},"cameras":{"camera":{"posx":6.125,"posy":0.40309178540422586,"posz":0.39060242238269616,"roty":127.73224893666958,"rotx":-2.675327006420958}}}