# This file was generated by Animated Java via MC-Build. It is not recommended to edit this file directly.
$data merge entity $(bone_left_eye) { transformation: [-0.9932720268532905f,0.014547695546384562f,-0.11488709773097176f,4.222806192465248f,0f,0.9920780657755196f,0.1256228936424562f,0.7074914938084136f,0.11580449330987184f,0.12477770618741782f,-0.9854033911895425f,-1.7205072779170725f,0f,0f,0f,1f], start_interpolation: 0, interpolation_duration: 1 }
$data merge entity $(bone_right_eye) { transformation: [-0.9932720268532905f,0.014547695546384562f,-0.11488709773097176f,3.974488185751925f,0f,0.9920780657755196f,0.1256228936424562f,0.7074914938084136f,0.11580449330987184f,0.12477770618741782f,-0.9854033911895425f,-1.6915561545896045f,0f,0f,0f,1f], start_interpolation: 0, interpolation_duration: 1 }
$data merge entity $(bone_right_close) { transformation: [-0.9932720268532905f,0.014547695546384562f,-0.11488709773097176f,3.975397416723575f,0f,0.9920780657755196f,0.1256228936424562f,0.7694963729193836f,0.11580449330987184f,0.12477770618741782f,-0.9854033911895425f,-1.683757547952891f,0f,0f,0f,1f], start_interpolation: 0, interpolation_duration: 1 }
$data merge entity $(bone_left_close) { transformation: [-0.9932720268532905f,0.014547695546384562f,-0.11488709773097176f,4.223715423436897f,0f,0.9920780657755196f,0.1256228936424562f,0.7694963729193836f,0.11580449330987184f,0.12477770618741782f,-0.9854033911895425f,-1.712708671280359f,0f,0f,0f,1f], start_interpolation: 0, interpolation_duration: 1 }
$data merge entity $(bone_left_eyebrow) { transformation: [-0.9932720268532905f,0.014547695546384562f,-0.11488709773097176f,4.223358911491846f,0f,0.9920780657755196f,0.1256228936424562f,0.7446865698441429f,0.11580449330987184f,0.12477770618741782f,-0.9854033911895425f,-1.715766526223095f,0f,0f,0f,1f], start_interpolation: 0, interpolation_duration: 1 }
$data merge entity $(bone_right_eyebrow) { transformation: [-0.9932720268532905f,0.014547695546384562f,-0.11488709773097176f,3.9750409047785227f,0f,0.9920780657755196f,0.1256228936424562f,0.7446865698441429f,0.11580449330987184f,0.12477770618741782f,-0.9854033911895425f,-1.686815402895627f,0f,0f,0f,1f], start_interpolation: 0, interpolation_duration: 1 }
$data merge entity $(bone_talking) { transformation: [-0.9932720268532905f,0.014547695546384562f,-0.11488709773097176f,4.059108047181062f,0f,0.9920780657755196f,0.1256228936424562f,0.4987291316278012f,0.11580449330987184f,0.12477770618741782f,-0.9854033911895425f,-2.045164702546925f,0f,0f,0f,1f], start_interpolation: 0, interpolation_duration: 1 }
$data merge entity $(bone_m_opened) { transformation: [-0.9932720268532905f,0.014547695546384562f,-0.11488709773097176f,4.059108047181062f,0f,0.9920780657755196f,0.1256228936424562f,0.4987291316278012f,0.11580449330987184f,0.12477770618741782f,-0.9854033911895425f,-2.045164702546925f,0f,0f,0f,1f], start_interpolation: 0, interpolation_duration: 1 }
$data merge entity $(bone_head) { transformation: [-0.9932720268532905f,0.014547695546384562f,-0.11488709773097176f,4.066288490789248f,0f,0.9920780657755196f,0.1256228936424562f,0.4908777007751477f,0.11580449330987184f,0.12477770618741782f,-0.9854033911895425f,-1.9835769905975786f,0f,0f,0f,1f], start_interpolation: 0, interpolation_duration: 1 }
$data merge entity $(item_display_r_item) { transformation: [-0.4345565117483146f,0.05065643764343938f,0.0009018993365439854f,3.768444407540544f,0f,-0.007788120398149547f,0.437430674713907f,-0.26112946805620874f,0.05066446582306893f,0.43448765288088487f,0.007735722133247454f,-1.8397155283249385f,0f,0f,0f,1f], start_interpolation: 0, interpolation_duration: 1 }
$data merge entity $(bone_rightarm) { transformation: [-0.9932720268532905f,0.0020614841978148497f,-0.11578614318500428f,3.755259567266053f,0f,0.999841542203216f,0.01780141805291347f,0.36599667307741546f,0.11580449330987184f,0.017681650590280117f,-0.9931146351563083f,-1.952803826100552f,0f,0f,0f,1f], start_interpolation: 0, interpolation_duration: 1 }
$data merge entity $(item_display_l_item) { transformation: [-0.4345565117483146f,0.050542280311169537f,0.0035165321104867853f,4.385471618266141f,0f,-0.03036611110656287f,0.4364448983505981f,-0.26617207059674264f,0.05066446582306893f,0.4335085087944769f,0.03016180872646792f,-1.9444103586586114f,0f,0f,0f,1f], start_interpolation: 0, interpolation_duration: 1 }
$data merge entity $(bone_leftarm) { transformation: [-0.9932720268532905f,0.008037787681112678f,-0.11552521213981608f,4.37605458404936f,0f,0.9975883390870813f,0.06940825395785821f,0.36599667307741546f,0.11580449330987184f,0.06894127708906975f,-0.9908765915302329f,-2.025181634419222f,0f,0f,0f,1f], start_interpolation: 0, interpolation_duration: 1 }
$data merge entity $(bone_body) { transformation: [-0.9932720268532905f,0.005051321052329761f,-0.11569427309241562f,4.0625f,0f,0.9990482215818578f,0.043619387365336f,-0.2584084654112456f,0.11580449330987184f,0.0433259172984661f,-0.9923266519747872f,-2.0160714285714283f,0f,0f,0f,1f], start_interpolation: 0, interpolation_duration: 1 }
$data merge entity $(bone_leftleg) { transformation: [-0.9932720268532905f,-0.006060738894601749f,-0.11564578727652648f,4.186659003356661f,0f,0.9986295347545738f,-0.05233595624294395f,-0.23762499999999998f,0.11580449330987184f,-0.05198384133473406f,-0.9919107820612341f,-2.030546990235162f,0f,0f,0f,1f], start_interpolation: 0, interpolation_duration: 1 }
$data merge entity $(bone_rightleg) { transformation: [-0.9932720268532905f,0.008965014520186741f,-0.11545695815068485f,3.9383409966433387f,0f,0.9969989492699817f,0.07741508350801196f,-0.1825f,0.11580449330987184f,0.07689423690501979f,-0.9902911671119957f,-2.0015958669076945f,0f,0f,0f,1f], start_interpolation: 0, interpolation_duration: 1 }
data modify entity @s data merge value {"locators":{},"cameras":{"camera":{"posx":6.125,"posy":0.4076196964203377,"posz":0.4397835382299239,"roty":127.70653927765925,"rotx":-2.855383416704411}}}