# This file was generated by Animated Java via MC-Build. It is not recommended to edit this file directly.
$data merge entity $(bone_left_eye) { transformation: [-0.9933023875262867f,0.013316738573361867f,-0.11477382719220967f,4.22246540181547f,0f,0.993336199421459f,0.11525274365034222f,0.7167326001498551f,0.11554378795321917f,0.11448082543683999f,-0.9866832185016229f,-1.689692245585934f,0f,0f,0f,1f], start_interpolation: 0, interpolation_duration: 1 }
$data merge entity $(bone_right_eye) { transformation: [-0.9933023875262867f,0.013316738573361867f,-0.11477382719220967f,3.9741398049338987f,0f,0.993336199421459f,0.11525274365034222f,0.7167326001498551f,0.11554378795321917f,0.11448082543683999f,-0.9866832185016229f,-1.660806298597629f,0f,0f,0f,1f], start_interpolation: 0, interpolation_duration: 1 }
$data merge entity $(bone_right_close) { transformation: [-0.9933023875262867f,0.013316738573361867f,-0.11477382719220967f,3.974972101094734f,0f,0.993336199421459f,0.11525274365034222f,0.7788161126136962f,0.11554378795321917f,0.11448082543683999f,-0.9866832185016229f,-1.6536512470078264f,0f,0f,0f,1f], start_interpolation: 0, interpolation_duration: 1 }
$data merge entity $(bone_left_close) { transformation: [-0.9933023875262867f,0.013316738573361867f,-0.11477382719220967f,4.223297697976306f,0f,0.993336199421459f,0.11525274365034222f,0.7788161126136962f,0.11554378795321917f,0.11448082543683999f,-0.9866832185016229f,-1.6825371939961313f,0f,0f,0f,1f], start_interpolation: 0, interpolation_duration: 1 }
$data merge entity $(bone_left_eyebrow) { transformation: [-0.9933023875262867f,0.013316738573361867f,-0.11477382719220967f,4.222971952876171f,0f,0.993336199421459f,0.11525274365034222f,0.7539755043316817f,0.11554378795321917f,0.11448082543683999f,-0.9866832185016229f,-1.6853375469308958f,0f,0f,0f,1f], start_interpolation: 0, interpolation_duration: 1 }
$data merge entity $(bone_right_eyebrow) { transformation: [-0.9933023875262867f,0.013316738573361867f,-0.11477382719220967f,3.9746463559945995f,0f,0.993336199421459f,0.11525274365034222f,0.7539755043316817f,0.11554378795321917f,0.11448082543683999f,-0.9866832185016229f,-1.656451599942591f,0f,0f,0f,1f], start_interpolation: 0, interpolation_duration: 1 }
$data merge entity $(bone_talking) { transformation: [-0.9933023875262867f,0.013316738573361867f,-0.11477382719220967f,4.059106597733779f,0f,0.993336199421459f,0.11525274365034222f,0.5044150326852223f,0.11554378795321917f,0.11448082543683999f,-0.9866832185016229f,-2.0122079842327487f,0f,0f,0f,1f], start_interpolation: 0, interpolation_duration: 1 }
$data merge entity $(bone_m_opened) { transformation: [-0.9933023875262867f,0.013316738573361867f,-0.11477382719220967f,4.059106597733779f,0f,0.993336199421459f,0.11525274365034222f,0.5044150326852223f,0.11554378795321917f,0.11448082543683999f,-0.9866832185016229f,-2.0122079842327487f,0f,0f,0f,1f], start_interpolation: 0, interpolation_duration: 1 }
$data merge entity $(bone_head) { transformation: [-0.9933023875262867f,0.013316738573361867f,-0.11477382719220967f,4.066279961933292f,0f,0.993336199421459f,0.11525274365034222f,0.4972117362070758f,0.11554378795321917f,0.11448082543683999f,-0.9866832185016229f,-1.9505402830763972f,0f,0f,0f,1f], start_interpolation: 0, interpolation_duration: 1 }
$data merge entity $(item_display_r_item) { transformation: [-0.43456979454275046f,0.05051959047504204f,0.001764836906261338f,3.7671559453025605f,0f,-0.015274182520101185f,0.43723328938719047f,-0.25665232847810027f,0.050550407229533384f,0.43430487025426817f,0.015171881964728783f,-1.8174357658481048f,0f,0f,0f,1f], start_interpolation: 0, interpolation_duration: 1 }
$data merge entity $(bone_rightarm) { transformation: [-0.9933023875262867f,0.00403391292859737f,-0.11547334965723895f,3.755242972175779f,0f,0.9993903757421496f,0.03491241718880293f,0.3723307085093436f,0.11554378795321917f,0.03467858734795173f,-0.9926968462954701f,-1.9198487545425689f,0f,0f,0f,1f], start_interpolation: 0, interpolation_duration: 1 }
$data merge entity $(item_display_l_item) { transformation: [-0.43456979454275046f,0.050481163852396815f,0.0026449512621456f,4.386701652248756f,0f,-0.022891332446331743f,0.4369007174391358f,-0.25835355424551654f,0.050550407229533384f,0.43397452574424106f,0.022738015172599275f,-1.9005537791901184f,0f,0f,0f,1f], start_interpolation: 0, interpolation_duration: 1 }
$data merge entity $(bone_leftarm) { transformation: [-0.9933023875262867f,0.006045602884904255f,-0.11538551737690701f,4.376056964379708f,0f,0.9986302112894532f,0.05232304559161563f,0.3723307085093436f,0.11554378795321917f,0.051972606108798565f,-0.9919417731296939f,-1.992063622013331f,0f,0f,0f,1f], start_interpolation: 0, interpolation_duration: 1 }
$data merge entity $(bone_body) { transformation: [-0.9933023875262867f,0.00503994924438971f,-0.11543381586949489f,4.0625f,0f,0.9990482215818578f,0.043619387365336f,-0.2520744299793175f,0.11554378795321917f,0.0433272416124222f,-0.9923569837511501f,-1.9830357142857138f,0f,0f,0f,1f], start_interpolation: 0, interpolation_duration: 1 }
$data merge entity $(bone_leftleg) { transformation: [-0.9933023875262867f,-0.0020165171486629116f,-0.11552619007466498f,4.186662798440786f,0f,0.9998476951563913f,-0.017452406437283758f,-0.2335694444444445f,0.11554378795321917f,-0.017335516982233092f,-0.9931511027614984f,-1.9974786877798663f,0f,0f,0f,1f], start_interpolation: 0, interpolation_duration: 1 }
$data merge entity $(bone_rightleg) { transformation: [-0.9933023875262867f,0.003020103921196054f,-0.11550431120474963f,3.938337201559214f,0f,0.9996583394990866f,0.02613817648438893f,-0.18000000000000005f,0.11554378795321917f,0.02596311310752697f,-0.992963015335006f,-1.9685927407915613f,0f,0f,0f,1f], start_interpolation: 0, interpolation_duration: 1 }
data modify entity @s data merge value {"locators":{},"cameras":{"camera":{"posx":6.125,"posy":0.41211396817748347,"posz":0.4881849056973254,"roty":127.67757626519128,"rotx":-3.035640021176004}}}