# This file was generated by Animated Java via MC-Build. It is not recommended to edit this file directly.
$data merge entity $(bone_left_eye) { transformation: [-0.9933426410827579f,0.01166787179334007f,-0.11460479123730069f,4.222004619718323f,0f,0.9948573434126252f,0.10128606151872092f,0.7226789866598694f,0.11519721093295224f,0.10061176385387693f,-0.9882342210060734f,-1.6596914070657098f,0f,0f,0f,1f], start_interpolation: 0, interpolation_duration: 1 }
$data merge entity $(bone_right_eye) { transformation: [-0.9933426410827579f,0.01166787179334007f,-0.11460479123730069f,3.9736689594476338f,0f,0.9948573434126252f,0.10128606151872092f,0.7226789866598694f,0.11519721093295224f,0.10061176385387693f,-0.9882342210060734f,-1.6308921043324716f,0f,0f,0f,1f], start_interpolation: 0, interpolation_duration: 1 }
$data merge entity $(bone_right_close) { transformation: [-0.9933426410827579f,0.01166787179334007f,-0.11460479123730069f,3.9743982014347172f,0f,0.9948573434126252f,0.10128606151872092f,0.7848575706231584f,0.11519721093295224f,0.10061176385387693f,-0.9882342210060734f,-1.6246038690916043f,0f,0f,0f,1f], start_interpolation: 0, interpolation_duration: 1 }
$data merge entity $(bone_left_close) { transformation: [-0.9933426410827579f,0.01166787179334007f,-0.11460479123730069f,4.222733861705406f,0f,0.9948573434126252f,0.10128606151872092f,0.7848575706231584f,0.11519721093295224f,0.10061176385387693f,-0.9882342210060734f,-1.6534031718248425f,0f,0f,0f,1f], start_interpolation: 0, interpolation_duration: 1 }
$data merge entity $(bone_left_eyebrow) { transformation: [-0.9933426410827579f,0.01166787179334007f,-0.11460479123730069f,4.2224493277100255f,0f,0.9948573434126252f,0.10128606151872092f,0.7599798066589981f,0.11519721093295224f,0.10061176385387693f,-0.9882342210060734f,-1.6558567012823764f,0f,0f,0f,1f], start_interpolation: 0, interpolation_duration: 1 }
$data merge entity $(bone_right_eyebrow) { transformation: [-0.9933426410827579f,0.01166787179334007f,-0.11460479123730069f,3.9741136674393363f,0f,0.9948573434126252f,0.10128606151872092f,0.7599798066589981f,0.11519721093295224f,0.10061176385387693f,-0.9882342210060734f,-1.6270573985491383f,0f,0f,0f,1f], start_interpolation: 0, interpolation_duration: 1 }
$data merge entity $(bone_talking) { transformation: [-0.9933426410827579f,0.01166787179334007f,-0.11460479123730069f,4.059105824372987f,0f,0.9948573434126252f,0.10128606151872092f,0.5056165450313134f,0.11519721093295224f,0.10061176385387693f,-0.9882342210060734f,-1.9792678907269579f,0f,0f,0f,1f], start_interpolation: 0, interpolation_duration: 1 }
$data merge entity $(bone_m_opened) { transformation: [-0.9933426410827579f,0.01166787179334007f,-0.11460479123730069f,4.059105824372987f,0f,0.9948573434126252f,0.10128606151872092f,0.5056165450313134f,0.11519721093295224f,0.10061176385387693f,-0.9882342210060734f,-1.9792678907269579f,0f,0f,0f,1f], start_interpolation: 0, interpolation_duration: 1 }
$data merge entity $(bone_head) { transformation: [-0.9933426410827579f,0.01166787179334007f,-0.11460479123730069f,4.0662686238253185f,0f,0.9948573434126252f,0.10128606151872092f,0.4992861661863933f,0.11519721093295224f,0.10061176385387693f,-0.9882342210060734f,-1.9175032519140782f,0f,0f,0f,1f], start_interpolation: 0, interpolation_duration: 1 }
$data merge entity $(item_display_r_item) { transformation: [-0.4345874054737066f,0.05032974410359428f,0.0026370176523564082f,3.765833703328016f,0f,-0.022891332446331722f,0.4369007174391358f,-0.25627912426619903f,0.050398779783166606f,0.43399211255194287f,0.02273893663014258f,-1.7954066969210234f,0f,0f,0f,1f], start_interpolation: 0, interpolation_duration: 1 }
$data merge entity $(bone_rightarm) { transformation: [-0.9933426410827579f,0.006027468919671816f,-0.11503941509392979f,3.75522094451607f,0f,0.9986302112894532f,0.05232304559161559f,0.3744051384886611f,0.11519721093295224f,0.05197471229746897f,-0.991981971547298f,-1.8869202481785174f,0f,0f,0f,1f], start_interpolation: 0, interpolation_duration: 1 }
$data merge entity $(item_display_l_item) { transformation: [-0.4345874054737066f,0.05036805546444473f,0.0017595432255965101f,4.387937335003212f,0f,-0.015274182520101204f,0.43723328938719047f,-0.25457789849878276f,0.050398779783166606f,0.4343224704491736f,0.015172496804897424f,-1.856501366033131f,0f,0f,0f,1f], start_interpolation: 0, interpolation_duration: 1 }
$data merge entity $(bone_leftarm) { transformation: [-0.9933426410827579f,0.004021813087077763f,-0.1151269839187308f,4.376060095192794f,0f,0.9993903757421496f,0.034912417188802974f,0.3744051384886611f,0.11519721093295224f,0.03467999269690862f,-0.9927370753123967f,-1.9589185050116127f,0f,0f,0f,1f], start_interpolation: 0, interpolation_duration: 1 }
$data merge entity $(bone_body) { transformation: [-0.9933426410827579f,0.005024831767090763f,-0.11508756871375608f,4.0625f,0f,0.9990482215818578f,0.043619387365336f,-0.25f,0.11519721093295224f,0.04332899744789474f,-0.992397198995155f,-1.9499999999999993f,0f,0f,0f,1f], start_interpolation: 0, interpolation_duration: 1 }
$data merge entity $(bone_leftleg) { transformation: [-0.9933426410827579f,0.0020104685456433903f,-0.11517966583975693f,4.186667830135344f,0f,0.9998476951563913f,0.017452406437283758f,-0.2292777777777778f,0.11519721093295224f,0.017336219503661175f,-0.993191350187158f,-1.9643996513666184f,0f,0f,0f,1f], start_interpolation: 0, interpolation_duration: 1 }
$data merge entity $(bone_rightleg) { transformation: [-0.9933426410827579f,-0.0030110450298748656f,-0.11515785259616106f,3.938332169864655f,0f,0.9996583394990866f,-0.026138176484388775f,-0.18000000000000005f,0.11519721093295224f,-0.025964165262089983f,-0.9930032551384269f,-1.9356003486333802f,0f,0f,0f,1f], start_interpolation: 0, interpolation_duration: 1 }
data modify entity @s data merge value {"locators":{},"cameras":{"camera":{"posx":6.125,"posy":0.4165733767555465,"posz":0.5357851618155917,"roty":127.64518627863725,"rotx":-3.2154289079686267}}}