# This file was generated by Animated Java via MC-Build. It is not recommended to edit this file directly.
$data merge entity $(bone_left_eye) { transformation: [-0.9933928947323954f,0.00982391012066158f,-0.11434180112772874f,4.22146995996811f,0f,0.9963294392400639f,0.08560168516787439f,0.7247409802709641f,0.11476304586055525f,0.0850361058228859f,-0.9897465857537914f,-1.6301156014417064f,0f,0f,0f,1f], start_interpolation: 0, interpolation_duration: 1 }
$data merge entity $(bone_right_eye) { transformation: [-0.9933928947323954f,0.00982391012066158f,-0.11434180112772874f,3.9731217362850115f,0f,0.9963294392400639f,0.08560168516787439f,0.7247409802709641f,0.11476304586055525f,0.0850361058228859f,-0.9897465857537914f,-1.6014248399765678f,0f,0f,0f,1f], start_interpolation: 0, interpolation_duration: 1 }
$data merge entity $(bone_right_close) { transformation: [-0.9933928947323954f,0.00982391012066158f,-0.11434180112772874f,3.9737357306675527f,0f,0.9963294392400639f,0.08560168516787439f,0.7870115702234681f,0.11476304586055525f,0.0850361058228859f,-0.9897465857537914f,-1.5961100833626376f,0f,0f,0f,1f], start_interpolation: 0, interpolation_duration: 1 }
$data merge entity $(bone_left_close) { transformation: [-0.9933928947323954f,0.00982391012066158f,-0.11434180112772874f,4.222083954350651f,0f,0.9963294392400639f,0.08560168516787439f,0.7870115702234681f,0.11476304586055525f,0.0850361058228859f,-0.9897465857537914f,-1.6248008448277762f,0f,0f,0f,1f], start_interpolation: 0, interpolation_duration: 1 }
$data merge entity $(bone_left_eyebrow) { transformation: [-0.9933928947323954f,0.00982391012066158f,-0.11434180112772874f,4.221845502960205f,0f,0.9963294392400639f,0.08560168516787439f,0.7620979841371436f,0.11476304586055525f,0.0850361058228859f,-0.9897465857537914f,-1.6268648883117387f,0f,0f,0f,1f], start_interpolation: 0, interpolation_duration: 1 }
$data merge entity $(bone_right_eyebrow) { transformation: [-0.9933928947323954f,0.00982391012066158f,-0.11434180112772874f,3.9734972792771064f,0f,0.9963294392400639f,0.08560168516787439f,0.7620979841371436f,0.11476304586055525f,0.0850361058228859f,-0.9897465857537914f,-1.5981741268465999f,0f,0f,0f,1f], start_interpolation: 0, interpolation_duration: 1 }
$data merge entity $(bone_talking) { transformation: [-0.9933928947323954f,0.00982391012066158f,-0.11434180112772874f,4.05910805774398f,0f,0.9963294392400639f,0.08560168516787439f,0.5024091470759089f,0.11476304586055525f,0.0850361058228859f,-0.9897465857537914f,-1.9463250552129185f,0f,0f,0f,1f], start_interpolation: 0, interpolation_duration: 1 }
$data merge entity $(bone_m_opened) { transformation: [-0.9933928947323954f,0.00982391012066158f,-0.11434180112772874f,4.05910805774398f,0f,0.9963294392400639f,0.08560168516787439f,0.5024091470759089f,0.11476304586055525f,0.0850361058228859f,-0.9897465857537914f,-1.9463250552129185f,0f,0f,0f,1f], start_interpolation: 0, interpolation_duration: 1 }
$data merge entity $(bone_head) { transformation: [-0.9933928947323954f,0.00982391012066158f,-0.11434180112772874f,4.066254420314463f,0f,0.9963294392400639f,0.08560168516787439f,0.4970590417529167f,0.11476304586055525f,0.0850361058228859f,-0.9897465857537914f,-1.8844658936033065f,0f,0f,0f,1f], start_interpolation: 0, interpolation_duration: 1 }
$data merge entity $(item_display_r_item) { transformation: [-0.434609391445423f,0.05008774588501506f,0.003484907401529188f,3.7645257493850464f,0f,-0.030366111106562847f,0.4364448983505981f,-0.2599907296189736f,0.05020883256399292f,0.43356126096368675f,0.03016547901391401f,-1.77323773591587f,0f,0f,0f,1f], start_interpolation: 0, interpolation_duration: 1 }
$data merge entity $(bone_rightarm) { transformation: [-0.9933928947323954f,0.007965502632066742f,-0.11448627630860585f,3.7551934039915125f,0f,0.9975883390870813f,0.06940825395785816f,0.37217801405518447f,0.11476304586055525f,0.06894966631751796f,-0.9909971679169982f,-1.8540188404570461f,0f,0f,0f,1f], start_interpolation: 0, interpolation_duration: 1 }
$data merge entity $(item_display_l_item) { transformation: [-0.434609391445423f,0.05020087658300573f,0.0008937884184203656f,4.389130230196661f,0f,-0.007788120398149574f,0.437430674713907f,-0.2549481270784397f,0.05020883256399292f,0.43454052419879297f,0.0077366634668422215f,-1.8126436850157273f,0f,0f,0f,1f], start_interpolation: 0, interpolation_duration: 1 }
$data merge entity $(bone_leftarm) { transformation: [-0.9933928947323954f,0.0020429449563894326f,-0.11474486076115596f,4.376063963199259f,0f,0.999841542203216f,0.017801418052913534f,0.37217801405518447f,0.11476304586055525f,0.017683802209925298f,-0.9932354838829554f,-1.9257457441198933f,0f,0f,0f,1f], start_interpolation: 0, interpolation_duration: 1 }
$data merge entity $(bone_body) { transformation: [-0.9933928947323954f,0.00500589375261738f,-0.1146538168703049f,4.0625f,0f,0.9990482215818578f,0.043619387365336f,-0.2522271244334766f,0.11476304586055525f,0.04333118948130481f,-0.9924474048144534f,-1.9169642857142852f,0f,0f,0f,1f], start_interpolation: 0, interpolation_duration: 1 }
$data merge entity $(bone_leftleg) { transformation: [-0.9933928947323954f,0.006006233746464989f,-0.11460576709474411f,4.186674111841549f,0f,0.9986295347545738f,0.05233595624294395f,-0.22487500000000005f,0.11476304586055525f,0.05199016707076608f,-0.9920314842951115f,-1.9313096664468545f,0f,0f,0f,1f], start_interpolation: 0, interpolation_duration: 1 }
$data merge entity $(bone_rightleg) { transformation: [-0.9933928947323954f,-0.008884390778928665f,-0.1144186361379963f,3.9383258881584506f,0f,0.9969989492699817f,-0.07741508350801174f,-0.1825f,0.11476304586055525f,-0.0769035939019739f,-0.9904116722604638f,-1.902618904981716f,0f,0f,0f,1f], start_interpolation: 0, interpolation_duration: 1 }
data modify entity @s data merge value {"locators":{},"cameras":{"camera":{"posx":6.125,"posy":0.42099669823440994,"posz":0.58256294361541,"roty":127.60919703684863,"rotx":-3.3940819472771917}}}