# This file was generated by Animated Java via MC-Build. It is not recommended to edit this file directly.
$data merge entity $(bone_left_eye) { transformation: [-0.9934532298310206f,0.008007117174730384f,-0.11395861622915343f,4.22091038223439f,0f,0.9975406315333637f,0.07009057311805801f,0.7213764013922701f,0.11423957343369824f,0.06963170624484204f,-0.9910099622844961f,-1.6005477350294408f,0f,0f,0f,1f], start_interpolation: 0, interpolation_duration: 1 }
$data merge entity $(bone_right_eye) { transformation: [-0.9934532298310206f,0.008007117174730384f,-0.11395861622915343f,3.972547074776635f,0f,0.9975406315333637f,0.07009057311805801f,0.7213764013922701f,0.11423957343369824f,0.06963170624484204f,-0.9910099622844961f,-1.5719878416710162f,0f,0f,0f,1f], start_interpolation: 0, interpolation_duration: 1 }
$data merge entity $(bone_right_close) { transformation: [-0.9934532298310206f,0.008007117174730384f,-0.11395861622915343f,3.9730475196000556f,0f,0.9975406315333637f,0.07009057311805801f,0.7837226908631052f,0.11423957343369824f,0.06963170624484204f,-0.9910099622844961f,-1.5676358600307136f,0f,0f,0f,1f], start_interpolation: 0, interpolation_duration: 1 }
$data merge entity $(bone_left_close) { transformation: [-0.9934532298310206f,0.008007117174730384f,-0.11395861622915343f,4.22141082705781f,0f,0.9975406315333637f,0.07009057311805801f,0.7837226908631052f,0.11423957343369824f,0.06963170624484204f,-0.9910099622844961f,-1.5961957533891382f,0f,0f,0f,1f], start_interpolation: 0, interpolation_duration: 1 }
$data merge entity $(bone_left_eyebrow) { transformation: [-0.9934532298310206f,0.008007117174730384f,-0.11395861622915343f,4.221217771541957f,0f,0.9975406315333637f,0.07009057311805801f,0.7587797944139515f,0.11423957343369824f,0.06963170624484204f,-0.9910099622844961f,-1.5978746079226165f,0f,0f,0f,1f], start_interpolation: 0, interpolation_duration: 1 }
$data merge entity $(bone_right_eyebrow) { transformation: [-0.9934532298310206f,0.008007117174730384f,-0.11395861622915343f,3.9728544640842016f,0f,0.9975406315333637f,0.07009057311805801f,0.7587797944139515f,0.11423957343369824f,0.06963170624484204f,-0.9910099622844961f,-1.569314714564192f,0f,0f,0f,1f], start_interpolation: 0, interpolation_duration: 1 }
$data merge entity $(bone_talking) { transformation: [-0.9934532298310206f,0.008007117174730384f,-0.11395861622915343f,4.05911488164022f,0f,0.9975406315333637f,0.07009057311805801f,0.4938945476083223f,0.11423957343369824f,0.06963170624484204f,-0.9910099622844961f,-1.9133663281253441f,0f,0f,0f,1f], start_interpolation: 0, interpolation_duration: 1 }
$data merge entity $(bone_m_opened) { transformation: [-0.9934532298310206f,0.008007117174730384f,-0.11395861622915343f,4.05911488164022f,0f,0.9975406315333637f,0.07009057311805801f,0.4938945476083223f,0.11423957343369824f,0.06963170624484204f,-0.9910099622844961f,-1.9133663281253441f,0f,0f,0f,1f], start_interpolation: 0, interpolation_duration: 1 }
$data merge entity $(bone_head) { transformation: [-0.9934532298310206f,0.008007117174730384f,-0.11395861622915343f,4.066237295154542f,0f,0.9975406315333637f,0.07009057311805801f,0.48951388678844365f,0.11423957343369824f,0.06963170624484204f,-0.9910099622844961f,-1.851428205482563f,0f,0f,0f,1f], start_interpolation: 0, interpolation_duration: 1 }
$data merge entity $(item_display_r_item) { transformation: [-0.4346357880510715f,0.04979659961910424f,0.004275559799448886f,3.7632799356271223f,0f,-0.0374262584403846f,0.4358962321231436f,-0.2687692606396036f,0.04997981337724298f,0.43304251967390933f,0.03718123732809059f,-1.7505346855754986f,0f,0f,0f,1f], start_interpolation: 0, interpolation_duration: 1 }
$data merge entity $(bone_rightarm) { transformation: [-0.9934532298310206f,0.009772708113026052f,-0.11382079912938112f,3.7551602783065907f,0f,0.9963342448528997f,0.08554573357802217f,0.3646328590907114f,0.11423957343369824f,0.08498568532135013f,-0.9898114735403641f,-1.8211450664422004f,0f,0f,0f,1f], start_interpolation: 0, interpolation_duration: 1 }
$data merge entity $(item_display_l_item) { transformation: [-0.4346357880510715f,0.04997974811353208f,0.00008076962252557284f,4.39023308980838f,0f,-0.0007070196438754175f,0.4374994287118821f,-0.26056833039594174f,0.04997981337724298f,0.43463522050304554f,0.000702390948762013f,-1.7693667239070519f,0f,0f,0f,1f], start_interpolation: 0, interpolation_duration: 1 }
$data merge entity $(bone_leftarm) { transformation: [-0.9934532298310206f,0.00018461628005847757f,-0.1142394242595019f,4.376068546950979f,0f,0.9999986941985876f,0.0016160449002868907f,0.3646328590907114f,0.11423957343369824f,0.0016054650257419645f,-0.9934519325783898f,-1.8925447998382618f,0f,0f,0f,1f], start_interpolation: 0, interpolation_duration: 1 }
$data merge entity $(bone_body) { transformation: [-0.9934532298310206f,0.004983060206055231f,-0.11413084267320628f,4.0625f,0f,0.9990482215818578f,0.043619387365336f,-0.25977227939794967f,0.11423957343369824f,0.04333382126134346f,-0.9925076824874337f,-1.8839285714285707f,0f,0f,0f,1f], start_interpolation: 0, interpolation_duration: 1 }
$data merge entity $(bone_leftleg) { transformation: [-0.9934532298310206f,0.009956634873789609f,-0.11380485736691281f,4.186681653728877f,0f,0.9961946980917455f,0.08715574274765818f,-0.22048611111111116f,0.11423957343369824f,0.08658515413098257f,-0.9896728403597831f,-1.898208518107783f,0f,0f,0f,1f], start_interpolation: 0, interpolation_duration: 1 }
$data merge entity $(bone_rightleg) { transformation: [-0.9934532298310206f,-0.014361972606697589f,-0.11333319849522382f,3.9383183462711226f,0f,0.9920660160815423f,-0.12571801675216263f,-0.1875f,0.11423957343369824f,-0.1248949697903863f,-0.9855711878818014f,-1.8696486247493584f,0f,0f,0f,1f], start_interpolation: 0, interpolation_duration: 1 }
data modify entity @s data merge value {"locators":{},"cameras":{"camera":{"posx":6.125,"posy":0.4253827086939571,"posz":0.6284968881274712,"roty":127.56943763406305,"rotx":-3.5709308082533315}}}