# This file was generated by Animated Java via MC-Build. It is not recommended to edit this file directly.
$data merge entity $(bone_left_eye) { transformation: [-0.9935237003557182f,0.006437236218664191f,-0.113442579401855f,4.220377608449692f,0f,0.9983939115579175f,0.05665330850075282f,0.7115952394290335f,0.11362507131562584f,0.056286404699062015f,-0.9919280134236419f,-1.5705397151697904f,0f,0f,0f,1f], start_interpolation: 0, interpolation_duration: 1 }
$data merge entity $(bone_right_eye) { transformation: [-0.9935237003557182f,0.006437236218664191f,-0.113442579401855f,3.971996683360762f,0f,0.9983939115579175f,0.05665330850075282f,0.7115952394290335f,0.11362507131562584f,0.056286404699062015f,-0.9919280134236419f,-1.5421334473408839f,0f,0f,0f,1f], start_interpolation: 0, interpolation_duration: 1 }
$data merge entity $(bone_right_close) { transformation: [-0.9935237003557182f,0.006437236218664191f,-0.113442579401855f,3.972399010624429f,0f,0.9983939115579175f,0.05665330850075282f,0.7739948589014032f,0.11362507131562584f,0.056286404699062015f,-0.9919280134236419f,-1.5386155470471925f,0f,0f,0f,1f], start_interpolation: 0, interpolation_duration: 1 }
$data merge entity $(bone_left_close) { transformation: [-0.9935237003557182f,0.006437236218664191f,-0.113442579401855f,4.220779935713359f,0f,0.9983939115579175f,0.05665330850075282f,0.7739948589014032f,0.11362507131562584f,0.056286404699062015f,-0.9919280134236419f,-1.567021814876099f,0f,0f,0f,1f], start_interpolation: 0, interpolation_duration: 1 }
$data merge entity $(bone_left_eyebrow) { transformation: [-0.9935237003557182f,0.006437236218664191f,-0.113442579401855f,4.220626094969105f,0f,0.9983939115579175f,0.05665330850075282f,0.7490314702806742f,0.11362507131562584f,0.056286404699062015f,-0.9919280134236419f,-1.5683669794927366f,0f,0f,0f,1f], start_interpolation: 0, interpolation_duration: 1 }
$data merge entity $(bone_right_eyebrow) { transformation: [-0.9935237003557182f,0.006437236218664191f,-0.113442579401855f,3.9722451698801753f,0f,0.9983939115579175f,0.05665330850075282f,0.7490314702806742f,0.11362507131562584f,0.056286404699062015f,-0.9919280134236419f,-1.5399607116638303f,0f,0f,0f,1f], start_interpolation: 0, interpolation_duration: 1 }
$data merge entity $(bone_talking) { transformation: [-0.9935237003557182f,0.006437236218664191f,-0.113442579401855f,4.059127030787482f,0f,0.9983939115579175f,0.05665330850075282f,0.4797009204460393f,0.11362507131562584f,0.056286404699062015f,-0.9919280134236419f,-1.8803856866249908f,0f,0f,0f,1f], start_interpolation: 0, interpolation_duration: 1 }
$data merge entity $(bone_m_opened) { transformation: [-0.9935237003557182f,0.006437236218664191f,-0.113442579401855f,4.059127030787482f,0f,0.9983939115579175f,0.05665330850075282f,0.4797009204460393f,0.11362507131562584f,0.056286404699062015f,-0.9919280134236419f,-1.8803856866249908f,0f,0f,0f,1f], start_interpolation: 0, interpolation_duration: 1 }
$data merge entity $(bone_head) { transformation: [-0.9935237003557182f,0.006437236218664191f,-0.113442579401855f,4.066217192000098f,0f,0.9983939115579175f,0.05665330850075282f,0.47616008866474224f,0.11362507131562584f,0.056286404699062015f,-0.9919280134236419f,-1.8183901857860132f,0f,0f,0f,1f], start_interpolation: 0, interpolation_duration: 1 }
$data merge entity $(item_display_r_item) { transformation: [-0.43466661890562674f,0.04946120288339806f,0.004976928618938296f,3.762143377864264f,0f,-0.04380132449037999f,0.435301842372495f,-0.2830953779909485f,0.049710968700586305f,0.4324826972055828f,0.043517653988163874f,-1.726901055102755f,0f,0f,0f,1f], start_interpolation: 0, interpolation_duration: 1 }
$data merge entity $(bone_rightarm) { transformation: [-0.9935237003557182f,0.011375836843287558f,-0.11305417801919557f,3.7551215036389194f,0f,0.99497563970856f,0.10011731312086877f,0.35127906096701f,0.11362507131562584f,0.09946892340151764f,-0.9885318793270464f,-1.7882994628926874f,0f,0f,0f,1f], start_interpolation: 0, interpolation_duration: 1 }
$data merge entity $(item_display_l_item) { transformation: [-0.43466661890562674f,0.049706755984066944f,-0.0006471620284722555f,4.3912002638259375f,0f,0.005695591835314051f,0.43746292441033846f,-0.2720406619519552f,0.049710968700586305f,0.4346297834285934f,-0.005658705475937034f,-1.7270513293768741f,0f,0f,0f,1f], start_interpolation: 0, interpolation_duration: 1 }
$data merge entity $(bone_leftarm) { transformation: [-0.9935237003557182f,-0.0014792274936508447f,-0.11361544224929587f,4.376073816361243f,0f,0.9999152557950594f,-0.013018495623574752f,0.35127906096701f,0.11362507131562584f,-0.012934183944998713f,-0.993439504979642f,-1.8593151324649535f,0f,0f,0f,1f], start_interpolation: 0, interpolation_duration: 1 }
$data merge entity $(bone_body) { transformation: [-0.9935237003557182f,0.004956256000130212f,-0.11351692542498776f,4.0625f,0f,0.9990482215818578f,0.043619387365336f,-0.2731260775216511f,0.11362507131562584f,0.04333689514245809f,-0.9925780859398069f,-1.8508928571428567f,0f,0f,0f,1f], start_interpolation: 0, interpolation_duration: 1 }
$data merge entity $(bone_leftleg) { transformation: [-0.9935237003557182f,0.013847412835598365f,-0.1127781272642952f,4.1866904625444645f,0f,0.9925461516413221f,0.12186934340514737f,-0.21623611111111107f,0.11362507131562584f,0.12108008101980376f,-0.9861181253525142f,-1.86509599105731f,0f,0f,0f,1f], start_interpolation: 0, interpolation_duration: 1 }
$data merge entity $(bone_rightleg) { transformation: [-0.9935237003557182f,-0.019218460835500467f,-0.11198797968797988f,3.938309537455535f,0f,0.9855921619349441f,-0.16913926313072003f,-0.19699999999999995f,0.11362507131562584f,-0.16804386658107248f,-0.979209171767198f,-1.8366897232284034f,0f,0f,0f,1f], start_interpolation: 0, interpolation_duration: 1 }
data modify entity @s data merge value {"locators":{},"cameras":{"camera":{"posx":6.125,"posy":0.42973018421407116,"posz":0.6735656323824636,"roty":127.52573856712011,"rotx":-3.7453069783244666}}}