# This file was generated by Animated Java via MC-Build. It is not recommended to edit this file directly.
$data merge entity $(bone_left_eye) { transformation: [-0.9936043313489985f,0.005329134991196879f,-0.11279199016222374f,4.21992487710983f,0f,0.9988857040379271f,0.04719481188281835f,0.6978349667468217f,0.11291781402643951f,0.0468929695039695f,-0.9924971620546783f,-1.5396190275580448f,0f,0f,0f,1f], start_interpolation: 0, interpolation_duration: 1 }
$data merge entity $(bone_right_eye) { transformation: [-0.9936043313489985f,0.005329134991196879f,-0.11279199016222374f,3.9715237942725805f,0f,0.9988857040379271f,0.04719481188281835f,0.6978349667468217f,0.11291781402643951f,0.0468929695039695f,-0.9924971620546783f,-1.5113895740514351f,0f,0f,0f,1f], start_interpolation: 0, interpolation_duration: 1 }
$data merge entity $(bone_right_close) { transformation: [-0.9936043313489985f,0.005329134991196879f,-0.11279199016222374f,3.9718568652095296f,0f,0.9988857040379271f,0.04719481188281835f,0.7602653232491922f,0.11291781402643951f,0.0468929695039695f,-0.9924971620546783f,-1.508458763457437f,0f,0f,0f,1f], start_interpolation: 0, interpolation_duration: 1 }
$data merge entity $(bone_left_close) { transformation: [-0.9936043313489985f,0.005329134991196879f,-0.11279199016222374f,4.220257948046779f,0f,0.9988857040379271f,0.04719481188281835f,0.7602653232491922f,0.11291781402643951f,0.0468929695039695f,-0.9924971620546783f,-1.5366882169640466f,0f,0f,0f,1f], start_interpolation: 0, interpolation_duration: 1 }
$data merge entity $(bone_left_eyebrow) { transformation: [-0.9936043313489985f,0.005329134991196879f,-0.11279199016222374f,4.220131769171385f,0f,0.9988857040379271f,0.04719481188281835f,0.7352902309725015f,0.11291781402643951f,0.0468929695039695f,-0.9924971620546783f,-1.5377985101290177f,0f,0f,0f,1f], start_interpolation: 0, interpolation_duration: 1 }
$data merge entity $(bone_right_eyebrow) { transformation: [-0.9936043313489985f,0.005329134991196879f,-0.11279199016222374f,3.9717306863341353f,0f,0.9988857040379271f,0.04719481188281835f,0.7352902309725015f,0.11291781402643951f,0.0468929695039695f,-0.9924971620546783f,-1.5095690566224078f,0f,0f,0f,1f], start_interpolation: 0, interpolation_duration: 1 }
$data merge entity $(bone_talking) { transformation: [-0.9936043313489985f,0.005329134991196879f,-0.11279199016222374f,4.059144555017711f,0f,0.9988857040379271f,0.04719481188281835f,0.46286191945072064f,0.11291781402643951f,0.0468929695039695f,-0.9924971620546783f,-1.8473829063228193f,0f,0f,0f,1f], start_interpolation: 0, interpolation_duration: 1 }
$data merge entity $(bone_m_opened) { transformation: [-0.9936043313489985f,0.005329134991196879f,-0.11279199016222374f,4.059144555017711f,0f,0.9988857040379271f,0.04719481188281835f,0.46286191945072064f,0.11291781402643951f,0.0468929695039695f,-0.9924971620546783f,-1.8473829063228193f,0f,0f,0f,1f], start_interpolation: 0, interpolation_duration: 1 }
$data merge entity $(bone_head) { transformation: [-0.9936043313489985f,0.005329134991196879f,-0.11279199016222374f,4.06619405440285f,0f,0.9988857040379271f,0.04719481188281835f,0.4599122437080445f,0.11291781402643951f,0.0468929695039695f,-0.9924971620546783f,-1.7853518336944019f,0f,0f,0f,1f], start_interpolation: 0, interpolation_duration: 1 }
$data merge entity $(item_display_r_item) { transformation: [-0.43470189496518685f,0.04908787566363795f,0.005558145059899252f,3.76116192522652f,0f,-0.049222924724683585f,0.434722156879021f,-0.3000641294524845f,0.049401543636567284f,0.4319418180083741f,0.048908111208111324f,-1.7019393506331726f,0f,0f,0f,1f], start_interpolation: 0, interpolation_duration: 1 }
$data merge entity $(bone_rightarm) { transformation: [-0.9936043313489985f,0.01270433156548403f,-0.1122008586597439f,3.755077025122479f,0f,0.9936506442949051f,0.11250954222784841f,0.33503121601031227f,0.11291781402643951f,0.11178996847568325f,-0.9872955840191409f,-1.755482568338263f,0f,0f,0f,1f], start_interpolation: 0, interpolation_duration: 1 }
$data merge entity $(item_display_l_item) { transformation: [-0.43470189496518685f,0.049385505737697705f,-0.0012587043765274247f,4.391988025821414f,0f,0.011147084163644023f,0.4373579683904806f,-0.28658100050076174f,0.049401543636567284f,0.43456077174277996f,-0.011075791106908532f,-1.6860734228826957f,0f,0f,0f,1f], start_interpolation: 0, interpolation_duration: 1 }
$data merge entity $(bone_leftarm) { transformation: [-0.9936043313489985f,-0.002877038574919803f,-0.11288115597188046f,4.3760797322156035f,0f,0.9996753563210985f,-0.0254790495169004f,0.33503121601031227f,0.11291781402643951f,-0.025316093958647853f,-0.993281763983497f,-1.8260562021047877f,0f,0f,0f,1f], start_interpolation: 0, interpolation_duration: 1 }
$data merge entity $(bone_body) { transformation: [-0.9936043313489985f,0.0049254058704662354f,-0.11281034128802535f,4.0625f,0f,0.9990482215818578f,0.043619387365336f,-0.2893739224783488f,0.11291781402643951f,0.04334041221698763f,-0.992658640190248f,-1.8178571428571426f,0f,0f,0f,1f], start_interpolation: 0, interpolation_duration: 1 }
$data merge entity $(bone_leftleg) { transformation: [-0.9936043313489985f,0.017664237830738314f,-0.11152760835940441f,4.186700541418625f,0f,0.9876883405951378f,0.15643446504023062f,-0.21225000000000005f,0.11291781402643951f,0.15543396203623663f,-0.9813714132382337f,-1.8319718696104474f,0f,0f,0f,1f], start_interpolation: 0, interpolation_duration: 1 }
$data merge entity $(bone_rightleg) { transformation: [-0.9936043313489985f,-0.023245555772075096f,-0.11049921656444867f,3.9382994585813753f,0f,0.9785809043254722f,-0.205862608769881f,-0.21099999999999985f,0.11291781402643951f,-0.20454597973655808f,-0.9723222251132091f,-1.8037424161038378f,0f,0f,0f,1f], start_interpolation: 0, interpolation_duration: 1 }
data modify entity @s data merge value {"locators":{},"cameras":{"camera":{"posx":6.125,"posy":0.43403790087463556,"posz":0.717747813411079,"roty":127.47793175406036,"rotx":-3.9165417848835973}}}