# This file was generated by Animated Java via MC-Build. It is not recommended to edit this file directly.
$data merge entity $(bone_left_eye) { transformation: [-0.993695117331857f,0.004890434411431107f,-0.11200936318939819f,4.219604664875264f,0f,0.9990482215818578f,0.043619387365336f,0.6854156541384735f,0.11211607284786164f,0.04334437224594128f,-0.9927493397649673f,-1.5073042304902273f,0f,0f,0f,1f], start_interpolation: 0, interpolation_duration: 1 }
$data merge entity $(bone_right_eye) { transformation: [-0.993695117331857f,0.004890434411431107f,-0.11200936318939819f,3.971180885542299f,0f,0.9990482215818578f,0.043619387365336f,0.6854156541384735f,0.11211607284786164f,0.04334437224594128f,-0.9927493397649673f,-1.479275212278262f,0f,0f,0f,1f], start_interpolation: 0, interpolation_duration: 1 }
$data merge entity $(bone_right_close) { transformation: [-0.993695117331857f,0.004890434411431107f,-0.11200936318939819f,3.971486537693013f,0f,0.9990482215818578f,0.043619387365336f,0.7478561679873394f,0.11211607284786164f,0.04334437224594128f,-0.9927493397649673f,-1.4765661890128905f,0f,0f,0f,1f], start_interpolation: 0, interpolation_duration: 1 }
$data merge entity $(bone_left_close) { transformation: [-0.993695117331857f,0.004890434411431107f,-0.11200936318939819f,4.2199103170259775f,0f,0.9990482215818578f,0.043619387365336f,0.7478561679873394f,0.11211607284786164f,0.04334437224594128f,-0.9927493397649673f,-1.5045952072248558f,0f,0f,0f,1f], start_interpolation: 0, interpolation_duration: 1 }
$data merge entity $(bone_left_eyebrow) { transformation: [-0.993695117331857f,0.004890434411431107f,-0.11200936318939819f,4.219795056750891f,0f,0.9990482215818578f,0.043619387365336f,0.7228772362360828f,0.11211607284786164f,0.04334437224594128f,-0.9927493397649673f,-1.505616769697269f,0f,0f,0f,1f], start_interpolation: 0, interpolation_duration: 1 }
$data merge entity $(bone_right_eyebrow) { transformation: [-0.993695117331857f,0.004890434411431107f,-0.11200936318939819f,3.9713712774179264f,0f,0.9990482215818578f,0.043619387365336f,0.7228772362360828f,0.11211607284786164f,0.04334437224594128f,-0.9927493397649673f,-1.4775877514853037f,0f,0f,0f,1f], start_interpolation: 0, interpolation_duration: 1 }
$data merge entity $(bone_talking) { transformation: [-0.993695117331857f,0.004890434411431107f,-0.11200936318939819f,4.059167240609236f,0f,0.9990482215818578f,0.043619387365336f,0.4492846572946765f,0.11211607284786164f,0.04334437224594128f,-0.9927493397649673f,-1.814359983122282f,0f,0f,0f,1f], start_interpolation: 0, interpolation_duration: 1 }
$data merge entity $(bone_m_opened) { transformation: [-0.993695117331857f,0.004890434411431107f,-0.11200936318939819f,4.059167240609236f,0f,0.9990482215818578f,0.043619387365336f,0.4492846572946765f,0.11211607284786164f,0.04334437224594128f,-0.9927493397649673f,-1.814359983122282f,0f,0f,0f,1f], start_interpolation: 0, interpolation_duration: 1 }
$data merge entity $(bone_head) { transformation: [-0.993695117331857f,0.004890434411431107f,-0.11200936318939819f,4.066167825808574f,0f,0.9990482215818578f,0.043619387365336f,0.446558445584343f,0.11211607284786164f,0.04334437224594128f,-0.9927493397649673f,-1.7523131493869717f,0f,0f,0f,1f], start_interpolation: 0, interpolation_duration: 1 }
$data merge entity $(item_display_r_item) { transformation: [-0.43474161383268745f,0.04868369493510929f,0.0059897453715244105f,3.760379645363078f,0f,-0.053424502119801556f,0.434225831305844f,-0.3139093417273955f,0.04905078187093947f,0.43148808838798386f,0.053087666902332256f,-1.6752521363309512f,0f,0f,0f,1f], start_interpolation: 0, interpolation_duration: 1 }
$data merge entity $(bone_rightarm) { transformation: [-0.993695117331857f,0.01369084656348439f,-0.11127701699453552f,3.755026797340939f,0f,0.9925161858419292f,0.12211314770240378f,0.32167741788661075f,0.11211607284786164f,0.12134323863390252f,-0.9862584877439631f,-1.7226949231527575f,0f,0f,0f,1f], start_interpolation: 0, interpolation_duration: 1 }
$data merge entity $(item_display_l_item) { transformation: [-0.43474161383268745f,0.049020479484596396f,-0.0017238889902623574f,4.392554795512181f,0f,0.015375930912257568f,0.43722972308453767f,-0.2985433491163695f,0.04905078187093947f,0.434473040981465f,-0.015278987471942312f,-1.6468051891566209f,0f,0f,0f,1f], start_interpolation: 0, interpolation_duration: 1 }
$data merge entity $(bone_leftarm) { transformation: [-0.993695117331857f,-0.003940317692028221f,-0.11204681025050606f,4.37608624567335f,0f,0.999382224193229f,-0.03514498494230279f,0.32167741788661075f,0.11211607284786164f,-0.03492339993586792f,-0.9930812365290629f,-1.7927674686826711f,0f,0f,0f,1f], start_interpolation: 0, interpolation_duration: 1 }
$data merge entity $(bone_body) { transformation: [-0.993695117331857f,0.004890434411431107f,-0.11200936318939819f,4.0625f,0f,0.9990482215818578f,0.043619387365336f,-0.30272772060205033f,0.11211607284786164f,0.04334437224594128f,-0.9927493397649673f,-1.7848214285714277f,0f,0f,0f,1f], start_interpolation: 0, interpolation_duration: 1 }
$data merge entity $(bone_leftleg) { transformation: [-0.993695117331857f,0.021392755225664018f,-0.11005618480885952f,4.1867118896664826f,0f,0.9816271834476639f,0.19080899537654503f,-0.2086527777777778f,0.11211607284786164f,0.18960596704866967f,-0.9754381392321667f,-1.7988359376774103f,0f,0f,0f,1f], start_interpolation: 0, interpolation_duration: 1 }
$data merge entity $(bone_rightleg) { transformation: [-0.993695117331857f,-0.026253307720151182f,-0.10899897992448401f,3.938288110333518f,0f,0.9721976265828769f,-0.2341618561307992f,-0.22650000000000015f,0.11211607284786164f,-0.23268549310253994f,-0.9660680346170247f,-1.770806919465445f,0f,0f,0f,1f], start_interpolation: 0, interpolation_duration: 1 }
data modify entity @s data merge value {"locators":{},"cameras":{"camera":{"posx":6.125,"posy":0.4383046347555335,"posz":0.7610220682440073,"roty":127.42585054418637,"rotx":-4.083966419292737}}}