# This file was generated by Animated Java via MC-Build. It is not recommended to edit this file directly.
$data merge entity $(bone_left_eye) { transformation: [-0.9937960206856054f,0.00538832422387231f,-0.11108751159115217f,4.219481911093939f,0f,0.9988256935381284f,0.04844826032043569f,0.6766076489242934f,0.11121811574314652f,0.048147688315589306f,-0.9926289995967321f,-1.4729822265842154f,0f,0f,0f,1f], start_interpolation: 0, interpolation_duration: 1 }
$data merge entity $(bone_right_eye) { transformation: [-0.9937960206856054f,0.00538832422387231f,-0.11108751159115217f,3.9710329059225375f,0f,0.9988256935381284f,0.04844826032043569f,0.6766076489242934f,0.11121811574314652f,0.048147688315589306f,-0.9926289995967321f,-1.445177697648429f,0f,0f,0f,1f], start_interpolation: 0, interpolation_duration: 1 }
$data merge entity $(bone_right_close) { transformation: [-0.9937960206856054f,0.00538832422387231f,-0.11108751159115217f,3.9713696761865296f,0f,0.9988256935381284f,0.04844826032043569f,0.7390342547704264f,0.11121811574314652f,0.048147688315589306f,-0.9926289995967321f,-1.4421684671287045f,0f,0f,0f,1f], start_interpolation: 0, interpolation_duration: 1 }
$data merge entity $(bone_left_close) { transformation: [-0.9937960206856054f,0.00538832422387231f,-0.11108751159115217f,4.219818681357931f,0f,0.9988256935381284f,0.04844826032043569f,0.7390342547704264f,0.11121811574314652f,0.048147688315589306f,-0.9926289995967321f,-1.469972996064491f,0f,0f,0f,1f], start_interpolation: 0, interpolation_duration: 1 }
$data merge entity $(bone_left_eyebrow) { transformation: [-0.9937960206856054f,0.00538832422387231f,-0.11108751159115217f,4.219690916221809f,0f,0.9988256935381284f,0.04844826032043569f,0.7140605844157032f,0.11121811574314652f,0.048147688315589306f,-0.9926289995967321f,-1.4711146489599058f,0f,0f,0f,1f], start_interpolation: 0, interpolation_duration: 1 }
$data merge entity $(bone_right_eyebrow) { transformation: [-0.9937960206856054f,0.00538832422387231f,-0.11108751159115217f,3.9712419110504076f,0f,0.9988256935381284f,0.04844826032043569f,0.7140605844157032f,0.11121811574314652f,0.048147688315589306f,-0.9926289995967321f,-1.4433101200241192f,0f,0f,0f,1f], start_interpolation: 0, interpolation_duration: 1 }
$data merge entity $(bone_talking) { transformation: [-0.9937960206856054f,0.00538832422387231f,-0.11108751159115217f,4.059195480080035f,0f,0.9988256935381284f,0.04844826032043569f,0.4420413068898974f,0.11121811574314652f,0.048147688315589306f,-0.9926289995967321f,-1.7813134465691982f,0f,0f,0f,1f], start_interpolation: 0, interpolation_duration: 1 }
$data merge entity $(bone_m_opened) { transformation: [-0.9937960206856054f,0.00538832422387231f,-0.11108751159115217f,4.059195480080035f,0f,0.9988256935381284f,0.04844826032043569f,0.4420413068898974f,0.11121811574314652f,0.048147688315589306f,-0.9926289995967321f,-1.7813134465691982f,0f,0f,0f,1f], start_interpolation: 0, interpolation_duration: 1 }
$data merge entity $(bone_head) { transformation: [-0.9937960206856054f,0.00538832422387231f,-0.11108751159115217f,4.066138449554482f,0f,0.9988256935381284f,0.04844826032043569f,0.43901329061987016f,0.11121811574314652f,0.048147688315589306f,-0.9926289995967321f,-1.7192741340944024f,0f,0f,0f,1f], start_interpolation: 0, interpolation_duration: 1 }
$data merge entity $(item_display_r_item) { transformation: [-0.4347857590499523f,0.048255653936734984f,0.006243844208087992f,3.759838337087235f,0f,-0.05614053219987904f,0.43388303797718847f,-0.3217408005309539f,0.0486579256376266f,0.4311912365847113f,0.05579223749941188f,-1.646442769883892f,0f,0f,0f,1f], start_interpolation: 0, interpolation_duration: 1 }
$data merge entity $(bone_rightarm) { transformation: [-0.9937960206856054f,0.014271643904201149f,-0.11029863756967996f,3.7549707848311504f,0f,0.9917326582335736f,0.1283212164568666f,0.3141322629221379f,0.11121811574314652f,0.12752511428437024f,-0.985579969336483f,-1.689937069623221f,0f,0f,0f,1f], start_interpolation: 0, interpolation_duration: 1 }
$data merge entity $(item_display_l_item) { transformation: [-0.4347857590499523f,0.04861621348428203f,-0.00201432713517804f,4.392861254662559f,0f,0.018111502085056373f,0.4371249518069439f,-0.30515723906348013f,0.0486579256376266f,0.43441303764812783f,-0.01799913870076807f,-1.609617325919268f,0f,0f,0f,1f], start_interpolation: 0, interpolation_duration: 1 }
$data merge entity $(bone_leftarm) { transformation: [-0.9937960206856054f,-0.004604176308978352f,-0.11112277367835892f,4.376093297759653f,0f,0.9991427469873003f,-0.0413977190515572f,0.3141322629221379f,0.11121811574314652f,-0.041140888458898225f,-0.9929440860528637f,-1.7594483919626875f,0f,0f,0f,1f], start_interpolation: 0, interpolation_duration: 1 }
$data merge entity $(bone_body) { transformation: [-0.9937960206856054f,0.004851266072643082f,-0.11111226074087575f,4.0625f,0f,0.9990482215818578f,0.043619387365336f,-0.31027287556652317f,0.11121811574314652f,0.043348773588414886f,-0.9928501470810812f,-1.7517857142857136f,0f,0f,0f,1f], start_interpolation: 0, interpolation_duration: 1 }
$data merge entity $(bone_leftleg) { transformation: [-0.9937960206856054f,0.02501863239855883f,-0.10836760264194147f,4.186724502585701f,0f,0.9743700647852352f,0.2249510543438651f,-0.20556944444444447f,0.11121811574314652f,0.2235554626559645f,-0.9683250930587423f,-1.7656879787536068f,0f,0f,0f,1f], start_interpolation: 0, interpolation_duration: 1 }
$data merge entity $(bone_rightleg) { transformation: [-0.9937960206856054f,-0.028068072232261366f,-0.1076180867262585f,3.9382754974142995f,0f,0.9676309116295214f,-0.2523696076373329f,-0.24050000000000005f,0.11121811574314652f,-0.250803911811969f,-0.961627749469803f,-1.7378834498178204f,0f,0f,0f,1f], start_interpolation: 0, interpolation_duration: 1 }
data modify entity @s data merge value {"locators":{},"cameras":{"camera":{"posx":6.125,"posy":0.44252916193664815,"posz":0.8033670339119333,"roty":127.36932971967013,"rotx":-4.246911963132376}}}