# This file was generated by Animated Java via MC-Build. It is not recommended to edit this file directly.
$data merge entity $(bone_left_eye) { transformation: [-0.9939069700023561f,0.006712110366607001f,-0.11001764656255009f,4.219526679349745f,0f,0.99814410601679f,0.060896170847954956f,0.6710981499786021f,0.11022220729388292f,0.06052512865223672f,-0.9920623840368581f,-1.4368656878922312f,0f,0f,0f,1f], start_interpolation: 0, interpolation_duration: 1 }
$data merge entity $(bone_right_eye) { transformation: [-0.9939069700023561f,0.006712110366607001f,-0.11001764656255009f,3.9710499368491554f,0f,0.99814410601679f,0.060896170847954956f,0.6710981499786021f,0.11022220729388292f,0.06052512865223672f,-0.9920623840368581f,-1.4093101360687603f,0f,0f,0f,1f], start_interpolation: 0, interpolation_duration: 1 }
$data merge entity $(bone_right_close) { transformation: [-0.9939069700023561f,0.006712110366607001f,-0.11001764656255009f,3.9714694437470683f,0f,0.99814410601679f,0.060896170847954956f,0.7334821566046514f,0.11022220729388292f,0.06052512865223672f,-0.9920623840368581f,-1.4055273155279955f,0f,0f,0f,1f], start_interpolation: 0, interpolation_duration: 1 }
$data merge entity $(bone_left_close) { transformation: [-0.9939069700023561f,0.006712110366607001f,-0.11001764656255009f,4.2199461862476575f,0f,0.99814410601679f,0.060896170847954956f,0.7334821566046514f,0.11022220729388292f,0.06052512865223672f,-0.9920623840368581f,-1.4330828673514664f,0f,0f,0f,1f], start_interpolation: 0, interpolation_duration: 1 }
$data merge entity $(bone_left_eyebrow) { transformation: [-0.9939069700023561f,0.006712110366607001f,-0.11001764656255009f,4.2197852595914025f,0f,0.99814410601679f,0.060896170847954956f,0.7085247479435538f,0.11022220729388292f,0.06052512865223672f,-0.9920623840368581f,-1.4345339916687698f,0f,0f,0f,1f], start_interpolation: 0, interpolation_duration: 1 }
$data merge entity $(bone_right_eyebrow) { transformation: [-0.9939069700023561f,0.006712110366607001f,-0.11001764656255009f,3.9713085170908133f,0f,0.99814410601679f,0.060896170847954956f,0.7085247479435538f,0.11022220729388292f,0.06052512865223672f,-0.9920623840368581f,-1.4069784398452991f,0f,0f,0f,1f], start_interpolation: 0, interpolation_duration: 1 }
$data merge entity $(bone_talking) { transformation: [-0.9939069700023561f,0.006712110366607001f,-0.11001764656255009f,4.059229765957001f,0f,0.99814410601679f,0.060896170847954956f,0.4405921768643905f,0.11022220729388292f,0.06052512865223672f,-0.9920623840368581f,-1.7482386891550732f,0f,0f,0f,1f], start_interpolation: 0, interpolation_duration: 1 }
$data merge entity $(bone_m_opened) { transformation: [-0.9939069700023561f,0.006712110366607001f,-0.11001764656255009f,4.059229765957001f,0f,0.99814410601679f,0.060896170847954956f,0.4405921768643905f,0.11022220729388292f,0.06052512865223672f,-0.9920623840368581f,-1.7482386891550732f,0f,0f,0f,1f], start_interpolation: 0, interpolation_duration: 1 }
$data merge entity $(bone_head) { transformation: [-0.9939069700023561f,0.006712110366607001f,-0.11001764656255009f,4.066105868867161f,0f,0.99814410601679f,0.060896170847954956f,0.4367861661863933f,0.11022220729388292f,0.06052512865223672f,-0.9920623840368581f,-1.6862347901527694f,0f,0f,0f,1f], start_interpolation: 0, interpolation_duration: 1 }
$data merge entity $(item_display_r_item) { transformation: [-0.4348342993760308f,0.04780966795097463f,0.006294262194569874f,3.7595770645906477f,0f,-0.05710520909627248f,0.43375712685104206f,-0.3240636738974769f,0.04822221569107378f,0.4311142316654468f,0.05675726534422716f,-1.6151158648876902f,0f,0f,0f,1f], start_interpolation: 0, interpolation_duration: 1 }
$data merge entity $(bone_rightarm) { transformation: [-0.9939069700023561f,0.014386885016159735f,-0.10927924103079917f,3.7549089625968977f,0f,0.9914448613738104f,0.1305261922200516f,0.3119051384886611f,0.11022220729388292f,0.1297308922153766f,-0.9854039580924498f,-1.6572095520146362f,0f,0f,0f,1f], start_interpolation: 0, interpolation_duration: 1 }
$data merge entity $(item_display_l_item) { transformation: [-0.4348342993760308f,0.04817631882690402f,-0.0021034235058437424f,4.392870372092977f,0f,0.019083481972334605f,0.4370835969420628f,-0.307047576579333f,0.04822221569107378f,0.4344204334744167f,-0.01896720574421767f,-1.5748822995174543f,0f,0f,0f,1f], start_interpolation: 0, interpolation_duration: 1 }
$data merge entity $(bone_leftarm) { transformation: [-0.9939069700023561f,-0.004807825156214244f,-0.11011730017578061f,4.3761008188483705f,0f,0.9990482215818578f,-0.043619387365336014f,0.3119051384886611f,0.11022220729388292f,-0.043353613129640166f,-0.9929609907986667f,-1.7260984315733128f,0f,0f,0f,1f], start_interpolation: 0, interpolation_duration: 1 }
$data merge entity $(bone_body) { transformation: [-0.9939069700023561f,0.004807825156214242f,-0.11011730017578061f,4.0625f,0f,0.9990482215818578f,0.043619387365336f,-0.3125f,0.11022220729388292f,0.04335361312964016f,-0.9929609907986667f,-1.7187499999999996f,0f,0f,0f,1f], start_interpolation: 0, interpolation_duration: 1 }
$data merge entity $(bone_leftleg) { transformation: [-0.9939069700023561f,0.028527606440894873f,-0.10646647665574883f,4.186738371250295f,0f,0.9659258262890683f,0.25881904510252074f,-0.203125f,0.11022220729388292f,0.2572420528967495f,-0.96004041125399f,-1.732527775911735f,0f,0f,0f,1f], start_interpolation: 0, interpolation_duration: 1 }
$data merge entity $(bone_rightleg) { transformation: [-0.9939069700023561f,-0.028527606440894873f,-0.10646647665574883f,3.9382616287497054f,0f,0.9659258262890683f,-0.25881904510252074f,-0.25f,0.11022220729388292f,-0.2572420528967495f,-0.96004041125399f,-1.704972224088264f,0f,0f,0f,1f], start_interpolation: 0, interpolation_duration: 1 }
data modify entity @s data merge value {"locators":{},"cameras":{"camera":{"posx":6.125,"posy":0.44671025849786283,"posz":0.8447613474455541,"roty":127.30820548879808,"rotx":-4.404709416626268}}}
execute on vehicle unless entity @s[tag=aj.transforms_only] at @s run function animated_java:humanentity/animations/000_mur_0/zzz/frames/zzz/8