# This file was generated by Animated Java via MC-Build. It is not recommended to edit this file directly.
$data merge entity $(bone_left_eye) { transformation: [-0.9940278584040523f,0.008501080925767335f,-0.10879498306331449f,4.2196475251588845f,0f,0.9969610932083057f,0.07790108233458716f,0.6686255988841403f,0.1091266086555123f,0.07743584604040743f,-0.9910071003940149f,-1.3997252105318725f,0f,0f,0f,1f], start_interpolation: 0, interpolation_duration: 1 }
$data merge entity $(bone_right_eye) { transformation: [-0.9940278584040523f,0.008501080925767335f,-0.10879498306331449f,3.9711405605578713f,0f,0.9969610932083057f,0.07790108233458716f,0.6686255988841403f,0.1091266086555123f,0.07743584604040743f,-0.9910071003940149f,-1.3724435583679946f,0f,0f,0f,1f], start_interpolation: 0, interpolation_duration: 1 }
$data merge entity $(bone_right_close) { transformation: [-0.9940278584040523f,0.008501080925767335f,-0.10879498306331449f,3.971671878115732f,0f,0.9969610932083057f,0.07790108233458716f,0.7309356672096594f,0.1091266086555123f,0.07743584604040743f,-0.9910071003940149f,-1.367603817990469f,0f,0f,0f,1f], start_interpolation: 0, interpolation_duration: 1 }
$data merge entity $(bone_left_close) { transformation: [-0.9940278584040523f,0.008501080925767335f,-0.10879498306331449f,4.220178842716745f,0f,0.9969610932083057f,0.07790108233458716f,0.7309356672096594f,0.1091266086555123f,0.07743584604040743f,-0.9910071003940149f,-1.394885470154347f,0f,0f,0f,1f], start_interpolation: 0, interpolation_duration: 1 }
$data merge entity $(bone_left_eyebrow) { transformation: [-0.9940278584040523f,0.008501080925767335f,-0.10879498306331449f,4.219973115380042f,0f,0.9969610932083057f,0.07790108233458716f,0.7060067710618059f,0.1091266086555123f,0.07743584604040743f,-0.9910071003940149f,-1.3967594283615827f,0f,0f,0f,1f], start_interpolation: 0, interpolation_duration: 1 }
$data merge entity $(bone_right_eyebrow) { transformation: [-0.9940278584040523f,0.008501080925767335f,-0.10879498306331449f,3.971466150779029f,0f,0.9969610932083057f,0.07790108233458716f,0.7060067710618059f,0.1091266086555123f,0.07743584604040743f,-0.9910071003940149f,-1.3694777761977046f,0f,0f,0f,1f], start_interpolation: 0, interpolation_duration: 1 }
$data merge entity $(bone_talking) { transformation: [-0.9940278584040523f,0.008501080925767335f,-0.10879498306331449f,4.05927034041965f,0f,0.9969610932083057f,0.07790108233458716f,0.4437294138116223f,0.1091266086555123f,0.07743584604040743f,-0.9910071003940149f,-1.715133064833165f,0f,0f,0f,1f], start_interpolation: 0, interpolation_duration: 1 }
$data merge entity $(bone_m_opened) { transformation: [-0.9940278584040523f,0.008501080925767335f,-0.10879498306331449f,4.05927034041965f,0f,0.9969610932083057f,0.07790108233458716f,0.4437294138116223f,0.1091266086555123f,0.07743584604040743f,-0.9910071003940149f,-1.715133064833165f,0f,0f,0f,1f], start_interpolation: 0, interpolation_duration: 1 }
$data merge entity $(bone_head) { transformation: [-0.9940278584040523f,0.008501080925767335f,-0.10879498306331449f,4.066070026861108f,0f,0.9969610932083057f,0.07790108233458716f,0.4388605961657106f,0.1091266086555123f,0.07743584604040743f,-0.9910071003940149f,-1.6531951210585392f,0f,0f,0f,1f], start_interpolation: 0, interpolation_duration: 1 }
$data merge entity $(item_display_r_item) { transformation: [-0.43488718805177284f,0.04734818448760142f,0.006126425887088389f,3.759617332362178f,0f,-0.05614053219987905f,0.43388303797718847f,-0.32189349498511344f,0.04774289128678663f,0.4312918270383087f,0.05580525299230951f,-1.5810084703220033f,0f,0f,0f,1f], start_interpolation: 0, interpolation_duration: 1 }
$data merge entity $(bone_rightarm) { transformation: [-0.9940278584040523f,0.01400325917048777f,-0.1082244216859461f,3.75484131663299f,0f,0.9917326582335736f,0.12832121645686662f,0.31397956846797836f,0.1091266086555123f,0.12755486398242197f,-0.985809890373277f,-1.6245129166296493f,0f,0f,0f,1f], start_interpolation: 0, interpolation_duration: 1 }
$data merge entity $(item_display_l_item) { transformation: [-0.43488718805177284f,0.04770196354939604f,-0.0019764468001994434f,4.3925613560070635f,0f,0.018111502085056387f,0.4371249518069439f,-0.3053099335176397f,0.04774289128678663f,0.434514379699631f,-0.01800333763008913f,-1.5428510276536085f,0f,0f,0f,1f], start_interpolation: 0, interpolation_duration: 1 }
$data merge entity $(bone_leftarm) { transformation: [-0.9940278584040523f,-0.004517592686170133f,-0.10903305954147667f,4.376108728135523f,0f,0.9991427469873003f,-0.04139771905155723f,0.31397956846797836f,0.1091266086555123f,-0.04115048601163208f,-0.993175725027728f,-1.6927170470393444f,0f,0f,0f,1f], start_interpolation: 0, interpolation_duration: 1 }
$data merge entity $(bone_body) { transformation: [-0.9940278584040523f,0.004760035814810219f,-0.10902274430454893f,4.0625f,0f,0.9990482215818578f,0.043619387365336f,-0.3104255700206827f,0.1091266086555123f,0.04335888620766172f,-0.9930817641413912f,-1.6857142857142855f,0f,0f,0f,1f], start_interpolation: 0, interpolation_duration: 1 }
$data merge entity $(bone_leftleg) { transformation: [-0.9940278584040523f,0.024548145674027844f,-0.10632970074546454f,4.186753482300507f,0f,0.9743700647852352f,0.2249510543438651f,-0.19774999999999998f,0.1091266086555123f,0.2236076147951658f,-0.968550988791485f,-1.6993551117962244f,0f,0f,0f,1f], start_interpolation: 0, interpolation_duration: 1 }
$data merge entity $(bone_rightleg) { transformation: [-0.9940278584040523f,-0.027540239409184417f,-0.10559427981637139f,3.9382465176994934f,0f,0.9676309116295214f,-0.2523696076373329f,-0.2519444444444444f,0.1091266086555123f,-0.250862420606009f,-0.9618520828126539f,-1.6720734596323465f,0f,0f,0f,1f], start_interpolation: 0, interpolation_duration: 1 }
data modify entity @s data merge value {"locators":{},"cameras":{"camera":{"posx":6.125,"posy":0.4508467005190608,"posz":0.8851836458755525,"roty":127.24231547095364,"rotx":-4.5566897291616675}}}