# This file was generated by Animated Java via MC-Build. It is not recommended to edit this file directly.
$data merge entity $(bone_left_eye) { transformation: [-0.9941585418299476f,0.01040472288734848f,-0.10742688419660103f,4.219758586037688f,0f,0.9953423950287485f,0.09640288718930881f,0.6699295085574988f,0.10792957753346596f,0.0958397537563202f,-0.9895281440633085f,-1.3623043542613689f,0f,0f,0f,1f], start_interpolation: 0, interpolation_duration: 1 }
$data merge entity $(bone_right_eye) { transformation: [-0.9941585418299476f,0.01040472288734848f,-0.10742688419660103f,3.9712189505802016f,0f,0.9953423950287485f,0.09640288718930881f,0.6699295085574988f,0.10792957753346596f,0.0958397537563202f,-0.9895281440633085f,-1.3353219598780022f,0f,0f,0f,1f], start_interpolation: 0, interpolation_duration: 1 }
$data merge entity $(bone_right_close) { transformation: [-0.9941585418299476f,0.01040472288734848f,-0.10742688419660103f,3.9718692457606606f,0f,0.9953423950287485f,0.09640288718930881f,0.7321384082467955f,0.10792957753346596f,0.0958397537563202f,-0.9895281440633085f,-1.3293319752682322f,0f,0f,0f,1f], start_interpolation: 0, interpolation_duration: 1 }
$data merge entity $(bone_left_close) { transformation: [-0.9941585418299476f,0.01040472288734848f,-0.10742688419660103f,4.220408881218147f,0f,0.9953423950287485f,0.09640288718930881f,0.7321384082467955f,0.10792957753346596f,0.0958397537563202f,-0.9895281440633085f,-1.356314369651599f,0f,0f,0f,1f], start_interpolation: 0, interpolation_duration: 1 }
$data merge entity $(bone_left_eyebrow) { transformation: [-0.9941585418299476f,0.01040472288734848f,-0.10742688419660103f,4.220155477326227f,0f,0.9953423950287485f,0.09640288718930881f,0.7072488231906277f,0.10792957753346596f,0.0958397537563202f,-0.9895281440633085f,-1.3586485179865029f,0f,0f,0f,1f], start_interpolation: 0, interpolation_duration: 1 }
$data merge entity $(bone_right_eyebrow) { transformation: [-0.9941585418299476f,0.01040472288734848f,-0.10742688419660103f,3.9716158418687395f,0f,0.9953423950287485f,0.09640288718930881f,0.7072488231906277f,0.10792957753346596f,0.0958397537563202f,-0.9895281440633085f,-1.3316661236031364f,0f,0f,0f,1f], start_interpolation: 0, interpolation_duration: 1 }
$data merge entity $(bone_talking) { transformation: [-0.9941585418299476f,0.01040472288734848f,-0.10742688419660103f,4.05931668627567f,0f,0.9953423950287485f,0.09640288718930881f,0.45121981204697065f,0.10792957753346596f,0.0958397537563202f,-0.9895281440633085f,-1.6820006405285495f,0f,0f,0f,1f], start_interpolation: 0, interpolation_duration: 1 }
$data merge entity $(bone_m_opened) { transformation: [-0.9941585418299476f,0.01040472288734848f,-0.10742688419660103f,4.05931668627567f,0f,0.9953423950287485f,0.09640288718930881f,0.45121981204697065f,0.10792957753346596f,0.0958397537563202f,-0.9895281440633085f,-1.6820006405285495f,0f,0f,0f,1f], start_interpolation: 0, interpolation_duration: 1 }
$data merge entity $(bone_head) { transformation: [-0.9941585418299476f,0.01040472288734848f,-0.10742688419660103f,4.066030866537957f,0f,0.9953423950287485f,0.09640288718930881f,0.44519463159763883f,0.10792957753346596f,0.0958397537563202f,-0.9895281440633085f,-1.6201551315245928f,0f,0f,0f,1f], start_interpolation: 0, interpolation_duration: 1 }
$data merge entity $(item_display_r_item) { transformation: [-0.43494436205060205f,0.04686581052695781f,0.0057660839437259385f,3.7599208132621516f,0f,-0.053424502119801556f,0.434225831305844f,-0.31527315571409964f,0.04721919017089136f,0.4316893192759147f,0.05311242512541286f,-1.5443827993916146f,0f,0f,0f,1f], start_interpolation: 0, interpolation_duration: 1 }
$data merge entity $(bone_rightarm) { transformation: [-0.9941585418299476f,0.01317962044280217f,-0.10712185263304642f,3.754767844459772f,0f,0.9925161858419292f,0.12211314770240378f,0.3203136038999066f,0.10792957753346596f,0.12139982885808676f,-0.9867184440592336f,-1.5918477118627146f,0f,0f,0f,1f], start_interpolation: 0, interpolation_duration: 1 }
$data merge entity $(item_display_l_item) { transformation: [-0.43494436205060205f,0.04719001929758846f,-0.001659517727543719f,4.39197053537072f,0f,0.015375930912257568f,0.43722972308453767f,-0.29990716310307364f,0.04721919017089136f,0.43467566394643575f,-0.015286113055007999f,-1.513273346614995f,0f,0f,0f,1f], start_interpolation: 0, interpolation_duration: 1 }
$data merge entity $(bone_leftarm) { transformation: [-0.9941585418299476f,-0.0037931833772427625f,-0.10786290125163077f,4.376116933103489f,0f,0.999382224193229f,-0.03514498494230279f,0.3203136038999066f,0.10792957753346596f,-0.0349396869828752f,-0.9935443747347104f,-1.6593036978211309f,0f,0f,0f,1f], start_interpolation: 0, interpolation_duration: 1 }
$data merge entity $(bone_body) { transformation: [-0.9941585418299476f,0.0047078220506093175f,-0.10782685249089041f,4.0625f,0f,0.9990482215818578f,0.043619387365336f,-0.3040915345887545f,0.10792957753346596f,0.043364586538638075f,-0.9932123231856221f,-1.6526785714285714f,0f,0f,0f,1f], start_interpolation: 0, interpolation_duration: 1 }
$data merge entity $(bone_leftleg) { transformation: [-0.9941585418299476f,0.020593934260575566f,-0.10594660720487245f,4.186769817728743f,0f,0.9816271834476639f,0.19080899537654503f,-0.19387500000000002f,0.10792957753346596f,0.18969439261158322f,-0.975893049316968f,-1.6661697686202548f,0f,0f,0f,1f], start_interpolation: 0, interpolation_duration: 1 }
$data merge entity $(bone_rightleg) { transformation: [-0.9941585418299476f,-0.02527299020664939f,-0.10492887911612821f,3.9382301822712567f,0f,0.9721976265828769f,-0.23416185613079915f,-0.2536111111111111f,0.10792957753346596f,-0.23279400944318926f,-0.9665185748141688f,-1.639187374236888f,0f,0f,0f,1f], start_interpolation: 0, interpolation_duration: 1 }
data modify entity @s data merge value {"locators":{},"cameras":{"camera":{"posx":6.125,"posy":0.45493726408012536,"posz":0.924612566232624,"roty":127.17149867344779,"rotx":-4.70218383182002}}}