# This file was generated by Animated Java via MC-Build. It is not recommended to edit this file directly.
$data merge entity $(bone_left_eye) { transformation: [-0.9942988372924543f,0.012086959648349643f,-0.10594209534143055f,4.219782949195437f,0f,0.9935545633234155f,0.11335488387898081f,0.6754561286876295f,0.10662936818191127f,0.11270862924229179f,-0.9878901470990842f,-1.3252938044746794f,0f,0f,0f,1f], start_interpolation: 0, interpolation_duration: 1 }
$data merge entity $(bone_right_eye) { transformation: [-0.9942988372924543f,0.012086959648349643f,-0.10594209534143055f,3.9712082398723236f,0f,0.9935545633234155f,0.11335488387898081f,0.6754561286876295f,0.10662936818191127f,0.11270862924229179f,-0.9878901470990842f,-1.2986364624292015f,0f,0f,0f,1f], start_interpolation: 0, interpolation_duration: 1 }
$data merge entity $(bone_right_close) { transformation: [-0.9942988372924543f,0.012086959648349643f,-0.10594209534143055f,3.971963674850346f,0f,0.9935545633234155f,0.11335488387898081f,0.737553288895343f,0.10662936818191127f,0.11270862924229179f,-0.9878901470990842f,-1.2915921731015583f,0f,0f,0f,1f], start_interpolation: 0, interpolation_duration: 1 }
$data merge entity $(bone_left_close) { transformation: [-0.9942988372924543f,0.012086959648349643f,-0.10594209534143055f,4.22053838417346f,0f,0.9935545633234155f,0.11335488387898081f,0.737553288895343f,0.10662936818191127f,0.11270862924229179f,-0.9878901470990842f,-1.3182495151470361f,0f,0f,0f,1f], start_interpolation: 0, interpolation_duration: 1 }
$data merge entity $(bone_left_eyebrow) { transformation: [-0.9942988372924543f,0.012086959648349643f,-0.10594209534143055f,4.220242831563209f,0f,0.9935545633234155f,0.11335488387898081f,0.7127073401320153f,0.10662936818191127f,0.11270862924229179f,-0.9878901470990842f,-1.3210054877438997f,0f,0f,0f,1f], start_interpolation: 0, interpolation_duration: 1 }
$data merge entity $(bone_right_eyebrow) { transformation: [-0.9942988372924543f,0.012086959648349643f,-0.10594209534143055f,3.9716681222400956f,0f,0.9935545633234155f,0.11335488387898081f,0.7127073401320153f,0.10662936818191127f,0.11270862924229179f,-0.9878901470990842f,-1.294348145698422f,0f,0f,0f,1f], start_interpolation: 0, interpolation_duration: 1 }
$data merge entity $(bone_talking) { transformation: [-0.9942988372924543f,0.012086959648349643f,-0.10594209534143055f,4.059366949827596f,0f,0.9935545633234155f,0.11335488387898081f,0.46249088906895713f,0.10662936818191127f,0.11270862924229179f,-0.9878901470990842f,-1.648857961730977f,0f,0f,0f,1f], start_interpolation: 0, interpolation_duration: 1 }
$data merge entity $(bone_m_opened) { transformation: [-0.9942988372924543f,0.012086959648349643f,-0.10594209534143055f,4.059366949827596f,0f,0.9935545633234155f,0.11335488387898081f,0.46249088906895713f,0.10662936818191127f,0.11270862924229179f,-0.9878901470990842f,-1.648857961730977f,0f,0f,0f,1f], start_interpolation: 0, interpolation_duration: 1 }
$data merge entity $(bone_head) { transformation: [-0.9942988372924543f,0.012086959648349643f,-0.10594209534143055f,4.0659883307864355f,0f,0.9935545633234155f,0.11335488387898081f,0.45540620882652083f,0.10662936818191127f,0.11270862924229179f,-0.9878901470990842f,-1.5871148275372844f,0f,0f,0f,1f], start_interpolation: 0, interpolation_duration: 1 }
$data merge entity $(item_display_r_item) { transformation: [-0.4350057413154487f,0.046354148922687716f,0.00524860936345879f,3.7604345848411076f,0f,-0.04922292472468359f,0.434722156879021f,-0.3045701643340082f,0.04665034857958618f,0.43224373513007847f,0.048942296821886895f,-1.5056338450992772f,0f,0f,0f,1f], start_interpolation: 0, interpolation_duration: 1 }
$data merge entity $(bone_rightarm) { transformation: [-0.9942988372924543f,0.011996821402191545f,-0.10595234039471478f,3.754688555668138f,0f,0.9936506442949051f,0.11250954222784842f,0.3305251811287886f,0.10662936818191127f,0.11186810702145598f,-0.9879856802973223f,-1.5592144882480325f,0f,0f,0f,1f], start_interpolation: 0, interpolation_duration: 1 }
$data merge entity $(item_display_l_item) { transformation: [-0.4350057413154487f,0.04663520383880127f,-0.0011886065414399517f,4.39114768227478f,0f,0.011147084163644029f,0.4373579683904806f,-0.2910870353822854f,0.04665034857958618f,0.4348645194512448f,-0.011083532823112387f,-1.4857772194854966f,0f,0f,0f,1f], start_interpolation: 0, interpolation_duration: 1 }
$data merge entity $(bone_leftarm) { transformation: [-0.9942988372924543f,-0.002716814951862723f,-0.10659475163154576f,4.376125328975922f,0f,0.9996753563210985f,-0.025479049516900415f,0.3305251811287886f,0.10662936818191127f,-0.025333789309970947f,-0.9939760444599882f,-1.625857843361727f,0f,0f,0f,1f], start_interpolation: 0, interpolation_duration: 1 }
$data merge entity $(bone_body) { transformation: [-0.9942988372924543f,0.004651107715247821f,-0.10652788065053559f,4.0625f,0f,0.9990482215818578f,0.043619387365336f,-0.2938799573598725f,0.10662936818191127f,0.04337070614076276f,-0.9933524851179354f,-1.6196428571428565f,0f,0f,0f,1f], start_interpolation: 0, interpolation_duration: 1 }
$data merge entity $(bone_leftleg) { transformation: [-0.9942988372924543f,0.016680508169115076f,-0.10531658371829992f,4.186787354661557f,0f,0.9876883405951378f,0.15643446504023062f,-0.191125f,0.10662936818191127f,0.1555426067019684f,-0.9820573686610591f,-1.6329715281655954f,0f,0f,0f,1f], start_interpolation: 0, interpolation_duration: 1 }
$data merge entity $(bone_rightleg) { transformation: [-0.9942988372924543f,-0.021950999905412407f,-0.10434546354310846f,3.938212645338443f,0f,0.9785809043254722f,-0.2058626087698811f,-0.255f,0.10662936818191127f,-0.20468895254188418f,-0.9730018553674155f,-1.6063141861201176f,0f,0f,0f,1f], start_interpolation: 0, interpolation_duration: 1 }
data modify entity @s data merge value {"locators":{},"cameras":{"camera":{"posx":6.125,"posy":0.4589807252609398,"posz":0.9630267455474532,"roty":127.09559546032196,"rotx":-4.840522671825274}}}