# This file was generated by Animated Java via MC-Build. It is not recommended to edit this file directly.
$data merge entity $(bone_left_eye) { transformation: [-0.9944485211012984f,0.013230057180730826f,-0.10438919707726013f,4.219653241085291f,0f,0.9920642390199215f,0.1257320391062851f,0.6846192161648024f,0.10522423142717871f,0.12503404034429583f,-0.9865568153308458f,-1.2893295314241522f,0f,0f,0f,1f], start_interpolation: 0, interpolation_duration: 1 }
$data merge entity $(bone_right_eye) { transformation: [-0.9944485211012984f,0.013230057180730826f,-0.10438919707726013f,3.971041110809967f,0f,0.9920642390199215f,0.1257320391062851f,0.6846192161648024f,0.10522423142717871f,0.12503404034429583f,-0.9865568153308458f,-1.2630234735673573f,0f,0f,0f,1f], start_interpolation: 0, interpolation_duration: 1 }
$data merge entity $(bone_right_close) { transformation: [-0.9944485211012984f,0.013230057180730826f,-0.10438919707726013f,3.971867989383762f,0f,0.9920642390199215f,0.1257320391062851f,0.7466232311035474f,0.10522423142717871f,0.12503404034429583f,-0.9865568153308458f,-1.2552088460458388f,0f,0f,0f,1f], start_interpolation: 0, interpolation_duration: 1 }
$data merge entity $(bone_left_close) { transformation: [-0.9944485211012984f,0.013230057180730826f,-0.10438919707726013f,4.220480119659086f,0f,0.9920642390199215f,0.1257320391062851f,0.7466232311035474f,0.10522423142717871f,0.12503404034429583f,-0.9865568153308458f,-1.2815149039026337f,0f,0f,0f,1f], start_interpolation: 0, interpolation_duration: 1 }
$data merge entity $(bone_left_eyebrow) { transformation: [-0.9944485211012984f,0.013230057180730826f,-0.10438919707726013f,4.220155892554386f,0f,0.9920642390199215f,0.1257320391062851f,0.7218137668756054f,0.10522423142717871f,0.12503404034429583f,-0.9865568153308458f,-1.284579095110283f,0f,0f,0f,1f], start_interpolation: 0, interpolation_duration: 1 }
$data merge entity $(bone_right_eyebrow) { transformation: [-0.9944485211012984f,0.013230057180730826f,-0.10438919707726013f,3.9715437622790613f,0f,0.9920642390199215f,0.1257320391062851f,0.7218137668756054f,0.10522423142717871f,0.12503404034429583f,-0.9865568153308458f,-1.258273037253488f,0f,0f,0f,1f], start_interpolation: 0, interpolation_duration: 1 }
$data merge entity $(bone_talking) { transformation: [-0.9944485211012984f,0.013230057180730826f,-0.10438919707726013f,4.059418037565803f,0f,0.9920642390199215f,0.1257320391062851f,0.47589441863053616f,0.10522423142717871f,0.12503404034429583f,-0.9865568153308458f,-1.6157340173727182f,0f,0f,0f,1f], start_interpolation: 0, interpolation_duration: 1 }
$data merge entity $(bone_m_opened) { transformation: [-0.9944485211012984f,0.013230057180730826f,-0.10438919707726013f,4.059418037565803f,0f,0.9920642390199215f,0.1257320391062851f,0.47589441863053616f,0.10522423142717871f,0.12503404034429583f,-0.9865568153308458f,-1.6157340173727182f,0f,0f,0f,1f], start_interpolation: 0, interpolation_duration: 1 }
$data merge entity $(bone_head) { transformation: [-0.9944485211012984f,0.013230057180730826f,-0.10438919707726013f,4.065942362383131f,0f,0.9920642390199215f,0.1257320391062851f,0.4680361661863933f,0.10522423142717871f,0.12503404034429583f,-0.9865568153308458f,-1.5540742164145402f,0f,0f,0f,1f], start_interpolation: 0, interpolation_duration: 1 }
$data merge entity $(item_display_r_item) { transformation: [-0.4350712279818181f,0.04580430180248068f,0.004608960704992695f,3.7611061862686967f,0f,-0.04380132449037999f,0.435301842372495f,-0.29121930046929745f,0.046035601249390684f,0.43288527337999816f,0.043558162361736465f,-1.4651582380516999f,0f,0f,0f,1f], start_interpolation: 0, interpolation_duration: 1 }
$data merge entity $(bone_rightarm) { transformation: [-0.9944485211012984f,0.010534767325697612f,-0.1046955469770987f,3.7546034724751203f,0f,0.99497563970856f,0.10011731312086877f,0.3431551384886611f,0.10522423142717871f,0.09956151396968357f,-0.9894520534399958f,-1.5266137985006472f,0f,0f,0f,1f], start_interpolation: 0, interpolation_duration: 1 }
$data merge entity $(item_display_l_item) { transformation: [-0.4350712279818181f,0.04603169999896384f,-0.0005993142733938353f,4.390141875696555f,0f,0.005695591835314051f,0.43746292441033846f,-0.2801645844303041f,0.046035601249390684f,0.4350343582165102f,-0.0056639728774246865f,-1.4599920223987386f,0f,0f,0f,1f], start_interpolation: 0, interpolation_duration: 1 }
$data merge entity $(bone_leftarm) { transformation: [-0.9944485211012984f,-0.0013698611963287432f,-0.10521531428334592f,4.376133798163432f,0f,0.9999152557950594f,-0.013018495623574752f,0.3431551384886611f,0.10522423142717871f,-0.012946223719827635f,-0.9943642473520233f,-1.5923789431426338f,0f,0f,0f,1f], start_interpolation: 0, interpolation_duration: 1 }
$data merge entity $(bone_body) { transformation: [-0.9944485211012984f,0.004589816510841871f,-0.10512408127464072f,4.0625f,0f,0.9990482215818578f,0.043619387365336f,-0.28125f,0.10522423142717871f,0.04337723525680305f,-0.9935020264609608f,-1.5866071428571424f,0f,0f,0f,1f], start_interpolation: 0, interpolation_duration: 1 }
$data merge entity $(bone_leftleg) { transformation: [-0.9944485211012984f,0.012823607994341542f,-0.1044399059624621f,4.186806065137662f,0f,0.9925461516413221f,0.12186934340514737f,-0.189125f,0.10522423142717871f,0.12119278831683508f,-0.9870360526244979f,-1.5997601717855399f,0f,0f,0f,1f], start_interpolation: 0, interpolation_duration: 1 }
$data merge entity $(bone_rightleg) { transformation: [-0.9944485211012984f,-0.017797548967089374f,-0.10370817774025595f,3.938193934862338f,0f,0.985592161934944f,-0.16913926313072017f,-0.25611111111111107f,0.10522423142717871f,-0.16820029008050805f,-0.9801206678452365f,-1.573454113928745f,0f,0f,0f,1f], start_interpolation: 0, interpolation_duration: 1 }
data modify entity @s data merge value {"locators":{},"cameras":{"camera":{"posx":6.125,"posy":0.46297586014138725,"posz":1.0004048208507343,"roty":127.0144475132644,"rotx":-4.971037248809922}}}