# This file was generated by Animated Java via MC-Build. It is not recommended to edit this file directly.
$data merge entity $(bone_left_eye) { transformation: [-0.9946073270559369f,0.01353718657909118f,-0.10282514063285952f,4.219309401679116f,0f,0.9914448613738104f,0.1305261922200516f,0.6958957908347055f,0.10371241471802913f,0.12982230715477494f,-0.9860983234943496f,-1.25501720104246f,0f,0f,0f,1f], start_interpolation: 0, interpolation_duration: 1 }
$data merge entity $(bone_right_eye) { transformation: [-0.9946073270559369f,0.01353718657909118f,-0.10282514063285952f,3.970657569915131f,0f,0.9914448613738104f,0.1305261922200516f,0.6958957908347055f,0.10371241471802913f,0.12982230715477494f,-0.9860983234943496f,-1.229089097362953f,0f,0f,0f,1f], start_interpolation: 0, interpolation_duration: 1 }
$data merge entity $(bone_right_close) { transformation: [-0.9946073270559369f,0.01353718657909118f,-0.10282514063285952f,3.971503644076324f,0f,0.9914448613738104f,0.1305261922200516f,0.7578610946705686f,0.10371241471802913f,0.12982230715477494f,-0.9860983234943496f,-1.2209752031657795f,0f,0f,0f,1f], start_interpolation: 0, interpolation_duration: 1 }
$data merge entity $(bone_left_close) { transformation: [-0.9946073270559369f,0.01353718657909118f,-0.10282514063285952f,4.220155475840309f,0f,0.9914448613738104f,0.1305261922200516f,0.7578610946705686f,0.10371241471802913f,0.12982230715477494f,-0.9860983234943496f,-1.2469033068452866f,0f,0f,0f,1f], start_interpolation: 0, interpolation_duration: 1 }
$data merge entity $(bone_left_eyebrow) { transformation: [-0.9946073270559369f,0.01353718657909118f,-0.10282514063285952f,4.21982347274712f,0f,0.9914448613738104f,0.1305261922200516f,0.7330668152492097f,0.10371241471802913f,0.12982230715477494f,-0.9860983234943496f,-1.2500872333789377f,0f,0f,0f,1f], start_interpolation: 0, interpolation_duration: 1 }
$data merge entity $(bone_right_eyebrow) { transformation: [-0.9946073270559369f,0.01353718657909118f,-0.10282514063285952f,3.971171640983136f,0f,0.9914448613738104f,0.1305261922200516f,0.7330668152492097f,0.10371241471802913f,0.12982230715477494f,-0.9860983234943496f,-1.2241591296994305f,0f,0f,0f,1f], start_interpolation: 0, interpolation_duration: 1 }
$data merge entity $(bone_talking) { transformation: [-0.9946073270559369f,0.01353718657909118f,-0.10282514063285952f,4.059466332704582f,0f,0.9914448613738104f,0.1305261922200516f,0.48882401056001906f,0.10371241471802913f,0.12982230715477494f,-0.9860983234943496f,-1.5826644520833846f,0f,0f,0f,1f], start_interpolation: 0, interpolation_duration: 1 }
$data merge entity $(bone_m_opened) { transformation: [-0.9946073270559369f,0.01353718657909118f,-0.10282514063285952f,4.059466332704582f,0f,0.9914448613738104f,0.1305261922200516f,0.48882401056001906f,0.10371241471802913f,0.12982230715477494f,-0.9860983234943496f,-1.5826644520833846f,0f,0f,0f,1f], start_interpolation: 0, interpolation_duration: 1 }
$data merge entity $(bone_head) { transformation: [-0.9946073270559369f,0.01353718657909118f,-0.10282514063285952f,4.065892903994135f,0f,0.9914448613738104f,0.1305261922200516f,0.4806661235462658f,0.10371241471802913f,0.12982230715477494f,-0.9860983234943496f,-1.5210333068649877f,0f,0f,0f,1f], start_interpolation: 0, interpolation_duration: 1 }
$data merge entity $(item_display_r_item) { transformation: [-0.4351407055869724f,0.04520785079998177f,0.003881567636713309f,3.7618840624662506f,0f,-0.03742625844038463f,0.4358962321231436f,-0.27761702388178144f,0.04537418143913774f,0.4335455863057541f,0.03722443086909566f,-1.423353788418503f,0f,0f,0f,1f], start_interpolation: 0, interpolation_duration: 1 }
$data merge entity $(bone_rightarm) { transformation: [-0.9946073270559369f,0.008872154598201872f,-0.10333223039995833f,3.754512630290132f,0f,0.9963342448528997f,0.08554573357802223f,0.3557850958485336f,0.10371241471802913f,0.08508441341507601f,-0.990961340127438f,-1.4940461975500103f,0f,0f,0f,1f], start_interpolation: 0, interpolation_duration: 1 }
$data merge entity $(item_display_l_item) { transformation: [-0.4351407055869724f,0.04537412218946753f,0.00007332671451939795f,4.3890014921620555f,0f,-0.0007070196438753932f,0.4374994287118821f,-0.26941609363811947f,0.04537418143913774f,0.43514013737962437f,0.0007032069181709457f,-1.4355452845234158f,0f,0f,0f,1f], start_interpolation: 0, interpolation_duration: 1 }
$data merge entity $(bone_leftarm) { transformation: [-0.9946073270559369f,0.00016760391890150404f,-0.1037122792902115f,4.376142209700093f,0f,0.9999986941985876f,0.0016160449002868352f,0.3557850958485336f,0.10371241471802913f,0.001607330098676668f,-0.9946060282962843f,-1.5588664567487784f,0f,0f,0f,1f], start_interpolation: 0, interpolation_duration: 1 }
$data merge entity $(bone_body) { transformation: [-0.9946073270559369f,0.004523871992180087f,-0.10361370348000709f,4.0625f,0f,0.9990482215818578f,0.043619387365336f,-0.2686200426401275f,0.10371241471802913f,0.043384162275254344f,-0.9936606812675189f,-1.5535714285714284f,0f,0f,0f,1f], start_interpolation: 0, interpolation_duration: 1 }
$data merge entity $(bone_leftleg) { transformation: [-0.9946073270559369f,0.009039132536902984f,-0.10331775766839293f,4.186825915881992f,0f,0.9961946980917455f,0.08715574274765818f,-0.1875f,0.10371241471802913f,0.08668574033182316f,-0.9908225458963271f,-1.566535480411182f,0f,0f,0f,1f], start_interpolation: 0, interpolation_duration: 1 }
$data merge entity $(bone_rightleg) { transformation: [-0.9946073270559369f,-0.013038519090928435f,-0.10288956208751186f,3.9381740841180077f,0f,0.9920660160815423f,-0.12571801675216274f,-0.2569444444444444f,0.10371241471802913f,-0.12504006060464207f,-0.9867161285178949f,-1.5406073767316748f,0f,0f,0f,1f], start_interpolation: 0, interpolation_duration: 1 }
data modify entity @s data merge value {"locators":{},"cameras":{"camera":{"posx":6.125,"posy":0.466921444801351,"posz":1.0367254291731525,"roty":126.92789778479948,"rotx":-5.0930586527925605}}}