# This file was generated by Animated Java via MC-Build. It is not recommended to edit this file directly.
$data merge entity $(bone_left_eye) { transformation: [-0.9947749446062193f,0.01298919777633675f,-0.10126248231611047f,4.218749686276528f,0f,0.9918732263968503f,0.12723011733509704f,0.7070384780405861f,0.1020921622050066f,0.12656533292426395f,-0.9866906338453189f,-1.2224396376313618f,0f,0f,0f,1f], start_interpolation: 0, interpolation_duration: 1 }
$data merge entity $(bone_right_eye) { transformation: [-0.9947749446062193f,0.01298919777633675f,-0.10126248231611047f,3.970055950124973f,0f,0.9918732263968503f,0.12723011733509704f,0.7070384780405861f,0.1020921622050066f,0.12656533292426395f,-0.9866906338453189f,-1.1969165970801103f,0f,0f,0f,1f], start_interpolation: 0, interpolation_duration: 1 }
$data merge entity $(bone_right_close) { transformation: [-0.9947749446062193f,0.01298919777633675f,-0.10126248231611047f,3.9708677749859937f,0f,0.9918732263968503f,0.12723011733509704f,0.7690305546903892f,0.1020921622050066f,0.12656533292426395f,-0.9866906338453189f,-1.189006263772344f,0f,0f,0f,1f], start_interpolation: 0, interpolation_duration: 1 }
$data merge entity $(bone_left_close) { transformation: [-0.9947749446062193f,0.01298919777633675f,-0.10126248231611047f,4.219561511137549f,0f,0.9918732263968503f,0.12723011733509704f,0.7690305546903892f,0.1020921622050066f,0.12656533292426395f,-0.9866906338453189f,-1.2145293043235954f,0f,0f,0f,1f], start_interpolation: 0, interpolation_duration: 1 }
$data merge entity $(bone_left_eyebrow) { transformation: [-0.9947749446062193f,0.01298919777633675f,-0.10126248231611047f,4.219243110098286f,0f,0.9918732263968503f,0.12723011733509704f,0.7442257721481346f,0.1020921622050066f,0.12656533292426395f,-0.9866906338453189f,-1.2176317694820866f,0f,0f,0f,1f], start_interpolation: 0, interpolation_duration: 1 }
$data merge entity $(bone_right_eyebrow) { transformation: [-0.9947749446062193f,0.01298919777633675f,-0.10126248231611047f,3.9705493739467306f,0f,0.9918732263968503f,0.12723011733509704f,0.7442257721481346f,0.1020921622050066f,0.12656533292426395f,-0.9866906338453189f,-1.192108728930835f,0f,0f,0f,1f], start_interpolation: 0, interpolation_duration: 1 }
$data merge entity $(bone_talking) { transformation: [-0.9947749446062193f,0.01298919777633675f,-0.10126248231611047f,4.059510993032881f,0f,0.9918732263968503f,0.12723011733509704f,0.49882958310859127f,0.1020921622050066f,0.12656533292426395f,-0.9866906338453189f,-1.5496602736634644f,0f,0f,0f,1f], start_interpolation: 0, interpolation_duration: 1 }
$data merge entity $(bone_m_opened) { transformation: [-0.9947749446062193f,0.01298919777633675f,-0.10126248231611047f,4.059510993032881f,0f,0.9918732263968503f,0.12723011733509704f,0.49882958310859127f,0.1020921622050066f,0.12656533292426395f,-0.9866906338453189f,-1.5496602736634644f,0f,0f,0f,1f], start_interpolation: 0, interpolation_duration: 1 }
$data merge entity $(bone_head) { transformation: [-0.9947749446062193f,0.01298919777633675f,-0.10126248231611047f,4.0658398981776385f,0f,0.9918732263968503f,0.12723011733509704f,0.4908777007751477f,0.1020921622050066f,0.12656533292426395f,-0.9866906338453189f,-1.4879921090481318f,0f,0f,0f,1f], start_interpolation: 0, interpolation_duration: 1 }
$data merge entity $(item_display_r_item) { transformation: [-0.4352140382652209f,0.04455760335595687f,0.0031001419406264698f,3.762718047907015f,0f,-0.03036611110656287f,0.4364448983505981f,-0.26617207059674264f,0.044665320964690385f,0.4341644495803832f,0.030207446493937383f,-1.3806187519622752f,0f,0f,0f,1f], start_interpolation: 0, interpolation_duration: 1 }
$data merge entity $(bone_rightarm) { transformation: [-0.9947749446062193f,0.0070860387214319535f,-0.10184595052790142f,3.7544160782919223f,0f,0.9975883390870813f,0.06940825395785821f,0.36599667307741546f,0.1020921622050066f,0.06904559198614281f,-0.9923758847551616f,-1.461512242565331f,0f,0f,0f,1f], start_interpolation: 0, interpolation_duration: 1 }
$data merge entity $(item_display_l_item) { transformation: [-0.4352140382652209f,0.04465824339633767f,0.0007951060509600042f,4.3877740509969625f,0f,-0.007788120398149547f,0.437430674713907f,-0.26112946805620874f,0.044665320964690385f,0.435145075207588f,0.007747427037655782f,-1.412060432509372f,0f,0f,0f,1f], start_interpolation: 0, interpolation_duration: 1 }
$data merge entity $(bone_leftarm) { transformation: [-0.9947749446062193f,0.001817385259337175f,-0.10207598490591467f,4.376150418670809f,0f,0.999841542203216f,0.01780141805291347f,0.36599667307741546f,0.1020921622050066f,0.01770840465749915f,-0.9946173147602011f,-1.52531984394346f,0f,0f,0f,1f], start_interpolation: 0, interpolation_duration: 1 }
$data merge entity $(bone_body) { transformation: [-0.9947749446062193f,0.004453197570184898f,-0.1019949930883584f,4.0625f,0f,0.9990482215818578f,0.043619387365336f,-0.2584084654112456f,0.1020921622050066f,0.04339147365010934f,-0.9938281392830345f,-1.5205357142857139f,0f,0f,0f,1f], start_interpolation: 0, interpolation_duration: 1 }
$data merge entity $(bone_leftleg) { transformation: [-0.9947749446062193f,0.005343090933908762f,-0.10195224844487422f,4.1868468680757776f,0f,0.9986295347545738f,0.05233595624294395f,-0.1855f,0.1020921622050066f,0.05206249797248809f,-0.9934116401176157f,-1.5332972345613396f,0f,0f,0f,1f], start_interpolation: 0, interpolation_duration: 1 }
$data merge entity $(bone_rightleg) { transformation: [-0.9947749446062193f,-0.007903473262614088f,-0.1017857784470921f,3.9381531319242224f,0f,0.9969989492699817f,-0.07741508350801196f,-0.25749999999999995f,0.1020921622050066f,-0.07701058540836844f,-0.9917895745325048f,-1.5077741940100882f,0f,0f,0f,1f], start_interpolation: 0, interpolation_duration: 1 }
data modify entity @s data merge value {"locators":{},"cameras":{"camera":{"posx":6.125,"posy":0.4708162553207146,"posz":1.071967207545401,"roty":126.83579044393463,"rotx":-5.20591810375178}}}