# This file was generated by Animated Java via MC-Build. It is not recommended to edit this file directly.
$data merge entity $(bone_left_eye) { transformation: [-0.9949510169813002f,0.011887437710534313f,-0.09965521879236786f,4.218037828635946f,0f,0.99296050232009f,0.11844594054772101f,0.7158403766501681f,0.10036171485121477f,0.11784790900526164f,-0.9879470616056364f,-1.1910471063392454f,0f,0f,0f,1f], start_interpolation: 0, interpolation_duration: 1 }
$data merge entity $(bone_right_eye) { transformation: [-0.9949510169813002f,0.011887437710534313f,-0.09965521879236786f,3.9693000743906217f,0f,0.99296050232009f,0.11844594054772101f,0.7158403766501681f,0.10036171485121477f,0.11784790900526164f,-0.9879470616056364f,-1.1659566776264418f,0f,0f,0f,1f], start_interpolation: 0, interpolation_duration: 1 }
$data merge entity $(bone_right_close) { transformation: [-0.9949510169813002f,0.011887437710534313f,-0.09965521879236786f,3.9700430392475305f,0f,0.99296050232009f,0.11844594054772101f,0.7779004080451737f,0.10036171485121477f,0.11784790900526164f,-0.9879470616056364f,-1.1585911833136129f,0f,0f,0f,1f], start_interpolation: 0, interpolation_duration: 1 }
$data merge entity $(bone_left_close) { transformation: [-0.9949510169813002f,0.011887437710534313f,-0.09965521879236786f,4.218780793492855f,0f,0.99296050232009f,0.11844594054772101f,0.7779004080451737f,0.10036171485121477f,0.11784790900526164f,-0.9879470616056364f,-1.1836816120264164f,0f,0f,0f,1f], start_interpolation: 0, interpolation_duration: 1 }
$data merge entity $(bone_left_eyebrow) { transformation: [-0.9949510169813002f,0.011887437710534313f,-0.09965521879236786f,4.218489836001266f,0f,0.99296050232009f,0.11844594054772101f,0.7530689926158873f,0.10036171485121477f,0.11784790900526164f,-0.9879470616056364f,-1.1865660630601977f,0f,0f,0f,1f], start_interpolation: 0, interpolation_duration: 1 }
$data merge entity $(bone_right_eyebrow) { transformation: [-0.9949510169813002f,0.011887437710534313f,-0.09965521879236786f,3.9697520817559413f,0f,0.99296050232009f,0.11844594054772101f,0.7530689926158873f,0.10036171485121477f,0.11784790900526164f,-0.9879470616056364f,-1.161475634347394f,0f,0f,0f,1f], start_interpolation: 0, interpolation_duration: 1 }
$data merge entity $(bone_talking) { transformation: [-0.9949510169813002f,0.011887437710534313f,-0.09965521879236786f,4.059554836213036f,0f,0.99296050232009f,0.11844594054772101f,0.5046146074913084f,0.10036171485121477f,0.11784790900526164f,-0.9879470616056364f,-1.5166973259859204f,0f,0f,0f,1f], start_interpolation: 0, interpolation_duration: 1 }
$data merge entity $(bone_m_opened) { transformation: [-0.9949510169813002f,0.011887437710534313f,-0.09965521879236786f,4.059554836213036f,0f,0.99296050232009f,0.11844594054772101f,0.5046146074913084f,0.10036171485121477f,0.11784790900526164f,-0.9879470616056364f,-1.5166973259859204f,0f,0f,0f,1f], start_interpolation: 0, interpolation_duration: 1 }
$data merge entity $(bone_head) { transformation: [-0.9949510169813002f,0.011887437710534313f,-0.09965521879236786f,4.065783287387559f,0f,0.99296050232009f,0.11844594054772101f,0.4972117362070758f,0.10036171485121477f,0.11784790900526164f,-0.9879470616056364f,-1.454950634635568f,0f,0f,0f,1f], start_interpolation: 0, interpolation_duration: 1 }
$data merge entity $(item_display_r_item) { transformation: [-0.4352910699293188f,0.0438481052219177f,0.002297413379543107f,3.763559890966081f,0f,-0.022891332446331743f,0.4369007174391358f,-0.25835355424551654f,0.04390825024740646f,0.4346948131359278f,0.022775754497534797f,-1.3373507670724678f,0f,0f,0f,1f], start_interpolation: 0, interpolation_duration: 1 }
$data merge entity $(bone_rightarm) { transformation: [-0.9949510169813002f,0.0052512305818128375f,-0.10022424050724045f,3.754313880016309f,0f,0.9986302112894532f,0.05232304559161563f,0.3723307085093436f,0.10036171485121477f,0.0520588674229369f,-0.9935881443106921f,-1.4290124929719688f,0f,0f,0f,1f], start_interpolation: 0, interpolation_duration: 1 }
$data merge entity $(item_display_l_item) { transformation: [-0.4352910699293188f,0.043881482712935876f,0.001532943150667804f,4.386505913332363f,0f,-0.015274182520101185f,0.43723328938719047f,-0.25665232847810027f,0.04390825024740646f,0.4350257059338643f,0.01519706343193267f,-1.389155596532778f,0f,0f,0f,1f], start_interpolation: 0, interpolation_duration: 1 }
$data merge entity $(bone_leftarm) { transformation: [-0.9949510169813002f,0.0035038700586692883f,-0.100300531915282f,4.376158265629622f,0f,0.9993903757421496f,0.03491241718880293f,0.3723307085093436f,0.10036171485121477f,0.0347361449872749f,-0.9943444707059755f,-1.491738564753978f,0f,0f,0f,1f], start_interpolation: 0, interpolation_duration: 1 }
$data merge entity $(bone_body) { transformation: [-0.9949510169813002f,0.004377716516744532f,-0.10026619273701164f,4.0625f,0f,0.9990482215818578f,0.043619387365336f,-0.2520744299793175f,0.10036171485121477f,0.04339915381924233f,-0.9940040440762288f,-1.4874999999999998f,0f,0f,0f,1f], start_interpolation: 0, interpolation_duration: 1 }
$data merge entity $(bone_leftleg) { transformation: [-0.9949510169813002f,0.0017515534383261775f,-0.10034642927593006f,4.186868877122662f,0f,0.9998476951563913f,0.017452406437283758f,-0.18337500000000007f,0.10036171485121477f,0.017364289533546465f,-0.9947994811222605f,-1.5000452143564016f,0f,0f,0f,1f], start_interpolation: 0, interpolation_duration: 1 }
$data merge entity $(bone_rightleg) { transformation: [-0.9949510169813002f,-0.002623272215056969f,-0.10032742521744617f,3.9381311228773375f,0f,0.9996583394990866f,-0.02613817648438893f,-0.2577777777777778f,0.10036171485121477f,-0.02600620527517947f,-0.994611081518454f,-1.474954785643598f,0f,0f,0f,1f], start_interpolation: 0, interpolation_duration: 1 }
data modify entity @s data merge value {"locators":{},"cameras":{"camera":{"posx":6.125,"posy":0.47465906777936084,"posz":1.1061087929981681,"roty":126.73797081447546,"rotx":-5.308946992675874}}}