# This file was generated by Animated Java via MC-Build. It is not recommended to edit this file directly.
$data merge entity $(bone_left_eye) { transformation: [-0.9951351392868428f,0.010426067825529753f,-0.09796607405756975f,4.217212941859897f,0f,0.9943844864917185f,0.10582765718186031f,0.7214253735138578f,0.09851931057694115f,0.10531282037007081f,-0.989546944469612f,-1.1605088694854246f,0f,0f,0f,1f], start_interpolation: 0, interpolation_duration: 1 }
$data merge entity $(bone_right_eye) { transformation: [-0.9951351392868428f,0.010426067825529753f,-0.09796607405756975f,3.9684291570381856f,0f,0.9943844864917185f,0.10582765718186031f,0.7214253735138578f,0.09851931057694115f,0.10531282037007081f,-0.989546944469612f,-1.1358790418411893f,0f,0f,0f,1f], start_interpolation: 0, interpolation_duration: 1 }
$data merge entity $(bone_right_close) { transformation: [-0.9951351392868428f,0.010426067825529753f,-0.09796607405756975f,3.9690807862772806f,0f,0.9943844864917185f,0.10582765718186031f,0.7835744039195902f,0.09851931057694115f,0.10531282037007081f,-0.989546944469612f,-1.1292969905680599f,0f,0f,0f,1f], start_interpolation: 0, interpolation_duration: 1 }
$data merge entity $(bone_left_close) { transformation: [-0.9951351392868428f,0.010426067825529753f,-0.09796607405756975f,4.217864571098992f,0f,0.9943844864917185f,0.10582765718186031f,0.7835744039195902f,0.09851931057694115f,0.10531282037007081f,-0.989546944469612f,-1.1539268182122953f,0f,0f,0f,1f], start_interpolation: 0, interpolation_duration: 1 }
$data merge entity $(bone_left_eyebrow) { transformation: [-0.9951351392868428f,0.010426067825529753f,-0.09796607405756975f,4.217610042282982f,0f,0.9943844864917185f,0.10582765718186031f,0.7587081775287235f,0.09851931057694115f,0.10531282037007081f,-0.989546944469612f,-1.1564977920375175f,0f,0f,0f,1f], start_interpolation: 0, interpolation_duration: 1 }
$data merge entity $(bone_right_eyebrow) { transformation: [-0.9951351392868428f,0.010426067825529753f,-0.09796607405756975f,3.9688262574612714f,0f,0.9943844864917185f,0.10582765718186031f,0.7587081775287235f,0.09851931057694115f,0.10531282037007081f,-0.989546944469612f,-1.1318679643932823f,0f,0f,0f,1f], start_interpolation: 0, interpolation_duration: 1 }
$data merge entity $(bone_talking) { transformation: [-0.9951351392868428f,0.010426067825529753f,-0.09796607405756975f,4.059600134349668f,0f,0.9943844864917185f,0.10582765718186031f,0.5059003947602596f,0.09851931057694115f,0.10531282037007081f,-0.989546944469612f,-1.4837555809025784f,0f,0f,0f,1f], start_interpolation: 0, interpolation_duration: 1 }
$data merge entity $(bone_m_opened) { transformation: [-0.9951351392868428f,0.010426067825529753f,-0.09796607405756975f,4.059600134349668f,0f,0.9943844864917185f,0.10582765718186031f,0.5059003947602596f,0.09851931057694115f,0.10531282037007081f,-0.989546944469612f,-1.4837555809025784f,0f,0f,0f,1f], start_interpolation: 0, interpolation_duration: 1 }
$data merge entity $(bone_head) { transformation: [-0.9951351392868428f,0.010426067825529753f,-0.09796607405756975f,4.065723013978266f,0f,0.9943844864917185f,0.10582765718186031f,0.4992861661863933f,0.09851931057694115f,0.10531282037007081f,-0.989546944469612f,-1.4219088968732276f,0f,0f,0f,1f], start_interpolation: 0, interpolation_duration: 1 }
$data merge entity $(item_display_r_item) { transformation: [-0.43537162343799374f,0.0430759222317142f,0.0015048019315067362f,3.764363803261659f,0f,-0.015274182520101204f,0.43723328938719047f,-0.25457789849878276f,0.04310219837741175f,0.4351062103351663f,0.01519987574963357f,-1.2939455585761104f,0f,0f,0f,1f], start_interpolation: 0, interpolation_duration: 1 }
$data merge entity $(bone_rightarm) { transformation: [-0.9951351392868428f,0.0034395472720154187f,-0.09845925081534675f,3.75420611395475f,0f,0.9993903757421496f,0.034912417188802974f,0.3744051384886611f,0.09851931057694115f,0.03474257314201981f,-0.9945284807660943f,-1.3965475104581098f,0f,0f,0f,1f], start_interpolation: 0, interpolation_duration: 1 }
$data merge entity $(item_display_l_item) { transformation: [-0.43537162343799374f,0.04304315747267461f,0.002255238290800165f,4.385241852014362f,0f,-0.022891332446331722f,0.4369007174391358f,-0.25627912426619903f,0.04310219837741175f,0.4347752563033159f,0.022779969302441735f,-1.3664433910569531f,0f,0f,0f,1f], start_interpolation: 0, interpolation_duration: 1 }
$data merge entity $(bone_leftarm) { transformation: [-0.9951351392868428f,0.005154830378971827f,-0.09838435993754198f,4.376165576009027f,0f,0.9986302112894532f,0.05232304559161559f,0.3744051384886611f,0.09851931057694115f,0.05206850126272419f,-0.9937720144075792f,-1.458122079568698f,0f,0f,0f,1f], start_interpolation: 0, interpolation_duration: 1 }
$data merge entity $(bone_body) { transformation: [-0.9951351392868428f,0.00429735197102144f,-0.09842554202336376f,4.0625f,0f,0.9990482215818578f,0.043619387365336f,-0.25f,0.09851931057694115f,0.04340718512141039f,-0.9941879911381347f,-1.4544642857142853f,0f,0f,0f,1f], start_interpolation: 0, interpolation_duration: 1 }
$data merge entity $(bone_leftleg) { transformation: [-0.9951351392868428f,-0.0017193990501097654f,-0.09850430560875129f,4.186891892410856f,0f,0.9998476951563913f,-0.017452406437283758f,-0.18225000000000002f,0.09851931057694115f,-0.017367502910856966f,-0.9949835753850842f,-1.466779199536403f,0f,0f,0f,1f], start_interpolation: 0, interpolation_duration: 1 }
$data merge entity $(bone_rightleg) { transformation: [-0.9951351392868428f,0.0025751151269803973f,-0.09848565041993979f,3.9381081075891444f,0f,0.9996583394990866f,0.026138176484388775f,-0.2577777777777778f,0.09851931057694115f,0.0260110178964963f,-0.9947951409166775f,-1.4421493718921676f,0f,0f,0f,1f], start_interpolation: 0, interpolation_duration: 1 }
data modify entity @s data merge value {"locators":{},"cameras":{"camera":{"posx":6.125,"posy":0.4784486582571734,"posz":1.1391288225621448,"roty":126.63428530625197,"rotx":-5.401476923957151}}}