# This file was generated by Animated Java via MC-Build. It is not recommended to edit this file directly.
$data merge entity $(bone_left_eye) { transformation: [-0.9953268565705847f,0.008790583059022496f,-0.0961622287532951f,4.2163130802349125f,0f,0.9958477375236163f,0.0910345191072853f,0.7232623463569994f,0.09656318444064813f,0.09060910174246911f,-0.9911939982123097f,-1.1304865337110512f,0f,0f,0f,1f], start_interpolation: 0, interpolation_duration: 1 }
$data merge entity $(bone_right_eye) { transformation: [-0.9953268565705847f,0.008790583059022496f,-0.0961622287532951f,3.967481366092266f,0f,0.9958477375236163f,0.0910345191072853f,0.7232623463569994f,0.09656318444064813f,0.09060910174246911f,-0.9911939982123097f,-1.1063457376008894f,0f,0f,0f,1f], start_interpolation: 0, interpolation_duration: 1 }
$data merge entity $(bone_right_close) { transformation: [-0.9953268565705847f,0.008790583059022496f,-0.0961622287532951f,3.968030777533455f,0f,0.9958477375236163f,0.0910345191072853f,0.7855028299522254f,0.09656318444064813f,0.09060910174246911f,-0.9911939982123097f,-1.100682668741985f,0f,0f,0f,1f], start_interpolation: 0, interpolation_duration: 1 }
$data merge entity $(bone_left_close) { transformation: [-0.9953268565705847f,0.008790583059022496f,-0.0961622287532951f,4.2168624916761015f,0f,0.9958477375236163f,0.0910345191072853f,0.7855028299522254f,0.09656318444064813f,0.09060910174246911f,-0.9911939982123097f,-1.124823464852147f,0f,0f,0f,1f], start_interpolation: 0, interpolation_duration: 1 }
$data merge entity $(bone_left_eyebrow) { transformation: [-0.9953268565705847f,0.008790583059022496f,-0.0961622287532951f,4.2166487372389225f,0f,0.9958477375236163f,0.0910345191072853f,0.7606009468566908f,0.09656318444064813f,0.09060910174246911f,-0.9911939982123097f,-1.1270267427708203f,0f,0f,0f,1f], start_interpolation: 0, interpolation_duration: 1 }
$data merge entity $(bone_right_eyebrow) { transformation: [-0.9953268565705847f,0.008790583059022496f,-0.0961622287532951f,3.967817023096276f,0f,0.9958477375236163f,0.0910345191072853f,0.7606009468566908f,0.09656318444064813f,0.09060910174246911f,-0.9911939982123097f,-1.1028859466606582f,0f,0f,0f,1f], start_interpolation: 0, interpolation_duration: 1 }
$data merge entity $(bone_talking) { transformation: [-0.9953268565705847f,0.008790583059022496f,-0.0961622287532951f,4.059648880913429f,0f,0.9958477375236163f,0.0910345191072853f,0.502748699197122f,0.09656318444064813f,0.09060910174246911f,-0.9911939982123097f,-1.4508165355329343f,0f,0f,0f,1f], start_interpolation: 0, interpolation_duration: 1 }
$data merge entity $(bone_m_opened) { transformation: [-0.9953268565705847f,0.008790583059022496f,-0.0961622287532951f,4.059648880913429f,0f,0.9958477375236163f,0.0910345191072853f,0.502748699197122f,0.09656318444064813f,0.09060910174246911f,-0.9911939982123097f,-1.4508165355329343f,0f,0f,0f,1f], start_interpolation: 0, interpolation_duration: 1 }
$data merge entity $(bone_head) { transformation: [-0.9953268565705847f,0.008790583059022496f,-0.0961622287532951f,4.06565902021051f,0f,0.9958477375236163f,0.0910345191072853f,0.4970590417529166f,0.09656318444064813f,0.09060910174246911f,-0.9911939982123097f,-1.388866910644665f,0f,0f,0f,1f], start_interpolation: 0, interpolation_duration: 1 }
$data merge entity $(item_display_r_item) { transformation: [-0.4354554997496308f,0.04223969892239615f,0.000752045706452491f,3.765087008560965f,0f,-0.007788120398149574f,0.437430674713907f,-0.25494812707843983f,0.04224639319278355f,0.435386498430543f,0.007751725394483467f,-1.250795609982911f,0f,0f,0f,1f], start_interpolation: 0, interpolation_duration: 1 }
$data merge entity $(bone_rightarm) { transformation: [-0.9953268565705847f,0.0017189616147485725f,-0.09654788325119121f,3.754092874163784f,0f,0.999841542203216f,0.017801418052913534f,0.37217801405518436f,0.09656318444064813f,0.017718229473105286f,-0.9951691392698125f,-1.3641178589709466f,0f,0f,0f,1f], start_interpolation: 0, interpolation_duration: 1 }
$data merge entity $(item_display_l_item) { transformation: [-0.4354554997496308f,0.04214450921760872f,0.0029322483875282414f,4.384024521600391f,0f,-0.030366111106562847f,0.4364448983505981f,-0.25999072961897374f,0.04224639319278355f,0.4344053287415691f,0.03022420591396832f,-1.3435314780544296f,0f,0f,0f,1f], start_interpolation: 0, interpolation_duration: 1 }
$data merge entity $(bone_leftarm) { transformation: [-0.9953268565705847f,0.006702282028636002f,-0.09633030678310564f,4.3761721595204f,0f,0.9975883390870813f,0.06940825395785816f,0.37217801405518436f,0.09656318444064813f,0.06908389923192781f,-0.9929264656950152f,-1.4244698492463517f,0f,0f,0f,1f], start_interpolation: 0, interpolation_duration: 1 }
$data merge entity $(bone_body) { transformation: [-0.9953268565705847f,0.004212026947347017f,-0.09647127768571043f,4.0625f,0f,0.9990482215818578f,0.043619387365336f,-0.2522271244334767f,0.09656318444064813f,0.04341554771187456f,-0.9943795259495035f,-1.4214285714285708f,0f,0f,0f,1f], start_interpolation: 0, interpolation_duration: 1 }
$data merge entity $(bone_leftleg) { transformation: [-0.9953268565705847f,-0.0050537265955650865f,-0.09643084795238455f,4.186915857071323f,0f,0.9986295347545738f,-0.05233595624294395f,-0.18325000000000002f,0.09656318444064813f,-0.052091382812905075f,-0.9939627957058155f,-1.4334989694836517f,0f,0f,0f,1f], start_interpolation: 0, interpolation_duration: 1 }
$data merge entity $(bone_rightleg) { transformation: [-0.9953268565705847f,0.007475446987272314f,-0.09627339342548963f,3.938084142928677f,0f,0.9969989492699817f,0.07741508350801174f,-0.25749999999999995f,0.09656318444064813f,0.07705331171917865f,-0.9923398301810668f,-1.40935817337349f,0f,0f,0f,1f], start_interpolation: 0, interpolation_duration: 1 }
data modify entity @s data merge value {"locators":{},"cameras":{"camera":{"posx":6.125,"posy":0.4821838028340354,"posz":1.1710059332680192,"roty":126.52458133953408,"rotx":-5.48283975899504}}}