# This file was generated by Animated Java via MC-Build. It is not recommended to edit this file directly.
$data merge entity $(bone_left_eye) { transformation: [-0.9955256618563759f,0.0071564028989715475f,-0.09422018086892119f,4.215376101932632f,0f,0.9971279131746841f,0.07573588824262745f,0.7198618930214578f,0.09449156885894439f,0.0753970202690222f,-0.9926664257186942f,-1.1006202771458113f,0f,0f,0f,1f], start_interpolation: 0, interpolation_duration: 1 }
$data merge entity $(bone_right_eye) { transformation: [-0.9955256618563759f,0.0071564028989715475f,-0.09422018086892119f,3.966494686468538f,0f,0.9971279131746841f,0.07573588824262745f,0.7198618930214578f,0.09449156885894439f,0.0753970202690222f,-0.9926664257186942f,-1.0769973849310754f,0f,0f,0f,1f], start_interpolation: 0, interpolation_duration: 1 }
$data merge entity $(bone_right_close) { transformation: [-0.9955256618563759f,0.0071564028989715475f,-0.09422018086892119f,3.9669419616497237f,0f,0.9971279131746841f,0.07573588824262745f,0.7821823875948756f,0.09449156885894439f,0.0753970202690222f,-0.9926664257186942f,-1.0722850711642615f,0f,0f,0f,1f], start_interpolation: 0, interpolation_duration: 1 }
$data merge entity $(bone_left_close) { transformation: [-0.9955256618563759f,0.0071564028989715475f,-0.09422018086892119f,4.215823377113818f,0f,0.9971279131746841f,0.07573588824262745f,0.7821823875948756f,0.09449156885894439f,0.0753970202690222f,-0.9926664257186942f,-1.0959079633789974f,0f,0f,0f,1f], start_interpolation: 0, interpolation_duration: 1 }
$data merge entity $(bone_left_eyebrow) { transformation: [-0.9955256618563759f,0.0071564028989715475f,-0.09422018086892119f,4.215650355802648f,0f,0.9971279131746841f,0.07573588824262745f,0.7572494562724934f,0.09449156885894439f,0.0753970202690222f,-0.9926664257186942f,-1.0977308472341158f,0f,0f,0f,1f], start_interpolation: 0, interpolation_duration: 1 }
$data merge entity $(bone_right_eyebrow) { transformation: [-0.9955256618563759f,0.0071564028989715475f,-0.09422018086892119f,3.9667689403385538f,0f,0.9971279131746841f,0.07573588824262745f,0.7572494562724934f,0.09449156885894439f,0.0753970202690222f,-0.9926664257186942f,-1.0741079550193797f,0f,0f,0f,1f], start_interpolation: 0, interpolation_duration: 1 }
$data merge entity $(bone_talking) { transformation: [-0.9955256618563759f,0.0071564028989715475f,-0.09422018086892119f,4.059702486954305f,0f,0.9971279131746841f,0.07573588824262745f,0.4942473798036079f,0.09449156885894439f,0.0753970202690222f,-0.9926664257186942f,-1.417866344142791f,0f,0f,0f,1f], start_interpolation: 0, interpolation_duration: 1 }
$data merge entity $(bone_m_opened) { transformation: [-0.9955256618563759f,0.0071564028989715475f,-0.09422018086892119f,4.059702486954305f,0f,0.9971279131746841f,0.07573588824262745f,0.4942473798036079f,0.09449156885894439f,0.0753970202690222f,-0.9926664257186942f,-1.417866344142791f,0f,0f,0f,1f], start_interpolation: 0, interpolation_duration: 1 }
$data merge entity $(bone_head) { transformation: [-0.9955256618563759f,0.0071564028989715475f,-0.09422018086892119f,4.065591248258612f,0f,0.9971279131746841f,0.07573588824262745f,0.48951388678844365f,0.09449156885894439f,0.0753970202690222f,-0.9926664257186942f,-1.3558246925353725f,0f,0f,0f,1f], start_interpolation: 0, interpolation_duration: 1 }
$data merge entity $(item_display_r_item) { transformation: [-0.4355424770621645f,0.04134000739387764f,0.00006680739536388008f,3.7656902624331234f,0f,-0.0007070196438754175f,0.4374994287118821f,-0.26056833039594174f,0.04134006137578817f,0.43554190833018275f,0.0007038561989145356f,-1.2082890683199303f,0f,0f,0f,1f], start_interpolation: 0, interpolation_duration: 1 }
$data merge entity $(bone_rightarm) { transformation: [-0.9955256618563759f,0.000152702617974604f,-0.09449144547172031f,3.7539742708853927f,0f,0.9999986941985876f,0.0016160449002868907f,0.3646328590907114f,0.09449156885894439f,0.0016088141689477309f,-0.9955243618975606f,-1.3317241047015331f,0f,0f,0f,1f], start_interpolation: 0, interpolation_duration: 1 }
$data merge entity $(item_display_l_item) { transformation: [-0.4355424770621645f,0.04118851883301844f,0.0035364658765522504f,4.382893863674273f,0f,-0.0374262584403846f,0.4358962321231436f,-0.2687692606396036f,0.04134006137578817f,0.43394588498509307f,0.03725880070467166f,-1.320023654820735f,0f,0f,0f,1f], start_interpolation: 0, interpolation_duration: 1 }
$data merge entity $(bone_leftarm) { transformation: [-0.9955256618563759f,0.008083350574976594f,-0.09414518590404214f,4.376177809545628f,0f,0.9963342448528997f,0.08554573357802217f,0.3646328590907114f,0.09449156885894439f,0.08516297303924973f,-0.9918763085373555f,-1.3907813352383733f,0f,0f,0f,1f], start_interpolation: 0, interpolation_duration: 1 }
$data merge entity $(bone_body) { transformation: [-0.9955256618563759f,0.004121664344816615f,-0.09440163382300805f,4.0625f,0f,0.9990482215818578f,0.043619387365336f,-0.25977227939794967f,0.09449156885894439f,0.043424219476645765f,-0.9945781420167142f,-1.3883928571428568f,0f,0f,0f,1f], start_interpolation: 0, interpolation_duration: 1 }
$data merge entity $(bone_leftleg) { transformation: [-0.9955256618563759f,-0.008235482867292785f,-0.09413199991165148f,4.186940707732047f,0f,0.9961946980917455f,-0.08715574274765818f,-0.1875f,0.09449156885894439f,-0.08676577848344645f,-0.9917373861555976f,-1.4002043032502247f,0f,0f,0f,1f], start_interpolation: 0, interpolation_duration: 1 }
$data merge entity $(bone_rightleg) { transformation: [-0.9955256618563759f,0.011879292636746898f,-0.09374187427118769f,3.938059292267953f,0f,0.9920660160815423f,0.12571801675216263f,-0.2569444444444444f,0.09449156885894439f,0.12515551183446766f,-0.9876271772647955f,-1.3765814110354888f,0f,0f,0f,1f], start_interpolation: 0, interpolation_duration: 1 }
data modify entity @s data merge value {"locators":{},"cameras":{"camera":{"posx":6.125,"posy":0.48586327758982983,"posz":1.2017187621464813,"roty":126.40870726295488,"rotx":-5.552367660860088}}}