# This file was generated by Animated Java via MC-Build. It is not recommended to edit this file directly.
$data merge entity $(bone_left_eye) { transformation: [-0.9957309941468457f,0.005686826274822968f,-0.09212734285896976f,4.214439556770831f,0f,0.9981002611958285f,0.0616106208442923f,0.7102824987526263f,0.0923026938682408f,0.061347604743291546f,-0.9938393653387486f,-1.070523355111141f,0f,0f,0f,1f], start_interpolation: 0, interpolation_duration: 1 }
$data merge entity $(bone_right_eye) { transformation: [-0.9957309941468457f,0.005686826274822968f,-0.09212734285896976f,3.965506808234119f,0f,0.9981002611958285f,0.0616106208442923f,0.7102824987526263f,0.0923026938682408f,0.061347604743291546f,-0.9938393653387486f,-1.0474476816440808f,0f,0f,0f,1f], start_interpolation: 0, interpolation_duration: 1 }
$data merge entity $(bone_right_close) { transformation: [-0.9957309941468457f,0.005686826274822968f,-0.09212734285896976f,3.9658622348762957f,0f,0.9981002611958285f,0.0616106208442923f,0.7726637650773656f,0.0923026938682408f,0.061347604743291546f,-0.9938393653387486f,-1.0436134563476251f,0f,0f,0f,1f], start_interpolation: 0, interpolation_duration: 1 }
$data merge entity $(bone_left_close) { transformation: [-0.9957309941468457f,0.005686826274822968f,-0.09212734285896976f,4.214794983413007f,0f,0.9981002611958285f,0.0616106208442923f,0.7726637650773656f,0.0923026938682408f,0.061347604743291546f,-0.9938393653387486f,-1.0666891298146854f,0f,0f,0f,1f], start_interpolation: 0, interpolation_duration: 1 }
$data merge entity $(bone_left_eyebrow) { transformation: [-0.9957309941468457f,0.005686826274822968f,-0.09212734285896976f,4.2146585707150654f,0f,0.9981002611958285f,0.0616106208442923f,0.7477074078836672f,0.0923026938682408f,0.061347604743291546f,-0.9938393653387486f,-1.068160704972934f,0f,0f,0f,1f], start_interpolation: 0, interpolation_duration: 1 }
$data merge entity $(bone_right_eyebrow) { transformation: [-0.9957309941468457f,0.005686826274822968f,-0.09212734285896976f,3.9657258221783542f,0f,0.9981002611958285f,0.0616106208442923f,0.7477074078836672f,0.0923026938682408f,0.061347604743291546f,-0.9938393653387486f,-1.0450850315058737f,0f,0f,0f,1f], start_interpolation: 0, interpolation_duration: 1 }
$data merge entity $(bone_talking) { transformation: [-0.9957309941468457f,0.005686826274822968f,-0.09212734285896976f,4.059761681290341f,0f,0.9981002611958285f,0.0616106208442923f,0.4800107524675105f,0.0923026938682408f,0.061347604743291546f,-0.9938393653387486f,-1.3848972212317927f,0f,0f,0f,1f], start_interpolation: 0, interpolation_duration: 1 }
$data merge entity $(bone_m_opened) { transformation: [-0.9957309941468457f,0.005686826274822968f,-0.09212734285896976f,4.059761681290341f,0f,0.9981002611958285f,0.0616106208442923f,0.4800107524675105f,0.0923026938682408f,0.061347604743291546f,-0.9938393653387486f,-1.3848972212317927f,0f,0f,0f,1f], start_interpolation: 0, interpolation_duration: 1 }
$data merge entity $(bone_head) { transformation: [-0.9957309941468457f,0.005686826274822968f,-0.09212734285896976f,4.065519640219027f,0f,0.9981002611958285f,0.0616106208442923f,0.47616008866474224f,0.0923026938682408f,0.061347604743291546f,-0.9938393653387486f,-1.322782260898121f,0f,0f,0f,1f], start_interpolation: 0, interpolation_duration: 1 }
$data merge entity $(item_display_r_item) { transformation: [-0.435632309939245f,0.04037900639055285f,-0.000525718469573445f,3.7661383165321345f,0f,0.005695591835314051f,0.43746292441033846f,-0.2720406619519552f,0.040382428567355355f,0.43559539262549274f,-0.005671277320431918f,-1.1668091648495655f,0f,0f,0f,1f], start_interpolation: 0, interpolation_duration: 1 }
$data merge entity $(bone_rightarm) { transformation: [-0.9957309941468457f,-0.0012016422161678537f,-0.09229487174983508f,3.7538504311783f,0f,0.9999152557950594f,-0.013018495623574752f,0.35127906096701f,0.0923026938682408f,-0.012962919589558447f,-0.995646611715412f,-1.299366816057466f,0f,0f,0f,1f], start_interpolation: 0, interpolation_duration: 1 }
$data merge entity $(item_display_l_item) { transformation: [-0.435632309939245f,0.040179532696789616f,0.004042980245459024f,4.381886482939934f,0f,-0.04380132449037999f,0.435301842372495f,-0.2830953779909485f,0.040382428567355355f,0.4334435362595179f,0.04361433637975465f,-1.295521184193475f,0f,0f,0f,1f], start_interpolation: 0, interpolation_duration: 1 }
$data merge entity $(bone_leftarm) { transformation: [-0.9957309941468457f,0.009241097703906359f,-0.09183893187837627f,4.376182302520078f,0f,0.99497563970856f,0.10011731312086877f,0.35127906096701f,0.0923026938682408f,0.09968991172515371f,-0.9907280828788981f,-1.3570559997251164f,0f,0f,0f,1f], start_interpolation: 0, interpolation_duration: 1 }
$data merge entity $(bone_body) { transformation: [-0.9957309941468457f,0.0040261869587028196f,-0.09221484215628063f,4.0625f,0f,0.9990482215818578f,0.043619387365336f,-0.2731260775216511f,0.0923026938682408f,0.043433175945362376f,-0.9947832788763414f,-1.3553571428571427f,0f,0f,0f,1f], start_interpolation: 0, interpolation_duration: 1 }
$data merge entity $(bone_leftleg) { transformation: [-0.9957309941468457f,-0.011248868696248828f,-0.09161468358504947f,4.186966374268356f,0f,0.9925461516413221f,-0.12186934340514737f,-0.19774999999999998f,0.0923026938682408f,-0.12134908246483073f,-0.9883089663104395f,-1.3668949795906729f,0f,0f,0f,1f], start_interpolation: 0, interpolation_duration: 1 }
$data merge entity $(bone_rightleg) { transformation: [-0.9957309941468457f,0.01561200962585468f,-0.09097281160201877f,3.938033625731644f,0f,0.9855921619349441f,0.16913926313072003f,-0.25611111111111107f,0.0923026938682408f,0.1684172066264168f,-0.9813846632268209f,-1.3438193061236126f,0f,0f,0f,1f], start_interpolation: 0, interpolation_duration: 1 }
data modify entity @s data merge value {"locators":{},"cameras":{"camera":{"posx":6.125,"posy":0.4894858586044404,"posz":1.2312459462282195,"roty":126.28651226530438,"rotx":-5.609393139865761}}}