# This file was generated by Animated Java via MC-Build. It is not recommended to edit this file directly.
$data merge entity $(bone_left_eye) { transformation: [-0.9959422363948964f,0.0045306273680741655f,-0.08988067189548557f,4.213539742485609f,0f,0.9987319761658563f,0.05034321983984962f,0.6970094327895462f,0.08999478743089664f,0.05013893895461975f,-0.9946793579017174f,-1.0397844101341005f,0f,0f,0f,1f], start_interpolation: 0, interpolation_duration: 1 }
$data merge entity $(bone_right_eye) { transformation: [-0.9959422363948964f,0.0045306273680741655f,-0.08988067189548557f,3.964554183386885f,0f,0.9987319761658563f,0.05034321983984962f,0.6970094327895462f,0.08999478743089664f,0.05013893895461975f,-0.9946793579017174f,-1.0172857132763764f,0f,0f,0f,1f], start_interpolation: 0, interpolation_duration: 1 }
$data merge entity $(bone_right_close) { transformation: [-0.9959422363948964f,0.0045306273680741655f,-0.08988067189548557f,3.96483734759739f,0f,0.9987319761658563f,0.05034321983984962f,0.7594301812999122f,0.08999478743089664f,0.05013893895461975f,-0.9946793579017174f,-1.0141520295917128f,0f,0f,0f,1f], start_interpolation: 0, interpolation_duration: 1 }
$data merge entity $(bone_left_close) { transformation: [-0.9959422363948964f,0.0045306273680741655f,-0.08988067189548557f,4.213822906696114f,0f,0.9987319761658563f,0.05034321983984962f,0.7594301812999122f,0.08999478743089664f,0.05013893895461975f,-0.9946793579017174f,-1.036650726449437f,0f,0f,0f,1f], start_interpolation: 0, interpolation_duration: 1 }
$data merge entity $(bone_left_eyebrow) { transformation: [-0.9959422363948964f,0.0045306273680741655f,-0.08988067189548557f,4.213715258553905f,0f,0.9987319761658563f,0.05034321983984962f,0.7344587354445259f,0.08999478743089664f,0.05013893895461975f,-0.9946793579017174f,-1.0378420324634334f,0f,0f,0f,1f], start_interpolation: 0, interpolation_duration: 1 }
$data merge entity $(bone_right_eyebrow) { transformation: [-0.9959422363948964f,0.0045306273680741655f,-0.08988067189548557f,3.964729699455181f,0f,0.9987319761658563f,0.05034321983984962f,0.7344587354445259f,0.08999478743089664f,0.05013893895461975f,-0.9946793579017174f,-1.0153433356057093f,0f,0f,0f,1f], start_interpolation: 0, interpolation_duration: 1 }
$data merge entity $(bone_talking) { transformation: [-0.9959422363948964f,0.0045306273680741655f,-0.08988067189548557f,4.059826596126889f,0f,0.9987319761658563f,0.05034321983984962f,0.4630586949480351f,0.08999478743089664f,0.05013893895461975f,-0.9946793579017174f,-1.35190709578818f,0f,0f,0f,1f], start_interpolation: 0, interpolation_duration: 1 }
$data merge entity $(bone_m_opened) { transformation: [-0.9959422363948964f,0.0045306273680741655f,-0.08988067189548557f,4.059826596126889f,0f,0.9987319761658563f,0.05034321983984962f,0.4630586949480351f,0.08999478743089664f,0.05013893895461975f,-0.9946793579017174f,-1.35190709578818f,0f,0f,0f,1f], start_interpolation: 0, interpolation_duration: 1 }
$data merge entity $(bone_head) { transformation: [-0.9959422363948964f,0.0045306273680741655f,-0.08988067189548557f,4.065444138120357f,0f,0.9987319761658563f,0.05034321983984962f,0.4599122437080445f,0.08999478743089664f,0.05013893895461975f,-0.9946793579017174f,-1.2897396359193227f,0f,0f,0f,1f], start_interpolation: 0, interpolation_duration: 1 }
$data merge entity $(item_display_r_item) { transformation: [-0.4357247284227672f,0.03935993739651012f,-0.001003179469781458f,3.7664003094874876f,0f,0.011147084163644023f,0.4373579683904806f,-0.28658100050076174f,0.039372719501017284f,0.4355832731439437f,-0.011101851931221759f,-1.1267344113939322f,0f,0f,0f,1f], start_interpolation: 0, interpolation_duration: 1 }
$data merge entity $(bone_rightarm) { transformation: [-0.9959422363948964f,-0.0022929816452147414f,-0.08996557119202313f,3.7537214995602257f,0f,0.9996753563210985f,-0.0254790495169004f,0.33503121601031227f,0.08999478743089664f,-0.025375661557078086f,-0.9956189100432998f,-1.2670465636225183f,0f,0f,0f,1f], start_interpolation: 0, interpolation_duration: 1 }
$data merge entity $(item_display_l_item) { transformation: [-0.4357247284227672f,0.03912272809982839f,0.004429806647324926f,4.381035024410808f,0f,-0.049222924724683585f,0.434722156879021f,-0.3000641294524845f,0.039372719501017284f,0.4329581571325052f,0.049023189732199005f,-1.2696241033463975f,0f,0f,0f,1f], start_interpolation: 0, interpolation_duration: 1 }
$data merge entity $(bone_leftarm) { transformation: [-0.9959422363948964f,0.010125272336742708f,-0.08942337851389347f,4.376185397307036f,0f,0.9936506442949051f,0.11250954222784841f,0.33503121601031227f,0.08999478743089664f,0.11205300510216938f,-0.9896186448742975f,-1.3232933057668288f,0f,0f,0f,1f], start_interpolation: 0, interpolation_duration: 1 }
$data merge entity $(bone_body) { transformation: [-0.9959422363948964f,0.003925517493809352f,-0.08990913233447462f,4.0625f,0f,0.9990482215818578f,0.043619387365336f,-0.2893739224783488f,0.08999478743089664f,0.043442390202808025f,-0.9949943200685795f,-1.3223214285714286f,0f,0f,0f,1f], start_interpolation: 0, interpolation_duration: 1 }
$data merge entity $(bone_leftleg) { transformation: [-0.9959422363948964f,-0.014078286428161587f,-0.08888680225983447f,4.186992779549362f,0f,0.9876883405951378f,-0.15643446504023062f,-0.21324999999999994f,0.08999478743089664f,-0.15579969096140653f,-0.9836805347934857f,-1.3335707770002907f,0f,0f,0f,1f], start_interpolation: 0, interpolation_duration: 1 }
$data merge entity $(bone_rightleg) { transformation: [-0.9959422363948964f,0.01852656171621528f,-0.08806718046870547f,3.938007220450638f,0f,0.9785809043254722f,0.205862608769881f,-0.255f,0.08999478743089664f,0.2050272669683629f,-0.9746100543472509f,-1.3110720801425666f,0f,0f,0f,1f], start_interpolation: 0, interpolation_duration: 1 }
data modify entity @s data merge value {"locators":{},"cameras":{"camera":{"posx":6.125,"posy":0.4930503219577499,"posz":1.2595661225439254,"roty":126.1578462816068,"rotx":-5.653249099883895}}}