# This file was generated by Animated Java via MC-Build. It is not recommended to edit this file directly.
$data merge entity $(bone_left_eye) { transformation: [-0.9961587134442774f,0.003819578579892049f,-0.08748273228765728f,4.212710100832342f,0f,0.9990482215818578f,0.043619387365336f,0.6854156541384735f,0.08756607578875442f,0.04345183279908068f,-0.9952105910797768f,-1.0079769931902829f,0f,0f,0f,1f], start_interpolation: 0, interpolation_duration: 1 }
$data merge entity $(bone_right_eye) { transformation: [-0.9961587134442774f,0.003819578579892049f,-0.08748273228765728f,3.963670422471272f,0f,0.9990482215818578f,0.043619387365336f,0.6854156541384735f,0.08756607578875442f,0.04345183279908068f,-0.9952105910797768f,-0.9860854742430943f,0f,0f,0f,1f], start_interpolation: 0, interpolation_duration: 1 }
$data merge entity $(bone_right_close) { transformation: [-0.9961587134442774f,0.003819578579892049f,-0.08748273228765728f,3.9639091461325147f,0f,0.9990482215818578f,0.043619387365336f,0.7478561679873394f,0.08756607578875442f,0.04345183279908068f,-0.9952105910797768f,-0.9833697346931519f,0f,0f,0f,1f], start_interpolation: 0, interpolation_duration: 1 }
$data merge entity $(bone_left_close) { transformation: [-0.9961587134442774f,0.003819578579892049f,-0.08748273228765728f,4.212948824493584f,0f,0.9990482215818578f,0.043619387365336f,0.7478561679873394f,0.08756607578875442f,0.04345183279908068f,-0.9952105910797768f,-1.0052612536403405f,0f,0f,0f,1f], start_interpolation: 0, interpolation_duration: 1 }
$data merge entity $(bone_left_eyebrow) { transformation: [-0.9961587134442774f,0.003819578579892049f,-0.08748273228765728f,4.212858802699855f,0f,0.9990482215818578f,0.043619387365336f,0.7228772362360828f,0.08756607578875442f,0.04345183279908068f,-0.9952105910797768f,-1.006285348798375f,0f,0f,0f,1f], start_interpolation: 0, interpolation_duration: 1 }
$data merge entity $(bone_right_eyebrow) { transformation: [-0.9961587134442774f,0.003819578579892049f,-0.08748273228765728f,3.9638191243387855f,0f,0.9990482215818578f,0.043619387365336f,0.7228772362360828f,0.08756607578875442f,0.04345183279908068f,-0.9952105910797768f,-0.9843938298511864f,0f,0f,0f,1f], start_interpolation: 0, interpolation_duration: 1 }
$data merge entity $(bone_talking) { transformation: [-0.9961587134442774f,0.003819578579892049f,-0.08748273228765728f,4.059897013166941f,0f,0.9990482215818578f,0.043619387365336f,0.4492846572946765f,0.08756607578875442f,0.04345183279908068f,-0.9952105910797768f,-1.318897501628889f,0f,0f,0f,1f], start_interpolation: 0, interpolation_duration: 1 }
$data merge entity $(bone_m_opened) { transformation: [-0.9961587134442774f,0.003819578579892049f,-0.08748273228765728f,4.059897013166941f,0f,0.9990482215818578f,0.043619387365336f,0.4492846572946765f,0.08756607578875442f,0.04345183279908068f,-0.9952105910797768f,-1.318897501628889f,0f,0f,0f,1f], start_interpolation: 0, interpolation_duration: 1 }
$data merge entity $(bone_head) { transformation: [-0.9961587134442774f,0.003819578579892049f,-0.08748273228765728f,4.065364683934919f,0f,0.9990482215818578f,0.043619387365336f,0.446558445584343f,0.08756607578875442f,0.04345183279908068f,-0.9952105910797768f,-1.256696839686403f,0f,0f,0f,1f], start_interpolation: 0, interpolation_duration: 1 }
$data merge entity $(item_display_r_item) { transformation: [-0.4358194371318714f,0.03828649106871673f,-0.0013464099315853982f,3.7664500788687083f,0f,0.015375930912257568f,0.43722972308453767f,-0.2985433491163695f,0.03831015815758006f,0.4355501984274907f,-0.015316867555562589f,-1.0884397669007875f,0f,0f,0f,1f], start_interpolation: 0, interpolation_duration: 1 }
$data merge entity $(bone_rightarm) { transformation: [-0.9961587134442774f,-0.0030775084150523194f,-0.08751197958563825f,3.753587638661096f,0f,0.999382224193229f,-0.03514498494230279f,0.32167741788661075f,0.08756607578875442f,-0.03500998298414284f,-0.9955433106914073f,-1.2347639201023026f,0f,0f,0f,1f], start_interpolation: 0, interpolation_duration: 1 }
$data merge entity $(item_display_l_item) { transformation: [-0.4358194371318714f,0.03802345205356243f,0.0046781740015990145f,4.380367572291074f,0f,-0.053424502119801556f,0.434225831305844f,-0.3139093417273955f,0.03831015815758006f,0.43255784545790144f,0.05321928329806258f,-1.2419323091938201f,0f,0f,0f,1f], start_interpolation: 0, interpolation_duration: 1 }
$data merge entity $(bone_leftarm) { transformation: [-0.9961587134442774f,0.010692969146512053f,-0.08691074755099984f,4.376186834563769f,0f,0.9925161858419292f,0.12211314770240378f,0.32167741788661075f,0.08756607578875442f,0.12164407610985756f,-0.9887036467609176f,-1.289492717470274f,0f,0f,0f,1f], start_interpolation: 0, interpolation_duration: 1 }
$data merge entity $(bone_body) { transformation: [-0.9961587134442774f,0.003819578579892049f,-0.08748273228765728f,4.0625f,0f,0.9990482215818578f,0.043619387365336f,-0.30272772060205033f,0.08756607578875442f,0.04345183279908068f,-0.9952105910797768f,-1.2892857142857137f,0f,0f,0f,1f], start_interpolation: 0, interpolation_duration: 1 }
$data merge entity $(bone_leftleg) { transformation: [-0.9961587134442774f,-0.016708394950318634f,-0.08595724034207967f,4.187019839180535f,0f,0.9816271834476639f,-0.19080899537654503f,-0.22987500000000005f,0.08756607578875442f,-0.19007604334789419f,-0.9778564721451546f,-1.300231473759308f,0f,0f,0f,1f], start_interpolation: 0, interpolation_duration: 1 }
$data merge entity $(bone_rightleg) { transformation: [-0.9961587134442774f,0.02050463484078497f,-0.08513153105100336f,3.9379801608194653f,0f,0.9721976265828769f,0.2341618561307992f,-0.2536111111111111f,0.08756607578875442f,0.23326237334098093f,-0.9684631369103787f,-1.2783399548121195f,0f,0f,0f,1f], start_interpolation: 0, interpolation_duration: 1 }
data modify entity @s data merge value {"locators":{},"cameras":{"camera":{"posx":6.125,"posy":0.49655544372964217,"posz":1.28665792812429,"roty":126.02255989394534,"rotx":-5.6832688852304125}}}