# This file was generated by Animated Java via MC-Build. It is not recommended to edit this file directly.
$data merge entity $(bone_left_eye) { transformation: [-0.9963796899395514f,0.003974175315051188f,-0.08492184292941754f,4.21205268539552f,0f,0.9989067673477741f,0.046746873123450855f,0.677053264175951f,0.08501478386706293f,0.046577634948387514f,-0.9952904151284947f,-0.9738137317203419f,0f,0f,0f,1f], start_interpolation: 0, interpolation_duration: 1 }
$data merge entity $(bone_right_eye) { transformation: [-0.9963796899395514f,0.003974175315051188f,-0.08492184292941754f,3.962957762910632f,0f,0.9989067673477741f,0.046746873123450855f,0.677053264175951f,0.08501478386706293f,0.046577634948387514f,-0.9952904151284947f,-0.9525600357535762f,0f,0f,0f,1f], start_interpolation: 0, interpolation_duration: 1 }
$data merge entity $(bone_right_close) { transformation: [-0.9963796899395514f,0.003974175315051188f,-0.08492184292941754f,3.9632061488678225f,0f,0.9989067673477741f,0.046746873123450855f,0.7394849371351868f,0.08501478386706293f,0.046577634948387514f,-0.9952904151284947f,-0.9496489335693019f,0f,0f,0f,1f], start_interpolation: 0, interpolation_duration: 1 }
$data merge entity $(bone_left_close) { transformation: [-0.9963796899395514f,0.003974175315051188f,-0.08492184292941754f,4.2123010713527105f,0f,0.9989067673477741f,0.046746873123450855f,0.7394849371351868f,0.08501478386706293f,0.046577634948387514f,-0.9952904151284947f,-0.9709026295360677f,0f,0f,0f,1f], start_interpolation: 0, interpolation_duration: 1 }
$data merge entity $(bone_left_eyebrow) { transformation: [-0.9963796899395514f,0.003974175315051188f,-0.08492184292941754f,4.212207024585017f,0f,0.9989067673477741f,0.046746873123450855f,0.7145093462719223f,0.08501478386706293f,0.046577634948387514f,-0.9952904151284947f,-0.9720048647588319f,0f,0f,0f,1f], start_interpolation: 0, interpolation_duration: 1 }
$data merge entity $(bone_right_eyebrow) { transformation: [-0.9963796899395514f,0.003974175315051188f,-0.08492184292941754f,3.9631121021001294f,0f,0.9989067673477741f,0.046746873123450855f,0.7145093462719223f,0.08501478386706293f,0.046577634948387514f,-0.9952904151284947f,-0.9507511687920661f,0f,0f,0f,1f], start_interpolation: 0, interpolation_duration: 1 }
$data merge entity $(bone_talking) { transformation: [-0.9963796899395514f,0.003974175315051188f,-0.08492184292941754f,4.05997360440887f,0f,0.9989067673477741f,0.046746873123450855f,0.4419349701900858f,0.08501478386706293f,0.046577634948387514f,-0.9952904151284947f,-1.2858595472017105f,0f,0f,0f,1f], start_interpolation: 0, interpolation_duration: 1 }
$data merge entity $(bone_m_opened) { transformation: [-0.9963796899395514f,0.003974175315051188f,-0.08492184292941754f,4.05997360440887f,0f,0.9989067673477741f,0.046746873123450855f,0.4419349701900858f,0.08501478386706293f,0.046577634948387514f,-0.9952904151284947f,-1.2858595472017105f,0f,0f,0f,1f], start_interpolation: 0, interpolation_duration: 1 }
$data merge entity $(bone_head) { transformation: [-0.9963796899395514f,0.003974175315051188f,-0.08492184292941754f,4.0652812195919585f,0f,0.9989067673477741f,0.046746873123450855f,0.43901329061987016f,0.08501478386706293f,0.046577634948387514f,-0.9952904151284947f,-1.2236538962561796f,0f,0f,0f,1f], start_interpolation: 0, interpolation_duration: 1 }
$data merge entity $(item_display_r_item) { transformation: [-0.4359161143485537f,0.03716208330076764f,-0.0015397454352689274f,3.7662664043092207f,0f,0.018111502085056373f,0.4371249518069439f,-0.30515723906348013f,0.03719396794184003f,0.4355424239462441f,-0.018045932831848008f,-1.052298863653459f,0f,0f,0f,1f], start_interpolation: 0, interpolation_duration: 1 }
$data merge entity $(bone_rightarm) { transformation: [-0.9963796899395514f,-0.0035194181377575296f,-0.08494190468746889f,3.7534490298871885f,0f,0.9991427469873003f,-0.0413977190515572f,0.3141322629221379f,0.08501478386706293f,-0.041247846472795224f,-0.9955255404485579f,-1.2025194602550258f,0f,0f,0f,1f], start_interpolation: 0, interpolation_duration: 1 }
$data merge entity $(item_display_l_item) { transformation: [-0.4359161143485537f,0.03688647269721533f,0.004772775211154604f,4.379907077996964f,0f,-0.05614053219987904f,0.43388303797718847f,-0.3217408005309539f,0.03719396794184003f,0.43231224684974157f,0.055937286066356874f,-1.2120463240239525f,0f,0f,0f,1f], start_interpolation: 0, interpolation_duration: 1 }
$data merge entity $(bone_leftarm) { transformation: [-0.9963796899395514f,0.010909200482639114f,-0.08431193759363505f,4.376186336099408f,0f,0.9917326582335736f,0.1283212164568666f,0.3141322629221379f,0.08501478386706293f,0.1278566538659588f,-0.9881422785136951f,-1.2556537001719401f,0f,0f,0f,1f], start_interpolation: 0, interpolation_duration: 1 }
$data merge entity $(bone_body) { transformation: [-0.9963796899395514f,0.003708292789277736f,-0.08493386863055524f,4.0625f,0f,0.9990482215818578f,0.043619387365336f,-0.31027287556652317f,0.08501478386706293f,0.04346147165842667f,-0.9954313572543917f,-1.2562499999999996f,0f,0f,0f,1f], start_interpolation: 0, interpolation_duration: 1 }
$data merge entity $(bone_leftleg) { transformation: [-0.9963796899395514f,-0.019124165265711618f,-0.08283586046425288f,4.187047461242444f,0f,0.9743700647852352f,-0.2249510543438651f,-0.24350000000000005f,0.08501478386706293f,-0.22413666177871547f,-0.9708425430370933f,-1.2668768479833825f,0f,0f,0f,1f], start_interpolation: 0, interpolation_duration: 1 }
$data merge entity $(bone_rightleg) { transformation: [-0.9963796899395514f,0.021455147647903332f,-0.08226293281527283f,3.937952538757556f,0f,0.9676309116295214f,0.2523696076373329f,-0.2519444444444444f,0.08501478386706293f,0.251455951407852f,-0.964127787705348f,-1.2456231520166168f,0f,0f,0f,1f], start_interpolation: 0, interpolation_duration: 1 }
data modify entity @s data merge value {"locators":{},"cameras":{"camera":{"posx":6.125,"posy":0.5,"posz":1.3125000000000007,"roty":125.88050422755845,"rotx":-5.698786327939351}}}