# This file was generated by Animated Java via MC-Build. It is not recommended to edit this file directly.
$data merge entity $(bone_left_eye) { transformation: [-0.996831886098668f,0.006439913374212776f,-0.07927621568102804f,4.211135046052871f,0f,0.9967167700908108f,0.08096715519111336f,0.6677979998906352f,0.07953735510420397f,0.0807106420212011f,-0.9935590578357955f,-0.8989424187189543f,0f,0f,0f,1f], start_interpolation: 0, interpolation_duration: 1 }
$data merge entity $(bone_right_eye) { transformation: [-0.996831886098668f,0.006439913374212776f,-0.07927621568102804f,3.9619270745282043f,0f,0.9967167700908108f,0.08096715519111336f,0.6677979998906352f,0.07953735510420397f,0.0807106420212011f,-0.9935590578357955f,-0.8790580799429033f,0f,0f,0f,1f], start_interpolation: 0, interpolation_duration: 1 }
$data merge entity $(bone_right_close) { transformation: [-0.996831886098668f,0.006439913374212776f,-0.07927621568102804f,3.962329569114093f,0f,0.9967167700908108f,0.08096715519111336f,0.7300927980213108f,0.07953735510420397f,0.0807106420212011f,-0.9935590578357955f,-0.8740136648165782f,0f,0f,0f,1f], start_interpolation: 0, interpolation_duration: 1 }
$data merge entity $(bone_left_close) { transformation: [-0.996831886098668f,0.006439913374212776f,-0.07927621568102804f,4.21153754063876f,0f,0.9967167700908108f,0.08096715519111336f,0.7300927980213108f,0.07953735510420397f,0.0807106420212011f,-0.9935590578357955f,-0.8938980035926292f,0f,0f,0f,1f], start_interpolation: 0, interpolation_duration: 1 }
$data merge entity $(bone_left_eyebrow) { transformation: [-0.996831886098668f,0.006439913374212776f,-0.07927621568102804f,4.211381497567885f,0f,0.9967167700908108f,0.08096715519111336f,0.7051698183218411f,0.07953735510420397f,0.0807106420212011f,-0.9935590578357955f,-0.8958536722020445f,0f,0f,0f,1f], start_interpolation: 0, interpolation_duration: 1 }
$data merge entity $(bone_right_eyebrow) { transformation: [-0.996831886098668f,0.006439913374212776f,-0.07927621568102804f,3.962173526043218f,0f,0.9967167700908108f,0.08096715519111336f,0.7051698183218411f,0.07953735510420397f,0.0807106420212011f,-0.9935590578357955f,-0.8759693334259935f,0f,0f,0f,1f], start_interpolation: 0, interpolation_duration: 1 }
$data merge entity $(bone_talking) { transformation: [-0.996831886098668f,0.006439913374212776f,-0.07927621568102804f,4.060147264546663f,0f,0.9967167700908108f,0.08096715519111336f,0.4439210433651553f,0.07953735510420397f,0.0807106420212011f,-0.9935590578357955f,-1.2196651154099152f,0f,0f,0f,1f], start_interpolation: 0, interpolation_duration: 1 }
$data merge entity $(bone_m_opened) { transformation: [-0.996831886098668f,0.006439913374212776f,-0.07927621568102804f,4.060147264546663f,0f,0.9967167700908108f,0.08096715519111336f,0.4439210433651553f,0.07953735510420397f,0.0807106420212011f,-0.9935590578357955f,-1.2196651154099152f,0f,0f,0f,1f], start_interpolation: 0, interpolation_duration: 1 }
$data merge entity $(bone_head) { transformation: [-0.996831886098668f,0.006439913374212776f,-0.07927621568102804f,4.065102028026728f,0f,0.9967167700908108f,0.08096715519111336f,0.4388605961657107f,0.07953735510420397f,0.0807106420212011f,-0.9935590578357955f,-1.157567674295178f,0f,0f,0f,1f], start_interpolation: 0, interpolation_duration: 1 }
$data merge entity $(item_display_r_item) { transformation: [-0.43611395016816723f,0.03476776251677694f,-0.0014405409728096576f,3.7651499543919136f,0f,0.01811150208505635f,0.4371249518069439f,-0.3053099335176396f,0.034797592858089234f,0.43574009017050525f,-0.018054122783526683f,-0.9878586277507353f,0f,0f,0f,1f], start_interpolation: 0, interpolation_duration: 1 }
$data merge entity $(bone_rightarm) { transformation: [-0.996831886098668f,-0.003292665080707771f,-0.07946917146691872f,3.7531583922831064f,0f,0.9991427469873003f,-0.04139771905155715f,0.3139795684679785f,0.07953735510420397f,-0.041266566362346484f,-0.9959773489611549f,-1.1381474003473462f,0f,0f,0f,1f], start_interpolation: 0, interpolation_duration: 1 }
$data merge entity $(item_display_l_item) { transformation: [-0.43611395016816723f,0.034509909265282454f,0.004465269445320774f,4.379659338820111f,0f,-0.05614053219987901f,0.43388303797718847f,-0.3218934949851133f,0.034797592858089234f,0.4325084470930207f,0.0559626725993884f,-1.14423108040288f,0f,0f,0f,1f], start_interpolation: 0, interpolation_duration: 1 }
$data merge entity $(bone_leftarm) { transformation: [-0.996831886098668f,0.010206330160733216f,-0.0788797926063599f,4.376178321094774f,0f,0.9917326582335736f,0.12832121645686653f,0.3139795684679785f,0.07953735510420397f,0.1279146802271737f,-0.9885907362126188f,-1.1878582472874737f,0f,0f,0f,1f], start_interpolation: 0, interpolation_duration: 1 }
$data merge entity $(bone_body) { transformation: [-0.996831886098668f,0.0034693707023045572f,-0.07946165316617967f,4.0625f,0f,0.9990482215818578f,0.043619387365336f,-0.3104255700206826f,0.07953735510420397f,0.04348119617785629f,-0.9958831230229633f,-1.1901785714285702f,0f,0f,0f,1f], start_interpolation: 0, interpolation_duration: 1 }
$data merge entity $(bone_leftleg) { transformation: [-0.996831886098668f,-0.017892011890413034f,-0.0774988178457295f,4.187103985762334f,0f,0.9743700647852354f,-0.2249510543438645f,-0.24998611111111113f,0.07953735510420397f,-0.22423838378147842f,-0.9712831494379475f,-1.2001207408165957f,0f,0f,0f,1f], start_interpolation: 0, interpolation_duration: 1 }
$data merge entity $(bone_rightleg) { transformation: [-0.996831886098668f,0.020072811100159155f,-0.07696280342808186f,3.9378960142376664f,0f,0.9676309116295214f,0.2523696076373327f,-0.24049999999999983f,0.07953735510420397f,0.25157007197510317f,-0.9645653466870294f,-1.1802364020405447f,0f,0f,0f,1f], start_interpolation: 0, interpolation_duration: 1 }
data modify entity @s data merge value {"locators":{},"cameras":{"camera":{"posx":6.125,"posy":0.5033691814071934,"posz":1.3369847641235908,"roty":125.36097521978931,"rotx":-5.726525693593493}}}