# This file was generated by Animated Java via MC-Build. It is not recommended to edit this file directly.
$data merge entity $(bone_left_eye) { transformation: [-0.9970613148247942f,0.0074959306300140804f,-0.07624005183525694f,4.210572844561064f,0f,0.9952013405676365f,0.09784830980849607f,0.6695328892874239f,0.0766076659339824f,0.0975607644310429f,-0.9922767571417653f,-0.8616410322026524f,0f,0f,0f,1f], start_interpolation: 0, interpolation_duration: 1 }
$data merge entity $(bone_right_eye) { transformation: [-0.9970613148247942f,0.0074959306300140804f,-0.07624005183525694f,3.9613075158548647f,0f,0.9952013405676365f,0.09784830980849607f,0.6695328892874239f,0.0766076659339824f,0.0975607644310429f,-0.9922767571417653f,-0.8424891157191567f,0f,0f,0f,1f], start_interpolation: 0, interpolation_duration: 1 }
$data merge entity $(bone_right_close) { transformation: [-0.9970613148247942f,0.0074959306300140804f,-0.07624005183525694f,3.9617760115192406f,0f,0.9952013405676365f,0.09784830980849607f,0.7317329730729012f,0.0766076659339824f,0.0975607644310429f,-0.9922767571417653f,-0.8363915679422166f,0f,0f,0f,1f], start_interpolation: 0, interpolation_duration: 1 }
$data merge entity $(bone_left_close) { transformation: [-0.9970613148247942f,0.0074959306300140804f,-0.07624005183525694f,4.211041340225439f,0f,0.9952013405676365f,0.09784830980849607f,0.7317329730729012f,0.0766076659339824f,0.0975607644310429f,-0.9922767571417653f,-0.8555434844257123f,0f,0f,0f,1f], start_interpolation: 0, interpolation_duration: 1 }
$data merge entity $(bone_left_eyebrow) { transformation: [-0.9970613148247942f,0.0074959306300140804f,-0.07624005183525694f,4.210858706962929f,0f,0.9952013405676365f,0.09784830980849607f,0.7068468240393473f,0.0766076659339824f,0.0975607644310429f,-0.9922767571417653f,-0.857920486239167f,0f,0f,0f,1f], start_interpolation: 0, interpolation_duration: 1 }
$data merge entity $(bone_right_eyebrow) { transformation: [-0.9970613148247942f,0.0074959306300140804f,-0.07624005183525694f,3.96159337825673f,0f,0.9952013405676365f,0.09784830980849607f,0.7068468240393473f,0.0766076659339824f,0.0975607644310429f,-0.9922767571417653f,-0.8387685697556714f,0f,0f,0f,1f], start_interpolation: 0, interpolation_duration: 1 }
$data merge entity $(bone_talking) { transformation: [-0.9970613148247942f,0.0074959306300140804f,-0.07624005183525694f,4.060241181351943f,0f,0.9952013405676365f,0.09784830980849607f,0.45131015096066984f,0.0766076659339824f,0.0975607644310429f,-0.9922767571417653f,-1.186541751675467f,0f,0f,0f,1f], start_interpolation: 0, interpolation_duration: 1 }
$data merge entity $(bone_m_opened) { transformation: [-0.9970613148247942f,0.0074959306300140804f,-0.07624005183525694f,4.060241181351943f,0f,0.9952013405676365f,0.09784830980849607f,0.45131015096066984f,0.0766076659339824f,0.0975607644310429f,-0.9922767571417653f,-1.186541751675467f,0f,0f,0f,1f], start_interpolation: 0, interpolation_duration: 1 }
$data merge entity $(bone_head) { transformation: [-0.9970613148247942f,0.0074959306300140804f,-0.07624005183525694f,4.065006184591646f,0f,0.9952013405676365f,0.09784830980849607f,0.44519463159763883f,0.0766076659339824f,0.0975607644310429f,-0.9922767571417653f,-1.1245244543541066f,0f,0f,0f,1f], start_interpolation: 0, interpolation_duration: 1 }
$data merge entity $(item_display_r_item) { transformation: [-0.43621432523584747f,0.033495148562467894f,-0.001177914178750221f,3.764259603264448f,0f,0.015375930912257568f,0.43722972308453767f,-0.29990716310307364f,0.0335158538461173f,0.4359448425791498f,-0.015330745892030727f,-0.9595642243461566f,0f,0f,0f,1f], start_interpolation: 0, interpolation_duration: 1 }
$data merge entity $(bone_rightarm) { transformation: [-0.9970613148247942f,-0.002692375265714774f,-0.07656033957135519f,3.753006826276957f,0f,0.999382224193229f,-0.03514498494230279f,0.3203136038999066f,0.0766076659339824f,-0.03504170489607001f,-0.9964453544666281f,-1.106020959214529f,0f,0f,0f,1f], start_interpolation: 0, interpolation_duration: 1 }
$data merge entity $(item_display_l_item) { transformation: [-0.43621432523584747f,0.0332650274245839f,0.004092726411083092f,4.379827689576502f,0f,-0.053424502119801556f,0.434225831305844f,-0.31527315571409964f,0.0335158538461173f,0.4329497782926941f,0.05326750432742934f,-1.106297248521683f,0f,0f,0f,1f], start_interpolation: 0, interpolation_duration: 1 }
$data merge entity $(bone_leftarm) { transformation: [-0.9970613148247942f,0.0093548032253328f,-0.0760343483990489f,4.376170148042454f,0f,0.9925161858419292f,0.12211314770240378f,0.3203136038999066f,0.0766076659339824f,0.12175429560555301f,-0.9895994932404437f,-1.153900750423268f,0f,0f,0f,1f], start_interpolation: 0, interpolation_duration: 1 }
$data merge entity $(bone_body) { transformation: [-0.9970613148247942f,0.003341579455528633f,-0.07653475241088219f,4.0625f,0f,0.9990482215818578f,0.043619387365336f,-0.3040915345887545f,0.0766076659339824f,0.043491203718333926f,-0.9961123333837795f,-1.157142857142857f,0f,0f,0f,1f], start_interpolation: 0, interpolation_duration: 1 }
$data merge entity $(bone_leftleg) { transformation: [-0.9970613148247942f,-0.014617431775005152f,-0.07520016734127469f,4.187132664353099f,0f,0.9816271834476639f,-0.19080899537654503f,-0.24898611111111113f,0.0766076659339824f,-0.19024826781053605f,-0.9787424901960872f,-1.1667188153846049f,0f,0f,0f,1f], start_interpolation: 0, interpolation_duration: 1 }
$data merge entity $(bone_rightleg) { transformation: [-0.9970613148247942f,0.01793859324894951f,-0.07447779099907159f,3.9378673356469007f,0f,0.9721976265828769f,0.23416185613079915f,-0.22650000000000015f,0.0766076659339824f,0.2334737281555889f,-0.9693406438302675f,-1.1475668989011092f,0f,0f,0f,1f], start_interpolation: 0, interpolation_duration: 1 }
data modify entity @s data merge value {"locators":{},"cameras":{"camera":{"posx":6.125,"posy":0.5050520910095437,"posz":1.3489204490209379,"roty":125.07146115772282,"rotx":-5.741281084358117}}}