# This file was generated by Animated Java via MC-Build. It is not recommended to edit this file directly.
$data merge entity $(bone_left_eye) { transformation: [-0.9972916567340006f,0.008435986894848702f,-0.07306288752754331f,4.209942274310399f,0f,0.9934001797993957f,0.11469996850273445f,0.6750812616506863f,0.07354829303765316f,0.11438932161542972f,-0.9907097111119934f,-0.8243999829865195f,0f,0f,0f,1f], start_interpolation: 0, interpolation_duration: 1 }
$data merge entity $(bone_right_eye) { transformation: [-0.9972916567340006f,0.008435986894848702f,-0.07306288752754331f,3.9606193601268993f,0f,0.9934001797993957f,0.11469996850273445f,0.6750812616506863f,0.07354829303765316f,0.11438932161542972f,-0.9907097111119934f,-0.8060129097271062f,0f,0f,0f,1f], start_interpolation: 0, interpolation_duration: 1 }
$data merge entity $(bone_right_close) { transformation: [-0.9972916567340006f,0.008435986894848702f,-0.07306288752754331f,3.9611466093078276f,0f,0.9934001797993957f,0.11469996850273445f,0.7371687728881485f,0.07354829303765316f,0.11438932161542972f,-0.9907097111119934f,-0.7988635771261419f,0f,0f,0f,1f], start_interpolation: 0, interpolation_duration: 1 }
$data merge entity $(bone_left_close) { transformation: [-0.9972916567340006f,0.008435986894848702f,-0.07306288752754331f,4.210469523491327f,0f,0.9934001797993957f,0.11469996850273445f,0.7371687728881485f,0.07354829303765316f,0.11438932161542972f,-0.9907097111119934f,-0.8172506503855552f,0f,0f,0f,1f], start_interpolation: 0, interpolation_duration: 1 }
$data merge entity $(bone_left_eyebrow) { transformation: [-0.9972916567340006f,0.008435986894848702f,-0.07306288752754331f,4.210263190249426f,0f,0.9934001797993957f,0.11469996850273445f,0.7123265996451322f,0.07354829303765316f,0.11438932161542972f,-0.9907097111119934f,-0.8200484640689962f,0f,0f,0f,1f], start_interpolation: 0, interpolation_duration: 1 }
$data merge entity $(bone_right_eyebrow) { transformation: [-0.9972916567340006f,0.008435986894848702f,-0.07306288752754331f,3.9609402760659265f,0f,0.9934001797993957f,0.11469996850273445f,0.7123265996451322f,0.07354829303765316f,0.11438932161542972f,-0.9907097111119934f,-0.801661390809583f,0f,0f,0f,1f], start_interpolation: 0, interpolation_duration: 1 }
$data merge entity $(bone_talking) { transformation: [-0.9972916567340006f,0.008435986894848702f,-0.07306288752754331f,4.06033966814258f,0f,0.9934001797993957f,0.11469996850273445f,0.46257495685794187f,0.07354829303765316f,0.11438932161542972f,-0.9907097111119934f,-1.1534005614831682f,0f,0f,0f,1f], start_interpolation: 0, interpolation_duration: 1 }
$data merge entity $(bone_m_opened) { transformation: [-0.9972916567340006f,0.008435986894848702f,-0.07306288752754331f,4.06033966814258f,0f,0.9934001797993957f,0.11469996850273445f,0.46257495685794187f,0.07354829303765316f,0.11438932161542972f,-0.9907097111119934f,-1.1534005614831682f,0f,0f,0f,1f], start_interpolation: 0, interpolation_duration: 1 }
$data merge entity $(bone_head) { transformation: [-0.9972916567340006f,0.008435986894848702f,-0.07306288752754331f,4.064906098613052f,0f,0.9934001797993957f,0.11469996850273445f,0.45540620882652094f,0.07354829303765316f,0.11438932161542972f,-0.9907097111119934f,-1.0914812045386686f,0f,0f,0f,1f], start_interpolation: 0, interpolation_duration: 1 }
$data merge entity $(item_display_r_item) { transformation: [-0.43631509982112526f,0.03216693202153572f,-0.0008198490125830742f,3.7632132043294395f,0f,0.011147084163644029f,0.4373579683904806f,-0.2910870353822853f,0.032177378203973254f,0.4361734528819591f,-0.011116894033313892f,-0.9334327556226633f,0f,0f,0f,1f], start_interpolation: 0, interpolation_duration: 1 }
$data merge entity $(bone_rightarm) { transformation: [-0.9972916567340006f,-0.0018739406001898676f,-0.07352441604922451f,3.752851439448168f,0f,0.9996753563210985f,-0.025479049516900415f,0.3305251811287887f,0.07354829303765316f,-0.025410043504717247f,-0.9969678923016208f,-1.0739350193508141f,0f,0f,0f,1f], start_interpolation: 0, interpolation_duration: 1 }
$data merge entity $(item_display_l_item) { transformation: [-0.43631509982112526f,0.031973072584098865f,0.003620262091821372f,4.380122085514058f,0f,-0.04922292472468359f,0.434722156879021f,-0.3045701643340081f,0.032177378203973254f,0.43354478005285696f,0.049089612147972694f,-1.066160782695635f,0f,0f,0f,1f], start_interpolation: 0, interpolation_duration: 1 }
$data merge entity $(bone_leftarm) { transformation: [-0.9972916567340006f,0.00827488478130601f,-0.07308130876365455f,4.376158724906918f,0f,0.9936506442949051f,0.11250954222784842f,0.3305251811287887f,0.07354829303765316f,0.11220482776679495f,-0.990959497263673f,-1.1199027024993473f,0f,0f,0f,1f], start_interpolation: 0, interpolation_duration: 1 }
$data merge entity $(bone_body) { transformation: [-0.9972916567340006f,0.003208131484068638f,-0.07347829135964873f,4.0625f,0f,0.9990482215818578f,0.043619387365336f,-0.2938799573598724f,0.07354829303765316f,0.04350125109129807f,-0.9963424560585279f,-1.124107142857142f,0f,0f,0f,1f], start_interpolation: 0, interpolation_duration: 1 }
$data merge entity $(bone_leftleg) { transformation: [-0.9972916567340006f,-0.01150548787596739f,-0.07264279150396458f,4.18716145709175f,0f,0.9876883405951378f,-0.15643446504023062f,-0.24712500000000004f,0.07354829303765316f,-0.1560107868102687f,-0.9850133415289808f,-1.1333006794868488f,0f,0f,0f,1f], start_interpolation: 0, interpolation_duration: 1 }
$data merge entity $(bone_rightleg) { transformation: [-0.9972916567340006f,0.015140843475302963f,-0.07197295511238146f,3.93783854290825f,0f,0.9785809043254722f,0.2058626087698811f,-0.21099999999999985f,0.07354829303765316f,0.20530506215969813f,-0.9759305713230066f,-1.1149136062274354f,0f,0f,0f,1f], start_interpolation: 0, interpolation_duration: 1 }
data modify entity @s data merge value {"locators":{},"cameras":{"camera":{"posx":6.125,"posy":0.506733844157119,"posz":1.3606533837313055,"roty":124.76333078065895,"rotx":-5.756542327386863}}}