# This file was generated by Animated Java via MC-Build. It is not recommended to edit this file directly.
$data merge entity $(bone_left_eye) { transformation: [-0.9975218430831472f,0.008940235796942407f,-0.06978713890034649f,4.2091737861277325f,0f,0.9918939103343399f,0.12706876343796092f,0.6842424529104876f,0.07035746280247167f,0.1267538671029312f,-0.9894358415796607f,-0.7881852154919691f,0f,0f,0f,1f], start_interpolation: 0, interpolation_duration: 1 }
$data merge entity $(bone_right_eye) { transformation: [-0.9975218430831472f,0.008940235796942407f,-0.06978713890034649f,3.9597933253569453f,0f,0.9918939103343399f,0.12706876343796092f,0.6842424529104876f,0.07035746280247167f,0.1267538671029312f,-0.9894358415796607f,-0.7705958497913512f,0f,0f,0f,1f], start_interpolation: 0, interpolation_duration: 1 }
$data merge entity $(bone_right_close) { transformation: [-0.9975218430831472f,0.008940235796942407f,-0.06978713890034649f,3.960352090094255f,0f,0.9918939103343399f,0.12706876343796092f,0.7462358223063839f,0.07035746280247167f,0.1267538671029312f,-0.9894358415796607f,-0.762673733097418f,0f,0f,0f,1f], start_interpolation: 0, interpolation_duration: 1 }
$data merge entity $(bone_left_close) { transformation: [-0.9975218430831472f,0.008940235796942407f,-0.06978713890034649f,4.209732550865042f,0f,0.9918939103343399f,0.12706876343796092f,0.7462358223063839f,0.07035746280247167f,0.1267538671029312f,-0.9894358415796607f,-0.7802630987980359f,0f,0f,0f,1f], start_interpolation: 0, interpolation_duration: 1 }
$data merge entity $(bone_left_eyebrow) { transformation: [-0.9975218430831472f,0.008940235796942407f,-0.06978713890034649f,4.209513406666299f,0f,0.9918939103343399f,0.12706876343796092f,0.7214305327503105f,0.07035746280247167f,0.1267538671029312f,-0.9894358415796607f,-0.7833701057355105f,0f,0f,0f,1f], start_interpolation: 0, interpolation_duration: 1 }
$data merge entity $(bone_right_eyebrow) { transformation: [-0.9975218430831472f,0.008940235796942407f,-0.06978713890034649f,3.960132945895513f,0f,0.9918939103343399f,0.12706876343796092f,0.7214305327503105f,0.07035746280247167f,0.1267538671029312f,-0.9894358415796607f,-0.7657807400348926f,0f,0f,0f,1f], start_interpolation: 0, interpolation_duration: 1 }
$data merge entity $(bone_talking) { transformation: [-0.9975218430831472f,0.008940235796942407f,-0.06978713890034649f,4.060440015886745f,0f,0.9918939103343399f,0.12706876343796092f,0.47597796390126546f,0.07035746280247167f,0.1267538671029312f,-0.9894358415796607f,-1.1202776999110369f,0f,0f,0f,1f], start_interpolation: 0, interpolation_duration: 1 }
$data merge entity $(bone_m_opened) { transformation: [-0.9975218430831472f,0.008940235796942407f,-0.06978713890034649f,4.060440015886745f,0f,0.9918939103343399f,0.12706876343796092f,0.47597796390126546f,0.07035746280247167f,0.1267538671029312f,-0.9894358415796607f,-1.1202776999110369f,0f,0f,0f,1f], start_interpolation: 0, interpolation_duration: 1 }
$data merge entity $(bone_head) { transformation: [-0.9975218430831472f,0.008940235796942407f,-0.06978713890034649f,4.064801712068017f,0f,0.9918939103343399f,0.12706876343796092f,0.4680361661863929f,0.07035746280247167f,0.1267538671029312f,-0.9894358415796607f,-1.0584379598123081f,0f,0f,0f,1f], start_interpolation: 0, interpolation_duration: 1 }
$data merge entity $(item_display_r_item) { transformation: [-0.4364158063488769f,0.030778781431660865f,-0.0004007273906911767f,3.7620589226794214f,0f,0.005695591835314151f,0.43746292441033846f,-0.28016458443030456f,0.030781389976081354f,0.4363788226383443f,-0.005681477265011897f,-0.9090941044425596f,0f,0f,0f,1f], start_interpolation: 0, interpolation_duration: 1 }
$data merge entity $(bone_rightarm) { transformation: [-0.9975218430831472f,-0.0009159483215798168f,-0.07035150041522484f,3.752692517426531f,0f,0.9999152557950594f,-0.013018495623574981f,0.34315513848866064f,0.07035746280247167f,-0.012986233748598398f,-0.9974373088876441f,-1.0418901641463891f,0f,0f,0f,1f], start_interpolation: 0, interpolation_duration: 1 }
$data merge entity $(item_display_l_item) { transformation: [-0.4364158063488769f,0.0306267331825702f,0.0030817500585309087f,4.380491664464902f,0f,-0.043801324490380086f,0.435301842372495f,-0.2912193004692979f,0.030781389976081354f,0.43422309610090076f,0.043692777935126936f,-1.0242180908478582f,0f,0f,0f,1f], start_interpolation: 0, interpolation_duration: 1 }
$data merge entity $(bone_leftarm) { transformation: [-0.9975218430831472f,0.00704400013378495f,-0.07000396156016045f,4.376143669353498f,0f,0.99497563970856f,0.100117313120869f,0.34315513848866064f,0.07035746280247167f,0.09986920670886179f,-0.992509933944916f,-1.085863578397934f,0f,0f,0f,1f], start_interpolation: 0, interpolation_duration: 1 }
$data merge entity $(bone_body) { transformation: [-0.9975218430831472f,0.0030689494240232302f,-0.07029049808782104f,4.0625f,0f,0.9990482215818578f,0.043619387365336f,-0.28125000000000044f,0.07035746280247167f,0.04351129167882771f,-0.9965724233212752f,-1.091071428571429f,0f,0f,0f,1f], start_interpolation: 0, interpolation_duration: 1 }
$data merge entity $(bone_leftleg) { transformation: [-0.9975218430831472f,-0.008574417795389344f,-0.06983302894384072f,4.187190230385394f,0f,0.992546151641322f,-0.12186934340514798f,-0.2445277777777778f,0.07035746280247167f,-0.1215673320488362f,-0.9900864665303364f,-1.0998661114217378f,0f,0f,0f,1f], start_interpolation: 0, interpolation_duration: 1 }
$data merge entity $(bone_rightleg) { transformation: [-0.9975218430831472f,0.01190020941415716f,-0.06934376387174546f,3.9378097696146064f,0f,0.9855921619349439f,0.16913926313072086f,-0.19700000000000017f,0.07035746280247167f,0.16872010949588206f,-0.983149709901649f,-1.08227674572112f,0f,0f,0f,1f], start_interpolation: 0, interpolation_duration: 1 }
data modify entity @s data merge value {"locators":{},"cameras":{"camera":{"posx":6.125,"posy":0.508414414059461,"posz":1.3721848541966828,"roty":124.4374967411211,"rotx":-5.772246274946492}}}