# This file was generated by Animated Java via MC-Build. It is not recommended to edit this file directly.
$data merge entity $(bone_left_eye) { transformation: [-0.9977507317728965f,0.008749614970627408f,-0.06645992389790469f,4.208214193199101f,0f,0.9914448613738104f,0.1305261922200516f,0.6958957908347054f,0.06703340396137965f,0.13023260380308624f,-0.9892148359481974f,-0.7539120730956285f,0f,0f,0f,1f], start_interpolation: 0, interpolation_duration: 1 }
$data merge entity $(bone_right_eye) { transformation: [-0.9977507317728965f,0.008749614970627408f,-0.06645992389790469f,3.958776510255877f,0f,0.9914448613738104f,0.1305261922200516f,0.6958957908347054f,0.06703340396137965f,0.13023260380308624f,-0.9892148359481974f,-0.7371537221052836f,0f,0f,0f,1f], start_interpolation: 0, interpolation_duration: 1 }
$data merge entity $(bone_right_close) { transformation: [-0.9977507317728965f,0.008749614970627408f,-0.06645992389790469f,3.959323361191541f,0f,0.9914448613738104f,0.1305261922200516f,0.7578610946705686f,0.06703340396137965f,0.13023260380308624f,-0.9892148359481974f,-0.7290141843675907f,0f,0f,0f,1f], start_interpolation: 0, interpolation_duration: 1 }
$data merge entity $(bone_left_close) { transformation: [-0.9977507317728965f,0.008749614970627408f,-0.06645992389790469f,4.208761044134765f,0f,0.9914448613738104f,0.1305261922200516f,0.7578610946705686f,0.06703340396137965f,0.13023260380308624f,-0.9892148359481974f,-0.7457725353579355f,0f,0f,0f,1f], start_interpolation: 0, interpolation_duration: 1 }
$data merge entity $(bone_left_eyebrow) { transformation: [-0.9977507317728965f,0.008749614970627408f,-0.06645992389790469f,4.208546457505743f,0f,0.9914448613738104f,0.1305261922200516f,0.7330668152492096f,0.06703340396137965f,0.13023260380308624f,-0.9892148359481974f,-0.748966524525766f,0f,0f,0f,1f], start_interpolation: 0, interpolation_duration: 1 }
$data merge entity $(bone_right_eyebrow) { transformation: [-0.9977507317728965f,0.008749614970627408f,-0.06645992389790469f,3.959108774562519f,0f,0.9914448613738104f,0.1305261922200516f,0.7330668152492096f,0.06703340396137965f,0.13023260380308624f,-0.9892148359481974f,-0.732208173535421f,0f,0f,0f,1f], start_interpolation: 0, interpolation_duration: 1 }
$data merge entity $(bone_talking) { transformation: [-0.9977507317728965f,0.008749614970627408f,-0.06645992389790469f,4.060539221766737f,0f,0.9914448613738104f,0.1305261922200516f,0.48882401056001895f,0.06703340396137965f,0.13023260380308624f,-0.9892148359481974f,-1.0872206847850392f,0f,0f,0f,1f], start_interpolation: 0, interpolation_duration: 1 }
$data merge entity $(bone_m_opened) { transformation: [-0.9977507317728965f,0.008749614970627408f,-0.06645992389790469f,4.060539221766737f,0f,0.9914448613738104f,0.1305261922200516f,0.48882401056001895f,0.06703340396137965f,0.13023260380308624f,-0.9892148359481974f,-1.0872206847850392f,0f,0f,0f,1f], start_interpolation: 0, interpolation_duration: 1 }
$data merge entity $(bone_head) { transformation: [-0.9977507317728965f,0.008749614970627408f,-0.06645992389790469f,4.064692967010356f,0f,0.9914448613738104f,0.1305261922200516f,0.4806661235462657f,0.06703340396137965f,0.13023260380308624f,-0.9892148359481974f,-1.025394757538277f,0f,0f,0f,1f], start_interpolation: 0, interpolation_duration: 1 }
$data merge entity $(item_display_r_item) { transformation: [-0.43651594515064224f,0.029327075937716406f,0.00004739393339653002f,3.760841827764095f,0f,-0.0007070196438753932f,0.4374994287118821f,-0.2694160936381196f,0.029327114233103597f,0.4365153751475045f,0.0007054293670544873f,-0.8861760558833287f,0f,0f,0f,1f], start_interpolation: 0, interpolation_duration: 1 }
$data merge entity $(bone_rightarm) { transformation: [-0.9977507317728965f,0.00010832899062065493f,-0.06703331642906607f,3.7525303688296f,0f,0.9999986941985876f,0.0016160449002868352f,0.35578509584853346f,0.06703340396137965f,0.0016124099818390497f,-0.9977494289085818f,-1.009886978258252f,0f,0f,0f,1f], start_interpolation: 0, interpolation_duration: 1 }
$data merge entity $(item_display_l_item) { transformation: [-0.43651594515064224f,0.029219608213153992f,0.002508809500797298f,4.380889022104565f,0f,-0.03742625844038463f,0.4358962321231436f,-0.27761702388178155f,0.029327114233103597f,0.43491578457791497f,0.03734207674641531f,-0.9808670269210177f,0f,0f,0f,1f], start_interpolation: 0, interpolation_duration: 1 }
$data merge entity $(bone_leftarm) { transformation: [-0.9977507317728965f,0.005734421716108124f,-0.06678767591578055f,4.37612457618766f,0f,0.9963342448528997f,0.08554573357802223f,0.35578509584853346f,0.06703340396137965f,0.08535331827752093f,-0.994093221892377f,-1.0517828557341142f,0f,0f,0f,1f], start_interpolation: 0, interpolation_duration: 1 }
$data merge entity $(bone_body) { transformation: [-0.9977507317728965f,0.0029239560138084675f,-0.06696960301419459f,4.0625f,0f,0.9990482215818578f,0.043619387365336f,-0.2686200426401276f,0.06703340396137965f,0.04352127566324943f,-0.9968010941597095f,-1.058035714285714f,0f,0f,0f,1f], start_interpolation: 0, interpolation_duration: 1 }
$data merge entity $(bone_leftleg) { transformation: [-0.9977507317728965f,-0.0058423461111578555f,-0.06677832162136862f,4.187218841471612f,0f,0.9961946980917455f,-0.08715574274765818f,-0.24131944444444442f,0.06703340396137965f,-0.08695970610468627f,-0.9939539890093189f,-1.0664148897808865f,0f,0f,0f,1f], start_interpolation: 0, interpolation_duration: 1 }
$data merge entity $(bone_rightleg) { transformation: [-0.9977507317728965f,0.008427306602171218f,-0.06650156201235058f,3.937781158528388f,0f,0.9920660160815423f,0.12571801675216274f,-0.1875f,0.06703340396137965f,0.12543524321150765f,-0.989834593512381f,-1.0496565387905414f,0f,0f,0f,1f], start_interpolation: 0, interpolation_duration: 1 }
data modify entity @s data merge value {"locators":{},"cameras":{"camera":{"posx":6.125,"posy":0.5100937739261115,"posz":1.3835161463590593,"roty":124.09487180832089,"rotx":-5.78833029261952}}}