# This file was generated by Animated Java via MC-Build. It is not recommended to edit this file directly.
$data merge entity $(bone_left_eye) { transformation: [-0.9979771050581093f,0.007986393612728172f,-0.06307071663536012f,4.207091221292681f,0f,0.9920780657755196f,0.12562289364245605f,0.7074914938084137f,0.0635743484420825f,0.12536877172632105f,-0.9900711960743017f,-0.7214384391596539f,0f,0f,0f,1f], start_interpolation: 0, interpolation_duration: 1 }
$data merge entity $(bone_right_eye) { transformation: [-0.9979771050581093f,0.007986393612728172f,-0.06307071663536012f,3.9575969450281536f,0f,0.9920780657755196f,0.12562289364245605f,0.7074914938084137f,0.0635743484420825f,0.12536877172632105f,-0.9900711960743017f,-0.7055448520491333f,0f,0f,0f,1f], start_interpolation: 0, interpolation_duration: 1 }
$data merge entity $(bone_right_close) { transformation: [-0.9979771050581093f,0.007986393612728172f,-0.06307071663536012f,3.958096094628949f,0f,0.9920780657755196f,0.12562289364245605f,0.7694963729193837f,0.0635743484420825f,0.12536877172632105f,-0.9900711960743017f,-0.6977093038162383f,0f,0f,0f,1f], start_interpolation: 0, interpolation_duration: 1 }
$data merge entity $(bone_left_close) { transformation: [-0.9979771050581093f,0.007986393612728172f,-0.06307071663536012f,4.2075903708934765f,0f,0.9920780657755196f,0.12562289364245605f,0.7694963729193837f,0.0635743484420825f,0.12536877172632105f,-0.9900711960743017f,-0.7136028909267589f,0f,0f,0f,1f], start_interpolation: 0, interpolation_duration: 1 }
$data merge entity $(bone_left_eyebrow) { transformation: [-0.9979771050581093f,0.007986393612728172f,-0.06307071663536012f,4.2073946529729485f,0f,0.9920780657755196f,0.12562289364245605f,0.744686569844143f,0.0635743484420825f,0.12536877172632105f,-0.9900711960743017f,-0.7166752307701622f,0f,0f,0f,1f], start_interpolation: 0, interpolation_duration: 1 }
$data merge entity $(bone_right_eyebrow) { transformation: [-0.9979771050581093f,0.007986393612728172f,-0.06307071663536012f,3.957900376708421f,0f,0.9920780657755196f,0.12562289364245605f,0.744686569844143f,0.0635743484420825f,0.12536877172632105f,-0.9900711960743017f,-0.7007816436596416f,0f,0f,0f,1f], start_interpolation: 0, interpolation_duration: 1 }
$data merge entity $(bone_talking) { transformation: [-0.9979771050581093f,0.007986393612728172f,-0.06307071663536012f,4.060637885808685f,0f,0.9920780657755196f,0.12562289364245605f,0.4987291316278013f,0.0635743484420825f,0.12536877172632105f,-0.9900711960743017f,-1.0542310873091931f,0f,0f,0f,1f], start_interpolation: 0, interpolation_duration: 1 }
$data merge entity $(bone_m_opened) { transformation: [-0.9979771050581093f,0.007986393612728172f,-0.06307071663536012f,4.060637885808685f,0f,0.9920780657755196f,0.12562289364245605f,0.4987291316278013f,0.0635743484420825f,0.12536877172632105f,-0.9900711960743017f,-1.0542310873091931f,0f,0f,0f,1f], start_interpolation: 0, interpolation_duration: 1 }
$data merge entity $(bone_head) { transformation: [-0.9979771050581093f,0.007986393612728172f,-0.06307071663536012f,4.064579805598395f,0f,0.9920780657755196f,0.12562289364245605f,0.4908777007751478f,0.0635743484420825f,0.12536877172632105f,-0.9900711960743017f,-0.9923516375545494f,0f,0f,0f,1f], start_interpolation: 0, interpolation_duration: 1 }
$data merge entity $(item_display_r_item) { transformation: [-0.4366149834629228f,0.02780937013351717f,0.0004951246799008582f,3.7596035393539124f,0f,-0.0077881203981496816f,0.437430674713907f,-0.2611294680562086f,0.027813777443411094f,0.4365457984146004f,0.007772365848789427f,-0.8643020562156918f,0f,0f,0f,1f], start_interpolation: 0, interpolation_duration: 1 }
$data merge entity $(bone_rightarm) { transformation: [-0.9979771050581093f,0.0011317135540591184f,-0.06356427459089639f,3.752365326001337f,0f,0.999841542203216f,0.01780141805291378f,0.36599667307741557f,0.0635743484420825f,0.017765407654376054f,-0.997818967804801f,-0.9779260474073068f,0f,0f,0f,1f], start_interpolation: 0, interpolation_duration: 1 }
$data merge entity $(item_display_l_item) { transformation: [-0.4366149834629228f,0.027746700043510198f,0.0019305057283196111f,4.381270779920345f,0f,-0.03036611110656274f,0.4364448983505981f,-0.2661720705967424f,0.027813777443411094f,0.4355620161733107f,0.030304683654000384f,-0.9365061300683775f,0f,0f,0f,1f], start_interpolation: 0, interpolation_duration: 1 }
$data merge entity $(bone_leftarm) { transformation: [-0.9979771050581093f,0.004412584521873411f,-0.06342102867088045f,4.3761010166626555f,0f,0.9975883390870813f,0.06940825395785791f,0.36599667307741557f,0.0635743484420825f,0.0692678483520011f,-0.995570322681853f,-1.0176600151836084f,0f,0f,0f,1f], start_interpolation: 0, interpolation_duration: 1 }
$data merge entity $(bone_body) { transformation: [-0.9979771050581093f,0.0027730741311940417f,-0.06351383974928787f,4.0625f,0f,0.9990482215818578f,0.043619387365336f,-0.2584084654112455f,0.0635743484420825f,0.04353114992726629f,-0.997027251987715f,-1.024999999999999f,0f,0f,0f,1f], start_interpolation: 0, interpolation_duration: 1 }
$data merge entity $(bone_leftleg) { transformation: [-0.9979771050581093f,-0.003327224318238462f,-0.06348722200704202f,4.187247138132264f,0f,0.9986295347545739f,-0.052335956242943335f,-0.23762499999999998f,0.0635743484420825f,-0.052230086101780475f,-0.9966094121198963f,-1.0329467935552594f,0f,0f,0f,1f], start_interpolation: 0, interpolation_duration: 1 }
$data merge entity $(bone_rightleg) { transformation: [-0.9979771050581093f,0.004921613493611201f,-0.06338355859727995f,3.9377528618677364f,0f,0.9969989492699818f,0.07741508350801093f,-0.18249999999999988f,0.0635743484420825f,0.07725848092715654f,-0.9949821251384332f,-1.0170532064447386f,0f,0f,0f,1f], start_interpolation: 0, interpolation_duration: 1 }
data modify entity @s data merge value {"locators":{},"cameras":{"camera":{"posx":6.125,"posy":0.511771896966613,"posz":1.3946485461604248,"roty":123.7363688900059,"rotx":-5.804732471157637}}}