# This file was generated by Animated Java via MC-Build. It is not recommended to edit this file directly.
$data merge entity $(bone_left_eye) { transformation: [-0.9981996672328837f,0.006912690407021434f,-0.05957884731594813f,4.20586001296016f,0f,0.993336199421459f,0.11525274365034222f,0.7167326001498551f,0.059978532294149935f,0.11504525035944843f,-0.9915478637128778f,-0.6901576802682367f,0f,0f,0f,1f], start_interpolation: 0, interpolation_duration: 1 }
$data merge entity $(bone_right_eye) { transformation: [-0.9981996672328837f,0.006912690407021434f,-0.05957884731594813f,3.95631009615194f,0f,0.993336199421459f,0.11525274365034222f,0.7167326001498551f,0.059978532294149935f,0.11504525035944843f,-0.9915478637128778f,-0.6751630471946991f,0f,0f,0f,1f], start_interpolation: 0, interpolation_duration: 1 }
$data merge entity $(bone_right_close) { transformation: [-0.9981996672328837f,0.006912690407021434f,-0.05957884731594813f,3.9567421393023787f,0f,0.993336199421459f,0.11525274365034222f,0.7788161126136963f,0.059978532294149935f,0.11504525035944843f,-0.9915478637128778f,-0.6679727190472337f,0f,0f,0f,1f], start_interpolation: 0, interpolation_duration: 1 }
$data merge entity $(bone_left_close) { transformation: [-0.9981996672328837f,0.006912690407021434f,-0.05957884731594813f,4.206292056110599f,0f,0.993336199421459f,0.11525274365034222f,0.7788161126136963f,0.059978532294149935f,0.11504525035944843f,-0.9915478637128778f,-0.6829673521207712f,0f,0f,0f,1f], start_interpolation: 0, interpolation_duration: 1 }
$data merge entity $(bone_left_eyebrow) { transformation: [-0.9981996672328837f,0.006912690407021434f,-0.05957884731594813f,4.206122962528381f,0f,0.993336199421459f,0.11525274365034222f,0.7539755043316818f,0.059978532294149935f,0.11504525035944843f,-0.9915478637128778f,-0.6857815116382753f,0f,0f,0f,1f], start_interpolation: 0, interpolation_duration: 1 }
$data merge entity $(bone_right_eyebrow) { transformation: [-0.9981996672328837f,0.006912690407021434f,-0.05957884731594813f,3.95657304572016f,0f,0.993336199421459f,0.11525274365034222f,0.7539755043316818f,0.059978532294149935f,0.11504525035944843f,-0.9915478637128778f,-0.6707868785647378f,0f,0f,0f,1f], start_interpolation: 0, interpolation_duration: 1 }
$data merge entity $(bone_talking) { transformation: [-0.9981996672328837f,0.006912690407021434f,-0.05957884731594813f,4.060738492168061f,0f,0.993336199421459f,0.11525274365034222f,0.5044150326852224f,0.059978532294149935f,0.11504525035944843f,-0.9915478637128778f,-1.0212803837316042f,0f,0f,0f,1f], start_interpolation: 0, interpolation_duration: 1 }
$data merge entity $(bone_m_opened) { transformation: [-0.9981996672328837f,0.006912690407021434f,-0.05957884731594813f,4.060738492168061f,0f,0.993336199421459f,0.11525274365034222f,0.5044150326852224f,0.059978532294149935f,0.11504525035944843f,-0.9915478637128778f,-1.0212803837316042f,0f,0f,0f,1f], start_interpolation: 0, interpolation_duration: 1 }
$data merge entity $(bone_head) { transformation: [-0.9981996672328837f,0.006912690407021434f,-0.05957884731594813f,4.064462170125307f,0f,0.993336199421459f,0.11525274365034222f,0.4972117362070759f,0.059978532294149935f,0.11504525035944843f,-0.9915478637128778f,-0.9593086422495495f,0f,0f,0f,1f], start_interpolation: 0, interpolation_duration: 1 }
$data merge entity $(item_display_r_item) { transformation: [-0.4367123544143866f,0.026224610967587006f,0.0009161230495486292f,3.7583817445379113f,0f,-0.015274182520101185f,0.43723328938719047f,-0.25665232847810016f,0.026240607878690595f,0.4364461239694326f,0.01524668390881933f,-0.8430900426016543f,0f,0f,0f,1f], start_interpolation: 0, interpolation_duration: 1 }
$data merge entity $(bone_rightarm) { transformation: [-0.9981996672328837f,0.0020939955418254517f,-0.05994196792591316f,3.752197745760813f,0f,0.9993903757421496f,0.03491241718880293f,0.3723307085093437f,0.059978532294149935f,0.03484956322015869f,-0.9975911405015603f,-0.9460079581517502f,0f,0f,0f,1f], start_interpolation: 0, interpolation_duration: 1 }
$data merge entity $(item_display_l_item) { transformation: [-0.4367123544143866f,0.026204663790260478f,0.0013729885223884306f,4.381598172403741f,0f,-0.022891332446331743f,0.4369007174391358f,-0.2583535542455164f,0.026240607878690595f,0.43611415076155347f,0.022850120430445656f,-0.8915335269472154f,0f,0f,0f,1f], start_interpolation: 0, interpolation_duration: 1 }
$data merge entity $(bone_leftarm) { transformation: [-0.9981996672328837f,0.0031382594797449976f,-0.05989637437773824f,4.376072537781365f,0f,0.9986302112894532f,0.05232304559161563f,0.3723307085093437f,0.059978532294149935f,0.052228846698161725f,-0.9968323445978364f,-0.983494540835594f,0f,0f,0f,1f], start_interpolation: 0, interpolation_duration: 1 }
$data merge entity $(bone_body) { transformation: [-0.9981996672328837f,0.002616226833742841f,-0.05992144602156052f,4.0625f,0f,0.9990482215818578f,0.043619387365336f,-0.2520744299793174f,0.059978532294149935f,0.04354085795298065f,-0.9972496023326147f,-0.991964285714285f,0f,0f,0f,1f], start_interpolation: 0, interpolation_duration: 1 }
$data merge entity $(bone_leftleg) { transformation: [-0.9981996672328837f,-0.001046769723109254f,-0.059969397273168995f,4.18727495840411f,0f,0.9998476951563913f,-0.017452406437283758f,-0.2335694444444445f,0.059978532294149935f,-0.017420986298109686f,-0.9980476365886755f,-0.9994616022510537f,0f,0f,0f,1f], start_interpolation: 0, interpolation_duration: 1 }
$data merge entity $(bone_rightleg) { transformation: [-0.9981996672328837f,0.001567729462379112f,-0.059958039998762265f,3.9377250415958898f,0f,0.9996583394990866f,0.02613817648438893f,-0.18000000000000005f,0.059978532294149935f,0.026091119068791416f,-0.9978586218345652f,-0.9844669691775162f,0f,0f,0f,1f], start_interpolation: 0, interpolation_duration: 1 }
data modify entity @s data merge value {"locators":{},"cameras":{"camera":{"posx":6.125,"posy":0.5134487563905066,"posz":1.4055833395427666,"roty":123.36290105224509,"rotx":-5.821391834136007}}}