# This file was generated by Animated Java via MC-Build. It is not recommended to edit this file directly.
$data merge entity $(bone_left_eye) { transformation: [-0.9984170422913411f,0.005696753166831091f,-0.05595495210941251f,4.204555059657598f,0f,0.9948573434126252f,0.10128606151872092f,0.7226789866598694f,0.05624419669806341f,0.10112572996686017f,-0.9932825263118541f,-0.659694277156256f,0f,0f,0f,1f], start_interpolation: 0, interpolation_duration: 1 }
$data merge entity $(bone_right_eye) { transformation: [-0.9984170422913411f,0.005696753166831091f,-0.05595495210941251f,3.9549507990847625f,0f,0.9948573434126252f,0.10128606151872092f,0.7226789866598694f,0.05624419669806341f,0.10112572996686017f,-0.9932825263118541f,-0.64563322798174f,0f,0f,0f,1f], start_interpolation: 0, interpolation_duration: 1 }
$data merge entity $(bone_right_close) { transformation: [-0.9984170422913411f,0.005696753166831091f,-0.05595495210941251f,3.9553068461576895f,0f,0.9948573434126252f,0.10128606151872092f,0.7848575706231584f,0.05624419669806341f,0.10112572996686017f,-0.9932825263118541f,-0.6393128698588113f,0f,0f,0f,1f], start_interpolation: 0, interpolation_duration: 1 }
$data merge entity $(bone_left_close) { transformation: [-0.9984170422913411f,0.005696753166831091f,-0.05595495210941251f,4.204911106730525f,0f,0.9948573434126252f,0.10128606151872092f,0.7848575706231584f,0.05624419669806341f,0.10112572996686017f,-0.9932825263118541f,-0.6533739190333272f,0f,0f,0f,1f], start_interpolation: 0, interpolation_duration: 1 }
$data merge entity $(bone_left_eyebrow) { transformation: [-0.9984170422913411f,0.005696753166831091f,-0.05595495210941251f,4.204772185085861f,0f,0.9948573434126252f,0.10128606151872092f,0.7599798066589981f,0.05624419669806341f,0.10112572996686017f,-0.9932825263118541f,-0.6558399821246041f,0f,0f,0f,1f], start_interpolation: 0, interpolation_duration: 1 }
$data merge entity $(bone_right_eyebrow) { transformation: [-0.9984170422913411f,0.005696753166831091f,-0.05595495210941251f,3.9551679245130256f,0f,0.9948573434126252f,0.10128606151872092f,0.7599798066589981f,0.05624419669806341f,0.10112572996686017f,-0.9932825263118541f,-0.6417789329500883f,0f,0f,0f,1f], start_interpolation: 0, interpolation_duration: 1 }
$data merge entity $(bone_talking) { transformation: [-0.9984170422913411f,0.005696753166831091f,-0.05595495210941251f,4.0608428185452805f,0f,0.9948573434126252f,0.10128606151872092f,0.5056165450313134f,0.05624419669806341f,0.10112572996686017f,-0.9932825263118541f,-0.9883459745331674f,0f,0f,0f,1f], start_interpolation: 0, interpolation_duration: 1 }
$data merge entity $(bone_m_opened) { transformation: [-0.9984170422913411f,0.005696753166831091f,-0.05595495210941251f,4.0608428185452805f,0f,0.9948573434126252f,0.10128606151872092f,0.5056165450313134f,0.05624419669806341f,0.10112572996686017f,-0.9932825263118541f,-0.9883459745331674f,0f,0f,0f,1f], start_interpolation: 0, interpolation_duration: 1 }
$data merge entity $(bone_head) { transformation: [-0.9984170422913411f,0.005696753166831091f,-0.05595495210941251f,4.064340003052119f,0f,0.9948573434126252f,0.10128606151872092f,0.4992861661863933f,0.05624419669806341f,0.10112572996686017f,-0.9932825263118541f,-0.9262658166386766f,0f,0f,0f,1f], start_interpolation: 0, interpolation_duration: 1 }
$data merge entity $(item_display_r_item) { transformation: [-0.43680745600246174f,0.024573129889171774f,0.0012875046047922426f,3.75720961212221f,0f,-0.022891332446331722f,0.4369007174391358f,-0.25627912426619903f,0.02460683605540274f,0.43620912208054685f,0.022855096435174325f,-0.82215225766275f,0f,0f,0f,1f], start_interpolation: 0, interpolation_duration: 1 }
$data merge entity $(bone_rightarm) { transformation: [-0.9984170422913411f,0.002942867668096567f,-0.05616715403239263f,3.7520280101607213f,0f,0.9986302112894532f,0.05232304559161559f,0.3744051384886611f,0.05624419669806341f,0.05224022042325582f,-0.9970494218983927f,-0.9141332976355142f,0f,0f,0f,1f], start_interpolation: 0, interpolation_duration: 1 }
$data merge entity $(item_display_l_item) { transformation: [-0.43680745600246174f,0.02459183513123442f,0.0008590841260626939f,4.381837637164502f,0f,-0.015274182520101204f,0.43723328938719047f,-0.25457789849878276f,0.02460683605540274f,0.4365411675812727f,0.015250004135137548f,-0.846345592884494f,0f,0f,0f,1f], start_interpolation: 0, interpolation_duration: 1 }
$data merge entity $(bone_leftarm) { transformation: [-0.9984170422913411f,0.0019636208595718843f,-0.05620990887139296f,4.37603866159281f,0f,0.9993903757421496f,0.034912417188802974f,0.3744051384886611f,0.05624419669806341f,0.034857152308886044f,-0.997808383042909f,-0.9492859205718038f,0f,0f,0f,1f], start_interpolation: 0, interpolation_duration: 1 }
$data merge entity $(bone_body) { transformation: [-0.9984170422913411f,0.00245333740282498f,-0.05619066468550045f,4.0625f,0f,0.9990482215818578f,0.043619387365336f,-0.25f,0.05624419669806341f,0.04355033971985906f,-0.9974667704981828f,-0.9589285714285709f,0f,0f,0f,1f], start_interpolation: 0, interpolation_duration: 1 }
$data merge entity $(bone_leftleg) { transformation: [-0.9984170422913411f,0.0009815965805131358f,-0.05623563043448141f,4.187302130286418f,0f,0.9998476951563913f,0.017452406437283758f,-0.2292777777777778f,0.05624419669806341f,0.017424780015979212f,-0.9982649785398586f,-0.9659590960158289f,0f,0f,0f,1f], start_interpolation: 0, interpolation_duration: 1 }
$data merge entity $(bone_rightleg) { transformation: [-0.9984170422913411f,-0.0014701207395166579f,-0.056224980277646074f,3.9376978697135825f,0f,0.9996583394990866f,-0.026138176484388775f,-0.18000000000000005f,0.05624419669806341f,-0.026096800856432525f,-0.9980759226245514f,-0.951898046841313f,0f,0f,0f,1f], start_interpolation: 0, interpolation_duration: 1 }
data modify entity @s data merge value {"locators":{},"cameras":{"camera":{"posx":6.125,"posy":0.5151243254073347,"posz":1.4163218124480765,"roty":122.97538153705767,"rotx":-5.838248541024773}}}