# This file was generated by Animated Java via MC-Build. It is not recommended to edit this file directly.
$data merge entity $(bone_left_eye) { transformation: [-0.998627771565393f,0.00448292507510472f,-0.05217736330161082f,4.20320679058339f,0f,0.9963294392400639f,0.08560168516787467f,0.724740980270964f,0.052369589060229274f,0.08548422010143703f,-0.9949622476533025f,-0.6296577901354308f,0f,0f,0f,1f], start_interpolation: 0, interpolation_duration: 1 }
$data merge entity $(bone_right_eye) { transformation: [-0.998627771565393f,0.00448292507510472f,-0.05217736330161082f,3.953549847692041f,0f,0.9963294392400639f,0.08560168516787467f,0.724740980270964f,0.052369589060229274f,0.08548422010143703f,-0.9949622476533025f,-0.6165653928703734f,0f,0f,0f,1f], start_interpolation: 0, interpolation_duration: 1 }
$data merge entity $(bone_right_close) { transformation: [-0.998627771565393f,0.00448292507510472f,-0.05217736330161082f,3.9538300305092355f,0f,0.9963294392400639f,0.08560168516787467f,0.787011570223468f,0.052369589060229274f,0.08548422010143703f,-0.9949622476533025f,-0.6112226291140336f,0f,0f,0f,1f], start_interpolation: 0, interpolation_duration: 1 }
$data merge entity $(bone_left_close) { transformation: [-0.998627771565393f,0.00448292507510472f,-0.05217736330161082f,4.203486973400584f,0f,0.9963294392400639f,0.08560168516787467f,0.787011570223468f,0.052369589060229274f,0.08548422010143703f,-0.9949622476533025f,-0.624315026379091f,0f,0f,0f,1f], start_interpolation: 0, interpolation_duration: 1 }
$data merge entity $(bone_left_eyebrow) { transformation: [-0.998627771565393f,0.00448292507510472f,-0.05217736330161082f,4.203378161358913f,0f,0.9963294392400639f,0.08560168516787467f,0.7620979841371436f,0.052369589060229274f,0.08548422010143703f,-0.9949622476533025f,-0.6263899467411485f,0f,0f,0f,1f], start_interpolation: 0, interpolation_duration: 1 }
$data merge entity $(bone_right_eyebrow) { transformation: [-0.998627771565393f,0.00448292507510472f,-0.05217736330161082f,3.953721218467564f,0f,0.9963294392400639f,0.08560168516787467f,0.7620979841371436f,0.052369589060229274f,0.08548422010143703f,-0.9949622476533025f,-0.6132975494760912f,0f,0f,0f,1f], start_interpolation: 0, interpolation_duration: 1 }
$data merge entity $(bone_talking) { transformation: [-0.998627771565393f,0.00448292507510472f,-0.05217736330161082f,4.060952161837186f,0f,0.9963294392400639f,0.08560168516787467f,0.5024091470759089f,0.052369589060229274f,0.08548422010143703f,-0.9949622476533025f,-0.9554083489199184f,0f,0f,0f,1f], start_interpolation: 0, interpolation_duration: 1 }
$data merge entity $(bone_m_opened) { transformation: [-0.998627771565393f,0.00448292507510472f,-0.05217736330161082f,4.060952161837186f,0f,0.9963294392400639f,0.08560168516787467f,0.5024091470759089f,0.052369589060229274f,0.08548422010143703f,-0.9949622476533025f,-0.9554083489199184f,0f,0f,0f,1f], start_interpolation: 0, interpolation_duration: 1 }
$data merge entity $(bone_head) { transformation: [-0.998627771565393f,0.00448292507510472f,-0.05217736330161082f,4.064213247043536f,0f,0.9963294392400639f,0.08560168516787467f,0.4970590417529167f,0.052369589060229274f,0.08548422010143703f,-0.9949622476533025f,-0.893223208441587f,0f,0f,0f,1f], start_interpolation: 0, interpolation_duration: 1 }
$data merge entity $(item_display_r_item) { transformation: [-0.4368996500598594f,0.02285643997405436f,0.0015902607600079557f,3.756115137590861f,0f,-0.03036611110656275f,0.4364448983505981f,-0.2599907296189735f,0.02291169521385031f,0.4358459962509421f,0.03032444186545389f,-0.8010958570465706f,0f,0f,0f,1f], start_interpolation: 0, interpolation_duration: 1 }
$data merge entity $(bone_rightarm) { transformation: [-0.998627771565393f,0.003634881737161053f,-0.05224329136926711f,3.7518565272554283f,0f,0.9975883390870813f,0.06940825395785793f,0.37217801405518447f,0.052369589060229274f,0.06931300997818055f,-0.9962194200021535f,-0.882302653310477f,0f,0f,0f,1f], start_interpolation: 0, interpolation_duration: 1 }
$data merge entity $(item_display_l_item) { transformation: [-0.4368996500598594f,0.022908064677106137f,0.0004078606648026873f,4.38196138772754f,0f,-0.0077881203981496686f,0.437430674713907f,-0.2549481270784397f,0.02291169521385031f,0.4368304199038952f,0.007777433317887184f,-0.8013355740975606f,0f,0f,0f,1f], start_interpolation: 0, interpolation_duration: 1 }
$data merge entity $(bone_leftarm) { transformation: [-0.998627771565393f,0.0009322529481204397f,-0.05236129069052831f,4.375998884483799f,0f,0.999841542203216f,0.01780141805291375f,0.37217801405518447f,0.052369589060229274f,0.017776990440885213f,-0.9984695312089034f,-0.9150336464731202f,0f,0f,0f,1f], start_interpolation: 0, interpolation_duration: 1 }
$data merge entity $(bone_body) { transformation: [-0.998627771565393f,0.002284329391381603f,-0.052319744815594774f,4.0625f,0f,0.9990482215818578f,0.043619387365336f,-0.2522271244334766f,0.052369589060229274f,0.043559531601693145f,-0.9976772992046595f,-0.9258928571428569f,0f,0f,0f,1f], start_interpolation: 0, interpolation_duration: 1 }
$data merge entity $(bone_leftleg) { transformation: [-0.998627771565393f,0.0027408125215170834f,-0.052297818358504986f,4.187328471445674f,0f,0.9986295347545739f,0.052335956242943335f,-0.22487500000000005f,0.052369589060229274f,0.05226413935563442f,-0.9972591869113453f,-0.9324390557753856f,0f,0f,0f,1f], start_interpolation: 0, interpolation_duration: 1 }
$data merge entity $(bone_rightleg) { transformation: [-0.998627771565393f,-0.004054196110377875f,-0.05221242526674932f,3.937671528554326f,0f,0.9969989492699818f,-0.07741508350801111f,-0.18249999999999988f,0.052369589060229274f,-0.07730885232915394f,-0.9956308389625201f,-0.9193466585103282f,0f,0f,0f,1f], start_interpolation: 0, interpolation_duration: 1 }
data modify entity @s data merge value {"locators":{},"cameras":{"camera":{"posx":6.125,"posy":0.5167985772266389,"posz":1.4268652508183417,"roty":122.57472377779511,"rotx":-5.855244085194026}}}