# This file was generated by Animated Java via MC-Build. It is not recommended to edit this file directly.
$data merge entity $(bone_left_eye) { transformation: [-0.9988303113408501f,0.0033890869726001128f,-0.048234046442659224f,4.201841417278135f,0f,0.9975406315333637f,0.07009057311805801f,0.7213764013922703f,0.04835296419807636f,0.07000858896956849f,-0.9963738195696179f,-0.5996293865501431f,0f,0f,0f,1f], start_interpolation: 0, interpolation_duration: 1 }
$data merge entity $(bone_right_eye) { transformation: [-0.9988303113408501f,0.0033890869726001128f,-0.048234046442659224f,3.9521338394429217f,0f,0.9975406315333637f,0.07009057311805801f,0.7213764013922703f,0.04835296419807636f,0.07000858896956849f,-0.9963738195696179f,-0.587541145500624f,0f,0f,0f,1f], start_interpolation: 0, interpolation_duration: 1 }
$data merge entity $(bone_right_close) { transformation: [-0.9988303113408501f,0.0033890869726001128f,-0.048234046442659224f,3.9523456573787095f,0f,0.9975406315333637f,0.07009057311805801f,0.7837226908631054f,0.04835296419807636f,0.07000858896956849f,-0.9963738195696179f,-0.583165608690026f,0f,0f,0f,1f], start_interpolation: 0, interpolation_duration: 1 }
$data merge entity $(bone_left_close) { transformation: [-0.9988303113408501f,0.0033890869726001128f,-0.048234046442659224f,4.202053235213922f,0f,0.9975406315333637f,0.07009057311805801f,0.7837226908631054f,0.04835296419807636f,0.07000858896956849f,-0.9963738195696179f,-0.5952538497395451f,0f,0f,0f,1f], start_interpolation: 0, interpolation_duration: 1 }
$data merge entity $(bone_left_eyebrow) { transformation: [-0.9988303113408501f,0.0033890869726001128f,-0.048234046442659224f,4.20197152266751f,0f,0.9975406315333637f,0.07009057311805801f,0.7587797944139517f,0.04835296419807636f,0.07000858896956849f,-0.9963738195696179f,-0.5969417911000612f,0f,0f,0f,1f], start_interpolation: 0, interpolation_duration: 1 }
$data merge entity $(bone_right_eyebrow) { transformation: [-0.9988303113408501f,0.0033890869726001128f,-0.048234046442659224f,3.9522639448322967f,0f,0.9975406315333637f,0.07009057311805801f,0.7587797944139517f,0.04835296419807636f,0.07000858896956849f,-0.9963738195696179f,-0.5848535500505421f,0f,0f,0f,1f], start_interpolation: 0, interpolation_duration: 1 }
$data merge entity $(bone_talking) { transformation: [-0.9988303113408501f,0.0033890869726001128f,-0.048234046442659224f,4.061067217104047f,0f,0.9975406315333637f,0.07009057311805801f,0.4938945476083225f,0.04835296419807636f,0.07000858896956849f,-0.9963738195696179f,-0.9224542318832812f,0f,0f,0f,1f], start_interpolation: 0, interpolation_duration: 1 }
$data merge entity $(bone_m_opened) { transformation: [-0.9988303113408501f,0.0033890869726001128f,-0.048234046442659224f,4.061067217104047f,0f,0.9975406315333637f,0.07009057311805801f,0.4938945476083225f,0.04835296419807636f,0.07000858896956849f,-0.9963738195696179f,-0.9224542318832812f,0f,0f,0f,1f], start_interpolation: 0, interpolation_duration: 1 }
$data merge entity $(bone_head) { transformation: [-0.9988303113408501f,0.0033890869726001128f,-0.048234046442659224f,4.064081845006713f,0f,0.9975406315333637f,0.07009057311805801f,0.4895138867884439f,0.04835296419807636f,0.07000858896956849f,-0.9963738195696179f,-0.8601808681601801f,0f,0f,0f,1f], start_interpolation: 0, interpolation_duration: 1 }
$data merge entity $(item_display_r_item) { transformation: [-0.43698826121162193f,0.02107687490592675f,0.0018096705344358703f,3.755120452516459f,0f,-0.0374262584403846f,0.4358962321231436f,-0.2687692606396034f,0.02115442183665841f,0.43538636924386304f,0.037382481370332475f,-0.7795240519476224f,0f,0f,0f,1f], start_interpolation: 0, interpolation_duration: 1 }
$data merge entity $(bone_rightarm) { transformation: [-0.9988303113408501f,0.004136389792996286f,-0.04817571407068971f,3.751683731878246f,0f,0.9963342448528997f,0.08554573357802217f,0.36463285909071164f,0.04835296419807636f,0.0854456717036173f,-0.9951688439859726f,-0.8505166126311082f,0f,0f,0f,1f], start_interpolation: 0, interpolation_duration: 1 }
$data merge entity $(item_display_l_item) { transformation: [-0.43698826121162193f,0.021154394213184494f,0.000034186495527644804f,4.381947951247861f,0f,-0.0007070196438754175f,0.4374994287118821f,-0.2605683303959415f,0.02115442183665841f,0.4369876905917332f,0.0007061926510161812f,-0.7568924360158626f,0f,0f,0f,1f], start_interpolation: 0, interpolation_duration: 1 }
$data merge entity $(bone_leftarm) { transformation: [-0.9988303113408501f,0.000078140561206056f,-0.04835290105870742f,4.375952676466277f,0f,0.9999986941985876f,0.0016160449002868907f,0.36463285909071164f,0.04835296419807636f,0.0016141546308943502f,-0.9988290070668188f,-0.880737215254906f,0f,0f,0f,1f], start_interpolation: 0, interpolation_duration: 1 }
$data merge entity $(bone_body) { transformation: [-0.9988303113408501f,0.002109126675618116f,-0.04830694289029943f,4.0625f,0f,0.9990482215818578f,0.043619387365336f,-0.25977227939794945f,0.04835296419807636f,0.0435683662626157f,-0.9978796462071297f,-0.8928571428571419f,0f,0f,0f,1f], start_interpolation: 0, interpolation_duration: 1 }
$data merge entity $(bone_leftleg) { transformation: [-0.9988303113408501f,0.0042142385087342695f,-0.04816896657114366f,4.187353788917607f,0f,0.9961946980917455f,0.08715574274765818f,-0.22048611111111116f,0.04835296419807636f,0.08705379766378646f,-0.9950294604510823f,-0.8989012633819015f,0f,0f,0f,1f], start_interpolation: 0, interpolation_duration: 1 }
$data merge entity $(bone_rightleg) { transformation: [-0.9988303113408501f,-0.006078838763070483f,-0.04796933255771906f,3.9376462110823938f,0f,0.9920660160815423f,-0.12571801675216263f,-0.1875f,0.04835296419807636f,-0.1255709658137168f,-0.9909056077134037f,-0.8868130223323824f,0f,0f,0f,1f], start_interpolation: 0, interpolation_duration: 1 }
data modify entity @s data merge value {"locators":{},"cameras":{"camera":{"posx":6.125,"posy":0.5184714850579614,"posz":1.4372149405955534,"roty":122.16184141219495,"rotx":-5.872321486283888}}}