# This file was generated by Animated Java via MC-Build. It is not recommended to edit this file directly.
$data merge entity $(bone_left_eye) { transformation: [-0.9990230304533855f,0.002503656186545709f,-0.044121608418479986f,4.200479935091039f,0f,0.9983939115579175f,0.05665330850075259f,0.7115952394290335f,0.04419258561946917f,0.0565979599436324f,-0.9974185111107999f,-0.5691588045960748f,0f,0f,0f,1f], start_interpolation: 0, interpolation_duration: 1 }
$data merge entity $(bone_right_eye) { transformation: [-0.9990230304533855f,0.002503656186545709f,-0.044121608418479986f,3.9507241774776922f,0f,0.9983939115579175f,0.05665330850075259f,0.7115952394290335f,0.04419258561946917f,0.0565979599436324f,-0.9974185111107999f,-0.5581106581912075f,0f,0f,0f,1f], start_interpolation: 0, interpolation_duration: 1 }
$data merge entity $(bone_right_close) { transformation: [-0.9990230304533855f,0.002503656186545709f,-0.044121608418479986f,3.9508806559893515f,0f,0.9983939115579175f,0.05665330850075259f,0.7739948589014033f,0.04419258561946917f,0.0565979599436324f,-0.9974185111107999f,-0.5545732856947306f,0f,0f,0f,1f], start_interpolation: 0, interpolation_duration: 1 }
$data merge entity $(bone_left_close) { transformation: [-0.9990230304533855f,0.002503656186545709f,-0.044121608418479986f,4.200636413602698f,0f,0.9983939115579175f,0.05665330850075259f,0.7739948589014033f,0.04419258561946917f,0.0565979599436324f,-0.9974185111107999f,-0.5656214320995979f,0f,0f,0f,1f], start_interpolation: 0, interpolation_duration: 1 }
$data merge entity $(bone_left_eyebrow) { transformation: [-0.9990230304533855f,0.002503656186545709f,-0.044121608418479986f,4.20057657979856f,0f,0.9983939115579175f,0.05665330850075259f,0.7490314702806742f,0.04419258561946917f,0.0565979599436324f,-0.9974185111107999f,-0.5669740424412443f,0f,0f,0f,1f], start_interpolation: 0, interpolation_duration: 1 }
$data merge entity $(bone_right_eyebrow) { transformation: [-0.9990230304533855f,0.002503656186545709f,-0.044121608418479986f,3.950820822185214f,0f,0.9983939115579175f,0.05665330850075259f,0.7490314702806742f,0.04419258561946917f,0.0565979599436324f,-0.9974185111107999f,-0.555925896036377f,0f,0f,0f,1f], start_interpolation: 0, interpolation_duration: 1 }
$data merge entity $(bone_talking) { transformation: [-0.9990230304533855f,0.002503656186545709f,-0.044121608418479986f,4.061188139606954f,0f,0.9983939115579175f,0.05665330850075259f,0.4797009204460393f,0.04419258561946917f,0.0565979599436324f,-0.9974185111107999f,-0.8894775061016743f,0f,0f,0f,1f], start_interpolation: 0, interpolation_duration: 1 }
$data merge entity $(bone_m_opened) { transformation: [-0.9990230304533855f,0.002503656186545709f,-0.044121608418479986f,4.061188139606954f,0f,0.9983939115579175f,0.05665330850075259f,0.4797009204460393f,0.04419258561946917f,0.0565979599436324f,-0.9974185111107999f,-0.8894775061016743f,0f,0f,0f,1f], start_interpolation: 0, interpolation_duration: 1 }
$data merge entity $(bone_head) { transformation: [-0.9990230304533855f,0.002503656186545709f,-0.044121608418479986f,4.063945740133109f,0f,0.9983939115579175f,0.05665330850075259f,0.47616008866474224f,0.04419258561946917f,0.0565979599436324f,-0.9974185111107999f,-0.8271388491572493f,0f,0f,0f,1f], start_interpolation: 0, interpolation_duration: 1 }
$data merge entity $(item_display_r_item) { transformation: [-0.4370725758233561f,0.019237113939359153f,0.0019356937827872743f,3.754241127863409f,0f,-0.0438013244903801f,0.4353018423724949f,-0.2830953779909485f,0.019334256208517763f,0.43487656572891187f,0.043758531930251615f,-0.7570375038408654f,0f,0f,0f,1f], start_interpolation: 0, interpolation_duration: 1 }
$data merge entity $(bone_rightarm) { transformation: [-0.9990230304533855f,0.004424442932085208f,-0.04397054614710664f,3.751510086427574f,0f,0.9949756397085598f,0.10011731312086902f,0.35127906096701f,0.04419258561946917f,0.10001950155486106f,-0.9940035788089414f,-0.8187757627201949f,0f,0f,0f,1f], start_interpolation: 0, interpolation_duration: 1 }
$data merge entity $(item_display_l_item) { transformation: [-0.4370725758233561f,0.019332617742347253f,-0.0002517029298356706f,4.381782661144233f,0f,0.005695591835314161f,0.4374629244103385f,-0.2720406619519553f,0.019334256208517763f,0.43703553645541665f,-0.005690027415541112f,-0.7134002220086141f,0f,0f,0f,1f], start_interpolation: 0, interpolation_duration: 1 }
$data merge entity $(bone_leftarm) { transformation: [-0.9990230304533855f,-0.000575320982481523f,-0.04418884055393658f,4.37589948046094f,0f,0.9999152557950595f,-0.013018495623575002f,0.35127906096701f,0.04419258561946917f,-0.013005776949808034f,-0.9989383690409523f,-0.8463961287323631f,0f,0f,0f,1f], start_interpolation: 0, interpolation_duration: 1 }
$data merge entity $(bone_body) { transformation: [-0.9990230304533855f,0.0019276535108114028f,-0.044150524070234655f,4.0625f,0f,0.9990482215818578f,0.043619387365336f,-0.2731260775216511f,0.04419258561946917f,0.04357677255223808f,-0.9980721818937729f,-0.8598214285714278f,0f,0f,0f,1f], start_interpolation: 0, interpolation_duration: 1 }
$data merge entity $(bone_leftleg) { transformation: [-0.9990230304533855f,0.005385721392820493f,-0.04386318078768375f,4.187377878806673f,0f,0.992546151641322f,0.12186934340514798f,-0.21623611111111107f,0.04419258561946917f,0.12175028076797524f,-0.991576464277559f,-0.8653455017738615f,0f,0f,0f,1f], start_interpolation: 0, interpolation_duration: 1 }
$data merge entity $(bone_rightleg) { transformation: [-0.9990230304533855f,-0.007474701367518304f,-0.043555866002187735f,3.9376221211933267f,0f,0.9855921619349439f,-0.1691392631307208f,-0.19700000000000017f,0.04419258561946917f,-0.16897401922150526f,-0.9846292684073515f,-0.8542973553689942f,0f,0f,0f,1f], start_interpolation: 0, interpolation_duration: 1 }
data modify entity @s data merge value {"locators":{},"cameras":{"camera":{"posx":6.125,"posy":0.5201430221108438,"posz":1.4473721677216995,"roty":121.73764829303228,"rotx":-5.8894254762977365}}}