# This file was generated by Animated Java via MC-Build. It is not recommended to edit this file directly.
$data merge entity $(bone_left_eye) { transformation: [-0.999204207866012f,0.0018824465727024157f,-0.03984228128202777f,4.199136583890499f,0f,0.9988857040379271f,0.04719481188281835f,0.6978349667468217f,0.03988672690075359f,0.04715725462275697f,-0.9980907986519009f,-0.5377710352796576f,0f,0f,0f,1f], start_interpolation: 0, interpolation_duration: 1 }
$data merge entity $(bone_right_eye) { transformation: [-0.999204207866012f,0.0018824465727024157f,-0.03984228128202777f,3.9493355319239956f,0f,0.9988857040379271f,0.04719481188281835f,0.6978349667468217f,0.03988672690075359f,0.04715725462275697f,-0.9980907986519009f,-0.5277993535544692f,0f,0f,0f,1f], start_interpolation: 0, interpolation_duration: 1 }
$data merge entity $(bone_right_close) { transformation: [-0.999204207866012f,0.0018824465727024157f,-0.03984228128202777f,3.949453184834789f,0f,0.9988857040379271f,0.04719481188281835f,0.7602653232491922f,0.03988672690075359f,0.04715725462275697f,-0.9980907986519009f,-0.5248520251405469f,0f,0f,0f,1f], start_interpolation: 0, interpolation_duration: 1 }
$data merge entity $(bone_left_close) { transformation: [-0.999204207866012f,0.0018824465727024157f,-0.03984228128202777f,4.199254236801292f,0f,0.9988857040379271f,0.04719481188281835f,0.7602653232491922f,0.03988672690075359f,0.04715725462275697f,-0.9980907986519009f,-0.5348237068657353f,0f,0f,0f,1f], start_interpolation: 0, interpolation_duration: 1 }
$data merge entity $(bone_left_eyebrow) { transformation: [-0.999204207866012f,0.0018824465727024157f,-0.03984228128202777f,4.199209665779555f,0f,0.9988857040379271f,0.04719481188281835f,0.7352902309725015f,0.03988672690075359f,0.04715725462275697f,-0.9980907986519009f,-0.5359402575563884f,0f,0f,0f,1f], start_interpolation: 0, interpolation_duration: 1 }
$data merge entity $(bone_right_eyebrow) { transformation: [-0.999204207866012f,0.0018824465727024157f,-0.03984228128202777f,3.9494086138130515f,0f,0.9988857040379271f,0.04719481188281835f,0.7352902309725015f,0.03988672690075359f,0.04715725462275697f,-0.9980907986519009f,-0.5259685758312f,0f,0f,0f,1f], start_interpolation: 0, interpolation_duration: 1 }
$data merge entity $(bone_talking) { transformation: [-0.999204207866012f,0.0018824465727024157f,-0.03984228128202777f,4.061314733363437f,0f,0.9988857040379271f,0.04719481188281835f,0.46286191945072064f,0.03988672690075359f,0.04715725462275697f,-0.9980907986519009f,-0.8564778826514716f,0f,0f,0f,1f], start_interpolation: 0, interpolation_duration: 1 }
$data merge entity $(bone_m_opened) { transformation: [-0.999204207866012f,0.0018824465727024157f,-0.03984228128202777f,4.061314733363437f,0f,0.9988857040379271f,0.04719481188281835f,0.46286191945072064f,0.03988672690075359f,0.04715725462275697f,-0.9980907986519009f,-0.8564778826514716f,0f,0f,0f,1f], start_interpolation: 0, interpolation_duration: 1 }
$data merge entity $(bone_head) { transformation: [-0.999204207866012f,0.0018824465727024157f,-0.03984228128202777f,4.063804875943564f,0f,0.9988857040379271f,0.04719481188281835f,0.4599122437080445f,0.03988672690075359f,0.04715725462275697f,-0.9980907986519009f,-0.7940972077357278f,0f,0f,0f,1f], start_interpolation: 0, interpolation_duration: 1 }
$data merge entity $(item_display_r_item) { transformation: [-0.43715184094138027f,0.017339643949140067f,0.0019633413557498054f,3.7534854922816203f,0f,-0.049222924724683585f,0.434722156879021f,-0.3000641294524845f,0.017450443019079696f,0.43437620840610636f,0.0491837535083758f,-0.7332357069001751f,0f,0f,0f,1f], start_interpolation: 0, interpolation_duration: 1 }
$data merge entity $(bone_rightarm) { transformation: [-0.999204207866012f,0.004487637384570993f,-0.039633471883748723f,3.7513360816615084f,0f,0.9936506442949051f,0.11250954222784841f,0.33503121601031227f,0.03988672690075359f,0.11242000801914491f,-0.9928599049282432f,-0.78708069000424f,0f,0f,0f,1f], start_interpolation: 0, interpolation_duration: 1 }
$data merge entity $(item_display_l_item) { transformation: [-0.43715184094138027f,0.017444777843059516f,-0.00044462070177498427f,4.381458106249747f,0f,0.011147084163644023f,0.4373579683904806f,-0.28658100050076174f,0.017450443019079696f,0.43700992235949854f,-0.01113821340174969f,-0.6712381830691405f,0f,0f,0f,1f], start_interpolation: 0, interpolation_duration: 1 }
$data merge entity $(bone_leftarm) { transformation: [-0.999204207866012f,-0.0010162758897713838f,-0.03987377792699318f,4.3758387115777655f,0f,0.9996753563210985f,-0.0254790495169004f,0.33503121601031227f,0.03988672690075359f,-0.025458773489713357f,-0.9988798225359967f,-0.8120098943172109f,0f,0f,0f,1f], start_interpolation: 0, interpolation_duration: 1 }
$data merge entity $(bone_body) { transformation: [-0.999204207866012f,0.0017398345914193386f,-0.039848763574919115f,4.0625f,0f,0.9990482215818578f,0.043619387365336f,-0.2893739224783488f,0.03988672690075359f,0.043584675399981294f,-0.9982531868656483f,-0.8267857142857138f,0f,0f,0f,1f], start_interpolation: 0, interpolation_duration: 1 }
$data merge entity $(bone_leftleg) { transformation: [-0.999204207866012f,0.006239658784925163f,-0.03939565510437675f,4.187400525983252f,0f,0.9876883405951378f,0.15643446504023062f,-0.21225000000000005f,0.03988672690075359f,0.156309975723467f,-0.9869023459828605f,-0.831771555148308f,0f,0f,0f,1f], start_interpolation: 0, interpolation_duration: 1 }
$data merge entity $(bone_rightleg) { transformation: [-0.999204207866012f,-0.008211185655080923f,-0.039032389281122584f,3.9375994740167486f,0f,0.9785809043254722f,-0.205862608769881f,-0.21099999999999985f,0.03988672690075359f,-0.20569878492513968f,-0.9778021573393392f,-0.8217998734231196f,0f,0f,0f,1f], start_interpolation: 0, interpolation_duration: 1 }
data modify entity @s data merge value {"locators":{},"cameras":{"camera":{"posx":6.125,"posy":0.5218131615948282,"posz":1.4573382181387697,"roty":121.30305849630668,"rotx":-5.906502678716983}}}