# This file was generated by Animated Java via MC-Build. It is not recommended to edit this file directly.
$data merge entity $(bone_left_eye) { transformation: [-0.9993720302299005f,0.0015455951156856005f,-0.03539994816246339f,4.197817085935039f,0f,0.9990482215818578f,0.043619387365336f,0.6854156541384737f,0.035433673167860065f,0.04359199570868031f,-0.9984208494998328f,-0.5049820010623429f,0f,0f,0f,1f], start_interpolation: 0, interpolation_duration: 1 }
$data merge entity $(bone_right_eye) { transformation: [-0.9993720302299005f,0.0015455951156856005f,-0.03539994816246339f,3.9479740783775643f,0f,0.9990482215818578f,0.043619387365336f,0.6854156541384737f,0.035433673167860065f,0.04359199570868031f,-0.9984208494998328f,-0.4961235827703779f,0f,0f,0f,1f], start_interpolation: 0, interpolation_duration: 1 }
$data merge entity $(bone_right_close) { transformation: [-0.9993720302299005f,0.0015455951156856005f,-0.03539994816246339f,3.948070678072294f,0f,0.9990482215818578f,0.043619387365336f,0.7478561679873397f,0.035433673167860065f,0.04359199570868031f,-0.9984208494998328f,-0.4933990830385854f,0f,0f,0f,1f], start_interpolation: 0, interpolation_duration: 1 }
$data merge entity $(bone_left_close) { transformation: [-0.9993720302299005f,0.0015455951156856005f,-0.03539994816246339f,4.197913685629769f,0f,0.9990482215818578f,0.043619387365336f,0.7478561679873397f,0.035433673167860065f,0.04359199570868031f,-0.9984208494998328f,-0.5022575013305504f,0f,0f,0f,1f], start_interpolation: 0, interpolation_duration: 1 }
$data merge entity $(bone_left_eyebrow) { transformation: [-0.9993720302299005f,0.0015455951156856005f,-0.03539994816246339f,4.197877258248637f,0f,0.9990482215818578f,0.043619387365336f,0.722877236236083f,0.035433673167860065f,0.04359199570868031f,-0.9984208494998328f,-0.5032848999201737f,0f,0f,0f,1f], start_interpolation: 0, interpolation_duration: 1 }
$data merge entity $(bone_right_eyebrow) { transformation: [-0.9993720302299005f,0.0015455951156856005f,-0.03539994816246339f,3.948034250691162f,0f,0.9990482215818578f,0.043619387365336f,0.722877236236083f,0.035433673167860065f,0.04359199570868031f,-0.9984208494998328f,-0.4944264816282086f,0f,0f,0f,1f], start_interpolation: 0, interpolation_duration: 1 }
$data merge entity $(bone_talking) { transformation: [-0.9993720302299005f,0.0015455951156856005f,-0.03539994816246339f,4.06144669957661f,0f,0.9990482215818578f,0.043619387365336f,0.4492846572946767f,0.035433673167860065f,0.04359199570868031f,-0.9984208494998328f,-0.8234573063122282f,0f,0f,0f,1f], start_interpolation: 0, interpolation_duration: 1 }
$data merge entity $(bone_m_opened) { transformation: [-0.9993720302299005f,0.0015455951156856005f,-0.03539994816246339f,4.06144669957661f,0f,0.9990482215818578f,0.043619387365336f,0.4492846572946767f,0.035433673167860065f,0.04359199570868031f,-0.9984208494998328f,-0.8234573063122282f,0f,0f,0f,1f], start_interpolation: 0, interpolation_duration: 1 }
$data merge entity $(bone_head) { transformation: [-0.9993720302299005f,0.0015455951156856005f,-0.03539994816246339f,4.063659196336764f,0f,0.9990482215818578f,0.043619387365336f,0.4465584455843432f,0.035433673167860065f,0.04359199570868031f,-0.9984208494998328f,-0.7610560032184887f,0f,0f,0f,1f], start_interpolation: 0, interpolation_duration: 1 }
$data merge entity $(item_display_r_item) { transformation: [-0.4372252632255815f,0.015386216187533618f,0.0018930263472686955f,3.752853975915085f,0f,-0.053424502119801556f,0.434225831305844f,-0.31390934172739526f,0.015502232010938779f,0.4339531506103877f,0.05339095314748771f,-0.7077181555677035f,0f,0f,0f,1f], start_interpolation: 0, interpolation_duration: 1 }
$data merge entity $(bone_rightarm) { transformation: [-0.9993720302299005f,0.0043269173651855975f,-0.035168494142933986f,3.7511622375004596f,0f,0.9925161858419292f,0.12211314770240378f,0.321677417886611f,0.035433673167860065f,0.12203646433711499f,-0.9918929156808861f,-0.7554319798171174f,0f,0f,0f,1f], start_interpolation: 0, interpolation_duration: 1 }
$data merge entity $(item_display_l_item) { transformation: [-0.4372252632255815f,0.015492655107051468f,-0.0005448257105965311f,4.380974551725585f,0f,0.015375930912257568f,0.43722972308453767f,-0.29854334911636926f,0.015502232010938779f,0.4369551560358516f,-0.015366275292457534f,-0.6307818734047046f,0f,0f,0f,1f], start_interpolation: 0, interpolation_duration: 1 }
$data merge entity $(bone_leftarm) { transformation: [-0.9993720302299005f,-0.0012453159099349203f,-0.03541178310183193f,4.375769756394147f,0f,0.999382224193229f,-0.03514498494230279f,0.321677417886611f,0.035433673167860065f,-0.03512291495418843f,-0.9987546423676609f,-0.7775780255470299f,0f,0f,0f,1f], start_interpolation: 0, interpolation_duration: 1 }
$data merge entity $(bone_body) { transformation: [-0.9993720302299005f,0.0015455951156856005f,-0.03539994816246339f,4.0625f,0f,0.9990482215818578f,0.043619387365336f,-0.3027277206020501f,0.035433673167860065f,0.04359199570868031f,-0.9984208494998328f,-0.7937499999999988f,0f,0f,0f,1f], start_interpolation: 0, interpolation_duration: 1 }
$data merge entity $(bone_leftleg) { transformation: [-0.9993720302299005f,0.006761063579660219f,-0.03478265679097153f,4.1874215037787375f,0f,0.9816271834476639f,0.19080899537654503f,-0.2086527777777778f,0.035433673167860065f,0.1906891730955855f,-0.9810107512509508f,-0.7981792091459814f,0f,0f,0f,1f], start_interpolation: 0, interpolation_duration: 1 }
$data merge entity $(bone_rightleg) { transformation: [-0.9993720302299005f,-0.00829721467851821f,-0.03444853295490692f,3.9375784962212625f,0f,0.9721976265828769f,-0.2341618561307992f,-0.22650000000000015f,0.035433673167860065f,-0.2340148095638387f,-0.9715871158628204f,-0.7893207908540163f,0f,0f,0f,1f], start_interpolation: 0, interpolation_duration: 1 }
data modify entity @s data merge value {"locators":{},"cameras":{"camera":{"posx":6.125,"posy":0.5234818767194562,"posz":1.4671143777887534,"roty":120.85898632691254,"rotx":-5.923501779888379}}}