# This file was generated by Animated Java via MC-Build. It is not recommended to edit this file directly.
$data merge entity $(bone_left_eye) { transformation: [-0.9995245894305334f,0.001493743326769644f,-0.030795516793805672f,4.196521534350163f,0f,0.9988256935381284f,0.048448260320435525f,0.6766076489242934f,0.03083172268498528f,0.04842522750540692f,-0.9983508412463655f,-0.47017524617630413f,0f,0f,0f,1f], start_interpolation: 0, interpolation_duration: 1 }
$data merge entity $(bone_right_eye) { transformation: [-0.9995245894305334f,0.001493743326769644f,-0.030795516793805672f,3.9466403869925295f,0f,0.9988256935381284f,0.048448260320435525f,0.6766076489242934f,0.03083172268498528f,0.04842522750540692f,-0.9983508412463655f,-0.4624673155050578f,0f,0f,0f,1f], start_interpolation: 0, interpolation_duration: 1 }
$data merge entity $(bone_right_close) { transformation: [-0.9995245894305334f,0.001493743326769644f,-0.030795516793805672f,3.946733745950453f,0f,0.9988256935381284f,0.048448260320435525f,0.7390342547704265f,0.03083172268498528f,0.04842522750540692f,-0.9983508412463655f,-0.45944073878596986f,0f,0f,0f,1f], start_interpolation: 0, interpolation_duration: 1 }
$data merge entity $(bone_left_close) { transformation: [-0.9995245894305334f,0.001493743326769644f,-0.030795516793805672f,4.1966148933080865f,0f,0.9988256935381284f,0.048448260320435525f,0.7390342547704265f,0.03083172268498528f,0.04842522750540692f,-0.9983508412463655f,-0.46714866945721617f,0f,0f,0f,1f], start_interpolation: 0, interpolation_duration: 1 }
$data merge entity $(bone_left_eyebrow) { transformation: [-0.9995245894305334f,0.001493743326769644f,-0.030795516793805672f,4.196579474444716f,0f,0.9988256935381284f,0.048448260320435525f,0.7140605844157033f,0.03083172268498528f,0.04842522750540692f,-0.9983508412463655f,-0.46829690321727346f,0f,0f,0f,1f], start_interpolation: 0, interpolation_duration: 1 }
$data merge entity $(bone_right_eyebrow) { transformation: [-0.9995245894305334f,0.001493743326769644f,-0.030795516793805672f,3.946698327087083f,0f,0.9988256935381284f,0.048448260320435525f,0.7140605844157033f,0.03083172268498528f,0.04842522750540692f,-0.9983508412463655f,-0.46058897254602715f,0f,0f,0f,1f], start_interpolation: 0, interpolation_duration: 1 }
$data merge entity $(bone_talking) { transformation: [-0.9995245894305334f,0.001493743326769644f,-0.030795516793805672f,4.06158392584159f,0f,0.9988256935381284f,0.048448260320435525f,0.4420413068898974f,0.03083172268498528f,0.04842522750540692f,-0.9983508412463655f,-0.7904122256065219f,0f,0f,0f,1f], start_interpolation: 0, interpolation_duration: 1 }
$data merge entity $(bone_m_opened) { transformation: [-0.9995245894305334f,0.001493743326769644f,-0.030795516793805672f,4.06158392584159f,0f,0.9988256935381284f,0.048448260320435525f,0.4420413068898974f,0.03083172268498528f,0.04842522750540692f,-0.9983508412463655f,-0.7904122256065219f,0f,0f,0f,1f], start_interpolation: 0, interpolation_duration: 1 }
$data merge entity $(bone_head) { transformation: [-0.9995245894305334f,0.001493743326769644f,-0.030795516793805672f,4.063508645641202f,0f,0.9988256935381284f,0.048448260320435525f,0.43901329061987016f,0.03083172268498528f,0.04842522750540692f,-0.9983508412463655f,-0.7280152980286241f,0f,0f,0f,1f], start_interpolation: 0, interpolation_duration: 1 }
$data merge entity $(item_display_r_item) { transformation: [-0.4372920078758583f,0.013377361504631612f,0.0017309093201741564f,3.7523384795240826f,0f,-0.05614053219987901f,0.43388303797718847f,-0.3217408005309539f,0.01348887867468106f,0.43367676539502176f,0.0561138423974957f,-0.6800852007112118f,0f,0f,0f,1f], start_interpolation: 0, interpolation_duration: 1 }
$data merge entity $(bone_rightarm) { transformation: [-0.9995245894305334f,0.003956364160398079f,-0.030576826296300826f,3.750989103837294f,0f,0.9917326582335736f,0.12832121645686653f,0.3141322629221379f,0.03083172268498528f,0.1282602111942761f,-0.991261178045764f,-0.7238302159705098f,0f,0f,0f,1f], start_interpolation: 0, interpolation_duration: 1 }
$data merge entity $(item_display_l_item) { transformation: [-0.4372920078758583f,0.01347731529279925f,-0.0005584088096949902f,4.380340360614598f,0f,0.01811150208505635f,0.4371249518069439f,-0.30515723906348013f,0.01348887867468106f,0.43691713798467724f,-0.018102891685536197f,-0.5924053008165233f,0f,0f,0f,1f], start_interpolation: 0, interpolation_duration: 1 }
$data merge entity $(bone_leftarm) { transformation: [-0.9995245894305334f,-0.0012763629935885422f,-0.030805292097826856f,4.375691972231377f,0f,0.9991427469873003f,-0.04139771905155715f,0.3141322629221379f,0.03083172268498528f,-0.041378038138368226f,-0.9986677439649766f,-0.7431000426486255f,0f,0f,0f,1f], start_interpolation: 0, interpolation_duration: 1 }
$data merge entity $(bone_body) { transformation: [-0.9995245894305334f,0.0013448608549369901f,-0.030802377716739566f,4.0625f,0f,0.9990482215818578f,0.043619387365336f,-0.31027287556652317f,0.03083172268498528f,0.04359865024754886f,-0.9985732634979109f,-0.7607142857142857f,0f,0f,0f,1f], start_interpolation: 0, interpolation_duration: 1 }
$data merge entity $(bone_leftleg) { transformation: [-0.9995245894305334f,0.006935628525225083f,-0.03004150763000952f,4.187440573678817f,0f,0.9743700647852354f,0.2249510543438645f,-0.20556944444444447f,0.03083172268498528f,0.22484411023501677f,-0.9739068389578646f,-0.7645682510499089f,0f,0f,0f,1f], start_interpolation: 0, interpolation_duration: 1 }
$data merge entity $(bone_rightleg) { transformation: [-0.9995245894305334f,-0.007780989756792788f,-0.0298337279287809f,3.9375594263211835f,0f,0.9676309116295214f,-0.2523696076373328f,-0.24049999999999983f,0.03083172268498528f,-0.25224962845844984f,-0.9671708896667901f,-0.7568603203786625f,0f,0f,0f,1f], start_interpolation: 0, interpolation_duration: 1 }
data modify entity @s data merge value {"locators":{},"cameras":{"camera":{"posx":6.125,"posy":0.5251491406942701,"posz":1.47670193261364,"roty":120.40634632175356,"rotx":-5.940373691901567}}}