# This file was generated by Animated Java via MC-Build. It is not recommended to edit this file directly.
$data merge entity $(bone_left_eye) { transformation: [-0.9996598801213785f,0.0015881227218492813f,-0.02603078834633223f,4.195215381453048f,0f,0.99814410601679f,0.060896170847954956f,0.6710981499786021f,0.026079188555459307f,0.06087545884971764f,-0.9978046173646048f,-0.4335650372859727f,0f,0f,0f,1f], start_interpolation: 0, interpolation_duration: 1 }
$data merge entity $(bone_right_eye) { transformation: [-0.9996598801213785f,0.0015881227218492813f,-0.02603078834633223f,3.9453004114227035f,0f,0.99814410601679f,0.060896170847954956f,0.6710981499786021f,0.026079188555459307f,0.06087545884971764f,-0.9978046173646048f,-0.4270452401471078f,0f,0f,0f,1f], start_interpolation: 0, interpolation_duration: 1 }
$data merge entity $(bone_right_close) { transformation: [-0.9996598801213785f,0.0015881227218492813f,-0.02603078834633223f,3.9453996690928195f,0f,0.99814410601679f,0.060896170847954956f,0.7334821566046514f,0.026079188555459307f,0.06087545884971764f,-0.9978046173646048f,-0.42324052396900047f,0f,0f,0f,1f], start_interpolation: 0, interpolation_duration: 1 }
$data merge entity $(bone_left_close) { transformation: [-0.9996598801213785f,0.0015881227218492813f,-0.02603078834633223f,4.195314639123164f,0f,0.99814410601679f,0.060896170847954956f,0.7334821566046514f,0.026079188555459307f,0.06087545884971764f,-0.9978046173646048f,-0.42976032110786533f,0f,0f,0f,1f], start_interpolation: 0, interpolation_duration: 1 }
$data merge entity $(bone_left_eyebrow) { transformation: [-0.9996598801213785f,0.0015881227218492813f,-0.02603078834633223f,4.195276562979389f,0f,0.99814410601679f,0.060896170847954956f,0.7085247479435538f,0.026079188555459307f,0.06087545884971764f,-0.9978046173646048f,-0.43121984479052294f,0f,0f,0f,1f], start_interpolation: 0, interpolation_duration: 1 }
$data merge entity $(bone_right_eyebrow) { transformation: [-0.9996598801213785f,0.0015881227218492813f,-0.02603078834633223f,3.9453615929490446f,0f,0.99814410601679f,0.060896170847954956f,0.7085247479435538f,0.026079188555459307f,0.06087545884971764f,-0.9978046173646048f,-0.4247000476516581f,0f,0f,0f,1f], start_interpolation: 0, interpolation_duration: 1 }
$data merge entity $(bone_talking) { transformation: [-0.9996598801213785f,0.0015881227218492813f,-0.02603078834633223f,4.061726244399185f,0f,0.99814410601679f,0.060896170847954956f,0.4405921768643905f,0.026079188555459307f,0.06087545884971764f,-0.9978046173646048f,-0.7573379463554086f,0f,0f,0f,1f], start_interpolation: 0, interpolation_duration: 1 }
$data merge entity $(bone_m_opened) { transformation: [-0.9996598801213785f,0.0015881227218492813f,-0.02603078834633223f,4.061726244399185f,0f,0.99814410601679f,0.060896170847954956f,0.4405921768643905f,0.026079188555459307f,0.06087545884971764f,-0.9978046173646048f,-0.7573379463554086f,0f,0f,0f,1f], start_interpolation: 0, interpolation_duration: 1 }
$data merge entity $(bone_head) { transformation: [-0.9996598801213785f,0.0015881227218492813f,-0.02603078834633223f,4.06335316867083f,0f,0.99814410601679f,0.060896170847954956f,0.4367861661863933f,0.026079188555459307f,0.06087545884971764f,-0.9978046173646048f,-0.6949751577701209f,0f,0f,0f,1f], start_interpolation: 0, interpolation_duration: 1 }
$data merge entity $(item_display_r_item) { transformation: [-0.4373511975531031f,0.011312033898422606f,0.0014892575155206198f,3.7519217603032335f,0f,-0.05710520909627248f,0.43375712685104206f,-0.3240636738974769f,0.011409644993013446f,0.4336095974297063f,0.057085786479486f,-0.6499386474232502f,0f,0f,0f,1f], start_interpolation: 0, interpolation_duration: 1 }
$data merge entity $(bone_rightarm) { transformation: [-0.9996598801213785f,0.003404017178332851f,-0.025856077482108813f,3.750817261354428f,0f,0.9914448613738104f,0.1305261922200516f,0.3119051384886611f,0.026079188555459307f,0.1304817976673968f,-0.9911076512679001f,-0.6922759802896148f,0f,0f,0f,1f], start_interpolation: 0, interpolation_duration: 1 }
$data merge entity $(item_display_l_item) { transformation: [-0.4373511975531031f,0.011398785539150432f,-0.0004976817246512224f,4.379572456190977f,0f,0.019083481972334605f,0.4370835969420628f,-0.307047576579333f,0.011409644993013446f,0.4369349361221234f,-0.019076991300762496f,-0.5564840752436525f,0f,0f,0f,1f], start_interpolation: 0, interpolation_duration: 1 }
$data merge entity $(bone_leftarm) { transformation: [-0.9996598801213785f,-0.001137558227774217f,-0.02605436694662956f,4.3756046864302895f,0f,0.9990482215818578f,-0.043619387365336014f,0.3119051384886611f,0.026079188555459307f,-0.043604551544599766f,-0.9987084254219963f,-0.7085754731367769f,0f,0f,0f,1f], start_interpolation: 0, interpolation_duration: 1 }
$data merge entity $(bone_body) { transformation: [-0.9996598801213785f,0.001137558227774217f,-0.02605436694662956f,4.0625f,0f,0.9990482215818578f,0.043619387365336f,-0.3125f,0.026079188555459307f,0.04360455154459976f,-0.9987084254219963f,-0.7276785714285707f,0f,0f,0f,1f], start_interpolation: 0, interpolation_duration: 1 }
$data merge entity $(bone_leftleg) { transformation: [-0.9996598801213785f,0.006749790678972565f,-0.025190561754380444f,4.187457485015172f,0f,0.9659258262890683f,0.25881904510252074f,-0.203125f,0.026079188555459307f,0.25873101560031553f,-0.9655972957142736f,-0.7309384699980032f,0f,0f,0f,1f], start_interpolation: 0, interpolation_duration: 1 }
$data merge entity $(bone_rightleg) { transformation: [-0.9996598801213785f,-0.006749790678972565f,-0.025190561754380444f,3.9375425149848278f,0f,0.9659258262890683f,-0.25881904510252074f,-0.25f,0.026079188555459307f,-0.25873101560031553f,-0.9655972957142736f,-0.7244186728591383f,0f,0f,0f,1f], start_interpolation: 0, interpolation_duration: 1 }
data modify entity @s data merge value {"locators":{},"cameras":{"camera":{"posx":6.125,"posy":0.5268149267288115,"posz":1.4861021685554183,"roty":119.94605325027658,"rotx":-5.957071706155534}}}
execute on vehicle unless entity @s[tag=aj.transforms_only] at @s run function animated_java:humanentity/animations/000_mur_0/zzz/frames/zzz/10