# This file was generated by Animated Java via MC-Build. It is not recommended to edit this file directly.
$data merge entity $(bone_left_eye) { transformation: [-0.9997757972474591f,0.0016495087198138806f,-0.021110053509900143f,4.193854575997881f,0f,0.9969610932083057f,0.07790108233458751f,0.6686255988841403f,0.021174400539509718f,0.07788361669750218f,-0.9967375717870322f,-0.3959271542551926f,0f,0f,0f,1f], start_interpolation: 0, interpolation_duration: 1 }
$data merge entity $(bone_right_eye) { transformation: [-0.9997757972474591f,0.0016495087198138806f,-0.021110053509900143f,3.9439106266860167f,0f,0.9969610932083057f,0.07790108233458751f,0.6686255988841403f,0.021174400539509718f,0.07788361669750218f,-0.9967375717870322f,-0.39063355412031514f,0f,0f,0f,1f], start_interpolation: 0, interpolation_duration: 1 }
$data merge entity $(bone_right_close) { transformation: [-0.9997757972474591f,0.0016495087198138806f,-0.021110053509900143f,3.9440137209810056f,0f,0.9969610932083057f,0.07790108233458751f,0.7309356672096594f,0.021174400539509718f,0.07788361669750218f,-0.9967375717870322f,-0.3857658280767212f,0f,0f,0f,1f], start_interpolation: 0, interpolation_duration: 1 }
$data merge entity $(bone_left_close) { transformation: [-0.9997757972474591f,0.0016495087198138806f,-0.021110053509900143f,4.19395767029287f,0f,0.9969610932083057f,0.07790108233458751f,0.7309356672096594f,0.021174400539509718f,0.07788361669750218f,-0.9967375717870322f,-0.39105942821159867f,0f,0f,0f,1f], start_interpolation: 0, interpolation_duration: 1 }
$data merge entity $(bone_left_eyebrow) { transformation: [-0.9997757972474591f,0.0016495087198138806f,-0.021110053509900143f,4.19391775195322f,0f,0.9969610932083057f,0.07790108233458751f,0.7060067710618059f,0.021174400539509718f,0.07788361669750218f,-0.9967375717870322f,-0.3929442225307995f,0f,0f,0f,1f], start_interpolation: 0, interpolation_duration: 1 }
$data merge entity $(bone_right_eyebrow) { transformation: [-0.9997757972474591f,0.0016495087198138806f,-0.021110053509900143f,3.9439738026413544f,0f,0.9969610932083057f,0.07790108233458751f,0.7060067710618059f,0.021174400539509718f,0.07788361669750218f,-0.9967375717870322f,-0.3876506223959221f,0f,0f,0f,1f], start_interpolation: 0, interpolation_duration: 1 }
$data merge entity $(bone_talking) { transformation: [-0.9997757972474591f,0.0016495087198138806f,-0.021110053509900143f,4.061873332440152f,0f,0.9969610932083057f,0.07790108233458751f,0.44372941381162245f,0.021174400539509718f,0.07788361669750218f,-0.9967375717870322f,-0.7242317495455769f,0f,0f,0f,1f], start_interpolation: 0, interpolation_duration: 1 }
$data merge entity $(bone_m_opened) { transformation: [-0.9997757972474591f,0.0016495087198138806f,-0.021110053509900143f,4.061873332440152f,0f,0.9969610932083057f,0.07790108233458751f,0.44372941381162245f,0.021174400539509718f,0.07788361669750218f,-0.9967375717870322f,-0.7242317495455769f,0f,0f,0f,1f], start_interpolation: 0, interpolation_duration: 1 }
$data merge entity $(bone_head) { transformation: [-0.9997757972474591f,0.0016495087198138806f,-0.021110053509900143f,4.063192710784521f,0f,0.9969610932083057f,0.07790108233458751f,0.4388605961657107f,0.021174400539509718f,0.07788361669750218f,-0.9967375717870322f,-0.6619356513088874f,0f,0f,0f,1f], start_interpolation: 0, interpolation_duration: 1 }
$data merge entity $(item_display_r_item) { transformation: [-0.4374019112957634f,0.009187213233428294f,0.0011887421153014808f,3.7515740373921047f,0f,-0.05614053219987901f,0.43388303797718847f,-0.3218934949851133f,0.009263800236035501f,0.4337857602057932f,0.0561279453380307f,-0.6170138425367218f,0f,0f,0f,1f], start_interpolation: 0, interpolation_duration: 1 }
$data merge entity $(bone_rightarm) { transformation: [-0.9997757972474591f,0.002717124834974818f,-0.020999344533550388f,3.75064732234727f,0f,0.9917326582335736f,0.12832121645686653f,0.3139795684679785f,0.021174400539509718f,0.12829244648692753f,-0.9915103090418129f,-0.6607698521126186f,0f,0f,0f,1f], start_interpolation: 0, interpolation_duration: 1 }
$data merge entity $(item_display_l_item) { transformation: [-0.4374019112957634f,0.009255858815374112f,-0.0003835001995211485f,4.378699584144926f,0f,0.01811150208505635f,0.4371249518069439f,-0.3053099335176396f,0.009263800236035501f,0.4370269471895445f,-0.018107441436436233f,-0.5232712369150336f,0f,0f,0f,1f], start_interpolation: 0, interpolation_duration: 1 }
$data merge entity $(bone_leftarm) { transformation: [-0.9997757972474591f,-0.0008765718846197633f,-0.021156248720855114f,4.375507195626932f,0f,0.9991427469873003f,-0.04139771905155715f,0.3139795684679785f,0.021174400539509718f,-0.041388437568996884f,-0.9989187364332446f,-0.6740038524498122f,0f,0f,0f,1f], start_interpolation: 0, interpolation_duration: 1 }
$data merge entity $(bone_body) { transformation: [-0.9997757972474591f,0.000923614379361654f,-0.021154247202059114f,4.0625f,0f,0.9990482215818578f,0.043619387365336f,-0.3104255700206826f,0.021174400539509718f,0.04360960777862455f,-0.9988242322206581f,-0.6946428571428558f,0f,0f,0f,1f], start_interpolation: 0, interpolation_duration: 1 }
$data merge entity $(bone_leftleg) { transformation: [-0.9997757972474591f,0.004763203726462004f,-0.020631702025470607f,4.187471974655932f,0f,0.9743700647852354f,0.2249510543438645f,-0.19774999999999998f,0.021174400539509718f,0.22490061969829364f,-0.974151608334717f,-0.6972896572102945f,0f,0f,0f,1f], start_interpolation: 0, interpolation_duration: 1 }
$data merge entity $(bone_rightleg) { transformation: [-0.9997757972474591f,-0.005343775156111793f,-0.02048900449725442f,3.9375280253440677f,0f,0.9676309116295214f,-0.2523696076373327f,-0.2519444444444444f,0.021174400539509718f,-0.2523130256766427f,-0.9674139661156904f,-0.6919960570754171f,0f,0f,0f,1f], start_interpolation: 0, interpolation_duration: 1 }
data modify entity @s data merge value {"locators":{},"cameras":{"camera":{"posx":6.125,"posy":0.5284792080326224,"posz":1.4953163715560782,"roty":119.47902211241248,"rotx":-5.973551636804361}}}