# This file was generated by Animated Java via MC-Build. It is not recommended to edit this file directly.
$data merge entity $(bone_left_eye) { transformation: [-0.9998701335614005f,0.0015536006832904152f,-0.01604064639669916f,4.192409546414692f,0f,0.9953423950287485f,0.09640288718930881f,0.6699295085574986f,0.016115706993708286f,0.09639036768967885f,-0.9952131334567192f,-0.35801043894162293f,0f,0f,0f,1f], start_interpolation: 0, interpolation_duration: 1 }
$data merge entity $(bone_right_eye) { transformation: [-0.9998701335614005f,0.0015536006832904152f,-0.01604064639669916f,3.9424420130243414f,0f,0.9953423950287485f,0.09640288718930881f,0.6699295085574986f,0.016115706993708286f,0.09639036768967885f,-0.9952131334567192f,-0.3539815121931959f,0f,0f,0f,1f], start_interpolation: 0, interpolation_duration: 1 }
$data merge entity $(bone_right_close) { transformation: [-0.9998701335614005f,0.0015536006832904152f,-0.01604064639669916f,3.9425391130670464f,0f,0.9953423950287485f,0.09640288718930881f,0.7321384082467953f,0.016115706993708286f,0.09639036768967885f,-0.9952131334567192f,-0.34795711421259096f,0f,0f,0f,1f], start_interpolation: 0, interpolation_duration: 1 }
$data merge entity $(bone_left_close) { transformation: [-0.9998701335614005f,0.0015536006832904152f,-0.01604064639669916f,4.192506646457397f,0f,0.9953423950287485f,0.09640288718930881f,0.7321384082467953f,0.016115706993708286f,0.09639036768967885f,-0.9952131334567192f,-0.351986040961018f,0f,0f,0f,1f], start_interpolation: 0, interpolation_duration: 1 }
$data merge entity $(bone_left_eyebrow) { transformation: [-0.9998701335614005f,0.0015536006832904152f,-0.01604064639669916f,4.192468808980714f,0f,0.9953423950287485f,0.09640288718930881f,0.7072488231906274f,0.016115706993708286f,0.09639036768967885f,-0.9952131334567192f,-0.3543335993324189f,0f,0f,0f,1f], start_interpolation: 0, interpolation_duration: 1 }
$data merge entity $(bone_right_eyebrow) { transformation: [-0.9998701335614005f,0.0015536006832904152f,-0.01604064639669916f,3.942501275590364f,0f,0.9953423950287485f,0.09640288718930881f,0.7072488231906274f,0.016115706993708286f,0.09639036768967885f,-0.9952131334567192f,-0.35030467258399184f,0f,0f,0f,1f], start_interpolation: 0, interpolation_duration: 1 }
$data merge entity $(bone_talking) { transformation: [-0.9998701335614005f,0.0015536006832904152f,-0.01604064639669916f,4.062024677549725f,0f,0.9953423950287485f,0.09640288718930881f,0.4512198120469704f,0.016115706993708286f,0.09639036768967885f,-0.9952131334567192f,-0.6910976716950539f,0f,0f,0f,1f], start_interpolation: 0, interpolation_duration: 1 }
$data merge entity $(bone_m_opened) { transformation: [-0.9998701335614005f,0.0015536006832904152f,-0.01604064639669916f,4.062024677549725f,0f,0.9953423950287485f,0.09640288718930881f,0.4512198120469704f,0.016115706993708286f,0.09639036768967885f,-0.9952131334567192f,-0.6910976716950539f,0f,0f,0f,1f], start_interpolation: 0, interpolation_duration: 1 }
$data merge entity $(bone_head) { transformation: [-0.9998701335614005f,0.0015536006832904152f,-0.01604064639669916f,4.063027217949519f,0f,0.9953423950287485f,0.09640288718930881f,0.4451946315976386f,0.016115706993708286f,0.09639036768967885f,-0.9952131334567192f,-0.6288968508540089f,0f,0f,0f,1f], start_interpolation: 0, interpolation_duration: 1 }
$data merge entity $(item_display_r_item) { transformation: [-0.4374431834331127f,0.0069978562664243845f,0.0008609736224474691f,3.7512493567402383f,0f,-0.053424502119801556f,0.434225831305844f,-0.31527315571409986f,0.007050621809747375f,0.4341694399435845f,0.05341756406997731f,-0.5815748021541314f,0f,0f,0f,1f], start_interpolation: 0, interpolation_duration: 1 }
$data merge entity $(bone_rightarm) { transformation: [-0.9998701335614005f,0.0019679397084513615f,-0.01599510003754145f,3.7504799315533277f,0f,0.9925161858419292f,0.12211314770240378f,0.3203136038999064f,0.016115706993708286f,0.1220972893028055f,-0.9923872912996217f,-0.6293124077523307f,0f,0f,0f,1f], start_interpolation: 0, interpolation_duration: 1 }
$data merge entity $(item_display_l_item) { transformation: [-0.4374431834331127f,0.007046266106170621f,-0.0002477939973374447f,4.377765975341449f,0f,0.015375930912257568f,0.43722972308453767f,-0.29990716310307386f,0.007050621809747375f,0.4371729416175509f,-0.015373934094869845f,-0.4925154068828556f,0f,0f,0f,1f], start_interpolation: 0, interpolation_duration: 1 }
$data merge entity $(bone_leftarm) { transformation: [-0.9998701335614005f,-0.0005663862796284414f,-0.01610575109981856f,4.375398765029203f,0f,0.999382224193229f,-0.03514498494230279f,0.3203136038999064f,0.016115706993708286f,-0.03514042078827371f,-0.9992524379829735f,-0.6393847246233983f,0f,0f,0f,1f], start_interpolation: 0, interpolation_duration: 1 }
$data merge entity $(bone_body) { transformation: [-0.9998701335614005f,0.0007029572660248163f,-0.01610036841159857f,4.0625f,0f,0.9990482215818578f,0.043619387365336f,-0.3040915345887547f,0.016115706993708286f,0.04361372267084497f,-0.9989184787473319f,-0.6616071428571426f,0f,0f,0f,1f], start_interpolation: 0, interpolation_duration: 1 }
$data merge entity $(bone_leftleg) { transformation: [-0.9998701335614005f,0.0030750218612522386f,-0.015819616065501682f,4.187483766695175f,0f,0.9816271834476639f,0.19080899537654503f,-0.19387500000000002f,0.016115706993708286f,0.19078421569186274f,-0.9814997030213171f,-0.6636216062313561f,0f,0f,0f,1f], start_interpolation: 0, interpolation_duration: 1 }
$data merge entity $(bone_rightleg) { transformation: [-0.9998701335614005f,-0.003773683862506833f,-0.015667652089988267f,3.937516233304825f,0f,0.9721976265828769f,-0.23416185613079915f,-0.2536111111111111f,0.016115706993708286f,-0.2341314463644876f,-0.9720713707394977f,-0.6595926794829291f,0f,0f,0f,1f], start_interpolation: 0, interpolation_duration: 1 }
data modify entity @s data merge value {"locators":{},"cameras":{"camera":{"posx":6.125,"posy":0.5301419578152445,"posz":1.5043458275576087,"roty":119.00616813392725,"rotx":-5.989771953282824}}}