# This file was generated by Animated Java via MC-Build. It is not recommended to edit this file directly.
$data merge entity $(bone_left_eye) { transformation: [-0.9999405771347578f,0.00123573565230102f,-0.01083121215770377f,4.190865945903372f,0f,0.9935545633234155f,0.11335488387898081f,0.6754561286876296f,0.010901476936982336f,0.11334814800699153f,-0.9934955234644883f,-0.32051059878841154f,0f,0f,0f,1f], start_interpolation: 0, interpolation_duration: 1 }
$data merge entity $(bone_right_eye) { transformation: [-0.9999405771347578f,0.00123573565230102f,-0.01083121215770377f,3.9408808016196826f,0f,0.9935545633234155f,0.11335488387898081f,0.6754561286876296f,0.010901476936982336f,0.11334814800699153f,-0.9934955234644883f,-0.31778522955416594f,0f,0f,0f,1f], start_interpolation: 0, interpolation_duration: 1 }
$data merge entity $(bone_right_close) { transformation: [-0.9999405771347578f,0.00123573565230102f,-0.01083121215770377f,3.9409580350979514f,0f,0.9935545633234155f,0.11335488387898081f,0.7375532888953431f,0.010901476936982336f,0.11334814800699153f,-0.9934955234644883f,-0.31070097030372895f,0f,0f,0f,1f], start_interpolation: 0, interpolation_duration: 1 }
$data merge entity $(bone_left_close) { transformation: [-0.9999405771347578f,0.00123573565230102f,-0.01083121215770377f,4.190943179381641f,0f,0.9935545633234155f,0.11335488387898081f,0.7375532888953431f,0.010901476936982336f,0.11334814800699153f,-0.9934955234644883f,-0.31342633953797455f,0f,0f,0f,1f], start_interpolation: 0, interpolation_duration: 1 }
$data merge entity $(bone_left_eyebrow) { transformation: [-0.9999405771347578f,0.00123573565230102f,-0.01083121215770377f,4.190912962941093f,0f,0.9935545633234155f,0.11335488387898081f,0.7127073401320153f,0.010901476936982336f,0.11334814800699153f,-0.9934955234644883f,-0.31619794976793275f,0f,0f,0f,1f], start_interpolation: 0, interpolation_duration: 1 }
$data merge entity $(bone_right_eyebrow) { transformation: [-0.9999405771347578f,0.00123573565230102f,-0.01083121215770377f,3.940927818657404f,0f,0.9935545633234155f,0.11335488387898081f,0.7127073401320153f,0.010901476936982336f,0.11334814800699153f,-0.9934955234644883f,-0.3134725805336872f,0f,0f,0f,1f], start_interpolation: 0, interpolation_duration: 1 }
$data merge entity $(bone_talking) { transformation: [-0.9999405771347578f,0.00123573565230102f,-0.01083121215770377f,4.06217968604917f,0f,0.9935545633234155f,0.11335488387898081f,0.46249088906895724f,0.010901476936982336f,0.11334814800699153f,-0.9934955234644883f,-0.6579523022556892f,0f,0f,0f,1f], start_interpolation: 0, interpolation_duration: 1 }
$data merge entity $(bone_m_opened) { transformation: [-0.9999405771347578f,0.00123573565230102f,-0.01083121215770377f,4.06217968604917f,0f,0.9935545633234155f,0.11335488387898081f,0.46249088906895724f,0.010901476936982336f,0.11334814800699153f,-0.9934955234644883f,-0.6579523022556892f,0f,0f,0f,1f], start_interpolation: 0, interpolation_duration: 1 }
$data merge entity $(bone_head) { transformation: [-0.9999405771347578f,0.00123573565230102f,-0.01083121215770377f,4.062856636809026f,0f,0.9935545633234155f,0.11335488387898081f,0.45540620882652094f,0.010901476936982336f,0.11334814800699153f,-0.9934955234644883f,-0.5958588320391587f,0f,0f,0f,1f], start_interpolation: 0, interpolation_duration: 1 }
$data merge entity $(item_display_r_item) { transformation: [-0.4374740024964565f,0.004739113567211864f,0.0005366025786569557f,3.750903224321651f,0f,-0.04922292472468359f,0.434722156879021f,-0.3045701643340081f,0.004769396159929772f,0.434696324442875f,0.04921999975746085f,-0.5440195554453764f,0f,0f,0f,1f], start_interpolation: 0, interpolation_duration: 1 }
$data merge entity $(bone_rightarm) { transformation: [-0.9999405771347578f,0.0012265201797873298f,-0.010832259582198547f,3.7503157669862435f,0f,0.9936506442949051f,0.11250954222784842f,0.3305251811287887f,0.010901476936982336f,0.11250285658848216f,-0.9935915987265713f,-0.5979042199183965f,0f,0f,0f,1f], start_interpolation: 0, interpolation_duration: 1 }
$data merge entity $(item_display_l_item) { transformation: [-0.4374740024964565f,0.004767847805614274f,-0.00012151968092456639f,4.376814469469821f,0f,0.011147084163644029f,0.4373579683904806f,-0.2910870353822853f,0.004769396159929772f,0.4373319793268624f,-0.011146421771963927f,-0.46384218923638726f,0f,0f,0f,1f], start_interpolation: 0, interpolation_duration: 1 }
$data merge entity $(bone_leftarm) { transformation: [-0.9999405771347578f,-0.00027775927068472077f,-0.010897937841404054f,4.375278627695467f,0f,0.9996753563210985f,-0.025479049516900415f,0.3305251811287887f,0.010901476936982336f,-0.025477535478774467f,-0.999615952747114f,-0.6047176430040105f,0f,0f,0f,1f], start_interpolation: 0, interpolation_duration: 1 }
$data merge entity $(bone_body) { transformation: [-0.9999405771347578f,0.0004755157453685091f,-0.01089110114650784f,4.0625f,0f,0.9990482215818578f,0.043619387365336f,-0.2938799573598724f,0.010901476936982336f,0.043616795376358646f,-0.9989888552740163f,-0.6285714285714277f,0f,0f,0f,1f], start_interpolation: 0, interpolation_duration: 1 }
$data merge entity $(bone_leftleg) { transformation: [-0.9999405771347578f,0.0017053667127852436f,-0.010767261665924248f,4.187492572141845f,0f,0.9876883405951378f,0.15643446504023062f,-0.191125f,0.010901476936982336f,0.1564251692560953f,-0.9876296493239733f,-0.6299341131885504f,0f,0f,0f,1f], start_interpolation: 0, interpolation_duration: 1 }
$data merge entity $(bone_rightleg) { transformation: [-0.9999405771347578f,-0.0022442064816918764f,-0.010667977159475452f,3.937507427858155f,0f,0.9785809043254722f,-0.2058626087698811f,-0.255f,0.010901476936982336f,-0.20585037582382176f,-0.9785227542442658f,-0.6272087439543049f,0f,0f,0f,1f], start_interpolation: 0, interpolation_duration: 1 }
data modify entity @s data merge value {"locators":{},"cameras":{"camera":{"posx":6.125,"posy":0.53180314928622,"posz":1.5131918225019994,"roty":118.52840675920037,"rotx":-6.0056939011304165}}}