# This file was generated by Animated Java via MC-Build. It is not recommended to edit this file directly.
$data merge entity $(bone_left_eye) { transformation: [-0.9999847088676531f,0.0006953110321260055f,-0.005486216678512148f,4.189224385290214f,0f,0.9920642390199215f,0.12573203910628492f,0.684619216164802f,0.0055301022481488524f,0.1257301165210347f,-0.9920490692343459f,-0.2840681403462548f,0f,0f,0f,1f], start_interpolation: 0, interpolation_duration: 1 }
$data merge entity $(bone_right_eye) { transformation: [-0.9999847088676531f,0.0006953110321260055f,-0.005486216678512148f,3.939228208073301f,0f,0.9920642390199215f,0.12573203910628492f,0.684619216164802f,0.0055301022481488524f,0.1257301165210347f,-0.9920490692343459f,-0.2826856147842176f,0f,0f,0f,1f], start_interpolation: 0, interpolation_duration: 1 }
$data merge entity $(bone_right_close) { transformation: [-0.9999847088676531f,0.0006953110321260055f,-0.005486216678512148f,3.9392716650128095f,0f,0.9920642390199215f,0.12573203910628492f,0.7466232311035471f,0.0055301022481488524f,0.1257301165210347f,-0.9920490692343459f,-0.2748274825016529f,0f,0f,0f,1f], start_interpolation: 0, interpolation_duration: 1 }
$data merge entity $(bone_left_close) { transformation: [-0.9999847088676531f,0.0006953110321260055f,-0.005486216678512148f,4.1892678422297225f,0f,0.9920642390199215f,0.12573203910628492f,0.7466232311035471f,0.0055301022481488524f,0.1257301165210347f,-0.9920490692343459f,-0.2762100080636901f,0f,0f,0f,1f], start_interpolation: 0, interpolation_duration: 1 }
$data merge entity $(bone_left_eyebrow) { transformation: [-0.9999847088676531f,0.0006953110321260055f,-0.005486216678512148f,4.189250802342462f,0f,0.9920642390199215f,0.12573203910628492f,0.7218137668756051f,0.0055301022481488524f,0.1257301165210347f,-0.9920490692343459f,-0.27929125790988885f,0f,0f,0f,1f], start_interpolation: 0, interpolation_duration: 1 }
$data merge entity $(bone_right_eyebrow) { transformation: [-0.9999847088676531f,0.0006953110321260055f,-0.005486216678512148f,3.939254625125549f,0f,0.9920642390199215f,0.12573203910628492f,0.7218137668756051f,0.0055301022481488524f,0.1257301165210347f,-0.9920490692343459f,-0.27790873234785163f,0f,0f,0f,1f], start_interpolation: 0, interpolation_duration: 1 }
$data merge entity $(bone_talking) { transformation: [-0.9999847088676531f,0.0006953110321260055f,-0.005486216678512148f,4.062338026211692f,0f,0.9920642390199215f,0.12573203910628492f,0.47589441863053566f,0.0055301022481488524f,0.1257301165210347f,-0.9920490692343459f,-0.624824740831228f,0f,0f,0f,1f], start_interpolation: 0, interpolation_duration: 1 }
$data merge entity $(bone_m_opened) { transformation: [-0.9999847088676531f,0.0006953110321260055f,-0.005486216678512148f,4.062338026211692f,0f,0.9920642390199215f,0.12573203910628492f,0.47589441863053566f,0.0055301022481488524f,0.1257301165210347f,-0.9920490692343459f,-0.624824740831228f,0f,0f,0f,1f], start_interpolation: 0, interpolation_duration: 1 }
$data merge entity $(bone_head) { transformation: [-0.9999847088676531f,0.0006953110321260055f,-0.005486216678512148f,4.0626809147540985f,0f,0.9920642390199215f,0.12573203910628492f,0.4680361661863929f,0.0055301022481488524f,0.1257301165210347f,-0.9920490692343459f,-0.5628216740040813f,0f,0f,0f,1f], start_interpolation: 0, interpolation_duration: 1 }
$data merge entity $(item_display_r_item) { transformation: [-0.43749331012959825f,0.002407263697127472f,0.00024222580303614834f,3.750497293540211f,0f,-0.043801324490380086f,0.435301842372495f,-0.2912193004692979f,0.002419419733565123f,0.4352951861144124f,0.04380065471853034f,-0.5047481678065422f,0f,0f,0f,1f], start_interpolation: 0, interpolation_duration: 1 }
$data merge entity $(bone_rightarm) { transformation: [-0.9999847088676531f,0.0005536589783683403f,-0.0055023170220056495f,3.7501555407739406f,0f,0.99497563970856f,0.100117313120869f,0.34315513848866064f,0.0055301022481488524f,0.10011578221378387f,-0.9949604254043712f,-0.5665458570984737f,0f,0f,0f,1f], start_interpolation: 0, interpolation_duration: 1 }
$data merge entity $(item_display_l_item) { transformation: [-0.43749331012959825f,0.002419214701763384f,-0.00003149720521300904f,4.375882184024175f,0f,0.005695591835314151f,0.43746292441033846f,-0.28016458443030456f,0.002419419733565123f,0.4374562351068645f,-0.005695504743265604f,-0.4368782399112261f,0f,0f,0f,1f], start_interpolation: 0, interpolation_duration: 1 }
$data merge entity $(bone_leftarm) { transformation: [-0.9999847088676531f,-0.00007199361191544801f,-0.005529633604030593f,4.375145983816224f,0f,0.9999152557950594f,-0.013018495623574981f,0.34315513848866064f,0.0055301022481488524f,-0.013018296556035445f,-0.9998999659585474f,-0.5700021710035666f,0f,0f,0f,1f], start_interpolation: 0, interpolation_duration: 1 }
$data merge entity $(bone_body) { transformation: [-0.9999847088676531f,0.00024121967213192025f,-0.0055248388161789445f,4.0625f,0f,0.9990482215818578f,0.043619387365336f,-0.28125000000000044f,0.0055301022481488524f,0.04361872037551091f,-0.9990329450032807f,-0.5955357142857145f,0f,0f,0f,1f], start_interpolation: 0, interpolation_duration: 1 }
$data merge entity $(bone_leftleg) { transformation: [-0.9999847088676531f,0.0006739499299452333f,-0.005488881704583166f,4.187498088608456f,0f,0.992546151641322f,0.12186934340514798f,-0.189125f,0.0055301022481488524f,0.12186747988488894f,-0.9925309744867569f,-0.5962269770667331f,0f,0f,0f,1f], start_interpolation: 0, interpolation_duration: 1 }
$data merge entity $(bone_rightleg) { transformation: [-0.9999847088676531f,-0.0009353574192894398f,-0.005450425430474321f,3.9375019113915433f,0f,0.9855921619349439f,-0.16913926313072086f,-0.25611111111111107f,0.0055301022481488524f,-0.16913667679986327f,-0.9855770911147558f,-0.5948444515046959f,0f,0f,0f,1f], start_interpolation: 0, interpolation_duration: 1 }
data modify entity @s data merge value {"locators":{},"cameras":{"camera":{"posx":6.125,"posy":0.5334627556550906,"posz":1.521855642331239,"roty":118.04665364146112,"rotx":-6.021281610369325}}}