# This file was generated by Animated Java via MC-Build. It is not recommended to edit this file directly.
$data merge entity $(bone_left_eye) { transformation: [-1f,-1.5984848350717836e-17f,1.2141697760125285e-16f,4.1875f,0f,0.9914448613738104f,0.1305261922200516f,0.6958957908347055f,-1.2246467991473532e-16f,0.1305261922200516f,-0.9914448613738104f,-0.249292696077532f,0f,0f,0f,1f], start_interpolation: 0, interpolation_duration: 1 }
$data merge entity $(bone_right_eye) { transformation: [-1f,-1.5984848350717836e-17f,1.2141697760125285e-16f,3.9375f,0f,0.9914448613738104f,0.1305261922200516f,0.6958957908347055f,-1.2246467991473532e-16f,0.1305261922200516f,-0.9914448613738104f,-0.24929269607753204f,0f,0f,0f,1f], start_interpolation: 0, interpolation_duration: 1 }
$data merge entity $(bone_right_close) { transformation: [-1f,-1.5984848350717836e-17f,1.2141697760125285e-16f,3.9375f,0f,0.9914448613738104f,0.1305261922200516f,0.7578610946705686f,-1.2246467991473532e-16f,0.1305261922200516f,-0.9914448613738104f,-0.24113480906377885f,0f,0f,0f,1f], start_interpolation: 0, interpolation_duration: 1 }
$data merge entity $(bone_left_close) { transformation: [-1f,-1.5984848350717836e-17f,1.2141697760125285e-16f,4.1875f,0f,0.9914448613738104f,0.1305261922200516f,0.7578610946705686f,-1.2246467991473532e-16f,0.1305261922200516f,-0.9914448613738104f,-0.2411348090637788f,0f,0f,0f,1f], start_interpolation: 0, interpolation_duration: 1 }
$data merge entity $(bone_left_eyebrow) { transformation: [-1f,-1.5984848350717836e-17f,1.2141697760125285e-16f,4.1875f,0f,0.9914448613738104f,0.1305261922200516f,0.7330668152492097f,-1.2246467991473532e-16f,0.1305261922200516f,-0.9914448613738104f,-0.24433599856544416f,0f,0f,0f,1f], start_interpolation: 0, interpolation_duration: 1 }
$data merge entity $(bone_right_eyebrow) { transformation: [-1f,-1.5984848350717836e-17f,1.2141697760125285e-16f,3.9375f,0f,0.9914448613738104f,0.1305261922200516f,0.7330668152492097f,-1.2246467991473532e-16f,0.1305261922200516f,-0.9914448613738104f,-0.24433599856544422f,0f,0f,0f,1f], start_interpolation: 0, interpolation_duration: 1 }
$data merge entity $(bone_talking) { transformation: [-1f,-1.5984848350717836e-17f,1.2141697760125285e-16f,4.0625f,0f,0.9914448613738104f,0.1305261922200516f,0.48882401056001906f,-1.2246467991473532e-16f,0.1305261922200516f,-0.9914448613738104f,-0.5917507633118607f,0f,0f,0f,1f], start_interpolation: 0, interpolation_duration: 1 }
$data merge entity $(bone_m_opened) { transformation: [-1f,-1.5984848350717836e-17f,1.2141697760125285e-16f,4.0625f,0f,0.9914448613738104f,0.1305261922200516f,0.48882401056001906f,-1.2246467991473532e-16f,0.1305261922200516f,-0.9914448613738104f,-0.5917507633118607f,0f,0f,0f,1f], start_interpolation: 0, interpolation_duration: 1 }
$data merge entity $(bone_head) { transformation: [-1f,-1.5984848350717836e-17f,1.2141697760125285e-16f,4.0625f,0f,0.9914448613738104f,0.1305261922200516f,0.4806661235462658f,-1.2246467991473532e-16f,0.1305261922200516f,-0.9914448613738104f,-0.5297854594759975f,0f,0f,0f,1f], start_interpolation: 0, interpolation_duration: 1 }
$data merge entity $(item_display_r_item) { transformation: [-0.4375f,-5.3381892542999954e-17f,-4.583394760307866e-18f,3.75f,0f,-0.03742625844038463f,0.4358962321231436f,-0.27761702388178144f,-5.35782974626967e-17f,0.4358962321231436f,0.03742625844038463f,-0.46416218577631607f,0f,0f,0f,1f], start_interpolation: 0, interpolation_duration: 1 }
$data merge entity $(bone_rightarm) { transformation: [-1f,-1.047633088070372e-17f,1.220157543839999e-16f,3.75f,0f,0.9963342448528997f,0.08554573357802223f,0.3557850958485336f,-1.2246467991473532e-16f,0.08554573357802223f,-0.9963342448528997f,-0.5352378828966646f,0f,0f,0f,1f], start_interpolation: 0, interpolation_duration: 1 }
$data merge entity $(item_display_l_item) { transformation: [-0.4375f,-5.35782275000802e-17f,-8.658493438062993e-20f,4.375f,0f,-0.0007070196438753932f,0.4374994287118821f,-0.26941609363811947f,-5.35782974626967e-17f,0.4374994287118821f,0.0007070196438753932f,-0.41124807418452036f,0f,0f,0f,1f], start_interpolation: 0, interpolation_duration: 1 }
$data merge entity $(bone_leftarm) { transformation: [-1f,-1.9790842144146703e-19f,1.224645200001833e-16f,4.375f,0f,0.9999986941985876f,0.0016160449002868352f,0.3557850958485336f,-1.2246467991473532e-16f,0.0016160449002868352f,-0.9999986941985876f,-0.5352378828966645f,0f,0f,0f,1f], start_interpolation: 0, interpolation_duration: 1 }
$data merge entity $(bone_body) { transformation: [-1f,-5.341834311772723e-18f,1.223481206754078e-16f,4.0625f,0f,0.9990482215818578f,0.043619387365336f,-0.2686200426401275f,-1.2246467991473532e-16f,0.043619387365336f,-0.9990482215818578f,-0.5624999999999996f,0f,0f,0f,1f], start_interpolation: 0, interpolation_duration: 1 }
$data merge entity $(bone_leftleg) { transformation: [-1f,-1.0673500138322974e-17f,1.2199866483456202e-16f,4.1875f,0f,0.9961946980917455f,0.08715574274765818f,-0.1875f,-1.2246467991473532e-16f,0.08715574274765818f,-0.9961946980917455f,-0.5624999999999996f,0f,0f,0f,1f], start_interpolation: 0, interpolation_duration: 1 }
$data merge entity $(bone_rightleg) { transformation: [-1f,1.5396016681068944e-17f,1.2149304711371273e-16f,3.9375f,0f,0.9920660160815423f,-0.12571801675216274f,-0.2569444444444444f,-1.2246467991473532e-16f,-0.12571801675216274f,-0.9920660160815423f,-0.5624999999999996f,0f,0f,0f,1f], start_interpolation: 0, interpolation_duration: 1 }
data modify entity @s data merge value {"locators":{},"cameras":{"camera":{"posx":6.125,"posy":0.5351207501313983,"posz":1.5303385729873173,"roty":117.56182463052852,"rotx":-6.036502190737201}}}