# This file was generated by Animated Java via MC-Build. It is not recommended to edit this file directly.
$data merge entity $(bone_left_eye) { transformation: [-0.9989892876376439f,-0.005718853218208352f,0.04458360576603493f,4.1562821092076465f,0f,0.9918732263968503f,0.12723011733509693f,0.7070384780405862f,-0.04494889526153713f,0.12710152428264235f,-0.9908707278650409f,-0.22197957679464797f,0f,0f,0f,1f], start_interpolation: 0, interpolation_duration: 1 }
$data merge entity $(bone_right_eye) { transformation: [-0.9989892876376439f,-0.005718853218208352f,0.04458360576603493f,3.9065347872982357f,0f,0.9918732263968503f,0.12723011733509693f,0.7070384780405862f,-0.04494889526153713f,0.12710152428264235f,-0.9908707278650409f,-0.23321680061003225f,0f,0f,0f,1f], start_interpolation: 0, interpolation_duration: 1 }
$data merge entity $(bone_right_close) { transformation: [-0.9989892876376439f,-0.005718853218208352f,0.04458360576603493f,3.9061773589720983f,0f,0.9918732263968503f,0.12723011733509693f,0.7690305546903893f,-0.04494889526153713f,0.12710152428264235f,-0.9908707278650409f,-0.22527295534236713f,0f,0f,0f,1f], start_interpolation: 0, interpolation_duration: 1 }
$data merge entity $(bone_left_close) { transformation: [-0.9989892876376439f,-0.005718853218208352f,0.04458360576603493f,4.155924680881509f,0f,0.9918732263968503f,0.12723011733509693f,0.7690305546903893f,-0.04494889526153713f,0.12710152428264235f,-0.9908707278650409f,-0.21403573152698285f,0f,0f,0f,1f], start_interpolation: 0, interpolation_duration: 1 }
$data merge entity $(bone_left_eyebrow) { transformation: [-0.9989892876376439f,-0.005718853218208352f,0.04458360576603493f,4.156064865736604f,0f,0.9918732263968503f,0.12723011733509693f,0.7442257721481347f,-0.04494889526153713f,0.12710152428264235f,-0.9908707278650409f,-0.2171513402135573f,0f,0f,0f,1f], start_interpolation: 0, interpolation_duration: 1 }
$data merge entity $(bone_right_eyebrow) { transformation: [-0.9989892876376439f,-0.005718853218208352f,0.04458360576603493f,3.9063175438271927f,0f,0.9918732263968503f,0.12723011733509693f,0.7442257721481347f,-0.04494889526153713f,0.12710152428264235f,-0.9908707278650409f,-0.2283885640289416f,0f,0f,0f,1f], start_interpolation: 0, interpolation_duration: 1 }
$data merge entity $(bone_talking) { transformation: [-0.9989892876376439f,-0.005718853218208352f,0.04458360576603493f,4.04677053835938f,0f,0.9918732263968503f,0.12723011733509693f,0.4988295831085914f,-0.04494889526153713f,0.12710152428264235f,-0.9908707278650409f,-0.569020672230826f,0f,0f,0f,1f], start_interpolation: 0, interpolation_duration: 1 }
$data merge entity $(bone_m_opened) { transformation: [-0.9989892876376439f,-0.005718853218208352f,0.04458360576603493f,4.04677053835938f,0f,0.9918732263968503f,0.12723011733509693f,0.4988295831085914f,-0.04494889526153713f,0.12710152428264235f,-0.9908707278650409f,-0.569020672230826f,0f,0f,0f,1f], start_interpolation: 0, interpolation_duration: 1 }
$data merge entity $(bone_head) { transformation: [-0.9989892876376439f,-0.005718853218208352f,0.04458360576603493f,4.0439840629990025f,0f,0.9918732263968503f,0.12723011733509693f,0.4908777007751478f,-0.04494889526153713f,0.12710152428264235f,-0.9908707278650409f,-0.507091251739261f,0f,0f,0f,1f], start_interpolation: 0, interpolation_duration: 1 }
$data merge entity $(item_display_r_item) { transformation: [-0.4370578133414692f,-0.01961771602339325f,-0.0013649231476290879f,3.728389819511425f,0f,-0.03036611110656274f,0.4364448983505981f,-0.2661720705967424f,-0.019665141676922494f,0.4360037780963479f,0.030335419702670657f,-0.4453484999308324f,0f,0f,0f,1f], start_interpolation: 0, interpolation_duration: 1 }
$data merge entity $(bone_rightarm) { transformation: [-0.9989892876376439f,-0.003119824337437925f,0.044840493767756f,3.7320449910214957f,0f,0.9975883390870813f,0.06940825395785791f,0.36599667307741557f,-0.04494889526153713f,0.06933810217753315f,-0.9965800642202237f,-0.5265846940974022f,0f,0f,0f,1f], start_interpolation: 0, interpolation_duration: 1 }
$data merge entity $(item_display_l_item) { transformation: [-0.4370578133414692f,-0.01966202558189892f,-0.0003500674080606708f,4.351295670497424f,0f,-0.0077881203981496816f,0.437430674713907f,-0.2611294680562086f,-0.019665141676922494f,0.43698855812329984f,0.007780248848583754f,-0.3847524020216899f,0f,0f,0f,1f], start_interpolation: 0, interpolation_duration: 1 }
$data merge entity $(bone_leftarm) { transformation: [-0.9989892876376439f,-0.0008001540755672575f,0.044941772758626104f,4.356413295795023f,0f,0.999841542203216f,0.01780141805291378f,0.36599667307741557f,-0.04494889526153713f,0.01778342593962023f,-0.998830989996114f,-0.4984916345589415f,0f,0f,0f,1f], start_interpolation: 0, interpolation_duration: 1 }
$data merge entity $(bone_body) { transformation: [-0.9989892876376439f,-0.0019606432740569037f,0.04490611387310786f,4.045454545454545f,0f,0.9990482215818578f,0.043619387365336f,-0.2584084654112455f,-0.04494889526153713f,0.04357530071128746f,-0.9980384711937151f,-0.5397727272727265f,0f,0f,0f,1f], start_interpolation: 0, interpolation_duration: 1 }
$data merge entity $(bone_leftleg) { transformation: [-0.9989892876376439f,-0.00235244341557645f,0.04488729436276089f,4.17032820640925f,0f,0.9986295347545739f,0.052335956242943335f,-0.1855f,-0.04494889526153713f,0.05228305964497287f,-0.9976202075383837f,-0.5341541153650343f,0f,0f,0f,1f], start_interpolation: 0, interpolation_duration: 1 }
$data merge entity $(bone_rightleg) { transformation: [-0.9989892876376439f,0.0034797224802647336f,0.04481400134659898f,3.9205808844998393f,0f,0.9969989492699818f,-0.07741508350801093f,-0.25750000000000006f,-0.04494889526153713f,-0.07733683912607656f,-0.9959912701066986f,-0.5453913391804187f,0f,0f,0f,1f], start_interpolation: 0, interpolation_duration: 1 }
data modify entity @s data merge value {"locators":{},"cameras":{"camera":{"posx":6.125,"posy":0.5367771059246849,"posz":1.5386419004122238,"roty":117.07483575810993,"rotx":-6.051325813138376}}}