# This file was generated by Animated Java via MC-Build. It is not recommended to edit this file directly.
$data merge entity $(bone_left_eye) { transformation: [-0.9949510169813002f,-0.011887437710534288f,0.09965521879236765f,4.121609016518469f,0f,0.99296050232009f,0.11844594054772101f,0.715840376650168f,-0.10036171485121456f,0.11784790900526164f,-0.9879470616056364f,-0.19550213217189627f,0f,0f,0f,1f], start_interpolation: 0, interpolation_duration: 1 }
$data merge entity $(bone_right_eye) { transformation: [-0.9949510169813002f,-0.011887437710534288f,0.09965521879236765f,3.872871262273144f,0f,0.99296050232009f,0.11844594054772101f,0.715840376650168f,-0.10036171485121456f,0.11784790900526164f,-0.9879470616056364f,-0.22059256088469992f,0f,0f,0f,1f], start_interpolation: 0, interpolation_duration: 1 }
$data merge entity $(bone_right_close) { transformation: [-0.9949510169813002f,-0.011887437710534288f,0.09965521879236765f,3.8721282974162357f,0f,0.99296050232009f,0.11844594054772101f,0.7779004080451736f,-0.10036171485121456f,0.11784790900526164f,-0.9879470616056364f,-0.21322706657187107f,0f,0f,0f,1f], start_interpolation: 0, interpolation_duration: 1 }
$data merge entity $(bone_left_close) { transformation: [-0.9949510169813002f,-0.011887437710534288f,0.09965521879236765f,4.120866051661561f,0f,0.99296050232009f,0.11844594054772101f,0.7779004080451736f,-0.10036171485121456f,0.11784790900526164f,-0.9879470616056364f,-0.18813663785906742f,0f,0f,0f,1f], start_interpolation: 0, interpolation_duration: 1 }
$data merge entity $(bone_left_eyebrow) { transformation: [-0.9949510169813002f,-0.011887437710534288f,0.09965521879236765f,4.1211570091531495f,0f,0.99296050232009f,0.11844594054772101f,0.7530689926158871f,-0.10036171485121456f,0.11784790900526164f,-0.9879470616056364f,-0.1910210888928486f,0f,0f,0f,1f], start_interpolation: 0, interpolation_duration: 1 }
$data merge entity $(bone_right_eyebrow) { transformation: [-0.9949510169813002f,-0.011887437710534288f,0.09965521879236765f,3.8724192549078245f,0f,0.99296050232009f,0.11844594054772101f,0.7530689926158871f,-0.10036171485121456f,0.11784790900526164f,-0.9879470616056364f,-0.21611151760565225f,0f,0f,0f,1f], start_interpolation: 0, interpolation_duration: 1 }
$data merge entity $(bone_talking) { transformation: [-0.9949510169813002f,-0.011887437710534288f,0.09965521879236765f,4.031354254696055f,0f,0.99296050232009f,0.11844594054772101f,0.5046146074913083f,-0.10036171485121456f,0.11784790900526164f,-0.9879470616056364f,-0.5462427805313749f,0f,0f,0f,1f], start_interpolation: 0, interpolation_duration: 1 }
$data merge entity $(bone_m_opened) { transformation: [-0.9949510169813002f,-0.011887437710534288f,0.09965521879236765f,4.031354254696055f,0f,0.99296050232009f,0.11844594054772101f,0.5046146074913083f,-0.10036171485121456f,0.11784790900526164f,-0.9879470616056364f,-0.5462427805313749f,0f,0f,0f,1f], start_interpolation: 0, interpolation_duration: 1 }
$data merge entity $(bone_head) { transformation: [-0.9949510169813002f,-0.011887437710534288f,0.09965521879236765f,4.025125803521532f,0f,0.99296050232009f,0.11844594054772101f,0.4972117362070757f,-0.10036171485121456f,0.11784790900526164f,-0.9879470616056364f,-0.4844960891810226f,0f,0f,0f,1f], start_interpolation: 0, interpolation_duration: 1 }
$data merge entity $(item_display_r_item) { transformation: [-0.4352910699293188f,-0.04384810522191761f,-0.002297413379543102f,3.7055048143296974f,0f,-0.022891332446331743f,0.4369007174391358f,-0.25835355424551665f,-0.04390825024740637f,0.4346948131359278f,0.022775754497534797f,-0.4296222933999315f,0f,0f,0f,1f], start_interpolation: 0, interpolation_duration: 1 }
$data merge entity $(bone_rightarm) { transformation: [-0.9949510169813002f,-0.005251230581812827f,0.10022424050724024f,3.714750825279469f,0f,0.9986302112894532f,0.05232304559161563f,0.37233070850934347f,-0.10036171485121456f,0.0520588674229369f,-0.9935881443106921f,-0.5212840192994325f,0f,0f,0f,1f], start_interpolation: 0, interpolation_duration: 1 }
$data merge entity $(item_display_l_item) { transformation: [-0.4352910699293188f,-0.043881482712935786f,-0.0015329431506678009f,4.32624756319004f,0f,-0.015274182520101185f,0.43723328938719047f,-0.2566523284781004f,-0.04390825024740637f,0.4350257059338643f,0.01519706343193267f,-0.35597497929622324f,0f,0f,0f,1f], start_interpolation: 0, interpolation_duration: 1 }
$data merge entity $(bone_leftarm) { transformation: [-0.9949510169813002f,-0.0035038700586692813f,0.1003005319152818f,4.336595210892781f,0f,0.9993903757421496f,0.03491241718880293f,0.37233070850934347f,-0.10036171485121456f,0.0347361449872749f,-0.9943444707059755f,-0.45855794751742335f,0f,0f,0f,1f], start_interpolation: 0, interpolation_duration: 1 }
$data merge entity $(bone_body) { transformation: [-0.9949510169813002f,-0.004377716516744523f,0.10026619273701143f,4.028409090909091f,0f,0.9990482215818578f,0.043619387365336f,-0.2520744299793176f,-0.10036171485121456f,0.04339915381924233f,-0.9940040440762288f,-0.5170454545454544f,0f,0f,0f,1f], start_interpolation: 0, interpolation_duration: 1 }
$data merge entity $(bone_leftleg) { transformation: [-0.9949510169813002f,-0.0017515534383261738f,0.10034642927592985f,4.152777968031753f,0f,0.9998476951563913f,0.017452406437283758f,-0.18337500000000007f,-0.10036171485121456f,0.017364289533546465f,-0.9947994811222605f,-0.5045002401890526f,0f,0f,0f,1f], start_interpolation: 0, interpolation_duration: 1 }
$data merge entity $(bone_rightleg) { transformation: [-0.9949510169813002f,0.002623272215056964f,0.10032742521744596f,3.9040402137864283f,0f,0.9996583394990866f,-0.02613817648438893f,-0.2577777777777778f,-0.10036171485121456f,-0.02600620527517947f,-0.994611081518454f,-0.5295906689018561f,0f,0f,0f,1f], start_interpolation: 0, interpolation_duration: 1 }
data modify entity @s data merge value {"locators":{},"cameras":{"camera":{"posx":6.125,"posy":0.5384317962444921,"posz":1.5467669105479467,"roty":116.58660322072751,"rotx":-6.065725776747678}}}