# This file was generated by Animated Java via MC-Build. It is not recommended to edit this file directly.
$data merge entity $(bone_left_eye) { transformation: [-0.986332372011518f,-0.01743699796211055f,0.16384261663011185f,4.083944973963753f,0f,0.9943844864917185f,0.10582765718186031f,0.7214253735138578f,-0.1647678728458083f,0.10438124413260605f,-0.980793609252832f,-0.17016107401178993f,0f,0f,0f,1f], start_interpolation: 0, interpolation_duration: 1 }
$data merge entity $(bone_right_eye) { transformation: [-0.986332372011518f,-0.01743699796211055f,0.16384261663011185f,3.837361880960873f,0f,0.9943844864917185f,0.10582765718186031f,0.7214253735138578f,-0.1647678728458083f,0.10438124413260605f,-0.980793609252832f,-0.21135304222324203f,0f,0f,0f,1f], start_interpolation: 0, interpolation_duration: 1 }
$data merge entity $(bone_right_close) { transformation: [-0.986332372011518f,-0.01743699796211055f,0.16384261663011185f,3.8362720685882414f,0f,0.9943844864917185f,0.10582765718186031f,0.7835744039195902f,-0.1647678728458083f,0.10438124413260605f,-0.980793609252832f,-0.2048292144649541f,0f,0f,0f,1f], start_interpolation: 0, interpolation_duration: 1 }
$data merge entity $(bone_left_close) { transformation: [-0.986332372011518f,-0.01743699796211055f,0.16384261663011185f,4.082855161591121f,0f,0.9943844864917185f,0.10582765718186031f,0.7835744039195902f,-0.1647678728458083f,0.10438124413260605f,-0.980793609252832f,-0.163637246253502f,0f,0f,0f,1f], start_interpolation: 0, interpolation_duration: 1 }
$data merge entity $(bone_left_eyebrow) { transformation: [-0.986332372011518f,-0.01743699796211055f,0.16384261663011185f,4.083280846376634f,0f,0.9943844864917185f,0.10582765718186031f,0.7587081775287235f,-0.1647678728458083f,0.10438124413260605f,-0.980793609252832f,-0.16618547775623888f,0f,0f,0f,1f], start_interpolation: 0, interpolation_duration: 1 }
$data merge entity $(bone_right_eyebrow) { transformation: [-0.986332372011518f,-0.01743699796211055f,0.16384261663011185f,3.836697753373755f,0f,0.9943844864917185f,0.10582765718186031f,0.7587081775287235f,-0.1647678728458083f,0.10438124413260605f,-0.980793609252832f,-0.20737744596769095f,0f,0f,0f,1f], start_interpolation: 0, interpolation_duration: 1 }
$data merge entity $(bone_talking) { transformation: [-0.986332372011518f,-0.01743699796211055f,0.16384261663011185f,4.01621349464975f,0f,0.9943844864917185f,0.10582765718186031f,0.5059003947602596f,-0.1647678728458083f,0.10438124413260605f,-0.980793609252832f,-0.5233503720421775f,0f,0f,0f,1f], start_interpolation: 0, interpolation_duration: 1 }
$data merge entity $(bone_m_opened) { transformation: [-0.986332372011518f,-0.01743699796211055f,0.16384261663011185f,4.01621349464975f,0f,0.9943844864917185f,0.10582765718186031f,0.5059003947602596f,-0.1647678728458083f,0.10438124413260605f,-0.980793609252832f,-0.5233503720421775f,0f,0f,0f,1f], start_interpolation: 0, interpolation_duration: 1 }
$data merge entity $(bone_head) { transformation: [-0.986332372011518f,-0.01743699796211055f,0.16384261663011185f,4.0059733311103685f,0f,0.9943844864917185f,0.10582765718186031f,0.4992861661863933f,-0.1647678728458083f,0.10438124413260605f,-0.980793609252832f,-0.46205077146387546f,0f,0f,0f,1f], start_interpolation: 0, interpolation_duration: 1 }
$data merge entity $(item_display_r_item) { transformation: [-0.43152041275503916f,-0.0720419990297031f,-0.002516694563295703f,3.681654698719012f,0f,-0.015274182520101204f,0.43723328938719047f,-0.25457789849878276f,-0.07208594437004112f,0.43125734744366606f,0.015065420675588288f,-0.4172242780065585f,0f,0f,0f,1f], start_interpolation: 0, interpolation_duration: 1 }
$data merge entity $(bone_rightarm) { transformation: [-0.986332372011518f,-0.005752444716104501f,0.16466742635360707f,3.6986428490656476f,0f,0.9993903757421496f,0.034912417188802974f,0.3744051384886611f,-0.1647678728458083f,0.03443524725848773f,-0.9857310798712366f,-0.5189186334539082f,0f,0f,0f,1f], start_interpolation: 0, interpolation_duration: 1 }
$data merge entity $(item_display_l_item) { transformation: [-0.43152041275503916f,-0.07198720185725394f,-0.0037717561537883105f,4.299921032690471f,0f,-0.022891332446331722f,0.4369007174391358f,-0.25627912426619903f,-0.07208594437004112f,0.43092932096527675f,0.02257846223029459f,-0.32507099583561994f,0f,0f,0f,1f], start_interpolation: 0, interpolation_duration: 1 }
$data merge entity $(bone_leftarm) { transformation: [-0.986332372011518f,-0.008621156922944746f,0.16454217567372328f,4.315100581572846f,0f,0.9986302112894532f,0.05232304559161559f,0.3744051384886611f,-0.1647678728458083f,0.051607913669245f,-0.9849813050634897f,-0.415938712925278f,0f,0f,0f,1f], start_interpolation: 0, interpolation_duration: 1 }
$data merge entity $(bone_body) { transformation: [-0.986332372011518f,-0.007187073671023739f,0.16461105034043044f,4.011363636363637f,0f,0.9990482215818578f,0.043619387365336f,-0.25f,-0.1647678728458083f,0.043023213805741096f,-0.9853936021467224f,-0.49431818181818127f,0f,0f,0f,1f], start_interpolation: 0, interpolation_duration: 1 }
$data merge entity $(bone_leftleg) { transformation: [-0.986332372011518f,0.0028755958847117365f,0.16474277790070277f,4.134655182865076f,0f,0.9998476951563913f,-0.017452406437283758f,-0.18225000000000002f,-0.1647678728458083f,-0.017213873438595175f,-0.9861821488138526f,-0.4737221977124552f,0f,0f,0f,1f], start_interpolation: 0, interpolation_duration: 1 }
$data merge entity $(bone_rightleg) { transformation: [-0.986332372011518f,-0.004306731739401066f,0.16471157817183735f,3.888072089862197f,0f,0.9996583394990866f,0.026138176484388775f,-0.2577777777777778f,-0.1647678728458083f,0.025780929611902863f,-0.9859953811992295f,-0.5149141659239073f,0f,0f,0f,1f], start_interpolation: 0, interpolation_duration: 1 }
data modify entity @s data merge value {"locators":{},"cameras":{"camera":{"posx":6.125,"posy":0.5400847943003623,"posz":1.5547148893364768,"roty":116.09804336034827,"rotx":-6.079678561289463}}}