# This file was generated by Animated Java via MC-Build. It is not recommended to edit this file directly.
$data merge entity $(bone_left_eye) { transformation: [-0.9716317329146742f,-0.021529572463410047f,0.23551699111267968f,4.043773551516476f,0f,0.9958477375236163f,0.09103451910728558f,0.7232623463569995f,-0.23649899702372368f,0.0884520275552659f,-0.9675972629292289f,-0.14622972614097646f,0f,0f,0f,1f], start_interpolation: 0, interpolation_duration: 1 }
$data merge entity $(bone_right_eye) { transformation: [-0.9716317329146742f,-0.021529572463410047f,0.23551699111267968f,3.800865618287807f,0f,0.9958477375236163f,0.09103451910728558f,0.7232623463569995f,-0.23649899702372368f,0.0884520275552659f,-0.9675972629292289f,-0.20535447539690738f,0f,0f,0f,1f], start_interpolation: 0, interpolation_duration: 1 }
$data merge entity $(bone_right_close) { transformation: [-0.9716317329146742f,-0.021529572463410047f,0.23551699111267968f,3.799520020008844f,0f,0.9958477375236163f,0.09103451910728558f,0.7855028299522255f,-0.23649899702372368f,0.0884520275552659f,-0.9675972629292289f,-0.19982622367470326f,0f,0f,0f,1f], start_interpolation: 0, interpolation_duration: 1 }
$data merge entity $(bone_left_close) { transformation: [-0.9716317329146742f,-0.021529572463410047f,0.23551699111267968f,4.042427953237513f,0f,0.9958477375236163f,0.09103451910728558f,0.7855028299522255f,-0.23649899702372368f,0.0884520275552659f,-0.9675972629292289f,-0.14070147441877234f,0f,0f,0f,1f], start_interpolation: 0, interpolation_duration: 1 }
$data merge entity $(bone_left_eyebrow) { transformation: [-0.9716317329146742f,-0.021529572463410047f,0.23551699111267968f,4.042951472737153f,0f,0.9958477375236163f,0.09103451910728558f,0.760600946856691f,-0.23649899702372368f,0.0884520275552659f,-0.9675972629292289f,-0.14285230027872087f,0f,0f,0f,1f], start_interpolation: 0, interpolation_duration: 1 }
$data merge entity $(bone_right_eyebrow) { transformation: [-0.9716317329146742f,-0.021529572463410047f,0.23551699111267968f,3.8000435395084846f,0f,0.9958477375236163f,0.09103451910728558f,0.760600946856691f,-0.23649899702372368f,0.0884520275552659f,-0.9675972629292289f,-0.2019770495346518f,0f,0f,0f,1f], start_interpolation: 0, interpolation_duration: 1 }
$data merge entity $(bone_talking) { transformation: [-0.9716317329146742f,-0.021529572463410047f,0.23551699111267968f,4.001301037740706f,0f,0.9958477375236163f,0.09103451910728558f,0.5027486991971222f,-0.23649899702372368f,0.0884520275552659f,-0.9675972629292289f,-0.5002792523231424f,0f,0f,0f,1f], start_interpolation: 0, interpolation_duration: 1 }
$data merge entity $(bone_m_opened) { transformation: [-0.9716317329146742f,-0.021529572463410047f,0.23551699111267968f,4.001301037740706f,0f,0.9958477375236163f,0.09103451910728558f,0.5027486991971222f,-0.23649899702372368f,0.0884520275552659f,-0.9675972629292289f,-0.5002792523231424f,0f,0f,0f,1f], start_interpolation: 0, interpolation_duration: 1 }
$data merge entity $(bone_head) { transformation: [-0.9716317329146742f,-0.021529572463410047f,0.23551699111267968f,3.9865812257961637f,0f,0.9958477375236163f,0.09103451910728558f,0.4970590417529168f,-0.23649899702372368f,0.0884520275552659f,-0.9675972629292289f,-0.4398044233900656f,0f,0f,0f,1f], start_interpolation: 0, interpolation_duration: 1 }
$data merge entity $(item_display_r_item) { transformation: [-0.42508888315016996f,-0.10345191583724975f,-0.0018418826628624001f,3.6573093726383963f,0f,-0.0077881203981496686f,0.437430674713907f,-0.2549481270784396f,-0.10346831119787911f,0.4250215245023086f,0.0075671849186022865f,-0.4083836504598446f,0f,0f,0f,1f], start_interpolation: 0, interpolation_duration: 1 }
$data merge entity $(bone_rightarm) { transformation: [-0.9716317329146742f,-0.00421001751511411f,0.2364615219137137f,3.6842358019306642f,0f,0.999841542203216f,0.01780141805291375f,0.3721780140551846f,-0.23649899702372368f,0.017296422671091157f,-0.9714777702909911f,-0.5190081075767865f,0f,0f,0f,1f], start_interpolation: 0, interpolation_duration: 1 }
$data merge entity $(item_display_l_item) { transformation: [-0.42508888315016996f,-0.10321878071603748f,-0.007181554820213047f,4.272273918826629f,0f,-0.03036611110656275f,0.4364448983505981f,-0.2599907296189734f,-0.10346831119787911f,0.4240637129061604f,0.029504677156349104f,-0.2921847124014122f,0f,0f,0f,1f], start_interpolation: 0, interpolation_duration: 1 }
$data merge entity $(bone_leftarm) { transformation: [-0.9716317329146742f,-0.016414982446201303f,0.23592864163665708f,4.291505635002336f,0f,0.9975883390870813f,0.06940825395785793f,0.3721780140551846f,-0.23649899702372368f,0.0674392620716553f,-0.9692884866426523f,-0.3711962344369592f,0f,0f,0f,1f], start_interpolation: 0, interpolation_duration: 1 }
$data merge entity $(bone_body) { transformation: [-0.9716317329146742f,-0.010315941362691249f,0.23627390238244422f,3.994318181818182f,0f,0.9990482215818578f,0.043619387365336f,-0.2522271244334765f,-0.23649899702372368f,0.042381980934457865f,-0.9707069548009039f,-0.471590909090909f,0f,0f,0f,1f], start_interpolation: 0, interpolation_duration: 1 }
$data merge entity $(bone_leftleg) { transformation: [-0.9716317329146742f,0.012377401159733589f,0.23617488336772455f,4.115772148432517f,0f,0.9986295347545739f,-0.052335956242943335f,-0.1832499999999999f,-0.23649899702372368f,-0.050851275858077596f,-0.9703001453933615f,-0.44202853446294355f,0f,0f,0f,1f], start_interpolation: 0, interpolation_duration: 1 }
$data merge entity $(bone_rightleg) { transformation: [-0.9716317329146742f,-0.01830858960415244f,0.23578925153605707f,3.872864215203848f,0f,0.9969989492699818f,0.07741508350801111f,-0.25749999999999995f,-0.23649899702372368f,0.07521895174262305f,-0.9687158167933018f,-0.5011532837188745f,0f,0f,0f,1f], start_interpolation: 0, interpolation_duration: 1 }
data modify entity @s data merge value {"locators":{},"cameras":{"camera":{"posx":6.125,"posy":0.5417360733018367,"posz":1.562487122719802,"roty":115.61007264280259,"rotx":-6.093163864108486}}}