# This file was generated by Animated Java via MC-Build. It is not recommended to edit this file directly.
$data merge entity $(bone_left_eye) { transformation: [-0.9495281805930367f,-0.023756965234603328f,0.3127808192049498f,4.00156734972905f,0f,0.9971279131746841f,0.07573588824262745f,0.719861893021458f,-0.3136817403988916f,0.07191336016861959f,-0.9468010532152893f,-0.1239114373251046f,0f,0f,0f,1f], start_interpolation: 0, interpolation_duration: 1 }
$data merge entity $(bone_right_eye) { transformation: [-0.9495281805930367f,-0.023756965234603328f,0.3127808192049498f,3.7641853045807903f,0f,0.9971279131746841f,0.07573588824262745f,0.719861893021458f,-0.3136817403988916f,0.07191336016861959f,-0.9468010532152893f,-0.2023318724248275f,0f,0f,0f,1f], start_interpolation: 0, interpolation_duration: 1 }
$data merge entity $(bone_right_close) { transformation: [-0.9495281805930367f,-0.023756965234603328f,0.3127808192049498f,3.7627004942536275f,0f,0.9971279131746841f,0.07573588824262745f,0.7821823875948758f,-0.3136817403988916f,0.07191336016861959f,-0.9468010532152893f,-0.19783728741428877f,0f,0f,0f,1f], start_interpolation: 0, interpolation_duration: 1 }
$data merge entity $(bone_left_close) { transformation: [-0.9495281805930367f,-0.023756965234603328f,0.3127808192049498f,4.000082539401887f,0f,0.9971279131746841f,0.07573588824262745f,0.7821823875948758f,-0.3136817403988916f,0.07191336016861959f,-0.9468010532152893f,-0.11941685231456586f,0f,0f,0f,1f], start_interpolation: 0, interpolation_duration: 1 }
$data merge entity $(bone_left_eyebrow) { transformation: [-0.9495281805930367f,-0.023756965234603328f,0.3127808192049498f,4.000656914731552f,0f,0.9971279131746841f,0.07573588824262745f,0.7572494562724936f,-0.3136817403988916f,0.07191336016861959f,-0.9468010532152893f,-0.12115551125295539f,0f,0f,0f,1f], start_interpolation: 0, interpolation_duration: 1 }
$data merge entity $(bone_right_eyebrow) { transformation: [-0.9495281805930367f,-0.023756965234603328f,0.3127808192049498f,3.7632748695832925f,0f,0.9971279131746841f,0.07573588824262745f,0.7572494562724936f,-0.3136817403988916f,0.07191336016861959f,-0.9468010532152893f,-0.19957594635267828f,0f,0f,0f,1f], start_interpolation: 0, interpolation_duration: 1 }
$data merge entity $(bone_talking) { transformation: [-0.9495281805930367f,-0.023756965234603328f,0.3127808192049498f,3.986559574465118f,0f,0.9971279131746841f,0.07573588824262745f,0.4942473798036081f,-0.3136817403988916f,0.07191336016861959f,-0.9468010532152893f,-0.4769753240468988f,0f,0f,0f,1f], start_interpolation: 0, interpolation_duration: 1 }
$data merge entity $(bone_m_opened) { transformation: [-0.9495281805930367f,-0.023756965234603328f,0.3127808192049498f,3.986559574465118f,0f,0.9971279131746841f,0.07573588824262745f,0.4942473798036081f,-0.3136817403988916f,0.07191336016861959f,-0.9468010532152893f,-0.4769753240468988f,0f,0f,0f,1f], start_interpolation: 0, interpolation_duration: 1 }
$data merge entity $(bone_head) { transformation: [-0.9495281805930367f,-0.023756965234603328f,0.3127808192049498f,3.9670107732648083f,0f,0.9971279131746841f,0.07573588824262745f,0.4895138867884439f,-0.3136817403988916f,0.07191336016861959f,-0.9468010532152893f,-0.41780025822094324f,0f,0f,0f,1f], start_interpolation: 0, interpolation_duration: 1 }
$data merge entity $(item_display_r_item) { transformation: [-0.41541857900945356f,-0.13723558222186397f,-0.0002217791523870448f,3.63310020350892f,0f,-0.0007070196438754175f,0.4374994287118821f,-0.2605683303959415f,-0.13723576142451507f,0.4154180365552863f,0.0006713350760925615f,-0.4032712143075248f,0f,0f,0f,1f], start_interpolation: 0, interpolation_duration: 1 }
$data merge entity $(bone_rightarm) { transformation: [-0.9495281805930367f,-0.0005069237768847434f,0.31368133079283195f,3.671993542497471f,0f,0.9999986941985876f,0.0016160449002868907f,0.36463285909071164f,-0.3136817403988916f,0.0015344801739260658f,-0.9495269406977973f,-0.5210030317860457f,0f,0f,0f,1f], start_interpolation: 0, interpolation_duration: 1 }
$data merge entity $(item_display_l_item) { transformation: [-0.41541857900945356f,-0.13673268872570696f,-0.011739933884198549f,4.243153506995344f,0f,-0.0374262584403846f,0.4358962321231436f,-0.2687692606396034f,-0.13723576142451507f,0.41389575621524854f,0.03553728708330318f,-0.2574635666656721f,0f,0f,0f,1f], start_interpolation: 0, interpolation_duration: 1 }
$data merge entity $(bone_leftarm) { transformation: [-0.9495281805930367f,-0.026834134592453898f,0.312531859944473f,4.265448655368119f,0f,0.9963342448528997f,0.08554573357802217f,0.36463285909071164f,-0.3136817403988916f,0.08122808476183604f,-0.946047442777711f,-0.32495194403673844f,0f,0f,0f,1f], start_interpolation: 0, interpolation_duration: 1 }
$data merge entity $(bone_body) { transformation: [-0.9495281805930367f,-0.013682605343892018f,0.31338318488821465f,3.9772727272727275f,0f,0.9990482215818578f,0.043619387365336f,-0.25977227939794945f,-0.3136817403988916f,0.041417837523590385f,-0.9486244401633304f,-0.448863636363636f,0f,0f,0f,1f], start_interpolation: 0, interpolation_duration: 1 }
$data merge entity $(bone_leftleg) { transformation: [-0.9495281805930367f,0.02733916507084349f,0.3124880866735671f,4.095963749846857f,0f,0.9961946980917455f,-0.08715574274765818f,-0.1875f,-0.3136817403988916f,-0.08275683383941862f,-0.9459149391954846f,-0.4096534188137746f,0f,0f,0f,1f], start_interpolation: 0, interpolation_duration: 1 }
$data merge entity $(bone_rightleg) { transformation: [-0.9495281805930367f,-0.03943544629431538f,0.31119299451505295f,3.8585817046985977f,0f,0.9920660160815423f,0.12571801675216263f,-0.2569444444444444f,-0.3136817403988916f,0.11937279971444588f,-0.9419946392780891f,-0.48807385391349745f,0f,0f,0f,1f], start_interpolation: 0, interpolation_duration: 1 }
data modify entity @s data merge value {"locators":{},"cameras":{"camera":{"posx":6.125,"posy":0.5433856064584579,"posz":1.570084896639913,"roty":115.12360763407963,"rotx":-6.106164621758791}}}