# This file was generated by Animated Java via MC-Build. It is not recommended to edit this file directly.
$data merge entity $(bone_left_eye) { transformation: [-0.9189977715934209f,-0.024290771222531257f,0.39351372814647956f,3.9577527454615766f,0f,0.9981002611958285f,0.06161062084429204f,0.7102824987526261f,-0.39426272434295223f,0.056620023262391544f,-0.9172519158657777f,-0.10332094847119114f,0f,0f,0f,1f], start_interpolation: 0, interpolation_duration: 1 }
$data merge entity $(bone_right_eye) { transformation: [-0.9189977715934209f,-0.024290771222531257f,0.39351372814647956f,3.7280033025632213f,0f,0.9981002611958285f,0.06161062084429204f,0.7102824987526261f,-0.39426272434295223f,0.056620023262391544f,-0.9172519158657777f,-0.20188662955692918f,0f,0f,0f,1f], start_interpolation: 0, interpolation_duration: 1 }
$data merge entity $(bone_right_close) { transformation: [-0.9189977715934209f,-0.024290771222531257f,0.39351372814647956f,3.726485129361813f,0f,0.9981002611958285f,0.06161062084429204f,0.7726637650773653f,-0.39426272434295223f,0.056620023262391544f,-0.9172519158657777f,-0.19834787810302973f,0f,0f,0f,1f], start_interpolation: 0, interpolation_duration: 1 }
$data merge entity $(bone_left_close) { transformation: [-0.9189977715934209f,-0.024290771222531257f,0.39351372814647956f,3.9562345722601684f,0f,0.9981002611958285f,0.06161062084429204f,0.7726637650773653f,-0.39426272434295223f,0.056620023262391544f,-0.9172519158657777f,-0.09978219701729169f,0f,0f,0f,1f], start_interpolation: 0, interpolation_duration: 1 }
$data merge entity $(bone_left_eyebrow) { transformation: [-0.9189977715934209f,-0.024290771222531257f,0.39351372814647956f,3.9568172469327223f,0f,0.9981002611958285f,0.06161062084429204f,0.747707407883667f,-0.39426272434295223f,0.056620023262391544f,-0.9172519158657777f,-0.1011403693541098f,0f,0f,0f,1f], start_interpolation: 0, interpolation_duration: 1 }
$data merge entity $(bone_right_eyebrow) { transformation: [-0.9189977715934209f,-0.024290771222531257f,0.39351372814647956f,3.727067804034367f,0f,0.9981002611958285f,0.06161062084429204f,0.747707407883667f,-0.39426272434295223f,0.056620023262391544f,-0.9172519158657777f,-0.19970605043984788f,0f,0f,0f,1f], start_interpolation: 0, interpolation_duration: 1 }
$data merge entity $(bone_talking) { transformation: [-0.9189977715934209f,-0.024290771222531257f,0.39351372814647956f,3.9719237568638066f,0f,0.9981002611958285f,0.06161062084429204f,0.4800107524675102f,-0.39426272434295223f,0.056620023262391544f,-0.9172519158657777f,-0.4534000185377136f,0f,0f,0f,1f], start_interpolation: 0, interpolation_duration: 1 }
$data merge entity $(bone_m_opened) { transformation: [-0.9189977715934209f,-0.024290771222531257f,0.39351372814647956f,3.9719237568638066f,0f,0.9981002611958285f,0.06161062084429204f,0.4800107524675102f,-0.39426272434295223f,0.056620023262391544f,-0.9172519158657777f,-0.4534000185377136f,0f,0f,0f,1f], start_interpolation: 0, interpolation_duration: 1 }
$data merge entity $(bone_head) { transformation: [-0.9189977715934209f,-0.024290771222531257f,0.39351372814647956f,3.9473291488546516f,0f,0.9981002611958285f,0.06161062084429204f,0.4761600886647419f,-0.39426272434295223f,0.056620023262391544f,-0.9172519158657777f,-0.3960717737961025f,0f,0f,0f,1f], start_interpolation: 0, interpolation_duration: 1 }
$data merge entity $(item_display_r_item) { transformation: [-0.4020615250721216f,-0.17247532437705504f,0.0022455595537364354f,3.609805426216458f,0f,0.005695591835314161f,0.4374629244103385f,-0.27204066195195564f,-0.1724899419000416f,0.40202745268784223f,-0.0052342362045593996f,-0.40194717335218355f,0f,0f,0f,1f], start_interpolation: 0, interpolation_duration: 1 }
$data merge entity $(bone_rightarm) { transformation: [-0.9189977715934209f,0.00513270755139748f,0.3942293128618401f,3.662292032543811f,0f,0.9999152557950595f,-0.013018495623575002f,0.35127906096700967f,-0.39426272434295223f,-0.011963968467564139f,-0.9189198918579251f,-0.5242896401266518f,0f,0f,0f,1f], start_interpolation: 0, interpolation_duration: 1 }
$data merge entity $(item_display_l_item) { transformation: [-0.4020615250721216f,-0.17162329028528622f,-0.01726922952340693f,4.2123007418844844f,0f,-0.0438013244903801f,0.4353018423724949f,-0.28309537799094886f,-0.1724899419000416f,0.40004142311083346f,0.04025331959949965f,-0.2210826302370682f,0f,0f,0f,1f], start_interpolation: 0, interpolation_duration: 1 }
$data merge entity $(bone_leftarm) { transformation: [-0.9189977715934209f,-0.039472524624930214f,0.3922818063663685f,4.236665639789699f,0f,0.9949756397085598f,0.10011731312086902f,0.35127906096700967f,-0.39426272434295223f,0.0920075876559994f,-0.914380395681905f,-0.2778754374123067f,0f,0f,0f,1f], start_interpolation: 0, interpolation_duration: 1 }
$data merge entity $(bone_body) { transformation: [-0.9189977715934209f,-0.01719749849682792f,0.39388747359084464f,3.9602272727272725f,0f,0.9990482215818578f,0.043619387365336f,-0.2731260775216514f,-0.39426272434295223f,0.040086119787014f,-0.9181230893480975f,-0.426136363636363f,0f,0f,0f,1f], start_interpolation: 0, interpolation_duration: 1 }
$data merge entity $(bone_leftleg) { transformation: [-0.9189977715934209f,0.04804853934480044f,0.39132394978222057f,4.07510199417645f,0f,0.992546151641322f,-0.12186934340514798f,-0.1977500000000002f,-0.39426272434295223f,-0.11199765501488436f,-0.9121477015620005f,-0.37685352309349396f,0f,0f,0f,1f], start_interpolation: 0, interpolation_duration: 1 }
$data merge entity $(bone_rightleg) { transformation: [-0.9189977715934209f,-0.06668530667527744f,0.3885822508555311f,3.845352551278095f,0f,0.9855921619349439f,0.1691392631307208f,-0.25611111111111107f,-0.39426272434295223f,0.1554386059060857f,-0.9057570005181554f,-0.475419204179232f,0f,0f,0f,1f], start_interpolation: 0, interpolation_duration: 1 }
data modify entity @s data merge value {"locators":{},"cameras":{"camera":{"posx":6.125,"posy":0.5450333669797673,"posz":1.577509497038798,"roty":114.63956497459127,"rotx":-6.118667015957524}}}