# This file was generated by Animated Java via MC-Build. It is not recommended to edit this file directly.
$data merge entity $(bone_left_eye) { transformation: [-0.8794098023923774f,-0.02396667219553835f,0.47546187868226736f,3.912676640323871f,0f,0.9987319761658563f,0.05034321983984962f,0.6970094327895459f,-0.4760655411350411f,0.044272321011158175f,-0.8782946898029643f,-0.08448965794610996f,0f,0f,0f,1f], start_interpolation: 0, interpolation_duration: 1 }
$data merge entity $(bone_right_eye) { transformation: [-0.8794098023923774f,-0.02396667219553835f,0.47546187868226736f,3.6928241897257768f,0f,0.9987319761658563f,0.05034321983984962f,0.6970094327895459f,-0.4760655411350411f,0.044272321011158175f,-0.8782946898029643f,-0.20350604322987026f,0f,0f,0f,1f], start_interpolation: 0, interpolation_duration: 1 }
$data merge entity $(bone_right_close) { transformation: [-0.8794098023923774f,-0.02396667219553835f,0.47546187868226736f,3.6913262727135554f,0f,0.9987319761658563f,0.05034321983984962f,0.7594301812999118f,-0.4760655411350411f,0.044272321011158175f,-0.8782946898029643f,-0.2007390231666729f,0f,0f,0f,1f], start_interpolation: 0, interpolation_duration: 1 }
$data merge entity $(bone_left_close) { transformation: [-0.8794098023923774f,-0.02396667219553835f,0.47546187868226736f,3.9111787233116497f,0f,0.9987319761658563f,0.05034321983984962f,0.7594301812999118f,-0.4760655411350411f,0.044272321011158175f,-0.8782946898029643f,-0.08172263788291259f,0f,0f,0f,1f], start_interpolation: 0, interpolation_duration: 1 }
$data merge entity $(bone_left_eyebrow) { transformation: [-0.8794098023923774f,-0.02396667219553835f,0.47546187868226736f,3.9117481737491206f,0f,0.9987319761658563f,0.05034321983984962f,0.7344587354445256f,-0.4760655411350411f,0.044272321011158175f,-0.8782946898029643f,-0.08277455249007884f,0f,0f,0f,1f], start_interpolation: 0, interpolation_duration: 1 }
$data merge entity $(bone_right_eyebrow) { transformation: [-0.8794098023923774f,-0.02396667219553835f,0.47546187868226736f,3.6918957231510263f,0f,0.9987319761658563f,0.05034321983984962f,0.7344587354445256f,-0.4760655411350411f,0.044272321011158175f,-0.8782946898029643f,-0.2017909377738391f,0f,0f,0f,1f], start_interpolation: 0, interpolation_duration: 1 }
$data merge entity $(bone_talking) { transformation: [-0.8794098023923774f,-0.02396667219553835f,0.47546187868226736f,3.957323920161917f,0f,0.9987319761658563f,0.05034321983984962f,0.46305869494803475f,-0.4760655411350411f,0.044272321011158175f,-0.8782946898029643f,-0.429533021404206f,0f,0f,0f,1f], start_interpolation: 0, interpolation_duration: 1 }
$data merge entity $(bone_m_opened) { transformation: [-0.8794098023923774f,-0.02396667219553835f,0.47546187868226736f,3.957323920161917f,0f,0.9987319761658563f,0.05034321983984962f,0.46305869494803475f,-0.4760655411350411f,0.044272321011158175f,-0.8782946898029643f,-0.429533021404206f,0f,0f,0f,1f], start_interpolation: 0, interpolation_duration: 1 }
$data merge entity $(bone_head) { transformation: [-0.8794098023923774f,-0.02396667219553835f,0.47546187868226736f,3.9276075527442753f,0f,0.9987319761658563f,0.05034321983984962f,0.4599122437080442f,-0.4760655411350411f,0.044272321011158175f,-0.8782946898029643f,-0.37463960329152074f,0f,0f,0f,1f], start_interpolation: 0, interpolation_duration: 1 }
$data merge entity $(item_display_r_item) { transformation: [-0.38474178854666513f,-0.20821105789153638f,0.0053067426544430385f,3.5883177657846996f,0f,0.011147084163644023f,0.4373579683904806f,-0.2865810005007621f,-0.2082786742465805f,0.3846168845570042f,-0.009802855081601388f,-0.40431038236628924f,0f,0f,0f,1f], start_interpolation: 0, interpolation_duration: 1 }
$data merge entity $(bone_rightarm) { transformation: [-0.8794098023923774f,0.012129697495869698f,0.47591098946636884f,3.6553877004029145f,0f,0.9996753563210985f,-0.0254790495169004f,0.33503121601031194f,-0.4760655411350411f,-0.022406525900802977f,-0.8791243075588667f,-0.5282049994991495f,0f,0f,0f,1f], start_interpolation: 0, interpolation_duration: 1 }
$data merge entity $(item_display_l_item) { transformation: [-0.38474178854666513f,-0.20695623885800338f,-0.023433338295305885f,4.1793646705034435f,0f,-0.049222924724683585f,0.434722156879021f,-0.30006412945248484f,-0.2082786742465805f,0.38229892607656796f,0.04328712250530887f,-0.18327451813259926f,0f,0f,0f,1f], start_interpolation: 0, interpolation_duration: 1 }
$data merge entity $(bone_leftarm) { transformation: [-0.8794098023923774f,-0.053561916103556415f,0.4730428316754363f,4.20501882689815f,0f,0.9936506442949051f,0.11250954222784841f,0.33503121601031194f,-0.4760655411350411f,0.09894199429784903f,-0.8738261167464411f,-0.23066403628974874f,0f,0f,0f,1f], start_interpolation: 0, interpolation_duration: 1 }
$data merge entity $(bone_body) { transformation: [-0.8794098023923774f,-0.02076568725005766f,0.4756124322273676f,3.9431818181818183f,0f,0.9990482215818578f,0.043619387365336f,-0.28937392247834914f,-0.4760655411350411f,0.0383593168234267f,-0.8785727991217577f,-0.4034090909090908f,0f,0f,0f,1f], start_interpolation: 0, interpolation_duration: 1 }
$data merge entity $(bone_leftleg) { transformation: [-0.8794098023923774f,0.07447305825154807f,0.47020438433819506f,4.053108043480866f,0f,0.9876883405951378f,-0.15643446504023062f,-0.21324999999999994f,-0.4760655411350411f,-0.13757000198838648f,-0.8685828084280253f,-0.34390089826721065f,0f,0f,0f,1f], start_interpolation: 0, interpolation_duration: 1 }
$data merge entity $(bone_rightleg) { transformation: [-0.8794098023923774f,-0.09800409424350466f,0.46586864776212383f,3.833255592882771f,0f,0.9785809043254722f,0.205862608769881f,-0.255f,-0.4760655411350411f,0.18103759609830036f,-0.8605736396978175f,-0.4629172835509709f,0f,0f,0f,1f], start_interpolation: 0, interpolation_duration: 1 }
data modify entity @s data merge value {"locators":{},"cameras":{"camera":{"posx":6.125,"posy":0.5466793280753071,"posz":1.5847622098584464,"roty":114.15886135149513,"rotx":-6.130660463875535}}}