# This file was generated by Animated Java via MC-Build. It is not recommended to edit this file directly.
$data merge entity $(bone_left_eye) { transformation: [-0.8305958991958122f,-0.02429057322990859f,0.5563455942948256f,3.8665838792322256f,0f,0.9990482215818578f,0.043619387365336f,0.6854156541384737f,-0.5568756164881886f,0.03623008427108171f,-0.8298053559447602f,-0.06739094286352239f,0f,0f,0f,1f], start_interpolation: 0, interpolation_duration: 1 }
$data merge entity $(bone_right_eye) { transformation: [-0.8305958991958122f,-0.02429057322990859f,0.5563455942948256f,3.658934904433272f,0f,0.9990482215818578f,0.043619387365336f,0.6854156541384737f,-0.5568756164881886f,0.03623008427108171f,-0.8298053559447602f,-0.20660984698556956f,0f,0f,0f,1f], start_interpolation: 0, interpolation_duration: 1 }
$data merge entity $(bone_right_close) { transformation: [-0.8305958991958122f,-0.02429057322990859f,0.5563455942948256f,3.6574167436064027f,0f,0.9990482215818578f,0.043619387365336f,0.7478561679873397f,-0.5568756164881886f,0.03623008427108171f,-0.8298053559447602f,-0.2043454667186269f,0f,0f,0f,1f], start_interpolation: 0, interpolation_duration: 1 }
$data merge entity $(bone_left_close) { transformation: [-0.8305958991958122f,-0.02429057322990859f,0.5563455942948256f,3.865065718405356f,0f,0.9990482215818578f,0.043619387365336f,0.7478561679873397f,-0.5568756164881886f,0.03623008427108171f,-0.8298053559447602f,-0.06512656259657977f,0f,0f,0f,1f], start_interpolation: 0, interpolation_duration: 1 }
$data merge entity $(bone_left_eyebrow) { transformation: [-0.8305958991958122f,-0.02429057322990859f,0.5563455942948256f,3.8656382111364604f,0f,0.9990482215818578f,0.043619387365336f,0.722877236236083f,-0.5568756164881886f,0.03623008427108171f,-0.8298053559447602f,-0.06598045186861023f,0f,0f,0f,1f], start_interpolation: 0, interpolation_duration: 1 }
$data merge entity $(bone_right_eyebrow) { transformation: [-0.8305958991958122f,-0.02429057322990859f,0.5563455942948256f,3.6579892363375075f,0f,0.9990482215818578f,0.043619387365336f,0.722877236236083f,-0.5568756164881886f,0.03623008427108171f,-0.8298053559447602f,-0.2051993559906574f,0f,0f,0f,1f], start_interpolation: 0, interpolation_duration: 1 }
$data merge entity $(bone_talking) { transformation: [-0.8305958991958122f,-0.02429057322990859f,0.5563455942948256f,3.942690033357359f,0f,0.9990482215818578f,0.043619387365336f,0.4492846572946767f,-0.5568756164881886f,0.03623008427108171f,-0.8298053559447602f,-0.40537208972505395f,0f,0f,0f,1f], start_interpolation: 0, interpolation_duration: 1 }
$data merge entity $(bone_m_opened) { transformation: [-0.8305958991958122f,-0.02429057322990859f,0.5563455942948256f,3.942690033357359f,0f,0.9990482215818578f,0.043619387365336f,0.4492846572946767f,-0.5568756164881886f,0.03623008427108171f,-0.8298053559447602f,-0.40537208972505395f,0f,0f,0f,1f], start_interpolation: 0, interpolation_duration: 1 }
$data merge entity $(bone_head) { transformation: [-0.8305958991958122f,-0.02429057322990859f,0.5563455942948256f,3.9079184337139323f,0f,0.9990482215818578f,0.043619387365336f,0.4465584455843432f,-0.5568756164881886f,0.03623008427108171f,-0.8298053559447602f,-0.35350925497850644f,0f,0f,0f,1f], start_interpolation: 0, interpolation_duration: 1 }
$data merge entity $(item_display_r_item) { transformation: [-0.3633857058981679f,-0.2434825715896619f,0.008562481005843227f,3.5695949721207287f,0f,0.015375930912257568f,0.43722972308453767f,-0.29854334911636926f,-0.2436330822135825f,0.36316121500053755f,-0.012771185162039254f,-0.41005674829045535f,0f,0f,0f,1f], start_interpolation: 0, interpolation_duration: 1 }
$data merge entity $(bone_rightarm) { transformation: [-0.8305958991958122f,0.01957138515621297f,0.5565315922049415f,3.6513935368689796f,0f,0.999382224193229f,-0.03514498494230279f,0.321677417886611f,-0.5568756164881886f,-0.029191280370375258f,-0.8300827771440858f,-0.5320616456649506f,0f,0f,0f,1f], start_interpolation: 0, interpolation_duration: 1 }
$data merge entity $(item_display_l_item) { transformation: [-0.3633857058981679f,-0.24180977750353813f,-0.029750802553539034f,4.143928612513264f,0f,-0.053424502119801556f,0.434225831305844f,-0.31390934172739526f,-0.2436330822135825f,0.36066619480752665f,0.044374172377285144f,-0.14435857595380402f,0f,0f,0f,1f], start_interpolation: 0, interpolation_duration: 1 }
$data merge entity $(bone_leftarm) { transformation: [-0.8305958991958122f,-0.06800183440808934f,0.55270806286523f,4.170515973866362f,0f,0.9925161858419292f,0.12211314770240378f,0.321677417886611f,-0.5568756164881886f,0.1014266797195091f,-0.8243798738457752f,-0.18401438535983272f,0f,0f,0f,1f], start_interpolation: 0, interpolation_duration: 1 }
$data merge entity $(bone_body) { transformation: [-0.8305958991958122f,-0.02429057322990859f,0.5563455942948256f,3.9261363636363638f,0f,0.9990482215818578f,0.043619387365336f,-0.3027277206020501f,-0.5568756164881886f,0.03623008427108171f,-0.8298053559447602f,-0.38068181818181773f,0f,0f,0f,1f], start_interpolation: 0, interpolation_duration: 1 }
$data merge entity $(bone_leftleg) { transformation: [-0.8305958991958122f,0.10625687693180544f,0.5466442429439821f,4.02996085103584f,0f,0.9816271834476639f,-0.19080899537654503f,-0.22987500000000005f,-0.5568756164881886f,-0.158485169089431f,-0.8153355131107649f,-0.31107236612079414f,0f,0f,0f,1f], start_interpolation: 0, interpolation_duration: 1 }
$data merge entity $(bone_rightleg) { transformation: [-0.8305958991958122f,-0.13039902799085734f,0.5413931526516934f,3.822311876236887f,0f,0.9721976265828769f,0.2341618561307992f,-0.2536111111111111f,-0.5568756164881886f,0.1944938774503216f,-0.8075033618476392f,-0.4502912702428413f,0f,0f,0f,1f], start_interpolation: 0, interpolation_duration: 1 }
data modify entity @s data merge value {"locators":{},"cameras":{"camera":{"posx":6.125,"posy":0.5483234629546189,"posz":1.591844321040848,"roty":113.68241346916402,"rotx":-6.1421375928786395}}}