# This file was generated by Animated Java via MC-Build. It is not recommended to edit this file directly.
$data merge entity $(bone_left_eye) { transformation: [-0.7728858756324838f,-0.02966299704543402f,0.6338513468109785f,3.8190642077569756f,0f,0.9989067673477741f,0.04674687312345056f,0.677053264175951f,-0.6345450521813316f,0.036129997967098704f,-0.7720409315567981f,-0.0513090752520973f,0f,0f,0f,1f], start_interpolation: 0, interpolation_duration: 1 }
$data merge entity $(bone_right_eye) { transformation: [-0.7728858756324838f,-0.02966299704543402f,0.6338513468109785f,3.625842738848855f,0f,0.9989067673477741f,0.04674687312345056f,0.677053264175951f,-0.6345450521813316f,0.036129997967098704f,-0.7720409315567981f,-0.2099453382974302f,0f,0f,0f,1f], start_interpolation: 0, interpolation_duration: 1 }
$data merge entity $(bone_right_close) { transformation: [-0.7728858756324838f,-0.02966299704543402f,0.6338513468109785f,3.6239888015335153f,0f,0.9989067673477741f,0.04674687312345056f,0.7394849371351869f,-0.6345450521813316f,0.036129997967098704f,-0.7720409315567981f,-0.20768721342448654f,0f,0f,0f,1f], start_interpolation: 0, interpolation_duration: 1 }
$data merge entity $(bone_left_close) { transformation: [-0.7728858756324838f,-0.02966299704543402f,0.6338513468109785f,3.817210270441636f,0f,0.9989067673477741f,0.04674687312345056f,0.7394849371351869f,-0.6345450521813316f,0.036129997967098704f,-0.7720409315567981f,-0.049050950379153635f,0f,0f,0f,1f], start_interpolation: 0, interpolation_duration: 1 }
$data merge entity $(bone_left_eyebrow) { transformation: [-0.7728858756324838f,-0.02966299704543402f,0.6338513468109785f,3.817912229658597f,0f,0.9989067673477741f,0.04674687312345056f,0.7145093462719224f,-0.6345450521813316f,0.036129997967098704f,-0.7720409315567981f,-0.04990594777010879f,0f,0f,0f,1f], start_interpolation: 0, interpolation_duration: 1 }
$data merge entity $(bone_right_eyebrow) { transformation: [-0.7728858756324838f,-0.02966299704543402f,0.6338513468109785f,3.6246907607504757f,0f,0.9989067673477741f,0.04674687312345056f,0.7145093462719224f,-0.6345450521813316f,0.036129997967098704f,-0.7720409315567981f,-0.2085422108154417f,0f,0f,0f,1f], start_interpolation: 0, interpolation_duration: 1 }
$data merge entity $(bone_talking) { transformation: [-0.7728858756324838f,-0.02966299704543402f,0.6338513468109785f,3.9279477684427047f,0f,0.9989067673477741f,0.04674687312345056f,0.4419349701900858f,-0.6345450521813316f,0.036129997967098704f,-0.7720409315567981f,-0.38092249737803785f,0f,0f,0f,1f], start_interpolation: 0, interpolation_duration: 1 }
$data merge entity $(bone_m_opened) { transformation: [-0.7728858756324838f,-0.02966299704543402f,0.6338513468109785f,3.9279477684427047f,0f,0.9989067673477741f,0.04674687312345056f,0.4419349701900858f,-0.6345450521813316f,0.036129997967098704f,-0.7720409315567981f,-0.38092249737803785f,0f,0f,0f,1f], start_interpolation: 0, interpolation_duration: 1 }
$data merge entity $(bone_head) { transformation: [-0.7728858756324838f,-0.02966299704543402f,0.6338513468109785f,3.8883320592670185f,0f,0.9989067673477741f,0.04674687312345056f,0.43901329061987016f,-0.6345450521813316f,0.036129997967098704f,-0.7720409315567981f,-0.33266993915573795f,0f,0f,0f,1f], start_interpolation: 0, interpolation_duration: 1 }
$data merge entity $(item_display_r_item) { transformation: [-0.3381375705892117f,-0.2773754753540993f,0.011492564035644378f,3.554596946998043f,0f,0.01811150208505635f,0.4371249518069439f,-0.30515723906348013f,-0.2776134603293326f,0.3378477011381171f,-0.013998124148028339f,-0.41865413418984576f,0f,0f,0f,1f], start_interpolation: 0, interpolation_duration: 1 }
$data merge entity $(bone_rightarm) { transformation: [-0.7728858756324838f,0.026268717795758435f,0.6340010865236555f,3.650265031435849f,0f,0.9991427469873003f,-0.04139771905155715f,0.3141322629221379f,-0.6345450521813316f,-0.031995712338350316f,-0.7722233168871248f,-0.5351793690122053f,0f,0f,0f,1f], start_interpolation: 0, interpolation_duration: 1 }
$data merge entity $(item_display_l_item) { transformation: [-0.3381375705892117f,-0.27531833497382974f,-0.03562369693425996f,4.105547317905429f,0f,-0.05614053219987901f,0.43388303797718847f,-0.3217408005309539f,-0.2776134603293326f,0.3353420717290815f,0.04339022438777714f,-0.10476272574453155f,0f,0f,0f,1f], start_interpolation: 0, interpolation_duration: 1 }
$data merge entity $(bone_leftarm) { transformation: [-0.7728858756324838f,-0.08142559299259433f,0.6292990513687536f,4.133318703706151f,0f,0.9917326582335736f,0.12832121645686653f,0.3141322629221379f,-0.6345450521813316f,0.09917765574349079f,-0.7664961639521862f,-0.13858871139887308f,0f,0f,0f,1f], start_interpolation: 0, interpolation_duration: 1 }
$data merge entity $(bone_body) { transformation: [-0.7728858756324838f,-0.02767846643185485f,0.6339411058953265f,3.9090909090909096f,0f,0.9990482215818578f,0.043619387365336f,-0.31027287556652317f,-0.6345450521813316f,0.03371280839841021f,-0.7721502595363698f,-0.3579545454545456f,0f,0f,0f,1f], start_interpolation: 0, interpolation_duration: 1 }
$data merge entity $(bone_leftleg) { transformation: [-0.7728858756324838f,0.14274157851687305f,0.6182817036030747f,4.00570164354497f,0f,0.9743700647852354f,-0.2249510543438645f,-0.24349999999999983f,-0.6345450521813316f,-0.17386149261100817f,-0.7530768607116166f,-0.2786364139318791f,0f,0f,0f,1f], start_interpolation: 0, interpolation_duration: 1 }
$data merge entity $(bone_rightleg) { transformation: [-0.7728858756324838f,-0.16013988584721353f,0.6140054073122242f,3.8124801746368493f,0f,0.9676309116295214f,0.2523696076373328f,-0.2519444444444445f,-0.6345450521813316f,0.19505290518180632f,-0.7478682644238412f,-0.43727267697721206f,0f,0f,0f,1f], start_interpolation: 0, interpolation_duration: 1 }
data modify entity @s data merge value {"locators":{},"cameras":{"camera":{"posx":6.125,"posy":0.5499657448272448,"posz":1.5987571165279915,"roty":113.21113801788302,"rotx":-6.153094199979175}}}