# This file was generated by Animated Java via MC-Build. It is not recommended to edit this file directly.
$data merge entity $(bone_left_eye) { transformation: [-0.7071067811865474f,-0.04846344951593716f,0.7054440403469409f,3.7688242562801295f,0f,0.9976485293539166f,0.06853766758482212f,0.6690638816286669f,-0.7071067811865477f,0.04846344951593713f,-0.7054440403469405f,-0.03522937916531074f,0f,0f,0f,1f], start_interpolation: 0, interpolation_duration: 1 }
$data merge entity $(bone_right_eye) { transformation: [-0.7071067811865474f,-0.04846344951593716f,0.7054440403469409f,3.592047560983493f,0f,0.9976485293539166f,0.06853766758482212f,0.6690638816286669f,-0.7071067811865477f,0.04846344951593713f,-0.7054440403469405f,-0.21200607446194766f,0f,0f,0f,1f], start_interpolation: 0, interpolation_duration: 1 }
$data merge entity $(bone_right_close) { transformation: [-0.7071067811865474f,-0.04846344951593716f,0.7054440403469409f,3.5890185953887466f,0f,0.9976485293539166f,0.06853766758482212f,0.7314169147132867f,-0.7071067811865477f,0.04846344951593713f,-0.7054440403469405f,-0.2089771088672016f,0f,0f,0f,1f], start_interpolation: 0, interpolation_duration: 1 }
$data merge entity $(bone_left_close) { transformation: [-0.7071067811865474f,-0.04846344951593716f,0.7054440403469409f,3.765795290685383f,0f,0.9976485293539166f,0.06853766758482212f,0.7314169147132867f,-0.7071067811865477f,0.04846344951593713f,-0.7054440403469405f,-0.03220041357056469f,0f,0f,0f,1f], start_interpolation: 0, interpolation_duration: 1 }
$data merge entity $(bone_left_eyebrow) { transformation: [-0.7071067811865474f,-0.04846344951593716f,0.7054440403469409f,3.7669627866707605f,0f,0.9976485293539166f,0.06853766758482212f,0.7064714178752148f,-0.7071067811865477f,0.04846344951593713f,-0.7054440403469405f,-0.033367909555941405f,0f,0f,0f,1f], start_interpolation: 0, interpolation_duration: 1 }
$data merge entity $(bone_right_eyebrow) { transformation: [-0.7071067811865474f,-0.04846344951593716f,0.7054440403469409f,3.5901860913741235f,0f,0.9976485293539166f,0.06853766758482212f,0.7064714178752148f,-0.7071067811865477f,0.04846344951593713f,-0.7054440403469405f,-0.21014460485257833f,0f,0f,0f,1f], start_interpolation: 0, interpolation_duration: 1 }
$data merge entity $(bone_talking) { transformation: [-0.7071067811865474f,-0.04846344951593716f,0.7054440403469409f,3.9130030336192143f,0f,0.9976485293539166f,0.06853766758482212f,0.4410697704104447f,-0.7071067811865477f,0.04846344951593713f,-0.7054440403469405f,-0.35618485180103243f,0f,0f,0f,1f], start_interpolation: 0, interpolation_duration: 1 }
$data merge entity $(bone_m_opened) { transformation: [-0.7071067811865474f,-0.04846344951593716f,0.7054440403469409f,3.9130030336192143f,0f,0.9976485293539166f,0.06853766758482212f,0.4410697704104447f,-0.7071067811865477f,0.04846344951593713f,-0.7054440403469405f,-0.35618485180103243f,0f,0f,0f,1f], start_interpolation: 0, interpolation_duration: 1 }
$data merge entity $(bone_head) { transformation: [-0.7071067811865474f,-0.04846344951593716f,0.7054440403469409f,3.8689127810975306f,0f,0.9976485293539166f,0.06853766758482212f,0.4367861661863933f,-0.7071067811865477f,0.04846344951593713f,-0.7054440403469405f,-0.31209459927934863f,0f,0f,0f,1f], start_interpolation: 0, interpolation_duration: 1 }
$data merge entity $(item_display_r_item) { transformation: [-0.3093592167691145f,-0.30906477534314036f,0.013494059511289028f,3.544215908151507f,0f,0.019083481972334605f,0.4370835969420628f,-0.307047576579333f,-0.3093592167691146f,0.30906477534314025f,-0.01349405951128902f,-0.42933946457491734f,0f,0f,0f,1f], start_interpolation: 0, interpolation_duration: 1 }
$data merge entity $(bone_rightarm) { transformation: [-0.7071067811865474f,0.030843564597231903f,0.7064337722128923f,3.6517973575513887f,0f,0.9990482215818578f,-0.043619387365336014f,0.3119051384886611f,-0.7071067811865477f,-0.03084356459723189f,-0.7064337722128919f,-0.5369209139747988f,0f,0f,0f,1f], start_interpolation: 0, interpolation_duration: 1 }
$data merge entity $(item_display_l_item) { transformation: [-0.3093592167691145f,-0.3067126057843654f,-0.04037948059304999f,4.06379189498752f,0f,-0.05710520909627248f,0.43375712685104206f,-0.3240636738974769f,-0.3093592167691146f,0.3067126057843652f,0.04037948059304997f,-0.06503197492774501f,0f,0f,0f,1f], start_interpolation: 0, interpolation_duration: 1 }
$data merge entity $(bone_leftarm) { transformation: [-0.7071067811865474f,-0.09229595564125728f,0.701057384649978f,4.093739095792981f,0f,0.9914448613738104f,0.1305261922200516f,0.3119051384886611f,-0.7071067811865477f,0.09229595564125724f,-0.7010573846499777f,-0.09497917573320644f,0f,0f,0f,1f], start_interpolation: 0, interpolation_duration: 1 }
$data merge entity $(bone_body) { transformation: [-0.7071067811865474f,-0.030843564597231907f,0.7064337722128923f,3.8920454545454546f,0f,0.9990482215818578f,0.043619387365336f,-0.3125f,-0.7071067811865477f,0.030843564597231893f,-0.7064337722128919f,-0.33522727272727254f,0f,0f,0f,1f], start_interpolation: 0, interpolation_duration: 1 }
$data merge entity $(bone_leftleg) { transformation: [-0.7071067811865474f,0.18301270189221935f,0.6830127018922195f,3.980433802193773f,0f,0.9659258262890683f,-0.25881904510252074f,-0.25f,-0.7071067811865477f,-0.18301270189221927f,-0.6830127018922192f,-0.24683892507895408f,0f,0f,0f,1f], start_interpolation: 0, interpolation_duration: 1 }
$data merge entity $(bone_rightleg) { transformation: [-0.7071067811865474f,-0.18301270189221935f,0.6830127018922195f,3.8036571068971363f,0f,0.9659258262890683f,0.25881904510252074f,-0.25f,-0.7071067811865477f,0.18301270189221927f,-0.6830127018922192f,-0.423615620375591f,0f,0f,0f,1f], start_interpolation: 0, interpolation_duration: 1 }
data modify entity @s data merge value {"locators":{},"cameras":{"camera":{"posx":6.125,"posy":0.5516061469027266,"posz":1.6055018822618667,"roty":112.74595164084528,"rotx":-6.16352919641204}}}
execute on vehicle unless entity @s[tag=aj.transforms_only] at @s run function animated_java:humanentity/animations/000_mur_0/zzz/frames/zzz/11