# This file was generated by Animated Java via MC-Build. It is not recommended to edit this file directly.
$data merge entity $(bone_left_eye) { transformation: [-0.6345450521813313f,-0.06257837063735487f,0.7703483136092176f,3.7208018541622154f,0f,0.9967167700908108f,0.08096715519111336f,0.6677979998906352f,-0.772885875632484f,0.05137730771571898f,-0.6324616948872815f,-0.02417066507129771f,0f,0f,0f,1f], start_interpolation: 0, interpolation_duration: 1 }
$data merge entity $(bone_right_eye) { transformation: [-0.6345450521813313f,-0.06257837063735487f,0.7703483136092176f,3.562165591116883f,0f,0.9967167700908108f,0.08096715519111336f,0.6677979998906352f,-0.772885875632484f,0.05137730771571898f,-0.6324616948872815f,-0.2173921339794187f,0f,0f,0f,1f], start_interpolation: 0, interpolation_duration: 1 }
$data merge entity $(bone_right_close) { transformation: [-0.6345450521813313f,-0.06257837063735487f,0.7703483136092176f,3.558254442952048f,0f,0.9967167700908108f,0.08096715519111336f,0.7300927980213108f,-0.772885875632484f,0.05137730771571898f,-0.6324616948872815f,-0.2141810522471863f,0f,0f,0f,1f], start_interpolation: 0, interpolation_duration: 1 }
$data merge entity $(bone_left_close) { transformation: [-0.6345450521813313f,-0.06257837063735487f,0.7703483136092176f,3.716890705997381f,0f,0.9967167700908108f,0.08096715519111336f,0.7300927980213108f,-0.772885875632484f,0.05137730771571898f,-0.6324616948872815f,-0.020959583339065294f,0f,0f,0f,1f], start_interpolation: 0, interpolation_duration: 1 }
$data merge entity $(bone_left_eyebrow) { transformation: [-0.6345450521813313f,-0.06257837063735487f,0.7703483136092176f,3.718407018493714f,0f,0.9967167700908108f,0.08096715519111336f,0.7051698183218411f,-0.772885875632484f,0.05137730771571898f,-0.6324616948872815f,-0.0222044871760278f,0f,0f,0f,1f], start_interpolation: 0, interpolation_duration: 1 }
$data merge entity $(bone_right_eyebrow) { transformation: [-0.6345450521813313f,-0.06257837063735487f,0.7703483136092176f,3.5597707554483815f,0f,0.9967167700908108f,0.08096715519111336f,0.7051698183218411f,-0.772885875632484f,0.05137730771571898f,-0.6324616948872815f,-0.2154259560841488f,0f,0f,0f,1f], start_interpolation: 0, interpolation_duration: 1 }
$data merge entity $(bone_talking) { transformation: [-0.6345450521813313f,-0.06257837063735487f,0.7703483136092176f,3.8978621633017685f,0f,0.9967167700908108f,0.08096715519111336f,0.4439210433651553f,-0.772885875632484f,0.05137730771571898f,-0.6324616948872815f,-0.33127000610656343f,0f,0f,0f,1f], start_interpolation: 0, interpolation_duration: 1 }
$data merge entity $(bone_m_opened) { transformation: [-0.6345450521813313f,-0.06257837063735487f,0.7703483136092176f,3.8978621633017685f,0f,0.9967167700908108f,0.08096715519111336f,0.4439210433651553f,-0.772885875632484f,0.05137730771571898f,-0.6324616948872815f,-0.33127000610656343f,0f,0f,0f,1f], start_interpolation: 0, interpolation_duration: 1 }
$data merge entity $(bone_head) { transformation: [-0.6345450521813313f,-0.06257837063735487f,0.7703483136092176f,3.8497153937011923f,0f,0.9967167700908108f,0.08096715519111336f,0.4388605961657107f,-0.772885875632484f,0.05137730771571898f,-0.6324616948872815f,-0.29174115017610835f,0f,0f,0f,1f], start_interpolation: 0, interpolation_duration: 1 }
$data merge entity $(item_display_r_item) { transformation: [-0.27761346032933243f,-0.3378477011381172f,0.013998124148028339f,3.539108931121968f,0f,0.01811150208505635f,0.4371249518069439f,-0.3053099335176396f,-0.33813757058921173f,0.2773754753540991f,-0.011492564035644371f,-0.4410597101774355f,0f,0f,0f,1f], start_interpolation: 0, interpolation_duration: 1 }
$data merge entity $(bone_rightarm) { transformation: [-0.6345450521813313f,0.031995712338350316f,0.772223316887125f,3.6556341659443277f,0f,0.9991427469873003f,-0.04139771905155715f,0.3139795684679785f,-0.772885875632484f,-0.02626871779575842f,-0.6340010865236552f,-0.5367277946152414f,0f,0f,0f,1f], start_interpolation: 0, interpolation_duration: 1 }
$data merge entity $(item_display_l_item) { transformation: [-0.27761346032933243f,-0.3353420717290816f,-0.043390224387777156f,4.018398837903318f,0f,-0.05614053219987901f,0.43388303797718847f,-0.3218934949851133f,-0.33813757058921173f,0.27531833497382957f,0.03562369693425994f,-0.025902736544216216f,0f,0f,0f,1f], start_interpolation: 0, interpolation_duration: 1 }
$data merge entity $(bone_leftarm) { transformation: [-0.6345450521813313f,-0.09917765574349081f,0.7664961639521864f,4.052224823557659f,0f,0.9917326582335736f,0.12832121645686653f,0.3139795684679785f,-0.772885875632484f,0.08142559299259428f,-0.6292990513687533f,-0.05367412234493896f,0f,0f,0f,1f], start_interpolation: 0, interpolation_duration: 1 }
$data merge entity $(bone_body) { transformation: [-0.6345450521813313f,-0.033712808398410225f,0.7721502595363701f,3.875f,0f,0.9990482215818578f,0.043619387365336f,-0.3104255700206826f,-0.772885875632484f,0.027678466431854835f,-0.6339411058953262f,-0.3124999999999995f,0f,0f,0f,1f], start_interpolation: 0, interpolation_duration: 1 }
$data merge entity $(bone_leftleg) { transformation: [-0.6345450521813313f,0.17386149261100822f,0.7530768607116168f,3.9543181315226663f,0f,0.9743700647852354f,-0.2249510543438645f,-0.24998611111111113f,-0.772885875632484f,-0.142741578516873f,-0.6182817036030743f,-0.215889265545939f,0f,0f,0f,1f], start_interpolation: 0, interpolation_duration: 1 }
$data merge entity $(bone_rightleg) { transformation: [-0.6345450521813313f,-0.1950529051818063f,0.7478682644238415f,3.7956818684773337f,0f,0.9676309116295214f,0.2523696076373327f,-0.24049999999999983f,-0.772885875632484f,0.16013988584721336f,-0.6140054073122239f,-0.40911073445406f,0f,0f,0f,1f], start_interpolation: 0, interpolation_duration: 1 }
data modify entity @s data merge value {"locators":{},"cameras":{"camera":{"posx":6.125,"posy":0.5532446423906061,"posz":1.6120799041844631,"roty":112.28777089950495,"rotx":-6.173444537913125}}}