# This file was generated by Animated Java via MC-Build. It is not recommended to edit this file directly.
$data merge entity $(bone_left_eye) { transformation: [-0.5568756164881884f,-0.08127240487017823f,0.8266101523496538f,3.662688471774977f,0f,0.9952013405676365f,0.09784830980849607f,0.6695328892874239f,-0.8305958991958123f,0.05448933784693351f,-0.5542033600584741f,-0.017451074868406732f,0f,0f,0f,1f], start_interpolation: 0, interpolation_duration: 1 }
$data merge entity $(bone_right_eye) { transformation: [-0.5568756164881884f,-0.08127240487017823f,0.8266101523496538f,3.52346956765293f,0f,0.9952013405676365f,0.09784830980849607f,0.6695328892874239f,-0.8305958991958123f,0.05448933784693351f,-0.5542033600584741f,-0.2251000496673598f,0f,0f,0f,1f], start_interpolation: 0, interpolation_duration: 1 }
$data merge entity $(bone_right_close) { transformation: [-0.5568756164881884f,-0.08127240487017823f,0.8266101523496538f,3.518390042348544f,0f,0.9952013405676365f,0.09784830980849607f,0.7317329730729012f,-0.8305958991958123f,0.05448933784693351f,-0.5542033600584741f,-0.2216944660519265f,0f,0f,0f,1f], start_interpolation: 0, interpolation_duration: 1 }
$data merge entity $(bone_left_close) { transformation: [-0.5568756164881884f,-0.08127240487017823f,0.8266101523496538f,3.657608946470591f,0f,0.9952013405676365f,0.09784830980849607f,0.7317329730729012f,-0.8305958991958123f,0.05448933784693351f,-0.5542033600584741f,-0.0140454912529734f,0f,0f,0f,1f], start_interpolation: 0, interpolation_duration: 1 }
$data merge entity $(bone_left_eyebrow) { transformation: [-0.5568756164881884f,-0.08127240487017823f,0.8266101523496538f,3.6595890934578232f,0f,0.9952013405676365f,0.09784830980849607f,0.7068468240393473f,-0.8305958991958123f,0.05448933784693351f,-0.5542033600584741f,-0.015373086989143053f,0f,0f,0f,1f], start_interpolation: 0, interpolation_duration: 1 }
$data merge entity $(bone_right_eyebrow) { transformation: [-0.5568756164881884f,-0.08127240487017823f,0.8266101523496538f,3.520370189335776f,0f,0.9952013405676365f,0.09784830980849607f,0.7068468240393473f,-0.8305958991958123f,0.05448933784693351f,-0.5542033600584741f,-0.22302206178809614f,0f,0f,0f,1f], start_interpolation: 0, interpolation_duration: 1 }
$data merge entity $(bone_talking) { transformation: [-0.5568756164881884f,-0.08127240487017823f,0.8266101523496538f,3.8717127935407647f,0f,0.9952013405676365f,0.09784830980849607f,0.45131015096066984f,-0.8305958991958123f,0.05448933784693351f,-0.5542033600584741f,-0.3080864467478898f,0f,0f,0f,1f], start_interpolation: 0, interpolation_duration: 1 }
$data merge entity $(bone_m_opened) { transformation: [-0.5568756164881884f,-0.08127240487017823f,0.8266101523496538f,3.8717127935407647f,0f,0.9952013405676365f,0.09784830980849607f,0.45131015096066984f,-0.8305958991958123f,0.05448933784693351f,-0.5542033600584741f,-0.3080864467478898f,0f,0f,0f,1f], start_interpolation: 0, interpolation_duration: 1 }
$data merge entity $(bone_head) { transformation: [-0.5568756164881884f,-0.08127240487017823f,0.8266101523496538f,3.8200496590189115f,0f,0.9952013405676365f,0.09784830980849607f,0.44519463159763883f,-0.8305958991958123f,0.05448933784693351f,-0.5542033600584741f,-0.2734487367442352f,0f,0f,0f,1f], start_interpolation: 0, interpolation_duration: 1 }
$data merge entity $(item_display_r_item) { transformation: [-0.24363308221358243f,-0.3631612150005376f,0.012771185162039261f,3.5285498920257425f,0f,0.015375930912257568f,0.43722972308453767f,-0.29990716310307364f,-0.3633857058981679f,0.24348257158966183f,-0.008562481005843227f,-0.4542477121484144f,0f,0f,0f,1f], start_interpolation: 0, interpolation_duration: 1 }
$data merge entity $(bone_rightarm) { transformation: [-0.5568756164881884f,0.029191280370375272f,0.830082777144086f,3.6505547894002377f,0f,0.999382224193229f,-0.03514498494230279f,0.3203136038999066f,-0.8305958991958123f,-0.019571385156212966f,-0.5565315922049413f,-0.5360462768966652f,0f,0f,0f,1f], start_interpolation: 0, interpolation_duration: 1 }
$data merge entity $(item_display_l_item) { transformation: [-0.24363308221358243f,-0.3606661948075267f,-0.04437417237728515f,3.9589462402993267f,0f,-0.053424502119801556f,0.434225831305844f,-0.31527315571409964f,-0.3633857058981679f,0.24180977750353802f,0.02975080255353902f,0.00966352145381548f,0f,0f,0f,1f], start_interpolation: 0, interpolation_duration: 1 }
$data merge entity $(bone_leftarm) { transformation: [-0.5568756164881884f,-0.10142667971950911f,0.8243798738457753f,3.9986020497053554f,0f,0.9925161858419292f,0.12211314770240378f,0.3203136038999066f,-0.8305958991958123f,0.06800183440808931f,-0.5527080628652298f,-0.016923839899282422f,0f,0f,0f,1f], start_interpolation: 0, interpolation_duration: 1 }
$data merge entity $(bone_body) { transformation: [-0.5568756164881884f,-0.03623008427108171f,0.8298053559447603f,3.8472222222222228f,0f,0.9990482215818578f,0.043619387365336f,-0.3040915345887545f,-0.8305958991958123f,0.02429057322990858f,-0.5563455942948253f,-0.29166666666666663f,0f,0f,0f,1f], start_interpolation: 0, interpolation_duration: 1 }
$data merge entity $(bone_leftleg) { transformation: [-0.5568756164881884f,0.15848516908943103f,0.815335513110765f,3.9168316742832463f,0f,0.9816271834476639f,-0.19080899537654503f,-0.24898611111111113f,-0.8305958991958123f,-0.1062568769318054f,-0.5466442429439818f,-0.1878421792671901f,0f,0f,0f,1f], start_interpolation: 0, interpolation_duration: 1 }
$data merge entity $(bone_rightleg) { transformation: [-0.5568756164881884f,-0.19449387745032157f,0.8075033618476393f,3.7776127701611992f,0f,0.9721976265828769f,0.23416185613079915f,-0.22650000000000015f,-0.8305958991958123f,0.13039902799085726f,-0.5413931526516932f,-0.39549115406614316f,0f,0f,0f,1f], start_interpolation: 0, interpolation_duration: 1 }
data modify entity @s data merge value {"locators":{},"cameras":{"camera":{"posx":6.125,"posy":0.5548812045004254,"posz":1.6184924682377693,"roty":111.8375122373304,"rotx":-6.182845141447644}}}