# This file was generated by Animated Java via MC-Build. It is not recommended to edit this file directly.
$data merge entity $(bone_left_eye) { transformation: [-0.4760655411350412f,-0.10086827663540163f,0.8736058558139389f,3.60656461635642f,0f,0.9934001797993957f,0.11469996850273445f,0.6750812616506862f,-0.8794098023923775f,0.05460470257342645f,-0.4729235941598465f,-0.013450768413424297f,0f,0f,0f,1f], start_interpolation: 0, interpolation_duration: 1 }
$data merge entity $(bone_right_eye) { transformation: [-0.4760655411350412f,-0.10086827663540163f,0.8736058558139389f,3.487548231072659f,0f,0.9934001797993957f,0.11469996850273445f,0.6750812616506862f,-0.8794098023923775f,0.05460470257342645f,-0.4729235941598465f,-0.23330321901151868f,0f,0f,0f,1f], start_interpolation: 0, interpolation_duration: 1 }
$data merge entity $(bone_right_close) { transformation: [-0.4760655411350412f,-0.10086827663540163f,0.8736058558139389f,3.481243963782947f,0f,0.9934001797993957f,0.11469996850273445f,0.7371687728881484f,-0.8794098023923775f,0.05460470257342645f,-0.4729235941598465f,-0.22989042510067953f,0f,0f,0f,1f], start_interpolation: 0, interpolation_duration: 1 }
$data merge entity $(bone_left_close) { transformation: [-0.4760655411350412f,-0.10086827663540163f,0.8736058558139389f,3.6002603490667076f,0f,0.9934001797993957f,0.11469996850273445f,0.7371687728881484f,-0.8794098023923775f,0.05460470257342645f,-0.4729235941598465f,-0.010037974502585145f,0f,0f,0f,1f], start_interpolation: 0, interpolation_duration: 1 }
$data merge entity $(bone_left_eyebrow) { transformation: [-0.4760655411350412f,-0.10086827663540163f,0.8736058558139389f,3.602727455616604f,0f,0.9934001797993957f,0.11469996850273445f,0.7123265996451321f,-0.8794098023923775f,0.05460470257342645f,-0.4729235941598465f,-0.011373534342285802f,0f,0f,0f,1f], start_interpolation: 0, interpolation_duration: 1 }
$data merge entity $(bone_right_eyebrow) { transformation: [-0.4760655411350412f,-0.10086827663540163f,0.8736058558139389f,3.4837110703328436f,0f,0.9934001797993957f,0.11469996850273445f,0.7123265996451321f,-0.8794098023923775f,0.05460470257342645f,-0.4729235941598465f,-0.23122598494038019f,0f,0f,0f,1f], start_interpolation: 0, interpolation_duration: 1 }
$data merge entity $(bone_talking) { transformation: [-0.4760655411350412f,-0.10086827663540163f,0.8736058558139389f,3.845275322815246f,0f,0.9934001797993957f,0.11469996850273445f,0.46257495685794175f,-0.8794098023923775f,0.05460470257342645f,-0.4729235941598465f,-0.2848167925307801f,0f,0f,0f,1f], start_interpolation: 0, interpolation_duration: 1 }
$data merge entity $(bone_m_opened) { transformation: [-0.4760655411350412f,-0.10086827663540163f,0.8736058558139389f,3.845275322815246f,0f,0.9934001797993957f,0.11469996850273445f,0.46257495685794175f,-0.8794098023923775f,0.05460470257342645f,-0.4729235941598465f,-0.2848167925307801f,0f,0f,0f,1f], start_interpolation: 0, interpolation_duration: 1 }
$data merge entity $(bone_head) { transformation: [-0.4760655411350412f,-0.10086827663540163f,0.8736058558139389f,3.7906749568268747f,0f,0.9934001797993957f,0.11469996850273445f,0.45540620882652083f,-0.8794098023923775f,0.05460470257342645f,-0.4729235941598465f,-0.2552590678957897f,0f,0f,0f,1f], start_interpolation: 0, interpolation_duration: 1 }
$data merge entity $(item_display_r_item) { transformation: [-0.20827867424658053f,-0.38461688455700427f,0.009802855081601397f,3.5228047726922425f,0f,0.011147084163644029f,0.4373579683904806f,-0.2910870353822854f,-0.3847417885466652f,0.20821105789153638f,-0.005306742654443042f,-0.46560040743145026f,0f,0f,0f,1f], start_interpolation: 0, interpolation_duration: 1 }
$data merge entity $(bone_rightarm) { transformation: [-0.4760655411350412f,0.022406525900802998f,0.8791243075588668f,3.6466993898251028f,0f,0.9996753563210985f,-0.025479049516900415f,0.3305251811287886f,-0.8794098023923775f,-0.012129697495869705f,-0.4759109894663689f,-0.5326703420496649f,0f,0f,0f,1f], start_interpolation: 0, interpolation_duration: 1 }
$data merge entity $(item_display_l_item) { transformation: [-0.20827867424658053f,-0.382298926076568f,-0.043287122505308875f,3.8968508348773536f,0f,-0.04922292472468359f,0.434722156879021f,-0.3045701643340082f,-0.3847417885466652f,0.2069562388580034f,0.023433338295305892f,0.04261494084027781f,0f,0f,0f,1f], start_interpolation: 0, interpolation_duration: 1 }
$data merge entity $(bone_leftarm) { transformation: [-0.4760655411350412f,-0.09894199429784904f,0.8738261167464412f,3.944240353034503f,0f,0.9936506442949051f,0.11250954222784842f,0.3305251811287886f,-0.8794098023923775f,0.05356191610355643f,-0.47304283167543637f,0.01696078444557103f,0f,0f,0f,1f], start_interpolation: 0, interpolation_duration: 1 }
$data merge entity $(bone_body) { transformation: [-0.4760655411350412f,-0.0383593168234267f,0.8785727991217578f,3.8194444444444446f,0f,0.9990482215818578f,0.043619387365336f,-0.2938799573598725f,-0.8794098023923775f,0.02076568725005766f,-0.47561243222736765f,-0.270833333333333f,0f,0f,0f,1f], start_interpolation: 0, interpolation_duration: 1 }
$data merge entity $(bone_leftleg) { transformation: [-0.4760655411350412f,0.1375700019883865f,0.8685828084280254f,3.878952637086325f,0f,0.9876883405951378f,-0.15643446504023062f,-0.24712500000000004f,-0.8794098023923775f,-0.07447305825154807f,-0.4702043843381951f,-0.1609071080342858f,0f,0f,0f,1f], start_interpolation: 0, interpolation_duration: 1 }
$data merge entity $(bone_rightleg) { transformation: [-0.4760655411350412f,-0.18103759609830047f,0.8605736396978176f,3.7599362518025643f,0f,0.9785809043254722f,0.2058626087698811f,-0.21099999999999985f,-0.8794098023923775f,0.09800409424350472f,-0.4658686477621239f,-0.3807595586323802f,0f,0f,0f,1f], start_interpolation: 0, interpolation_duration: 1 }
data modify entity @s data merge value {"locators":{},"cameras":{"camera":{"posx":6.125,"posy":0.5565158064417264,"posz":1.624740860363775,"roty":111.39609194198013,"rotx":-6.191738789310159}}}