# This file was generated by Animated Java via MC-Build. It is not recommended to edit this file directly.
$data merge entity $(bone_left_eye) { transformation: [-0.39426272434295195f,-0.11677591043861765f,0.9115482932543428f,3.5538038664460356f,0f,0.9918939103343399f,0.12706876343796092f,0.6842424529104876f,-0.9189977715934209f,0.05009847685194056f,-0.3910667953476005f,-0.011935836628316251f,0f,0f,0f,1f], start_interpolation: 0, interpolation_duration: 1 }
$data merge entity $(bone_right_eye) { transformation: [-0.39426272434295195f,-0.11677591043861765f,0.9115482932543428f,3.455238185360298f,0f,0.9918939103343399f,0.12706876343796092f,0.6842424529104876f,-0.9189977715934209f,0.05009847685194056f,-0.3910667953476005f,-0.24168527952667146f,0f,0f,0f,1f], start_interpolation: 0, interpolation_duration: 1 }
$data merge entity $(bone_right_close) { transformation: [-0.39426272434295195f,-0.11677591043861765f,0.9115482932543428f,3.447939690957884f,0f,0.9918939103343399f,0.12706876343796092f,0.7462358223063839f,-0.9189977715934209f,0.05009847685194056f,-0.3910667953476005f,-0.2385541247234252f,0f,0f,0f,1f], start_interpolation: 0, interpolation_duration: 1 }
$data merge entity $(bone_left_close) { transformation: [-0.39426272434295195f,-0.11677591043861765f,0.9115482932543428f,3.546505372043622f,0f,0.9918939103343399f,0.12706876343796092f,0.7462358223063839f,-0.9189977715934209f,0.05009847685194056f,-0.3910667953476005f,-0.008804681825069952f,0f,0f,0f,1f], start_interpolation: 0, interpolation_duration: 1 }
$data merge entity $(bone_left_eyebrow) { transformation: [-0.39426272434295195f,-0.11677591043861765f,0.9115482932543428f,3.549367798036259f,0f,0.9918939103343399f,0.12706876343796092f,0.7214305327503105f,-0.9189977715934209f,0.05009847685194056f,-0.3910667953476005f,-0.010032702071659239f,0f,0f,0f,1f], start_interpolation: 0, interpolation_duration: 1 }
$data merge entity $(bone_right_eyebrow) { transformation: [-0.39426272434295195f,-0.11677591043861765f,0.9115482932543428f,3.450802116950521f,0f,0.9918939103343399f,0.12706876343796092f,0.7214305327503105f,-0.9189977715934209f,0.05009847685194056f,-0.3910667953476005f,-0.23978214497001446f,0f,0f,0f,1f], start_interpolation: 0, interpolation_duration: 1 }
$data merge entity $(bone_talking) { transformation: [-0.39426272434295195f,-0.11677591043861765f,0.9115482932543428f,3.8185738451548032f,0f,0.9918939103343399f,0.12706876343796092f,0.47597796390126546f,-0.9189977715934209f,0.05009847685194056f,-0.3910667953476005f,-0.26154355083660413f,0f,0f,0f,1f], start_interpolation: 0, interpolation_duration: 1 }
$data merge entity $(bone_m_opened) { transformation: [-0.39426272434295195f,-0.11677591043861765f,0.9115482932543428f,3.8185738451548032f,0f,0.9918939103343399f,0.12706876343796092f,0.47597796390126546f,-0.9189977715934209f,0.05009847685194056f,-0.3910667953476005f,-0.26154355083660413f,0f,0f,0f,1f], start_interpolation: 0, interpolation_duration: 1 }
$data merge entity $(bone_head) { transformation: [-0.39426272434295195f,-0.11677591043861765f,0.9115482932543428f,3.761602076826407f,0f,0.9918939103343399f,0.12706876343796092f,0.4680361661863929f,-0.9189977715934209f,0.05009847685194056f,-0.3910667953476005f,-0.23710187612737912f,0f,0f,0f,1f], start_interpolation: 0, interpolation_duration: 1 }
$data merge entity $(item_display_r_item) { transformation: [-0.17248994190004147f,-0.40202745268784223f,0.005234236204559391f,3.521063273668143f,0f,0.005695591835314151f,0.43746292441033846f,-0.28016458443030456f,-0.4020615250721216f,0.17247532437705493f,-0.002245559553736431f,-0.4739517607350732f,0f,0f,0f,1f], start_interpolation: 0, interpolation_duration: 1 }
$data merge entity $(bone_rightarm) { transformation: [-0.39426272434295195f,0.011963968467564118f,0.9189198918579251f,3.6434057404426112f,0f,0.9999152557950594f,-0.013018495623574981f,0.34315513848866064f,-0.9189977715934209f,-0.00513270755139747f,-0.3942293128618398f,-0.5264383670624266f,0f,0f,0f,1f], start_interpolation: 0, interpolation_duration: 1 }
$data merge entity $(item_display_l_item) { transformation: [-0.17248994190004147f,-0.40004142311083346f,-0.04025331959949963f,3.833027135981718f,0f,-0.043801324490380086f,0.435301842372495f,-0.2912193004692979f,-0.4020615250721216f,0.1716232902852861f,0.017269229523406916f,0.07230013808867607f,0f,0f,0f,1f], start_interpolation: 0, interpolation_duration: 1 }
$data merge entity $(bone_leftarm) { transformation: [-0.39426272434295195f,-0.09200758765599937f,0.914380395681905f,3.8898199431569562f,0f,0.99497563970856f,0.100117313120869f,0.34315513848866064f,-0.9189977715934209f,0.03947252462493018f,-0.3922818063663682f,0.0479352401834614f,0f,0f,0f,1f], start_interpolation: 0, interpolation_duration: 1 }
$data merge entity $(bone_body) { transformation: [-0.39426272434295195f,-0.040086119787014f,0.9181230893480975f,3.7916666666666674f,0f,0.9990482215818578f,0.043619387365336f,-0.28125000000000044f,-0.9189977715934209f,0.017197498496827907f,-0.39388747359084436f,-0.25000000000000006f,0f,0f,0f,1f], start_interpolation: 0, interpolation_duration: 1 }
$data merge entity $(bone_leftleg) { transformation: [-0.39426272434295195f,0.11199765501488436f,0.9121477015620005f,3.8409495072095363f,0f,0.992546151641322f,-0.12186934340514798f,-0.2445277777777778f,-0.9189977715934209f,-0.048048539344800405f,-0.3913239497822203f,-0.13512527855082246f,0f,0f,0f,1f], start_interpolation: 0, interpolation_duration: 1 }
$data merge entity $(bone_rightleg) { transformation: [-0.39426272434295195f,-0.15543860590608571f,0.9057570005181554f,3.7423838261237985f,0f,0.9855921619349439f,0.16913926313072086f,-0.19700000000000017f,-0.9189977715934209f,0.06668530667527742f,-0.3885822508555309f,-0.36487472144917765f,0f,0f,0f,1f], start_interpolation: 0, interpolation_duration: 1 }
data modify entity @s data merge value {"locators":{},"cameras":{"camera":{"posx":6.125,"posy":0.5581484214240507,"posz":1.6308263665044695,"roty":110.96442610590579,"rotx":-6.200136021700773}}}