# This file was generated by Animated Java via MC-Build. It is not recommended to edit this file directly.
$data merge entity $(bone_left_eye) { transformation: [-0.3136817403988914f,-0.12393829781844258f,0.9414048353785898f,3.5056999449968f,0f,0.9914448613738104f,0.1305261922200516f,0.6958957908347055f,-0.9495281805930367f,0.04094368314322602f,-0.3109981496252745f,-0.012228231892492614f,0f,0f,0f,1f], start_interpolation: 0, interpolation_duration: 1 }
$data merge entity $(bone_right_eye) { transformation: [-0.3136817403988914f,-0.12393829781844258f,0.9414048353785898f,3.427279509897077f,0f,0.9914448613738104f,0.1305261922200516f,0.6958957908347055f,-0.9495281805930367f,0.04094368314322602f,-0.3109981496252745f,-0.24961027704075178f,0f,0f,0f,1f], start_interpolation: 0, interpolation_duration: 1 }
$data merge entity $(bone_right_close) { transformation: [-0.3136817403988914f,-0.12393829781844258f,0.9414048353785898f,3.4195333662834244f,0f,0.9914448613738104f,0.1305261922200516f,0.7578610946705686f,-0.9495281805930367f,0.04094368314322602f,-0.3109981496252745f,-0.24705129684430016f,0f,0f,0f,1f], start_interpolation: 0, interpolation_duration: 1 }
$data merge entity $(bone_left_close) { transformation: [-0.3136817403988914f,-0.12393829781844258f,0.9414048353785898f,3.4979538013831473f,0f,0.9914448613738104f,0.1305261922200516f,0.7578610946705686f,-0.9495281805930367f,0.04094368314322602f,-0.3109981496252745f,-0.009669251696040992f,0f,0f,0f,1f], start_interpolation: 0, interpolation_duration: 1 }
$data merge entity $(bone_left_eyebrow) { transformation: [-0.3136817403988914f,-0.12393829781844258f,0.9414048353785898f,3.500993421026397f,0f,0.9914448613738104f,0.1305261922200516f,0.7330668152492097f,-0.9495281805930367f,0.04094368314322602f,-0.3109981496252745f,-0.010673406390270035f,0f,0f,0f,1f], start_interpolation: 0, interpolation_duration: 1 }
$data merge entity $(bone_right_eyebrow) { transformation: [-0.3136817403988914f,-0.12393829781844258f,0.9414048353785898f,3.4225729859266742f,0f,0.9914448613738104f,0.1305261922200516f,0.7330668152492097f,-0.9495281805930367f,0.04094368314322602f,-0.3109981496252745f,-0.2480554515385292f,0f,0f,0f,1f], start_interpolation: 0, interpolation_duration: 1 }
$data merge entity $(bone_talking) { transformation: [-0.3136817403988914f,-0.12393829781844258f,0.9414048353785898f,3.7916633129573585f,0f,0.9914448613738104f,0.1305261922200516f,0.48882401056001906f,-0.9495281805930367f,0.04094368314322602f,-0.3109981496252745f,-0.238342097010327f,0f,0f,0f,1f], start_interpolation: 0, interpolation_duration: 1 }
$data merge entity $(bone_m_opened) { transformation: [-0.3136817403988914f,-0.12393829781844258f,0.9414048353785898f,3.7916633129573585f,0f,0.9914448613738104f,0.1305261922200516f,0.48882401056001906f,-0.9495281805930367f,0.04094368314322602f,-0.3109981496252745f,-0.238342097010327f,0f,0f,0f,1f], start_interpolation: 0, interpolation_duration: 1 }
$data merge entity $(bone_head) { transformation: [-0.3136817403988914f,-0.12393829781844258f,0.9414048353785898f,3.7328255107461965f,0f,0.9914448613738104f,0.1305261922200516f,0.4806661235462658f,-0.9495281805930367f,0.04094368314322602f,-0.3109981496252745f,-0.21890471265874734f,0f,0f,0f,1f], start_interpolation: 0, interpolation_duration: 1 }
$data merge entity $(item_display_r_item) { transformation: [-0.137235761424515f,-0.4154180365552863f,-0.0006713350760925403f,3.5222453790834707f,0f,-0.0007070196438753932f,0.4374994287118821f,-0.26941609363811947f,-0.41541857900945356f,0.1372355822218639f,0.0002217791523870372f,-0.4784492557735068f,0f,0f,0f,1f], start_interpolation: 0, interpolation_duration: 1 }
$data merge entity $(bone_rightarm) { transformation: [-0.3136817403988914f,-0.0015344801739260172f,0.9495269406977973f,3.6399771965619916f,0f,0.9999986941985876f,0.0016160449002868352f,0.3557850958485336f,-0.9495281805930367f,0.0005069237768847261f,-0.3136813307928318f,-0.5173425947620578f,0f,0f,0f,1f], start_interpolation: 0, interpolation_duration: 1 }
$data merge entity $(item_display_l_item) { transformation: [-0.137235761424515f,-0.41389575621524854f,-0.035537287083303205f,3.7685399069402323f,0f,-0.03742625844038463f,0.4358962321231436f,-0.27761702388178144f,-0.41541857900945356f,0.13673268872570687f,0.01173993388419855f,0.09840766648136552f,0f,0f,0f,1f], start_interpolation: 0, interpolation_duration: 1 }
$data merge entity $(bone_leftarm) { transformation: [-0.3136817403988914f,-0.0812280847618361f,0.946047442777711f,3.8360282843112987f,0f,0.9963342448528997f,0.08554573357802223f,0.3557850958485336f,-0.9495281805930367f,0.0268341345924539f,-0.31253185994447286f,0.0761125181085901f,0f,0f,0f,1f], start_interpolation: 0, interpolation_duration: 1 }
$data merge entity $(bone_body) { transformation: [-0.3136817403988914f,-0.041417837523590385f,0.9486244401633304f,3.7638888888888893f,0f,0.9990482215818578f,0.043619387365336f,-0.2686200426401275f,-0.9495281805930367f,0.01368260534389201f,-0.3133831848882145f,-0.22916666666666635f,0f,0f,0f,1f], start_interpolation: 0, interpolation_duration: 1 }
$data merge entity $(bone_leftleg) { transformation: [-0.3136817403988914f,0.08275683383941862f,0.9459149391954846f,3.8030991064387507f,0f,0.9961946980917455f,-0.08715574274765818f,-0.24131944444444442f,-0.9495281805930367f,-0.027339165070843476f,-0.3124880866735669f,-0.11047564409253677f,0f,0f,0f,1f], start_interpolation: 0, interpolation_duration: 1 }
$data merge entity $(bone_rightleg) { transformation: [-0.3136817403988914f,-0.11937279971444599f,0.9419946392780891f,3.724678671339028f,0f,0.9920660160815423f,0.12571801675216274f,-0.1875f,-0.9495281805930367f,0.03943544629431539f,-0.3111929945150528f,-0.34785768924079596f,0f,0f,0f,1f], start_interpolation: 0, interpolation_duration: 1 }
data modify entity @s data merge value {"locators":{},"cameras":{"camera":{"posx":6.125,"posy":0.5597790226569405,"posz":1.636750272601842,"roty":110.54343058535778,"rotx":-6.208050019066772}}}