# This file was generated by Animated Java via MC-Build. It is not recommended to edit this file directly.
$data merge entity $(bone_left_eye) { transformation: [-0.2364989970237238f,-0.12205918984357539f,0.9639345302361063f,3.4623885700183124f,0f,0.9920780657755196f,0.12562289364245605f,0.7074914938084137f,-0.9716317329146742f,0.029709688349658786f,-0.2346254675251463f,-0.013058621728278735f,0f,0f,0f,1f], start_interpolation: 0, interpolation_duration: 1 }
$data merge entity $(bone_right_eye) { transformation: [-0.2364989970237238f,-0.12205918984357539f,0.9639345302361063f,3.4032638207623815f,0f,0.9920780657755196f,0.12562289364245605f,0.7074914938084137f,-0.9716317329146742f,0.029709688349658786f,-0.2346254675251463f,-0.2559665549569473f,0f,0f,0f,1f], start_interpolation: 0, interpolation_duration: 1 }
$data merge entity $(bone_right_close) { transformation: [-0.2364989970237238f,-0.12205918984357539f,0.9639345302361063f,3.395635121397158f,0f,0.9920780657755196f,0.12562289364245605f,0.7694963729193837f,-0.9716317329146742f,0.029709688349658786f,-0.2346254675251463f,-0.2541096994350936f,0f,0f,0f,1f], start_interpolation: 0, interpolation_duration: 1 }
$data merge entity $(bone_left_close) { transformation: [-0.2364989970237238f,-0.12205918984357539f,0.9639345302361063f,3.454759870653089f,0f,0.9920780657755196f,0.12562289364245605f,0.7694963729193837f,-0.9716317329146742f,0.029709688349658786f,-0.2346254675251463f,-0.011201766206425046f,0f,0f,0f,1f], start_interpolation: 0, interpolation_duration: 1 }
$data merge entity $(bone_left_eyebrow) { transformation: [-0.2364989970237238f,-0.12205918984357539f,0.9639345302361063f,3.4577511044910385f,0f,0.9920780657755196f,0.12562289364245605f,0.744686569844143f,-0.9716317329146742f,0.029709688349658786f,-0.2346254675251463f,-0.01192984432344621f,0f,0f,0f,1f], start_interpolation: 0, interpolation_duration: 1 }
$data merge entity $(bone_right_eyebrow) { transformation: [-0.2364989970237238f,-0.12205918984357539f,0.9639345302361063f,3.3986263552351077f,0f,0.9920780657755196f,0.12562289364245605f,0.744686569844143f,-0.9716317329146742f,0.029709688349658786f,-0.2346254675251463f,-0.2548377775521148f,0f,0f,0f,1f], start_interpolation: 0, interpolation_duration: 1 }
$data merge entity $(bone_talking) { transformation: [-0.2364989970237238f,-0.12205918984357539f,0.9639345302361063f,3.764570533550024f,0f,0.9920780657755196f,0.12562289364245605f,0.4987291316278013f,-0.9716317329146742f,0.029709688349658786f,-0.2346254675251463f,-0.21526046903163593f,0f,0f,0f,1f], start_interpolation: 0, interpolation_duration: 1 }
$data merge entity $(bone_m_opened) { transformation: [-0.2364989970237238f,-0.12205918984357539f,0.9639345302361063f,3.764570533550024f,0f,0.9920780657755196f,0.12562289364245605f,0.4987291316278013f,-0.9716317329146742f,0.029709688349658786f,-0.2346254675251463f,-0.21526046903163593f,0f,0f,0f,1f], start_interpolation: 0, interpolation_duration: 1 }
$data merge entity $(bone_head) { transformation: [-0.2364989970237238f,-0.12205918984357539f,0.9639345302361063f,3.7043246254102673f,0f,0.9920780657755196f,0.12562289364245605f,0.4908777007751478f,-0.9716317329146742f,0.029709688349658786f,-0.2346254675251463f,-0.20059637731131427f,0f,0f,0f,1f], start_interpolation: 0, interpolation_duration: 1 }
$data merge entity $(item_display_r_item) { transformation: [-0.10346831119787916f,-0.4250215245023086f,-0.007567184918602299f,3.5250919793402193f,0f,-0.0077881203981496816f,0.437430674713907f,-0.2611294680562086f,-0.42508888315016996f,0.10345191583724979f,0.0018418826628624043f,-0.4785943572252184f,0f,0f,0f,1f], start_interpolation: 0, interpolation_duration: 1 }
$data merge entity $(bone_rightarm) { transformation: [-0.2364989970237238f,-0.017296422671091185f,0.9714777702909911f,3.635716436457161f,0f,0.999841542203216f,0.01780141805291378f,0.36599667307741557f,-0.9716317329146742f,0.00421001751511412f,-0.2364615219137138f,-0.5055207865174863f,0f,0f,0f,1f], start_interpolation: 0, interpolation_duration: 1 }
$data merge entity $(item_display_l_item) { transformation: [-0.10346831119787916f,-0.4240637129061604f,-0.02950467715634909f,3.704516787561441f,0f,-0.03036611110656274f,0.4364448983505981f,-0.2661720705967424f,-0.42508888315016996f,0.10321878071603752f,0.007181554820213049f,0.12098076272989138f,0f,0f,0f,1f], start_interpolation: 0, interpolation_duration: 1 }
$data merge entity $(bone_leftarm) { transformation: [-0.2364989970237238f,-0.06743926207165528f,0.9692884866426523f,3.783528309596988f,0f,0.9975883390870813f,0.06940825395785791f,0.36599667307741557f,-0.9716317329146742f,0.016414982446201307f,-0.2359286416366572f,0.10174904655418504f,0f,0f,0f,1f], start_interpolation: 0, interpolation_duration: 1 }
$data merge entity $(bone_body) { transformation: [-0.2364989970237238f,-0.042381980934457865f,0.9707069548009039f,3.7361111111111107f,0f,0.9990482215818578f,0.043619387365336f,-0.2584084654112455f,-0.9716317329146742f,0.010315941362691254f,-0.23627390238244433f,-0.2083333333333327f,0f,0f,0f,1f], start_interpolation: 0, interpolation_duration: 1 }
$data merge entity $(bone_leftleg) { transformation: [-0.2364989970237238f,0.050851275858077596f,0.9703001453933615f,3.765673485739076f,0f,0.9986295347545739f,-0.052335956242943335f,-0.23762499999999998f,-0.9716317329146742f,-0.012377401159733594f,-0.23617488336772466f,-0.08687936671899843f,0f,0f,0f,1f], start_interpolation: 0, interpolation_duration: 1 }
$data merge entity $(bone_rightleg) { transformation: [-0.2364989970237238f,-0.07521895174262289f,0.9687158167933018f,3.7065487364831453f,0f,0.9969989492699818f,0.07741508350801093f,-0.18249999999999988f,-0.9716317329146742f,0.018308589604152405f,-0.23578925153605718f,-0.329787299947667f,0f,0f,0f,1f], start_interpolation: 0, interpolation_duration: 1 }
data modify entity @s data merge value {"locators":{},"cameras":{"camera":{"posx":6.125,"posy":0.5614075833499375,"posz":1.642513864597882,"roty":110.13402095774566,"rotx":-6.215496475690959}}}