# This file was generated by Animated Java via MC-Build. It is not recommended to edit this file directly.
$data merge entity $(bone_left_eye) { transformation: [-0.1647678728458084f,-0.11367751202547743f,0.9797596497802737f,3.423302616633316f,0f,0.993336199421459f,0.11525274365034222f,0.7167326001498548f,-0.9863323720115179f,0.018989949410910135f,-0.16366989259941353f,-0.013153187742711334f,0f,0f,0f,1f], start_interpolation: 0, interpolation_duration: 1 }
$data merge entity $(bone_right_eye) { transformation: [-0.1647678728458084f,-0.11367751202547743f,0.9797596497802737f,3.382110648421864f,0f,0.993336199421459f,0.11525274365034222f,0.7167326001498548f,-0.9863323720115179f,0.018989949410910135f,-0.16366989259941353f,-0.2597362807455908f,0f,0f,0f,1f], start_interpolation: 0, interpolation_duration: 1 }
$data merge entity $(bone_right_close) { transformation: [-0.1647678728458084f,-0.11367751202547743f,0.9797596497802737f,3.3750058039202715f,0f,0.993336199421459f,0.11525274365034222f,0.7788161126136961f,-0.9863323720115179f,0.018989949410910135f,-0.16366989259941353f,-0.25854940890740896f,0f,0f,0f,1f], start_interpolation: 0, interpolation_duration: 1 }
$data merge entity $(bone_left_close) { transformation: [-0.1647678728458084f,-0.11367751202547743f,0.9797596497802737f,3.4161977721317234f,0f,0.993336199421459f,0.11525274365034222f,0.7788161126136961f,-0.9863323720115179f,0.018989949410910135f,-0.16366989259941353f,-0.01196631590452947f,0f,0f,0f,1f], start_interpolation: 0, interpolation_duration: 1 }
$data merge entity $(bone_left_eyebrow) { transformation: [-0.1647678728458084f,-0.11367751202547743f,0.9797596497802737f,3.4189784749542493f,0f,0.993336199421459f,0.11525274365034222f,0.7539755043316816f,-0.9863323720115179f,0.018989949410910135f,-0.16366989259941353f,-0.012430835271514729f,0f,0f,0f,1f], start_interpolation: 0, interpolation_duration: 1 }
$data merge entity $(bone_right_eyebrow) { transformation: [-0.1647678728458084f,-0.11367751202547743f,0.9797596497802737f,3.3777865067427975f,0f,0.993336199421459f,0.11525274365034222f,0.7539755043316816f,-0.9863323720115179f,0.018989949410910135f,-0.16366989259941353f,-0.2590139282743942f,0f,0f,0f,1f], start_interpolation: 0, interpolation_duration: 1 }
$data merge entity $(bone_talking) { transformation: [-0.1647678728458084f,-0.11367751202547743f,0.9797596497802737f,3.737300901090295f,0f,0.993336199421459f,0.11525274365034222f,0.5044150326852221f,-0.9863323720115179f,0.018989949410910135f,-0.16366989259941353f,-0.19233906303419535f,0f,0f,0f,1f], start_interpolation: 0, interpolation_duration: 1 }
$data merge entity $(bone_m_opened) { transformation: [-0.1647678728458084f,-0.11367751202547743f,0.9797596497802737f,3.737300901090295f,0f,0.993336199421459f,0.11525274365034222f,0.5044150326852221f,-0.9863323720115179f,0.018989949410910135f,-0.16366989259941353f,-0.19233906303419535f,0f,0f,0f,1f], start_interpolation: 0, interpolation_duration: 1 }
$data merge entity $(bone_head) { transformation: [-0.1647678728458084f,-0.11367751202547743f,0.9797596497802737f,3.676065922979028f,0f,0.993336199421459f,0.11525274365034222f,0.4972117362070757f,-0.9863323720115179f,0.018989949410910135f,-0.16366989259941353f,-0.182109694746732f,0f,0f,0f,1f], start_interpolation: 0, interpolation_duration: 1 }
$data merge entity $(item_display_r_item) { transformation: [-0.07208594437004118f,-0.431257347443666f,-0.015065420675588264f,3.5282595089930804f,0f,-0.015274182520101185f,0.43723328938719047f,-0.2566523284781004f,-0.4315204127550391f,0.07204199902970314f,0.0025166945632957016f,-0.47424879486257376f,0f,0f,0f,1f], start_interpolation: 0, interpolation_duration: 1 }
$data merge entity $(bone_rightarm) { transformation: [-0.1647678728458084f,-0.03443524725848768f,0.9857310798712365f,3.6299538644404303f,0f,0.9993903757421496f,0.03491241718880293f,0.37233070850934347f,-0.9863323720115179f,0.0057524447161044975f,-0.16466742635360718f,-0.49123694520920935f,0f,0f,0f,1f], start_interpolation: 0, interpolation_duration: 1 }
$data merge entity $(item_display_l_item) { transformation: [-0.07208594437004118f,-0.4309293209652767f,-0.022578462230294607f,3.6420660678794023f,0f,-0.022891332446331743f,0.4369007174391358f,-0.25835355424551665f,-0.4315204127550391f,0.07198720185725399f,0.0037717561537883165f,0.14040033618036432f,0f,0f,0f,1f], start_interpolation: 0, interpolation_duration: 1 }
$data merge entity $(bone_leftarm) { transformation: [-0.1647678728458084f,-0.05160791366924504f,0.9849813050634896f,3.7329337849690605f,0f,0.9986302112894532f,0.05232304559161563f,0.37233070850934347f,-0.9863323720115179f,0.00862115692294476f,-0.1645421756737234f,0.12522078729798938f,0f,0f,0f,1f], start_interpolation: 0, interpolation_duration: 1 }
$data merge entity $(bone_body) { transformation: [-0.1647678728458084f,-0.04302321380574109f,0.9853936021467223f,3.7083333333333335f,0f,0.9990482215818578f,0.043619387365336f,-0.2520744299793176f,-0.9863323720115179f,0.007187073671023744f,-0.16461105034043055f,-0.1874999999999998f,0f,0f,0f,1f], start_interpolation: 0, interpolation_duration: 1 }
$data merge entity $(bone_leftleg) { transformation: [-0.1647678728458084f,0.017213873438595175f,0.9861821488138525f,3.7289293174390594f,0f,0.9998476951563913f,-0.017452406437283758f,-0.2335694444444445f,-0.9863323720115179f,-0.0028755958847117382f,-0.16474277790070288f,-0.06420845349856007f,0f,0f,0f,1f], start_interpolation: 0, interpolation_duration: 1 }
$data merge entity $(bone_rightleg) { transformation: [-0.1647678728458084f,-0.025780929611903012f,0.9859953811992294f,3.6877373492276075f,0f,0.9996583394990866f,0.02613817648438893f,-0.18000000000000005f,-0.9863323720115179f,0.0043067317394010944f,-0.16471157817183746f,-0.31079154650143953f,0f,0f,0f,1f], start_interpolation: 0, interpolation_duration: 1 }
data modify entity @s data merge value {"locators":{},"cameras":{"camera":{"posx":6.125,"posy":0.5630340767125835,"posz":1.6481184284345785,"roty":109.73711247727617,"rotx":-6.222493466200775}}}