# This file was generated by Animated Java via MC-Build. It is not recommended to edit this file directly.
$data merge entity $(bone_left_eye) { transformation: [-0.10036171485121491f,-0.1007746699140819f,0.989834325579706f,3.3878991556740785f,0f,0.9948573434126252f,0.10128606151872092f,0.7226789866598694f,-0.9949510169813001f,0.010165242824544481f,-0.09984558901721508f,-0.011511794196005343f,0f,0f,0f,1f], start_interpolation: 0, interpolation_duration: 1 }
$data merge entity $(bone_right_eye) { transformation: [-0.10036171485121491f,-0.1007746699140819f,0.989834325579706f,3.362808726961275f,0f,0.9948573434126252f,0.10128606151872092f,0.7226789866598694f,-0.9949510169813001f,0.010165242824544481f,-0.09984558901721508f,-0.26024954844133036f,0f,0f,0f,1f], start_interpolation: 0, interpolation_duration: 1 }
$data merge entity $(bone_right_close) { transformation: [-0.10036171485121491f,-0.1007746699140819f,0.989834325579706f,3.356510310091645f,0f,0.9948573434126252f,0.10128606151872092f,0.7848575706231584f,-0.9949510169813001f,0.010165242824544481f,-0.09984558901721508f,-0.25961422076479634f,0f,0f,0f,1f], start_interpolation: 0, interpolation_duration: 1 }
$data merge entity $(bone_left_close) { transformation: [-0.10036171485121491f,-0.1007746699140819f,0.989834325579706f,3.3816007388044484f,0f,0.9948573434126252f,0.10128606151872092f,0.7848575706231584f,-0.9949510169813001f,0.010165242824544481f,-0.09984558901721508f,-0.0108764665194713f,0f,0f,0f,1f], start_interpolation: 0, interpolation_duration: 1 }
$data merge entity $(bone_left_eyebrow) { transformation: [-0.10036171485121491f,-0.1007746699140819f,0.989834325579706f,3.384058240906952f,0f,0.9948573434126252f,0.10128606151872092f,0.7599798066589981f,-0.9949510169813001f,0.010165242824544481f,-0.09984558901721508f,-0.011124357240771321f,0f,0f,0f,1f], start_interpolation: 0, interpolation_duration: 1 }
$data merge entity $(bone_right_eyebrow) { transformation: [-0.10036171485121491f,-0.1007746699140819f,0.989834325579706f,3.358967812194148f,0f,0.9948573434126252f,0.10128606151872092f,0.7599798066589981f,-0.9949510169813001f,0.010165242824544481f,-0.09984558901721508f,-0.25986211148609634f,0f,0f,0f,1f], start_interpolation: 0, interpolation_duration: 1 }
$data merge entity $(bone_talking) { transformation: [-0.10036171485121491f,-0.1007746699140819f,0.989834325579706f,3.7098708355398555f,0f,0.9948573434126252f,0.10128606151872092f,0.5056165450313134f,-0.9949510169813001f,0.010165242824544481f,-0.09984558901721508f,-0.16962372859268368f,0f,0f,0f,1f], start_interpolation: 0, interpolation_duration: 1 }
$data merge entity $(bone_m_opened) { transformation: [-0.10036171485121491f,-0.1007746699140819f,0.989834325579706f,3.7098708355398555f,0f,0.9948573434126252f,0.10128606151872092f,0.5056165450313134f,-0.9949510169813001f,0.010165242824544481f,-0.09984558901721508f,-0.16962372859268368f,0f,0f,0f,1f], start_interpolation: 0, interpolation_duration: 1 }
$data merge entity $(bone_head) { transformation: [-0.10036171485121491f,-0.1007746699140819f,0.989834325579706f,3.648006190191124f,0f,0.9948573434126252f,0.10128606151872092f,0.4992861661863933f,-0.9949510169813001f,0.010165242824544481f,-0.09984558901721508f,-0.16338337927910773f,0f,0f,0f,1f], start_interpolation: 0, interpolation_duration: 1 }
$data merge entity $(item_display_r_item) { transformation: [-0.04390825024740652f,-0.4346948131359277f,-0.022775754497534773f,3.530406322628023f,0f,-0.022891332446331722f,0.4369007174391358f,-0.25627912426619903f,-0.43529106992931876f,0.04384810522191776f,0.0022974133795431078f,-0.465606775700585f,0f,0f,0f,1f], start_interpolation: 0, interpolation_duration: 1 }
$data merge entity $(bone_rightarm) { transformation: [-0.10036171485121491f,-0.05205886742293685f,0.993588144310692f,3.6220680485275243f,0f,0.9986302112894532f,0.05232304559161559f,0.3744051384886611f,-0.9949510169813001f,0.00525123058181284f,-0.10022424050724059f,-0.4748527866503571f,0f,0f,0f,1f], start_interpolation: 0, interpolation_duration: 1 }
$data merge entity $(item_display_l_item) { transformation: [-0.04390825024740652f,-0.43502570593386425f,-0.015197063431932688f,3.5822111520883335f,0f,-0.015274182520101204f,0.43723328938719047f,-0.25457789849878276f,-0.43529106992931876f,0.04388148271293594f,0.001532943150667808f,0.15733924666569746f,0f,0f,0f,1f], start_interpolation: 0, interpolation_duration: 1 }
$data merge entity $(bone_leftarm) { transformation: [-0.10036171485121491f,-0.03473614498727494f,0.9943444707059754f,3.6847941203095336f,0f,0.9993903757421496f,0.034912417188802974f,0.3744051384886611f,-0.9949510169813001f,0.003503870058669298f,-0.10030053191528214f,0.1469915989629555f,0f,0f,0f,1f], start_interpolation: 0, interpolation_duration: 1 }
$data merge entity $(bone_body) { transformation: [-0.10036171485121491f,-0.04339915381924232f,0.9940040440762287f,3.6805555555555554f,0f,0.9990482215818578f,0.043619387365336f,-0.25f,-0.9949510169813001f,0.004377716516744538f,-0.10026619273701178f,-0.16666666666666613f,0f,0f,0f,1f], start_interpolation: 0, interpolation_duration: 1 }
$data merge entity $(bone_leftleg) { transformation: [-0.10036171485121491f,-0.017364289533546462f,0.9947994811222604f,3.693100769911957f,0f,0.9998476951563913f,0.017452406437283758f,-0.2292777777777778f,-0.9949510169813001f,0.00175155343832618f,-0.1003464292759302f,-0.04229778954400362f,0f,0f,0f,1f], start_interpolation: 0, interpolation_duration: 1 }
$data merge entity $(bone_rightleg) { transformation: [-0.10036171485121491f,0.026006205275179314f,0.9946110815184539f,3.6680103411991536f,0f,0.9996583394990866f,-0.026138176484388775f,-0.18000000000000005f,-0.9949510169813001f,-0.0026232722150569573f,-0.10032742521744631f,-0.2910355437893286f,0f,0f,0f,1f], start_interpolation: 0, interpolation_duration: 1 }
data modify entity @s data merge value {"locators":{},"cameras":{"camera":{"posx":6.125,"posy":0.5646584759544209,"posz":1.653565250053921,"roty":109.3536200287599,"rotx":-6.2290613068716665}}}