# This file was generated by Animated Java via MC-Build. It is not recommended to edit this file directly.
$data merge entity $(bone_left_eye) { transformation: [-0.04494889526153699f,-0.08551516648643699f,0.9953224367588447f,3.355505513340684f,0f,0.9963294392400639f,0.08560168516787467f,0.724740980270964f,-0.9989892876376439f,0.003847701180821863f,-0.044783907610387516f,-0.007331287725282673f,0f,0f,0f,1f], start_interpolation: 0, interpolation_duration: 1 }
$data merge entity $(bone_right_eye) { transformation: [-0.04494889526153699f,-0.08551516648643699f,0.9953224367588447f,3.3442682895252998f,0f,0.9963294392400639f,0.08560168516787467f,0.724740980270964f,-0.9989892876376439f,0.003847701180821863f,-0.044783907610387516f,-0.25707860963469364f,0f,0f,0f,1f], start_interpolation: 0, interpolation_duration: 1 }
$data merge entity $(bone_right_close) { transformation: [-0.04494889526153699f,-0.08551516648643699f,0.9953224367588447f,3.3389235916198974f,0f,0.9963294392400639f,0.08560168516787467f,0.787011570223468f,-0.9989892876376439f,0.003847701180821863f,-0.044783907610387516f,-0.2568381283108923f,0f,0f,0f,1f], start_interpolation: 0, interpolation_duration: 1 }
$data merge entity $(bone_left_close) { transformation: [-0.04494889526153699f,-0.08551516648643699f,0.9953224367588447f,3.3501608154352818f,0f,0.9963294392400639f,0.08560168516787467f,0.787011570223468f,-0.9989892876376439f,0.003847701180821863f,-0.044783907610387516f,-0.007090806401481312f,0f,0f,0f,1f], start_interpolation: 0, interpolation_duration: 1 }
$data merge entity $(bone_left_eyebrow) { transformation: [-0.04494889526153699f,-0.08551516648643699f,0.9953224367588447f,3.352236486945145f,0f,0.9963294392400639f,0.08560168516787467f,0.7620979841371436f,-0.9989892876376439f,0.003847701180821863f,-0.044783907610387516f,-0.007184199936776214f,0f,0f,0f,1f], start_interpolation: 0, interpolation_duration: 1 }
$data merge entity $(bone_right_eyebrow) { transformation: [-0.04494889526153699f,-0.08551516648643699f,0.9953224367588447f,3.340999263129761f,0f,0.9963294392400639f,0.08560168516787467f,0.7620979841371436f,-0.9989892876376439f,0.003847701180821863f,-0.044783907610387516f,-0.25693152184618717f,0f,0f,0f,1f], start_interpolation: 0, interpolation_duration: 1 }
$data merge entity $(bone_talking) { transformation: [-0.04494889526153699f,-0.08551516648643699f,0.9953224367588447f,3.6823039545417404f,0f,0.9963294392400639f,0.08560168516787467f,0.5024091470759089f,-0.9989892876376439f,0.003847701180821863f,-0.044783907610387516f,-0.14716184510343974f,0f,0f,0f,1f], start_interpolation: 0, interpolation_duration: 1 }
$data merge entity $(bone_m_opened) { transformation: [-0.04494889526153699f,-0.08551516648643699f,0.9953224367588447f,3.6823039545417404f,0f,0.9963294392400639f,0.08560168516787467f,0.5024091470759089f,-0.9989892876376439f,0.003847701180821863f,-0.044783907610387516f,-0.14716184510343974f,0f,0f,0f,1f], start_interpolation: 0, interpolation_duration: 1 }
$data merge entity $(bone_head) { transformation: [-0.04494889526153699f,-0.08551516648643699f,0.9953224367588447f,3.6200963022443124f,0f,0.9963294392400639f,0.08560168516787467f,0.4970590417529167f,-0.9989892876376439f,0.003847701180821863f,-0.044783907610387516f,-0.14436285087779052f,0f,0f,0f,1f], start_interpolation: 0, interpolation_duration: 1 }
$data merge entity $(item_display_r_item) { transformation: [-0.019665141676922432f,-0.4360037780963479f,-0.030335419702670674f,3.5302604908974238f,0f,-0.03036611110656275f,0.4364448983505981f,-0.2599907296189735f,-0.4370578133414692f,0.01961771602339319f,0.001364923147629084f,-0.4531369121637406f,0f,0f,0f,1f], start_interpolation: 0, interpolation_duration: 1 }
$data merge entity $(bone_rightarm) { transformation: [-0.04494889526153699f,-0.0693381021775332f,0.9965800642202237f,3.6114966850639934f,0f,0.9975883390870813f,0.06940825395785793f,0.37217801405518447f,-0.9989892876376439f,0.0031198243374379164f,-0.04484049376775586f,-0.45679208367381136f,0f,0f,0f,1f], start_interpolation: 0, interpolation_duration: 1 }
$data merge entity $(item_display_l_item) { transformation: [-0.019665141676922432f,-0.43698855812329984f,-0.00778024884858374f,3.5258505120652024f,0f,-0.0077881203981496686f,0.437430674713907f,-0.2549481270784397f,-0.4370578133414692f,0.01966202558189886f,0.00035006740806066904f,0.1726938463973148f,0f,0f,0f,1f], start_interpolation: 0, interpolation_duration: 1 }
$data merge entity $(bone_leftarm) { transformation: [-0.04494889526153699f,-0.0177834259396202f,0.998830989996114f,3.639589744602454f,0f,0.999841542203216f,0.01780141805291375f,0.37217801405518447f,-0.9989892876376439f,0.0008001540755672536f,-0.044941772758625965f,0.1675762210997161f,0f,0f,0f,1f], start_interpolation: 0, interpolation_duration: 1 }
$data merge entity $(bone_body) { transformation: [-0.04494889526153699f,-0.04357530071128746f,0.9980384711937151f,3.652777777777778f,0f,0.9990482215818578f,0.043619387365336f,-0.2522271244334766f,-0.9989892876376439f,0.0019606432740568976f,-0.04490611387310772f,-0.1458333333333332f,0f,0f,0f,1f], start_interpolation: 0, interpolation_duration: 1 }
$data merge entity $(bone_leftleg) { transformation: [-0.04494889526153699f,-0.05228305964497287f,0.9976202075383837f,3.6583963896854703f,0f,0.9986295347545739f,0.052335956242943335f,-0.22487500000000005f,-0.9989892876376439f,0.0023524434155764427f,-0.04488729436276076f,-0.02095967237862771f,0f,0f,0f,1f], start_interpolation: 0, interpolation_duration: 1 }
$data merge entity $(bone_rightleg) { transformation: [-0.04494889526153699f,0.07733683912607674f,0.9959912701066986f,3.647159165870086f,0f,0.9969989492699818f,-0.07741508350801111f,-0.18249999999999988f,-0.9989892876376439f,-0.003479722480264731f,-0.04481400134659884f,-0.2707069942880387f,0f,0f,0f,1f], start_interpolation: 0, interpolation_duration: 1 }
data modify entity @s data merge value {"locators":{},"cameras":{"camera":{"posx":6.125,"posy":0.5662807542849908,"posz":1.6588556153978984,"roty":108.98445807944839,"rotx":-6.23522241379874}}}