# This file was generated by Animated Java via MC-Build. It is not recommended to edit this file directly.
$data merge entity $(bone_left_eye) { transformation: [0.0145358819437046f,-0.056647322992989524f,0.9982884297305297f,3.2829879923928598f,0f,0.9983939115579175f,0.05665330850075259f,0.7115952394290331f,-0.9998943484869383f,-0.0008235058040872158f,0.01451253603171934f,0.0019272484030167375f,0f,0f,0f,1f], start_interpolation: 0, interpolation_duration: 1 }
$data merge entity $(bone_right_eye) { transformation: [0.0145358819437046f,-0.056647322992989524f,0.9982884297305297f,3.286621962878786f,0f,0.9983939115579175f,0.05665330850075259f,0.7115952394290331f,-0.9998943484869383f,-0.0008235058040872158f,0.01451253603171934f,-0.24804633871871784f,0f,0f,0f,1f], start_interpolation: 0, interpolation_duration: 1 }
$data merge entity $(bone_right_close) { transformation: [0.0145358819437046f,-0.056647322992989524f,0.9982884297305297f,3.283081505191724f,0f,0.9983939115579175f,0.05665330850075259f,0.773994858901403f,-0.9998943484869383f,-0.0008235058040872158f,0.01451253603171934f,-0.24809780783147328f,0f,0f,0f,1f], start_interpolation: 0, interpolation_duration: 1 }
$data merge entity $(bone_left_close) { transformation: [0.0145358819437046f,-0.056647322992989524f,0.9982884297305297f,3.279447534705798f,0f,0.9983939115579175f,0.05665330850075259f,0.773994858901403f,-0.9998943484869383f,-0.0008235058040872158f,0.01451253603171934f,0.0018757792902612813f,0f,0f,0f,1f], start_interpolation: 0, interpolation_duration: 1 }
$data merge entity $(bone_left_eyebrow) { transformation: [0.0145358819437046f,-0.056647322992989524f,0.9982884297305297f,3.280801324753764f,0f,0.9983939115579175f,0.05665330850075259f,0.7490314702806739f,-0.9998943484869383f,-0.0008235058040872158f,0.01451253603171934f,0.0018954599018614904f,0f,0f,0f,1f], start_interpolation: 0, interpolation_duration: 1 }
$data merge entity $(bone_right_eyebrow) { transformation: [0.0145358819437046f,-0.056647322992989524f,0.9982884297305297f,3.2844352952396902f,0f,0.9983939115579175f,0.05665330850075259f,0.7490314702806739f,-0.9998943484869383f,-0.0008235058040872158f,0.01451253603171934f,-0.24807812721987305f,0f,0f,0f,1f], start_interpolation: 0, interpolation_duration: 1 }
$data merge entity $(bone_talking) { transformation: [0.0145358819437046f,-0.056647322992989524f,0.9982884297305297f,3.6109319426748607f,0f,0.9983939115579175f,0.05665330850075259f,0.47970092044603896f,-0.9998943484869383f,-0.0008235058040872158f,0.01451253603171934f,-0.11831850119691645f,0f,0f,0f,1f], start_interpolation: 0, interpolation_duration: 1 }
$data merge entity $(bone_m_opened) { transformation: [0.0145358819437046f,-0.056647322992989524f,0.9982884297305297f,3.6109319426748607f,0f,0.9983939115579175f,0.05665330850075259f,0.47970092044603896f,-0.9998943484869383f,-0.0008235058040872158f,0.01451253603171934f,-0.11831850119691645f,0f,0f,0f,1f], start_interpolation: 0, interpolation_duration: 1 }
$data merge entity $(bone_head) { transformation: [0.0145358819437046f,-0.056647322992989524f,0.9982884297305297f,3.5485389158167027f,0f,0.9983939115579175f,0.05665330850075259f,0.4761600886647419f,-0.9998943484869383f,-0.0008235058040872158f,0.01451253603171934f,-0.1192255346988989f,0f,0f,0f,1f], start_interpolation: 0, interpolation_duration: 1 }
$data merge entity $(item_display_r_item) { transformation: [0.006359448350370762f,-0.43525585207420975f,-0.043796696814173586f,3.4967411211441815f,0f,-0.0438013244903801f,0.4353018423724949f,-0.28309537799094886f,-0.4374537774630355f,-0.006327496190603696f,-0.0006366908817700622f,-0.43251156046984673f,0f,0f,0f,1f], start_interpolation: 0, interpolation_duration: 1 }
$data merge entity $(bone_rightarm) { transformation: [0.0145358819437046f,-0.10010673557525412f,0.9948705190267652f,3.5585332262879934f,0f,0.9949756397085598f,0.10011731312086902f,0.35127906096700967f,-0.9998943484869383f,-0.0014552934440458596f,0.01446284843566559f,-0.4316132628179172f,0f,0f,0f,1f], start_interpolation: 0, interpolation_duration: 1 }
$data merge entity $(item_display_l_item) { transformation: [0.006359448350370762f,-0.43741670579046615f,0.00569499008741898f,3.4163363982938746f,0f,0.005695591835314161f,0.4374629244103385f,-0.27204066195195564f,-0.4374537774630355f,-0.00635890942397645f,0.00008279045051765444f,0.1913856016502579f,0f,0f,0f,1f], start_interpolation: 0, interpolation_duration: 1 }
$data merge entity $(bone_leftarm) { transformation: [0.0145358819437046f,0.013017120199814589f,0.9998096132353512f,3.549448300073178f,0f,0.9999152557950595f,-0.013018495623575002f,0.35127906096700967f,-0.9998943484869383f,0.00018923531546892122f,0.01453465011194617f,0.19332070498641923f,0f,0f,0f,1f], start_interpolation: 0, interpolation_duration: 1 }
$data merge entity $(bone_body) { transformation: [0.0145358819437046f,-0.043614778911062024f,0.998942670625626f,3.5812499999999994f,0f,0.9990482215818578f,0.043619387365336f,-0.2731260775216514f,-0.9998943484869383f,-0.0006340462651992441f,0.014522047004981919f,-0.11874999999999947f,0f,0f,0f,1f], start_interpolation: 0, interpolation_duration: 1 }
$data merge entity $(bone_leftleg) { transformation: [0.0145358819437046f,-0.12185646772462139f,0.9924412876386175f,3.5794330147570363f,0f,0.992546151641322f,0.12186934340514798f,-0.21623611111111107f,-0.9998943484869383f,-0.0017714783882940256f,0.014427533683936579f,0.006236793560867815f,0f,0f,0f,1f], start_interpolation: 0, interpolation_duration: 1 }
$data merge entity $(bone_rightleg) { transformation: [0.0145358819437046f,0.1691213933116529f,0.9854880326317736f,3.5830669852429624f,0f,0.9855921619349439f,-0.1691392631307208f,-0.19700000000000017f,-0.9998943484869383f,0.0024585883609133455f,0.014326451310526931f,-0.24373679356086675f,0f,0f,0f,1f], start_interpolation: 0, interpolation_duration: 1 }
data modify entity @s data merge value {"locators":{},"cameras":{"camera":{"posx":6.125,"posy":0.5695188410504974,"posz":1.668972121027717,"roty":108.29278115547352,"rotx":-6.246423735439768}}}