# This file was generated by Animated Java via MC-Build. It is not recommended to edit this file directly.
$data merge entity $(bone_left_eye) { transformation: [0.027956033381607914f,-0.04717636596608197f,0.9984952932747357f,3.2398858268496125f,0f,0.9988857040379271f,0.04719481188281835f,0.6978349667468217f,-0.9996091537183751f,-0.0013193797364347757f,0.027924882086495212f,0.00422550997211181f,0f,0f,0f,1f], start_interpolation: 0, interpolation_duration: 1 }
$data merge entity $(bone_right_eye) { transformation: [0.027956033381607914f,-0.04717636596608197f,0.9984952932747357f,3.246874835195014f,0f,0.9988857040379271f,0.04719481188281835f,0.6978349667468217f,-0.9996091537183751f,-0.0013193797364347757f,0.027924882086495212f,-0.24567677845748198f,0f,0f,0f,1f], start_interpolation: 0, interpolation_duration: 1 }
$data merge entity $(bone_right_close) { transformation: [0.027956033381607914f,-0.04717636596608197f,0.9984952932747357f,3.2439263123221336f,0f,0.9988857040379271f,0.04719481188281835f,0.7602653232491922f,-0.9996091537183751f,-0.0013193797364347757f,0.027924882086495212f,-0.24575923969100916f,0f,0f,0f,1f], start_interpolation: 0, interpolation_duration: 1 }
$data merge entity $(bone_left_close) { transformation: [0.027956033381607914f,-0.04717636596608197f,0.9984952932747357f,3.236937303976732f,0f,0.9988857040379271f,0.04719481188281835f,0.7602653232491922f,-0.9996091537183751f,-0.0013193797364347757f,0.027924882086495212f,0.004143048738584634f,0f,0f,0f,1f], start_interpolation: 0, interpolation_duration: 1 }
$data merge entity $(bone_left_eyebrow) { transformation: [0.027956033381607914f,-0.04717636596608197f,0.9984952932747357f,3.2380543071700543f,0f,0.9988857040379271f,0.04719481188281835f,0.7352902309725015f,-0.9996091537183751f,-0.0013193797364347757f,0.027924882086495212f,0.004174287926865097f,0f,0f,0f,1f], start_interpolation: 0, interpolation_duration: 1 }
$data merge entity $(bone_right_eyebrow) { transformation: [0.027956033381607914f,-0.04717636596608197f,0.9984952932747357f,3.2450433155154563f,0f,0.9988857040379271f,0.04719481188281835f,0.7352902309725015f,-0.9996091537183751f,-0.0013193797364347757f,0.027924882086495212f,-0.2457280005027287f,0f,0f,0f,1f], start_interpolation: 0, interpolation_duration: 1 }
$data merge entity $(bone_talking) { transformation: [0.027956033381607914f,-0.04717636596608197f,0.9984952932747357f,3.5672042016621885f,0f,0.9988857040379271f,0.04719481188281835f,0.46286191945072064f,-0.9996091537183751f,-0.0013193797364347757f,0.027924882086495212f,-0.11166926365654663f,0f,0f,0f,1f], start_interpolation: 0, interpolation_duration: 1 }
$data merge entity $(bone_m_opened) { transformation: [0.027956033381607914f,-0.04717636596608197f,0.9984952932747357f,3.5672042016621885f,0f,0.9988857040379271f,0.04719481188281835f,0.46286191945072064f,-0.9996091537183751f,-0.0013193797364347757f,0.027924882086495212f,-0.11166926365654663f,0f,0f,0f,1f], start_interpolation: 0, interpolation_duration: 1 }
$data merge entity $(bone_head) { transformation: [0.027956033381607914f,-0.04717636596608197f,0.9984952932747357f,3.5047982458325175f,0f,0.9988857040379271f,0.04719481188281835f,0.4599122437080445f,-0.9996091537183751f,-0.0013193797364347757f,0.027924882086495212f,-0.11341456878695258f,0f,0f,0f,1f], start_interpolation: 0, interpolation_duration: 1 }
$data merge entity $(item_display_r_item) { transformation: [0.012230764604453463f,-0.4345522473404649f,-0.049203686127584245f,3.4651179938533616f,0f,-0.049222924724683585f,0.434722156879021f,-0.3000641294524845f,-0.4373290047517891f,-0.012153107129434505f,-0.0013760777267436278f,-0.4271464921915621f,0f,0f,0f,1f], start_interpolation: 0, interpolation_duration: 1 }
$data merge entity $(bone_rightarm) { transformation: [0.027956033381607914f,-0.11246556829162135f,0.9932622796353483f,3.518984798625517f,0f,0.9936506442949051f,0.11250954222784841f,0.33503121601031227f,-0.9996091537183751f,-0.0031453205182711552f,0.02777853058156458f,-0.425640001192786f,0f,0f,0f,1f], start_interpolation: 0, interpolation_duration: 1 }
$data merge entity $(item_display_l_item) { transformation: [0.012230764604453463f,-0.4371870286547962f,0.0111427273672477f,3.360683516193145f,0f,0.011147084163644023f,0.4373579683904806f,-0.28658100050076174f,-0.4373290047517891f,-0.012226793964036496f,0.00031162825698642535f,0.19517716695292173f,0f,0f,0f,1f], start_interpolation: 0, interpolation_duration: 1 }
$data merge entity $(bone_leftarm) { transformation: [0.027956033381607914f,0.02546909112513738f,0.9992846369252484f,3.501512277762012f,0f,0.9996753563210985f,-0.0254790495169004f,0.33503121601031227f,-0.9996091537183751f,0.0007122931588261089f,0.02794695763208342f,0.19911571988119847f,0f,0f,0f,1f], start_interpolation: 0, interpolation_duration: 1 }
$data merge entity $(bone_body) { transformation: [0.027956033381607914f,-0.043602338889977506f,0.9986577472992886f,3.5375000000000005f,0f,0.9990482215818578f,0.043619387365336f,-0.2893739224783488f,-0.9996091537183751f,-0.0012194250492706196f,0.027929425432378436f,-0.11249999999999961f,0f,0f,0f,1f], start_interpolation: 0, interpolation_duration: 1 }
$data merge entity $(bone_leftleg) { transformation: [0.027956033381607914f,-0.15637332321125166f,0.9873023062798119f,3.5340054958272997f,0f,0.9876883405951378f,0.15643446504023062f,-0.21225000000000005f,-0.9996091537183751f,-0.004373287126698664f,0.027611848220302597f,0.012451144214797275f,0f,0f,0f,1f], start_interpolation: 0, interpolation_duration: 1 }
$data merge entity $(bone_rightleg) { transformation: [0.027956033381607914f,0.20578214813471768f,0.9781984296177475f,3.5409945041727013f,0f,0.9785809043254722f,-0.205862608769881f,-0.21099999999999985f,-0.9996091537183751f,0.005755101962795683f,0.02735724042792696f,-0.23745114421479652f,0f,0f,0f,1f], start_interpolation: 0, interpolation_duration: 1 }
data modify entity @s data merge value {"locators":{},"cameras":{"camera":{"posx":6.125,"posy":0.5711345959045177,"posz":1.6738008331975363,"roty":108.16371313132082,"rotx":-6.248039615273781}}}