# This file was generated by Animated Java via MC-Build. It is not recommended to edit this file directly.
$data merge entity $(bone_left_eye) { transformation: [0.040291520590820876f,-0.043583966982720095f,0.9982369614427873f,3.19557035258273f,0f,0.9990482215818578f,0.043619387365336f,0.6854156541384737f,-0.9991879669854314f,-0.0017574914441894273f,0.0402531719910884f,0.006827711431217881f,0f,0f,0f,1f], start_interpolation: 0, interpolation_duration: 1 }
$data merge entity $(bone_right_eye) { transformation: [0.040291520590820876f,-0.043583966982720095f,0.9982369614427873f,3.205643232730435f,0f,0.9990482215818578f,0.043619387365336f,0.6854156541384737f,-0.9991879669854314f,-0.0017574914441894273f,0.0402531719910884f,-0.24296928031513998f,0f,0f,0f,1f], start_interpolation: 0, interpolation_duration: 1 }
$data merge entity $(bone_right_close) { transformation: [0.040291520590820876f,-0.043583966982720095f,0.9982369614427873f,3.202919234794015f,0f,0.9990482215818578f,0.043619387365336f,0.7478561679873397f,-0.9991879669854314f,-0.0017574914441894273f,0.0402531719910884f,-0.24307912353040184f,0f,0f,0f,1f], start_interpolation: 0, interpolation_duration: 1 }
$data merge entity $(bone_left_close) { transformation: [0.040291520590820876f,-0.043583966982720095f,0.9982369614427873f,3.19284635464631f,0f,0.9990482215818578f,0.043619387365336f,0.7478561679873397f,-0.9991879669854314f,-0.0017574914441894273f,0.0402531719910884f,0.006717868215956033f,0f,0f,0f,1f], start_interpolation: 0, interpolation_duration: 1 }
$data merge entity $(bone_left_eyebrow) { transformation: [0.040291520590820876f,-0.043583966982720095f,0.9982369614427873f,3.193873564010788f,0f,0.9990482215818578f,0.043619387365336f,0.722877236236083f,-0.9991879669854314f,-0.0017574914441894273f,0.0402531719910884f,0.006759289678811328f,0f,0f,0f,1f], start_interpolation: 0, interpolation_duration: 1 }
$data merge entity $(bone_right_eyebrow) { transformation: [0.040291520590820876f,-0.043583966982720095f,0.9982369614427873f,3.203946444158493f,0f,0.9990482215818578f,0.043619387365336f,0.722877236236083f,-0.9991879669854314f,-0.0017574914441894273f,0.0402531719910884f,-0.24303770206754655f,0f,0f,0f,1f], start_interpolation: 0, interpolation_duration: 1 }
$data merge entity $(bone_talking) { transformation: [0.040291520590820876f,-0.043583966982720095f,0.9982369614427873f,3.5234518348531334f,0f,0.9990482215818578f,0.043619387365336f,0.4492846572946767f,-0.9991879669854314f,-0.0017574914441894273f,0.0402531719910884f,-0.10505229533369857f,0f,0f,0f,1f], start_interpolation: 0, interpolation_duration: 1 }
$data merge entity $(bone_m_opened) { transformation: [0.040291520590820876f,-0.043583966982720095f,0.9982369614427873f,3.5234518348531334f,0f,0.9990482215818578f,0.043619387365336f,0.4492846572946767f,-0.9991879669854314f,-0.0017574914441894273f,0.0402531719910884f,-0.10505229533369857f,0f,0f,0f,1f], start_interpolation: 0, interpolation_duration: 1 }
$data merge entity $(bone_head) { transformation: [0.040291520590820876f,-0.043583966982720095f,0.9982369614427873f,3.4610620247629593f,0f,0.9990482215818578f,0.043619387365336f,0.4465584455843432f,-0.9991879669854314f,-0.0017574914441894273f,0.0402531719910884f,-0.1075681185831416f,0f,0f,0f,1f], start_interpolation: 0, interpolation_duration: 1 }
$data merge entity $(item_display_r_item) { transformation: [0.017627540258484134f,-0.4338732255950452f,-0.05338111966029339f,3.4313960844508373f,0f,-0.053424502119801556f,0.434225831305844f,-0.31390934172739526f,-0.43714473555612626f,-0.017495619023125727f,-0.0021525544272143382f,-0.4215183423747236f,0f,0f,0f,1f], start_interpolation: 0, interpolation_duration: 1 }
$data merge entity $(bone_rightarm) { transformation: [0.040291520590820876f,-0.12201398779495654f,0.9917102299315319f,3.479101120820431f,0f,0.9925161858419292f,0.12211314770240378f,0.321677417886611f,-0.9991879669854314f,-0.004920124405061353f,0.03998998633857309f,-0.41959467183556526f,0f,0f,0f,1f], start_interpolation: 0, interpolation_duration: 1 }
$data merge entity $(item_display_l_item) { transformation: [0.017627540258484134f,-0.43687467811444236f,0.015363445148727084f,3.307149805063146f,0f,0.015375930912257568f,0.43722972308453767f,-0.29854334911636926f,-0.43714473555612626f,-0.017616650390579563f,0.0006195196369542651f,0.1989794507945149f,0f,0f,0f,1f], start_interpolation: 0, interpolation_duration: 1 }
$data merge entity $(bone_leftarm) { transformation: [0.040291520590820876f,0.035116446054233114f,0.9985706928330111f,3.453918920451168f,0f,0.999382224193229f,-0.03514498494230279f,0.321677417886611f,-0.9991879669854314f,0.0014160448844668827f,0.04026662946418186f,0.20489780753032943f,0f,0f,0f,1f], start_interpolation: 0, interpolation_duration: 1 }
$data merge entity $(bone_body) { transformation: [0.040291520590820876f,-0.043583966982720095f,0.9982369614427873f,3.4937499999999995f,0f,0.9990482215818578f,0.043619387365336f,-0.3027277206020501f,-0.9991879669854314f,-0.0017574914441894273f,0.0402531719910884f,-0.10624999999999953f,0f,0f,0f,1f], start_interpolation: 0, interpolation_duration: 1 }
$data merge entity $(bone_leftleg) { transformation: [0.040291520590820876f,-0.1906540521728226f,0.9808300697667064f,3.488713559926147f,0f,0.9816271834476639f,0.19080899537654503f,-0.2086527777777778f,-0.9991879669854314f,-0.0076879845661279094f,0.03955125187439105f,0.018648495873179405f,0f,0f,0f,1f], start_interpolation: 0, interpolation_duration: 1 }
$data merge entity $(bone_rightleg) { transformation: [0.040291520590820876f,0.23397170897286834f,0.9714081700134064f,3.498786440073852f,0f,0.9721976265828769f,-0.2341618561307992f,-0.22650000000000015f,-0.9991879669854314f,0.009434737247878931f,0.03917132068981117f,-0.23114849587317846f,0f,0f,0f,1f], start_interpolation: 0, interpolation_duration: 1 }
data modify entity @s data merge value {"locators":{},"cameras":{"camera":{"posx":6.125,"posy":0.5727481226854384,"posz":1.6784782328599477,"roty":108.03508931113903,"rotx":-6.248778766625985}}}