# This file was generated by Animated Java via MC-Build. It is not recommended to edit this file directly.
$data merge entity $(bone_left_eye) { transformation: [0.051574348085943536f,-0.04838378332813853f,0.9974964140939884f,3.149412154502796f,0f,0.9988256935381284f,0.048448260320435525f,0.6766076489242934f,-0.9986691577391934f,-0.0024986874419245476f,0.0515137839957194f,0.009643295757531936f,0f,0f,0f,1f], start_interpolation: 0, interpolation_duration: 1 }
$data merge entity $(bone_right_eye) { transformation: [0.051574348085943536f,-0.04838378332813853f,0.9974964140939884f,3.162305741524282f,0f,0.9988256935381284f,0.048448260320435525f,0.6766076489242934f,-0.9986691577391934f,-0.0024986874419245476f,0.0515137839957194f,-0.2400239936772664f,0f,0f,0f,1f], start_interpolation: 0, interpolation_duration: 1 }
$data merge entity $(bone_right_close) { transformation: [0.051574348085943536f,-0.04838378332813853f,0.9974964140939884f,3.1592817550662735f,0f,0.9988256935381284f,0.048448260320435525f,0.7390342547704265f,-0.9986691577391934f,-0.0024986874419245476f,0.0515137839957194f,-0.2401801616423867f,0f,0f,0f,1f], start_interpolation: 0, interpolation_duration: 1 }
$data merge entity $(bone_left_close) { transformation: [0.051574348085943536f,-0.04838378332813853f,0.9974964140939884f,3.146388168044788f,0f,0.9988256935381284f,0.048448260320435525f,0.7390342547704265f,-0.9986691577391934f,-0.0024986874419245476f,0.0515137839957194f,0.009487127792411648f,0f,0f,0f,1f], start_interpolation: 0, interpolation_duration: 1 }
$data merge entity $(bone_left_eyebrow) { transformation: [0.051574348085943536f,-0.04838378332813853f,0.9974964140939884f,3.14753541910211f,0f,0.9988256935381284f,0.048448260320435525f,0.7140605844157033f,-0.9986691577391934f,-0.0024986874419245476f,0.0515137839957194f,0.009546375366960028f,0f,0f,0f,1f], start_interpolation: 0, interpolation_duration: 1 }
$data merge entity $(bone_right_eyebrow) { transformation: [0.051574348085943536f,-0.04838378332813853f,0.9974964140939884f,3.160429006123596f,0f,0.9988256935381284f,0.048448260320435525f,0.7140605844157033f,-0.9986691577391934f,-0.0024986874419245476f,0.0515137839957194f,-0.2401209140678383f,0f,0f,0f,1f], start_interpolation: 0, interpolation_duration: 1 }
$data merge entity $(bone_talking) { transformation: [0.051574348085943536f,-0.04838378332813853f,0.9974964140939884f,3.479672523249945f,0f,0.9988256935381284f,0.048448260320435525f,0.4420413068898974f,-0.9986691577391934f,-0.0024986874419245476f,0.0515137839957194f,-0.0984676196007238f,0f,0f,0f,1f], start_interpolation: 0, interpolation_duration: 1 }
$data merge entity $(bone_m_opened) { transformation: [0.051574348085943536f,-0.04838378332813853f,0.9974964140939884f,3.479672523249945f,0f,0.9988256935381284f,0.048448260320435525f,0.4420413068898974f,-0.9986691577391934f,-0.0024986874419245476f,0.0515137839957194f,-0.0984676196007238f,0f,0f,0f,1f], start_interpolation: 0, interpolation_duration: 1 }
$data merge entity $(bone_head) { transformation: [0.051574348085943536f,-0.04838378332813853f,0.9974964140939884f,3.417328997369071f,0f,0.9988256935381284f,0.048448260320435525f,0.43901329061987016f,-0.9986691577391934f,-0.0024986874419245476f,0.0515137839957194f,-0.10168723110045626f,0f,0f,0f,1f], start_interpolation: 0, interpolation_duration: 1 }
$data merge entity $(item_display_r_item) { transformation: [0.022563777287600298f,-0.43330560809400126f,-0.05606581800708325f,3.3951835716629164f,0f,-0.05614053219987901f,0.43388303797718847f,-0.3217408005309539f,-0.4369177565108971f,-0.022377234829222176f,-0.002895411349406682f,-0.415747331448313f,0f,0f,0f,1f], start_interpolation: 0, interpolation_duration: 1 }
$data merge entity $(bone_rightarm) { transformation: [0.051574348085943536f,-0.12815044115904764f,0.9904128185005743f,3.4388911482510833f,0f,0.9917326582335736f,0.12832121645686653f,0.3141322629221379f,-0.9986691577391934f,-0.006618083084358141f,0.0511479653239364f,-0.41349013771054477f,0f,0f,0f,1f], start_interpolation: 0, interpolation_duration: 1 }
$data merge entity $(item_display_l_item) { transformation: [0.022563777287600298f,-0.43654320744782615f,0.018087398532674874f,3.2560914092370252f,0f,0.01811150208505635f,0.4371249518069439f,-0.30515723906348013f,-0.4369177565108971f,-0.022544434421542615f,0.0009340889128939885f,0.20290240616616181f,0f,0f,0f,1f], start_interpolation: 0, interpolation_duration: 1 }
$data merge entity $(bone_leftarm) { transformation: [0.051574348085943536f,0.041342625217542346f,0.9978130455950311f,3.4066571806973682f,0f,0.9991427469873003f,-0.04139771905155715f,0.3141322629221379f,-0.9986691577391934f,0.0021350603723291053f,0.051530135820668836f,0.21067808587645112f,0f,0f,0f,1f], start_interpolation: 0, interpolation_duration: 1 }
$data merge entity $(bone_body) { transformation: [0.051574348085943536f,-0.043561336841239716f,0.997718645987993f,3.4500000000000006f,0f,0.9990482215818578f,0.043619387365336f,-0.31027287556652317f,-0.9986691577391934f,-0.0022496414672754463f,0.051525260734505585f,-0.09999999999999967f,0f,0f,0f,1f], start_interpolation: 0, interpolation_duration: 1 }
$data merge entity $(bone_leftleg) { transformation: [0.051574348085943536f,-0.22465167997413069f,0.9730733319253543f,3.443553206489258f,0f,0.9743700647852354f,0.2249510543438645f,-0.20556944444444447f,-0.9986691577391934f,-0.01160170397903047f,0.050252500885757084f,0.024833644717399503f,0f,0f,0f,1f], start_interpolation: 0, interpolation_duration: 1 }
$data merge entity $(bone_rightleg) { transformation: [0.051574348085943536f,0.25203374349814583f,0.966343147519462f,3.4564467935107435f,0f,0.9676309116295214f,-0.2523696076373328f,-0.24049999999999983f,-0.9986691577391934f,0.013015797990600795f,0.049904933455099804f,-0.22483364471739886f,0f,0f,0f,1f], start_interpolation: 0, interpolation_duration: 1 }
data modify entity @s data merge value {"locators":{},"cameras":{"camera":{"posx":6.125,"posy":0.5743593946028015,"posz":1.6830056059569412,"roty":107.90691657130688,"rotx":-6.248665021808962}}}