# This file was generated by Animated Java via MC-Build. It is not recommended to edit this file directly.
$data merge entity $(bone_left_eye) { transformation: [0.0618372099914183f,-0.06077963071012856f,0.9962339062445212f,3.1016150314891515f,0f,0.99814410601679f,0.060896170847954956f,0.6710981499786021f,-0.9980862485078517f,-0.0037656493043982755f,0.061722446685456726f,0.012615781153862651f,0f,0f,0f,1f], start_interpolation: 0, interpolation_duration: 1 }
$data merge entity $(bone_right_eye) { transformation: [0.0618372099914183f,-0.06077963071012856f,0.9962339062445212f,3.1170743339870057f,0f,0.99814410601679f,0.060896170847954956f,0.6710981499786021f,-0.9980862485078517f,-0.0037656493043982755f,0.061722446685456726f,-0.23690578097310028f,0f,0f,0f,1f], start_interpolation: 0, interpolation_duration: 1 }
$data merge entity $(bone_right_close) { transformation: [0.0618372099914183f,-0.06077963071012856f,0.9962339062445212f,3.1132756070676226f,0f,0.99814410601679f,0.060896170847954956f,0.7334821566046514f,-0.9980862485078517f,-0.0037656493043982755f,0.061722446685456726f,-0.23714113405462517f,0f,0f,0f,1f], start_interpolation: 0, interpolation_duration: 1 }
$data merge entity $(bone_left_close) { transformation: [0.0618372099914183f,-0.06077963071012856f,0.9962339062445212f,3.0978163045697684f,0f,0.99814410601679f,0.060896170847954956f,0.7334821566046514f,-0.9980862485078517f,-0.0037656493043982755f,0.061722446685456726f,0.01238042807233776f,0f,0f,0f,1f], start_interpolation: 0, interpolation_duration: 1 }
$data merge entity $(bone_left_eyebrow) { transformation: [0.0618372099914183f,-0.06077963071012856f,0.9962339062445212f,3.099273530718381f,0f,0.99814410601679f,0.060896170847954956f,0.7085247479435538f,-0.9980862485078517f,-0.0037656493043982755f,0.061722446685456726f,0.01247071165202987f,0f,0f,0f,1f], start_interpolation: 0, interpolation_duration: 1 }
$data merge entity $(bone_right_eyebrow) { transformation: [0.0618372099914183f,-0.06077963071012856f,0.9962339062445212f,3.1147328332162356f,0f,0.99814410601679f,0.060896170847954956f,0.7085247479435538f,-0.9980862485078517f,-0.0037656493043982755f,0.061722446685456726f,-0.23705085047493304f,0f,0f,0f,1f], start_interpolation: 0, interpolation_duration: 1 }
$data merge entity $(bone_talking) { transformation: [0.0618372099914183f,-0.06077963071012856f,0.9962339062445212f,3.4358626861170234f,0f,0.99814410601679f,0.060896170847954956f,0.4405921768643905f,-0.9980862485078517f,-0.0037656493043982755f,0.061722446685456726f,-0.09191532299431401f,0f,0f,0f,1f], start_interpolation: 0, interpolation_duration: 1 }
$data merge entity $(bone_m_opened) { transformation: [0.0618372099914183f,-0.06077963071012856f,0.9962339062445212f,3.4358626861170234f,0f,0.99814410601679f,0.060896170847954956f,0.4405921768643905f,-0.9980862485078517f,-0.0037656493043982755f,0.061722446685456726f,-0.09191532299431401f,0f,0f,0f,1f], start_interpolation: 0, interpolation_duration: 1 }
$data merge entity $(bone_head) { transformation: [0.0618372099914183f,-0.06077963071012856f,0.9962339062445212f,3.373598066976741f,0f,0.99814410601679f,0.060896170847954956f,0.4367861661863933f,-0.9980862485078517f,-0.0037656493043982755f,0.061722446685456726f,-0.09577297591215506f,0f,0f,0f,1f], start_interpolation: 0, interpolation_duration: 1 }
$data merge entity $(item_display_r_item) { transformation: [0.027053779371245507f,-0.43292702350230094f,-0.05699592391715504f,3.356093497102976f,0f,-0.05710520909627248f,0.43375712685104206f,-0.3240636738974769f,-0.4366627337221851f,-0.026822330538362155f,-0.0035312268064900515f,-0.40995667920623613f,0f,0f,0f,1f], start_interpolation: 0, interpolation_duration: 1 }
$data merge entity $(bone_rightarm) { transformation: [0.0618372099914183f,-0.13027639752492604f,0.9895474822909736f,3.398364183936269f,0f,0.9914448613738104f,0.1305261922200516f,0.3119051384886611f,-0.9980862485078517f,-0.00807137555769156f,0.061308184087684924f,-0.40733776591883275f,0f,0f,0f,1f], start_interpolation: 0, interpolation_duration: 1 }
$data merge entity $(item_display_l_item) { transformation: [0.027053779371245507f,-0.43624712755622136f,0.019046960930234662f,3.2078639470609485f,0f,0.019083481972334605f,0.4370835969420628f,-0.307047576579333f,-0.4366627337221851f,-0.027028030167910774f,0.0011800692820907001f,0.20705803180475613f,0f,0f,0f,1f], start_interpolation: 0, interpolation_duration: 1 }
$data merge entity $(bone_leftarm) { transformation: [0.0618372099914183f,0.043535910697679f,0.9971362915570774f,3.3597159276916324f,0f,0.9990482215818578f,-0.043619387365336014f,0.3119051384886611f,-0.9980862485078517f,0.002697301216207301f,0.06177835466951034f,0.21646613939857448f,0f,0f,0f,1f], start_interpolation: 0, interpolation_duration: 1 }
$data merge entity $(bone_body) { transformation: [0.0618372099914183f,-0.043535910697678995f,0.9971362915570774f,3.40625f,0f,0.9990482215818578f,0.043619387365336f,-0.3125f,-0.9980862485078517f,-0.0026973012162073004f,0.06177835466951034f,-0.09374999999999958f,0f,0f,0f,1f], start_interpolation: 0, interpolation_duration: 1 }
$data merge entity $(bone_leftleg) { transformation: [0.0618372099914183f,-0.2583237297687594f,0.964077284297703f,3.398520348751073f,0f,0.9659258262890683f,0.25881904510252074f,-0.203125f,-0.9980862485078517f,-0.01600464764178294f,0.05973015815637135f,0.031010781063481874f,0f,0f,0f,1f], start_interpolation: 0, interpolation_duration: 1 }
$data merge entity $(bone_rightleg) { transformation: [0.0618372099914183f,0.2583237297687594f,0.964077284297703f,3.413979651248927f,0f,0.9659258262890683f,-0.25881904510252074f,-0.25f,-0.9980862485078517f,0.01600464764178294f,0.05973015815637135f,-0.21851078106348104f,0f,0f,0f,1f], start_interpolation: 0, interpolation_duration: 1 }
data modify entity @s data merge value {"locators":{},"cameras":{"camera":{"posx":6.125,"posy":0.5759683848661488,"posz":1.6873842384305056,"roty":107.77920176272372,"rotx":-6.247722250303551}}}