# This file was generated by Animated Java via MC-Build. It is not recommended to edit this file directly.
$data merge entity $(bone_left_eye) { transformation: [0.07111328249074579f,-0.0777038559294747f,0.994437032610453f,3.05294390221039f,0f,0.9969610932083057f,0.07790108233458751f,0.6686255988841405f,-0.9974682456366175f,-0.005539801674394368f,0.070897175853605f,0.01574784796073954f,0f,0f,0f,1f], start_interpolation: 0, interpolation_duration: 1 }
$data merge entity $(bone_right_eye) { transformation: [0.07111328249074579f,-0.0777038559294747f,0.994437032610453f,3.0707222228330764f,0f,0.9969610932083057f,0.07790108233458751f,0.6686255988841405f,-0.9974682456366175f,-0.005539801674394368f,0.070897175853605f,-0.23361921344841485f,0f,0f,0f,1f], start_interpolation: 0, interpolation_duration: 1 }
$data merge entity $(bone_right_close) { transformation: [0.07111328249074579f,-0.0777038559294747f,0.994437032610453f,3.065865731837484f,0f,0.9969610932083057f,0.07790108233458751f,0.7309356672096596f,-0.9974682456366175f,-0.005539801674394368f,0.070897175853605f,-0.2339654510530645f,0f,0f,0f,1f], start_interpolation: 0, interpolation_duration: 1 }
$data merge entity $(bone_left_close) { transformation: [0.07111328249074579f,-0.0777038559294747f,0.994437032610453f,3.0480874112147975f,0f,0.9969610932083057f,0.07790108233458751f,0.7309356672096596f,-0.9974682456366175f,-0.005539801674394368f,0.070897175853605f,0.01540161035608989f,0f,0f,0f,1f], start_interpolation: 0, interpolation_duration: 1 }
$data merge entity $(bone_left_eyebrow) { transformation: [0.07111328249074579f,-0.0777038559294747f,0.994437032610453f,3.0499678552984966f,0f,0.9969610932083057f,0.07790108233458751f,0.7060067710618061f,-0.9974682456366175f,-0.005539801674394368f,0.070897175853605f,0.015535674324458904f,0f,0f,0f,1f], start_interpolation: 0, interpolation_duration: 1 }
$data merge entity $(bone_right_eyebrow) { transformation: [0.07111328249074579f,-0.0777038559294747f,0.994437032610453f,3.067746175921183f,0f,0.9969610932083057f,0.07790108233458751f,0.7060067710618061f,-0.9974682456366175f,-0.005539801674394368f,0.070897175853605f,-0.23383138708469547f,0f,0f,0f,1f], start_interpolation: 0, interpolation_duration: 1 }
$data merge entity $(bone_talking) { transformation: [0.07111328249074579f,-0.0777038559294747f,0.994437032610453f,3.3920205991948684f,0f,0.9969610932083057f,0.07790108233458751f,0.4437294138116227f,-0.9974682456366175f,-0.005539801674394368f,0.070897175853605f,-0.08539536487098749f,0f,0f,0f,1f], start_interpolation: 0, interpolation_duration: 1 }
$data merge entity $(bone_m_opened) { transformation: [0.07111328249074579f,-0.0777038559294747f,0.994437032610453f,3.3920205991948684f,0f,0.9969610932083057f,0.07790108233458751f,0.4437294138116227f,-0.9974682456366175f,-0.005539801674394368f,0.070897175853605f,-0.08539536487098749f,0f,0f,0f,1f], start_interpolation: 0, interpolation_duration: 1 }
$data merge entity $(bone_head) { transformation: [0.07111328249074579f,-0.0777038559294747f,0.994437032610453f,3.329868284656715f,0f,0.9969610932083057f,0.07790108233458751f,0.43886059616571094f,-0.9974682456366175f,-0.005539801674394368f,0.070897175853605f,-0.0898264383618378f,0f,0f,0f,1f], start_interpolation: 0, interpolation_duration: 1 }
$data merge entity $(item_display_r_item) { transformation: [0.031112061089701284f,-0.432764253250835f,-0.05615505999460663f,3.3141043894367246f,0f,-0.05629759166795991f,0.4338626870017606f,-0.32190929629681075f,-0.4363923574660202f,-0.030853399822950225f,-0.00400350653983229f,-0.40424348743167593f,0f,0f,0f,1f], start_interpolation: 0, interpolation_duration: 1 }
$data merge entity $(bone_rightarm) { transformation: [0.07111328249074579f,-0.12835442284481538f,0.9891754360019086f,3.3575298046589537f,0f,0.9916861417183099f,0.12868020952676573f,0.3139795684679787f,-0.9974682456366175f,-0.00915087209104525f,0.07052205673817194f,-0.4011475253963077f,0f,0f,0f,1f], start_interpolation: 0, interpolation_duration: 1 }
$data merge entity $(item_display_l_item) { transformation: [0.031112061089701284f,-0.43601169057498457f,0.018223483110939034f,3.1624756870651867f,0f,0.018269737598822708f,0.43711836690771777f,-0.3052553163719546f,-0.4363923574660202f,-0.031084921907802f,0.0012992210108968792f,0.21153269185163928f,0f,0f,0f,1f], start_interpolation: 0, interpolation_duration: 1 }
$data merge entity $(bone_leftarm) { transformation: [0.07111328249074579f,0.041653675682146146f,0.996598149885679f,3.313084003102238f,0f,0.9991276957890692f,-0.041759400225880254f,0.3139795684679787f,-0.9974682456366175f,0.0029696480249071368f,0.07105125007497601f,0.22227012812657823f,0f,0f,0f,1f], start_interpolation: 0, interpolation_duration: 1 }
$data merge entity $(bone_body) { transformation: [0.07111328249074579f,-0.04350895379104574f,0.9965188768876384f,3.3624999999999994f,0f,0.9990482215818578f,0.043619387365336f,-0.3104255700206824f,-0.9974682456366175f,-0.0031019178157844066f,0.07104559840322786f,-0.0874999999999995f,0f,0f,0f,1f], start_interpolation: 0, interpolation_duration: 1 }
$data merge entity $(bone_leftleg) { transformation: [0.07111328249074579f,-0.22438153353048193f,0.971903199122166f,3.353610839688656f,0f,0.9743700647852354f,0.2249510543438645f,-0.19774999999999998f,-0.9974682456366175f,-0.015997007874146346f,0.06929065366759872f,0.037183530704577694f,0f,0f,0f,1f], start_interpolation: 0, interpolation_duration: 1 }
$data merge entity $(bone_rightleg) { transformation: [0.07111328249074579f,0.2516433212568732f,0.9652038851559818f,3.3713891603113426f,0f,0.9676537467515635f,-0.25228203740587857f,-0.2523333333333334f,-0.9974682456366175f,0.017940603793385138f,0.06881303424597252f,-0.21218353070457668f,0f,0f,0f,1f], start_interpolation: 0, interpolation_duration: 1 }
data modify entity @s data merge value {"locators":{},"cameras":{"camera":{"posx":6.125,"posy":0.5775750666850223,"posz":1.6916154162226305,"roty":107.65195171021496,"rotx":-6.245974358077166}}}
execute on vehicle unless entity @s[tag=aj.transforms_only] at @s run function animated_java:humanentity/animations/000_mur_0/zzz/frames/zzz/12