# This file was generated by Animated Java via MC-Build. It is not recommended to edit this file directly.
$data merge entity $(bone_left_eye) { transformation: [0.07943605295980162f,-0.0960982505789742f,0.9921970770597083f,3.0041355000776675f,0f,0.9953423950287485f,0.09640288718930881f,0.6699295085574988f,-0.9968399638307885f,-0.007657864852247717f,0.07906607120463946f,0.019075297491006935f,0f,0f,0f,1f], start_interpolation: 0, interpolation_duration: 1 }
$data merge entity $(bone_right_eye) { transformation: [0.07943605295980162f,-0.0960982505789742f,0.9921970770597083f,3.0239945133176183f,0f,0.9953423950287485f,0.09640288718930881f,0.6699295085574988f,-0.9968399638307885f,-0.007657864852247717f,0.07906607120463946f,-0.2301346934666902f,0f,0f,0f,1f], start_interpolation: 0, interpolation_duration: 1 }
$data merge entity $(bone_right_close) { transformation: [0.07943605295980162f,-0.0960982505789742f,0.9921970770597083f,3.0179883726564323f,0f,0.9953423950287485f,0.09640288718930881f,0.7321384082467955f,-0.9968399638307885f,-0.007657864852247717f,0.07906607120463946f,-0.2306133100199557f,0f,0f,0f,1f], start_interpolation: 0, interpolation_duration: 1 }
$data merge entity $(bone_left_close) { transformation: [0.07943605295980162f,-0.0960982505789742f,0.9921970770597083f,2.9981293594164815f,0f,0.9953423950287485f,0.09640288718930881f,0.7321384082467955f,-0.9968399638307885f,-0.007657864852247717f,0.07906607120463946f,0.018596680937741444f,0f,0f,0f,1f], start_interpolation: 0, interpolation_duration: 1 }
$data merge entity $(bone_left_eyebrow) { transformation: [0.07943605295980162f,-0.0960982505789742f,0.9921970770597083f,3.0004698033636403f,0f,0.9953423950287485f,0.09640288718930881f,0.7072488231906277f,-0.9968399638307885f,-0.007657864852247717f,0.07906607120463946f,0.01878318592959735f,0f,0f,0f,1f], start_interpolation: 0, interpolation_duration: 1 }
$data merge entity $(bone_right_eyebrow) { transformation: [0.07943605295980162f,-0.0960982505789742f,0.9921970770597083f,3.0203288166035906f,0f,0.9953423950287485f,0.09640288718930881f,0.7072488231906277f,-0.9968399638307885f,-0.007657864852247717f,0.07906607120463946f,-0.23042680502809978f,0f,0f,0f,1f], start_interpolation: 0, interpolation_duration: 1 }
$data merge entity $(bone_talking) { transformation: [0.07943605295980162f,-0.0960982505789742f,0.9921970770597083f,3.3481511559235453f,0f,0.9953423950287485f,0.09640288718930881f,0.45121981204697065f,-0.9968399638307885f,-0.007657864852247717f,0.07906607120463946f,-0.07890708452332988f,0f,0f,0f,1f], start_interpolation: 0, interpolation_duration: 1 }
$data merge entity $(bone_m_opened) { transformation: [0.07943605295980162f,-0.0960982505789742f,0.9921970770597083f,3.3481511559235453f,0f,0.9953423950287485f,0.09640288718930881f,0.45121981204697065f,-0.9968399638307885f,-0.007657864852247717f,0.07906607120463946f,-0.07890708452332988f,0f,0f,0f,1f], start_interpolation: 0, interpolation_duration: 1 }
$data merge entity $(bone_head) { transformation: [0.07943605295980162f,-0.0960982505789742f,0.9921970770597083f,3.2861388386073136f,0f,0.9953423950287485f,0.09640288718930881f,0.44519463159763883f,-0.9968399638307885f,-0.007657864852247717f,0.07906607120463946f,-0.08384871397361984f,0f,0f,0f,1f], start_interpolation: 0, interpolation_duration: 1 }
$data merge entity $(item_display_r_item) { transformation: [0.03475327316991321f,-0.43278166581556815f,-0.053837623813457386f,3.2696567853660476f,0f,-0.0540082919695184f,0.4341536069164176f,-0.31533677511483815f,-0.43611748417596996f,-0.03448744891170144f,-0.004290205541159092f,-0.3986527754482539f,0f,0f,0f,1f], start_interpolation: 0, interpolation_duration: 1 }
$data merge entity $(bone_rightarm) { transformation: [0.07943605295980162f,-0.1230574258593314f,0.9892152361498701f,3.3163977987226994f,0f,0.9923511015232402f,0.12344752450175657f,0.3203136038999066f,-0.9968399638307885f,-0.009806184094077942f,0.07882845465531758f,-0.39492808367513793f,0f,0f,0f,1f], start_interpolation: 0, interpolation_duration: 1 }
$data merge entity $(item_display_l_item) { transformation: [0.03475327316991321f,-0.4358270590080135f,0.015913347869099724f,3.119494894664677f,0f,0.015963794035650222f,0.43720865416867877f,-0.2997091037594488f,-0.43611748417596996f,-0.034730129807026756f,0.0012681007884552764f,0.21636242693358979f,0f,0f,0f,1f], start_interpolation: 0, interpolation_duration: 1 }
$data merge entity $(bone_leftarm) { transformation: [0.07943605295980162f,0.036373366557942f,0.9961761348754594f,3.2667502656228233f,0f,0.9993340666712658f,-0.036488672081486f,0.3203136038999066f,-0.9968399638307885f,0.0028985160878977566f,0.07938315384463258f,0.22809689371910497f,0f,0f,0f,1f], start_interpolation: 0, interpolation_duration: 1 }
$data merge entity $(bone_body) { transformation: [0.07943605295980162f,-0.04348154852358269f,0.9958911930668728f,3.3187500000000005f,0f,0.9990482215818578f,0.043619387365336f,-0.3040915345887545f,-0.9968399638307885f,-0.0034649519648269323f,0.07936044743897208f,-0.08124999999999964f,0f,0f,0f,1f], start_interpolation: 0, interpolation_duration: 1 }
$data merge entity $(bone_leftleg) { transformation: [0.07943605295980162f,-0.19020603204974423f,0.9785252060432881f,3.308820493380025f,0f,0.9816271834476639f,0.19080899537654503f,-0.19387500000000002f,-0.9968399638307885f,-0.015157113461937773f,0.07797658893112953f,0.043354995478848926f,0f,0f,0f,1f], start_interpolation: 0, interpolation_duration: 1 }
$data merge entity $(bone_rightleg) { transformation: [0.07943605295980162f,0.23309612362419777f,0.9692038540170693f,3.328679506619976f,0f,0.9722762822353996f,-0.23383505084248943f,-0.2550555555555556f,-0.9968399638307885f,0.018574933482581896f,0.07723379024721024f,-0.20585499547884822f,0f,0f,0f,1f], start_interpolation: 0, interpolation_duration: 1 }
data modify entity @s data merge value {"locators":{},"cameras":{"camera":{"posx":6.125,"posy":0.5791794132689638,"posz":1.6957004252753047,"roty":107.52517321198694,"rotx":-6.243445286899808}}}