# This file was generated by Animated Java via MC-Build. It is not recommended to edit this file directly.
$data merge entity $(bone_left_eye) { transformation: [0.08683918163950057f,-0.11292666799929546f,0.9898012548924955f,2.955872165363755f,0f,0.9935545633234155f,0.11335488387898081f,0.6754561286876295f,-0.9962223429195822f,-0.009843645350891309f,0.08627946519319675f,0.022656111302109594f,0f,0f,0f,1f], start_interpolation: 0, interpolation_duration: 1 }
$data merge entity $(bone_right_eye) { transformation: [0.08683918163950057f,-0.11292666799929546f,0.9898012548924955f,2.9775819607736302f,0f,0.9935545633234155f,0.11335488387898081f,0.6754561286876295f,-0.9962223429195822f,-0.009843645350891309f,0.08627946519319675f,-0.22639947442778596f,0f,0f,0f,1f], start_interpolation: 0, interpolation_duration: 1 }
$data merge entity $(bone_right_close) { transformation: [0.08683918163950057f,-0.11292666799929546f,0.9898012548924955f,2.970524044023674f,0f,0.9935545633234155f,0.11335488387898081f,0.737553288895343f,-0.9962223429195822f,-0.009843645350891309f,0.08627946519319675f,-0.22701470226221665f,0f,0f,0f,1f], start_interpolation: 0, interpolation_duration: 1 }
$data merge entity $(bone_left_close) { transformation: [0.08683918163950057f,-0.11292666799929546f,0.9898012548924955f,2.948814248613799f,0f,0.9935545633234155f,0.11335488387898081f,0.737553288895343f,-0.9962223429195822f,-0.009843645350891309f,0.08627946519319675f,0.022040883467678893f,0f,0f,0f,1f], start_interpolation: 0, interpolation_duration: 1 }
$data merge entity $(bone_left_eyebrow) { transformation: [0.08683918163950057f,-0.11292666799929546f,0.9898012548924955f,2.951575552735351f,0f,0.9935545633234155f,0.11335488387898081f,0.7127073401320153f,-0.9962223429195822f,-0.009843645350891309f,0.08627946519319675f,0.02228158213487659f,0f,0f,0f,1f], start_interpolation: 0, interpolation_duration: 1 }
$data merge entity $(bone_right_eyebrow) { transformation: [0.08683918163950057f,-0.11292666799929546f,0.9898012548924955f,2.973285348145226f,0f,0.9935545633234155f,0.11335488387898081f,0.7127073401320153f,-0.9962223429195822f,-0.009843645350891309f,0.08627946519319675f,-0.22677400359501898f,0f,0f,0f,1f], start_interpolation: 0, interpolation_duration: 1 }
$data merge entity $(bone_talking) { transformation: [0.08683918163950057f,-0.11292666799929546f,0.9898012548924955f,3.3042716222224215f,0f,0.9935545633234155f,0.11335488387898081f,0.46249088906895713f,-0.9962223429195822f,-0.009843645350891309f,0.08627946519319675f,-0.07244843735224137f,0f,0f,0f,1f], start_interpolation: 0, interpolation_duration: 1 }
$data merge entity $(bone_m_opened) { transformation: [0.08683918163950057f,-0.11292666799929546f,0.9898012548924955f,3.3042716222224215f,0f,0.9935545633234155f,0.11335488387898081f,0.46249088906895713f,-0.9962223429195822f,-0.009843645350891309f,0.08627946519319675f,-0.07244843735224137f,0f,0f,0f,1f], start_interpolation: 0, interpolation_duration: 1 }
$data merge entity $(bone_head) { transformation: [0.08683918163950057f,-0.11292666799929546f,0.9898012548924955f,3.2424090437916404f,0f,0.9935545633234155f,0.11335488387898081f,0.45540620882652083f,-0.9962223429195822f,-0.009843645350891309f,0.08627946519319675f,-0.07784090392681617f,0f,0f,0f,1f], start_interpolation: 0, interpolation_duration: 1 }
$data merge entity $(item_display_r_item) { transformation: [0.0379921419672815f,-0.43294130012719945f,-0.05024617192292495f,3.2230608453708327f,0f,-0.05043670449678015f,0.434583005695695f,-0.3047181711498558f,-0.43584727502731724f,-0.037738832569048565f,-0.004379882143093706f,-0.3932124512024057f,0f,0f,0f,1f], start_interpolation: 0, interpolation_duration: 1 }
$data merge entity $(bone_rightarm) { transformation: [0.08683918163950057f,-0.11484839296668582f,0.9895801145764559f,3.274978114088711f,0f,0.9933325844473029f,0.11528389599264056f,0.3305251811287886f,-0.9962223429195822f,-0.010011159184214205f,0.08626018872925387f,-0.38868690210138285f,0f,0f,0f,1f], start_interpolation: 0, interpolation_duration: 1 }
$data merge entity $(item_display_l_item) { transformation: [0.0379921419672815f,-0.43567307020583235f,0.012321649490301487f,3.0786232490904974f,0f,0.012368372961994618f,0.4373251345969873f,-0.2906911903063376f,-0.43584727502731724f,-0.03797695679878681f,0.0010740593862317383f,0.22156713258622873f,0f,0f,0f,1f], start_interpolation: 0, interpolation_duration: 1 }
$data merge entity $(bone_leftarm) { transformation: [0.08683918163950057f,0.028163770263546037f,0.995824160470474f,3.220703625564023f,0f,0.9996003076502566f,-0.02827056677027319f,0.3305251811287886f,-0.9962223429195822f,0.0024549928828153825f,0.08680447268294128f,0.23395206222335602f,0f,0f,0f,1f], start_interpolation: 0, interpolation_duration: 1 }
$data merge entity $(bone_body) { transformation: [0.08683918163950057f,-0.043454608277811856f,0.9952741599939203f,3.2749999999999995f,0f,0.9990482215818578f,0.043619387365336f,-0.2938799573598725f,-0.9962223429195822f,-0.003787871902422149f,0.08675652998056696f,-0.07499999999999955f,0f,0f,0f,1f], start_interpolation: 0, interpolation_duration: 1 }
$data merge entity $(bone_leftleg) { transformation: [0.08683918163950057f,-0.15584350927575003f,0.9839571927420425f,3.264145102295062f,0f,0.9876883405951378f,0.15643446504023062f,-0.191125f,-0.9962223429195822f,-0.013584640924306687f,0.08577004721215807f,0.049527792864948225f,0f,0f,0f,1f], start_interpolation: 0, interpolation_duration: 1 }
$data merge entity $(bone_rightleg) { transformation: [0.08683918163950057f,0.20440428296803265f,0.9750270999497943f,3.285854897704937f,0f,0.9787243850527664f,-0.20517938030680438f,-0.258f,-0.9962223429195822f,0.01781760947514275f,0.08499162464860567f,-0.19952779286494732f,0f,0f,0f,1f], start_interpolation: 0, interpolation_duration: 1 }
data modify entity @s data merge value {"locators":{},"cameras":{"camera":{"posx":6.125,"posy":0.5807813978275153,"posz":1.699640551530518,"roty":107.3988730391298,"rotx":-6.240159013657039}}}