# This file was generated by Animated Java via MC-Build. It is not recommended to edit this file directly.
$data merge entity $(bone_left_eye) { transformation: [0.09335639196167501f,-0.12518293656614904f,0.987731652055645f,2.908780135718319f,0f,0.9920642390199215f,0.12573203910628492f,0.6846192161648025f,-0.9956327556282477f,-0.011737889524946985f,0.09261553794910464f,0.026561626117013543f,0f,0f,0f,1f], start_interpolation: 0, interpolation_duration: 1 }
$data merge entity $(bone_right_eye) { transformation: [0.09335639196167501f,-0.12518293656614904f,0.987731652055645f,2.9321192337087374f,0f,0.9920642390199215f,0.12573203910628492f,0.6846192161648025f,-0.9956327556282477f,-0.011737889524946985f,0.09261553794910464f,-0.22234656279004839f,0f,0f,0f,1f], start_interpolation: 0, interpolation_duration: 1 }
$data merge entity $(bone_right_close) { transformation: [0.09335639196167501f,-0.12518293656614904f,0.987731652055645f,2.9242953001733527f,0f,0.9920642390199215f,0.12573203910628492f,0.7466232311035476f,-0.9956327556282477f,-0.011737889524946985f,0.09261553794910464f,-0.22308018088535758f,0f,0f,0f,1f], start_interpolation: 0, interpolation_duration: 1 }
$data merge entity $(bone_left_close) { transformation: [0.09335639196167501f,-0.12518293656614904f,0.987731652055645f,2.9009562021829343f,0f,0.9920642390199215f,0.12573203910628492f,0.7466232311035476f,-0.9956327556282477f,-0.011737889524946985f,0.09261553794910464f,0.02582800802170436f,0f,0f,0f,1f], start_interpolation: 0, interpolation_duration: 1 }
$data merge entity $(bone_left_eyebrow) { transformation: [0.09335639196167501f,-0.12518293656614904f,0.987731652055645f,2.9040240423688344f,0f,0.9920642390199215f,0.12573203910628492f,0.7218137668756055f,-0.9956327556282477f,-0.011737889524946985f,0.09261553794910464f,0.026115666788706207f,0f,0f,0f,1f], start_interpolation: 0, interpolation_duration: 1 }
$data merge entity $(bone_right_eyebrow) { transformation: [0.09335639196167501f,-0.12518293656614904f,0.987731652055645f,2.9273631403592533f,0f,0.9920642390199215f,0.12573203910628492f,0.7218137668756055f,-0.9956327556282477f,-0.011737889524946985f,0.09261553794910464f,-0.2227925221183557f,0f,0f,0f,1f], start_interpolation: 0, interpolation_duration: 1 }
$data merge entity $(bone_talking) { transformation: [0.09335639196167501f,-0.12518293656614904f,0.987731652055645f,3.260411560122454f,0f,0.9920642390199215f,0.12573203910628492f,0.4758944186305361f,-0.9956327556282477f,-0.011737889524946985f,0.09261553794910464f,-0.06601564034618547f,0f,0f,0f,1f], start_interpolation: 0, interpolation_duration: 1 }
$data merge entity $(bone_m_opened) { transformation: [0.09335639196167501f,-0.12518293656614904f,0.987731652055645f,3.260411560122454f,0f,0.9920642390199215f,0.12573203910628492f,0.4758944186305361f,-0.9956327556282477f,-0.011737889524946985f,0.09261553794910464f,-0.06601564034618547f,0f,0f,0f,1f], start_interpolation: 0, interpolation_duration: 1 }
$data merge entity $(bone_head) { transformation: [0.09335639196167501f,-0.12518293656614904f,0.987731652055645f,3.1986783318689764f,0f,0.9920642390199215f,0.12573203910628492f,0.4680361661863933f,-0.9956327556282477f,-0.011737889524946985f,0.09261553794910464f,-0.07180411146800451f,0f,0f,0f,1f], start_interpolation: 0, interpolation_duration: 1 }
$data merge entity $(item_display_r_item) { transformation: [0.04084342148323282f,-0.43319782589682665f,-0.045581888506354286f,3.1746269918935837f,0f,-0.045781828941125945f,0.4350980052112461f,-0.29149396293915497f,-0.4355893305873584f,-0.04061917991624401f,-0.0042740263673501115f,-0.3879300570465436f,0f,0f,0f,1f], start_interpolation: 0, interpolation_duration: 1 }
$data merge entity $(bone_rightarm) { transformation: [0.09335639196167501f,-0.10418717372881002f,0.9901664591927466f,3.233280815712171f,0f,0.9945097261971338f,0.10464418043685952f,0.3431551384886611f,-0.9956327556282477f,-0.009769203125371703f,0.09284383980855773f,-0.3824303290238312f,0f,0f,0f,1f], start_interpolation: 0, interpolation_duration: 1 }
$data merge entity $(item_display_l_item) { transformation: [0.04084342148323282f,-0.435522100731902f,0.007652757386330777f,3.0395656742608224f,0f,0.007686325447882495f,0.43743247524744805f,-0.2795523045940126f,-0.4355893305873584f,-0.040837117615966465f,0.0007175676112575159f,0.22714729876603684f,0f,0f,0f,1f], start_interpolation: 0, interpolation_duration: 1 }
$data merge entity $(bone_leftarm) { transformation: [0.09335639196167501f,0.017492016883041556f,0.9954790873872046f,3.174933070736124f,0f,0.9998456577084527f,-0.017568743880874052f,0.3431551384886611f,-0.9956327556282477f,0.0016401545400171582f,0.09334198312220907f,0.2398401432438237f,0f,0f,0f,1f], start_interpolation: 0, interpolation_duration: 1 }
$data merge entity $(bone_body) { transformation: [0.09335639196167501f,-0.043428890841365454f,0.9946851338590453f,3.2312500000000006f,0f,0.9990482215818578f,0.043619387365336f,-0.28125f,-0.9956327556282477f,-0.004072148624006442f,0.09326753736261027f,-0.06874999999999969f,0f,0f,0f,1f], start_interpolation: 0, interpolation_duration: 1 }
$data merge entity $(bone_leftleg) { transformation: [0.09335639196167501f,-0.1213371102010727f,0.988211460046862f,3.2195804510047914f,0f,0.992546151641322f,0.12186934340514798f,-0.189125f,-0.9956327556282477f,-0.011377282191042969f,0.09266052757267938f,0.05570409445353128f,0f,0f,0f,1f], start_interpolation: 0, interpolation_duration: 1 }
$data merge entity $(bone_rightleg) { transformation: [0.09335639196167501f,0.1672840745381795f,0.9814787937015261f,3.24291954899521f,0f,0.9857839531225644f,-0.16801784954596302f,-0.261f,-0.9956327556282477f,0.015685540218770663f,0.0920292331172396f,-0.19320409445353065f,0f,0f,0f,1f], start_interpolation: 0, interpolation_duration: 1 }
data modify entity @s data merge value {"locators":{},"cameras":{"camera":{"posx":6.125,"posy":0.5823809935702186,"posz":1.7034370809302597,"roty":107.27305793516784,"rotx":-6.236139549661066}}}