# This file was generated by Animated Java via MC-Build. It is not recommended to edit this file directly.
$data merge entity $(bone_left_eye) { transformation: [0.09902138590570354f,-0.1298846958552234f,0.9865722127223684f,2.8634543410672286f,0f,0.9914448613738104f,0.1305261922200516f,0.6958957908347055f,-0.9950853054554236f,-0.012924884450623769f,0.09817424422232285f,0.030871441871736696f,0f,0f,0f,1f], start_interpolation: 0, interpolation_duration: 1 }
$data merge entity $(bone_right_eye) { transformation: [0.09902138590570354f,-0.1298846958552234f,0.9865722127223684f,2.8882096875436547f,0f,0.9914448613738104f,0.1305261922200516f,0.6958957908347055f,-0.9950853054554236f,-0.012924884450623769f,0.09817424422232285f,-0.21789988449211922f,0f,0f,0f,1f], start_interpolation: 0, interpolation_duration: 1 }
$data merge entity $(bone_right_close) { transformation: [0.09902138590570354f,-0.1298846958552234f,0.9865722127223684f,2.880091894052703f,0f,0.9914448613738104f,0.1305261922200516f,0.7578610946705686f,-0.9950853054554236f,-0.012924884450623769f,0.09817424422232285f,-0.21870768977028318f,0f,0f,0f,1f], start_interpolation: 0, interpolation_duration: 1 }
$data merge entity $(bone_left_close) { transformation: [0.09902138590570354f,-0.1298846958552234f,0.9865722127223684f,2.855336547576277f,0f,0.9914448613738104f,0.1305261922200516f,0.7578610946705686f,-0.9950853054554236f,-0.012924884450623769f,0.09817424422232285f,0.030063636593572723f,0f,0f,0f,1f], start_interpolation: 0, interpolation_duration: 1 }
$data merge entity $(bone_left_eyebrow) { transformation: [0.09902138590570354f,-0.1298846958552234f,0.9865722127223684f,2.858522004209363f,0f,0.9914448613738104f,0.1305261922200516f,0.7330668152492097f,-0.9950853054554236f,-0.012924884450623769f,0.09817424422232285f,0.030380622814574418f,0f,0f,0f,1f], start_interpolation: 0, interpolation_duration: 1 }
$data merge entity $(bone_right_eyebrow) { transformation: [0.09902138590570354f,-0.1298846958552234f,0.9865722127223684f,2.8832773506857885f,0f,0.9914448613738104f,0.1305261922200516f,0.7330668152492097f,-0.9950853054554236f,-0.012924884450623769f,0.09817424422232285f,-0.21839070354928147f,0f,0f,0f,1f], start_interpolation: 0, interpolation_duration: 1 }
$data merge entity $(bone_talking) { transformation: [0.09902138590570354f,-0.1298846958552234f,0.9865722127223684f,3.2166070047449873f,0f,0.9914448613738104f,0.1305261922200516f,0.48882401056001906f,-0.9950853054554236f,-0.012924884450623769f,0.09817424422232285f,-0.05960354887805942f,0f,0f,0f,1f], start_interpolation: 0, interpolation_duration: 1 }
$data merge entity $(bone_m_opened) { transformation: [0.09902138590570354f,-0.1298846958552234f,0.9865722127223684f,3.2166070047449873f,0f,0.9914448613738104f,0.1305261922200516f,0.48882401056001906f,-0.9950853054554236f,-0.012924884450623769f,0.09817424422232285f,-0.05960354887805942f,0f,0f,0f,1f], start_interpolation: 0, interpolation_duration: 1 }
$data merge entity $(bone_head) { transformation: [0.09902138590570354f,-0.1298846958552234f,0.9865722127223684f,3.1549462414498395f,0f,0.9914448613738104f,0.1305261922200516f,0.4806661235462658f,-0.9950853054554236f,-0.012924884450623769f,0.09817424422232285f,-0.0657394391419546f,0f,0f,0f,1f], start_interpolation: 0, interpolation_duration: 1 }
$data merge entity $(item_display_r_item) { transformation: [0.0433218563337453f,-0.43350413350245715f,-0.04004538675156137f,3.124665422471927f,0f,-0.040243169637836904f,0.43564519657342743f,-0.27806323343860195f,-0.4353498211367478f,-0.04313819112786344f,-0.003984934430776941f,-0.3827961245656807f,0f,0f,0f,1f], start_interpolation: 0, interpolation_duration: 1 }
$data merge entity $(bone_rightarm) { transformation: [0.09902138590570354f,-0.09153231257499764f,0.9908665908627592f,3.1913160509703986f,0f,0.9957604493106913f,0.09198438774362744f,0.3557850958485336f,-0.9950853054554236f,-0.009108421556061602f,0.09860157972083072f,-0.37616369057311533f,0f,0f,0f,1f], start_interpolation: 0, interpolation_duration: 1 }
$data merge entity $(item_display_l_item) { transformation: [0.0433218563337453f,-0.43534470482195364f,0.0021106272253524393f,3.0020283016511295f,0f,0.0021210515458134163f,0.4374948584158904f,-0.2686015443039347f,-0.4353498211367478f,-0.043321347206961014f,0.000210029463643879f,0.23308705547218725f,0f,0f,0f,1f], start_interpolation: 0, interpolation_duration: 1 }
$data merge entity $(bone_leftarm) { transformation: [0.09902138590570354f,0.0048242908008053545f,0.9950736110216083f,3.129427684779334f,0f,0.9999882478077495f,-0.004848117819001872f,0.3557850958485336f,-0.9950853054554236f,0.0004800673454717014f,0.09902022218733947f,0.2457646253365245f,0f,0f,0f,1f], start_interpolation: 0, interpolation_duration: 1 }
$data merge entity $(bone_body) { transformation: [0.09902138590570354f,-0.04340501140021382f,0.9941382047374807f,3.1875f,0f,0.9990482215818578f,0.043619387365336f,-0.2686200426401275f,-0.9950853054554236f,-0.004319252189273305f,0.09892713948766396f,-0.06249999999999961f,0f,0f,0f,1f], start_interpolation: 0, interpolation_duration: 1 }
$data merge entity $(bone_leftleg) { transformation: [0.09902138590570354f,-0.08672739889424776f,0.9912987054436981f,3.175122326761787f,0f,0.9961946980917455f,0.08715574274765818f,-0.1875f,-0.9950853054554236f,-0.008630282436514083f,0.09864457963695857f,0.06188566318192834f,0f,0f,0f,1f], start_interpolation: 0, interpolation_duration: 1 }
$data merge entity $(bone_rightleg) { transformation: [0.09902138590570354f,0.12350464387152821f,0.9873911930311514f,3.199877673238213f,0f,0.9922678866001837f,-0.12411462936336244f,-0.26388888888888884f,-0.9950853054554236f,0.012290002610732877f,0.09825574132087367f,-0.18688566318192756f,0f,0f,0f,1f], start_interpolation: 0, interpolation_duration: 1 }
data modify entity @s data merge value {"locators":{},"cameras":{"camera":{"posx":6.125,"posy":0.5839781737066156,"posz":1.7070912994165186,"roty":107.14773461565606,"rotx":-6.231410939959521}}}