# This file was generated by Animated Java via MC-Build. It is not recommended to edit this file directly.
$data merge entity $(bone_left_eye) { transformation: [0.10386778102768769f,-0.126541944135728f,0.9865082971971064f,2.819966375734291f,0f,0.9918732263968503f,0.12723011733509693f,0.7070384780405862f,-0.9945911140083568f,-0.013215109967488859f,0.10302367108661414f,0.035616207255950855f,0f,0f,0f,1f], start_interpolation: 0, interpolation_duration: 1 }
$data merge entity $(bone_right_eye) { transformation: [0.10386778102768769f,-0.126541944135728f,0.9865082971971064f,2.845933320991213f,0f,0.9918732263968503f,0.12723011733509693f,0.7070384780405862f,-0.9945911140083568f,-0.013215109967488859f,0.10302367108661414f,-0.21303157124613833f,0f,0f,0f,1f], start_interpolation: 0, interpolation_duration: 1 }
$data merge entity $(bone_right_close) { transformation: [0.10386778102768769f,-0.126541944135728f,0.9865082971971064f,2.83802444948273f,0f,0.9918732263968503f,0.12723011733509693f,0.7690305546903893f,-0.9945911140083568f,-0.013215109967488859f,0.10302367108661414f,-0.21385751561910638f,0f,0f,0f,1f], start_interpolation: 0, interpolation_duration: 1 }
$data merge entity $(bone_left_close) { transformation: [0.10386778102768769f,-0.126541944135728f,0.9865082971971064f,2.812057504225808f,0f,0.9918732263968503f,0.12723011733509693f,0.7690305546903893f,-0.9945911140083568f,-0.013215109967488859f,0.10302367108661414f,0.0347902628829828f,0f,0f,0f,1f], start_interpolation: 0, interpolation_duration: 1 }
$data merge entity $(bone_left_eyebrow) { transformation: [0.10386778102768769f,-0.126541944135728f,0.9865082971971064f,2.8151593960606265f,0f,0.9918732263968503f,0.12723011733509693f,0.7442257721481347f,-0.9945911140083568f,-0.013215109967488859f,0.10302367108661414f,0.03511420165272712f,0f,0f,0f,1f], start_interpolation: 0, interpolation_duration: 1 }
$data merge entity $(bone_right_eyebrow) { transformation: [0.10386778102768769f,-0.126541944135728f,0.9865082971971064f,2.841126341317548f,0f,0.9918732263968503f,0.12723011733509693f,0.7442257721481347f,-0.9945911140083568f,-0.013215109967488859f,0.10302367108661414f,-0.21353357684936208f,0f,0f,0f,1f], start_interpolation: 0, interpolation_duration: 1 }
$data merge entity $(bone_talking) { transformation: [0.10386778102768769f,-0.126541944135728f,0.9865082971971064f,3.1728691772707798f,0f,0.9918732263968503f,0.12723011733509693f,0.4988295831085914f,-0.9945911140083568f,-0.013215109967488859f,0.10302367108661414f,-0.0532090072886546f,0f,0f,0f,1f], start_interpolation: 0, interpolation_duration: 1 }
$data merge entity $(bone_m_opened) { transformation: [0.10386778102768769f,-0.126541944135728f,0.9865082971971064f,3.1728691772707798f,0f,0.9918732263968503f,0.12723011733509693f,0.4988295831085914f,-0.9945911140083568f,-0.013215109967488859f,0.10302367108661414f,-0.0532090072886546f,0f,0f,0f,1f], start_interpolation: 0, interpolation_duration: 1 }
$data merge entity $(bone_head) { transformation: [0.10386778102768769f,-0.126541944135728f,0.9865082971971064f,3.1112124086959607f,0f,0.9918732263968503f,0.12723011733509693f,0.4908777007751478f,-0.9945911140083568f,-0.013215109967488859f,0.10302367108661414f,-0.05964798673156799f,0f,0f,0f,1f], start_interpolation: 0, interpolation_duration: 1 }
$data merge entity $(item_display_r_item) { transformation: [0.045442154199613366f,-0.43381596930445837f,-0.03383733733809137f,3.0734856556899763f,0f,-0.03402135496839665f,0.4361751911859664f,-0.26683113003636405f,-0.4351336123786561f,-0.045304549247813776f,-0.0035337226481226575f,-0.37778736045359435f,0f,0f,0f,1f], start_interpolation: 0, interpolation_duration: 1 }
$data merge entity $(bone_rightarm) { transformation: [0.10386778102768769f,-0.07734248534420907f,0.9915793584101905f,3.1490940221511194f,0f,0.9969718655679233f,0.07776309707062114f,0.36599667307741557f,-0.9945911140083568f,-0.008077080338566097f,0.10355325542357434f,-0.36989137873725136f,0f,0f,0f,1f], start_interpolation: 0, interpolation_duration: 1 }
$data merge entity $(item_display_l_item) { transformation: [0.045442154199613366f,-0.4351142868369373f,-0.004100976966776673f,2.965716829865085f,0f,-0.004123279314500509f,0.4374805693601656f,-0.26015364866982127f,-0.4351336123786561f,-0.04544013598216981f,-0.00042827587295453287f,0.23935699419871523f,0f,0f,0f,1f], start_interpolation: 0, interpolation_duration: 1 }
$data merge entity $(bone_leftarm) { transformation: [0.10386778102768769f,-0.009373661638346902f,0.994546941341571f,3.084176659008815f,0f,0.9999555871089499f,0.009424638433144242f,0.36599667307741557f,-0.9945911140083568f,-0.0009789162810389554f,0.10386316795924529f,0.25172806751797155f,0f,0f,0f,1f], start_interpolation: 0, interpolation_duration: 1 }
$data merge entity $(bone_body) { transformation: [0.10386778102768769f,-0.043383455072051574f,0.9936444836511676f,3.1437499999999994f,0f,0.9990482215818578f,0.043619387365336f,-0.2584084654112455f,-0.9945911140083568f,-0.0045306489754246065f,0.10376892191536521f,-0.05624999999999953f,0f,0f,0f,1f], start_interpolation: 0, interpolation_duration: 1 }
$data merge entity $(bone_leftleg) { transformation: [0.10386778102768769f,-0.052052877022361624f,0.9932280614531988f,3.1307665273715384f,0f,0.9986295347545739f,0.052335956242943335f,-0.1855f,-0.9945911140083568f,-0.005436019642916683f,0.10372543384366972f,0.06807388925104507f,0f,0f,0f,1f], start_interpolation: 0, interpolation_duration: 1 }
$data merge entity $(bone_rightleg) { transformation: [0.10386778102768769f,0.0749193714247167f,0.991765381453552f,3.1567334726284604f,0f,0.997158900260614f,-0.07532680552793197f,-0.26650000000000007f,-0.9945911140083568f,0.007824028142090452f,0.10357268230207933f,-0.18057388925104412f,0f,0f,0f,1f], start_interpolation: 0, interpolation_duration: 1 }
data modify entity @s data merge value {"locators":{},"cameras":{"camera":{"posx":6.125,"posy":0.5855729114462482,"posz":1.710604492931285,"roty":107.02290976782203,"rotx":-6.225997262642858}}}