# This file was generated by Animated Java via MC-Build. It is not recommended to edit this file directly.
$data merge entity $(bone_left_eye) { transformation: [0.10792906606541365f,-0.11775405011751777f,0.9871602202171482f,2.7777568574376468f,0f,0.99296050232009f,0.11844594054772101f,0.715840376650168f,-0.9941585973567032f,-0.012783759742555037f,0.10716929965525133f,0.04075071001462198f,0f,0f,0f,1f], start_interpolation: 0, interpolation_duration: 1 }
$data merge entity $(bone_right_eye) { transformation: [0.10792906606541365f,-0.11775405011751777f,0.9871602202171482f,2.804739123954f,0f,0.99296050232009f,0.11844594054772101f,0.715840376650168f,-0.9941585973567032f,-0.012783759742555037f,0.10716929965525133f,-0.20778893932455383f,0f,0f,0f,1f], start_interpolation: 0, interpolation_duration: 1 }
$data merge entity $(bone_right_close) { transformation: [0.10792906606541365f,-0.11775405011751777f,0.9871602202171482f,2.797379495821655f,0f,0.99296050232009f,0.11844594054772101f,0.7779004080451736f,-0.9941585973567032f,-0.012783759742555037f,0.10716929965525133f,-0.2085879243084635f,0f,0f,0f,1f], start_interpolation: 0, interpolation_duration: 1 }
$data merge entity $(bone_left_close) { transformation: [0.10792906606541365f,-0.11775405011751777f,0.9871602202171482f,2.770397229305302f,0f,0.99296050232009f,0.11844594054772101f,0.7779004080451736f,-0.9941585973567032f,-0.012783759742555037f,0.10716929965525133f,0.03995172503071229f,0f,0f,0f,1f], start_interpolation: 0, interpolation_duration: 1 }
$data merge entity $(bone_left_eyebrow) { transformation: [0.10792906606541365f,-0.11775405011751777f,0.9871602202171482f,2.773279383044476f,0f,0.99296050232009f,0.11844594054772101f,0.7530689926158871f,-0.9941585973567032f,-0.012783759742555037f,0.10716929965525133f,0.040264620943047724f,0f,0f,0f,1f], start_interpolation: 0, interpolation_duration: 1 }
$data merge entity $(bone_right_eyebrow) { transformation: [0.10792906606541365f,-0.11775405011751777f,0.9871602202171482f,2.8002616495608295f,0f,0.99296050232009f,0.11844594054772101f,0.7530689926158871f,-0.9941585973567032f,-0.012783759742555037f,0.10716929965525133f,-0.20827502839612808f,0f,0f,0f,1f], start_interpolation: 0, interpolation_duration: 1 }
$data merge entity $(bone_talking) { transformation: [0.10792906606541365f,-0.11775405011751777f,0.9871602202171482f,3.1291740720430616f,0f,0.99296050232009f,0.11844594054772101f,0.5046146074913083f,-0.9941585973567032f,-0.012783759742555037f,0.10716929965525133f,-0.04683276857706112f,0f,0f,0f,1f], start_interpolation: 0, interpolation_duration: 1 }
$data merge entity $(bone_m_opened) { transformation: [0.10792906606541365f,-0.11775405011751777f,0.9871602202171482f,3.1291740720430616f,0f,0.99296050232009f,0.11844594054772101f,0.5046146074913083f,-0.9941585973567032f,-0.012783759742555037f,0.10716929965525133f,-0.04683276857706112f,0f,0f,0f,1f], start_interpolation: 0, interpolation_duration: 1 }
$data merge entity $(bone_head) { transformation: [0.10792906606541365f,-0.11775405011751777f,0.9871602202171482f,3.06747655827949f,0f,0.99296050232009f,0.11844594054772101f,0.4972117362070757f,-0.9941585973567032f,-0.012783759742555037f,0.10716929965525133f,-0.05353084980551433f,0f,0f,0f,1f], start_interpolation: 0, interpolation_duration: 1 }
$data merge entity $(item_display_r_item) { transformation: [0.04721896640361847f,-0.4340956296268812f,-0.027158857682449616f,3.021396010412264f,0f,-0.027318435664752436f,0.4366462562221629f,-0.25925492485510426f,-0.43494438634355764f,-0.047126822635017364f,-0.002948453247664818f,-0.37286966691095347f,0f,0f,0f,1f], start_interpolation: 0, interpolation_duration: 1 }
$data merge entity $(bone_rightarm) { transformation: [0.10792906606541365f,-0.06207738898845649f,0.9922185820042999f,3.1066249650450164f,0f,0.9980485856506581f,0.06244213866229151f,0.37233070850934347f,-0.9941585973567032f,-0.006739321708948179f,0.10771845173718254f,-0.36361693651189825f,0f,0f,0f,1f], start_interpolation: 0, interpolation_duration: 1 }
$data merge entity $(item_display_l_item) { transformation: [0.04721896640361847f,-0.4348108151125889f,-0.010778416994158381f,2.930335375856477f,0f,-0.01084174800963985f,0.4373656439411942f,-0.2555749965522597f,-0.43494438634355764f,-0.04720446547967133f,-0.0011701397371969861f,0.24591682489498798f,0f,0f,0f,1f], start_interpolation: 0, interpolation_duration: 1 }
$data merge entity $(bone_leftarm) { transformation: [0.10792906606541365f,-0.024636381700933664f,0.9938532916859175f,3.039169298754133f,0f,0.9996929004370153f,0.02478113830774845f,0.37233070850934347f,-0.9941585973567032f,-0.002674605113593135f,0.10789592109639161f,0.2577321868360412f,0f,0f,0f,1f], start_interpolation: 0, interpolation_duration: 1 }
$data merge entity $(bone_body) { transformation: [0.10792906606541365f,-0.04336458896068114f,0.9932123786595286f,3.1000000000000005f,0f,0.9990482215818578f,0.043619387365336f,-0.2520744299793176f,-0.9941585973567032f,-0.0047077997406862184f,0.10782634150964235f,-0.04999999999999966f,0f,0f,0f,1f], start_interpolation: 0, interpolation_duration: 1 }
$data merge entity $(bone_leftleg) { transformation: [0.10792906606541365f,-0.017350459904189118f,0.9940071821870106f,3.086508866741824f,0f,0.9998476951563913f,0.017452406437283758f,-0.18337500000000007f,-0.9941585973567032f,-0.0018836219273700493f,0.10791262794588573f,0.07426982466958823f,0f,0f,0f,1f], start_interpolation: 0, interpolation_duration: 1 }
$data merge entity $(bone_rightleg) { transformation: [0.10792906606541365f,0.023467115208235318f,0.993881588119053f,3.113491133258177f,0f,0.9997213631322138f,-0.023605001526547518f,-0.2686666666666666f,-0.9941585973567032f,0.002547665769232937f,0.10789899304850209f,-0.17426982466958757f,0f,0f,0f,1f], start_interpolation: 0, interpolation_duration: 1 }
data modify entity @s data merge value {"locators":{},"cameras":{"camera":{"posx":6.125,"posy":0.5871651799986582,"posz":1.7139779474165466,"roty":106.89859005025153,"rotx":-6.219922628150678}}}