# This file was generated by Animated Java via MC-Build. It is not recommended to edit this file directly.
$data merge entity $(bone_left_eye) { transformation: [0.11123857227833013f,-0.1051708622877307f,0.9882130690104912f,2.7364876903510322f,0f,0.9943844864917185f,0.10582765718186031f,0.7214253735138578f,-0.9937937311321091f,-0.011772117492470712f,0.11061391057305922f,0.046238590594500015f,0f,0f,0f,1f], start_interpolation: 0, interpolation_duration: 1 }
$data merge entity $(bone_right_eye) { transformation: [0.11123857227833013f,-0.1051708622877307f,0.9882130690104912f,2.764297333420615f,0f,0.9943844864917185f,0.10582765718186031f,0.7214253735138578f,-0.9937937311321091f,-0.011772117492470712f,0.11061391057305922f,-0.20220984218852728f,0f,0f,0f,1f], start_interpolation: 0, interpolation_duration: 1 }
$data merge entity $(bone_right_close) { transformation: [0.11123857227833013f,-0.1051708622877307f,0.9882130690104912f,2.757724154527632f,0f,0.9943844864917185f,0.10582765718186031f,0.7835744039195902f,-0.9937937311321091f,-0.011772117492470712f,0.11061391057305922f,-0.2029455995318067f,0f,0f,0f,1f], start_interpolation: 0, interpolation_duration: 1 }
$data merge entity $(bone_left_close) { transformation: [0.11123857227833013f,-0.1051708622877307f,0.9882130690104912f,2.729914511458049f,0f,0.9943844864917185f,0.10582765718186031f,0.7835744039195902f,-0.9937937311321091f,-0.011772117492470712f,0.11061391057305922f,0.045502833251220606f,0f,0f,0f,1f], start_interpolation: 0, interpolation_duration: 1 }
$data merge entity $(bone_left_eyebrow) { transformation: [0.11123857227833013f,-0.1051708622877307f,0.9882130690104912f,2.732482019698429f,0f,0.9943844864917185f,0.10582765718186031f,0.7587081775287235f,-0.9937937311321091f,-0.011772117492470712f,0.11061391057305922f,0.045790222819121554f,0f,0f,0f,1f], start_interpolation: 0, interpolation_duration: 1 }
$data merge entity $(bone_right_eyebrow) { transformation: [0.11123857227833013f,-0.1051708622877307f,0.9882130690104912f,2.7602916627680116f,0f,0.9943844864917185f,0.10582765718186031f,0.7587081775287235f,-0.9937937311321091f,-0.011772117492470712f,0.11061391057305922f,-0.2026582099639057f,0f,0f,0f,1f], start_interpolation: 0, interpolation_duration: 1 }
$data merge entity $(bone_talking) { transformation: [0.11123857227833013f,-0.1051708622877307f,0.9882130690104912f,3.085501811523535f,0f,0.9943844864917185f,0.10582765718186031f,0.5059003947602596f,-0.9937937311321091f,-0.011772117492470712f,0.11061391057305922f,-0.040475749369814934f,0f,0f,0f,1f], start_interpolation: 0, interpolation_duration: 1 }
$data merge entity $(bone_m_opened) { transformation: [0.11123857227833013f,-0.1051708622877307f,0.9882130690104912f,3.085501811523535f,0f,0.9943844864917185f,0.10582765718186031f,0.5059003947602596f,-0.9937937311321091f,-0.011772117492470712f,0.11061391057305922f,-0.040475749369814934f,0f,0f,0f,1f], start_interpolation: 0, interpolation_duration: 1 }
$data merge entity $(bone_head) { transformation: [0.11123857227833013f,-0.1051708622877307f,0.9882130690104912f,3.023738494710379f,0f,0.9943844864917185f,0.10582765718186031f,0.4992861661863933f,-0.9937937311321091f,-0.011772117492470712f,0.11061391057305922f,-0.04738911878063114f,0f,0f,0f,1f], start_interpolation: 0, interpolation_duration: 1 }
$data merge entity $(item_display_r_item) { transformation: [0.04866687537176943f,-0.43431471812384426f,-0.02021165165330046f,2.968703001374482f,0f,-0.020337873967343066f,0.4370270253456741f,-0.25573000456725714f,-0.43478475737029776f,-0.04861426234649838f,-0.0022623560633038605f,-0.3680009919712088f,0f,0f,0f,1f], start_interpolation: 0, interpolation_duration: 1 }
$data merge entity $(bone_rightarm) { transformation: [0.11123857227833013f,-0.04619806092182984f,0.992719355711644f,3.063919132762294f,0f,0.9989189150758265f,0.04648656906821295f,0.3744051384886611f,-0.9937937311321091f,-0.005171099573265991f,0.11111831393485344f,-0.35734313996264333f,0f,0f,0f,1f], start_interpolation: 0, interpolation_duration: 1 }
$data merge entity $(item_display_l_item) { transformation: [0.04866687537176943f,-0.4344235810101849f,-0.017718281627628073f,2.895585832839182f,0f,-0.01782893277807637f,0.4371365680836995f,-0.2551696538532172f,-0.43478475737029776f,-0.048626447724279785f,-0.0019832650274795374f,0.25271790697010144f,0f,0f,0f,1f], start_interpolation: 0, interpolation_duration: 1 }
$data merge entity $(bone_leftarm) { transformation: [0.11123857227833013f,-0.040498929434578675f,0.9929681851661369f,2.9943950250883375f,0f,0.9991692984770274f,0.04075184634988906f,0.3744051384886611f,-0.9937937311321091f,-0.004533177205667539f,0.11114616622692522f,0.2637779419949249f,0f,0f,0f,1f], start_interpolation: 0, interpolation_duration: 1 }
$data merge entity $(bone_body) { transformation: [0.11123857227833013f,-0.043348673719494045f,0.9928478597067325f,3.0562499999999995f,0f,0.9990482215818578f,0.043619387365336f,-0.25f,-0.9937937311321091f,-0.004852158374175409f,0.11113269780597067f,-0.04374999999999958f,0f,0f,0f,1f], start_interpolation: 0, interpolation_duration: 1 }
$data merge entity $(bone_leftleg) { transformation: [0.11123857227833013f,0.017344092110542265f,0.9936423715333097f,3.042345178465208f,0f,0.9998476951563913f,-0.017452406437283758f,-0.18225000000000002f,-0.9937937311321091f,0.0019413807749045834f,0.11122163010497602f,0.08047421639151406f,0f,0f,0f,1f], start_interpolation: 0, interpolation_duration: 1 }
$data merge entity $(bone_rightleg) { transformation: [0.11123857227833013f,-0.028852840349930912f,0.9933748001843112f,3.070154821534791f,0f,0.9995784528170442f,0.02903302712230068f,-0.27022222222222225f,-0.9937937311321091f,-0.003229592486002763f,0.11119167997155018f,-0.16797421639151322f,0f,0f,0f,1f], start_interpolation: 0, interpolation_duration: 1 }
data modify entity @s data merge value {"locators":{},"cameras":{"camera":{"posx":6.125,"posy":0.5887549525733878,"posz":1.7172129488142944,"roty":106.7747820926178,"rotx":-6.213211178577398}}}