# This file was generated by Animated Java via MC-Build. It is not recommended to edit this file directly.
$data merge entity $(bone_left_eye) { transformation: [0.11382945793035172f,-0.09044282242861984f,0.9893750301975626f,2.695814948638785f,0f,0.9958477375236163f,0.09103451910728558f,0.725489470790476f,-0.9935003042310971f,-0.010362409962932563f,0.11335680814348043f,0.0520338550879965f,0f,0f,0f,1f], start_interpolation: 0, interpolation_duration: 1 }
$data merge entity $(bone_right_eye) { transformation: [0.11382945793035172f,-0.09044282242861984f,0.9893750301975626f,2.7242723131213724f,0f,0.9958477375236163f,0.09103451910728558f,0.725489470790476f,-0.9935003042310971f,-0.010362409962932563f,0.11335680814348043f,-0.1963412209697778f,0f,0f,0f,1f], start_interpolation: 0, interpolation_duration: 1 }
$data merge entity $(bone_right_close) { transformation: [0.11382945793035172f,-0.09044282242861984f,0.9893750301975626f,2.7186196367195836f,0f,0.9958477375236163f,0.09103451910728558f,0.787729954385702f,-0.9935003042310971f,-0.010362409962932563f,0.11335680814348043f,-0.1969888715924611f,0f,0f,0f,1f], start_interpolation: 0, interpolation_duration: 1 }
$data merge entity $(bone_left_close) { transformation: [0.11382945793035172f,-0.09044282242861984f,0.9893750301975626f,2.690162272236996f,0f,0.9958477375236163f,0.09103451910728558f,0.787729954385702f,-0.9935003042310971f,-0.010362409962932563f,0.11335680814348043f,0.05138620446531321f,0f,0f,0f,1f], start_interpolation: 0, interpolation_duration: 1 }
$data merge entity $(bone_left_eyebrow) { transformation: [0.11382945793035172f,-0.09044282242861984f,0.9893750301975626f,2.6923615068583238f,0f,0.9958477375236163f,0.09103451910728558f,0.7628280712901675f,-0.9935003042310971f,-0.010362409962932563f,0.11335680814348043f,0.05163817991387756f,0f,0f,0f,1f], start_interpolation: 0, interpolation_duration: 1 }
$data merge entity $(bone_right_eyebrow) { transformation: [0.11382945793035172f,-0.09044282242861984f,0.9893750301975626f,2.7208188713409114f,0f,0.9958477375236163f,0.09103451910728558f,0.7628280712901675f,-0.9935003042310971f,-0.010362409962932563f,0.11335680814348043f,-0.19673689614389672f,0f,0f,0f,1f], start_interpolation: 0, interpolation_duration: 1 }
$data merge entity $(bone_talking) { transformation: [0.11382945793035172f,-0.09044282242861984f,0.9893750301975626f,3.0418340334239717f,0f,0.9958477375236163f,0.09103451910728558f,0.5049758236305987f,-0.9935003042310971f,-0.010362409962932563f,0.11335680814348043f,-0.034139077905319865f,0f,0f,0f,1f], start_interpolation: 0, interpolation_duration: 1 }
$data merge entity $(bone_m_opened) { transformation: [0.11382945793035172f,-0.09044282242861984f,0.9893750301975626f,3.0418340334239717f,0f,0.9958477375236163f,0.09103451910728558f,0.5049758236305987f,-0.9935003042310971f,-0.010362409962932563f,0.11335680814348043f,-0.034139077905319865f,0f,0f,0f,1f], start_interpolation: 0, interpolation_duration: 1 }
$data merge entity $(bone_head) { transformation: [0.11382945793035172f,-0.09044282242861984f,0.9893750301975626f,2.979998094036624f,0f,0.9958477375236163f,0.09103451910728558f,0.4992861661863933f,-0.9935003042310971f,-0.010362409962932563f,0.11335680814348043f,-0.041223878414287395f,0f,0f,0f,1f], start_interpolation: 0, interpolation_duration: 1 }
$data merge entity $(item_display_r_item) { transformation: [0.04980038784452888f,-0.43445596547213444f,-0.0131979330279436f,2.9157106981578265f,0f,-0.013284276785559636f,0.43729827119517023f,-0.2541021851574563f,-0.434656383101105f,-0.04977742516402617f,-0.0015121420254970085f,-0.3631339956659928f,0f,0f,0f,1f], start_interpolation: 0, interpolation_duration: 1 }
$data merge entity $(bone_rightarm) { transformation: [0.11382945793035172f,-0.03016670406387131f,0.9930422067934501f,3.0209867839670883f,0f,0.9995389055889605f,0.030364061224136533f,0.3744051384886611f,-0.9935003042310971f,-0.0034563246297074734f,0.11377697180348838f,-0.3510720770841239f,0f,0f,0f,1f], start_interpolation: 0, interpolation_duration: 1 }
$data merge entity $(item_display_l_item) { transformation: [0.04980038784452888f,-0.4339530050134551f,-0.02471762145366726f,2.8611676876905845f,0f,-0.02487932952652395f,0.43679202025942576f,-0.25669184174666837f,-0.434656383101105f,-0.04971979889443365f,-0.0028320005936748154f,0.2597056713671519f,0f,0f,0f,1f], start_interpolation: 0, interpolation_duration: 1 }
$data merge entity $(bone_leftarm) { transformation: [0.11382945793035172f,-0.05649742046552539f,0.9918925828878973f,2.9498433727606184f,0f,0.9983817605929732f,0.05686703891776925f,0.3744051384886611f,-0.9935003042310971f,-0.006473144214113888f,0.11364525461584833f,0.26986561306031176f,0f,0f,0f,1f], start_interpolation: 0, interpolation_duration: 1 }
$data merge entity $(bone_body) { transformation: [0.11382945793035172f,-0.04333587461783539f,0.9925547120831123f,3.0125000000000006f,0f,0.9990482215818578f,0.043619387365336f,-0.25f,-0.9935003042310971f,-0.004965171219050229f,0.11372111750894479f,-0.03749999999999972f,0f,0f,0f,1f], start_interpolation: 0, interpolation_duration: 1 }
$data merge entity $(bone_leftleg) { transformation: [0.11382945793035172f,0.05199578844958959f,0.9921387465928282f,2.998271317758707f,0f,0.9986295347545739f,-0.052335956242943335f,-0.1832499999999999f,-0.9935003042310971f,0.005957373529400847f,0.11367345861435249f,0.08668753802888743f,0f,0f,0f,1f], start_interpolation: 0, interpolation_duration: 1 }
$data merge entity $(bone_rightleg) { transformation: [0.11382945793035172f,-0.08002333081165512f,0.9902722459167939f,3.0267286822412944f,0f,0.9967508230238524f,0.08054686090266257f,-0.271f,-0.9935003042310971f,-0.00916860551454152f,0.11345960587643707f,-0.16168753802888686f,0f,0f,0f,1f], start_interpolation: 0, interpolation_duration: 1 }
data modify entity @s data merge value {"locators":{},"cameras":{"camera":{"posx":6.125,"posy":0.5903422023799785,"posz":1.7203107830665163,"roty":106.65149249545222,"rotx":-6.2058870869765865}}}