# This file was generated by Animated Java via MC-Build. It is not recommended to edit this file directly.
$data merge entity $(bone_left_eye) { transformation: [0.11573470356309525f,-0.07522695527302334f,0.9904273742135329f,2.6553748756017f,0f,0.9971279131746841f,0.07573588824262745f,0.7296341724194075f,-0.9932801610780125f,-0.008765270574848197f,0.11540230344575984f,0.05808191897985168f,0f,0f,0f,1f], start_interpolation: 0, interpolation_duration: 1 }
$data merge entity $(bone_right_eye) { transformation: [0.11573470356309525f,-0.07522695527302334f,0.9904273742135329f,2.684308551492474f,0f,0.9971279131746841f,0.07573588824262745f,0.7296341724194075f,-0.9932801610780125f,-0.008765270574848197f,0.11540230344575984f,-0.19023812128965145f,0f,0f,0f,1f], start_interpolation: 0, interpolation_duration: 1 }
$data merge entity $(bone_right_close) { transformation: [0.11573470356309525f,-0.07522695527302334f,0.9904273742135329f,2.67960686678791f,0f,0.9971279131746841f,0.07573588824262745f,0.7919546669928252f,-0.9932801610780125f,-0.008765270574848197f,0.11540230344575984f,-0.19078595070057947f,0f,0f,0f,1f], start_interpolation: 0, interpolation_duration: 1 }
$data merge entity $(bone_left_close) { transformation: [0.11573470356309525f,-0.07522695527302334f,0.9904273742135329f,2.650673190897136f,0f,0.9971279131746841f,0.07573588824262745f,0.7919546669928252f,-0.9932801610780125f,-0.008765270574848197f,0.11540230344575984f,0.05753408956892367f,0f,0f,0f,1f], start_interpolation: 0, interpolation_duration: 1 }
$data merge entity $(bone_left_eyebrow) { transformation: [0.11573470356309525f,-0.07522695527302334f,0.9904273742135329f,2.652491963068073f,0f,0.9971279131746841f,0.07573588824262745f,0.7670217356704431f,-0.9932801610780125f,-0.008765270574848197f,0.11540230344575984f,0.05774600868932951f,0f,0f,0f,1f], start_interpolation: 0, interpolation_duration: 1 }
$data merge entity $(bone_right_eyebrow) { transformation: [0.11573470356309525f,-0.07522695527302334f,0.9904273742135329f,2.681425638958847f,0f,0.9971279131746841f,0.07573588824262745f,0.7670217356704431f,-0.9932801610780125f,-0.008765270574848197f,0.11540230344575984f,-0.1905740315801736f,0f,0f,0f,1f], start_interpolation: 0, interpolation_duration: 1 }
$data merge entity $(bone_talking) { transformation: [0.11573470356309525f,-0.07522695527302334f,0.9904273742135329f,2.9981570068070718f,0f,0.9971279131746841f,0.07573588824262745f,0.5040196592015576f,-0.9932801610780125f,-0.008765270574848197f,0.11540230344575984f,-0.027823563684387882f,0f,0f,0f,1f], start_interpolation: 0, interpolation_duration: 1 }
$data merge entity $(bone_m_opened) { transformation: [0.11573470356309525f,-0.07522695527302334f,0.9904273742135329f,2.9981570068070718f,0f,0.9971279131746841f,0.07573588824262745f,0.5040196592015576f,-0.9932801610780125f,-0.008765270574848197f,0.11540230344575984f,-0.027823563684387882f,0f,0f,0f,1f], start_interpolation: 0, interpolation_duration: 1 }
$data merge entity $(bone_head) { transformation: [0.11573470356309525f,-0.07522695527302334f,0.9904273742135329f,2.936255295918726f,0f,0.9971279131746841f,0.07573588824262745f,0.4992861661863933f,-0.9932801610780125f,-0.008765270574848197f,0.11540230344575984f,-0.03503620764974787f,0f,0f,0f,1f], start_interpolation: 0, interpolation_duration: 1 }
$data merge entity $(item_display_r_item) { transformation: [0.05063393280885417f,-0.4345141078904207f,-0.006320197188403859f,2.8627201399533386f,0f,-0.00636295522256733f,0.43745372646810954f,-0.2523467436722291f,-0.4345600704716305f,-0.050628577355358015f,-0.0007364147364690784f,-0.35821851014205325f,0f,0f,0f,1f], start_interpolation: 0, interpolation_duration: 1 }
$data merge entity $(bone_rightarm) { transformation: [0.11573470356309525f,-0.014446165002066184f,0.9931751037495331f,2.977838174795739f,0f,0.9998942319271076f,0.01454389765158269f,0.3744051384886611f,-0.9932801610780125f,-0.0016832336833579194f,0.11572246252653261f,-0.34480522337833536f,0f,0f,0f,1f], start_interpolation: 0, interpolation_duration: 1 }
$data merge entity $(item_display_l_item) { transformation: [0.05063393280885417f,-0.4334114920067688f,-0.03157425287754323f,2.8267782057490756f,0f,-0.03178786219114203f,0.43634365105650036f,-0.25802518078952286f,-0.4345600704716305f,-0.05050010310666275f,-0.003678958807596346f,0.26682193184722786f,0f,0f,0f,1f], start_interpolation: 0, interpolation_duration: 1 }
$data merge entity $(bone_leftarm) { transformation: [0.11573470356309525f,-0.07216972086295617f,0.9906548388726144f,2.9055039850688047f,0f,0.9973569167005722f,0.07265797072261058f,0.3744051384886611f,-0.9932801610780125f,-0.008409048703077389f,0.11542880710094343f,0.27599487729542244f,0f,0f,0f,1f], start_interpolation: 0, interpolation_duration: 1 }
$data merge entity $(bone_body) { transformation: [0.11573470356309525f,-0.04332627210836517f,0.9923347784575297f,2.96875f,0f,0.9990482215818578f,0.043619387365336f,-0.25f,-0.9932801610780125f,-0.005048276866330984f,0.11562454977001381f,-0.031249999999999636f,0f,0f,0f,1f], start_interpolation: 0, interpolation_duration: 1 }
$data merge entity $(bone_leftleg) { transformation: [0.11573470356309525f,0.08657007019526775f,0.989500430185631f,2.954283162054613f,0f,0.9961946980917455f,-0.08715574274765818f,-0.1875f,-0.9932801610780125f,0.010086944050721608f,0.11529429807477534f,0.09291002013475193f,0f,0f,0f,1f], start_interpolation: 0, interpolation_duration: 1 }
$data merge entity $(bone_rightleg) { transformation: [0.11573470356309525f,-0.1280574551815126f,0.9849907444050413f,2.983216837945387f,0f,0.9916545029310012f,0.12892380236662648f,-0.27083333333333337f,-0.9932801610780125f,-0.014920958049128593f,0.114768839933728f,-0.1554100201347512f,0f,0f,0f,1f], start_interpolation: 0, interpolation_duration: 1 }
data modify entity @s data merge value {"locators":{},"cameras":{"camera":{"posx":6.125,"posy":0.5919269026279725,"posz":1.723272736115203,"roty":106.52872782995648,"rotx":-6.197974556666526}}}