# This file was generated by Animated Java via MC-Build. It is not recommended to edit this file directly.
$data merge entity $(bone_left_eye) { transformation: [0.11698711593716972f,-0.06118756735616658f,0.9912467383581839f,2.6147781301567363f,0f,0.9981002611958285f,0.06161062084429204f,0.7334085762742775f,-0.9931334324775816f,-0.007207648843672199f,0.11676487097343577f,0.0643213693603085f,0f,0f,0f,1f], start_interpolation: 0, interpolation_duration: 1 }
$data merge entity $(bone_right_eye) { transformation: [0.11698711593716972f,-0.06118756735616658f,0.9912467383581839f,2.644024909141029f,0f,0.9981002611958285f,0.06161062084429204f,0.7334085762742775f,-0.9931334324775816f,-0.007207648843672199f,0.11676487097343577f,-0.1839619887590869f,0f,0f,0f,1f], start_interpolation: 0, interpolation_duration: 1 }
$data merge entity $(bone_right_close) { transformation: [0.11698711593716972f,-0.06118756735616658f,0.9912467383581839f,2.6402006861812684f,0f,0.9981002611958285f,0.06161062084429204f,0.7957898425990166f,-0.9931334324775816f,-0.007207648843672199f,0.11676487097343577f,-0.18441246681181642f,0f,0f,0f,1f], start_interpolation: 0, interpolation_duration: 1 }
$data merge entity $(bone_left_close) { transformation: [0.11698711593716972f,-0.06118756735616658f,0.9912467383581839f,2.6109539071969756f,0f,0.9981002611958285f,0.06161062084429204f,0.7957898425990166f,-0.9931334324775816f,-0.007207648843672199f,0.11676487097343577f,0.06387089130757898f,0f,0f,0f,1f], start_interpolation: 0, interpolation_duration: 1 }
$data merge entity $(bone_left_eyebrow) { transformation: [0.11698711593716972f,-0.06118756735616658f,0.9912467383581839f,2.612421643459733f,0f,0.9981002611958285f,0.06161062084429204f,0.7708334854053184f,-0.9931334324775816f,-0.007207648843672199f,0.11676487097343577f,0.06404378472423494f,0f,0f,0f,1f], start_interpolation: 0, interpolation_duration: 1 }
$data merge entity $(bone_right_eyebrow) { transformation: [0.11698711593716972f,-0.06118756735616658f,0.9912467383581839f,2.641668422444025f,0f,0.9981002611958285f,0.06161062084429204f,0.7708334854053184f,-0.9931334324775816f,-0.007207648843672199f,0.11676487097343577f,-0.18423957339516045f,0f,0f,0f,1f], start_interpolation: 0, interpolation_duration: 1 }
$data merge entity $(bone_talking) { transformation: [0.11698711593716972f,-0.06118756735616658f,0.9912467383581839f,2.9544630172248567f,0f,0.9981002611958285f,0.06161062084429204f,0.5031368299891615f,-0.9931334324775816f,-0.007207648843672199f,0.11676487097343577f,-0.02152937530927248f,0f,0f,0f,1f], start_interpolation: 0, interpolation_duration: 1 }
$data merge entity $(bone_m_opened) { transformation: [0.11698711593716972f,-0.06118756735616658f,0.9912467383581839f,2.9544630172248567f,0f,0.9981002611958285f,0.06161062084429204f,0.5031368299891615f,-0.9931334324775816f,-0.007207648843672199f,0.11676487097343577f,-0.02152937530927248f,0f,0f,0f,1f], start_interpolation: 0, interpolation_duration: 1 }
$data merge entity $(bone_head) { transformation: [0.11698711593716972f,-0.06118756735616658f,0.9912467383581839f,2.89251009607747f,0f,0.9981002611958285f,0.06161062084429204f,0.4992861661863933f,-0.9931334324775816f,-0.007207648843672199f,0.11676487097343577f,-0.028827179745112213f,0f,0f,0f,1f], start_interpolation: 0, interpolation_duration: 1 }
$data merge entity $(item_display_r_item) { transformation: [0.05118186322251175f,-0.43449582147932053f,0.00021907551794855836f,2.8100289254894775f,0f,0.00022059021555847482f,0.4374999443885185f,-0.2505317562904916f,-0.43449587670894196f,-0.051181856716684924f,0.00002580621312214455f,-0.3532037677555888f,0f,0f,0f,1f], start_interpolation: 0, interpolation_duration: 1 }
$data merge entity $(bone_rightarm) { transformation: [0.11698711593716972f,0.0005007440410250558f,0.9931333062384469f,2.934483553794924f,0f,0.9999998728880424f,-0.0005042062069905776f,0.3744051384886611f,-0.9931334324775816f,0.00005898562999344728f,0.1169871010667084f,-0.33854351410350436f,0f,0f,0f,1f], start_interpolation: 0, interpolation_duration: 1 }
$data merge entity $(item_display_l_item) { transformation: [0.05118186322251175f,-0.432823340011232f,-0.038087047911245925f,2.7921128633470493f,0f,-0.03835038340843055f,0.43581589931119585f,-0.25914625578688455f,-0.43449587670894196f,-0.05098484513998075f,-0.004486500750036975f,0.2740070693693281f,0f,0f,0f,1f], start_interpolation: 0, interpolation_duration: 1 }
$data merge entity $(bone_leftarm) { transformation: [0.11698711593716972f,-0.08705610951141948f,0.9893104914542445f,2.861366606334193f,0f,0.9961506269970191f,0.08765801921927005f,0.3744051384886611f,-0.9931334324775816f,-0.010254858857227399f,0.11653678889138458f,0.28216488119498406f,0f,0f,0f,1f], start_interpolation: 0, interpolation_duration: 1 }
$data merge entity $(bone_body) { transformation: [0.11698711593716972f,-0.04331987189670539f,0.9921881895102139f,2.9249999999999994f,0f,0.9990482215818578f,0.043619387365336f,-0.25f,-0.9931334324775816f,-0.005102906326816879f,0.11687577012502003f,-0.024999999999999554f,0f,0f,0f,1f], start_interpolation: 0, interpolation_duration: 1 }
$data merge entity $(bone_leftleg) { transformation: [0.11698711593716972f,0.12103251932974372f,0.9857307664719602f,2.910376610507853f,0f,0.992546151641322f,-0.12186934340514798f,-0.1947000000000001f,-0.9931334324775816f,0.014257143006124797f,0.11611511171505497f,0.09914167905969815f,0f,0f,0f,1f], start_interpolation: 0, interpolation_duration: 1 }
$data merge entity $(bone_rightleg) { transformation: [0.11698711593716972f,-0.17103944317729533f,0.9782941907127445f,2.9396233894921457f,0f,0.985058159075546f,0.17222201728784947f,-0.26955555555555555f,-0.9931334324775816f,-0.020147757103386895f,0.11523911306062587f,-0.14914167905969725f,0f,0f,0f,1f], start_interpolation: 0, interpolation_duration: 1 }
data modify entity @s data merge value {"locators":{},"cameras":{"camera":{"posx":6.125,"posy":0.5935090265269115,"posz":1.7261000939023423,"roty":106.40649463785402,"rotx":-6.1894978205347995}}}