# This file was generated by Animated Java via MC-Build. It is not recommended to edit this file directly.
$data merge entity $(bone_left_eye) { transformation: [0.11761933873883125f,-0.04999377522375932f,0.9917995329669782f,2.5736117947223116f,0f,0.9987319761658563f,0.05034321983984962f,0.736383355267895f,-0.9930587551371973f,-0.005921336227546723f,0.11747019461395419f,0.07068659905819694f,0f,0f,0f,1f], start_interpolation: 0, interpolation_duration: 1 }
$data merge entity $(bone_right_eye) { transformation: [0.11761933873883125f,-0.04999377522375932f,0.9917995329669782f,2.603016629407019f,0f,0.9987319761658563f,0.05034321983984962f,0.736383355267895f,-0.9930587551371973f,-0.005921336227546723f,0.11747019461395419f,-0.1775780897261024f,0f,0f,0f,1f], start_interpolation: 0, interpolation_duration: 1 }
$data merge entity $(bone_right_close) { transformation: [0.11761933873883125f,-0.04999377522375932f,0.9917995329669782f,2.599892018455534f,0f,0.9987319761658563f,0.05034321983984962f,0.7988041037782609f,-0.9930587551371973f,-0.005921336227546723f,0.11747019461395419f,-0.17794817324032408f,0f,0f,0f,1f], start_interpolation: 0, interpolation_duration: 1 }
$data merge entity $(bone_left_close) { transformation: [0.11761933873883125f,-0.04999377522375932f,0.9917995329669782f,2.5704871837708265f,0f,0.9987319761658563f,0.05034321983984962f,0.7988041037782609f,-0.9930587551371973f,-0.005921336227546723f,0.11747019461395419f,0.07031651554397526f,0f,0f,0f,1f], start_interpolation: 0, interpolation_duration: 1 }
$data merge entity $(bone_left_eyebrow) { transformation: [0.11761933873883125f,-0.04999377522375932f,0.9917995329669782f,2.5716750406806104f,0f,0.9987319761658563f,0.05034321983984962f,0.7738326579228747f,-0.9930587551371973f,-0.005921336227546723f,0.11747019461395419f,0.07045720706250055f,0f,0f,0f,1f], start_interpolation: 0, interpolation_duration: 1 }
$data merge entity $(bone_right_eyebrow) { transformation: [0.11761933873883125f,-0.04999377522375932f,0.9917995329669782f,2.601079875365318f,0f,0.9987319761658563f,0.05034321983984962f,0.7738326579228747f,-0.9930587551371973f,-0.005921336227546723f,0.11747019461395419f,-0.17780748172179878f,0f,0f,0f,1f], start_interpolation: 0, interpolation_duration: 1 }
$data merge entity $(bone_talking) { transformation: [0.11761933873883125f,-0.04999377522375932f,0.9917995329669782f,2.910750009922786f,0f,0.9987319761658563f,0.05034321983984962f,0.5024326174263839f,-0.9930587551371973f,-0.005921336227546723f,0.11747019461395419f,-0.015255975460205368f,0f,0f,0f,1f], start_interpolation: 0, interpolation_duration: 1 }
$data merge entity $(bone_m_opened) { transformation: [0.11761933873883125f,-0.04999377522375932f,0.9917995329669782f,2.910750009922786f,0f,0.9987319761658563f,0.05034321983984962f,0.5024326174263839f,-0.9930587551371973f,-0.005921336227546723f,0.11747019461395419f,-0.015255975460205368f,0f,0f,0f,1f], start_interpolation: 0, interpolation_duration: 1 }
$data merge entity $(bone_head) { transformation: [0.11761933873883125f,-0.04999377522375932f,0.9917995329669782f,2.8487625391123497f,0f,0.9987319761658563f,0.05034321983984962f,0.4992861661863933f,-0.9930587551371973f,-0.005921336227546723f,0.11747019461395419f,-0.022597862623577505f,0f,0f,0f,1f], start_interpolation: 0, interpolation_duration: 1 }
$data merge entity $(item_display_r_item) { transformation: [0.05145846069823867f,-0.4344187117226036f,0.006217694736895092f,2.7579311063093916f,0f,0.006261154946502718f,0.4374551953500334f,-0.24874195345524308f,-0.4344632053725238f,-0.051453190804937175f,0.0007364329045490123f,-0.34804037183174075f,0f,0f,0f,1f], start_interpolation: 0, interpolation_duration: 1 }
$data merge entity $(bone_rightarm) { transformation: [0.11761933873883125f,0.014211873684331418f,0.9929570553659511f,2.890933159282843f,0f,0.999897589371505f,-0.014311211306291705f,0.3744051384886611f,-0.9930587551371973f,0.0016832752103977163f,0.11760729326842782f,-0.3322874131666887f,0f,0f,0f,1f], start_interpolation: 0, interpolation_duration: 1 }
$data merge entity $(item_display_l_item) { transformation: [0.05145846069823867f,-0.4322237095669319f,-0.044056120014911965f,2.7568658984303958f,0f,-0.04436406183119078f,0.4352448506505715f,-0.2600486658210669f,-0.4344632053725238f,-0.05119321152300158f,-0.005218071616353283f,0.28120206495370675f,0f,0f,0f,1f], start_interpolation: 0, interpolation_duration: 1 }
$data merge entity $(bone_leftarm) { transformation: [0.11761933873883125f,-0.10069970289122757f,0.9879399075815586f,2.8174210725710735f,0f,0.9948453729155919f,0.10140356989986486f,0.3744051384886611f,-0.9930587551371973f,-0.011927020837378958f,0.1170130549097179f,0.2883743087940596f,0f,0f,0f,1f], start_interpolation: 0, interpolation_duration: 1 }
$data merge entity $(bone_body) { transformation: [0.11761933873883125f,-0.04331661451686776f,0.9921135832461105f,2.8812500000000005f,0f,0.9990482215818578f,0.043619387365336f,-0.25f,-0.9930587551371973f,-0.005130483498103751f,0.11750739119066347f,-0.01874999999999969f,0f,0f,0f,1f], start_interpolation: 0, interpolation_duration: 1 }
$data merge entity $(bone_leftleg) { transformation: [0.11761933873883125f,0.15534861511340484f,0.9808325539749316f,2.8665475826576468f,0f,0.9876883405951378f,-0.15643446504023062f,-0.20409999999999995f,-0.9930587551371973f,0.01839971833399474f,0.11617124950085364f,0.10538234439214997f,0f,0f,0f,1f], start_interpolation: 0, interpolation_duration: 1 }
$data merge entity $(bone_rightleg) { transformation: [0.11761933873883125f,-0.20714661033140122f,0.9712136598003812f,2.8959524173423543f,0f,0.978002212634641f,0.20859451594360356f,-0.267f,-0.9930587551371973f,-0.024534749029833245f,0.11503197353520031f,-0.14288234439214936f,0f,0f,0f,1f], start_interpolation: 0, interpolation_duration: 1 }
data modify entity @s data merge value {"locators":{},"cameras":{"camera":{"posx":6.125,"posy":0.5950885472863373,"posz":1.7287941423699247,"roty":106.28479943128043,"rotx":-6.180481140344089}}}