# This file was generated by Animated Java via MC-Build. It is not recommended to edit this file directly.
$data merge entity $(bone_left_eye) { transformation: [0.11766386835828214f,-0.0433163844173599f,0.9921083131009297f,2.531448553762622f,0f,0.9990482215818578f,0.043619387365336f,0.7381433747405237f,-0.9930534799712274f,-0.00513242585282381f,0.11755187842778361f,0.0771112895366341f,0f,0f,0f,1f], start_interpolation: 0, interpolation_duration: 1 }
$data merge entity $(bone_right_eye) { transformation: [0.11766386835828214f,-0.0433163844173599f,0.9921083131009297f,2.5608645208521925f,0f,0.9990482215818578f,0.043619387365336f,0.7381433747405237f,-0.9930534799712274f,-0.00513242585282381f,0.11755187842778361f,-0.17115208045617275f,0f,0f,0f,1f], start_interpolation: 0, interpolation_duration: 1 }
$data merge entity $(bone_right_close) { transformation: [0.11766386835828214f,-0.0433163844173599f,0.9921083131009297f,2.5581572468261076f,0f,0.9990482215818578f,0.043619387365336f,0.8005838885893899f,-0.9930534799712274f,-0.00513242585282381f,0.11755187842778361f,-0.17147285707197424f,0f,0f,0f,1f], start_interpolation: 0, interpolation_duration: 1 }
$data merge entity $(bone_left_close) { transformation: [0.11766386835828214f,-0.0433163844173599f,0.9921083131009297f,2.528741279736537f,0f,0.9990482215818578f,0.043619387365336f,0.8005838885893899f,-0.9930534799712274f,-0.00513242585282381f,0.11755187842778361f,0.07679051292083261f,0f,0f,0f,1f], start_interpolation: 0, interpolation_duration: 1 }
$data merge entity $(bone_left_eyebrow) { transformation: [0.11766386835828214f,-0.0433163844173599f,0.9921083131009297f,2.529762182577402f,0f,0.9990482215818578f,0.043619387365336f,0.7756049568381331f,-0.9930534799712274f,-0.00513242585282381f,0.11755187842778361f,0.07691147657475148f,0f,0f,0f,1f], start_interpolation: 0, interpolation_duration: 1 }
$data merge entity $(bone_right_eyebrow) { transformation: [0.11766386835828214f,-0.0433163844173599f,0.9921083131009297f,2.5591781496669723f,0f,0.9990482215818578f,0.043619387365336f,0.7756049568381331f,-0.9930534799712274f,-0.00513242585282381f,0.11755187842778361f,-0.17135189341805537f,0f,0f,0f,1f], start_interpolation: 0, interpolation_duration: 1 }
$data merge entity $(bone_talking) { transformation: [0.11766386835828214f,-0.0433163844173599f,0.9921083131009297f,2.8670194812557876f,0f,0.9990482215818578f,0.043619387365336f,0.5020123778967268f,-0.9930534799712274f,-0.00513242585282381f,0.11755187842778361f,-0.009002326987880989f,0f,0f,0f,1f], start_interpolation: 0, interpolation_duration: 1 }
$data merge entity $(bone_m_opened) { transformation: [0.11766386835828214f,-0.0433163844173599f,0.9921083131009297f,2.8670194812557876f,0f,0.9990482215818578f,0.043619387365336f,0.5020123778967268f,-0.9930534799712274f,-0.00513242585282381f,0.11755187842778361f,-0.009002326987880989f,0f,0f,0f,1f], start_interpolation: 0, interpolation_duration: 1 }
$data merge entity $(bone_head) { transformation: [0.11766386835828214f,-0.0433163844173599f,0.9921083131009297f,2.8050127116869796f,0f,0.9990482215818578f,0.043619387365336f,0.4992861661863933f,-0.9930534799712274f,-0.00513242585282381f,0.11755187842778361f,-0.016349319389617464f,0f,0f,0f,1f], start_interpolation: 0, interpolation_duration: 1 }
$data merge entity $(item_display_r_item) { transformation: [0.05147794240674844f,-0.43430936024405414f,0.011473929142535377f,2.7067175026134755f,0f,0.011554190558667417f,0.43734740273669626f,-0.24707566811842874f,-0.434460897487412f,-0.05145998722244724f,0.00135951075688155f,-0.3426819903652673f,0f,0f,0f,1f], start_interpolation: 0, interpolation_duration: 1 }
$data merge entity $(bone_rightarm) { transformation: [0.11766386835828214f,0.02622612375436635f,0.9927071091292666f,2.8471972186011127f,0f,0.9996512062553058f,-0.026409578419811015f,0.3744051384886611f,-0.9930534799712274f,0.0031074531585863737f,0.11762282793702226f,-0.32603697864902303f,0f,0f,0f,1f], start_interpolation: 0, interpolation_duration: 1 }
$data merge entity $(item_display_l_item) { transformation: [0.05147794240674844f,-0.431656663190093f,-0.0492828222524047f,2.7207308574691664f,0f,-0.04962756109956194f,0.4346761497705036f,-0.2607400929262189f,-0.434460897487412f,-0.05114567726508147f,-0.005839370816161461f,0.28835035399463f,0f,0f,0f,1f], start_interpolation: 0, interpolation_duration: 1 }
$data merge entity $(bone_leftarm) { transformation: [0.11766386835828214f,-0.11264645086263954f,0.9866438015773554f,2.7736573008771863f,0f,0.9935454851897225f,0.11343442537042753f,0.3744051384886611f,-0.9930534799712274f,-0.013347133294083366f,0.11690440517732907f,0.29462144633299403f,0f,0f,0f,1f], start_interpolation: 0, interpolation_duration: 1 }
$data merge entity $(bone_body) { transformation: [0.11766386835828214f,-0.0433163844173599f,0.9921083131009297f,2.8374999999999995f,0f,0.9990482215818578f,0.043619387365336f,-0.25f,-0.9930534799712274f,-0.00513242585282381f,0.11755187842778361f,-0.012499999999999609f,0f,0f,0f,1f], start_interpolation: 0, interpolation_duration: 1 }
$data merge entity $(bone_leftleg) { transformation: [0.11766386835828214f,0.18948353686849187f,0.974808290557057f,2.8227920164552143f,0f,0.9816271834476639f,-0.19080899537654503f,-0.21615000000000006f,-0.9930534799712274f,0.02245132451356186f,0.1155020516900972f,0.11163168499640382f,0f,0f,0f,1f], start_interpolation: 0, interpolation_duration: 1 }
$data merge entity $(bone_rightleg) { transformation: [0.11766386835828214f,-0.23464408238268422f,0.9649338675192995f,2.8522079835447847f,0f,0.9716836877176619f,0.23628544395160145f,-0.263f,-0.9930534799712274f,-0.027802259372099486f,0.11433206151750111f,-0.13663168499640305f,0f,0f,0f,1f], start_interpolation: 0, interpolation_duration: 1 }
data modify entity @s data merge value {"locators":{},"cameras":{"camera":{"posx":6.125,"posy":0.5966654381157921,"posz":1.731356167459939,"roty":106.1636486927114,"rotx":-6.170948806038845}}}