# This file was generated by Animated Java via MC-Build. It is not recommended to edit this file directly.
$data merge entity $(bone_left_eye) { transformation: [0.11715307324405545f,-0.05569670011907106f,0.9915508232185172f,2.4848047210873823f,0f,0.9984261159302894f,0.056082894258021425f,0.7348719716044603f,-0.9931138693168438f,-0.0065702834187486014f,0.116968687888359f,0.0831718818756748f,0f,0f,0f,1f], start_interpolation: 0, interpolation_duration: 1 }
$data merge entity $(bone_right_eye) { transformation: [0.11715307324405545f,-0.05569670011907106f,0.9915508232185172f,2.514092989398396f,0f,0.9984261159302894f,0.056082894258021425f,0.7348719716044603f,-0.9931138693168438f,-0.0065702834187486014f,0.116968687888359f,-0.16510658545353613f,0f,0f,0f,1f], start_interpolation: 0, interpolation_duration: 1 }
$data merge entity $(bone_right_close) { transformation: [0.11715307324405545f,-0.05569670011907106f,0.9915508232185172f,2.510611945640954f,0f,0.9984261159302894f,0.056082894258021425f,0.7972736038501034f,-0.9931138693168438f,-0.0065702834187486014f,0.116968687888359f,-0.16551722816720793f,0f,0f,0f,1f], start_interpolation: 0, interpolation_duration: 1 }
$data merge entity $(bone_left_close) { transformation: [0.11715307324405545f,-0.05569670011907106f,0.9915508232185172f,2.4813236773299403f,0f,0.9984261159302894f,0.056082894258021425f,0.7972736038501034f,-0.9931138693168438f,-0.0065702834187486014f,0.116968687888359f,0.08276123916200301f,0f,0f,0f,1f], start_interpolation: 0, interpolation_duration: 1 }
$data merge entity $(bone_left_eyebrow) { transformation: [0.11715307324405545f,-0.05569670011907106f,0.9915508232185172f,2.4826541229064656f,0f,0.9984261159302894f,0.056082894258021425f,0.7723094457709552f,-0.9931138693168438f,-0.0065702834187486014f,0.116968687888359f,0.0829181857044787f,0f,0f,0f,1f], start_interpolation: 0, interpolation_duration: 1 }
$data merge entity $(bone_right_eyebrow) { transformation: [0.11715307324405545f,-0.05569670011907106f,0.9915508232185172f,2.5119423912174796f,0f,0.9984261159302894f,0.056082894258021425f,0.7723094457709552f,-0.9931138693168438f,-0.0065702834187486014f,0.116968687888359f,-0.16536028162473224f,0f,0f,0f,1f], start_interpolation: 0, interpolation_duration: 1 }
$data merge entity $(bone_talking) { transformation: [0.11715307324405545f,-0.05569670011907106f,0.9915508232185172f,2.8232326625284436f,0f,0.9984261159302894f,0.056082894258021425f,0.5027913470775197f,-0.9931138693168438f,-0.0065702834187486014f,0.116968687888359f,-0.0027720659691313357f,0f,0f,0f,1f], start_interpolation: 0, interpolation_duration: 1 }
$data merge entity $(bone_m_opened) { transformation: [0.11715307324405545f,-0.05569670011907106f,0.9915508232185172f,2.8232326625284436f,0f,0.9984261159302894f,0.056082894258021425f,0.5027913470775197f,-0.9931138693168438f,-0.0065702834187486014f,0.116968687888359f,-0.0027720659691313357f,0f,0f,0f,1f], start_interpolation: 0, interpolation_duration: 1 }
$data merge entity $(bone_head) { transformation: [0.11715307324405545f,-0.05569670011907106f,0.9915508232185172f,2.7612607360772863f,0f,0.9984261159302894f,0.056082894258021425f,0.4992861661863933f,-0.9931138693168438f,-0.0065702834187486014f,0.116968687888359f,-0.010082608962153773f,0f,0f,0f,1f], start_interpolation: 0, interpolation_duration: 1 }
$data merge entity $(item_display_r_item) { transformation: [0.05125446954427426f,-0.4342004325896505f,0.01578650343475068f,2.656676534568391f,0f,0.015895965127956685f,0.4372111255362228f,-0.24564047938366962f,-0.43448731782611916f,-0.051220627013061036f,0.0018622611669204612f,-0.3370867629197837f,0f,0f,0f,1f], start_interpolation: 0, interpolation_duration: 1 }
$data merge entity $(bone_rightarm) { transformation: [0.11715307324405545f,0.03608343642228705f,0.992458131633487f,2.803285948786506f,0f,0.9993397155113665f,-0.03633363457818649f,0.3744051384886611f,-0.9931138693168438f,0.004256596952961028f,0.11707571888699665f,-0.31979192496330844f,0f,0f,0f,1f], start_interpolation: 0, interpolation_duration: 1 }
$data merge entity $(item_display_l_item) { transformation: [0.05125446954427426f,-0.4311722844227081f,-0.053569492226811045f,2.683401042783642f,0f,-0.05394093656517065f,0.43416198055849187f,-0.2612379584706618f,-0.43448731782611916f,-0.050863410308153174f,-0.006319346492272387f,0.2953994782606357f,0f,0f,0f,1f], start_interpolation: 0, interpolation_duration: 1 }
$data merge entity $(bone_leftarm) { transformation: [0.11715307324405545f,-0.12244455366128261f,0.9855366501090471f,2.730065278008971f,0f,0.9923702412765528f,0.12329356929181885f,0.3744051384886611f,-0.9931138693168438f,-0.014444220553765482f,0.11625922356149297f,0.3009042433597189f,0f,0f,0f,1f], start_interpolation: 0, interpolation_duration: 1 }
$data merge entity $(bone_body) { transformation: [0.11715307324405545f,-0.04331901856361908f,0.9921686449692703f,2.7937500000000006f,0f,0.9990482215818578f,0.043619387365336f,-0.25f,-0.9931138693168438f,-0.005110145282872036f,0.11704156947732273f,-0.006249999999999747f,0f,0f,0f,1f], start_interpolation: 0, interpolation_duration: 1 }
$data merge entity $(bone_leftleg) { transformation: [0.11715307324405545f,0.22340201198633888f,0.9676604251853688f,2.779105865844494f,0f,0.9743700647852354f,-0.2249510543438645f,-0.23129999999999973f,-0.9931138693168438f,0.026353707345874257f,0.11415044756659973f,0.11788923366460573f,0f,0f,0f,1f], start_interpolation: 0, interpolation_duration: 1 }
$data merge entity $(bone_rightleg) { transformation: [0.11715307324405545f,-0.25184908264371514f,0.9606493621509318f,2.8083941341555074f,0f,0.9673103878931385f,0.25359537352646216f,-0.257388888888889f,-0.9931138693168438f,-0.02970947736909922f,0.11332338472258055f,-0.13038923366460523f,0f,0f,0f,1f], start_interpolation: 0, interpolation_duration: 1 }
data modify entity @s data merge value {"locators":{},"cameras":{"camera":{"posx":6.125,"posy":0.5982396722248176,"posz":1.7337874551143742,"roty":106.04304887492704,"rotx":-6.160925135052814}}}