# This file was generated by Animated Java via MC-Build. It is not recommended to edit this file directly.
$data merge entity $(bone_left_eye) { transformation: [0.1161192155252765f,-0.0680740296732164f,0.9908997195830892f,2.438248424823274f,0f,0.9976485293539166f,0.06853766758482212f,0.7315638816286669f,-0.9932352831961793f,-0.007958540193881716f,0.11584616459852258f,0.08940444741950469f,0f,0f,0f,1f], start_interpolation: 0, interpolation_duration: 1 }
$data merge entity $(bone_right_eye) { transformation: [0.1161192155252765f,-0.0680740296732164f,0.9908997195830892f,2.4672782287045933f,0f,0.9976485293539166f,0.06853766758482212f,0.7315638816286669f,-0.9932352831961793f,-0.007958540193881716f,0.11584616459852258f,-0.1589043733795401f,0f,0f,0f,1f], start_interpolation: 0, interpolation_duration: 1 }
$data merge entity $(bone_right_close) { transformation: [0.1161192155252765f,-0.0680740296732164f,0.9908997195830892f,2.463023601850017f,0f,0.9976485293539166f,0.06853766758482212f,0.7939169147132867f,-0.9932352831961793f,-0.007958540193881716f,0.11584616459852258f,-0.15940178214165773f,0f,0f,0f,1f], start_interpolation: 0, interpolation_duration: 1 }
$data merge entity $(bone_left_close) { transformation: [0.1161192155252765f,-0.0680740296732164f,0.9908997195830892f,2.433993797968698f,0f,0.9976485293539166f,0.06853766758482212f,0.7939169147132867f,-0.9932352831961793f,-0.007958540193881716f,0.11584616459852258f,0.08890703865738708f,0f,0f,0f,1f], start_interpolation: 0, interpolation_duration: 1 }
$data merge entity $(bone_left_eyebrow) { transformation: [0.1161192155252765f,-0.0680740296732164f,0.9908997195830892f,2.4356337174780545f,0f,0.9976485293539166f,0.06853766758482212f,0.7689714178752148f,-0.9932352831961793f,-0.007958540193881716f,0.11584616459852258f,0.08909876177694673f,0f,0f,0f,1f], start_interpolation: 0, interpolation_duration: 1 }
$data merge entity $(bone_right_eyebrow) { transformation: [0.1161192155252765f,-0.0680740296732164f,0.9908997195830892f,2.4646635213593733f,0f,0.9976485293539166f,0.06853766758482212f,0.7689714178752148f,-0.9932352831961793f,-0.007958540193881716f,0.11584616459852258f,-0.1592100590220981f,0f,0f,0f,1f], start_interpolation: 0, interpolation_duration: 1 }
$data merge entity $(bone_talking) { transformation: [0.1161192155252765f,-0.0680740296732164f,0.9908997195830892f,2.779437996551953f,0f,0.9976485293539166f,0.06853766758482212f,0.5035697704104447f,-0.9932352831961793f,-0.007958540193881716f,0.11584616459852258f,0.003441598505491018f,0f,0f,0f,1f], start_interpolation: 0, interpolation_duration: 1 }
$data merge entity $(bone_m_opened) { transformation: [0.1161192155252765f,-0.0680740296732164f,0.9908997195830892f,2.779437996551953f,0f,0.9976485293539166f,0.06853766758482212f,0.5035697704104447f,-0.9932352831961793f,-0.007958540193881716f,0.11584616459852258f,0.003441598505491018f,0f,0f,0f,1f], start_interpolation: 0, interpolation_duration: 1 }
$data merge entity $(bone_head) { transformation: [0.1161192155252765f,-0.0680740296732164f,0.9908997195830892f,2.71750676407801f,0f,0.9976485293539166f,0.06853766758482212f,0.4992861661863933f,-0.9932352831961793f,-0.007958540193881716f,0.11584616459852258f,-0.003798786781916643f,0f,0f,0f,1f], start_interpolation: 0, interpolation_duration: 1 }
$data merge entity $(item_display_r_item) { transformation: [0.05080215679230847f,-0.4341268501891544f,0.018954387621160945f,2.608095618737145f,0f,0.019083481972334605f,0.4370835969420628f,-0.24454757657933301f,-0.4345404363983284f,-0.050753804395878475f,0.00221595895611825f,-0.3312184242722517f,0f,0f,0f,1f], start_interpolation: 0, interpolation_duration: 1 }
$data merge entity $(bone_rightarm) { transformation: [0.1161192155252765f,0.043324314562653364f,0.9922899432894958f,2.7592095582499905f,0f,0.9990482215818578f,-0.043619387365336014f,0.3744051384886611f,-0.9932352831961793f,0.005065049042555975f,0.11600869576200794f,-0.3135516816504032f,0f,0f,0f,1f], start_interpolation: 0, interpolation_duration: 1 }
$data merge entity $(item_display_l_item) { transformation: [0.05080215679230847f,-0.43082288272625585f,-0.056718908528713224f,2.6445698085230673f,0f,-0.05710520909627248f,0.43375712685104206f,-0.2615636738974769f,-0.4345404363983284f,-0.05036753729844085f,-0.006631012082666044f,0.3023025198086059f,0f,0f,0f,1f], start_interpolation: 0, interpolation_duration: 1 }
$data merge entity $(bone_leftarm) { transformation: [0.1161192155252765f,-0.12964321949420188f,0.9847380176600133f,2.6866350485466928f,0f,0.9914448613738104f,0.1305261922200516f,0.3744051384886611f,-0.9932352831961793f,-0.01515659904609384f,0.11512579953929337f,0.3072203703472089f,0f,0f,0f,1f], start_interpolation: 0, interpolation_duration: 1 }
$data merge entity $(bone_body) { transformation: [0.1161192155252765f,-0.04332431456265334f,0.9922899432894958f,2.75f,0f,0.9990482215818578f,0.043619387365336f,-0.25f,-0.9932352831961793f,-0.005065049042555974f,0.11600869576200794f,3.3677786976552215e-16f,0f,0f,0f,1f], start_interpolation: 0, interpolation_duration: 1 }
$data merge entity $(bone_leftleg) { transformation: [0.1161192155252765f,0.25706820755896687f,0.9593916116207262f,2.7354850980593404f,0f,0.9659258262890683f,-0.25881904510252074f,-0.25f,-0.9932352831961793f,0.030053864480305864f,0.11216254920429111f,0.12415441039952274f,0f,0f,0f,1f], start_interpolation: 0, interpolation_duration: 1 }
$data merge entity $(bone_rightleg) { transformation: [0.1161192155252765f,-0.25706820755896687f,0.9593916116207262f,2.7645149019406596f,0f,0.9659258262890683f,0.25881904510252074f,-0.25f,-0.9932352831961793f,-0.030053864480305864f,0.11216254920429111f,-0.12415441039952207f,0f,0f,0f,1f], start_interpolation: 0, interpolation_duration: 1 }
data modify entity @s data merge value {"locators":{},"cameras":{"camera":{"posx":6.125,"posy":0.5998112228229555,"posz":1.7360892912752202,"roty":105.92300640101149,"rotx":-6.150434471618626}}}