# This file was generated by Animated Java via MC-Build. It is not recommended to edit this file directly.
$data merge entity $(bone_left_eye) { transformation: [0.11459447377021638f,-0.06836127517986776f,0.9910574365984595f,2.424433095208551f,0f,0.9976294656030819f,0.06881460136126152f,0.7280176600079739f,-0.9934123547557313f,-0.007885773030700979f,0.11432282362844735f,0.08987548962369724f,0f,0f,0f,1f], start_interpolation: 0, interpolation_duration: 1 }
$data merge entity $(bone_right_eye) { transformation: [0.11459447377021638f,-0.06836127517986776f,0.9910574365984595f,2.4530817136511054f,0f,0.9976294656030819f,0.06881460136126152f,0.7280176600079739f,-0.9934123547557313f,-0.007885773030700979f,0.11432282362844735f,-0.1584775990652356f,0f,0f,0f,1f], start_interpolation: 0, interpolation_duration: 1 }
$data merge entity $(bone_right_close) { transformation: [0.11459447377021638f,-0.06836127517986776f,0.9910574365984595f,2.4488091339523637f,0f,0.9976294656030819f,0.06881460136126152f,0.7903695016081664f,-0.9934123547557313f,-0.007885773030700979f,0.11432282362844735f,-0.1589704598796544f,0f,0f,0f,1f], start_interpolation: 0, interpolation_duration: 1 }
$data merge entity $(bone_left_close) { transformation: [0.11459447377021638f,-0.06836127517986776f,0.9910574365984595f,2.420160515509809f,0f,0.9976294656030819f,0.06881460136126152f,0.7903695016081664f,-0.9934123547557313f,-0.007885773030700979f,0.11432282362844735f,0.08938262880927843f,0f,0f,0f,1f], start_interpolation: 0, interpolation_duration: 1 }
$data merge entity $(bone_left_eyebrow) { transformation: [0.11459447377021638f,-0.06836127517986776f,0.9910574365984595f,2.421807606299519f,0f,0.9976294656030819f,0.06881460136126152f,0.7654244640555045f,-0.9934123547557313f,-0.007885773030700979f,0.11432282362844735f,0.08957262795856917f,0f,0f,0f,1f], start_interpolation: 0, interpolation_duration: 1 }
$data merge entity $(bone_right_eyebrow) { transformation: [0.11459447377021638f,-0.06836127517986776f,0.9910574365984595f,2.450456224742073f,0f,0.9976294656030819f,0.06881460136126152f,0.7654244640555045f,-0.9934123547557313f,-0.007885773030700979f,0.11432282362844735f,-0.15878046073036367f,0f,0f,0f,1f], start_interpolation: 0, interpolation_duration: 1 }
$data merge entity $(bone_talking) { transformation: [0.11459447377021638f,-0.06836127517986776f,0.9910574365984595f,2.765553172161814f,0f,0.9976294656030819f,0.06881460136126152f,0.5001148565325976f,-0.9934123547557313f,-0.007885773030700979f,0.11432282362844735f,0.003396270920795867f,0f,0f,0f,1f], start_interpolation: 0, interpolation_duration: 1 }
$data merge entity $(bone_m_opened) { transformation: [0.11459447377021638f,-0.06836127517986776f,0.9910574365984595f,2.765553172161814f,0f,0.9976294656030819f,0.06881460136126152f,0.5001148565325976f,-0.9934123547557313f,-0.007885773030700979f,0.11432282362844735f,0.003396270920795867f,0f,0f,0f,1f], start_interpolation: 0, interpolation_duration: 1 }
$data merge entity $(bone_head) { transformation: [0.11459447377021638f,-0.06836127517986776f,0.9910574365984595f,2.70361208237441f,0f,0.9976294656030819f,0.06881460136126152f,0.49581394394751876f,-0.9934123547557313f,-0.007885773030700979f,0.11432282362844735f,-0.0037489055559820927f,0f,0f,0f,1f], start_interpolation: 0, interpolation_duration: 1 }
$data merge entity $(item_display_r_item) { transformation: [0.05013508227446967f,-0.43416293753990987f,0.01988132772348091f,2.592390909886392f,0f,0.020013167370330823f,0.4370420152935037f,-0.24769477206369583f,-0.4346179052056324f,-0.05008259975803392f,0.002293398383278326f,-0.33115104644574883f,0f,0f,0f,1f], start_interpolation: 0, interpolation_duration: 1 }
$data merge entity $(bone_rightarm) { transformation: [0.11459447377021638f,0.04544303479652757f,0.9923724286626512f,2.744839360217053f,0f,0.9989531778137228f,-0.04574438256075595f,0.3709329162497865f,-0.9934123547557313f,0.005242053447493291f,0.11447451373264896f,-0.3135654488244844f,0f,0f,0f,1f], start_interpolation: 0, interpolation_duration: 1 }
$data merge entity $(item_display_l_item) { transformation: [0.05013508227446967f,-0.43077804460064634f,-0.057645466563951905f,2.6324890393161287f,0f,-0.0580277326811848f,0.43363467601182565f,-0.26512454453316003f,-0.4346179052056324f,-0.049692137506093435f,-0.0066496574906791586f,0.30261903002564833f,0f,0f,0f,1f], start_interpolation: 0, interpolation_duration: 1 }
$data merge entity $(bone_leftarm) { transformation: [0.11459447377021638f,-0.13176106643189028f,0.984635530515763f,2.6732178141106675f,0f,0.9911649737413157f,0.13263481755699405f,0.3709329162497865f,-0.9934123547557313f,-0.015199217121552389f,0.11358202858535642f,0.30731727289784766f,0f,0f,0f,1f], start_interpolation: 0, interpolation_duration: 1 }
$data merge entity $(bone_body) { transformation: [0.11459447377021638f,-0.04333203831560083f,0.992466846316159f,2.7361111111111107f,0f,0.9990482215818578f,0.043619387365336f,-0.25347222223887456f,-0.9934123547557313f,-0.004998540741309904f,0.11448540522324352f,3.35076971433373e-16f,0f,0f,0f,1f], start_interpolation: 0, interpolation_duration: 1 }
$data merge entity $(bone_leftleg) { transformation: [0.11459447377021638f,0.20795510944950873f,0.9714024804555369f,2.7217868018898335f,0f,0.9778441709579841f,-0.20933412842509141f,-0.24100866537091015f,-0.9934123547557313f,0.023988534289020244f,0.1120555382002037f,0.12417654434446675f,0f,0f,0f,1f], start_interpolation: 0, interpolation_duration: 1 }
$data merge entity $(bone_rightleg) { transformation: [0.11459447377021638f,-0.17859903591733695f,0.9772259160249102f,2.750435420332388f,0f,0.9837062236509015f,0.17978338507905148f,-0.1973588840298015f,-0.9934123547557313f,-0.020602182405762077f,0.11272729704376185f,-0.12417654434446608f,0f,0f,0f,1f], start_interpolation: 0, interpolation_duration: 1 }
data modify entity @s data merge value {"locators":{},"cameras":{"camera":{"posx":6.125,"posy":0.6013800631197481,"posz":1.7382629618844658,"roty":105.80352766438662,"rotx":-6.139501186078778}}}
execute on vehicle unless entity @s[tag=aj.transforms_only] at @s run function animated_java:humanentity/animations/000_mur_0/zzz/frames/zzz/13