# This file was generated by Animated Java via MC-Build. It is not recommended to edit this file directly.
$data merge entity $(bone_left_eye) { transformation: [0.11261096591569077f,-0.06858657633583795f,0.9912692126269552f,2.4106754558394745f,0f,0.9976148862850838f,0.06902563771816633f,0.7244890338836781f,-0.9936391550032312f,-0.007773043736389248f,0.11234237595643529f,0.09049202344430222f,0f,0f,0f,1f], start_interpolation: 0, interpolation_duration: 1 }
$data merge entity $(bone_right_eye) { transformation: [0.11261096591569077f,-0.06858657633583795f,0.9912692126269552f,2.4388281973183976f,0f,0.9976148862850838f,0.06902563771816633f,0.7244890338836781f,-0.9936391550032312f,-0.007773043736389248f,0.11234237595643529f,-0.1579177653065056f,0f,0f,0f,1f], start_interpolation: 0, interpolation_duration: 1 }
$data merge entity $(bone_right_close) { transformation: [0.11261096591569077f,-0.06858657633583795f,0.9912692126269552f,2.4345415362974077f,0f,0.9976148862850838f,0.06902563771816633f,0.7868399642764958f,-0.9936391550032312f,-0.007773043736389248f,0.11234237595643529f,-0.1584035805400299f,0f,0f,0f,1f], start_interpolation: 0, interpolation_duration: 1 }
$data merge entity $(bone_left_close) { transformation: [0.11261096591569077f,-0.06858657633583795f,0.9912692126269552f,2.4063887948184846f,0f,0.9976148862850838f,0.06902563771816633f,0.7868399642764958f,-0.9936391550032312f,-0.007773043736389248f,0.11234237595643529f,0.0900062082107779f,0f,0f,0f,1f], start_interpolation: 0, interpolation_duration: 1 }
$data merge entity $(bone_left_eyebrow) { transformation: [0.11261096591569077f,-0.06858657633583795f,0.9912692126269552f,2.4080415049010915f,0f,0.9976148862850838f,0.06902563771816633f,0.7618952780170115f,-0.9936391550032312f,-0.007773043736389248f,0.11234237595643529f,0.09019351290569035f,0f,0f,0f,1f], start_interpolation: 0, interpolation_duration: 1 }
$data merge entity $(bone_right_eyebrow) { transformation: [0.11261096591569077f,-0.06858657633583795f,0.9912692126269552f,2.436194246380014f,0f,0.9976148862850838f,0.06902563771816633f,0.7618952780170115f,-0.9936391550032312f,-0.007773043736389248f,0.11234237595643529f,-0.15821627584511744f,0f,0f,0f,1f], start_interpolation: 0, interpolation_duration: 1 }
$data merge entity $(bone_talking) { transformation: [0.11261096591569077f,-0.06858657633583795f,0.9912692126269552f,2.751670099608819f,0f,0.9976148862850838f,0.06902563771816633f,0.4966558240993342f,-0.9936391550032312f,-0.007773043736389248f,0.11234237595643529f,0.003337382489381665f,0f,0f,0f,1f], start_interpolation: 0, interpolation_duration: 1 }
$data merge entity $(bone_m_opened) { transformation: [0.11261096591569077f,-0.06858657633583795f,0.9912692126269552f,2.751670099608819f,0f,0.9976148862850838f,0.06902563771816633f,0.4966558240993342f,-0.9936391550032312f,-0.007773043736389248f,0.11234237595643529f,0.003337382489381665f,0f,0f,0f,1f], start_interpolation: 0, interpolation_duration: 1 }
$data merge entity $(bone_head) { transformation: [0.11261096591569077f,-0.06858657633583795f,0.9912692126269552f,2.6897157738196342f,0f,0.9976148862850838f,0.06902563771816633f,0.4923417217419488f,-0.9936391550032312f,-0.007773043736389248f,0.11234237595643529f,-0.0036840160078955406f,0f,0f,0f,1f], start_interpolation: 0, interpolation_duration: 1 }
$data merge entity $(item_display_r_item) { transformation: [0.04926729758811471f,-0.43422104413063767f,0.02076218250721657f,2.5766010258782277f,0f,0.020895092954694463f,0.437000738089096f,-0.2508560480960079f,-0.4347171303139136f,-0.0492110752220829f,0.0023530166005262874f,-0.3310040087711982f,0f,0f,0f,1f], start_interpolation: 0, interpolation_duration: 1 }
$data merge entity $(bone_rightarm) { transformation: [0.11261096591569077f,0.04745641715935194f,0.9925052437271719f,2.730324442068719f,0f,0.9988588299179337f,-0.047760212467872834f,0.36746069404421655f,-0.9936391550032312f,0.005378323658345775f,0.1124824576504752f,-0.31358224927842265f,0f,0f,0f,1f], start_interpolation: 0, interpolation_duration: 1 }
$data merge entity $(item_display_l_item) { transformation: [0.04926729758811471f,-0.43075915852532426f,-0.05852803375237152f,2.6204800198675646f,0f,-0.0589027047270306f,0.43351669100028917f,-0.2686782087353482f,-0.4347171303139136f,-0.04881873331411661f,-0.006633090474357642f,0.3029698566150744f,0f,0f,0f,1f], start_interpolation: 0, interpolation_duration: 1 }
$data merge entity $(bone_leftarm) { transformation: [0.11261096591569077f,-0.1337783628625637f,0.9845923623435983f,2.659942588371412f,0f,0.9908952937149467f,0.13463475366178446f,0.36746069404421655f,-0.9936391550032312f,-0.015161349655674634f,0.11158567614655225f,0.3074422225985968f,0f,0f,0f,1f], start_interpolation: 0, interpolation_duration: 1 }
$data merge entity $(bone_body) { transformation: [0.11261096591569077f,-0.04334193120345108f,0.9926934307000781f,2.7222222222222223f,0f,0.9990482215818578f,0.043619387365336f,-0.25694444444444453f,-0.9936391550032312f,-0.004912021343861165f,0.11250378522868607f,3.3337607310122395e-16f,0f,0f,0f,1f], start_interpolation: 0, interpolation_duration: 1 }
$data merge entity $(bone_leftleg) { transformation: [0.11261096591569077f,0.15829354177282492f,0.9809495017525368f,2.7081458514827608f,0f,0.9872291131173739f,-0.15930686806752314f,-0.23797578555231613f,-0.9936391550032312f,0.017939700290087294f,0.11117282400823822f,0.12420489437540423f,0f,0f,0f,1f], start_interpolation: 0, interpolation_duration: 1 }
$data merge entity $(bone_rightleg) { transformation: [0.11261096591569077f,-0.09893451095695903f,0.9887015388362874f,2.736298592961684f,0f,0.9950307753654014f,0.09956784659581708f,-0.13367549400712697f,-0.9936391550032312f,-0.011212431379300284f,0.11205137672973657f,-0.12420489437540357f,0f,0f,0f,1f], start_interpolation: 0, interpolation_duration: 1 }
data modify entity @s data merge value {"locators":{},"cameras":{"camera":{"posx":6.125,"posy":0.6029461663247371,"posz":1.7403097528841005,"roty":105.68461902887886,"rotx":-6.128149674199268}}}