# This file was generated by Animated Java via MC-Build. It is not recommended to edit this file directly.
$data merge entity $(bone_left_eye) { transformation: [0.11020077155759712f,-0.06875354027634101f,0.9915284870580269f,2.3969724424471677f,0f,0.9976045502579942f,0.06917486035074458f,0.74682024991019f,-0.9939093469467476f,-0.0076231229830410864f,0.10993679114780065f,0.09124352222873605f,0f,0f,0f,1f], start_interpolation: 0, interpolation_duration: 1 }
$data merge entity $(bone_right_eye) { transformation: [0.11020077155759712f,-0.06875354027634101f,0.9915284870580269f,2.424522635336567f,0f,0.9976045502579942f,0.06917486035074458f,0.74682024991019f,-0.9939093469467476f,-0.0076231229830410864f,0.10993679114780065f,-0.15723381450795085f,0f,0f,0f,1f], start_interpolation: 0, interpolation_duration: 1 }
$data merge entity $(bone_right_close) { transformation: [0.11020077155759712f,-0.06875354027634101f,0.9915284870580269f,2.4202255390692957f,0f,0.9976045502579942f,0.06917486035074458f,0.8091705343013147f,-0.9939093469467476f,-0.0076231229830410864f,0.10993679114780065f,-0.15771025969439093f,0f,0f,0f,1f], start_interpolation: 0, interpolation_duration: 1 }
$data merge entity $(bone_left_close) { transformation: [0.11020077155759712f,-0.06875354027634101f,0.9915284870580269f,2.3926753461798964f,0f,0.9976045502579942f,0.06917486035074458f,0.8091705343013147f,-0.9939093469467476f,-0.0076231229830410864f,0.10993679114780065f,0.09076707704229597f,0f,0f,0f,1f], start_interpolation: 0, interpolation_duration: 1 }
$data merge entity $(bone_left_eyebrow) { transformation: [0.11020077155759712f,-0.06875354027634101f,0.9915284870580269f,2.3943322141563637f,0f,0.9976045502579942f,0.06917486035074458f,0.784226097116093f,-0.9939093469467476f,-0.0076231229830410864f,0.10993679114780065f,0.09095078406742527f,0f,0f,0f,1f], start_interpolation: 0, interpolation_duration: 1 }
$data merge entity $(bone_right_eyebrow) { transformation: [0.11020077155759712f,-0.06875354027634101f,0.9915284870580269f,2.421882407045763f,0f,0.9976045502579942f,0.06917486035074458f,0.784226097116093f,-0.9939093469467476f,-0.0076231229830410864f,0.10993679114780065f,-0.15752655266926163f,0f,0f,0f,1f], start_interpolation: 0, interpolation_duration: 1 }
$data merge entity $(bone_talking) { transformation: [0.11020077155759712f,-0.06875354027634101f,0.9915284870580269f,2.737788576166586f,0f,0.9976045502579942f,0.06917486035074458f,0.5190362562052991f,-0.9939093469467476f,-0.0076231229830410864f,0.10993679114780065f,0.0032658818398405747f,0f,0f,0f,1f], start_interpolation: 0, interpolation_duration: 1 }
$data merge entity $(bone_m_opened) { transformation: [0.11020077155759712f,-0.06875354027634101f,0.9915284870580269f,2.737788576166586f,0f,0.9976045502579942f,0.06917486035074458f,0.5190362562052991f,-0.9939093469467476f,-0.0076231229830410864f,0.10993679114780065f,0.0032658818398405747f,0f,0f,0f,1f], start_interpolation: 0, interpolation_duration: 1 }
$data merge entity $(bone_head) { transformation: [0.11020077155759712f,-0.06875354027634101f,0.9915284870580269f,2.6758180457254594f,0f,0.9976045502579942f,0.06917486035074458f,0.5147128274333777f,-0.9939093469467476f,-0.0076231229830410864f,0.10993679114780065f,-0.003605167606896966f,0f,0f,0f,1f], start_interpolation: 0, interpolation_duration: 1 }
$data merge entity $(item_display_r_item) { transformation: [0.04821283755644874f,-0.4342986820190622f,0.02159692318968078f,2.560736916304959f,0f,0.02172926862598256f,0.43696005410675687f,-0.22818848652372647f,-0.4348353392892021f,-0.04815333510241399f,0.002394582167965567f,-0.33077990467200846f,0f,0f,0f,1f], start_interpolation: 0, interpolation_duration: 1 }
$data merge entity $(bone_rightarm) { transformation: [0.11020077155759712f,0.04936439586212727f,0.9926827017578564f,2.7156750014385205f,0f,0.9987658379583014f,-0.04966689971653135f,0.3898317997356454f,-0.9939093469467476f,0.005473330669635556f,0.11006476594837485f,-0.3136009772599394f,0f,0f,0f,1f], start_interpolation: 0, interpolation_duration: 1 }
$data merge entity $(item_display_l_item) { transformation: [0.04821283755644874f,-0.43076374853396193f,-0.05936636458235486f,2.6085332547515407f,0f,-0.05973016026534624f,0.4334034586325726f,-0.24638175838670018f,-0.4348353392892021f,-0.04776139553704063f,-0.0065823097465000854f,0.3033495512090521f,0f,0f,0f,1f], start_interpolation: 0, interpolation_duration: 1 }
$data merge entity $(bone_leftarm) { transformation: [0.11020077155759712f,-0.13569454761681132f,0.984602853791913f,2.6467995192150227f,0f,0.9906364768744517f,0.13652608060650592f,0.3898317997356454f,-0.9939093469467476f,-0.015045279420571649f,0.1091689040846643f,0.30759236458177786f,0f,0f,0f,1f], start_interpolation: 0, interpolation_duration: 1 }
$data merge entity $(bone_body) { transformation: [0.11020077155759712f,-0.043353716810498315f,0.9929633654807338f,2.708333333333333f,0f,0.9990482215818578f,0.043619387365336f,-0.23457333875301567f,-0.9939093469467476f,-0.0048068901425297305f,0.11009588484156599f,3.316751747690748e-16f,0f,0f,0f,1f], start_interpolation: 0, interpolation_duration: 1 }
$data merge entity $(bone_leftleg) { transformation: [0.11020077155759712f,0.1082038044882494f,0.988001885950821f,2.6945582368886334f,0f,0.9940563382223196f,-0.10886687485196457f,-0.2376761418853255f,-0.9939093469467476f,0.011997213605750862f,0.10954577544381935f,0.12423866836834378f,0f,0f,0f,1f], start_interpolation: 0, interpolation_duration: 1 }
$data merge entity $(bone_rightleg) { transformation: [0.11020077155759712f,-0.018584978122981696f,0.9937355727437146f,2.7221084297780327f,0f,0.9998251609127464f,0.018698866430901424f,-0.06340500485908562f,-0.9939093469467476f,-0.002060629507937789f,0.11018150415528336f,-0.12423866836834312f,0f,0f,0f,1f], start_interpolation: 0, interpolation_duration: 1 }
data modify entity @s data merge value {"locators":{},"cameras":{"camera":{"posx":6.125,"posy":0.6045095056474643,"posz":1.742230950216114,"roty":105.56628682881774,"rotx":-6.116404356485329}}}