# This file was generated by Animated Java via MC-Build. It is not recommended to edit this file directly.
$data merge entity $(bone_left_eye) { transformation: [0.10739595293857031f,-0.06886573819147f,0.9918284223572947f,2.383321079797962f,0f,0.9975982019255818f,0.06926635196721538f,0.7589218393456575f,-0.9942163292223762f,-0.0074389258760975095f,0.10713800954560214f,0.09211939804284977f,0f,0f,0f,1f], start_interpolation: 0, interpolation_duration: 1 }
$data merge entity $(bone_right_eye) { transformation: [0.10739595293857031f,-0.06886573819147f,0.9918284223572947f,2.410170068032605f,0f,0.9975982019255818f,0.06926635196721538f,0.7589218393456575f,-0.9942163292223762f,-0.0074389258760975095f,0.10713800954560214f,-0.1564346842627443f,0f,0f,0f,1f], start_interpolation: 0, interpolation_duration: 1 }
$data merge entity $(bone_right_close) { transformation: [0.10739595293857031f,-0.06886573819147f,0.9918284223572947f,2.405865959395638f,0f,0.9975982019255818f,0.06926635196721538f,0.8212717269660064f,-0.9942163292223762f,-0.0074389258760975095f,0.10713800954560214f,-0.1568996171300004f,0f,0f,0f,1f], start_interpolation: 0, interpolation_duration: 1 }
$data merge entity $(bone_left_close) { transformation: [0.10739595293857031f,-0.06886573819147f,0.9918284223572947f,2.379016971160995f,0f,0.9975982019255818f,0.06926635196721538f,0.8212717269660064f,-0.9942163292223762f,-0.0074389258760975095f,0.10713800954560214f,0.09165446517559368f,0f,0f,0f,1f], start_interpolation: 0, interpolation_duration: 1 }
$data merge entity $(bone_left_eyebrow) { transformation: [0.10739595293857031f,-0.06886573819147f,0.9918284223572947f,2.380676625339385f,0f,0.9975982019255818f,0.06926635196721538f,0.796327442770869f,-0.9942163292223762f,-0.0074389258760975095f,0.10713800954560214f,0.09183374219689952f,0f,0f,0f,1f], start_interpolation: 0, interpolation_duration: 1 }
$data merge entity $(bone_right_eyebrow) { transformation: [0.10739595293857031f,-0.06886573819147f,0.9918284223572947f,2.4075256135740273f,0f,0.9975982019255818f,0.06926635196721538f,0.796327442770869f,-0.9942163292223762f,-0.0074389258760975095f,0.10713800954560214f,-0.15672034010869454f,0f,0f,0f,1f], start_interpolation: 0, interpolation_duration: 1 }
$data merge entity $(bone_talking) { transformation: [0.10739595293857031f,-0.06886573819147f,0.9918284223572947f,2.7239083904498056f,0f,0.9975982019255818f,0.06926635196721538f,0.5311680238540168f,-0.9942163292223762f,-0.0074389258760975095f,0.10713800954560214f,0.003182716342077794f,0f,0f,0f,1f], start_interpolation: 0, interpolation_duration: 1 }
$data merge entity $(bone_m_opened) { transformation: [0.10739595293857031f,-0.06886573819147f,0.9918284223572947f,2.7239083904498056f,0f,0.9975982019255818f,0.06926635196721538f,0.5311680238540168f,-0.9942163292223762f,-0.0074389258760975095f,0.10713800954560214f,0.003182716342077794f,0f,0f,0f,1f], start_interpolation: 0, interpolation_duration: 1 }
$data merge entity $(bone_head) { transformation: [0.10739595293857031f,-0.06886573819147f,0.9918284223572947f,2.6619191140524747f,0f,0.9975982019255818f,0.06926635196721538f,0.5268388768560659f,-0.9942163292223762f,-0.0074389258760975095f,0.10713800954560214f,-0.0035134092545223397f,0f,0f,0f,1f], start_interpolation: 0, interpolation_duration: 1 }
$data merge entity $(item_display_r_item) { transformation: [0.04698572941062451f,-0.43439323367461397f,0.02238548122028647f,2.544809626379855f,0f,0.022515704643269355f,0.43692023647848705f,-0.21578085876999953f,-0.4349696440347896f,-0.04692346515475261f,0.0024180955562473046f,-0.33048157048056753f,0f,0f,0f,1f], start_interpolation: 0, interpolation_duration: 1 }
$data merge entity $(bone_rightarm) { transformation: [0.10739595293857031f,0.051166814217797424f,0.992898819827689f,2.7009012377444397f,0f,0.9986748262365418f,-0.05146446775604402f,0.40195784915833366f,-0.9942163292223762f,0.005527075557136673f,0.10725363463943455f,-0.31362044392742777f,0f,0f,0f,1f], start_interpolation: 0, interpolation_duration: 1 }
$data merge entity $(item_display_l_item) { transformation: [0.04698572941062451f,-0.4307892130310613f,-0.060160162631349545f,2.596639224336601f,0f,-0.06051013332118943f,0.43329525010718944f,-0.2343239748008482f,-0.4349696440347896f,-0.046534156289017775f,-0.006498543430469075f,0.3037529220832224f,0f,0f,0f,1f], start_interpolation: 0, interpolation_duration: 1 }
$data merge entity $(bone_leftarm) { transformation: [0.10739595293857031f,-0.1375089431573706f,0.9846610583567116f,2.633778767157833f,0f,0.9903891431021473f,0.13830887616271892f,0.40195784915833366f,-0.9942163292223762f,-0.01485381355535791f,0.1063637858034692f,0.3077647618365574f,0f,0f,0f,1f], start_interpolation: 0, interpolation_duration: 1 }
$data merge entity $(bone_body) { transformation: [0.10739595293857031f,-0.04336710718929326f,0.9932700555772578f,2.6944444444444446f,0f,0.9990482215818578f,0.043619387365336f,-0.22244728933032742f,-0.9942163292223762f,-0.004684545672696893f,0.10729373578836757f,3.2997427643692575e-16f,0f,0f,0f,1f], start_interpolation: 0, interpolation_duration: 1 }
$data merge entity $(bone_leftleg) { transformation: [0.10739595293857031f,0.05780853836263755f,0.9925342725492112f,2.6810199503271233f,0f,0.9983081582712682f,-0.05814482891047701f,-0.23688451571104618f,-0.9942163292223762f,0.006244519309290811f,0.10721425598389192f,0.12427704115279736f,0f,0f,0f,1f], start_interpolation: 0, interpolation_duration: 1 }
$data merge entity $(bone_rightleg) { transformation: [0.10739595293857031f,0.06193254902290862f,0.9922854774025172f,2.707868938561766f,0f,0.998057915804532f,-0.062292830244851244f,0.008997408487203762f,-0.9942163292223762f,0.006689997865386393f,0.10718738095571108f,-0.1242770411527967f,0f,0f,0f,1f], start_interpolation: 0, interpolation_duration: 1 }
data modify entity @s data merge value {"locators":{},"cameras":{"camera":{"posx":6.125,"posy":0.6060700542974716,"posz":1.7440278398224949,"roty":105.44853736916541,"rotx":-6.104289677500167}}}