# This file was generated by Animated Java via MC-Build. It is not recommended to edit this file directly.
$data merge entity $(bone_left_eye) { transformation: [0.10422857410441567f,-0.06892672009416662f,0.9921620389821518f,2.36971843752093f,0f,0.9975955736829384f,0.06930419444888722f,0.7663063003252328f,-0.9945533692769636f,-0.007223477366862675f,0.10397796417784921f,0.09310902086214495f,0f,0f,0f,1f], start_interpolation: 0, interpolation_duration: 1 }
$data merge entity $(bone_right_eye) { transformation: [0.10422857410441567f,-0.06892672009416662f,0.9921620389821518f,2.3957755810470336f,0f,0.9975955736829384f,0.06930419444888722f,0.7663063003252328f,-0.9945533692769636f,-0.007223477366862675f,0.10397796417784921f,-0.15552932145709594f,0f,0f,0f,1f], start_interpolation: 0, interpolation_duration: 1 }
$data merge entity $(bone_right_close) { transformation: [0.10422857410441567f,-0.06892672009416662f,0.9921620389821518f,2.391467661041148f,0f,0.9975955736829384f,0.06930419444888722f,0.8286560236804166f,-0.9945533692769636f,-0.007223477366862675f,0.10397796417784921f,-0.15598078879252486f,0f,0f,0f,1f], start_interpolation: 0, interpolation_duration: 1 }
$data merge entity $(bone_left_close) { transformation: [0.10422857410441567f,-0.06892672009416662f,0.9921620389821518f,2.3654105175150444f,0f,0.9975955736829384f,0.06930419444888722f,0.8286560236804166f,-0.9945533692769636f,-0.007223477366862675f,0.10397796417784921f,0.09265755352671604f,0f,0f,0f,1f], start_interpolation: 0, interpolation_duration: 1 }
$data merge entity $(bone_left_eyebrow) { transformation: [0.10422857410441567f,-0.06892672009416662f,0.9921620389821518f,2.367071675389962f,0f,0.9975955736829384f,0.06930419444888722f,0.8037118028261901f,-0.9945533692769636f,-0.007223477366862675f,0.10397796417784921f,0.09283164183812648f,0f,0f,0f,1f], start_interpolation: 0, interpolation_duration: 1 }
$data merge entity $(bone_right_eyebrow) { transformation: [0.10422857410441567f,-0.06892672009416662f,0.9921620389821518f,2.393128818916066f,0f,0.9975955736829384f,0.06930419444888722f,0.8037118028261901f,-0.9945533692769636f,-0.007223477366862675f,0.10397796417784921f,-0.15580670048111442f,0f,0f,0f,1f], start_interpolation: 0, interpolation_duration: 1 }
$data merge entity $(bone_talking) { transformation: [0.10422857410441567f,-0.06892672009416662f,0.9921620389821518f,2.7100293264894457f,0f,0.9975955736829384f,0.06930419444888722f,0.5385649676697756f,-0.9945533692769636f,-0.007223477366862675f,0.10397796417784921f,0.003088832849818052f,0f,0f,0f,1f], start_interpolation: 0, interpolation_duration: 1 }
$data merge entity $(bone_m_opened) { transformation: [0.10422857410441567f,-0.06892672009416662f,0.9921620389821518f,2.7100293264894457f,0f,0.9975955736829384f,0.06930419444888722f,0.5385649676697756f,-0.9945533692769636f,-0.007223477366862675f,0.10397796417784921f,0.003088832849818052f,0f,0f,0f,1f], start_interpolation: 0, interpolation_duration: 1 }
$data merge entity $(bone_head) { transformation: [0.10422857410441567f,-0.06892672009416662f,0.9921620389821518f,2.6480191990530613f,0f,0.9975955736829384f,0.06930419444888722f,0.5342334555167201f,-0.9945533692769636f,-0.007223477366862675f,0.10397796417784921f,-0.003409789911297524f,0f,0f,0f,1f], start_interpolation: 0, interpolation_duration: 1 }
$data merge entity $(item_display_r_item) { transformation: [0.04560000117068186f,-0.434502010261528f,0.023127753283119685f,2.528830275493833f,0f,0.023254411475106127f,0.43688154269429424f,-0.2081199441799737f,-0.4351170990586716f,-0.04553554024756369f,0.0024237741496876733f,-0.3301121083477996f,0f,0f,0f,1f], start_interpolation: 0, interpolation_duration: 1 }
$data merge entity $(bone_rightarm) { transformation: [0.10422857410441567f,0.05286343607570192f,0.9931474520263498f,2.6860133545444405f,0f,0.998586383301244f,-0.05315294051452807f,0.40935242781898784f,-0.9945533692769636f,0.005540055199286088f,0.10408123485157415f,-0.313639419491799f,0f,0f,0f,1f], start_interpolation: 0, interpolation_duration: 1 }
$data merge entity $(item_display_l_item) { transformation: [0.04560000117068186f,-0.43083288241726453f,-0.060909090629111665f,2.5847883730801215f,0f,-0.06124265676500833f,0.433192321021926f,-0.22699164700233754f,-0.4351170990586716f,-0.04515101793309764f,-0.006383234788982965f,0.3041750523096796f,0f,0f,0f,1f], start_interpolation: 0, interpolation_duration: 1 }
$data merge entity $(bone_leftarm) { transformation: [0.10422857410441567f,-0.13922077858082688f,0.9847608740966046f,2.6208704957291804f,0f,0.9901538766215452f,0.1399832154628764f,0.40935242781898784f,-0.9945533692769636f,-0.0145902509462468f,0.10320232670422318f,0.30795643630630326f,0f,0f,0f,1f], start_interpolation: 0, interpolation_duration: 1 }
$data merge entity $(bone_body) { transformation: [0.10422857410441567f,-0.04338180866999194f,0.9936067748443952f,2.6805555555555554f,0f,0.9990482215818578f,0.043619387365336f,-0.21505271066967324f,-0.9945533692769636f,-0.004546386548397136f,0.10412937159702935f,3.282733781047766e-16f,0f,0f,0f,1f], start_interpolation: 0, interpolation_duration: 1 }
$data merge entity $(bone_leftleg) { transformation: [0.10422857410441567f,0.0072325324511843935f,0.9945270709309539f,2.6675269837925035f,0f,0.9999735576321774f,-0.007272141118422249f,-0.2323756883705862f,-0.9945533692769636f,0.0007579648994592416f,0.10422581805412158f,0.12431917115962078f,0f,0f,0f,1f], start_interpolation: 0, interpolation_duration: 1 }
$data merge entity $(bone_rightleg) { transformation: [0.10422857410441567f,0.14209752165192682f,0.9843498863110315f,2.693584127318607f,0f,0.989740638078226f,-0.1428757128993803f,0.07907657110463262f,-0.9945533692769636f,0.01489173182965428f,0.10315925544008803f,-0.12431917115962011f,0f,0f,0f,1f], start_interpolation: 0, interpolation_duration: 1 }
data modify entity @s data merge value {"locators":{},"cameras":{"camera":{"posx":6.125,"posy":0.6076277854843011,"posz":1.7457017076452328,"roty":105.33137692567487,"rotx":-6.091830105186924}}}