# This file was generated by Animated Java via MC-Build. It is not recommended to edit this file directly.
$data merge entity $(bone_left_eye) { transformation: [0.10073071782696309f,-0.06894002853038779f,0.9925223397749262f,2.3561615894498757f,0f,0.9975963881948565f,0.06929246900332856f,0.7784354847372915f,-0.994913726152205f,-0.006979880142707876f,0.10048860028445362f,0.09420173651187358f,0f,0f,0f,1f], start_interpolation: 0, interpolation_duration: 1 }
$data merge entity $(bone_right_eye) { transformation: [0.10073071782696309f,-0.06894002853038779f,0.9925223397749262f,2.3813442689066164f,0f,0.9975963881948565f,0.06929246900332856f,0.7784354847372915f,-0.994913726152205f,-0.006979880142707876f,0.10048860028445362f,-0.15452669502617766f,0f,0f,0f,1f], start_interpolation: 0, interpolation_duration: 1 }
$data merge entity $(bone_right_close) { transformation: [0.10073071782696309f,-0.06894002853038779f,0.9925223397749262f,2.377035517123467f,0f,0.9975963881948565f,0.06929246900332856f,0.8407852589994701f,-0.994913726152205f,-0.006979880142707876f,0.10048860028445362f,-0.1549629375350969f,0f,0f,0f,1f], start_interpolation: 0, interpolation_duration: 1 }
$data merge entity $(bone_left_close) { transformation: [0.10073071782696309f,-0.06894002853038779f,0.9925223397749262f,2.3518528376667263f,0f,0.9975963881948565f,0.06929246900332856f,0.8407852589994701f,-0.994913726152205f,-0.006979880142707876f,0.10048860028445362f,0.09376549400295434f,0f,0f,0f,1f], start_interpolation: 0, interpolation_duration: 1 }
$data merge entity $(bone_left_eyebrow) { transformation: [0.10073071782696309f,-0.06894002853038779f,0.9925223397749262f,2.3535143057337504f,0f,0.9975963881948565f,0.06929246900332856f,0.815841018515286f,-0.994913726152205f,-0.006979880142707876f,0.10048860028445362f,0.09393371046900426f,0f,0f,0f,1f], start_interpolation: 0, interpolation_duration: 1 }
$data merge entity $(bone_right_eyebrow) { transformation: [0.10073071782696309f,-0.06894002853038779f,0.9925223397749262f,2.378696985190491f,0f,0.9975963881948565f,0.06929246900332856f,0.815841018515286f,-0.994913726152205f,-0.006979880142707876f,0.10048860028445362f,-0.154794721069047f,0f,0f,0f,1f], start_interpolation: 0, interpolation_duration: 1 }
$data merge entity $(bone_talking) { transformation: [0.10073071782696309f,-0.06894002853038779f,0.9925223397749262f,2.6961511674905076f,0f,0.9975963881948565f,0.06929246900332856f,0.5506902842521176f,-0.994913726152205f,-0.006979880142707876f,0.10048860028445362f,0.0029851783674166832f,0f,0f,0f,1f], start_interpolation: 0, interpolation_duration: 1 }
$data merge entity $(bone_m_opened) { transformation: [0.10073071782696309f,-0.06894002853038779f,0.9925223397749262f,2.6961511674905076f,0f,0.9975963881948565f,0.06929246900332856f,0.5506902842521176f,-0.994913726152205f,-0.006979880142707876f,0.10048860028445362f,0.0029851783674166832f,0f,0f,0f,1f], start_interpolation: 0, interpolation_duration: 1 }
$data merge entity $(bone_head) { transformation: [0.10073071782696309f,-0.06894002853038779f,0.9925223397749262f,2.6341185212545746f,0f,0.9975963881948565f,0.06929246900332856f,0.5463595049394095f,-0.994913726152205f,-0.006979880142707876f,0.10048860028445362f,-0.0032953591503616683f,0f,0f,0f,1f], start_interpolation: 0, interpolation_duration: 1 }
$data merge entity $(item_display_r_item) { transformation: [0.044069689049296354f,-0.4346223053021864f,0.023823606798959094f,2.5128100359640926f,0f,0.023945399659019765f,0.43684421460649997f,-0.19574314372217416f,-0.43527475519158965f,-0.04400363131586866f,0.002412037296306579f,-0.32967490570426583f,0f,0f,0f,1f], start_interpolation: 0, interpolation_duration: 1 }
$data merge entity $(bone_rightarm) { transformation: [0.10073071782696309f,0.054453958397620565f,0.9934224121192832f,2.6710215614775157f,0f,0.9985010619577143f,-0.05473234207775924f,0.4214784772416773f,-0.994913726152205f,0.005513228105843586f,0.1005797287219855f,-0.3136566720478654f,0f,0f,0f,1f], start_interpolation: 0, interpolation_duration: 1 }
$data merge entity $(item_display_l_item) { transformation: [0.044069689049296354f,-0.4308920720689586f,-0.06161278061585682f,2.5729711002671856f,0f,-0.061927762173050085f,0.43309491139037654f,-0.21492218536544638f,-0.43527475519158965f,-0.04362596131155761f,-0.0062380279371087866f,0.304611314904116f,0f,0f,0f,1f], start_interpolation: 0, interpolation_duration: 1 }
$data merge entity $(bone_leftarm) { transformation: [0.10073071782696309f,-0.1408292128362444f,0.9848961647290482f,2.608064862835664f,0f,0.9899312260351464f,0.14154917068125755f,0.4214784772416773f,-0.994913726152205f,-0.01425834957053439f,0.09971648299784597f,0.30816440679726276f,0f,0f,0f,1f], start_interpolation: 0, interpolation_duration: 1 }
$data merge entity $(bone_body) { transformation: [0.10073071782696309f,-0.043397527216122854f,0.9939667887397399f,2.6666666666666665f,0f,0.9990482215818578f,0.043619387365336f,-0.20292666124698377f,-0.994913726152205f,-0.0043938122004826595f,0.10063484450369142f,3.265724797726275e-16f,0f,0f,0f,1f], start_interpolation: 0, interpolation_duration: 1 }
$data merge entity $(bone_leftleg) { transformation: [0.10073071782696309f,-0.043397527216122854f,0.9939667887397399f,2.654075326938296f,0f,0.9990482215818578f,0.043619387365336f,-0.22092444120505306f,-0.994913726152205f,-0.0043938122004826595f,0.10063484450369142f,0.12436421576902595f,0f,0f,0f,1f], start_interpolation: 0, interpolation_duration: 1 }
$data merge entity $(bone_rightleg) { transformation: [0.10073071782696309f,0.2213891315493471f,0.9699691618386075f,2.679258006395037f,0f,0.9749279121818233f,-0.22252093395631606f,0.14237730806608495f,-0.994913726152205f,0.022414693408945963f,0.0982051884236175f,-0.12436421576902529f,0f,0f,0f,1f], start_interpolation: 0, interpolation_duration: 1 }
data modify entity @s data merge value {"locators":{},"cameras":{"camera":{"posx":6.125,"posy":0.6091826724174945,"posz":1.7472538396263173,"roty":105.21481174507778,"rotx":-6.079050130193784}}}