# This file was generated by Animated Java via MC-Build. It is not recommended to edit this file directly.
$data merge entity $(bone_left_eye) { transformation: [0.09693450000729999f,-0.06890921107134446f,0.9929024238755085f,2.342647576544189f,0f,0.9976003605070529f,0.06923525630918294f,0.8008218866803054f,-0.9952907628971219f,-0.00671128495320791f,0.0967018921528534f,0.09538688345696256f,0f,0f,0f,1f], start_interpolation: 0, interpolation_duration: 1 }
$data merge entity $(bone_right_eye) { transformation: [0.09693450000729999f,-0.06890921107134446f,0.9929024238755085f,2.3668812015460143f,0f,0.9976003605070529f,0.06923525630918294f,0.8008218866803054f,-0.9952907628971219f,-0.00671128495320791f,0.0967018921528534f,-0.15343580726731793f,0f,0f,0f,1f], start_interpolation: 0, interpolation_duration: 1 }
$data merge entity $(bone_right_close) { transformation: [0.09693450000729999f,-0.06890921107134446f,0.9929024238755085f,2.3625743758540554f,0f,0.9976003605070529f,0.06923525630918294f,0.8631719092119962f,-0.9952907628971219f,-0.00671128495320791f,0.0967018921528534f,-0.15385526257689341f,0f,0f,0f,1f], start_interpolation: 0, interpolation_duration: 1 }
$data merge entity $(bone_left_close) { transformation: [0.09693450000729999f,-0.06890921107134446f,0.9929024238755085f,2.3383407508522303f,0f,0.9976003605070529f,0.06923525630918294f,0.8631719092119962f,-0.9952907628971219f,-0.00671128495320791f,0.0967018921528534f,0.09496742814738705f,0f,0f,0f,1f], start_interpolation: 0, interpolation_duration: 1 }
$data merge entity $(bone_left_eyebrow) { transformation: [0.09693450000729999f,-0.06890921107134446f,0.9929024238755085f,2.3400014247275216f,0f,0.9976003605070529f,0.06923525630918294f,0.8382275729958005f,-0.9952907628971219f,-0.00671128495320791f,0.0967018921528534f,0.0951291664029577f,0f,0f,0f,1f], start_interpolation: 0, interpolation_duration: 1 }
$data merge entity $(bone_right_eyebrow) { transformation: [0.09693450000729999f,-0.06890921107134446f,0.9929024238755085f,2.3642350497293467f,0f,0.9976003605070529f,0.06923525630918294f,0.8382275729958005f,-0.9952907628971219f,-0.00671128495320791f,0.0967018921528534f,-0.15369352432132277f,0f,0f,0f,1f], start_interpolation: 0, interpolation_duration: 1 }
$data merge entity $(bone_talking) { transformation: [0.09693450000729999f,-0.06890921107134446f,0.9929024238755085f,2.682273699274034f,0f,0.9976003605070529f,0.06923525630918294f,0.5730578141501618f,-0.9952907628971219f,-0.00671128495320791f,0.0967018921528534f,0.002872700630890974f,0f,0f,0f,1f], start_interpolation: 0, interpolation_duration: 1 }
$data merge entity $(bone_m_opened) { transformation: [0.09693450000729999f,-0.06890921107134446f,0.9929024238755085f,2.682273699274034f,0f,0.9976003605070529f,0.06923525630918294f,0.5730578141501618f,-0.9952907628971219f,-0.00671128495320791f,0.0967018921528534f,0.002872700630890974f,0f,0f,0f,1f], start_interpolation: 0, interpolation_duration: 1 }
$data merge entity $(bone_head) { transformation: [0.09693450000729999f,-0.06890921107134446f,0.9929024238755085f,2.620217297781815f,0f,0.9976003605070529f,0.06923525630918294f,0.5687306106308379f,-0.9952907628971219f,-0.00671128495320791f,0.0967018921528534f,-0.003171167628662363f,0f,0f,0f,1f], start_interpolation: 0, interpolation_duration: 1 }
$data merge entity $(item_display_r_item) { transformation: [0.042408843753193745f,-0.4347514437408283f,0.024472885746937716f,2.4967601121356564f,0f,0.024588679669548343f,0.4368084784343229f,-0.1731371920674848f,-0.43543970876749083f,-0.04234181145598057f,0.0023834913696073306f,-0.32917365118276454f,0f,0f,0f,1f], start_interpolation: 0, interpolation_duration: 1 }
$data merge entity $(bone_rightarm) { transformation: [0.09693450000729999f,0.05593802456442885f,0.9937175856933218f,2.65593607570009f,0f,0.9984193792784524f,-0.056202696387538845f,0.4438495829331056f,-0.9952907628971219f,0.005447980273388163f,0.09678128332795559f,-0.3136710030959025f,0f,0f,0f,1f], start_interpolation: 0, interpolation_duration: 1 }
$data merge entity $(item_display_l_item) { transformation: [0.042408843753193745f,-0.43096413070789197f,-0.062270844017952826f,2.5611777530189195f,0f,-0.062565479696298f,0.43300324565801135f,-0.19260233363442436f,-0.43543970876749083f,-0.04197295311939742f,-0.006064753492077525f,0.30505738495508167f,0f,0f,0f,1f], start_interpolation: 0, interpolation_duration: 1 }
$data merge entity $(bone_leftarm) { transformation: [0.09693450000729999f,-0.14233335775532097f,0.9850608701894674f,2.5953520131955274f,0f,0.9897217043611688f,0.14300681073439564f,0.4438495829331056f,-0.9952907628971219f,-0.013862293696177223f,0.09593817855862267f,0.3083857237147987f,0f,0f,0f,1f], start_interpolation: 0, interpolation_duration: 1 }
$data merge entity $(bone_body) { transformation: [0.09693450000729999f,-0.04341397332795035f,0.9943434666292201f,2.6527777777777777f,0f,0.9990482215818578f,0.043619387365336f,-0.18055555555555547f,-0.9952907628971219f,-0.004228223504883583f,0.09684223984221964f,3.248715814404784e-16f,0f,0f,0f,1f], start_interpolation: 0, interpolation_duration: 1 }
$data merge entity $(bone_leftleg) { transformation: [0.09693450000729999f,-0.05967734278826396f,0.9935000339537322f,2.640660965276865f,0f,0.9982007981886849f,0.059959707266400604f,-0.1993055555555555f,-0.9952907628971219f,-0.005812164244452614f,0.09676009527930793f,0.12441134536214056f,0f,0f,0f,1f], start_interpolation: 0, interpolation_duration: 1 }
$data merge entity $(bone_rightleg) { transformation: [0.09693450000729999f,0.2992897045961969f,0.9492256714981196f,2.6648945902786902f,0f,0.9537169507482269f,-0.30070579950427306f,0.19444444444444453f,-0.9952907628971219f,0.029148766324242105f,0.09244807576926613f,-0.12441134536213992f,0f,0f,0f,1f], start_interpolation: 0, interpolation_duration: 1 }
data modify entity @s data merge value {"locators":{},"cameras":{"camera":{"posx":6.125,"posy":0.6107346883065937,"posz":1.7486855217077373,"roty":105.09884804529842,"rotx":-6.065974265202739}}}