# This file was generated by Animated Java via MC-Build. It is not recommended to edit this file directly.
$data merge entity $(bone_left_eye) { transformation: [0.09287208138018478f,-0.06883783146912192f,0.9932955901738117f,2.329173373435253f,0f,0.9976071999903208f,0.06913663665143177f,0.8372344706241241f,-0.9956780486181828f,-0.006420863345444037f,0.09264985706295935f,0.09665380850531186f,0f,0f,0f,1f], start_interpolation: 0, interpolation_duration: 1 }
$data merge entity $(bone_right_eye) { transformation: [0.09287208138018478f,-0.06883783146912192f,0.9932955901738117f,2.3523913937802994f,0f,0.9976071999903208f,0.06913663665143177f,0.8372344706241241f,-0.9956780486181828f,-0.006420863345444037f,0.09264985706295935f,-0.15226570364923384f,0f,0f,0f,1f], start_interpolation: 0, interpolation_duration: 1 }
$data merge entity $(bone_right_close) { transformation: [0.09287208138018478f,-0.06883783146912192f,0.9932955901738117f,2.348089029313479f,0f,0.9976071999903208f,0.06913663665143177f,0.8995849206235192f,-0.9956780486181828f,-0.006420863345444037f,0.09264985706295935f,-0.15266700760832408f,0f,0f,0f,1f], start_interpolation: 0, interpolation_duration: 1 }
$data merge entity $(bone_left_close) { transformation: [0.09287208138018478f,-0.06883783146912192f,0.9932955901738117f,2.3248710089684326f,0f,0.9976071999903208f,0.06913663665143177f,0.8995849206235192f,-0.9956780486181828f,-0.006420863345444037f,0.09264985706295935f,0.0962525045462216f,0f,0f,0f,1f], start_interpolation: 0, interpolation_duration: 1 }
$data merge entity $(bone_left_eyebrow) { transformation: [0.09287208138018478f,-0.06883783146912192f,0.9932955901738117f,2.326529873780775f,0f,0.9976071999903208f,0.06913663665143177f,0.8746404195839707f,-0.9956780486181828f,-0.006420863345444037f,0.09264985706295935f,0.09640723551379127f,0f,0f,0f,1f], start_interpolation: 0, interpolation_duration: 1 }
$data merge entity $(bone_right_eyebrow) { transformation: [0.09287208138018478f,-0.06883783146912192f,0.9932955901738117f,2.349747894125821f,0f,0.9976071999903208f,0.06913663665143177f,0.8746404195839707f,-0.9956780486181828f,-0.006420863345444037f,0.09264985706295935f,-0.15251227664075442f,0f,0f,0f,1f], start_interpolation: 0, interpolation_duration: 1 }
$data merge entity $(bone_talking) { transformation: [0.09287208138018478f,-0.06883783146912192f,0.9932955901738117f,2.6683967134043725f,0f,0.9976071999903208f,0.06913663665143177f,0.6094378695801165f,-0.9956780486181828f,-0.006420863345444037f,0.09264985706295935f,0.002752348596574816f,0f,0f,0f,1f], start_interpolation: 0, interpolation_duration: 1 }
$data merge entity $(bone_m_opened) { transformation: [0.09287208138018478f,-0.06883783146912192f,0.9932955901738117f,2.6683967134043725f,0f,0.9976071999903208f,0.06913663665143177f,0.6094378695801165f,-0.9956780486181828f,-0.006420863345444037f,0.09264985706295935f,0.002752348596574816f,0f,0f,0f,1f], start_interpolation: 0, interpolation_duration: 1 }
$data merge entity $(bone_head) { transformation: [0.09287208138018478f,-0.06883783146912192f,0.9932955901738117f,2.6063157390185094f,0f,0.9976071999903208f,0.06913663665143177f,0.605116829789402f,-0.9956780486181828f,-0.006420863345444037f,0.09264985706295935f,-0.0030382674698601433f,0f,0f,0f,1f], start_interpolation: 0, interpolation_duration: 1 }
$data merge entity $(item_display_r_item) { transformation: [0.04063153560383084f,-0.43488682642133203f,0.025075416639746658f,2.480691720012957f,0f,0.02518426179481078f,0.4367745447686374f,-0.13653232992215203f,-0.43560914627045494f,-0.04056416106654606f,0.002338914810907546f,-0.32861234692885133f,0f,0f,0f,1f], start_interpolation: 0, interpolation_duration: 1 }
$data merge entity $(bone_rightarm) { transformation: [0.09287208138018478f,0.057315238033706424f,0.9940270318201875f,2.640767122761547f,0f,0.9983418166140283f,-0.05756402695956728f,0.4802358020916697f,-0.9956780486181828f,0.005346090996360084f,0.09271808243781957f,-0.3136812797513988f,0f,0f,0f,1f], start_interpolation: 0, interpolation_duration: 1 }
$data merge entity $(item_display_l_item) { transformation: [0.04063153560383084f,-0.43104648418893216f,-0.06288288147688005f,2.549398621383351f,0f,-0.06315583793792569f,0.43291753271767414f,-0.1562623412015579f,-0.43560914627045494f,-0.04020595232946464f,-0.005865414120604796f,0.30550924871312524f,0f,0f,0f,1f], start_interpolation: 0, interpolation_duration: 1 }
$data merge entity $(bone_leftarm) { transformation: [0.09287208138018478f,-0.14373230051858318f,0.9852491067175592f,2.5827220718989317f,0f,0.9895257890689695f,0.1443562010009732f,0.4802358020916697f,-0.9956780486181828f,-0.013406660847096697f,0.0918993196102049f,0.3086175006349654f,0f,0f,0f,1f], start_interpolation: 0, interpolation_duration: 1 }
$data merge entity $(bone_body) { transformation: [0.09287208138018478f,-0.043430866493838365f,0.99473038374009f,2.6388888888888884f,0f,0.9990482215818578f,0.043619387365336f,-0.14416933639699137f,-0.9956780486181828f,-0.0040510232931472885f,0.09278368773747918f,3.2317068310832926e-16f,0f,0f,0f,1f], start_interpolation: 0, interpolation_duration: 1 }
$data merge entity $(bone_leftleg) { transformation: [0.09287208138018478f,-0.07595427887493443f,0.9927767745171625f,2.627279878716365f,0f,0.9970861323044666f,0.0762839745039523f,-0.12361111111111f,-0.9956780486181828f,-0.007084651488134999f,0.09260146442243411f,0.12445975607727316f,0f,0f,0f,1f], start_interpolation: 0, interpolation_duration: 1 }
$data merge entity $(bone_rightleg) { transformation: [0.09287208138018478f,0.2763016219475564f,0.9565731494293899f,2.6504978990614116f,0f,0.9607253577167205f,-0.2775009676380955f,0.24589409722222255f,-0.9956780486181828f,0.02577209244956523f,0.0892245636058744f,-0.12445975607727253f,0f,0f,0f,1f], start_interpolation: 0, interpolation_duration: 1 }
data modify entity @s data merge value {"locators":{},"cameras":{"camera":{"posx":6.125,"posy":0.6122838063611407,"posz":1.7499980398314823,"roty":104.98349201569447,"rotx":-6.052627044262723}}}
execute on vehicle unless entity @s[tag=aj.transforms_only] at @s run function animated_java:humanentity/animations/000_mur_0/zzz/frames/zzz/14