# This file was generated by Animated Java via MC-Build. It is not recommended to edit this file directly.
$data merge entity $(bone_left_eye) { transformation: [0.08857567643783394f,-0.06872947939497345f,0.993695430303308f,2.3157358586286954f,0f,0.9976166121176795f,0.06900069004614102f,0.8846525871216326f,-0.9960694501607708f,-0.0061117827955142565f,0.08836456624394366f,0.09799188145396578f,0f,0f,0f,1f], start_interpolation: 0, interpolation_duration: 1 }
$data merge entity $(bone_right_eye) { transformation: [0.08857567643783394f,-0.06872947939497345f,0.993695430303308f,2.337879777738154f,0f,0.9976166121176795f,0.06900069004614102f,0.8846525871216326f,-0.9960694501607708f,-0.0061117827955142565f,0.08836456624394366f,-0.1510254810862269f,0f,0f,0f,1f], start_interpolation: 0, interpolation_duration: 1 }
$data merge entity $(bone_right_close) { transformation: [0.08857567643783394f,-0.06872947939497345f,0.993695430303308f,2.333584185275968f,0f,0.9976166121176795f,0.06900069004614102f,0.9470036253789876f,-0.9960694501607708f,-0.0061117827955142565f,0.08836456624394366f,-0.15140746751094655f,0f,0f,0f,1f], start_interpolation: 0, interpolation_duration: 1 }
$data merge entity $(bone_left_close) { transformation: [0.08857567643783394f,-0.06872947939497345f,0.993695430303308f,2.3114402661665094f,0f,0.9976166121176795f,0.06900069004614102f,0.9470036253789876f,-0.9960694501607708f,-0.0061117827955142565f,0.08836456624394366f,0.09760989502924614f,0f,0f,0f,1f], start_interpolation: 0, interpolation_duration: 1 }
$data merge entity $(bone_left_eyebrow) { transformation: [0.08857567643783394f,-0.06872947939497345f,0.993695430303308f,2.31309639718699f,0f,0.9976166121176795f,0.06900069004614102f,0.9220588975329178f,-0.9960694501607708f,-0.0061117827955142565f,0.08836456624394366f,0.09775716681374375f,0f,0f,0f,1f], start_interpolation: 0, interpolation_duration: 1 }
$data merge entity $(bone_right_eyebrow) { transformation: [0.08857567643783394f,-0.06872947939497345f,0.993695430303308f,2.3352403162964483f,0f,0.9976166121176795f,0.06900069004614102f,0.9220588975329178f,-0.9960694501607708f,-0.0061117827955142565f,0.08836456624394366f,-0.15126019572644894f,0f,0f,0f,1f], start_interpolation: 0, interpolation_duration: 1 }
$data merge entity $(bone_talking) { transformation: [0.08857567643783394f,-0.06872947939497345f,0.993695430303308f,2.6545200100019515f,0f,0.9976166121176795f,0.06900069004614102f,0.6568111497316318f,-0.9960694501607708f,-0.0061117827955142565f,0.08836456624394366f,0.002625072833980393f,0f,0f,0f,1f], start_interpolation: 0, interpolation_duration: 1 }
$data merge entity $(bone_m_opened) { transformation: [0.08857567643783394f,-0.06872947939497345f,0.993695430303308f,2.6545200100019515f,0f,0.9976166121176795f,0.06900069004614102f,0.6568111497316318f,-0.9960694501607708f,-0.0061117827955142565f,0.08836456624394366f,0.002625072833980393f,0f,0f,0f,1f], start_interpolation: 0, interpolation_duration: 1 }
$data merge entity $(bone_head) { transformation: [0.08857567643783394f,-0.06872947939497345f,0.993695430303308f,2.592414045607995f,0f,0.9976166121176795f,0.06900069004614102f,0.652498606603748f,-0.9960694501607708f,-0.0061117827955142565f,0.08836456624394366f,-0.002897712556266086f,0f,0f,0f,1f], start_interpolation: 0, interpolation_duration: 1 }
$data merge entity $(item_display_r_item) { transformation: [0.03875185844155235f,-0.4350259699868873f,0.025631014499893922f,2.46461606761167f,0f,0.025732156021607677f,0.43674260857681346f,-0.08894838876897271f,-0.4357803844453372f,-0.038684771983915386f,0.002279243125817782f,-0.32799531724251135f,0f,0f,0f,1f], start_interpolation: 0, interpolation_duration: 1 }
$data merge entity $(bone_rightarm) { transformation: [0.08857567643783394f,0.058585175999757315f,0.9943450742557424f,2.625524936893486f,0f,0.998268819604145f,-0.05881635662081732f,0.5276175789060158f,-0.9960694501607708f,0.005209698573297768f,0.08842233596323516f,-0.3136864636387959f,0f,0f,0f,1f], start_interpolation: 0, interpolation_duration: 1 }
$data merge entity $(item_display_l_item) { transformation: [0.03875185844155235f,-0.43113667472704165f,-0.0634484922802344f,2.5376239353124483f,0f,-0.06369886383925687f,0.43283796592441826f,-0.10892204779722658f,-0.4357803844453372f,-0.03833891561973146f,-0.005642169952883658f,0.3059632096101679f,0f,0f,0f,1f], start_interpolation: 0, interpolation_duration: 1 }
$data merge entity $(bone_leftarm) { transformation: [0.08857567643783394f,-0.14502512521196456f,0.9854552565189524f,2.5701651391198395f,0f,0.989343922112956f,0.1455974030611588f,0.5276175789060158f,-0.9960694501607708f,-0.012896388463734094f,0.08763180713081477f,0.3088569427116859f,0f,0f,0f,1f], start_interpolation: 0, interpolation_duration: 1 }
$data merge entity $(bone_body) { transformation: [0.08857567643783394f,-0.0434479391893399f,0.995121412755137f,2.625f,0f,0.9990482215818578f,0.043619387365336f,-0.09678755958264529f,-0.9960694501607708f,-0.0038636167416885433f,0.08849137202062807f,3.214697847761802e-16f,0f,0f,0f,1f], start_interpolation: 0, interpolation_duration: 1 }
$data merge entity $(bone_leftleg) { transformation: [0.08857567643783394f,-0.09222389764110021f,0.9917908561019626f,2.6139280404452707f,0f,0.995704522352214f,0.09258781867691535f,-0.047916666666667274f,-0.9960694501607708f,-0.008201028669211291f,0.0881952015995577f,0.12450868127009666f,0f,0f,0f,1f], start_interpolation: 0, interpolation_duration: 1 }
$data merge entity $(bone_rightleg) { transformation: [0.08857567643783394f,0.25313419845962093f,0.9633677527890299f,2.6360719595547293f,0f,0.9671692597675166f,-0.25413308120107864f,0.24062499999999998f,-0.9960694501607708f,0.02251000957261652f,0.08566767141378691f,-0.12450868127009602f,0f,0f,0f,1f], start_interpolation: 0, interpolation_duration: 1 }
data modify entity @s data merge value {"locators":{},"cameras":{"camera":{"posx":6.125,"posy":0.6138299997906772,"posz":1.7511926799395414,"roty":104.86874981732177,"rotx":-6.0390330221265565}}}