# This file was generated by Animated Java via MC-Build. It is not recommended to edit this file directly.
$data merge entity $(bone_left_eye) { transformation: [0.08407755957925835f,-0.0685877787141806f,0.9940959111606139f,2.2899706772665147f,0f,0.9976283000745707f,0.06883149635394037f,0.9567845075479156f,-0.9964592134027345f,-0.005787184235627924f,0.08387815283747395f,0.09939050867705182f,0f,0f,0f,1f], start_interpolation: 0, interpolation_duration: 1 }
$data merge entity $(bone_right_eye) { transformation: [0.08407755957925835f,-0.0685877787141806f,0.9940959111606139f,2.3109900671613297f,0f,0.9976283000745707f,0.06883149635394037f,0.9567845075479156f,-0.9964592134027345f,-0.005787184235627924f,0.08387815283747395f,-0.1497242946736318f,0f,0f,0f,1f], start_interpolation: 0, interpolation_duration: 1 }
$data merge entity $(bone_right_close) { transformation: [0.08407755957925835f,-0.0685877787141806f,0.9940959111606139f,2.3067033309916933f,0f,0.9976283000745707f,0.06883149635394037f,1.0191362763025762f,-0.9964592134027345f,-0.005787184235627924f,0.08387815283747395f,-0.15008599368835854f,0f,0f,0f,1f], start_interpolation: 0, interpolation_duration: 1 }
$data merge entity $(bone_left_close) { transformation: [0.08407755957925835f,-0.0685877787141806f,0.9940959111606139f,2.2856839410968783f,0f,0.9976283000745707f,0.06883149635394037f,1.0191362763025762f,-0.9964592134027345f,-0.005787184235627924f,0.08387815283747395f,0.09902880966232508f,0f,0f,0f,1f], start_interpolation: 0, interpolation_duration: 1 }
$data merge entity $(bone_left_eyebrow) { transformation: [0.08407755957925835f,-0.0685877787141806f,0.9940959111606139f,2.2873365045702854f,0f,0.9976283000745707f,0.06883149635394037f,0.99419126683219f,-0.9964592134027345f,-0.005787184235627924f,0.08387815283747395f,0.09916824688366344f,0f,0f,0f,1f], start_interpolation: 0, interpolation_duration: 1 }
$data merge entity $(bone_right_eyebrow) { transformation: [0.08407755957925835f,-0.0685877787141806f,0.9940959111606139f,2.3083558944651f,0f,0.9976283000745707f,0.06883149635394037f,0.99419126683219f,-0.9964592134027345f,-0.005787184235627924f,0.08387815283747395f,-0.14994655646702018f,0f,0f,0f,1f], start_interpolation: 0, interpolation_duration: 1 }
$data merge entity $(bone_talking) { transformation: [0.08407755957925835f,-0.0685877787141806f,0.9940959111606139f,2.628282289130159f,0f,0.9976283000745707f,0.06883149635394037f,0.7288872751398793f,-0.9964592134027345f,-0.005787184235627924f,0.08387815283747395f,0.0024918258223276006f,0f,0f,0f,1f], start_interpolation: 0, interpolation_duration: 1 }
$data merge entity $(bone_m_opened) { transformation: [0.08407755957925835f,-0.0685877787141806f,0.9940959111606139f,2.628282289130159f,0f,0.9976283000745707f,0.06883149635394037f,0.7288872751398793f,-0.9964592134027345f,-0.005787184235627924f,0.08387815283747395f,0.0024918258223276006f,0f,0f,0f,1f], start_interpolation: 0, interpolation_duration: 1 }
$data merge entity $(bone_head) { transformation: [0.08407755957925835f,-0.0685877787141806f,0.9940959111606139f,2.5661512946826206f,0f,0.9976283000745707f,0.06883149635394037f,0.724585306617758f,-0.9964592134027345f,-0.005787184235627924f,0.08387815283747395f,-0.0027505587300145212f,0f,0f,0f,1f], start_interpolation: 0, interpolation_duration: 1 }
$data merge entity $(item_display_r_item) { transformation: [0.03678393231592553f,-0.43516654220422196f,0.026139488698109625f,2.4361832251198154f,0f,0.02623237192905049f,0.4367128492075496f,-0.01667625653960214f,-0.43595090586369634f,-0.036717750598275416f,0.002205553813770007f,-0.32732721351111665f,0f,0f,0f,1f], start_interpolation: 0, interpolation_duration: 1 }
$data merge entity $(bone_rightarm) { transformation: [0.08407755957925835f,0.059747402738536064f,0.9946663821810787f,2.5978586496040355f,0f,0.9982007981886848f,-0.059959707266400895f,0.5997042789200258f,-0.9964592134027345f,0.005041265860045711f,0.08392628708177238f,-0.31368563646336656f,0f,0f,0f,1f], start_interpolation: 0, interpolation_duration: 1 }
$data merge entity $(item_display_l_item) { transformation: [0.03678393231592553f,-0.43123239557823595f,-0.06396728325662482f,2.5134827522112526f,0f,-0.06419458257422067f,0.4327647231095917f,-0.036872349114882574f,-0.43595090586369634f,-0.03638580179104793f,-0.005397323841049658f,0.30641589117454265f,0f,0f,0f,1f], start_interpolation: 0, interpolation_duration: 1 }
$data merge entity $(bone_leftarm) { transformation: [0.08407755957925835f,-0.1462109331579998f,0.9856740470359678f,2.545310174866999f,0f,0.989176509964781f,0.14673047445536175f,0.5997042789200258f,-0.9964592134027345f,-0.012336740208113522f,0.0831675469509667f,0.3091013719133425f,0f,0f,0f,1f], start_interpolation: 0, interpolation_duration: 1 }
$data merge entity $(bone_body) { transformation: [0.08407755957925835f,-0.04346494042317189f,0.9955108050288588f,2.5987499999999994f,0f,0.9990482215818578f,0.043619387365336f,-0.024700859568635325f,-0.9964592134027345f,-0.003667411640019786f,0.08399753637260074f,3.182550869284183e-16f,0f,0f,0f,1f], start_interpolation: 0, interpolation_duration: 1 }
$data merge entity $(bone_leftleg) { transformation: [0.08407755957925835f,-0.10848140048060255f,0.9905365968630152f,2.588240305052592f,0f,0.9940563382223196f,0.10886687485196457f,0.04712500000000064f,-0.9964592134027345f,-0.009153261156573713f,0.08357783100202647f,0.12455740167534213f,0f,0f,0f,1f], start_interpolation: 0, interpolation_duration: 1 }
$data merge entity $(bone_rightleg) { transformation: [0.08407755957925835f,0.22979930915819846f,0.9695995263435369f,2.609259694947407f,0f,0.9730448705798239f,-0.23061587074244003f,0.25997000000000015f,-0.9964592134027345f,0.019389619612270044f,0.08181123807946687f,-0.12455740167534149f,0f,0f,0f,1f], start_interpolation: 0, interpolation_duration: 1 }
data modify entity @s data merge value {"locators":{},"cameras":{"camera":{"posx":6.125,"posy":0.6153732418047453,"posz":1.752270727973904,"roty":104.754627583224,"rotx":-6.025216773592524}}}