# This file was generated by Animated Java via MC-Build. It is not recommended to edit this file directly.
$data merge entity $(bone_left_eye) { transformation: [0.07941006856996626f,-0.0684163942826356f,0.9944914469230374f,2.2642355520057396f,0f,0.9976419662021442f,0.06863313538167805f,1.030748392065333f,-0.9968420341306407f,-0.005450161986830831f,0.07922281694438824f,0.10083914562727969f,0f,0f,0f,1f], start_interpolation: 0, interpolation_duration: 1 }
$data merge entity $(bone_right_eye) { transformation: [0.07941006856996626f,-0.0684163942826356f,0.9944914469230374f,2.2840880691482313f,0f,0.9976419662021442f,0.06863313538167805f,1.030748392065333f,-0.9968420341306407f,-0.005450161986830831f,0.07922281694438824f,-0.14837136290538047f,0f,0f,0f,1f], start_interpolation: 0, interpolation_duration: 1 }
$data merge entity $(bone_right_close) { transformation: [0.07941006856996626f,-0.0684163942826356f,0.9944914469230374f,2.2798120445055665f,0f,0.9976419662021442f,0.06863313538167805f,1.0931010149529672f,-0.9968420341306407f,-0.005450161986830831f,0.07922281694438824f,-0.1487119980295574f,0f,0f,0f,1f], start_interpolation: 0, interpolation_duration: 1 }
$data merge entity $(bone_left_close) { transformation: [0.07941006856996626f,-0.0684163942826356f,0.9944914469230374f,2.259959527363075f,0f,0.9976419662021442f,0.06863313538167805f,1.0931010149529672f,-0.9968420341306407f,-0.005450161986830831f,0.07922281694438824f,0.10049851050310277f,0f,0f,0f,1f], start_interpolation: 0, interpolation_duration: 1 }
$data merge entity $(bone_left_eyebrow) { transformation: [0.07941006856996626f,-0.0684163942826356f,0.9944914469230374f,2.261607781504708f,0f,0.9976419662021442f,0.06863313538167805f,1.0681556762269524f,-0.9968420341306407f,-0.005450161986830831f,0.07922281694438824f,0.10062981312671451f,0f,0f,0f,1f], start_interpolation: 0, interpolation_duration: 1 }
$data merge entity $(bone_right_eyebrow) { transformation: [0.07941006856996626f,-0.0684163942826356f,0.9944914469230374f,2.2814602986472f,0f,0.9976419662021442f,0.06863313538167805f,1.0681556762269524f,-0.9968420341306407f,-0.005450161986830831f,0.07922281694438824f,-0.14858069540594565f,0f,0f,0f,1f], start_interpolation: 0, interpolation_duration: 1 }
$data merge entity $(bone_talking) { transformation: [0.07941006856996626f,-0.0684163942826356f,0.9944914469230374f,2.6020444863110934f,0f,0.9976419662021442f,0.06863313538167805f,0.8027857553215715f,-0.9968420341306407f,-0.005450161986830831f,0.07922281694438824f,0.002353562152778641f,0f,0f,0f,1f], start_interpolation: 0, interpolation_duration: 1 }
$data merge entity $(bone_m_opened) { transformation: [0.07941006856996626f,-0.0684163942826356f,0.9944914469230374f,2.6020444863110934f,0f,0.9976419662021442f,0.06863313538167805f,0.8027857553215715f,-0.9968420341306407f,-0.005450161986830831f,0.07922281694438824f,0.002353562152778641f,0f,0f,0f,1f], start_interpolation: 0, interpolation_duration: 1 }
$data merge entity $(bone_head) { transformation: [0.07941006856996626f,-0.0684163942826356f,0.9944914469230374f,2.5398887708784037f,0f,0.9976419662021442f,0.06863313538167805f,0.7984961843602166f,-0.9968420341306407f,-0.005450161986830831f,0.07922281694438824f,-0.002597863906245624f,0f,0f,0f,1f], start_interpolation: 0, interpolation_duration: 1 }
$data merge entity $(item_display_r_item) { transformation: [0.03474190499936024f,-0.43530639271078303f,0.0266006485285794f,2.407765440630495f,0f,0.026684918590715517f,0.4366854303956189f,0.05740308998037602f,-0.4361183899321553f,-0.03467721997122132f,0.002119051215072687f,-0.3266130154105303f,0f,0f,0f,1f], start_interpolation: 0, interpolation_duration: 1 }
$data merge entity $(bone_rightarm) { transformation: [0.07941006856996626f,0.06080148235103841f,0.9949860404817897f,2.570139622160118f,0f,0.9981381266185575f,-0.06099409963592096f,0.6736151566624844f,-0.9968420341306407f,0.004843545634451838f,0.07926221707707731f,-0.3136780222543632f,0f,0f,0f,1f], start_interpolation: 0, interpolation_duration: 1 }
$data merge entity $(item_display_l_item) { transformation: [0.03474190499936024f,-0.43133152118384754f,-0.06443887700948467f,2.4893262904077673f,0f,-0.06464301745229141f,0.43269796659409293f,0.03700577082741119f,-0.4361183899321553f,-0.034360575197321885f,-0.005133306448455986f,0.30686423680441816f,0f,0f,0f,1f], start_interpolation: 0, interpolation_duration: 1 }
$data merge entity $(bone_leftarm) { transformation: [0.07941006856996626f,-0.14728886173596517f,0.9859006198487944f,2.5205083293038886f,0f,0.989023923643641f,0.14775546846238058f,0.6736151566624844f,-0.9968420341306407f,-0.011733271882185129f,0.07853845759387859f,0.30934824907728725f,0f,0f,0f,1f], start_interpolation: 0, interpolation_duration: 1 }
$data merge entity $(bone_body) { transformation: [0.07941006856996626f,-0.043481638828793905f,0.9958932613962581f,2.5724999999999993f,0f,0.9990482215818578f,0.043619387365336f,0.04921001817382331f,-0.9968420341306407f,-0.0034638185416612515f,0.07933448778051817f,3.1504038908065654e-16f,0f,0f,0f,1f], start_interpolation: 0, interpolation_duration: 1 }
$data merge entity $(bone_leftleg) { transformation: [0.07941006856996626f,-0.12472167019625144f,0.9890088705331064f,2.5625737414287535f,0f,0.9921420211735296f,0.12511678473211946f,0.1723750000000026f,-0.9968420341306407f,-0.009935532454831314f,0.0787860659325349f,0.1246052542663304f,0f,0f,0f,1f], start_interpolation: 0, interpolation_duration: 1 }
$data merge entity $(bone_rightleg) { transformation: [0.07941006856996626f,0.2063095719732163f,0.9752591458284006f,2.582426258571245f,0f,0.9783487377505476f,-0.2069631545515049f,0.2689600000000001f,-0.9968420341306407f,0.016434958294391528f,0.07769074035011092f,-0.12460525426632976f,0f,0f,0f,1f], start_interpolation: 0, interpolation_duration: 1 }
data modify entity @s data merge value {"locators":{},"cameras":{"camera":{"posx":6.125,"posy":0.6169135056128867,"posz":1.7532334698765595,"roty":104.64113141874385,"rotx":-6.011202892850766}}}