# This file was generated by Animated Java via MC-Build. It is not recommended to edit this file directly.
$data merge entity $(bone_left_eye) { transformation: [0.0746056054660368f,-0.06821903727823836f,0.9948769605262132f,2.238526930890635f,0f,0.9976573132736566f,0.06840968697186899f,1.1035425846406928f,-0.9972131184621701f,-0.005103746116278336f,0.0744308279044007f,0.10232730819926544f,0f,0f,0f,1f], start_interpolation: 0, interpolation_duration: 1 }
$data merge entity $(bone_right_eye) { transformation: [0.0746056054660368f,-0.06821903727823836f,0.9948769605262132f,2.257178332257144f,0f,0.9976573132736566f,0.06840968697186899f,1.1035425846406928f,-0.9972131184621701f,-0.005103746116278336f,0.0744308279044007f,-0.14697597141627708f,0f,0f,0f,1f], start_interpolation: 0, interpolation_duration: 1 }
$data merge entity $(bone_right_close) { transformation: [0.0746056054660368f,-0.06821903727823836f,0.9948769605262132f,2.252914642427254f,0f,0.9976573132736566f,0.06840968697186899f,1.1658961667202963f,-0.9972131184621701f,-0.005103746116278336f,0.0744308279044007f,-0.14729495554854447f,0f,0f,0f,1f], start_interpolation: 0, interpolation_duration: 1 }
$data merge entity $(bone_left_close) { transformation: [0.0746056054660368f,-0.06821903727823836f,0.9948769605262132f,2.234263241060745f,0f,0.9976573132736566f,0.06840968697186899f,1.1658961667202963f,-0.9972131184621701f,-0.005103746116278336f,0.0744308279044007f,0.10200832406699806f,0f,0f,0f,1f], start_interpolation: 0, interpolation_duration: 1 }
$data merge entity $(bone_left_eyebrow) { transformation: [0.0746056054660368f,-0.06821903727823836f,0.9948769605262132f,2.235906537182668f,0f,0.9976573132736566f,0.06840968697186899f,1.1409504582830192f,-0.9972131184621701f,-0.005103746116278336f,0.0744308279044007f,0.102131265793161f,0f,0f,0f,1f], start_interpolation: 0, interpolation_duration: 1 }
$data merge entity $(bone_right_eyebrow) { transformation: [0.0746056054660368f,-0.06821903727823836f,0.9948769605262132f,2.254557938549177f,0f,0.9976573132736566f,0.06840968697186899f,1.1409504582830192f,-0.9972131184621701f,-0.005103746116278336f,0.0744308279044007f,-0.14717201382238154f,0f,0f,0f,1f], start_interpolation: 0, interpolation_duration: 1 }
$data merge entity $(bone_talking) { transformation: [0.0746056054660368f,-0.06821903727823836f,0.9948769605262132f,2.5758064410578907f,0f,0.9976573132736566f,0.06840968697186899f,0.8755062835009876f,-0.9972131184621701f,-0.005103746116278336f,0.0744308279044007f,0.002211238640688989f,0f,0f,0f,1f], start_interpolation: 0, interpolation_duration: 1 }
$data merge entity $(bone_m_opened) { transformation: [0.0746056054660368f,-0.06821903727823836f,0.9948769605262132f,2.5758064410578907f,0f,0.9976573132736566f,0.06840968697186899f,0.8755062835009876f,-0.9972131184621701f,-0.005103746116278336f,0.0744308279044007f,0.002211238640688989f,0f,0f,0f,1f], start_interpolation: 0, interpolation_duration: 1 }
$data merge entity $(bone_head) { transformation: [0.0746056054660368f,-0.06821903727823836f,0.9948769605262132f,2.5136266310250024f,0f,0.9976573132736566f,0.06840968697186899f,0.8712306780652458f,-0.9972131184621701f,-0.005103746116278336f,0.0744308279044007f,-0.0024406881033360544f,0f,0f,0f,1f], start_interpolation: 0, interpolation_duration: 1 }
$data merge entity $(item_display_r_item) { transformation: [0.0326399523913911f,-0.43544357917995874f,0.027014308409336052f,2.3793737905451704f,0f,0.02708980448531961f,0.4366605002664509f,0.13028887983981785f,-0.4362807393271994f,-0.032577321005481094f,0.00202105126558383f,-0.3258580283674653f,0f,0f,0f,1f], start_interpolation: 0, interpolation_duration: 1 }
$data merge entity $(bone_rightarm) { transformation: [0.0746056054660368f,0.06174699064991075f,0.9952996095541914f,2.5423781108956387f,0f,0.9980811434661735f,-0.06191955310930174f,0.7463496503675136f,-0.9972131184621701f,0.00461954574990588f,0.07446244801252822f,-0.3136630062722081f,0f,0f,0f,1f], start_interpolation: 0, interpolation_duration: 1 }
$data merge entity $(item_display_l_item) { transformation: [0.0326399523913911f,-0.43143213278293807f,-0.06486291937812363f,2.465144597224417f,0f,-0.0650441898299037f,0.4326378432007208f,0.10971153441508275f,-0.4362807393271994f,-0.03227720823951007f,-0.0048526611643077994f,0.30730550636151355f,0f,0f,0f,1f], start_interpolation: 0, interpolation_duration: 1 }
$data merge entity $(bone_leftarm) { transformation: [0.0746056054660368f,-0.1482581014357114f,0.9861305892181441f,2.4957496074793655f,0f,0.9888864987445046f,0.14867243389692297f,0.7463496503675136f,-0.9972131184621701f,-0.011091796946989273f,0.07377647597602302f,0.30959519276664815f,0f,0f,0f,1f], start_interpolation: 0, interpolation_duration: 1 }
$data merge entity $(bone_body) { transformation: [0.0746056054660368f,-0.043497825299996094f,0.9962639925377295f,2.5462499999999997f,0f,0.9990482215818578f,0.043619387365336f,0.12194451187885247f,-0.9972131184621701f,-0.003254250804448488f,0.0745345974608818f,3.1182569123289475e-16f,0f,0f,0f,1f], start_interpolation: 0, interpolation_duration: 1 }
$data merge entity $(bone_leftleg) { transformation: [0.0746056054660368f,-0.14093931894387052f,0.9872031766605515f,2.536924299316745f,0f,0.9899620837148079f,0.14133319782356749f,0.29762500000000025f,-0.9972131184621701f,-0.010544248796078407f,0.07385672064396265f,0.12465163980777157f,0f,0f,0f,1f], start_interpolation: 0, interpolation_duration: 1 }
$data merge entity $(bone_rightleg) { transformation: [0.0746056054660368f,0.18267830496856274f,0.9803380236055618f,2.5555757006832542f,0f,0.98307774482286f,-0.18318883053832666f,0.27146499999999985f,-0.9972131184621701f,0.013666913616927071f,0.07334311037269549f,-0.12465163980777096f,0f,0f,0f,1f], start_interpolation: 0, interpolation_duration: 1 }
data modify entity @s data merge value {"locators":{},"cameras":{"camera":{"posx":6.125,"posy":0.6184507644246434,"posz":1.754082191589497,"roty":104.52826740185633,"rotx":-5.997015992834564}}}