# This file was generated by Animated Java via MC-Build. It is not recommended to edit this file directly.
$data merge entity $(bone_left_eye) { transformation: [0.06969663521636428f,-0.0679994691048064f,0.9952479345575058f,2.212841083305839f,0f,0.9976740456039987f,0.06816523107970986f,1.1717164822971469f,-0.9975682327738373f,-0.004750887245001715f,0.0695345240212963f,0.10384458288298314f,0f,0f,0f,1f], start_interpolation: 0, interpolation_duration: 1 }
$data merge entity $(bone_right_eye) { transformation: [0.06969663521636428f,-0.0679994691048064f,0.9952479345575058f,2.23026524210993f,0f,0.9976740456039987f,0.06816523107970986f,1.1717164822971469f,-0.9975682327738373f,-0.004750887245001715f,0.0695345240212963f,-0.14554747531047618f,0f,0f,0f,1f], start_interpolation: 0, interpolation_duration: 1 }
$data merge entity $(bone_right_close) { transformation: [0.06969663521636428f,-0.0679994691048064f,0.9952479345575058f,2.2260152752908797f,0f,0.9976740456039987f,0.06816523107970986f,1.234071110147397f,-0.9975682327738373f,-0.004750887245001715f,0.0695345240212963f,-0.1458444057632888f,0f,0f,0f,1f], start_interpolation: 0, interpolation_duration: 1 }
$data merge entity $(bone_left_close) { transformation: [0.06969663521636428f,-0.0679994691048064f,0.9952479345575058f,2.208591116486789f,0f,0.9976740456039987f,0.06816523107970986f,1.234071110147397f,-0.9975682327738373f,-0.004750887245001715f,0.0695345240212963f,0.10354765243017053f,0f,0f,0f,1f], start_interpolation: 0, interpolation_duration: 1 }
$data merge entity $(bone_left_eyebrow) { transformation: [0.06969663521636428f,-0.0679994691048064f,0.9952479345575058f,2.210228900218499f,0f,0.9976740456039987f,0.06816523107970986f,1.2091249986803545f,-0.9975682327738373f,-0.004750887245001715f,0.0695345240212963f,0.10366207870354424f,0f,0f,0f,1f], start_interpolation: 0, interpolation_duration: 1 }
$data merge entity $(bone_right_eyebrow) { transformation: [0.06969663521636428f,-0.0679994691048064f,0.9952479345575058f,2.2276530590225905f,0f,0.9976740456039987f,0.06816523107970986f,1.2091249986803545f,-0.9975682327738373f,-0.004750887245001715f,0.0695345240212963f,-0.1457299794899151f,0f,0f,0f,1f], start_interpolation: 0, interpolation_duration: 1 }
$data merge entity $(bone_talking) { transformation: [0.06969663521636428f,-0.0679994691048064f,0.9952479345575058f,2.549568009533307f,0f,0.9976740456039987f,0.06816523107970986f,0.9435996056085566f,-0.9975682327738373f,-0.004750887245001715f,0.0695345240212963f,0.0020658143541589934f,0f,0f,0f,1f], start_interpolation: 0, interpolation_duration: 1 }
$data merge entity $(bone_m_opened) { transformation: [0.06969663521636428f,-0.0679994691048064f,0.9952479345575058f,2.549568009533307f,0f,0.9976740456039987f,0.06816523107970986f,0.9435996056085566f,-0.9975682327738373f,-0.004750887245001715f,0.0695345240212963f,0.0020658143541589934f,0f,0f,0f,1f], start_interpolation: 0, interpolation_duration: 1 }
$data merge entity $(bone_head) { transformation: [0.06969663521636428f,-0.0679994691048064f,0.9952479345575058f,2.487365013623463f,0f,0.9976740456039987f,0.06816523107970986f,0.9393392786660747f,-0.9975682327738373f,-0.004750887245001715f,0.0695345240212963f,-0.0022800933971720253f,0f,0f,0f,1f], start_interpolation: 0, interpolation_duration: 1 }
$data merge entity $(item_display_r_item) { transformation: [0.030492277907159374f,-0.4355763888970916f,0.027380292609871286f,2.351019275968538f,0f,0.027447037415914574f,0.4366381913404843f,0.19853141688648324f,-0.43643610183855386f,-0.030432212743390807f,0.0019129661545468995f,-0.3250678772916937f,0f,0f,0f,1f], start_interpolation: 0, interpolation_duration: 1 }
$data merge entity $(bone_rightarm) { transformation: [0.06969663521636428f,0.06258352596541986f,0.9956031746219237f,2.5145843765246663f,0f,0.9980301516353928f,-0.06273608552209023f,0.8144582509683425f,-0.9975682327738373f,0.004372494067535755f,0.0695593434134647f,-0.31364015057280076f,0f,0f,0f,1f], start_interpolation: 0, interpolation_duration: 1 }
$data merge entity $(item_display_l_item) { transformation: [0.030492277907159374f,-0.43153253949416936f,-0.06523908602782301f,2.440927662555852f,0f,-0.06539811903033366f,0.4325844842655528f,0.17779523943745745f,-0.43643610183855386f,-0.030149683000115314f,-0.004558028845893536f,0.30773726954780534f,0f,0f,0f,1f], start_interpolation: 0, interpolation_duration: 1 }
$data merge entity $(bone_leftarm) { transformation: [0.06969663521636428f,-0.14911791092073853f,0.9863600902723871f,2.4710239795144386f,0f,0.9887645354641207f,0.14948141492647715f,0.8144582509683425f,-0.9975682327738373f,-0.01041835164775667f,0.06891356114312072f,0.3098399949108475f,0f,0f,0f,1f], start_interpolation: 0, interpolation_duration: 1 }
$data merge entity $(bone_body) { transformation: [0.06969663521636428f,-0.043513315168715684f,0.9966187688592589f,2.5199999999999996f,0f,0.9990482215818578f,0.043619387365336f,0.19005311247968137f,-0.9975682327738373f,-0.003040124529563112f,0.06963029946314822f,3.0861099338513297e-16f,0f,0f,0f,1f], start_interpolation: 0, interpolation_duration: 1 }
$data merge entity $(bone_leftleg) { transformation: [0.06969663521636428f,-0.1571287406340537f,0.9851156977260453f,2.511287920597954f,0f,0.9875171094681249f,0.15751177260039811f,0.42287500000000233f,-0.9975682327738373f,-0.01097804055721287f,0.06882661974851838f,0.12469602909672997f,0f,0f,0f,1f], start_interpolation: 0, interpolation_duration: 1 }
$data merge entity $(bone_rightleg) { transformation: [0.06969663521636428f,0.15891947084685307f,0.9848284017153817f,2.528712079402045f,0f,0.9872291131173742f,-0.15930686806752228f,0.271355f,-0.9975682327738373f,0.011103152671163572f,0.06880654737191645f,-0.12469602909672936f,0f,0f,0f,1f], start_interpolation: 0, interpolation_duration: 1 }
data modify entity @s data merge value {"locators":{},"cameras":{"camera":{"posx":6.125,"posy":0.6199849914495574,"posz":1.7548181790547062,"roty":104.41604158352195,"rotx":-5.9826807045774215}}}