# This file was generated by Animated Java via MC-Build. It is not recommended to edit this file directly.
$data merge entity $(bone_left_eye) { transformation: [0.0647156822071654f,-0.06776150392744285f,0.9956004515175516f,2.1871740884204285f,0f,0.9976918699923599f,0.0679038478375713f,1.2298581717250905f,-0.9979037430917179f,-0.00439444383729998f,0.06456630999909814f,0.10538063561926077f,0f,0f,0f,1f], start_interpolation: 0, interpolation_duration: 1 }
$data merge entity $(bone_right_eye) { transformation: [0.0647156822071654f,-0.06776150392744285f,0.9956004515175516f,2.2033530089722198f,0f,0.9976918699923599f,0.0679038478375713f,1.2298581717250905f,-0.9979037430917179f,-0.00439444383729998f,0.06456630999909814f,-0.14409530015366873f,0f,0f,0f,1f], start_interpolation: 0, interpolation_duration: 1 }
$data merge entity $(bone_right_close) { transformation: [0.0647156822071654f,-0.06776150392744285f,0.9956004515175516f,2.1991179149767546f,0f,0.9976918699923599f,0.0679038478375713f,1.292213913599613f,-0.9979037430917179f,-0.00439444383729998f,0.06456630999909814f,-0.14436995289349996f,0f,0f,0f,1f], start_interpolation: 0, interpolation_duration: 1 }
$data merge entity $(bone_left_close) { transformation: [0.0647156822071654f,-0.06776150392744285f,0.9956004515175516f,2.1829389944249633f,0f,0.9976918699923599f,0.0679038478375713f,1.292213913599613f,-0.9979037430917179f,-0.00439444383729998f,0.06456630999909814f,0.10510598287942952f,0f,0f,0f,1f], start_interpolation: 0, interpolation_duration: 1 }
$data merge entity $(bone_left_eyebrow) { transformation: [0.0647156822071654f,-0.06776150392744285f,0.9956004515175516f,2.1845708069949294f,0f,0.9976918699923599f,0.0679038478375713f,1.2672673728593142f,-0.9979037430917179f,-0.00439444383729998f,0.06456630999909814f,0.10521180858098708f,0f,0f,0f,1f], start_interpolation: 0, interpolation_duration: 1 }
$data merge entity $(bone_right_eyebrow) { transformation: [0.0647156822071654f,-0.06776150392744285f,0.9956004515175516f,2.2007497275467207f,0f,0.9976918699923599f,0.0679038478375713f,1.2672673728593142f,-0.9979037430917179f,-0.00439444383729998f,0.06456630999909814f,-0.1442641271919424f,0f,0f,0f,1f], start_interpolation: 0, interpolation_duration: 1 }
$data merge entity $(bone_talking) { transformation: [0.0647156822071654f,-0.06776150392744285f,0.9956004515175516f,2.52332906577742f,0f,0.9976918699923599f,0.0679038478375713f,1.0016551566762415f,-0.9979037430917179f,-0.00439444383729998f,0.06456630999909814f,0.0019182505668391913f,0f,0f,0f,1f], start_interpolation: 0, interpolation_duration: 1 }
$data merge entity $(bone_m_opened) { transformation: [0.0647156822071654f,-0.06776150392744285f,0.9956004515175516f,2.52332906577742f,0f,0.9976918699923599f,0.0679038478375713f,1.0016551566762415f,-0.9979037430917179f,-0.00439444383729998f,0.06456630999909814f,0.0019182505668391913f,0f,0f,0f,1f], start_interpolation: 0, interpolation_duration: 1 }
$data merge entity $(bone_head) { transformation: [0.0647156822071654f,-0.06776150392744285f,0.9956004515175516f,2.461104037557573f,0f,0.9976918699923599f,0.0679038478375713f,0.9974111661863932f,-0.9979037430917179f,-0.00439444383729998f,0.06456630999909814f,-0.0021171438081044425f,0f,0f,0f,1f], start_interpolation: 0, interpolation_duration: 1 }
$data merge entity $(item_display_r_item) { transformation: [0.028313110965634866f,-0.4357033557376404f,0.027698439421868545f,2.3227128097457213f,0f,0.027756624437596446f,0.4366186205372261f,0.2567197161319369f,-0.4365828876026266f,-0.02825607189241807f,0.0017962888862471324f,-0.3242484966011023f,0f,0f,0f,1f], start_interpolation: 0, interpolation_duration: 1 }
$data merge entity $(bone_rightarm) { transformation: [0.0647156822071654f,0.06331071867855645f,0.9958933845431781f,2.486768681987716f,0f,0.9979854183708026f,-0.06344371300022023f,0.872530138488661f,-0.9979037430917179f,0.00410580316856486f,0.06458530718266987f,-0.3136092062229155f,0f,0f,0f,1f], start_interpolation: 0, interpolation_duration: 1 }
$data merge entity $(item_display_l_item) { transformation: [0.028313110965634866f,-0.4316312948658551f,-0.06556708808444182f,2.4166654221957677f,0f,-0.06570482227203703f,0.43253800564828987f,0.23584589548480772f,-0.4365828876026266f,-0.02799199211605584f,-0.004252132397635432f,0.3081573960300143f,0f,0f,0f,1f], start_interpolation: 0, interpolation_duration: 1 }
$data merge entity $(bone_leftarm) { transformation: [0.0647156822071654f,-0.14986762990729582f,0.9865858168362402f,2.446321380608238f,0f,0.9886582986246626f,0.15018245090751342f,0.872530138488661f,-0.9979037430917179f,-0.009719159766023859f,0.06398169626527049f,0.3100806332094082f,0f,0f,0f,1f], start_interpolation: 0, interpolation_duration: 1 }
$data merge entity $(bone_body) { transformation: [0.0647156822071654f,-0.04352794992323638f,0.9969539598456599f,2.49375f,0f,0.9990482215818578f,0.043619387365336f,0.24812499999999993f,-0.9979037430917179f,-0.0028228584108063305f,0.06465408721752527f,3.053962955373712e-16f,0f,0f,0f,1f], start_interpolation: 0, interpolation_duration: 1 }
$data merge entity $(bone_leftleg) { transformation: [0.0647156822071654f,-0.17328416647488543f,0.9827433429566265f,2.4856605397241043f,0f,0.984807753012208f,0.17364817766693033f,0.548125f,-0.9979037430917179f,-0.01123776028174646f,0.0637325055790907f,0.12473796788646505f,0f,0f,0f,1f], start_interpolation: 0, interpolation_duration: 1 }
$data merge entity $(bone_rightleg) { transformation: [0.0647156822071654f,0.13504761057812334f,0.9887234311745631f,2.5018394602758955f,0f,0.9908004033648453f,-0.13533129975013133f,0.27249999999999996f,-0.9979037430917179f,0.008758057387312142f,0.06412032403489062f,-0.12473796788646443f,0f,0f,0f,1f], start_interpolation: 0, interpolation_duration: 1 }
data modify entity @s data merge value {"locators":{},"cameras":{"camera":{"posx":6.125,"posy":0.6215161598971702,"posz":1.7554427182141759,"roty":104.30445998805922,"rotx":-5.968221676574414}}}