# This file was generated by Animated Java via MC-Build. It is not recommended to edit this file directly.
$data merge entity $(bone_left_eye) { transformation: [0.05969532505359178f,-0.06750900991615777f,0.9959312234019405f,2.1407579383011597f,0f,0.997710496498023f,0.06762961760699478f,1.2458000657813422f,-0.9982166439038902f,-0.004037172006299667f,0.059558652397829925f,0.10692521925639498f,0f,0f,0f,1f], start_interpolation: 0, interpolation_duration: 1 }
$data merge entity $(bone_right_eye) { transformation: [0.05969532505359178f,-0.06750900991615777f,0.9959312234019405f,2.155681769564558f,0f,0.997710496498023f,0.06762961760699478f,1.2458000657813422f,-0.9982166439038902f,-0.004037172006299667f,0.059558652397829925f,-0.14262894171957757f,0f,0f,0f,1f], start_interpolation: 0, interpolation_duration: 1 }
$data merge entity $(bone_right_close) { transformation: [0.05969532505359178f,-0.06750900991615777f,0.9959312234019405f,2.151462456444798f,0f,0.997710496498023f,0.06762961760699478f,1.3081569718124686f,-0.9982166439038902f,-0.004037172006299667f,0.059558652397829925f,-0.1428812649699713f,0f,0f,0f,1f], start_interpolation: 0, interpolation_duration: 1 }
$data merge entity $(bone_left_close) { transformation: [0.05969532505359178f,-0.06750900991615777f,0.9959312234019405f,2.1365386251814f,0f,0.997710496498023f,0.06762961760699478f,1.3081569718124686f,-0.9982166439038902f,-0.004037172006299667f,0.059558652397829925f,0.10667289600600124f,0f,0f,0f,1f], start_interpolation: 0, interpolation_duration: 1 }
$data merge entity $(bone_left_eyebrow) { transformation: [0.05969532505359178f,-0.06750900991615777f,0.9959312234019405f,2.1381641047278412f,0f,0.997710496498023f,0.06762961760699478f,1.2832099825489176f,-0.9982166439038902f,-0.004037172006299667f,0.059558652397829925f,0.10677010289038387f,0f,0f,0f,1f], start_interpolation: 0, interpolation_duration: 1 }
$data merge entity $(bone_right_eyebrow) { transformation: [0.05969532505359178f,-0.06750900991615777f,0.9959312234019405f,2.1530879359912394f,0f,0.997710496498023f,0.06762961760699478f,1.2832099825489176f,-0.9982166439038902f,-0.004037172006299667f,0.059558652397829925f,-0.1427840580855887f,0f,0f,0f,1f], start_interpolation: 0, interpolation_duration: 1 }
$data merge entity $(bone_talking) { transformation: [0.05969532505359178f,-0.06750900991615777f,0.9959312234019405f,2.4763256137250047f,0f,0.997710496498023f,0.06762961760699478f,1.017506697159022f,-0.9982166439038902f,-0.004037172006299667f,0.059558652397829925f,0.0017695106443054698f,0f,0f,0f,1f], start_interpolation: 0, interpolation_duration: 1 }
$data merge entity $(bone_m_opened) { transformation: [0.05969532505359178f,-0.06750900991615777f,0.9959312234019405f,2.4763256137250047f,0f,0.997710496498023f,0.06762961760699478f,1.017506697159022f,-0.9982166439038902f,-0.004037172006299667f,0.059558652397829925f,0.0017695106443054698f,0f,0f,0f,1f], start_interpolation: 0, interpolation_duration: 1 }
$data merge entity $(bone_head) { transformation: [0.05969532505359178f,-0.06750900991615777f,0.9959312234019405f,2.4140799122623835f,0f,0.997710496498023f,0.06762961760699478f,1.013279846058585f,-0.9982166439038902f,-0.004037172006299667f,0.059558652397829925f,-0.0019529051305589005f,0f,0f,0f,1f], start_interpolation: 0, interpolation_duration: 1 }
$data merge entity $(item_display_r_item) { transformation: [0.026116704710946403f,-0.4358232725383229f,0.02796860470291517f,2.27370131656321f,0f,0.028018571793727794f,0.4366018891789633f,0.27268714004625605f,-0.43671978170795195f,-0.02606309169355047f,0.0016725777507639792f,-0.32340611657563245f,0f,0f,0f,1f], start_interpolation: 0, interpolation_duration: 1 }
$data merge entity $(bone_rightarm) { transformation: [0.05969532505359178f,0.06392823932094874f,0.9961674800875953f,2.438177401149752f,0f,0.9979471752662018f,-0.06404244981423474f,0.8883988183608529f,-0.9982166439038902f,0.0038230348588890817f,0.059572781013829644f,-0.31357012216209806f,0f,0f,0f,1f], start_interpolation: 0, interpolation_duration: 1 }
$data merge entity $(item_display_l_item) { transformation: [0.026116704710946403f,-0.43172720889117294f,-0.06584667674286034f,2.3715838729407226f,0f,-0.06596431460543765f,0.43249850774151216f,0.2516968602714247f,-0.43671978170795195f,-0.025818139004822948f,-0.003937761202308991f,0.3085640422797539f,0f,0f,0f,1f], start_interpolation: 0, interpolation_duration: 1 }
$data merge entity $(bone_leftarm) { transformation: [0.05969532505359178f,-0.1505066896979667f,0.9868050488941096f,2.4008678229912572f,0f,0.9885680176948849f,0.15077557624100058f,0.8883988183608529f,-0.9982166439038902f,-0.009000597033849138f,0.059012889153881025f,0.31031528027783334f,0f,0f,0f,1f], start_interpolation: 0, interpolation_duration: 1 }
$data merge entity $(bone_body) { transformation: [0.05969532505359178f,-0.04354159846496945f,0.9972665628455921f,2.4467361111111106f,0f,0.9990482215818578f,0.043619387365336f,0.26399367987219174f,-0.9982166439038902f,-0.0026038735074122668f,0.05963850833154179f,2.9963875468304644e-16f,0f,0f,0f,1f], start_interpolation: 0, interpolation_duration: 1 }
$data merge entity $(bone_leftleg) { transformation: [0.05969532505359178f,-0.09133843869395412f,0.9940290527865353f,2.4392741954794115f,0f,0.9958049275746618f,0.09150161866340141f,0.562013888888889f,-0.9982166439038902f,-0.0054622188690415475f,0.05944489884153785f,0.12477708048798658f,0f,0f,0f,1f], start_interpolation: 0, interpolation_duration: 1 }
$data merge entity $(bone_rightleg) { transformation: [0.05969532505359178f,0.11107776808514037f,0.992017236545802f,2.4541980267428096f,0f,0.9937895171394426f,-0.11127621319829957f,0.2724936805555554f,-0.9982166439038902f,0.006642669717605272f,0.05932458826049104f,-0.12477708048798597f,0f,0f,0f,1f], start_interpolation: 0, interpolation_duration: 1 }
data modify entity @s data merge value {"locators":{},"cameras":{"camera":{"posx":6.125,"posy":0.6230442429770243,"posz":1.7559570950098957,"roty":104.19352861353543,"rotx":-5.953663574151049}}}