# This file was generated by Animated Java via MC-Build. It is not recommended to edit this file directly.
$data merge entity $(bone_left_eye) { transformation: [0.05466818997444446f,-0.06724590928894134f,0.9962376105572514f,2.094352200087251f,0f,0.9977296390492841f,0.06734662101832048f,1.2512287964739157f,-0.9985045763565222f,-0.0036817178719664584f,0.054544073450680165f,0.10846817949761112f,0f,0f,0f,1f], start_interpolation: 0, interpolation_duration: 1 }
$data merge entity $(bone_right_eye) { transformation: [0.05466818997444446f,-0.06724590928894134f,0.9962376105572514f,2.1080192475808617f,0f,0.9977296390492841f,0.06734662101832048f,1.2512287964739157f,-0.9985045763565222f,-0.0036817178719664584f,0.054544073450680165f,-0.14115796459151944f,0f,0f,0f,1f], start_interpolation: 0, interpolation_duration: 1 }
$data merge entity $(bone_right_close) { transformation: [0.05466818997444446f,-0.06724590928894134f,0.9962376105572514f,2.1038163782503028f,0f,0.9977296390492841f,0.06734662101832048f,1.313586898914496f,-0.9985045763565222f,-0.0036817178719664584f,0.054544073450680165f,-0.14138807195851735f,0f,0f,0f,1f], start_interpolation: 0, interpolation_duration: 1 }
$data merge entity $(bone_left_close) { transformation: [0.05466818997444446f,-0.06724590928894134f,0.9962376105572514f,2.090149330756692f,0f,0.9977296390492841f,0.06734662101832048f,1.313586898914496f,-0.9985045763565222f,-0.0036817178719664584f,0.054544073450680165f,0.1082380721306132f,0f,0f,0f,1f], start_interpolation: 0, interpolation_duration: 1 }
$data merge entity $(bone_left_eyebrow) { transformation: [0.05466818997444446f,-0.06724590928894134f,0.9962376105572514f,2.0917682136382556f,0f,0.9977296390492841f,0.06734662101832048f,1.2886394487744504f,-0.9985045763565222f,-0.0036817178719664584f,0.054544073450680165f,0.1083267060728217f,0f,0f,0f,1f], start_interpolation: 0, interpolation_duration: 1 }
$data merge entity $(bone_right_eyebrow) { transformation: [0.05466818997444446f,-0.06724590928894134f,0.9962376105572514f,2.1054352611318667f,0f,0.9977296390492841f,0.06734662101832048f,1.2886394487744504f,-0.9985045763565222f,-0.0036817178719664584f,0.054544073450680165f,-0.14129943801630887f,0f,0f,0f,1f], start_interpolation: 0, interpolation_duration: 1 }
$data merge entity $(bone_talking) { transformation: [0.05466818997444446f,-0.06724590928894134f,0.9962376105572514f,2.4293214544554327f,0f,0.9977296390492841f,0.06734662101832048f,1.0228422057798199f,-0.9985045763565222f,-0.0036817178719664584f,0.054544073450680165f,0.0016205598743750012f,0f,0f,0f,1f], start_interpolation: 0, interpolation_duration: 1 }
$data merge entity $(bone_m_opened) { transformation: [0.05466818997444446f,-0.06724590928894134f,0.9962376105572514f,2.4293214544554327f,0f,0.9977296390492841f,0.06734662101832048f,1.0228422057798199f,-0.9985045763565222f,-0.0036817178719664584f,0.054544073450680165f,0.0016205598743750012f,0f,0f,0f,1f], start_interpolation: 0, interpolation_duration: 1 }
$data merge entity $(bone_head) { transformation: [0.05466818997444446f,-0.06724590928894134f,0.9962376105572514f,2.3670566037956045f,0f,0.9977296390492841f,0.06734662101832048f,1.0186330419661749f,-0.9985045763565222f,-0.0036817178719664584f,0.054544073450680165f,-0.0017884447162925092f,0f,0f,0f,1f], start_interpolation: 0, interpolation_duration: 1 }
$data merge entity $(item_display_r_item) { transformation: [0.023917333113819453f,-0.43593519885230836f,0.028190664737124983f,2.2247593907466925f,0f,0.028232884860669216f,0.4365880829940783f,0.27812129137995056f,-0.4368457521559785f,-0.023867480261698798f,0.0015434407130896814f,-0.3225472460875085f,0f,0f,0f,1f], start_interpolation: 0, interpolation_duration: 1 }
$data merge entity $(bone_rightarm) { transformation: [0.05466818997444446f,0.06443580511342831f,0.9964233116624192f,2.3895846829003875f,0f,0.997915618272179f,-0.06453230825295798f,0.8937520142684426f,-0.9985045763565222f,0.003527864487062117f,0.05455424059816868f,-0.3135230507083236f,0f,0f,0f,1f], start_interpolation: 0, interpolation_duration: 1 }
$data merge entity $(item_display_l_item) { transformation: [0.023917333113819453f,-0.43181935548452605f,-0.06607764679262663f,2.3264367437316764f,0f,-0.0661766088581583f,0.43246607547879906f,0.257035732482113f,-0.4368457521559785f,-0.023642137571777425f,-0.003617755424922303f,0.30895563510102686f,0f,0f,0f,1f], start_interpolation: 0, interpolation_duration: 1 }
$data merge entity $(bone_leftarm) { transformation: [0.05466818997444446f,-0.15103462124028968f,0.9870156696789166f,2.35541706416636f,0f,0.9884938868086836f,0.1512608202472192f,0.8937520142684426f,-0.9985045763565222f,-0.008269155256965276f,0.05403917159263411f,0.31054230951450285f,0f,0f,0f,1f], start_interpolation: 0, interpolation_duration: 1 }
$data merge entity $(bone_body) { transformation: [0.05466818997444446f,-0.04355415790215586f,0.9975542212503299f,2.399722222222221f,0f,0.9990482215818578f,0.043619387365336f,0.26934687577978156f,-0.9985045763565222f,-0.002384592955057071f,0.054616157971067884f,2.9388121382872165e-16f,0f,0f,0f,1f], start_interpolation: 0, interpolation_duration: 1 }
$data merge entity $(bone_leftleg) { transformation: [0.05466818997444446f,-0.008713485630862067f,0.9984665563618437f,2.392888698475416f,0f,0.9999619230641713f,0.008726535498371981f,0.5759027777777782f,-0.9985045763565222f,-0.0004770639004437329f,0.05466610837728293f,0.12481307204456557f,0f,0f,0f,1f], start_interpolation: 0, interpolation_duration: 1 }
$data merge entity $(bone_rightleg) { transformation: [0.05466818997444446f,0.08702540798928804f,0.9947049649867119f,2.4065557459690265f,0f,0.9961946980917455f,-0.08715574274765775f,0.2688661111111108f,-0.9985045763565222f,0.004764646701892764f,0.05446016100681389f,-0.12481307204456499f,0f,0f,0f,1f], start_interpolation: 0, interpolation_duration: 1 }
data modify entity @s data merge value {"locators":{},"cameras":{"camera":{"posx":6.125,"posy":0.624569213898661,"posz":1.7563625953838546,"roty":104.08325343217368,"rotx":-5.939031078836372}}}