# This file was generated by Animated Java via MC-Build. It is not recommended to edit this file directly.
$data merge entity $(bone_left_eye) { transformation: [0.049666943107471564f,-0.06697617725638622f,0.996517629770031f,2.0479523482790096f,0f,0.9977490158854793f,0.06705893899815124f,1.2523523812497703f,-0.998765835800544f,-0.0033306125080685835f,0.049555143607519836f,0.1099994592231785f,0f,0f,0f,1f], start_interpolation: 0, interpolation_duration: 1 }
$data merge entity $(bone_right_eye) { transformation: [0.049666943107471564f,-0.06697617725638622f,0.996517629770031f,2.0603690840558775f,0f,0.9977490158854793f,0.06705893899815124f,1.2523523812497703f,-0.998765835800544f,-0.0033306125080685835f,0.049555143607519836f,-0.1396919997269575f,0f,0f,0f,1f], start_interpolation: 0, interpolation_duration: 1 }
$data merge entity $(bone_right_close) { transformation: [0.049666943107471564f,-0.06697617725638622f,0.996517629770031f,2.0561830729773534f,0f,0.9977490158854793f,0.06705893899815124f,1.3147116947426127f,-0.998765835800544f,-0.0033306125080685835f,0.049555143607519836f,-0.13990016300871178f,0f,0f,0f,1f], start_interpolation: 0, interpolation_duration: 1 }
$data merge entity $(bone_left_close) { transformation: [0.049666943107471564f,-0.06697617725638622f,0.996517629770031f,2.0437663372004855f,0f,0.9977490158854793f,0.06705893899815124f,1.3147116947426127f,-0.998765835800544f,-0.0033306125080685835f,0.049555143607519836f,0.10979129594142421f,0f,0f,0f,1f], start_interpolation: 0, interpolation_duration: 1 }
$data merge entity $(bone_left_eyebrow) { transformation: [0.049666943107471564f,-0.06697617725638622f,0.996517629770031f,2.0453784592800344f,0f,0.9977490158854793f,0.06705893899815124f,1.2897637781617886f,-0.998765835800544f,-0.0033306125080685835f,0.049555143607519836f,0.10987146405765046f,0f,0f,0f,1f], start_interpolation: 0, interpolation_duration: 1 }
$data merge entity $(bone_right_eyebrow) { transformation: [0.049666943107471564f,-0.06697617725638622f,0.996517629770031f,2.0577951950569022f,0f,0.9977490158854793f,0.06705893899815124f,1.2897637781617886f,-0.998765835800544f,-0.0033306125080685835f,0.049555143607519836f,-0.13981999489248553f,0f,0f,0f,1f], start_interpolation: 0, interpolation_duration: 1 }
$data merge entity $(bone_talking) { transformation: [0.049666943107471564f,-0.06697617725638622f,0.996517629770031f,2.3823165197846747f,0f,0.9977490158854793f,0.06705893899815124f,1.0238710457153228f,-0.998765835800544f,-0.0033306125080685835f,0.049555143607519836f,0.0014723652524775974f,0f,0f,0f,1f], start_interpolation: 0, interpolation_duration: 1 }
$data merge entity $(bone_m_opened) { transformation: [0.049666943107471564f,-0.06697617725638622f,0.996517629770031f,2.3823165197846747f,0f,0.9977490158854793f,0.06705893899815124f,1.0238710457153228f,-0.998765835800544f,-0.0033306125080685835f,0.049555143607519836f,0.0014723652524775974f,0f,0f,0f,1f], start_interpolation: 0, interpolation_duration: 1 }
$data merge entity $(bone_head) { transformation: [0.049666943107471564f,-0.06697617725638622f,0.996517629770031f,2.3200341679240477f,0f,0.9977490158854793f,0.06705893899815124f,1.0196798620279384f,-0.998765835800544f,-0.0033306125080685835f,0.049555143607519836f,-0.0016248312229923923f,0f,0f,0f,1f], start_interpolation: 0, interpolation_duration: 1 }
$data merge entity $(item_display_r_item) { transformation: [0.02172928760951881f,-0.43603846408037905f,0.02836451837078799f,2.1758976230416365f,0f,0.028399568101018284f,0.4365772721199257f,0.27923117933060315f,-0.436960053162738f,-0.02168345853639548f,0.0014105197331500394f,-0.3216786517645862f,0f,0f,0f,1f], start_interpolation: 0, interpolation_duration: 1 }
$data merge entity $(bone_rightarm) { transformation: [0.049666943107471564f,0.06483318484751519f,0.9966593464694379f,2.3410007818800134f,0f,0.9978909077026873f,-0.064913298516613f,0.8947988343302061f,-0.998765835800544f,0.0032240451043429362f,0.049562190940332526f,-0.3134683497068303f,0f,0f,0f,1f], start_interpolation: 0, interpolation_duration: 1 }
$data merge entity $(item_display_l_item) { transformation: [0.02172928760951881f,-0.43190707541465606f,-0.06625983901837823f,2.281213833774197f,0f,-0.06634171558868827f,0.4324407783416703f,0.25807151795962335f,-0.436960053162738f,-0.02147801153524646f,-0.0032949902137954404f,0.3093308518210042f,0f,0f,0f,1f], start_interpolation: 0, interpolation_duration: 1 }
$data merge entity $(bone_leftarm) { transformation: [0.049666943107471564f,-0.1514510606134362f,0.9872161723763567f,2.3099589424378437f,0f,0.9884360647809606f,0.15163820705985914f,0.8947988343302061f,-0.998765835800544f,-0.007531406202961018f,0.04909259779484905f,0.3107602976685097f,0f,0f,0f,1f], start_interpolation: 0, interpolation_duration: 1 }
$data merge entity $(bone_body) { transformation: [0.049666943107471564f,-0.0435655538790475f,0.9978152320332513f,2.352708333333333f,0f,0.9990482215818578f,0.043619387365336f,0.27039369584154505f,-0.998765835800544f,-0.002166441630656907f,0.049619671182926775f,2.8812367297439705e-16f,0f,0f,0f,1f], start_interpolation: 0, interpolation_duration: 1 }
$data merge entity $(bone_leftleg) { transformation: [0.049666943107471564f,0.07401702814992435f,0.996019414623135f,2.3464999654448992f,0f,0.9972501850994857f,-0.07410849019539925f,0.5897916666666666f,-0.998765835800544f,0.003680742166315509f,0.049530368207251645f,0.12484572947506829f,0f,0f,0f,1f], start_interpolation: 0, interpolation_duration: 1 }
$data merge entity $(bone_rightleg) { transformation: [0.049666943107471564f,0.06290632847882761f,0.9967828191736017f,2.358916701221767f,0f,0.9980145329807433f,-0.06298406115223805f,0.2630272916666664f,-0.998765835800544f,0.003128225781925717f,0.049568331029984376f,-0.12484572947506771f,0f,0f,0f,1f], start_interpolation: 0, interpolation_duration: 1 }
data modify entity @s data merge value {"locators":{},"cameras":{"camera":{"posx":6.125,"posy":0.6260910458716226,"posz":1.7566605052780424,"roty":103.97364039077627,"rotx":-5.924348887743401}}}