# This file was generated by Animated Java via MC-Build. It is not recommended to edit this file directly.
$data merge entity $(bone_left_eye) { transformation: [0.04472428213450898f,-0.06670383997729906f,0.9967699515534343f,2.0015536559653935f,0f,0.997768349832102f,0.0667706527849184f,1.2512783393802551f,-0.9989993686622394f,-0.0029862695134580276f,0.04462447318277439f,0.1115091010684258f,0f,0f,0f,1f], start_interpolation: 0, interpolation_duration: 1 }
$data merge entity $(bone_right_eye) { transformation: [0.04472428213450898f,-0.06670383997729906f,0.9967699515534343f,2.012734726499021f,0f,0.997768349832102f,0.0667706527849184f,1.2512783393802551f,-0.9989993686622394f,-0.0029862695134580276f,0.04462447318277439f,-0.13824074109713402f,0f,0f,0f,1f], start_interpolation: 0, interpolation_duration: 1 }
$data merge entity $(bone_right_close) { transformation: [0.04472428213450898f,-0.06670383997729906f,0.9967699515534343f,2.0085657365004397f,0f,0.997768349832102f,0.0667706527849184f,1.3136388612447616f,-0.9989993686622394f,-0.0029862695134580276f,0.04462447318277439f,-0.13842738294172516f,0f,0f,0f,1f], start_interpolation: 0, interpolation_duration: 1 }
$data merge entity $(bone_left_close) { transformation: [0.04472428213450898f,-0.06670383997729906f,0.9967699515534343f,1.9973846659668124f,0f,0.997768349832102f,0.0667706527849184f,1.3136388612447616f,-0.9989993686622394f,-0.0029862695134580276f,0.04462447318277439f,0.11132245922383469f,0f,0f,0f,1f], start_interpolation: 0, interpolation_duration: 1 }
$data merge entity $(bone_left_eyebrow) { transformation: [0.04472428213450898f,-0.06670383997729906f,0.9967699515534343f,1.9989899638442727f,0f,0.997768349832102f,0.0667706527849184f,1.2886904793331602f,-0.9989993686622394f,-0.0029862695134580276f,0.04462447318277439f,0.11139432693209719f,0f,0f,0f,1f], start_interpolation: 0, interpolation_duration: 1 }
$data merge entity $(bone_right_eyebrow) { transformation: [0.04472428213450898f,-0.06670383997729906f,0.9967699515534343f,2.0101710343779002f,0f,0.997768349832102f,0.0667706527849184f,1.2886904793331602f,-0.9989993686622394f,-0.0029862695134580276f,0.04462447318277439f,-0.13835551523346265f,0f,0f,0f,1f], start_interpolation: 0, interpolation_duration: 1 }
$data merge entity $(bone_talking) { transformation: [0.04472428213450898f,-0.06670383997729906f,0.9967699515534343f,2.33531076108698f,0f,0.997768349832102f,0.0667706527849184f,1.0227020809175167f,-0.9989993686622394f,-0.0029862695134580276f,0.04462447318277439f,0.0013258952336273892f,0f,0f,0f,1f], start_interpolation: 0, interpolation_duration: 1 }
$data merge entity $(bone_m_opened) { transformation: [0.04472428213450898f,-0.06670383997729906f,0.9967699515534343f,2.33531076108698f,0f,0.997768349832102f,0.0667706527849184f,1.0227020809175167f,-0.9989993686622394f,-0.0029862695134580276f,0.04462447318277439f,0.0013258952336273892f,0f,0f,0f,1f], start_interpolation: 0, interpolation_duration: 1 }
$data merge entity $(bone_head) { transformation: [0.04472428213450898f,-0.06670383997729906f,0.9967699515534343f,2.2730126391148904f,0f,0.997768349832102f,0.0667706527849184f,1.0185289151184593f,-0.9989993686622394f,-0.0029862695134580276f,0.04462447318277439f,-0.0014631343402960102f,0f,0f,0f,1f], start_interpolation: 0, interpolation_duration: 1 }
$data merge entity $(item_display_r_item) { transformation: [0.01956687343384768f,-0.4361326659713115f,0.028490088395443383f,2.127126485422985f,0f,0.028518625025353603f,0.4365695111052343f,0.27812533584906485f,-0.4370622237897297f,-0.019525257985995147f,0.0012754750317221827f,-0.3208073336508934f,0f,0f,0f,1f], start_interpolation: 0, interpolation_duration: 1 }
$data merge entity $(bone_rightarm) { transformation: [0.04472428213450898f,0.06512020204672751f,0.9968746650772835f,2.2924359448368503f,0f,0.9978731682405355f,-0.06518542862937944f,0.8936478874207271f,-0.9989993686622394f,0.002915371501079265f,0.04462916111084605f,-0.3134065813238631f,0f,0f,0f,1f], start_interpolation: 0, interpolation_duration: 1 }
$data merge entity $(item_display_l_item) { transformation: [0.01956687343384768f,-0.43198997469018746f,-0.06639314144695162f,2.2359049063726597f,0f,-0.06645964304848233f,0.4324226703653131f,0.2569127460278561f,-0.4370622237897297f,-0.01933979351077604f,-0.002972359826259082f,0.30968859712447067f,0f,0f,0f,1f], start_interpolation: 0, interpolation_duration: 1 }
$data merge entity $(bone_leftarm) { transformation: [0.04472428213450898f,-0.1517557518787468f,0.9874056564347142f,2.264483268502782f,0f,0.9883946751207158f,0.1519077555393884f,0.8936478874207271f,-0.9989993686622394f,-0.006793965317163626f,0.044205242310345234f,0.31096802409003654f,0f,0f,0f,1f], start_interpolation: 0, interpolation_duration: 1 }
$data merge entity $(bone_body) { transformation: [0.04472428213450898f,-0.04357574043940433f,0.9980485426234089f,2.305694444444444f,0f,0.9990482215818578f,0.043619387365336f,0.269242748932066f,-0.9989993686622394f,-0.0019508457870617234f,0.04468171452800645f,2.823661321200723e-16f,0f,0f,0f,1f], start_interpolation: 0, interpolation_duration: 1 }
$data merge entity $(bone_leftleg) { transformation: [0.04472428213450898f,0.15627793181220678f,0.9867000286895973f,2.30010390917763f,0f,0.9876883405951375f,-0.15643446504023187f,0.6036805555555558f,-0.9989993686622394f,0.0069964191500203115f,0.04417365200574193f,0.1248749210827802f,0f,0f,0f,1f], start_interpolation: 0, interpolation_duration: 1 }
$data merge entity $(bone_rightleg) { transformation: [0.04472428213450898f,0.03873657140520364f,0.9982480736887611f,2.3112849797112576f,0f,0.99924795250423f,-0.038775371256816515f,0.2563872222222219f,-0.9989993686622394f,0.0017342006439601918f,0.04469064735012961f,-0.12487492108277964f,0f,0f,0f,1f], start_interpolation: 0, interpolation_duration: 1 }
data modify entity @s data merge value {"locators":{},"cameras":{"camera":{"posx":6.125,"posy":0.6276097121054507,"posz":1.756852110634448,"roty":103.86469541116249,"rotx":-5.9096417129557866}}}