# This file was generated by Animated Java via MC-Build. It is not recommended to edit this file directly.
$data merge entity $(bone_left_eye) { transformation: [0.039872927587739984f,-0.06643297163846773f,0.9969938866035568f,1.9551512004789862f,0f,0.9977873684089893f,0.06648584393285613f,1.249135418833204f,-0.999204758618364f,-0.002650985240744554f,0.03978470348853327f,0.11298724813959661f,0f,0f,0f,1f], start_interpolation: 0, interpolation_duration: 1 }
$data merge entity $(bone_right_eye) { transformation: [0.039872927587739984f,-0.06643297163846773f,0.9969938866035568f,1.9651194323759213f,0f,0.9977873684089893f,0.06648584393285613f,1.249135418833204f,-0.999204758618364f,-0.002650985240744554f,0.03978470348853327f,-0.1368139415149944f,0f,0f,0f,1f], start_interpolation: 0, interpolation_duration: 1 }
$data merge entity $(bone_right_close) { transformation: [0.039872927587739984f,-0.06643297163846773f,0.9969938866035568f,1.9609673716485172f,0f,0.9977873684089893f,0.06648584393285613f,1.3114971293587658f,-0.999204758618364f,-0.002650985240744554f,0.03978470348853327f,-0.13697962809254094f,0f,0f,0f,1f], start_interpolation: 0, interpolation_duration: 1 }
$data merge entity $(bone_left_close) { transformation: [0.039872927587739984f,-0.06643297163846773f,0.9969938866035568f,1.950999139751582f,0f,0.9977873684089893f,0.06648584393285613f,1.3114971293587658f,-0.999204758618364f,-0.002650985240744554f,0.03978470348853327f,0.11282156156205007f,0f,0f,0f,1f], start_interpolation: 0, interpolation_duration: 1 }
$data merge entity $(bone_left_eyebrow) { transformation: [0.039872927587739984f,-0.06643297163846773f,0.9969938866035568f,1.9525976519246309f,0f,0.9977873684089893f,0.06648584393285613f,1.2865482897832954f,-0.999204758618364f,-0.002650985240744554f,0.03978470348853327f,0.11288534964910064f,0f,0f,0f,1f], start_interpolation: 0, interpolation_duration: 1 }
$data merge entity $(bone_right_eyebrow) { transformation: [0.039872927587739984f,-0.06643297163846773f,0.9969938866035568f,1.9625658838215658f,0f,0.9977873684089893f,0.06648584393285613f,1.2865482897832954f,-0.999204758618364f,-0.002650985240744554f,0.03978470348853327f,-0.13691584000549034f,0f,0f,0f,1f], start_interpolation: 0, interpolation_duration: 1 }
$data merge entity $(bone_talking) { transformation: [0.039872927587739984f,-0.06643297163846773f,0.9969938866035568f,2.288304148900682f,0f,0.9977873684089893f,0.06648584393285613f,1.0204654029599742f,-0.999204758618364f,-0.002650985240744554f,0.03978470348853327f,0.0011821194626538889f,0f,0f,0f,1f], start_interpolation: 0, interpolation_duration: 1 }
$data merge entity $(bone_m_opened) { transformation: [0.039872927587739984f,-0.06643297163846773f,0.9969938866035568f,2.288304148900682f,0f,0.9977873684089893f,0.06648584393285613f,1.0204654029599742f,-0.999204758618364f,-0.002650985240744554f,0.03978470348853327f,0.0011821194626538889f,0f,0f,0f,1f], start_interpolation: 0, interpolation_duration: 1 }
$data merge entity $(bone_head) { transformation: [0.039872927587739984f,-0.06643297163846773f,0.9969938866035568f,2.22599203098796f,0f,0.9977873684089893f,0.06648584393285613f,1.0163100377141707f,-0.999204758618364f,-0.002650985240744554f,0.03978470348853327f,-0.0013044245053794403f,0f,0f,0f,1f], start_interpolation: 0, interpolation_duration: 1 }
$data merge entity $(item_display_r_item) { transformation: [0.017444405819636244f,-0.4362176644863361f,0.02856732216512782f,2.0784563296264973f,0f,0.028590058162482012f,0.4365648389120062f,0.2759335424742816f,-0.43715208189553423f,-0.017407118209291795f,0.0011399693188419199f,-0.31994049743324576f,0f,0f,0f,1f], start_interpolation: 0, interpolation_duration: 1 }
$data merge entity $(bone_rightarm) { transformation: [0.039872927587739984f,0.0652967363774348f,0.9970689473973396f,2.2439004082870615f,0f,0.9978624889417285f,-0.06534870437138723f,0.8914290100164385f,-0.999204758618364f,0.002605644157352951f,0.03978769876409553f,-0.31333850748938824f,0f,0f,0f,1f], start_interpolation: 0, interpolation_duration: 1 }
$data merge entity $(item_display_l_item) { transformation: [0.017444405819636244f,-0.4320679183936386f,-0.06647748942753433f,2.190499693900162f,0f,-0.06653039715248665f,0.4324117901430677f,0.25468919633991705f,-0.43715208189553423f,-0.01724152399645956f,-0.002652761708044683f,0.3100279765167361f,0f,0f,0f,1f], start_interpolation: 0, interpolation_duration: 1 }
$data merge entity $(bone_leftarm) { transformation: [0.039872927587739984f,-0.15194854726293583f,0.987583813471174f,2.218979828544724f,0f,0.9883698060412975f,0.152069479205684f,0.8914290100164385f,-0.999204758618364f,-0.00606345533267357f,0.03940919770619328f,0.31116446664708924f,0f,0f,0f,1f], start_interpolation: 0, interpolation_duration: 1 }
$data merge entity $(bone_body) { transformation: [0.039872927587739984f,-0.04358469942346147f,0.998253737093806f,2.2586805555555562f,0f,0.9990482215818578f,0.043619387365336f,0.2670238715277774f,-0.999204758618364f,-0.0017392326738396226f,0.03983497739579383f,2.7660859126574776e-16f,0f,0f,0f,1f], start_interpolation: 0, interpolation_duration: 1 }
$data merge entity $(bone_leftleg) { transformation: [0.039872927587739984f,0.23749687466876324f,0.9705696184036222f,2.2536964396070887f,0f,0.9713420698132617f,-0.2376858923261721f,0.6175694444444442f,-0.999204758618364f,0.009477232373348823f,0.03873025201258966f,0.12490059482729578f,0f,0f,0f,1f], start_interpolation: 0, interpolation_duration: 1 }
$data merge entity $(bone_rightleg) { transformation: [0.039872927587739984f,0.014532331742320126f,0.9990990746566198f,2.263664671504024f,0f,0.9998942319271075f,-0.014543897651582944f,0.2503559027777774f,-0.999204758618364f,0.0005799077779050683f,0.03986871030502845f,-0.12490059482729522f,0f,0f,0f,1f], start_interpolation: 0, interpolation_duration: 1 }
data modify entity @s data merge value {"locators":{},"cameras":{"camera":{"posx":6.125,"posy":0.6291251858096872,"posz":1.756938697395061,"roty":103.75642439062011,"rotx":-5.8949342809205145}}}