# This file was generated by Animated Java via MC-Build. It is not recommended to edit this file directly.
$data merge entity $(bone_left_eye) { transformation: [0.03514561420057806f,-0.06616769077181148f,0.9971893614055408f,1.9087398722988647f,0f,0.9978058037715526f,0.0662085943047126f,1.246734645699589f,-0.9993822020640873f,-0.002326941712196019f,0.03506849782645268f,0.11442414275334327f,0f,0f,0f,1f], start_interpolation: 0, interpolation_duration: 1 }
$data merge entity $(bone_right_eye) { transformation: [0.03514561420057806f,-0.06616769077181148f,0.9971893614055408f,1.9175262758490093f,0f,0.9978058037715526f,0.0662085943047126f,1.246734645699589f,-0.9993822020640873f,-0.002326941712196019f,0.03506849782645268f,-0.13542140776267858f,0f,0f,0f,1f], start_interpolation: 0, interpolation_duration: 1 }
$data merge entity $(bone_right_close) { transformation: [0.03514561420057806f,-0.06616769077181148f,0.9971893614055408f,1.913390795175771f,0f,0.9978058037715526f,0.0662085943047126f,1.309097508435311f,-0.9993822020640873f,-0.002326941712196019f,0.03506849782645268f,-0.13556684161969082f,0f,0f,0f,1f], start_interpolation: 0, interpolation_duration: 1 }
$data merge entity $(bone_left_close) { transformation: [0.03514561420057806f,-0.06616769077181148f,0.9971893614055408f,1.9046043916256263f,0f,0.9978058037715526f,0.0662085943047126f,1.309097508435311f,-0.9993822020640873f,-0.002326941712196019f,0.03506849782645268f,0.11427870889633102f,0f,0f,0f,1f], start_interpolation: 0, interpolation_duration: 1 }
$data merge entity $(bone_left_eyebrow) { transformation: [0.03514561420057806f,-0.06616769077181148f,0.9971893614055408f,1.9061962595598338f,0f,0.9978058037715526f,0.0662085943047126f,1.2841482253038783f,-0.9993822020640873f,-0.002326941712196019f,0.03506849782645268f,0.11433469065802176f,0f,0f,0f,1f], start_interpolation: 0, interpolation_duration: 1 }
$data merge entity $(bone_right_eyebrow) { transformation: [0.03514561420057806f,-0.06616769077181148f,0.9971893614055408f,1.9149826631099782f,0f,0.9978058037715526f,0.0662085943047126f,1.2841482253038783f,-0.9993822020640873f,-0.002326941712196019f,0.03506849782645268f,-0.13551085985800007f,0f,0f,0f,1f], start_interpolation: 0, interpolation_duration: 1 }
$data merge entity $(bone_talking) { transformation: [0.03514561420057806f,-0.06616769077181148f,0.9971893614055408f,2.241296672206121f,0f,0.9978058037715526f,0.0662085943047126f,1.0179733804769233f,-0.9993822020640873f,-0.002326941712196019f,0.03506849782645268f,0.0010420084941478124f,0f,0f,0f,1f], start_interpolation: 0, interpolation_duration: 1 }
$data merge entity $(bone_m_opened) { transformation: [0.03514561420057806f,-0.06616769077181148f,0.9971893614055408f,2.241296672206121f,0f,0.9978058037715526f,0.0662085943047126f,1.0179733804769233f,-0.9993822020640873f,-0.002326941712196019f,0.03506849782645268f,0.0010420084941478124f,0f,0f,0f,1f], start_interpolation: 0, interpolation_duration: 1 }
$data merge entity $(bone_head) { transformation: [0.03514561420057806f,-0.06616769077181148f,0.9971893614055408f,2.178972337118275f,0f,0.9978058037715526f,0.0662085943047126f,1.0138353433328788f,-0.9993822020640873f,-0.002326941712196019f,0.03506849782645268f,-0.0011497726200054802f,0f,0f,0f,1f], start_interpolation: 0, interpolation_duration: 1 }
$data merge entity $(item_display_r_item) { transformation: [0.015376206212752902f,-0.43629357102427896f,0.028596191448957423f,2.029897388403812f,0f,0.028613869038187686f,0.436563278916889f,0.27346787976478715f,-0.43722971340303823f,-0.015343284574952333f,0.00100565200200201f,-0.3190855233050211f,0f,0f,0f,1f], start_interpolation: 0, interpolation_duration: 1 }
$data merge entity $(bone_rightarm) { transformation: [0.03514561420057806f,0.06536272331190246f,0.9972424480554948f,2.1954043964806877f,0f,0.9978589232386035f,-0.06540312923014306f,0.8889543156351465f,-0.9993822020640873f,0.0022986331474331577f,0.03507036474274819f,-0.31326508199503184f,0f,0f,0f,1f], start_interpolation: 0, interpolation_duration: 1 }
$data merge entity $(item_display_l_item) { transformation: [0.015376206212752902f,-0.43214101996041304f,-0.06651286454571688f,2.144987902681947f,0f,-0.06655398145808847f,0.43240816082964534f,0.2522129483190564f,-0.43722971340303823f,-0.015197250397700222f,-0.002339080555838402f,0.3103482664040204f,0f,0f,0f,1f], start_interpolation: 0, interpolation_duration: 1 }
$data merge entity $(bone_leftarm) { transformation: [0.03514561420057806f,-0.15202940467592452f,0.9877509027666583f,2.1734383876053265f,0f,0.9883615104677608f,0.15212338618991672f,0.8889543156351465f,-0.9993822020640873f,-0.005346469841916356f,0.03473657233760051f,0.31134879429502277f,0f,0f,0f,1f], start_interpolation: 0, interpolation_duration: 1 }
$data merge entity $(bone_body) { transformation: [0.03514561420057806f,-0.04359243939785592f,0.9984310116526873f,2.211666666666667f,0f,0.9990482215818578f,0.043619387365336f,0.26454917714648546f,-0.9993822020640873f,-0.001533030160007668f,0.035112163363489594f,2.7085105041142297e-16f,0f,0f,0f,1f], start_interpolation: 0, interpolation_duration: 1 }
$data merge entity $(bone_leftleg) { transformation: [0.03514561420057806f,0.3171086262433096f,0.9477377828094358f,2.207273464891595f,0f,0.9483236552061993f,-0.31730465640509214f,0.6314583333333332f,-0.9993822020640873f,0.01115186703806035f,0.03332941732315909f,0.1249227752580112f,0f,0f,0f,1f], start_interpolation: 0, interpolation_duration: 1 }
$data merge entity $(bone_rightleg) { transformation: [0.03514561420057806f,-0.009690131442014466f,0.9993352226130633f,2.216059868441739f,0f,0.9999529915072262f,0.009696121685978422f,0.24634333333333286f,-0.9993822020640873f,-0.0003407761520172561f,0.03514396205822688f,-0.12492277525801064f,0f,0f,0f,1f], start_interpolation: 0, interpolation_duration: 1 }
data modify entity @s data merge value {"locators":{},"cameras":{"camera":{"posx":6.125,"posy":0.6306374401938744,"posz":1.7569215515018701,"roty":103.64883320236902,"rotx":-5.880251331848304}}}