# This file was generated by Animated Java via MC-Build. It is not recommended to edit this file directly.
$data merge entity $(bone_left_eye) { transformation: [0.030575082649111917f,-0.06591215591849618f,0.9973568829777915f,1.8623143871338153f,0f,0.9978233924850349f,0.06594298605352979f,1.2448571188487403f,-0.9995324728696913f,-0.0020162122487159075f,0.03050853269444718f,0.11581012309257183f,0f,0f,0f,1f], start_interpolation: 0, interpolation_duration: 1 }
$data merge entity $(bone_right_eye) { transformation: [0.030575082649111917f,-0.06591215591849618f,0.9973568829777915f,1.869958157796093f,0f,0.9978233924850349f,0.06594298605352979f,1.2448571188487403f,-0.9995324728696913f,-0.0020162122487159075f,0.03050853269444718f,-0.134072995124851f,0f,0f,0f,1f], start_interpolation: 0, interpolation_duration: 1 }
$data merge entity $(bone_right_close) { transformation: [0.030575082649111917f,-0.06591215591849618f,0.9973568829777915f,1.865838648051187f,0f,0.9978233924850349f,0.06594298605352979f,1.307221080879055f,-0.9995324728696913f,-0.0020162122487159075f,0.03050853269444718f,-0.13419900839039575f,0f,0f,0f,1f], start_interpolation: 0, interpolation_duration: 1 }
$data merge entity $(bone_left_close) { transformation: [0.030575082649111917f,-0.06591215591849618f,0.9973568829777915f,1.8581948773889092f,0f,0.9978233924850349f,0.06594298605352979f,1.307221080879055f,-0.9995324728696913f,-0.0020162122487159075f,0.03050853269444718f,0.11568410982702708f,0f,0f,0f,1f], start_interpolation: 0, interpolation_duration: 1 }
$data merge entity $(bone_left_eyebrow) { transformation: [0.030575082649111917f,-0.06591215591849618f,0.9973568829777915f,1.859780346481685f,0f,0.9978233924850349f,0.06594298605352979f,1.282271374630301f,-0.9995324728696913f,-0.0020162122487159075f,0.03050853269444718f,0.11573260834995158f,0f,0f,0f,1f], start_interpolation: 0, interpolation_duration: 1 }
$data merge entity $(bone_right_eyebrow) { transformation: [0.030575082649111917f,-0.06591215591849618f,0.9973568829777915f,1.8674241171439632f,0f,0.9978233924850349f,0.06594298605352979f,1.282271374630301f,-0.9995324728696913f,-0.0020162122487159075f,0.03050853269444718f,-0.13415050986747123f,0f,0f,0f,1f], start_interpolation: 0, interpolation_duration: 1 }
$data merge entity $(bone_talking) { transformation: [0.030575082649111917f,-0.06591215591849618f,0.9973568829777915f,2.194288337375138f,0f,0.9978233924850349f,0.06594298605352979f,1.0160084538692096f,-0.9995324728696913f,-0.0020162122487159075f,0.03050853269444718f,0.0009065335130541319f,0f,0f,0f,1f], start_interpolation: 0, interpolation_duration: 1 }
$data merge entity $(bone_m_opened) { transformation: [0.030575082649111917f,-0.06591215591849618f,0.9973568829777915f,2.194288337375138f,0f,0.9978233924850349f,0.06594298605352979f,1.0160084538692096f,-0.9995324728696913f,-0.0020162122487159075f,0.03050853269444718f,0.0009065335130541319f,0f,0f,0f,1f], start_interpolation: 0, interpolation_duration: 1 }
$data merge entity $(bone_head) { transformation: [0.030575082649111917f,-0.06591215591849618f,0.9973568829777915f,2.131953532189026f,0f,0.9978233924850349f,0.06594298605352979f,1.011887017240864f,-0.9995324728696913f,-0.0020162122487159075f,0.03050853269444718f,-0.001000249780348817f,0f,0f,0f,1f], start_interpolation: 0, interpolation_duration: 1 }
$data merge entity $(item_display_r_item) { transformation: [0.013376598658986464f,-0.436360733005676f,0.028576691534633936f,1.9814597795877098f,0f,0.028590058162482f,0.4365648389120062f,0.2715105220009749f,-0.43729545688048993f,-0.013348006031430819f,0.000874143391260804f,-0.31824993153761244f,0f,0f,0f,1f], start_interpolation: 0, interpolation_duration: 1 }
$data merge entity $(bone_rightarm) { transformation: [0.030575082649111917f,0.06531815207916306f,0.9973959611558308f,2.1469581197816656f,0f,0.9978624889417285f,-0.0653487043713872f,0.8870059895431318f,-0.9995324728696913f,0.0019980420371675453f,0.030509728071841873f,-0.3131874392554025f,0f,0f,0f,1f], start_interpolation: 0, interpolation_duration: 1 }
$data merge entity $(item_display_l_item) { transformation: [0.013376598658986464f,-0.43220962589971046f,-0.06649929238682765f,2.099359217707236f,0f,-0.06653039715248665f,0.4324117901430677f,0.2502661758666104f,-0.43729545688048993f,-0.013221026222074732f,-0.0020341723916155194f,0.31064888078415537f,0f,0f,0f,1f], start_interpolation: 0, interpolation_duration: 1 }
$data merge entity $(bone_leftarm) { transformation: [0.030575082649111917f,-0.15199838259846343f,0.9879077163421953f,2.1278486931259706f,0f,0.9883698060412975f,0.152069479205684f,0.8870059895431318f,-0.9995324728696913f,-0.004649536895121194f,0.03021948850759939f,0.31152035628815455f,0f,0f,0f,1f], start_interpolation: 0, interpolation_duration: 1 }
$data merge entity $(bone_body) { transformation: [0.030575082649111917f,-0.04359899411833526f,0.9985811394337816f,2.1646527777777775f,0f,0.9990482215818578f,0.043619387365336f,0.26260085105447073f,-0.9995324728696913f,-0.0013336663737987763f,0.030545981945313577f,2.6509350955709823e-16f,0f,0f,0f,1f], start_interpolation: 0, interpolation_duration: 1 }
$data merge entity $(bone_leftleg) { transformation: [0.030575082649111917f,0.23969234956181973f,0.9703673231733098f,2.1608308924466386f,0f,0.9708212084269284f,-0.23980446465501512f,0.6401388888888889f,-0.9995324728696913f,0.007332041326453125f,0.029682938685164043f,0.12494155910871167f,0f,0f,0f,1f], start_interpolation: 0, interpolation_duration: 1 }
$data merge entity $(bone_rightleg) { transformation: [0.030575082649111917f,-0.0339145803540628f,0.998956938791862f,2.1684746631089165f,0f,0.9994241967185149f,0.03393044375706264f,0.2457595138888885f,-0.9995324728696913f,-0.0010374261221932338f,0.03055747741619088f,-0.12494155910871114f,0f,0f,0f,1f], start_interpolation: 0, interpolation_duration: 1 }
data modify entity @s data merge value {"locators":{},"cameras":{"camera":{"posx":6.125,"posy":0.6321464484675537,"posz":1.7568019588968653,"roty":103.54192769603694,"rotx":-5.865617619120274}}}
execute on vehicle unless entity @s[tag=aj.transforms_only] at @s run function animated_java:humanentity/animations/000_mur_0/zzz/frames/zzz/15