# This file was generated by Animated Java via MC-Build. It is not recommended to edit this file directly.
$data merge entity $(bone_left_eye) { transformation: [0.026194072002657564f,-0.06567056074220207f,0.9974974927505957f,1.8158693011213218f,0f,0.9978398751317697f,0.06569310159380656f,1.2445203033450343f,-0.9996568764290674f,-0.0017207698332260676f,0.026137489536324412f,0.1171356176812265f,0f,0f,0f,1f], start_interpolation: 0, interpolation_duration: 1 }
$data merge entity $(bone_right_eye) { transformation: [0.026194072002657564f,-0.06567056074220207f,0.9974974927505957f,1.8224178191219864f,0f,0.9978398751317697f,0.06569310159380656f,1.2445203033450343f,-0.9996568764290674f,-0.0017207698332260676f,0.026137489536324412f,-0.13277860142604037f,0f,0f,0f,1f], start_interpolation: 0, interpolation_duration: 1 }
$data merge entity $(bone_right_close) { transformation: [0.026194072002657564f,-0.06567056074220207f,0.9974974927505957f,1.8183134090755988f,0f,0.9978398751317697f,0.06569310159380656f,1.30688529554077f,-0.9996568764290674f,-0.0017207698332260676f,0.026137489536324412f,-0.13288614954061698f,0f,0f,0f,1f], start_interpolation: 0, interpolation_duration: 1 }
$data merge entity $(bone_left_close) { transformation: [0.026194072002657564f,-0.06567056074220207f,0.9974974927505957f,1.8117648910749342f,0f,0.9978398751317697f,0.06569310159380656f,1.30688529554077f,-0.9996568764290674f,-0.0017207698332260676f,0.026137489536324412f,0.11702806956664988f,0f,0f,0f,1f], start_interpolation: 0, interpolation_duration: 1 }
$data merge entity $(bone_left_eyebrow) { transformation: [0.026194072002657564f,-0.06567056074220207f,0.9974974927505957f,1.8133443115001924f,0f,0.9978398751317697f,0.06569310159380656f,1.2819351928436262f,-0.9996568764290674f,-0.0017207698332260676f,0.026137489536324412f,0.1170694552193845f,0f,0f,0f,1f], start_interpolation: 0, interpolation_duration: 1 }
$data merge entity $(bone_right_eyebrow) { transformation: [0.026194072002657564f,-0.06567056074220207f,0.9974974927505957f,1.8198928295008567f,0f,0.9978398751317697f,0.06569310159380656f,1.2819351928436262f,-0.9996568764290674f,-0.0017207698332260676f,0.026137489536324412f,-0.13284476388788236f,0f,0f,0f,1f], start_interpolation: 0, interpolation_duration: 1 }
$data merge entity $(bone_talking) { transformation: [0.026194072002657564f,-0.06567056074220207f,0.9974974927505957f,2.147279166791766f,0f,0.9978398751317697f,0.06569310159380656f,1.0155894288101563f,-0.9996568764290674f,-0.0017207698332260676f,0.026137489536324412f,0.000776666066000968f,0f,0f,0f,1f], start_interpolation: 0, interpolation_duration: 1 }
$data merge entity $(bone_m_opened) { transformation: [0.026194072002657564f,-0.06567056074220207f,0.9974974927505957f,2.147279166791766f,0f,0.9978398751317697f,0.06569310159380656f,1.0155894288101563f,-0.9996568764290674f,-0.0017207698332260676f,0.026137489536324412f,0.000776666066000968f,0f,0f,0f,1f], start_interpolation: 0, interpolation_duration: 1 }
$data merge entity $(bone_head) { transformation: [0.026194072002657564f,-0.06567056074220207f,0.9974974927505957f,2.0849355734948536f,0f,0.9978398751317697f,0.06569310159380656f,1.0114836099605435f,-0.9996568764290674f,-0.0017207698332260676f,0.026137489536324412f,-0.0008569270300193077f,0f,0f,0f,1f], start_interpolation: 0, interpolation_duration: 1 }
$data merge entity $(item_display_r_item) { transformation: [0.011459906501162685f,-0.43641971381562356f,0.028508839612896825f,1.933153513024183f,0f,0.028518625025353603f,0.4365695111052343f,0.27108003069114894f,-0.43734988343771697f,-0.011435533208055518f,0.0007470189173309042f,-0.31744134482663583f,0f,0f,0f,1f], start_interpolation: 0, interpolation_duration: 1 }
$data merge entity $(bone_rightarm) { transformation: [0.026194072002657564f,0.06516306197233537f,0.997530774435711f,2.0985717735613565f,0f,0.9978731682405355f,-0.06518542862937944f,0.8866025822628112f,-0.9996568764290674f,0.0017074718110420609f,0.02613836161841261f,-0.31310687974243295f,0f,0f,0f,1f], start_interpolation: 0, interpolation_duration: 1 }
$data merge entity $(item_display_l_item) { transformation: [0.011459906501162685f,-0.4322742959545053f,-0.06643683917843664f,2.053603307113318f,0f,-0.06645964304848233f,0.4324226703653131f,0.24986744086994017f,-0.43734988343771697f,-0.011326910563130472f,-0.0017408486752828662f,0.31092933454381533f,0f,0f,0f,1f], start_interpolation: 0, interpolation_duration: 1 }
$data merge entity $(bone_leftarm) { transformation: [0.026194072002657564f,-0.15185563240785538f,0.9880555336102977f,2.0822004785596957f,0f,0.9883946751207158f,0.1519077555393884f,0.8866025822628112f,-0.9996568764290674f,-0.003979082686360843f,0.025890081287155364f,0.31167866802573424f,0f,0f,0f,1f], start_interpolation: 0, interpolation_duration: 1 }
$data merge entity $(bone_body) { transformation: [0.026194072002657564f,-0.04360442052538131f,0.9987054245885348f,2.1176388888888895f,0f,0.9990482215818578f,0.043619387365336f,0.2621974437741501f,-0.9996568764290674f,-0.0011425693733594228f,0.02616914105024217f,2.593359687027736e-16f,0f,0f,0f,1f], start_interpolation: 0, interpolation_duration: 1 }
$data merge entity $(bone_leftleg) { transformation: [0.026194072002657564f,0.16068741104071527f,0.9866577048424403f,2.1143646298885574f,0f,0.9869963665602319f,-0.1607425656038261f,0.6488194444444442f,-0.9996568764290674f,0.004210502337318528f,0.025853453892040114f,0.12495710955363369f,0f,0f,0f,1f], start_interpolation: 0, interpolation_duration: 1 }
$data merge entity $(bone_rightleg) { transformation: [0.026194072002657564f,-0.05812487804914865f,0.997965615211111f,2.1209131478892216f,0f,0.9983081582712682f,0.05814482891047568f,0.250014444444444f,-0.9996568764290674f,-0.001523049835063205f,0.02614975577859806f,-0.12495710955363316f,0f,0f,0f,1f], start_interpolation: 0, interpolation_duration: 1 }
data modify entity @s data merge value {"locators":{},"cameras":{"camera":{"posx":6.125,"posy":0.6336521838402671,"posz":1.7565812055220356,"roty":103.43571369814461,"rotx":-5.851057908702402}}}