# This file was generated by Animated Java via MC-Build. It is not recommended to edit this file directly.
$data merge entity $(bone_left_eye) { transformation: [0.022035313164797798f,-0.0654471286825685f,0.9976127095827f,1.7693990290832198f,0f,0.9978549957514261f,0.06546302356232525f,1.247552077868175f,-0.9997571930092471f,-0.0014424982249103741f,0.021988047324440648f,0.11839113759332953f,0f,0f,0f,1f], start_interpolation: 0, interpolation_duration: 1 }
$data merge entity $(bone_right_eye) { transformation: [0.022035313164797798f,-0.0654471286825685f,0.9976127095827f,1.7749078573744193f,0f,0.9978549957514261f,0.06546302356232525f,1.247552077868175f,-0.9997571930092471f,-0.0014424982249103741f,0.021988047324440648f,-0.13154816065898225f,0f,0f,0f,1f], start_interpolation: 0, interpolation_duration: 1 }
$data merge entity $(bone_right_close) { transformation: [0.022035313164797798f,-0.0654471286825685f,0.9976127095827f,1.7708174118317588f,0f,0.9978549957514261f,0.06546302356232525f,1.3099180151026393f,-0.9997571930092471f,-0.0014424982249103741f,0.021988047324440648f,-0.13163831679803914f,0f,0f,0f,1f], start_interpolation: 0, interpolation_duration: 1 }
$data merge entity $(bone_left_close) { transformation: [0.022035313164797798f,-0.0654471286825685f,0.9976127095827f,1.7653085835405593f,0f,0.9978549957514261f,0.06546302356232525f,1.3099180151026393f,-0.9997571930092471f,-0.0014424982249103741f,0.021988047324440648f,0.11830098145427265f,0f,0f,0f,1f], start_interpolation: 0, interpolation_duration: 1 }
$data merge entity $(bone_left_eyebrow) { transformation: [0.022035313164797798f,-0.0654471286825685f,0.9976127095827f,1.7668824109632746f,0f,0.9978549957514261f,0.06546302356232525f,1.284967548769881f,-0.9997571930092471f,-0.0014424982249103741f,0.021988047324440648f,0.11833566965693763f,0f,0f,0f,1f], start_interpolation: 0, interpolation_duration: 1 }
$data merge entity $(bone_right_eyebrow) { transformation: [0.022035313164797798f,-0.0654471286825685f,0.9976127095827f,1.772391239254474f,0f,0.9978549957514261f,0.06546302356232525f,1.284967548769881f,-0.9997571930092471f,-0.0014424982249103741f,0.021988047324440648f,-0.13160362859537417f,0f,0f,0f,1f], start_interpolation: 0, interpolation_duration: 1 }
$data merge entity $(bone_talking) { transformation: [0.022035313164797798f,-0.0654471286825685f,0.9976127095827f,2.1002691971440552f,0f,0.9978549957514261f,0.06546302356232525f,1.0185455237935452f,-0.9997571930092471f,-0.0014424982249103741f,0.021988047324440648f,0.0006533778122889417f,0f,0f,0f,1f], start_interpolation: 0, interpolation_duration: 1 }
$data merge entity $(bone_m_opened) { transformation: [0.022035313164797798f,-0.0654471286825685f,0.9976127095827f,2.1002691971440552f,0f,0.9978549957514261f,0.06546302356232525f,1.0185455237935452f,-0.9997571930092471f,-0.0014424982249103741f,0.021988047324440648f,0.0006533778122889417f,0f,0f,0f,1f], start_interpolation: 0, interpolation_duration: 1 }
$data merge entity $(bone_head) { transformation: [0.022035313164797798f,-0.0654471286825685f,0.9976127095827f,2.0379184027951367f,0f,0.9978549957514261f,0.06546302356232525f,1.0144540848208998f,-0.9997571930092471f,-0.0014424982249103741f,0.021988047324440648f,-0.0007208751454885988f,0f,0f,0f,1f], start_interpolation: 0, interpolation_duration: 1 }
$data merge entity $(item_display_r_item) { transformation: [0.009640449509599037f,-0.4364712681062512f,0.028392672487348995f,1.8849885003952813f,0f,0.028399568101018284f,0.4365772721199257f,0.2740054021235645f,-0.4373937719415456f,-0.009620116911795708f,0.0006257933768509399f,-0.31666744747359693f,0f,0f,0f,1f], start_interpolation: 0, interpolation_duration: 1 }
$data merge entity $(bone_rightarm) { transformation: [0.022035313164797798f,0.06489753711394033f,0.9976486128142884f,2.05025553769328f,0f,0.9978909077026873f,-0.064913298516613f,0.8895730571231675f,-0.9997571930092471f,0.001430384861373572f,0.021988838655533048f,-0.31302485210329684f,0f,0f,0f,1f], start_interpolation: 0, interpolation_duration: 1 }
$data merge entity $(item_display_l_item) { transformation: [0.009640449509599037f,-0.4323357786976023f,-0.06632560735636482f,2.007709826417916f,0f,-0.06634171558868827f,0.4324407783416703f,0.2528457407525847f,-0.4373937719415456f,-0.009528967975987613f,-0.0014618604788866941f,0.3111892033613243f,0f,0f,0f,1f], start_interpolation: 0, interpolation_duration: 1 }
$data merge entity $(bone_leftarm) { transformation: [0.022035313164797798f,-0.1516013882431198f,0.9881960655945196f,2.036483466965281f,0f,0.9884360647809606f,0.15163820705985914f,0.8895730571231675f,-0.9997571930092471f,-0.0033413953803124487f,0.02178049823082883f,0.3118233935274826f,0f,0f,0f,1f], start_interpolation: 0, interpolation_duration: 1 }
$data merge entity $(bone_body) { transformation: [0.022035313164797798f,-0.04360879627315134f,0.9988056456895585f,2.070625f,0f,0.9990482215818578f,0.043619387365336f,0.2651679186345064f,-0.9997571930092471f,-0.0009611668606518031f,0.022014340429290537f,2.5357842784844884e-16f,0f,0f,0f,1f], start_interpolation: 0, interpolation_duration: 1 }
$data merge entity $(bone_leftleg) { transformation: [0.022035313164797798f,0.08061426505337368f,0.9965017738286438f,2.0678705858544006f,0f,0.9967437901888911f,-0.08063384351427022f,0.6574999999999998f,-0.9997571930092471f,0.001776791993518244f,0.021963561561879726f,0.12496964912615614f,0f,0f,0f,1f], start_interpolation: 0, interpolation_duration: 1 }
$data merge entity $(bone_rightleg) { transformation: [0.022035313164797798f,-0.08230506011213791f,0.9963635491394024f,2.0733794141455997f,0f,0.9966055319295779f,0.08232504920960007f,0.2605181249999997f,-0.9997571930092471f,-0.001814058240640927f,0.02196051499783814f,-0.12496964912615564f,0f,0f,0f,1f], start_interpolation: 0, interpolation_duration: 1 }
data modify entity @s data merge value {"locators":{},"cameras":{"camera":{"posx":6.125,"posy":0.6351546195215567,"posz":1.7562605773193702,"roty":103.33019701260086,"rotx":-5.836596978566976}}}