# This file was generated by Animated Java via MC-Build. It is not recommended to edit this file directly.
$data merge entity $(bone_left_eye) { transformation: [0.018131523539311255f,-0.06524610722488708f,0.9977044619255454f,1.751300643564602f,0f,0.9978685011142245f,0.06525683476886636f,1.2677863049949545f,-0.9998356104151038f,-0.0011832058357126457f,0.018092876217089802f,0.11956726632709892f,0f,0f,0f,1f], start_interpolation: 0, interpolation_duration: 1 }
$data merge entity $(bone_right_eye) { transformation: [0.018131523539311255f,-0.06524610722488708f,0.9977044619255454f,1.7558335244494299f,0f,0.9978685011142245f,0.06525683476886636f,1.2677863049949545f,-0.9998356104151038f,-0.0011832058357126457f,0.018092876217089802f,-0.13039163627667702f,0f,0f,0f,1f], start_interpolation: 0, interpolation_duration: 1 }
$data merge entity $(bone_right_close) { transformation: [0.018131523539311255f,-0.06524610722488708f,0.9977044619255454f,1.7517556427478744f,0f,0.9978685011142245f,0.06525683476886636f,1.3301530863145934f,-0.9998356104151038f,-0.0011832058357126457f,0.018092876217089802f,-0.13046558664140906f,0f,0f,0f,1f], start_interpolation: 0, interpolation_duration: 1 }
$data merge entity $(bone_left_close) { transformation: [0.018131523539311255f,-0.06524610722488708f,0.9977044619255454f,1.7472227618630465f,0f,0.9978685011142245f,0.06525683476886636f,1.3301530863145934f,-0.9998356104151038f,-0.0011832058357126457f,0.018092876217089802f,0.11949331596236688f,0f,0f,0f,1f], start_interpolation: 0, interpolation_duration: 1 }
$data merge entity $(bone_left_eyebrow) { transformation: [0.018131523539311255f,-0.06524610722488708f,0.9977044619255454f,1.7487915580147984f,0f,0.9978685011142245f,0.06525683476886636f,1.305202295234565f,-0.9998356104151038f,-0.0011832058357126457f,0.018092876217089802f,0.11952176530349613f,0f,0f,0f,1f], start_interpolation: 0, interpolation_duration: 1 }
$data merge entity $(bone_right_eyebrow) { transformation: [0.018131523539311255f,-0.06524610722488708f,0.9977044619255454f,1.753324438899626f,0f,0.9978685011142245f,0.06525683476886636f,1.305202295234565f,-0.9998356104151038f,-0.0011832058357126457f,0.018092876217089802f,-0.13043713730027984f,0f,0f,0f,1f], start_interpolation: 0, interpolation_duration: 1 }
$data merge entity $(bone_talking) { transformation: [0.018131523539311255f,-0.06524610722488708f,0.9977044619255454f,2.0816612551649705f,0f,0.9978685011142245f,0.06525683476886636f,1.0387119405816692f,-0.9998356104151038f,-0.0011832058357126457f,0.018092876217089802f,0.0005376403019796696f,0f,0f,0f,1f], start_interpolation: 0, interpolation_duration: 1 }
$data merge entity $(bone_m_opened) { transformation: [0.018131523539311255f,-0.06524610722488708f,0.9977044619255454f,2.0816612551649705f,0f,0.9978685011142245f,0.06525683476886636f,1.0387119405816692f,-0.9998356104151038f,-0.0011832058357126457f,0.018092876217089802f,0.0005376403019796696f,0f,0f,0f,1f], start_interpolation: 0, interpolation_duration: 1 }
$data merge entity $(bone_head) { transformation: [0.018131523539311255f,-0.06524610722488708f,0.9977044619255454f,2.019304726294624f,0f,0.9978685011142245f,0.06525683476886636f,1.034633388408615f,-0.9998356104151038f,-0.0011832058357126457f,0.018092876217089802f,-0.000593164461588443f,0f,0f,0f,1f], start_interpolation: 0, interpolation_duration: 1 }
$data merge entity $(item_display_r_item) { transformation: [0.007932541548448675f,-0.43651631246034434f,0.02822824366844654f,1.8653773456989668f,0f,0.028232884860669216f,0.4365880829940783f,0.29412163782239054f,-0.4374280795566079f,-0.007916007103789908f,0.0005119052164338883f,-0.31593594145441295f,0f,0f,0f,1f], start_interpolation: 0, interpolation_duration: 1 }
$data merge entity $(bone_rightarm) { transformation: [0.018131523539311255f,0.06452169981359188f,0.9977515713379299f,2.030422354499703f,0f,0.997915618272179f,-0.06453230825295798f,0.9097523607108826f,-0.9998356104151038f,0.0011700690661345977f,0.01809373052294836f,-0.3129429319727103f,0f,0f,0f,1f], start_interpolation: 0, interpolation_duration: 1 }
$data merge entity $(item_display_l_item) { transformation: [0.007932541548448675f,-0.4323949825601694f,-0.06616573011289828f,1.9900712002888685f,0f,-0.0661766088581583f,0.43246607547879906f,0.27303607892455295f,-0.4374280795566079f,-0.007841268827497402f,-0.0011998827412634911f,0.31142808021639257f,0f,0f,0f,1f], start_interpolation: 0, interpolation_duration: 1 }
$data merge entity $(bone_leftarm) { transformation: [0.018131523539311255f,-0.15123595454376773f,0.9883313887089586f,2.0190901522876334f,0f,0.9884938868086836f,0.1512608202472192f,0.9097523607108826f,-0.9998356104151038f,-0.0027425891228879838f,0.017922900177136922f,0.31195432453672967f,0f,0f,0f,1f], start_interpolation: 0, interpolation_duration: 1 }
$data merge entity $(bone_body) { transformation: [0.018131523539311255f,-0.04361221679235359f,0.9988839884594207f,2.0520138888888892f,0f,0.9990482215818578f,0.043619387365336f,0.28534722222222153f,-0.9998356104151038f,-0.0007908859487849257f,0.018114266346518502f,2.5129922408336907e-16f,0f,0f,0f,1f], start_interpolation: 0, interpolation_duration: 1 }
$data merge entity $(bone_leftleg) { transformation: [0.018131523539311255f,0f,0.9998356104151038f,2.0497474484464755f,0f,1f,0f,0.6747222222222216f,-0.9998356104151038f,0f,0.018131523539311255f,0.12497945130188823f,0f,0f,0f,1f], start_interpolation: 0, interpolation_duration: 1 }
$data merge entity $(bone_rightleg) { transformation: [0.018131523539311255f,-0.10643939638739482f,0.9941538627148367f,2.054280329331303f,0f,0.9943173181260185f,0.10645689679246786f,0.2872222222222216f,-0.9998356104151038f,-0.00193022573011466f,0.018028487859146743f,-0.12497945130188773f,0f,0f,0f,1f], start_interpolation: 0, interpolation_duration: 1 }
data modify entity @s data merge value {"locators":{},"cameras":{"camera":{"posx":6.125,"posy":0.6366537287209642,"posz":1.7558413602308587,"roty":103.22538342120575,"rotx":-5.822259618121849}}}