# This file was generated by Animated Java via MC-Build. It is not recommended to edit this file directly.
$data merge entity $(bone_left_eye) { transformation: [0.01451540309868994f,-0.065071761843363f,0.9977750091495995f,1.7331655657263363f,0f,0.9978801398271154f,0.06507861813696328f,1.3094991143155432f,-0.9998946459867072f,-0.0009446423753637361f,0.014484632473767661f,0.12065464729316148f,0f,0f,0f,1f], start_interpolation: 0, interpolation_duration: 1 }
$data merge entity $(bone_right_eye) { transformation: [0.01451540309868994f,-0.065071761843363f,0.9977750091495995f,1.7367944165010087f,0f,0.9978801398271154f,0.06507861813696328f,1.3094991143155432f,-0.9998946459867072f,-0.0009446423753637361f,0.014484632473767661f,-0.12931901420351533f,0f,0f,0f,1f], start_interpolation: 0, interpolation_duration: 1 }
$data merge entity $(bone_right_close) { transformation: [0.01451540309868994f,-0.065071761843363f,0.9977750091495995f,1.7327274313857985f,0f,0.9978801398271154f,0.06507861813696328f,1.3718666230547378f,-0.9998946459867072f,-0.0009446423753637361f,0.014484632473767661f,-0.12937805435197555f,0f,0f,0f,1f], start_interpolation: 0, interpolation_duration: 1 }
$data merge entity $(bone_left_close) { transformation: [0.01451540309868994f,-0.065071761843363f,0.9977750091495995f,1.729098580611126f,0f,0.9978801398271154f,0.06507861813696328f,1.3718666230547378f,-0.9998946459867072f,-0.0009446423753637361f,0.014484632473767661f,0.12059560714470124f,0f,0f,0f,1f], start_interpolation: 0, interpolation_duration: 1 }
$data merge entity $(bone_left_eyebrow) { transformation: [0.01451540309868994f,-0.065071761843363f,0.9977750091495995f,1.7306630137191383f,0f,0.9978801398271154f,0.06507861813696328f,1.3469155521454266f,-0.9998946459867072f,-0.0009446423753637361f,0.014484632473767661f,0.12061831791455574f,0f,0f,0f,1f], start_interpolation: 0, interpolation_duration: 1 }
$data merge entity $(bone_right_eyebrow) { transformation: [0.01451540309868994f,-0.065071761843363f,0.9977750091495995f,1.7342918644938108f,0f,0.9978801398271154f,0.06507861813696328f,1.3469155521454266f,-0.9998946459867072f,-0.0009446423753637361f,0.014484632473767661f,-0.12935534358212106f,0f,0f,0f,1f], start_interpolation: 0, interpolation_duration: 1 }
$data merge entity $(bone_talking) { transformation: [0.01451540309868994f,-0.065071761843363f,0.9977750091495995f,2.063052621933763f,0f,0.9978801398271154f,0.06507861813696328f,1.0803661475265653f,-0.9998946459867072f,-0.0009446423753637361f,0.014484632473767661f,0.00043042478671641163f,0f,0f,0f,1f], start_interpolation: 0, interpolation_duration: 1 }
$data merge entity $(bone_m_opened) { transformation: [0.01451540309868994f,-0.065071761843363f,0.9977750091495995f,2.063052621933763f,0f,0.9978801398271154f,0.06507861813696328f,1.0803661475265653f,-0.9998946459867072f,-0.0009446423753637361f,0.014484632473767661f,0.00043042478671641163f,0f,0f,0f,1f], start_interpolation: 0, interpolation_duration: 1 }
$data merge entity $(bone_head) { transformation: [0.01451540309868994f,-0.065071761843363f,0.9977750091495995f,2.000691683861913f,0f,0.9978801398271154f,0.06507861813696328f,1.0762987338930052f,-0.9998946459867072f,-0.0009446423753637361f,0.014484632473767661f,-0.0004748647428940672f,0f,0f,0f,1f], start_interpolation: 0, interpolation_duration: 1 }
$data merge entity $(item_display_r_item) { transformation: [0.0063504888556768484f,-0.4365558914177271f,0.028015619924742594f,1.8459270274472483f,0f,0.028018571793727794f,0.4366018891789633f,0.33570602788067605f,-0.4374539076191844f,-0.006337452415082205f,0.000406700863835543f,-0.3152544994139987f,0f,0f,0f,1f], start_interpolation: 0, interpolation_duration: 1 }
$data merge entity $(bone_rightarm) { transformation: [0.01451540309868994f,0.0640357026851257f,0.9978420375262333f,2.010679596316231f,0f,0.9979471752662018f,-0.06404244981423474f,0.9514177061952729f,-0.9998946459867072f,0.0009296019744812378f,0.014485605520187897f,-0.3128627974899244f,0f,0f,0f,1f], start_interpolation: 0, interpolation_duration: 1 }
$data merge entity $(item_display_l_item) { transformation: [0.0063504888556768484f,-0.4324529422879784f,-0.06595736500015986f,1.9722742930117845f,0f,-0.06596431460543765f,0.43249850774151216f,0.3147157481058447f,-0.4374539076191844f,-0.00627789017944992f,-0.0009574986166267276f,0.31164552850996297f,0f,0f,0f,1f], start_interpolation: 0, interpolation_duration: 1 }
$data merge entity $(bone_leftarm) { transformation: [0.01451540309868994f,-0.15075969142893705f,0.9884638680868079f,2.00160746937955f,0f,0.9885680176948849f,0.15077557624100058f,0.9514177061952729f,-0.9998946459867072f,-0.002188568266575381f,0.014349463267314103f,0.31207135625176763f,0f,0f,0f,1f], start_interpolation: 0, interpolation_duration: 1 }
$data merge entity $(bone_body) { transformation: [0.01451540309868994f,-0.043614791887819686f,0.9989429678422411f,2.033402777777778f,0f,0.9990482215818578f,0.043619387365336f,0.32701256770661186f,-0.9998946459867072f,-0.000633152990525755f,0.014501587651289971f,2.4902002031828925e-16f,0f,0f,0f,1f], start_interpolation: 0, interpolation_duration: 1 }
$data merge entity $(bone_leftleg) { transformation: [0.01451540309868994f,-0.014542365393596312f,0.9997888890569057f,2.0315883523904414f,0f,0.9998942319271075f,0.014543897651582826f,0.6867361111111108f,-0.9998946459867072f,-0.00021111053703881468f,0.014513867832476933f,0.12498683074833865f,0f,0f,0f,1f], start_interpolation: 0, interpolation_duration: 1 }
$data merge entity $(bone_rightleg) { transformation: [0.01451540309868994f,-0.13051244076186136f,0.9913404086787061f,2.0352172031651143f,0f,0.9914448613738104f,0.13052619222005157f,0.5200694444444443f,-0.9998946459867072f,-0.0018946402950111353f,0.014391221812965625f,-0.12498683074833815f,0f,0f,0f,1f], start_interpolation: 0, interpolation_duration: 1 }
data modify entity @s data merge value {"locators":{},"cameras":{"camera":{"posx":6.125,"posy":0.6381494846480317,"posz":1.75532484019849,"roty":103.12127868416073,"rotx":-5.808070627647573}}}