# This file was generated by Animated Java via MC-Build. It is not recommended to edit this file directly.
$data merge entity $(bone_left_eye) { transformation: [0.011219631966507116f,-0.06492836965272043f,0.9978268520503824f,1.7149879258413727f,0f,0.9978896612729163f,0.06493245663475535f,1.3647314946029865f,-0.999937057948417f,-0.0007285182661231381f,0.01119595474266457f,0.12164396888672277f,0f,0f,0f,1f], start_interpolation: 0, interpolation_duration: 1 }
$data merge entity $(bone_right_eye) { transformation: [0.011219631966507116f,-0.06492836965272043f,0.9978268520503824f,1.7177928338329993f,0f,0.9978896612729163f,0.06493245663475535f,1.3647314946029865f,-0.999937057948417f,-0.0007285182661231381f,0.01119595474266457f,-0.1283402956003815f,0f,0f,0f,1f], start_interpolation: 0, interpolation_duration: 1 }
$data merge entity $(bone_right_close) { transformation: [0.011219631966507116f,-0.06492836965272043f,0.9978268520503824f,1.7137348107297043f,0f,0.9978896612729163f,0.06493245663475535f,1.4270995984325439f,-0.999937057948417f,-0.0007285182661231381f,0.01119595474266457f,-0.1283858279920142f,0f,0f,0f,1f], start_interpolation: 0, interpolation_duration: 1 }
$data merge entity $(bone_left_close) { transformation: [0.011219631966507116f,-0.06492836965272043f,0.9978268520503824f,1.7109299027380778f,0f,0.9978896612729163f,0.06493245663475535f,1.4270995984325439f,-0.999937057948417f,-0.0007285182661231381f,0.01119595474266457f,0.12159843649509007f,0f,0f,0f,1f], start_interpolation: 0, interpolation_duration: 1 }
$data merge entity $(bone_left_eyebrow) { transformation: [0.011219631966507116f,-0.06492836965272043f,0.9978268520503824f,1.7124907478011424f,0f,0.9978896612729163f,0.06493245663475535f,1.4021482986221814f,-0.999937057948417f,-0.0007285182661231381f,0.01119595474266457f,0.12161594970457174f,0f,0f,0f,1f], start_interpolation: 0, interpolation_duration: 1 }
$data merge entity $(bone_right_eyebrow) { transformation: [0.011219631966507116f,-0.06492836965272043f,0.9978268520503824f,1.7152956557927692f,0f,0.9978896612729163f,0.06493245663475535f,1.4021482986221814f,-0.999937057948417f,-0.0007285182661231381f,0.01119595474266457f,-0.12836831478253252f,0f,0f,0f,1f], start_interpolation: 0, interpolation_duration: 1 }
$data merge entity $(bone_talking) { transformation: [0.011219631966507116f,-0.06492836965272043f,0.9978268520503824f,2.044443363516111f,0f,0.9978896612729163f,0.06493245663475535f,1.1355504719831184f,-0.999937057948417f,-0.0007285182661231381f,0.01119595474266457f,0.00033270206678409707f,0f,0f,0f,1f], start_interpolation: 0, interpolation_duration: 1 }
$data merge entity $(bone_m_opened) { transformation: [0.011219631966507116f,-0.06492836965272043f,0.9978268520503824f,2.044443363516111f,0f,0.9978896612729163f,0.06493245663475535f,1.1355504719831184f,-0.999937057948417f,-0.0007285182661231381f,0.01119595474266457f,0.00033270206678409707f,0f,0f,0f,1f], start_interpolation: 0, interpolation_duration: 1 }
$data merge entity $(bone_head) { transformation: [0.011219631966507116f,-0.06492836965272043f,0.9978268520503824f,1.9820791852629618f,0f,0.9978896612729163f,0.06493245663475535f,1.1314921934434463f,-0.999937057948417f,-0.0007285182661231381f,0.01119595474266457f,-0.00036704510463243854f,0f,0f,0f,1f], start_interpolation: 0, interpolation_duration: 1 }
$data merge entity $(item_display_r_item) { transformation: [0.004908588985346863f,-0.4365911388654902f,0.027754877378709332f,1.8266472502695783f,0f,0.027756624437596446f,0.4366186205372261f,0.39080074338899007f,-0.43747246285243246f,-0.004898700232151703f,0.00031141911082238963f,-0.31463071461119696f,0f,0f,0f,1f], start_interpolation: 0, interpolation_duration: 1 }
$data merge entity $(bone_rightarm) { transformation: [0.011219631966507116f,0.06343971972276397f,0.9979226031211205f,1.991037400486446f,0f,0.9979854183708026f,-0.06344371300022023f,1.0066111657457142f,-0.999937057948417f,0.0007118151104511738f,0.011197029102061036f,-0.31278620152940734f,0f,0f,0f,1f], start_interpolation: 0, interpolation_duration: 1 }
$data merge entity $(item_display_l_item) { transformation: [0.004908588985346863f,-0.43251078081882677f,-0.06570068667572433f,1.9543087455244634f,0f,-0.06570482227203703f,0.43253800564828987f,0.3699269227418609f,-0.43747246285243246f,-0.004852917234900788f,-0.0007371839243170153f,0.3118410317988345f,0f,0f,0f,1f], start_interpolation: 0, interpolation_duration: 1 }
$data merge entity $(bone_leftarm) { transformation: [0.011219631966507116f,-0.15017299811594154f,0.9885960704430327f,1.984025130507379f,0f,0.9886582986246626f,0.15018245090751342f,1.0066111657457142f,-0.999937057948417f,-0.0016849918270103231f,0.011092382251201802f,0.3121744596883533f,0f,0f,0f,1f], start_interpolation: 0, interpolation_duration: 1 }
$data merge entity $(bone_body) { transformation: [0.011219631966507116f,-0.04361664187160643f,0.9989853394371612f,2.0147916666666665f,0f,0.9990482215818578f,0.043619387365336f,0.3822060272570531f,-0.999937057948417f,-0.0004893934728435804f,0.011208953362941896f,2.4674081655320943e-16f,0f,0f,0f,1f], start_interpolation: 0, interpolation_duration: 1 }
$data merge entity $(bone_leftleg) { transformation: [0.011219631966507116f,-0.02908288809124434f,0.9995140346582474f,2.013389212670853f,0f,0.9995769500822006f,0.029084718743111745f,0.6987499999999999f,-0.999937057948417f,-0.0003263198401470852f,0.011214885502125946f,0.12499213224355238f,0f,0f,0f,1f], start_interpolation: 0, interpolation_duration: 1 }
$data merge entity $(bone_rightleg) { transformation: [0.011219631966507116f,-0.010907404916522733f,0.9998775666933041f,2.01619412066248f,0f,0.9999405050001497f,0.010908091494180231f,0.6097916666666677f,-0.999937057948417f,-0.00012238477202168889f,0.011218964454504949f,-0.12499213224355188f,0f,0f,0f,1f], start_interpolation: 0, interpolation_duration: 1 }
data modify entity @s data merge value {"locators":{},"cameras":{"camera":{"posx":6.125,"posy":0.6396418605123008,"posz":1.7547123031642538,"roty":103.01788854058539,"rotx":-5.794054817741934}}}