# This file was generated by Animated Java via MC-Build. It is not recommended to edit this file directly.
$data merge entity $(bone_left_eye) { transformation: [0.008276869548763511f,-0.06482021277659378f,0.9978626325532338f,1.6967618156051663f,0f,0.9978968143824115f,0.06482243319588607f,1.4263534672572085f,-0.9999657461285726f,-0.0005365268233957864f,0.008259461755769894f,0.12252594713701549f,0f,0f,0f,1f], start_interpolation: 0, interpolation_duration: 1 }
$data merge entity $(bone_right_eye) { transformation: [0.008276869548763511f,-0.06482021277659378f,0.9978626325532338f,1.6988310329923573f,0f,0.9978968143824115f,0.06482243319588607f,1.4263534672572085f,-0.9999657461285726f,-0.0005365268233957864f,0.008259461755769894f,-0.12746548939512764f,0f,0f,0f,1f], start_interpolation: 0, interpolation_duration: 1 }
$data merge entity $(bone_right_close) { transformation: [0.008276869548763511f,-0.06482021277659378f,0.9978626325532338f,1.6947797696938203f,0f,0.9978968143824115f,0.06482243319588607f,1.4887220181561092f,-0.9999657461285726f,-0.0005365268233957864f,0.008259461755769894f,-0.12749902232158988f,0f,0f,0f,1f], start_interpolation: 0, interpolation_duration: 1 }
$data merge entity $(bone_left_close) { transformation: [0.008276869548763511f,-0.06482021277659378f,0.9978626325532338f,1.6927105523066293f,0f,0.9978968143824115f,0.06482243319588607f,1.4887220181561092f,-0.9999657461285726f,-0.0005365268233957864f,0.008259461755769894f,0.12249241421055326f,0f,0f,0f,1f], start_interpolation: 0, interpolation_duration: 1 }
$data merge entity $(bone_left_eyebrow) { transformation: [0.008276869548763511f,-0.06482021277659378f,0.9978626325532338f,1.6942686912115095f,0f,0.9978968143824115f,0.06482243319588607f,1.4637705463944741f,-0.9999657461285726f,-0.0005365268233957864f,0.008259461755769894f,0.1225053111647784f,0f,0f,0f,1f], start_interpolation: 0, interpolation_duration: 1 }
$data merge entity $(bone_right_eyebrow) { transformation: [0.008276869548763511f,-0.06482021277659378f,0.9978626325532338f,1.6963379085987003f,0f,0.9978968143824115f,0.06482243319588607f,1.4637705463944741f,-0.9999657461285726f,-0.0005365268233957864f,0.008259461755769894f,-0.12748612536736473f,0f,0f,0f,1f], start_interpolation: 0, interpolation_duration: 1 }
$data merge entity $(bone_talking) { transformation: [0.008276869548763511f,-0.06482021277659378f,0.9978626325532338f,2.025833550165796f,0f,0.9978968143824115f,0.06482243319588607f,1.19713627403532f,-0.9999657461285726f,-0.0005365268233957864f,0.008259461755769894f,0.0002454423754709608f,0f,0f,0f,1f], start_interpolation: 0, interpolation_duration: 1 }
$data merge entity $(bone_m_opened) { transformation: [0.008276869548763511f,-0.06482021277659378f,0.9978626325532338f,2.025833550165796f,0f,0.9978968143824115f,0.06482243319588607f,1.19713627403532f,-0.9999657461285726f,-0.0005365268233957864f,0.008259461755769894f,0.0002454423754709608f,0f,0f,0f,1f], start_interpolation: 0, interpolation_duration: 1 }
$data merge entity $(bone_head) { transformation: [0.008276869548763511f,-0.06482021277659378f,0.9978626325532338f,1.9634671356312188f,0f,0.9978968143824115f,0.06482243319588607f,1.193084871960577f,-0.9999657461285726f,-0.0005365268233957864f,0.008259461755769894f,-0.00027077398426465755f,0f,0f,0f,1f], start_interpolation: 0, interpolation_duration: 1 }
$data merge entity $(item_display_r_item) { transformation: [0.003621130427584036f,-0.43662323479201787f,0.02744609724862386f,1.8075476880092245f,0f,0.027447037415914574f,0.4366381913404843f,0.45227701018098576f,-0.4374850139312505f,-0.0036139973497332297f,0.00022717554819155598f,-0.314072047820835f,0f,0f,0f,1f], start_interpolation: 0, interpolation_duration: 1 }
$data merge entity $(bone_rightarm) { transformation: [0.008276869548763511f,0.06273393656828288f,0.997995965238898f,1.9715058940192636f,0f,0.9980301516353928f,-0.06273608552209023f,1.068203844262845f,-0.9999657461285726f,0.0005192583958664118f,0.00826056537081881f,-0.3127149406520661f,0f,0f,0f,1f], start_interpolation: 0, interpolation_duration: 1 }
$data merge entity $(item_display_l_item) { transformation: [0.003621130427584036f,-0.43256966657224727f,-0.0653958788915728f,1.9361642013757483f,0f,-0.06539811903033366f,0.4325844842655528f,0.43154083273196f,-0.4374850139312505f,-0.0035804453450851226f,-0.0005412916999485803f,0.31201394015105105f,0f,0f,0f,1f], start_interpolation: 0, interpolation_duration: 1 }
$data merge entity $(bone_leftarm) { transformation: [0.008276869548763511f,-0.1494762946093095f,0.988730666450851f,1.9663328505512863f,0f,0.9887645354641207f,0.14948141492647715f,1.068203844262845f,-0.9999657461285726f,-0.0012372381713110423f,0.00818387507448028f,0.3122636506782917f,0f,0f,0f,1f], start_interpolation: 0, interpolation_duration: 1 }
$data merge entity $(bone_body) { transformation: [0.008276869548763511f,-0.043617893232449446f,0.999014000312526f,1.9961805555555558f,0f,0.9990482215818578f,0.043619387365336f,0.4437987057741838f,-0.9999657461285726f,-0.0003610319790198694f,0.00826899180295722f,2.4446161278812966e-16f,0f,0f,0f,1f], start_interpolation: 0, interpolation_duration: 1 }
$data merge entity $(bone_leftleg) { transformation: [0.008276869548763511f,-0.043617893232449446f,0.999014000312526f,1.9951459468619603f,0f,0.9990482215818578f,0.043619387365336f,0.7107638888888886f,-0.9999657461285726f,-0.0003610319790198694f,0.00826899180295722f,0.12499571826607182f,0f,0f,0f,1f], start_interpolation: 0, interpolation_duration: 1 }
$data merge entity $(bone_rightleg) { transformation: [0.008276869548763511f,0.10886314574003068f,0.9940222879443186f,1.9972151642491514f,0f,0.9940563382223196f,-0.10886687485196457f,0.6920833333333326f,-0.9999657461285726f,0.0009010769213312736f,0.008227674635587679f,-0.12499571826607132f,0f,0f,0f,1f], start_interpolation: 0, interpolation_duration: 1 }
data modify entity @s data merge value {"locators":{},"cameras":{"camera":{"posx":6.125,"posy":0.6411308295233135,"posz":1.7540050350701393,"roty":102.91521870903888,"rotx":-5.780237008773177}}}