# This file was generated by Animated Java via MC-Build. It is not recommended to edit this file directly.
$data merge entity $(bone_left_eye) { transformation: [0.005719755163556284f,-0.06475157141104557f,0.9978850226357089f,1.678481321155583f,0f,0.9979013462394271f,0.06475263063026208f,1.4910758624497957f,-0.9999836420666435f,-0.00037036919340129433f,0.00570775137787273f,0.12329130595342663f,0f,0f,0f,1f], start_interpolation: 0, interpolation_duration: 1 }
$data merge entity $(bone_right_eye) { transformation: [0.005719755163556284f,-0.06475157141104557f,0.9978850226357089f,1.6799112599464718f,0f,0.9979013462394271f,0.06475263063026208f,1.4910758624497957f,-0.9999836420666435f,-0.00037036919340129433f,0.00570775137787273f,-0.12670460456323424f,0f,0f,0f,1f], start_interpolation: 0, interpolation_duration: 1 }
$data merge entity $(bone_right_close) { transformation: [0.005719755163556284f,-0.06475157141104557f,0.9978850226357089f,1.6758642867332816f,0f,0.9979013462394271f,0.06475263063026208f,1.55344469658976f,-0.9999836420666435f,-0.00037036919340129433f,0.00570775137787273f,-0.12672775263782182f,0f,0f,0f,1f], start_interpolation: 0, interpolation_duration: 1 }
$data merge entity $(bone_left_close) { transformation: [0.005719755163556284f,-0.06475157141104557f,0.9978850226357089f,1.6744343479423927f,0f,0.9979013462394271f,0.06475263063026208f,1.55344469658976f,-0.9999836420666435f,-0.00037036919340129433f,0.00570775137787273f,0.12326815787883906f,0f,0f,0f,1f], start_interpolation: 0, interpolation_duration: 1 }
$data merge entity $(bone_left_eyebrow) { transformation: [0.005719755163556284f,-0.06475157141104557f,0.9978850226357089f,1.675990769413754f,0f,0.9979013462394271f,0.06475263063026208f,1.52849311589436f,-0.9999836420666435f,-0.00037036919340129433f,0.00570775137787273f,0.12327706037421296f,0f,0f,0f,1f], start_interpolation: 0, interpolation_duration: 1 }
$data merge entity $(bone_right_eyebrow) { transformation: [0.005719755163556284f,-0.06475157141104557f,0.9978850226357089f,1.677420708204643f,0f,0.9979013462394271f,0.06475263063026208f,1.52849311589436f,-0.9999836420666435f,-0.00037036919340129433f,0.00570775137787273f,-0.12671885014244788f,0f,0f,0f,1f], start_interpolation: 0, interpolation_duration: 1 }
$data merge entity $(bone_talking) { transformation: [0.005719755163556284f,-0.06475157141104557f,0.9978850226357089f,2.0072232529774476f,0f,0.9979013462394271f,0.06475263063026208f,1.261835722961896f,-0.9999836420666435f,-0.00037036919340129433f,0.00570775137787273f,0.00016961529903175606f,0f,0f,0f,1f], start_interpolation: 0, interpolation_duration: 1 }
$data merge entity $(bone_m_opened) { transformation: [0.005719755163556284f,-0.06475157141104557f,0.9978850226357089f,2.0072232529774476f,0f,0.9979013462394271f,0.06475263063026208f,1.261835722961896f,-0.9999836420666435f,-0.00037036919340129433f,0.00570775137787273f,0.00016961529903175606f,0f,0f,0f,1f], start_interpolation: 0, interpolation_duration: 1 }
$data merge entity $(bone_head) { transformation: [0.005719755163556284f,-0.06475157141104557f,0.9978850226357089f,1.944855439062716f,0f,0.9979013462394271f,0.06475263063026208f,1.2577886835475045f,-0.9999836420666435f,-0.00037036919340129433f,0.00570775137787273f,-0.00018711916208528958f,0f,0f,0f,1f], start_interpolation: 0, interpolation_duration: 1 }
$data merge entity $(item_display_r_item) { transformation: [0.002502392884055874f,-0.4366533574030882f,0.0270893613521032f,1.7886380070205856f,0f,0.027089804485319603f,0.4366605002664509f,0.5168468853220767f,-0.4374928434041565f,-0.0024975911511201025f,0.00015494704908463697f,-0.31358577117990954f,0f,0f,0f,1f], start_interpolation: 0, interpolation_duration: 1 }
$data merge entity $(bone_rightarm) { transformation: [0.005719755163556284f,0.06191854023337852f,0.9980648169213444f,1.9520951967816154f,0f,0.9980811434661735f,-0.06191955310930173f,1.1329076558497724f,-0.9999836420666435f,0.00035416468362202614f,0.005708779773988806f,-0.3126508207808972f,0f,0f,0f,1f], start_interpolation: 0, interpolation_duration: 1 }
$data merge entity $(item_display_l_item) { transformation: [0.002502392884055874f,-0.4326307661397142f,-0.06504312584138124f,1.9178303106807333f,0f,-0.0650441898299037f,0.4326378432007208f,0.49626953989734157f,-0.4374928434041565f,-0.0024745825375971763f,-0.00037203684063892686f,0.31216341312949714f,0f,0f,0f,1f], start_interpolation: 0, interpolation_duration: 1 }
$data merge entity $(bone_leftarm) { transformation: [0.005719755163556284f,-0.14867000192315732f,0.988870322605061f,1.9485203498043926f,0f,0.9888864987445046f,0.14867243389692297f,1.1329076558497724f,-0.9999836420666435f,-0.0008503699214604055f,0.0056561886573649744f,0.312338955510755f,0f,0f,0f,1f], start_interpolation: 0, interpolation_duration: 1 }
$data merge entity $(bone_body) { transformation: [0.005719755163556284f,-0.043618673842304424f,0.9990318792176293f,1.9775694444444443f,0f,0.9990482215818578f,0.043619387365336f,0.5085025173611113f,-0.9999836420666435f,-0.00024949221611404233f,0.005714311224034554f,2.4218240902304984e-16f,0f,0f,0f,1f], start_interpolation: 0, interpolation_duration: 1 }
$data merge entity $(bone_leftleg) { transformation: [0.005719755163556284f,-0.05814387778123965f,0.9982918280129459f,1.9768544750489998f,0f,0.9983081582712682f,0.058144828910475996f,0.7227777777777777f,-0.9999836420666435f,-0.0003325741853947918f,0.00571007824309245f,0.12499795525833067f,0f,0f,0f,1f], start_interpolation: 0, interpolation_duration: 1 }
$data merge entity $(bone_rightleg) { transformation: [0.005719755163556284f,0.2270725485359977f,0.9738610486626087f,1.9782844138398887f,0f,0.9738769792773332f,-0.22707626303437528f,0.7517361111111113f,-0.9999836420666435f,0.0012988206280119328f,0.005570337880890123f,-0.1249979552583302f,0f,0f,0f,1f], start_interpolation: 0, interpolation_duration: 1 }
data modify entity @s data merge value {"locators":{},"cameras":{"camera":{"posx":6.125,"posy":0.6426163648906117,"posz":1.7532043218581352,"roty":102.81327488804574,"rotx":-5.766642030341265}}}