# This file was generated by Animated Java via MC-Build. It is not recommended to edit this file directly.
$data merge entity $(bone_left_eye) { transformation: [0.0035809100229881154f,-0.06472671652770348f,0.9978966024849217f,1.6601405590518863f,0f,0.9979030005189037f,0.06472713152433826f,1.5567028143636463f,-0.9999935885211502f,-0.00023178203403477287f,0.003573400856528057f,0.12393075501644345f,0f,0f,0f,1f], start_interpolation: 0, interpolation_duration: 1 }
$data merge entity $(bone_right_eye) { transformation: [0.0035809100229881154f,-0.06472671652770348f,0.9978966024849217f,1.6610357865576333f,0f,0.9979030005189037f,0.06472713152433826f,1.5567028143636463f,-0.9999935885211502f,-0.00023178203403477287f,0.003573400856528057f,-0.12606764211384408f,0f,0f,0f,1f], start_interpolation: 0, interpolation_duration: 1 }
$data merge entity $(bone_right_close) { transformation: [0.0035809100229881154f,-0.06472671652770348f,0.9978966024849217f,1.656990366774652f,0f,0.9979030005189037f,0.06472713152433826f,1.6190717518960778f,-0.9999935885211502f,-0.00023178203403477287f,0.003573400856528057f,-0.12608212849097125f,0f,0f,0f,1f], start_interpolation: 0, interpolation_duration: 1 }
$data merge entity $(bone_left_close) { transformation: [0.0035809100229881154f,-0.06472671652770348f,0.9978966024849217f,1.656095139268905f,0f,0.9979030005189037f,0.06472713152433826f,1.6190717518960778f,-0.9999935885211502f,-0.00023178203403477287f,0.003573400856528057f,0.12391626863931628f,0f,0f,0f,1f], start_interpolation: 0, interpolation_duration: 1 }
$data merge entity $(bone_left_eyebrow) { transformation: [0.0035809100229881154f,-0.06472671652770348f,0.9978966024849217f,1.657650938644442f,0f,0.9979030005189037f,0.06472713152433826f,1.5941201314373852f,-0.9999935885211502f,-0.00023178203403477287f,0.003573400856528057f,0.12392183985261361f,0f,0f,0f,1f], start_interpolation: 0, interpolation_duration: 1 }
$data merge entity $(bone_right_eyebrow) { transformation: [0.0035809100229881154f,-0.06472671652770348f,0.9978966024849217f,1.6585461661501892f,0f,0.9979030005189037f,0.06472713152433826f,1.5941201314373852f,-0.9999935885211502f,-0.00023178203403477287f,0.003573400856528057f,-0.12607655727767395f,0f,0f,0f,1f], start_interpolation: 0, interpolation_duration: 1 }
$data merge entity $(bone_talking) { transformation: [0.0035809100229881154f,-0.06472671652770348f,0.9978966024849217f,1.9886125402132238f,0f,0.9979030005189037f,0.06472713152433826f,1.3274542928352762f,-0.9999935885211502f,-0.00023178203403477287f,0.003573400856528057f,0.00010618972747339383f,0f,0f,0f,1f], start_interpolation: 0, interpolation_duration: 1 }
$data merge entity $(bone_m_opened) { transformation: [0.0035809100229881154f,-0.06472671652770348f,0.9978966024849217f,1.9886125402132238f,0f,0.9979030005189037f,0.06472713152433826f,1.3274542928352762f,-0.9999935885211502f,-0.00023178203403477287f,0.003573400856528057f,0.00010618972747339383f,0f,0f,0f,1f], start_interpolation: 0, interpolation_duration: 1 }
$data merge entity $(bone_head) { transformation: [0.0035809100229881154f,-0.06472671652770348f,0.9978966024849217f,1.9262440025579162f,0f,0.9979030005189037f,0.06472713152433826f,1.323408847115005f,-0.9999935885211502f,-0.00023178203403477287f,0.003573400856528057f,-0.00011714782605960972f,0f,0f,0f,1f], start_interpolation: 0, interpolation_duration: 1 }
$data merge entity $(item_display_r_item) { transformation: [0.0015666481350573005f,-0.43668263059621787f,0.026684747500924363f,1.7699278916595726f,0f,0.026684918590715517f,0.4366854303956189f,0.5823157527351644f,-0.4374971949780032f,-0.0015637312345965508f,0.00009555629244411509f,-0.3131789089431901f,0f,0f,0f,1f], start_interpolation: 0, interpolation_duration: 1 }
$data merge entity $(bone_rightarm) { transformation: [0.0035809100229881154f,0.06099370857354118f,0.9981317270770694f,1.9328154254026695f,0f,0.9981381266185575f,-0.06099409963592096f,1.1985278194172728f,-0.9999935885211502f,0.0002184143827294051f,0.0035742428219349733f,-0.3125956196012424f,0f,0f,0f,1f], start_interpolation: 0, interpolation_duration: 1 }
$data merge entity $(item_display_l_item) { transformation: [0.0015666481350573005f,-0.4326951923602317f,-0.06464260299495223f,1.8992967345281677f,0f,-0.06464301745229141f,0.43269796659409293f,0.5619184335821996f,-0.4374971949780032f,-0.001549452485503364f,-0.00023148082911110592f,0.31228835941306277f,0f,0f,0f,1f], start_interpolation: 0, interpolation_duration: 1 }
$data merge entity $(bone_leftarm) { transformation: [0.0035809100229881154f,-0.1477545211313196f,0.9890175825376725f,1.930577356638302f,0f,0.989023923643641f,0.14775546846238058f,1.1985278194172728f,-0.9999935885211502f,-0.0005290990379682429f,0.0035416056811505463f,0.31240037322447645f,0f,0f,0f,1f], start_interpolation: 0, interpolation_duration: 1 }
$data merge entity $(bone_body) { transformation: [0.0035809100229881154f,-0.043619107700556464f,0.9990418162053152f,1.9589583333333336f,0f,0.9990482215818578f,0.043619387365336f,0.5741226809286117f,-0.9999935885211502f,-0.00015619710141313284f,0.003577501790110926f,2.3990320525797007e-16f,0f,0f,0f,1f], start_interpolation: 0, interpolation_duration: 1 }
$data merge entity $(bone_leftleg) { transformation: [0.0035809100229881154f,-0.07265750487756789f,0.9973505221677951f,1.95851071958046f,0f,0.9973569167005722f,0.07265797072261045f,0.7347916666666665f,-0.9999935885211502f,-0.0002601816556105728f,0.003571445379509602f,0.124999198565144f,0f,0f,0f,1f], start_interpolation: 0, interpolation_duration: 1 }
$data merge entity $(bone_rightleg) { transformation: [0.0035809100229881154f,0.3420179504707535f,0.9396865959665449f,1.959405947086207f,0f,0.9396926207859084f,-0.34202014332566866f,0.7139583333333329f,-0.9999935885211502f,0.0012247433592987187f,0.00336495472430023f,-0.12499919856514354f,0f,0f,0f,1f], start_interpolation: 0, interpolation_duration: 1 }
data modify entity @s data merge value {"locators":{},"cameras":{"camera":{"posx":6.125,"posy":0.6440984398237374,"posz":1.7523114494702317,"roty":102.71206275662526,"rotx":-5.753294720747226}}}