# This file was generated by Animated Java via MC-Build. It is not recommended to edit this file directly.
$data merge entity $(bone_left_eye) { transformation: [0.001892940316166614f,-0.06474990212344255f,0.9978997279045446f,1.6417337152635028f,0f,0.9979015157579979f,0.06475001813042489f,1.621169265079224f,-0.9999982083868747f,-0.0001225679197916005f,0.0018889680107420878f,0.1244349653930434f,0f,0f,0f,1f], start_interpolation: 0, interpolation_duration: 1 }
$data merge entity $(bone_right_eye) { transformation: [0.001892940316166614f,-0.06474990212344255f,0.9978997279045446f,1.6422069503425443f,0f,0.9979015157579979f,0.06475001813042489f,1.621169265079224f,-0.9999982083868747f,-0.0001225679197916005f,0.0018889680107420878f,-0.12556458670367526f,0f,0f,0f,1f], start_interpolation: 0, interpolation_duration: 1 }
$data merge entity $(bone_right_close) { transformation: [0.001892940316166614f,-0.06474990212344255f,0.9978997279045446f,1.6381600814598292f,0f,0.9979015157579979f,0.06475001813042489f,1.6835381098140991f,-0.9999982083868747f,-0.0001225679197916005f,0.0018889680107420878f,-0.12557224719866225f,0f,0f,0f,1f], start_interpolation: 0, interpolation_duration: 1 }
$data merge entity $(bone_left_close) { transformation: [0.001892940316166614f,-0.06474990212344255f,0.9978997279045446f,1.6376868463807877f,0f,0.9979015157579979f,0.06475001813042489f,1.6835381098140991f,-0.9999982083868747f,-0.0001225679197916005f,0.0018889680107420878f,0.12442730489805642f,0f,0f,0f,1f], start_interpolation: 0, interpolation_duration: 1 }
$data merge entity $(bone_left_eyebrow) { transformation: [0.001892940316166614f,-0.06474990212344255f,0.9978997279045446f,1.6392432252008795f,0f,0.9979015157579979f,0.06475001813042489f,1.658586525044016f,-0.9999982083868747f,-0.0001225679197916005f,0.0018889680107420878f,0.12443025103555054f,0f,0f,0f,1f], start_interpolation: 0, interpolation_duration: 1 }
$data merge entity $(bone_right_eyebrow) { transformation: [0.001892940316166614f,-0.06474990212344255f,0.9978997279045446f,1.6397164602799212f,0f,0.9979015157579979f,0.06475001813042489f,1.658586525044016f,-0.9999982083868747f,-0.0001225679197916005f,0.0018889680107420878f,-0.12556930106116815f,0f,0f,0f,1f], start_interpolation: 0, interpolation_duration: 1 }
$data merge entity $(bone_talking) { transformation: [0.001892940316166614f,-0.06474990212344255f,0.9978997279045446f,1.9700014733040545f,0f,0.9979015157579979f,0.06475001813042489f,1.3919282668054824f,-0.9999982083868747f,-0.0001225679197916005f,0.0018889680107420878f,0.000056133827988868264f,0f,0f,0f,1f], start_interpolation: 0, interpolation_duration: 1 }
$data merge entity $(bone_m_opened) { transformation: [0.001892940316166614f,-0.06474990212344255f,0.9978997279045446f,1.9700014733040545f,0f,0.9979015157579979f,0.06475001813042489f,1.3919282668054824f,-0.9999982083868747f,-0.0001225679197916005f,0.0018889680107420878f,0.000056133827988868264f,0f,0f,0f,1f], start_interpolation: 0, interpolation_duration: 1 }
$data merge entity $(bone_head) { transformation: [0.001892940316166614f,-0.06474990212344255f,0.9978997279045446f,1.9076327403100204f,0f,0.9979015157579979f,0.06475001813042489f,1.3878813906723309f,-0.9999982083868747f,-0.0001225679197916005f,0.0018889680107420878f,-0.00006192667268251222f,0f,0f,0f,1f], start_interpolation: 0, interpolation_duration: 1 }
$data merge entity $(item_display_r_item) { transformation: [0.0008281613883228936f,-0.436712066787077f,0.02623232493078864f,1.7514270716848506f,0f,0.02623237192905049f,0.4367128492075496f,0.6466198275149708f,-0.4374992161692577f,-0.0008266713588529617f,0.000049656314413177047f,-0.312858175090301f,0f,0f,0f,1f], start_interpolation: 0, interpolation_duration: 1 }
$data merge entity $(bone_rightarm) { transformation: [0.001892940316166614f,0.05995959984180238f,0.9981990097990332f,1.9136766978108561f,0f,0.9982007981886848f,-0.059959707266400895f,1.2630003629745987f,-0.9999982083868747f,0.00011350014723011854f,0.0018895345345210555f,-0.3125510456814671f,0f,0f,0f,1f], start_interpolation: 0, interpolation_duration: 1 }
$data merge entity $(item_display_l_item) { transformation: [0.0008281613883228936f,-0.4327639477626336f,-0.06419446756236397f,1.8805531501273052f,0f,-0.06419458257422067f,0.4327647231095917f,0.6264237349396904f,-0.4374992161692577f,-0.0008191977917888277f,-0.00012151651343422909f,0.31238737306758174f,0f,0f,0f,1f], start_interpolation: 0, interpolation_duration: 1 }
$data merge entity $(bone_leftarm) { transformation: [0.001892940316166614f,-0.14673021157111785f,0.9891747377431626f,1.912493610113252f,0f,0.989176509964781f,0.14673047445536175f,1.2630003629745987f,-0.9999982083868747f,-0.00027775203070680974f,0.0018724520955173203f,0.31244783456032965f,0f,0f,0f,1f], start_interpolation: 0, interpolation_duration: 1 }
$data merge entity $(bone_body) { transformation: [0.001892940316166614f,-0.04361930921626908f,0.9990464316739512f,1.9403472222222222f,0f,0.9990482215818578f,0.043619387365336f,0.6385952244859375f,-0.9999982083868747f,-0.00008256889691033314f,0.0018911386564268553f,2.3762400149289025e-16f,0f,0f,0f,1f], start_interpolation: 0, interpolation_duration: 1 }
$data merge entity $(bone_leftleg) { transformation: [0.001892940316166614f,-0.08715558659828553f,0.996192913296249f,1.9401106046827015f,0f,0.9961946980917455f,0.08715574274765818f,0.7468055555555557f,-0.9999982083868747f,-0.00016498061923248816f,0.0018857371067692935f,0.12499977604835957f,0f,0f,0f,1f], start_interpolation: 0, interpolation_duration: 1 }
$data merge entity $(bone_rightleg) { transformation: [0.001892940316166614f,0.3242778264439919f,0.9459599928399296f,1.940583839761743f,0f,0.9459616876373051f,-0.3242784074254429f,0.7468055555555557f,-0.9999982083868747f,0.000613839671077924f,0.0017906490160776642f,-0.1249997760483591f,0f,0f,0f,1f], start_interpolation: 0, interpolation_duration: 1 }
data modify entity @s data merge value {"locators":{},"cameras":{"camera":{"posx":6.125,"posy":0.6455770275322323,"posz":1.7513277038484178,"roty":102.61158797482243,"rotx":-5.740219926471446}}}
execute on vehicle unless entity @s[tag=aj.transforms_only] at @s run function animated_java:humanentity/animations/000_mur_0/zzz/frames/zzz/16