# This file was generated by Animated Java via MC-Build. It is not recommended to edit this file directly.
$data merge entity $(bone_left_eye) { transformation: [0.0006884410274829004f,-0.06482535688229632f,0.997896386983155f,1.6232550872448568f,0f,0.9978966234602585f,0.0648253722443247f,1.6816822203764454f,-0.9999997630244477f,-0.00004462844587484439f,0.0006869929767766974f,0.12479454299050134f,0f,0f,0f,1f], start_interpolation: 0, interpolation_duration: 1 }
$data merge entity $(bone_right_eye) { transformation: [0.0006884410274829004f,-0.06482535688229632f,0.997896386983155f,1.6234271975017276f,0f,0.9978966234602585f,0.0648253722443247f,1.6816822203764454f,-0.9999997630244477f,-0.00004462844587484439f,0.0006869929767766974f,-0.1252053977656106f,0f,0f,0f,1f], start_interpolation: 0, interpolation_duration: 1 }
$data merge entity $(bone_right_close) { transformation: [0.0006884410274829004f,-0.06482535688229632f,0.997896386983155f,1.619375612696584f,0f,0.9978966234602585f,0.0648253722443247f,1.7440507593427115f,-0.9999997630244477f,-0.00004462844587484439f,0.0006869929767766974f,-0.12520818704347778f,0f,0f,0f,1f], start_interpolation: 0, interpolation_duration: 1 }
$data merge entity $(bone_left_close) { transformation: [0.0006884410274829004f,-0.06482535688229632f,0.997896386983155f,1.6192035024397131f,0f,0.9978966234602585f,0.0648253722443247f,1.7440507593427115f,-0.9999997630244477f,-0.00004462844587484439f,0.0006869929767766974f,0.12479175371263417f,0f,0f,0f,1f], start_interpolation: 0, interpolation_duration: 1 }
$data merge entity $(bone_left_eyebrow) { transformation: [0.0006884410274829004f,-0.06482535688229632f,0.997896386983155f,1.620761767837584f,0f,0.9978966234602585f,0.0648253722443247f,1.71909929217044f,-0.9999997630244477f,-0.00004462844587484439f,0.0006869929767766974f,0.12479282648672f,0f,0f,0f,1f], start_interpolation: 0, interpolation_duration: 1 }
$data merge entity $(bone_right_eyebrow) { transformation: [0.0006884410274829004f,-0.06482535688229632f,0.997896386983155f,1.6209338780944549f,0f,0.9978966234602585f,0.0648253722443247f,1.71909929217044f,-0.9999997630244477f,-0.00004462844587484439f,0.0006869929767766974f,-0.12520711426939193f,0f,0f,0f,1f], start_interpolation: 0, interpolation_duration: 1 }
$data merge entity $(bone_talking) { transformation: [0.0006884410274829004f,-0.06482535688229632f,0.997896386983155f,1.951390102526102f,0f,0.9978966234602585f,0.0648253722443247f,1.4524659933377322f,-0.9999997630244477f,-0.00004462844587484439f,0.0006869929767766974f,0.000020415029156804013f,0f,0f,0f,1f], start_interpolation: 0, interpolation_duration: 1 }
$data merge entity $(bone_m_opened) { transformation: [0.0006884410274829004f,-0.06482535688229632f,0.997896386983155f,1.951390102526102f,0f,0.9978966234602585f,0.0648253722443247f,1.4524659933377322f,-0.9999997630244477f,-0.00004462844587484439f,0.0006869929767766974f,0.000020415029156804013f,0f,0f,0f,1f], start_interpolation: 0, interpolation_duration: 1 }
$data merge entity $(bone_head) { transformation: [0.0006884410274829004f,-0.06482535688229632f,0.997896386983155f,1.889021578339655f,0f,0.9978966234602585f,0.0648253722443247f,1.4484144075724619f,-0.9999997630244477f,-0.00004462844587484439f,0.0006869929767766974f,-0.000022522031891739574f,0f,0f,0f,1f], start_interpolation: 0, interpolation_duration: 1 }
$data merge entity $(item_display_r_item) { transformation: [0.00030119294952376895f,-0.4367425050794926f,0.025732149923715794f,1.7331453512327277f,0f,0.025732156021607677f,0.43674260857681346f,0.7069674121997412f,-0.43749989632319586f,-0.0003006715301941836f,0.000017715071930865892f,-0.31262990770214927f,0f,0f,0f,1f], start_interpolation: 0, interpolation_duration: 1 }
$data merge entity $(bone_rightarm) { transformation: [0.0006884410274829004f,0.05881634268277874f,0.9982685830388401f,1.8946891382893194f,0f,0.998268819604145f,-0.05881635662081732f,1.3235333798747297f,-0.9999997630244477f,0.00004049159298483617f,0.0006872492118724197f,-0.3125186943050497f,0f,0f,0f,1f], start_interpolation: 0, interpolation_duration: 1 }
$data merge entity $(item_display_l_item) { transformation: [0.00030119294952376895f,-0.43283786335240226f,-0.06369884874418344f,1.861589257038147f,0f,-0.06369886383925687f,0.43283796592441826f,0.6869937531714874f,-0.43749989632319586f,-0.0002979834139946151f,-0.00004385291127099137f,0.3124586664830474f,0f,0f,0f,1f], start_interpolation: 0, interpolation_duration: 1 }
$data merge entity $(bone_leftarm) { transformation: [0.0006884410274829004f,-0.1455973685581338f,0.9893436876626337f,1.8942588626471426f,0f,0.989343922112956f,0.1455974030611588f,1.3235333798747297f,-0.9999997630244477f,-0.00010023522576226615f,0.000681104946273406f,0.31248115758523015f,0f,0f,0f,1f], start_interpolation: 0, interpolation_duration: 1 }
$data merge entity $(bone_body) { transformation: [0.0006884410274829004f,-0.04361937702860759f,0.9990479848318538f,1.9217361111111106f,0f,0.9990482215818578f,0.043619387365336f,0.6991282413860685f,-0.9999997630244477f,-0.000030029375855966562f,0.0006877857841707786f,2.353447977278104e-16f,0f,0f,0f,1f], start_interpolation: 0, interpolation_duration: 1 }
$data merge entity $(bone_leftleg) { transformation: [0.0006884410274829004f,-0.05524061319777017f,0.9984728342336039f,1.9216500559826752f,0f,0.9984730708473113f,0.05524062628844809f,0.7796527777777784f,-0.9999997630244477f,-0.000038029913520818125f,0.0006873898268081298f,0.1249999703780562f,0f,0f,0f,1f], start_interpolation: 0, interpolation_duration: 1 }
$data merge entity $(bone_rightleg) { transformation: [0.0006884410274829004f,0.2850335235711248f,0.958517301090377f,1.921822166239546f,0f,0.9585175282355977f,-0.2850335911171175f,0.7588194444444447f,-0.9999997630244477f,0.0001962288183358093f,0.0006598827919988849f,-0.12499997037805573f,0f,0f,0f,1f], start_interpolation: 0, interpolation_duration: 1 }
data modify entity @s data merge value {"locators":{},"cameras":{"camera":{"posx":6.125,"posy":0.6470521012256385,"posz":1.7502543709346827,"roty":102.51185618424084,"rotx":-5.72744250166031}}}