# This file was generated by Animated Java via MC-Build. It is not recommended to edit this file directly.
$data merge entity $(bone_left_eye) { transformation: [-9.957992501029599e-17f,-0.06495727507039953f,0.9978880460329348f,1.6046991292001644f,0f,0.9978880460329348f,0.06495727507039953f,1.732518858927027f,-1f,6.468440580383555e-18f,-9.936961679263043e-17f,0.12500000000000025f,0f,0f,0f,1f], start_interpolation: 0, interpolation_duration: 1 }
$data merge entity $(bone_right_eye) { transformation: [-9.957992501029599e-17f,-0.06495727507039953f,0.9978880460329348f,1.6046991292001644f,0f,0.9978880460329348f,0.06495727507039953f,1.732518858927027f,-1f,6.468440580383555e-18f,-9.936961679263043e-17f,-0.12499999999999974f,0f,0f,0f,1f], start_interpolation: 0, interpolation_duration: 1 }
$data merge entity $(bone_right_close) { transformation: [-9.957992501029599e-17f,-0.06495727507039953f,0.9978880460329348f,1.6006392995082646f,0f,0.9978880460329348f,0.06495727507039953f,1.7948868618040854f,-1f,6.468440580383555e-18f,-9.936961679263043e-17f,-0.12499999999999974f,0f,0f,0f,1f], start_interpolation: 0, interpolation_duration: 1 }
$data merge entity $(bone_left_close) { transformation: [-9.957992501029599e-17f,-0.06495727507039953f,0.9978880460329348f,1.6006392995082646f,0f,0.9978880460329348f,0.06495727507039953f,1.7948868618040854f,-1f,6.468440580383555e-18f,-9.936961679263043e-17f,0.12500000000000025f,0f,0f,0f,1f], start_interpolation: 0, interpolation_duration: 1 }
$data merge entity $(bone_left_eyebrow) { transformation: [-9.957992501029599e-17f,-0.06495727507039953f,0.9978880460329348f,1.6022008633821474f,0f,0.9978880460329348f,0.06495727507039953f,1.7699356008235703f,-1f,6.468440580383555e-18f,-9.936961679263043e-17f,0.12500000000000025f,0f,0f,0f,1f], start_interpolation: 0, interpolation_duration: 1 }
$data merge entity $(bone_right_eyebrow) { transformation: [-9.957992501029599e-17f,-0.06495727507039953f,0.9978880460329348f,1.6022008633821474f,0f,0.9978880460329348f,0.06495727507039953f,1.7699356008235703f,-1f,6.468440580383555e-18f,-9.936961679263043e-17f,-0.12499999999999974f,0f,0f,0f,1f], start_interpolation: 0, interpolation_duration: 1 }
$data merge entity $(bone_talking) { transformation: [-9.957992501029599e-17f,-0.06495727507039953f,0.9978880460329348f,1.9327784623530564f,0f,0.9978880460329348f,0.06495727507039953f,1.503345995878293f,-1f,6.468440580383555e-18f,-9.936961679263043e-17f,2.3011270440531766e-16f,0f,0f,0f,1f], start_interpolation: 0, interpolation_duration: 1 }
$data merge entity $(bone_m_opened) { transformation: [-9.957992501029599e-17f,-0.06495727507039953f,0.9978880460329348f,1.9327784623530564f,0f,0.9978880460329348f,0.06495727507039953f,1.503345995878293f,-1f,6.468440580383555e-18f,-9.936961679263043e-17f,2.3011270440531766e-16f,0f,0f,0f,1f], start_interpolation: 0, interpolation_duration: 1 }
$data merge entity $(bone_head) { transformation: [-9.957992501029599e-17f,-0.06495727507039953f,0.9978880460329348f,1.870410459475998f,0f,0.9978880460329348f,0.06495727507039953f,1.4992861661863932f,-1f,6.468440580383555e-18f,-9.936961679263043e-17f,2.3632330545485706e-16f,0f,0f,0f,1f], start_interpolation: 0, interpolation_duration: 1 }
$data merge entity $(item_display_r_item) { transformation: [-4.3566217192004496e-17f,-0.4367745447686374f,0.02518426179481078f,1.715092638970182f,0f,0.02518426179481078f,0.4367745447686374f,0.7576370064748393f,-0.4375f,4.349397641446708e-17f,-2.5078469009669197e-18f,-0.3124999999999998f,0f,0f,0f,1f], start_interpolation: 0, interpolation_duration: 1 }
$data merge entity $(bone_rightarm) { transformation: [-9.957992501029599e-17f,0.05756402695956728f,0.9983418166140283f,1.875862882896665f,0f,0.9983418166140283f,-0.05756402695956728f,1.374405138488661f,-1f,-5.732221487924366e-18f,-9.941480323306762e-17f,-0.3124999999999998f,0f,0f,0f,1f], start_interpolation: 0, interpolation_duration: 1 }
$data merge entity $(item_display_l_item) { transformation: [-4.3566217192004496e-17f,-0.43291753271767414f,-0.06315583793792569f,1.8423947848886522f,0f,-0.06315583793792569f,0.43291753271767414f,0.7379069951954335f,-0.4375f,4.310989544366835e-17f,6.289053605821047e-18f,0.3125000000000002f,0f,0f,0f,1f], start_interpolation: 0, interpolation_duration: 1 }
$data merge entity $(bone_leftarm) { transformation: [-9.957992501029599e-17f,-0.1443562010009732f,0.9895257890689695f,1.875862882896665f,0f,0.9895257890689695f,0.1443562010009732f,1.374405138488661f,-1f,1.4374979670448127e-17f,-9.853690387124195e-17f,0.3125000000000002f,0f,0f,0f,1f], start_interpolation: 0, interpolation_duration: 1 }
$data merge entity $(bone_body) { transformation: [-9.957992501029599e-17f,-0.043619387365336f,0.9990482215818578f,1.903125f,0f,0.9990482215818578f,0.043619387365336f,0.75f,-1f,4.343615322835211e-18f,-9.948514698679097e-17f,2.3306559396273065e-16f,0f,0f,0f,1f], start_interpolation: 0, interpolation_duration: 1 }
$data merge entity $(bone_leftleg) { transformation: [-9.957992501029599e-17f,-0.023268956374056692f,0.9997292411794617f,1.903125f,0f,0.9997292411794617f,0.023268956374056692f,0.8125f,-1f,2.3171209307964144e-18f,-9.955296286725091e-17f,0.12500000000000022f,0f,0f,0f,1f], start_interpolation: 0, interpolation_duration: 1 }
$data merge entity $(bone_rightleg) { transformation: [-9.957992501029599e-17f,0.2284249149143322f,0.9735615328505847f,1.903125f,0f,0.9735615328505847f,-0.2284249149143322f,0.7638888888888892f,-1f,-2.2746535897652443e-17f,-9.694718443417003e-17f,-0.12499999999999976f,0f,0f,0f,1f], start_interpolation: 0, interpolation_duration: 1 }
data modify entity @s data merge value {"locators":{},"cameras":{"camera":{"posx":6.125,"posy":0.6485236341134977,"posz":1.7490927366710154,"roty":102.41287300857554,"rotx":-5.7149873076218425}}}