# This file was generated by Animated Java via MC-Build. It is not recommended to edit this file directly.
$data merge entity $(bone_left_eye) { transformation: [-0.003664501458396352f,-0.06514936963706869f,0.9978687945140655f,1.5808035390113093f,0f,0.9978754945574918f,0.06514980707294019f,1.7344230257560305f,-0.9999932856919899f,0.00023874156303303024f,-0.003656716205103909f,0.12793114292911184f,0f,0f,0f,1f], start_interpolation: 0, interpolation_duration: 1 }
$data merge entity $(bone_right_eye) { transformation: [-0.003664501458396352f,-0.06514936963706869f,0.9978687945140655f,1.57988741364671f,0f,0.9978754945574918f,0.06514980707294019f,1.7344230257560305f,-0.9999932856919899f,0.00023874156303303024f,-0.003656716205103909f,-0.12206717849388563f,0f,0f,0f,1f], start_interpolation: 0, interpolation_duration: 1 }
$data merge entity $(bone_right_close) { transformation: [-0.003664501458396352f,-0.06514936963706869f,0.9978687945140655f,1.5758155780443932f,0f,0.9978754945574918f,0.06514980707294019f,1.7967902441658739f,-0.9999932856919899f,0.00023874156303303024f,-0.003656716205103909f,-0.12205225714619605f,0f,0f,0f,1f], start_interpolation: 0, interpolation_duration: 1 }
$data merge entity $(bone_left_close) { transformation: [-0.003664501458396352f,-0.06514936963706869f,0.9978687945140655f,1.5767317034089925f,0f,0.9978754945574918f,0.06514980707294019f,1.7967902441658739f,-0.9999932856919899f,0.00023874156303303024f,-0.003656716205103909f,0.1279460642768014f,0f,0f,0f,1f], start_interpolation: 0, interpolation_duration: 1 }
$data merge entity $(bone_left_eyebrow) { transformation: [-0.003664501458396352f,-0.06514936963706869f,0.9978687945140655f,1.5782980708502619f,0f,0.9978754945574918f,0.06514980707294019f,1.7718392849389946f,-0.9999932856919899f,0.00023874156303303024f,-0.003656716205103909f,0.1279403242824884f,0f,0f,0f,1f], start_interpolation: 0, interpolation_duration: 1 }
$data merge entity $(bone_right_eyebrow) { transformation: [-0.003664501458396352f,-0.06514936963706869f,0.9978687945140655f,1.5773819454856628f,0f,0.9978754945574918f,0.06514980707294019f,1.7718392849389946f,-0.9999932856919899f,0.00023874156303303024f,-0.003656716205103909f,-0.12205799714050905f,0f,0f,0f,1f], start_interpolation: 0, interpolation_duration: 1 }
$data merge entity $(bone_talking) { transformation: [-0.003664501458396352f,-0.06514936963706869f,0.9978687945140655f,1.9084668170239223f,0f,0.9978754945574918f,0.06514980707294019f,1.5053134668269514f,-0.9999932856919899f,0.00023874156303303024f,-0.003656716205103909f,0.0017295730127598807f,0f,0f,0f,1f], start_interpolation: 0, interpolation_duration: 1 }
$data merge entity $(bone_m_opened) { transformation: [-0.003664501458396352f,-0.06514936963706869f,0.9978687945140655f,1.9084668170239223f,0f,0.9978754945574918f,0.06514980707294019f,1.5053134668269514f,-0.9999932856919899f,0.00023874156303303024f,-0.003656716205103909f,0.0017295730127598807f,0f,0f,0f,1f], start_interpolation: 0, interpolation_duration: 1 }
$data merge entity $(bone_head) { transformation: [-0.003664501458396352f,-0.06514936963706869f,0.9978687945140655f,1.8461000173667932f,0f,0.9978754945574918f,0.06514980707294019f,1.5012416038848926f,-0.9999932856919899f,0.00023874156303303024f,-0.003656716205103909f,0.001958117775578875f,0f,0f,0f,1f], start_interpolation: 0, interpolation_duration: 1 }
$data merge entity $(item_display_r_item) { transformation: [-0.0016032193880484039f,-0.43680554556765727f,0.024588514573579474f,1.6904792136337314f,0f,0.024588679669548343f,0.4368084784343229f,0.75937380118657f,-0.43749706249024556f,0.0016006853062624678f,-0.00009010525250910062f,-0.3099737039685139f,0f,0f,0f,1f], start_interpolation: 0, interpolation_duration: 1 }
$data merge entity $(bone_rightarm) { transformation: [-0.003664501458396352f,0.05620231902532429f,0.9984126755832166f,1.850407247472461f,0f,0.9984193792784524f,-0.056202696387538845f,1.3763605761871605f,-0.9999932856919899f,-0.00020595486287794347f,-0.003658709271457069f,-0.31055976441674477f,0f,0f,0f,1f], start_interpolation: 0, interpolation_duration: 1 }
$data merge entity $(item_display_l_item) { transformation: [-0.0016032193880484039f,-0.4330003383408506f,-0.06256505961239651f,1.8183618350899966f,0f,-0.062565479696298f,0.43300324565801135f,0.7399086596196305f,-0.43749706249024556f,0.0015867410252041365f,0.0002292712915923514f,0.3145618633028181f,0f,0f,0f,1f], start_interpolation: 0, interpolation_duration: 1 }
$data merge entity $(bone_leftarm) { transformation: [-0.003664501458396352f,-0.14300585054262083f,0.9897150590648014f,1.8526975608839589f,0f,0.9897217043611688f,0.14300681073439564f,1.3763605761871605f,-0.9999932856919899f,0.000524048666496804f,-0.003626836629038026f,0.31443603914074886f,0f,0f,0f,1f], start_interpolation: 0, interpolation_duration: 1 }
$data merge entity $(bone_body) { transformation: [-0.003664501458396352f,-0.04361909449133402f,0.9990415136643811f,1.8788143382352938f,0f,0.9990482215818578f,0.043619387365336f,0.7519554376984994f,-0.9999932856919899f,0.00015984330861462917f,-0.0036610136649949995f,0.0018382352941179031f,0f,0f,0f,1f], start_interpolation: 0, interpolation_duration: 1 }
$data merge entity $(bone_leftleg) { transformation: [-0.003664501458396352f,0.008726476905726737f,0.9999552090118214f,1.8792724009175934f,0f,0.9999619230641713f,-0.008726535498373935f,0.8125f,-0.9999932856919899f,-0.00003197840206053882f,-0.003664361925409476f,0.12683739600561664f,0f,0f,0f,1f], start_interpolation: 0, interpolation_duration: 1 }
$data merge entity $(bone_rightleg) { transformation: [-0.003664501458396352f,0.15884190523015665f,0.9872972301044481f,1.8783562755529941f,0f,0.9873038591666582f,-0.15884297175079423f,0.75f,-0.9999932856919899f,-0.000582080301636796f,-0.0036179764317965653f,-0.12316092541738083f,0f,0f,0f,1f], start_interpolation: 0, interpolation_duration: 1 }
data modify entity @s data merge value {"locators":{},"cameras":{"camera":{"posx":6.125,"posy":0.6499915994053518,"posz":1.7478440869994059,"roty":102.31464405414562,"rotx":-5.7028792123301315}}}