# This file was generated by Animated Java via MC-Build. It is not recommended to edit this file directly.
$data merge entity $(bone_left_eye) { transformation: [-0.008862884072703402f,-0.06540447887686207f,0.9978194743683649f,1.55709229304486f,0f,0.9978586663934216f,0.06540704781246698f,1.726951560326615f,-0.9999607238716497f,0.0005796950822996634f,-0.008843905681187314f,0.13131740644321946f,0f,0f,0f,1f], start_interpolation: 0, interpolation_duration: 1 }
$data merge entity $(bone_right_eye) { transformation: [-0.008862884072703402f,-0.06540447887686207f,0.9978194743683649f,1.5548765720266842f,0f,0.9978586663934216f,0.06540704781246698f,1.726951560326615f,-0.9999607238716497f,0.0005796950822996634f,-0.008843905681187314f,-0.11867277452469296f,0f,0f,0f,1f], start_interpolation: 0, interpolation_duration: 1 }
$data merge entity $(bone_right_close) { transformation: [-0.008862884072703402f,-0.06540447887686207f,0.9978194743683649f,1.5507887920968804f,0f,0.9978586663934216f,0.06540704781246698f,1.7893177269762037f,-0.9999607238716497f,0.0005796950822996634f,-0.008843905681187314f,-0.11863654358204924f,0f,0f,0f,1f], start_interpolation: 0, interpolation_duration: 1 }
$data merge entity $(bone_left_close) { transformation: [-0.008862884072703402f,-0.06540447887686207f,0.9978194743683649f,1.5530045131150563f,0f,0.9978586663934216f,0.06540704781246698f,1.7893177269762037f,-0.9999607238716497f,0.0005796950822996634f,-0.008843905681187314f,0.13135363738586317f,0f,0f,0f,1f], start_interpolation: 0, interpolation_duration: 1 }
$data merge entity $(bone_left_eyebrow) { transformation: [-0.008862884072703402f,-0.06540447887686207f,0.9978194743683649f,1.5545772613698299f,0f,0.9978586663934216f,0.06540704781246698f,1.7643671723758803f,-0.9999607238716497f,0.0005796950822996634f,-0.008843905681187314f,0.13133969775291074f,0f,0f,0f,1f], start_interpolation: 0, interpolation_duration: 1 }
$data merge entity $(bone_right_eyebrow) { transformation: [-0.008862884072703402f,-0.06540447887686207f,0.9978194743683649f,1.552361540351654f,0f,0.9978586663934216f,0.06540704781246698f,1.7643671723758803f,-0.9999607238716497f,0.0005796950822996634f,-0.008843905681187314f,-0.11865048321500166f,0f,0f,0f,1f], start_interpolation: 0, interpolation_duration: 1 }
$data merge entity $(bone_talking) { transformation: [-0.008862884072703402f,-0.06540447887686207f,0.9978194743683649f,1.884154137995102f,0f,0.9978586663934216f,0.06540704781246698f,1.4979265961696555f,-0.9999607238716497f,0.0005796950822996634f,-0.008843905681187314f,0.0034136716633172883f,0f,0f,0f,1f], start_interpolation: 0, interpolation_duration: 1 }
$data merge entity $(bone_m_opened) { transformation: [-0.008862884072703402f,-0.06540447887686207f,0.9978194743683649f,1.884154137995102f,0f,0.9978586663934216f,0.06540704781246698f,1.4979265961696555f,-0.9999607238716497f,0.0005796950822996634f,-0.008843905681187314f,0.0034136716633172883f,0f,0f,0f,1f], start_interpolation: 0, interpolation_duration: 1 }
$data merge entity $(bone_head) { transformation: [-0.008862884072703402f,-0.06540447887686207f,0.9978194743683649f,1.821790420847079f,0f,0.9978586663934216f,0.06540704781246698f,1.4938386556813763f,-0.9999607238716497f,0.0005796950822996634f,-0.008843905681187314f,0.0039664157683914954f,0f,0f,0f,1f], start_interpolation: 0, interpolation_duration: 1 }
$data merge entity $(item_display_r_item) { transformation: [-0.0038775117818077385f,-0.43682705705705804f,0.023944459176429355f,1.6654588780051713f,0f,0.023945399659019765f,0.43684421460649997f,0.7517360070197927f,-0.43748281669384675f,0.003871699631888575f,-0.00021222530125244372f,-0.3071602557415772f,0f,0f,0f,1f], start_interpolation: 0, interpolation_duration: 1 }
$data merge entity $(bone_rightarm) { transformation: [-0.008862884072703402f,0.054730192403266875f,0.998461844701847f,1.824472978844944f,0f,0.9985010619577143f,-0.05473234207775924f,1.3689576279836442f,-0.9999607238716497f,-0.00048508640286272655f,-0.008849599158602457f,-0.3085696346381917f,0f,0f,0f,1f], start_interpolation: 0, interpolation_duration: 1 }
$data merge entity $(item_display_l_item) { transformation: [-0.0038775117818077385f,-0.433077901099049f,-0.061925329890314525f,1.7947404952053905f,0f,-0.061927762173050085f,0.43309491139037654f,0.7325569653765205f,-0.43748281669384675f,0.0038384699921306595f,0.0005488585770216897f,0.3167184398121671f,0f,0f,0f,1f], start_interpolation: 0, interpolation_duration: 1 }
$data merge entity $(bone_leftarm) { transformation: [-0.008862884072703402f,-0.141543611177862f,0.9898923453692547f,1.8300122813903836f,0f,0.9899312260351464f,0.14154917068125755f,1.3689576279836442f,-0.9999607238716497f,0.0012545338903352929f,-0.00877364569629865f,0.3164058177815893f,0f,0f,0f,1f], start_interpolation: 0, interpolation_duration: 1 }
$data merge entity $(bone_body) { transformation: [-0.008862884072703402f,-0.04361767416467928f,0.9990089828356788f,1.8545036764705884f,0f,0.9990482215818578f,0.043619387365336f,0.744552489494983f,-0.9999607238716497f,0.00038659357354131645f,-0.008854448570920506f,0.003676470588235508f,0f,0f,0f,1f], start_interpolation: 0, interpolation_duration: 1 }
$data merge entity $(bone_leftleg) { transformation: [-0.008862884072703402f,0.044863068233678936f,0.9989538299614121f,1.8556115369796764f,0f,0.9989930665413147f,-0.044864830350514195f,0.802857142857143f,-0.9999607238716497f,-0.00039763179033811246f,-0.008853959738190148f,0.12867156107219171f,0f,0f,0f,1f], start_interpolation: 0, interpolation_duration: 1 }
$data merge entity $(bone_rightleg) { transformation: [-0.008862884072703402f,0.08114201811257432f,0.9966631437865715f,1.8533958159615005f,0f,0.9967022903936561f,-0.08114520518206807f,0.7510308159722222f,-0.9999607238716497f,-0.0007191805465844006f,-0.008833656854756936f,-0.12131861989572071f,0f,0f,0f,1f], start_interpolation: 0, interpolation_duration: 1 }
data modify entity @s data merge value {"locators":{},"cameras":{"camera":{"posx":6.125,"posy":0.6514559703107429,"posz":1.7465097078618428,"roty":102.21717491042527,"rotx":-5.691143089938864}}}