# This file was generated by Animated Java via MC-Build. It is not recommended to edit this file directly.
$data merge entity $(bone_left_eye) { transformation: [-0.015083572401268218f,-0.06572559773732069f,0.9977237251091545f,1.5335053117426625f,0f,0.9978372426154629f,0.06573307576532383f,1.7150353645964767f,-0.9998862364507354f,0.0009914896074643114f,-0.015050950293672176f,0.13500454755454722f,0f,0f,0f,1f], start_interpolation: 0, interpolation_duration: 1 }
$data merge entity $(bone_right_eye) { transformation: [-0.015083572401268218f,-0.06572559773732069f,0.9977237251091545f,1.5297344186423454f,0f,0.9978372426154629f,0.06573307576532383f,1.7150353645964767f,-0.9998862364507354f,0.0009914896074643114f,-0.015050950293672176f,-0.11496701155813661f,0f,0f,0f,1f], start_interpolation: 0, interpolation_duration: 1 }
$data merge entity $(bone_right_close) { transformation: [-0.015083572401268218f,-0.06572559773732069f,0.9977237251091545f,1.525626568783763f,0f,0.9978372426154629f,0.06573307576532383f,1.7774001922599432f,-0.9998862364507354f,0.0009914896074643114f,-0.015050950293672176f,-0.1149050434576701f,0f,0f,0f,1f], start_interpolation: 0, interpolation_duration: 1 }
$data merge entity $(bone_left_close) { transformation: [-0.015083572401268218f,-0.06572559773732069f,0.9977237251091545f,1.52939746188408f,0f,0.9978372426154629f,0.06573307576532383f,1.7774001922599432f,-0.9998862364507354f,0.0009914896074643114f,-0.015050950293672176f,0.13506651565501374f,0f,0f,0f,1f], start_interpolation: 0, interpolation_duration: 1 }
$data merge entity $(bone_left_eyebrow) { transformation: [-0.015083572401268218f,-0.06572559773732069f,0.9977237251091545f,1.5309782440946935f,0f,0.9978372426154629f,0.06573307576532383f,1.7524501528773213f,-0.9998862364507354f,0.0009914896074643114f,-0.015050950293672176f,0.1350426690992205f,0f,0f,0f,1f], start_interpolation: 0, interpolation_duration: 1 }
$data merge entity $(bone_right_eyebrow) { transformation: [-0.015083572401268218f,-0.06572559773732069f,0.9977237251091545f,1.5272073509943764f,0f,0.9978372426154629f,0.06573307576532383f,1.7524501528773213f,-0.9998862364507354f,0.0009914896074643114f,-0.015050950293672176f,-0.11492889001346335f,0f,0f,0f,1f], start_interpolation: 0, interpolation_duration: 1 }
$data merge entity $(bone_talking) { transformation: [-0.015083572401268218f,-0.06572559773732069f,0.9977237251091545f,1.8598399287234448f,0f,0.9978372426154629f,0.06573307576532383f,1.4861176401192746f,-0.9998862364507354f,0.0009914896074643114f,-0.015050950293672176f,0.005067473629566673f,0f,0f,0f,1f], start_interpolation: 0, interpolation_duration: 1 }
$data merge entity $(bone_m_opened) { transformation: [-0.015083572401268218f,-0.06572559773732069f,0.9977237251091545f,1.8598399287234448f,0f,0.9978372426154629f,0.06573307576532383f,1.4861176401192746f,-0.9998862364507354f,0.0009914896074643114f,-0.015050950293672176f,0.005067473629566673f,0f,0f,0f,1f], start_interpolation: 0, interpolation_duration: 1 }
$data merge entity $(bone_head) { transformation: [-0.015083572401268218f,-0.06572559773732069f,0.9977237251091545f,1.7974821959041227f,0f,0.9978372426154629f,0.06573307576532383f,1.482009322883942f,-0.9998862364507354f,0.0009914896074643114f,-0.015050950293672176f,0.0060081580229211845f,0f,0f,0f,1f], start_interpolation: 0, interpolation_duration: 1 }
$data merge entity $(item_display_r_item) { transformation: [-0.006599062925554846f,-0.43683184149938914f,0.023251765970720657f,1.6401944765614982f,0f,0.023254411475106127f,0.43688154269429424f,0.739655923187248f,-0.4374502284471967f,0.00658973438000714f,-0.00035075959913364577f,-0.30415466649831147f,0f,0f,0f,1f], start_interpolation: 0, interpolation_duration: 1 }
$data merge entity $(bone_rightarm) { transformation: [-0.015083572401268218f,0.053146893647361276f,0.9984727805700323f,1.798220382662353f,0f,0.998586383301244f,-0.05315294051452807f,1.3571282951862096f,-0.9998862364507354f,-0.0008017362265911869f,-0.015062250011444891f,-0.30653853289136157f,0f,0f,0f,1f], start_interpolation: 0, interpolation_duration: 1 }
$data merge entity $(item_display_l_item) { transformation: [-0.006599062925554846f,-0.43314303952597233f,-0.061235689583008346f,1.771372017810023f,0f,-0.06124265676500833f,0.433192321021926f,0.7207842203648842f,-0.4374502284471967f,0.006534087737807645f,0.000923758047361022f,0.3189375927477773f,0f,0f,0f,1f], start_interpolation: 0, interpolation_duration: 1 }
$data merge entity $(bone_leftarm) { transformation: [-0.015083572401268218f,-0.13996729047544787f,0.9900412332022225f,1.8076476154131458f,0f,0.9901538766215452f,0.1399832154628764f,1.3571282951862096f,-0.9998862364507354f,0.002111446965396625f,-0.014935057686417475f,0.318390364890348f,0f,0f,0f,1f], start_interpolation: 0, interpolation_duration: 1 }
$data merge entity $(bone_body) { transformation: [-0.015083572401268218f,-0.04361442506901257f,0.9989345663102841f,1.8301930147058822f,0f,0.9990482215818578f,0.043619387365336f,0.7327231566975486f,-0.9998862364507354f,0.0006579361874240097f,-0.015069216182588207f,0.0055147058823531775f,0f,0f,0f,1f], start_interpolation: 0, interpolation_duration: 1 }
$data merge entity $(bone_leftleg) { transformation: [-0.015083572401268218f,0.08093528214864978f,0.9966052207103545f,1.8320784612560408f,0f,0.9967186109571551f,-0.0809444906812031f,0.7932142857142858f,-0.9998862364507354f,-0.0012209320856737076f,-0.01503407733206374f,0.1305004854386951f,0f,0f,0f,1f], start_interpolation: 0, interpolation_duration: 1 }
$data merge entity $(bone_rightleg) { transformation: [-0.015083572401268218f,0.0006227926578090292f,0.9998860424933039f,1.8283075681557237f,0f,0.9999998060205008f,-0.0006228635169734276f,0.75390625f,-0.9998862364507354f,-0.00000939500695437725f,-0.015083569475364397f,-0.11947107367398875f,0f,0f,0f,1f], start_interpolation: 0, interpolation_duration: 1 }
data modify entity @s data merge value {"locators":{},"cameras":{"camera":{"posx":6.125,"posy":0.6529167200392126,"posz":1.745090885200316,"roty":102.12047115057258,"rotx":-5.679803820303804}}}