# This file was generated by Animated Java via MC-Build. It is not recommended to edit this file directly.
$data merge entity $(bone_left_eye) { transformation: [-0.021814885034561072f,-0.06611623050707907f,0.9975734333142918f,1.5099800422658889f,0f,0.9978108852843615f,0.06613196812464506f,1.7017336876061187f,-0.9997620270799091f,0.0014426612817483892f,-0.02176712974871195f,0.13883930625956417f,0f,0f,0f,1f], start_interpolation: 0, interpolation_duration: 1 }
$data merge entity $(bone_right_eye) { transformation: [-0.021814885034561072f,-0.06611623050707907f,0.9975734333142918f,1.5045263210072488f,0f,0.9978108852843615f,0.06613196812464506f,1.7017336876061187f,-0.9997620270799091f,0.0014426612817483892f,-0.02176712974871195f,-0.11110120051041311f,0f,0f,0f,1f], start_interpolation: 0, interpolation_duration: 1 }
$data merge entity $(bone_right_close) { transformation: [-0.021814885034561072f,-0.06611623050707907f,0.9975734333142918f,1.5003940566005565f,0f,0.9978108852843615f,0.06613196812464506f,1.764096867936391f,-0.9997620270799091f,0.0014426612817483892f,-0.02176712974871195f,-0.11101103418030384f,0f,0f,0f,1f], start_interpolation: 0, interpolation_duration: 1 }
$data merge entity $(bone_left_close) { transformation: [-0.021814885034561072f,-0.06611623050707907f,0.9975734333142918f,1.5058477778591965f,0f,0.9978108852843615f,0.06613196812464506f,1.764096867936391f,-0.9997620270799091f,0.0014426612817483892f,-0.02176712974871195f,0.13892947258967345f,0f,0f,0f,1f], start_interpolation: 0, interpolation_duration: 1 }
$data merge entity $(bone_left_eyebrow) { transformation: [-0.021814885034561072f,-0.06611623050707907f,0.9975734333142918f,1.5074383352822915f,0f,0.9978108852843615f,0.06613196812464506f,1.7391474625562744f,-0.9997620270799091f,0.0014426612817483892f,-0.02176712974871195f,0.138894766503239f,0f,0f,0f,1f], start_interpolation: 0, interpolation_duration: 1 }
$data merge entity $(bone_right_eyebrow) { transformation: [-0.021814885034561072f,-0.06611623050707907f,0.9975734333142918f,1.5019846140236512f,0f,0.9978108852843615f,0.06613196812464506f,1.7391474625562744f,-0.9997620270799091f,0.0014426612817483892f,-0.02176712974871195f,-0.11104574026673826f,0f,0f,0f,1f], start_interpolation: 0, interpolation_duration: 1 }
$data merge entity $(bone_talking) { transformation: [-0.021814885034561072f,-0.06611623050707907f,0.9975734333142918f,1.8355239371740548f,0f,0.9978108852843615f,0.06613196812464506f,1.4729472063239797f,-0.9997620270799091f,0.0014426612817483892f,-0.02176712974871195f,0.006706159507665944f,0f,0f,0f,1f], start_interpolation: 0, interpolation_duration: 1 }
$data merge entity $(bone_m_opened) { transformation: [-0.021814885034561072f,-0.06611623050707907f,0.9975734333142918f,1.8355239371740548f,0f,0.9978108852843615f,0.06613196812464506f,1.4729472063239797f,-0.9997620270799091f,0.0014426612817483892f,-0.02176712974871195f,0.006706159507665944f,0f,0f,0f,1f], start_interpolation: 0, interpolation_duration: 1 }
$data merge entity $(bone_head) { transformation: [-0.021814885034561072f,-0.06611623050707907f,0.9975734333142918f,1.7731755975919117f,0f,0.9978108852843615f,0.06613196812464506f,1.4688139583161894f,-0.9997620270799091f,0.0014426612817483892f,-0.02176712974871195f,0.00806660511696044f,0f,0f,0f,1f], start_interpolation: 0, interpolation_duration: 1 }
$data merge entity $(item_display_r_item) { transformation: [-0.009544012202620468f,-0.4368162612939655f,0.022510346515287494f,1.6148472879471834f,0f,0.022515704643269355f,0.43692023647848705f,0.7261942226901241f,-0.4373958868474602f,0.009531364728051432f,-0.000491177508265054f,-0.30105304311577086f,0f,0f,0f,1f], start_interpolation: 0, interpolation_duration: 1 }
$data merge entity $(bone_rightarm) { transformation: [-0.021814885034561072f,0.05145222060637119f,0.9984371686719211f,1.7718095719101554f,0f,0.9986748262365418f,-0.05146446775604402f,1.3439329306184573f,-0.9997620270799091f,-0.0011226914474629756f,-0.021785976521260415f,-0.30447797233559276f,0f,0f,0f,1f], start_interpolation: 0, interpolation_duration: 1 }
$data merge entity $(item_display_l_item) { transformation: [-0.009544012202620468f,-0.43319213757125996f,-0.06049573354806789f,1.748097169390779f,0f,-0.06051013332118943f,0.43329525010718944f,0.7076511066592754f,-0.4373958868474602f,0.009452286067109725f,0.0013200216018277103f,0.32118820260591363f,0f,0f,0f,1f], start_interpolation: 0, interpolation_duration: 1 }
$data merge entity $(bone_leftarm) { transformation: [-0.021814885034561072f,-0.13827596239558398f,0.9901534573057371f,1.785443875056756f,0f,0.9903891431021473f,0.13830887616271892f,1.3439329306184573f,-0.9997620270799091f,0.003017192232749057f,-0.0216052252962508f,0.32037329458935043f,0f,0f,0f,1f], start_interpolation: 0, interpolation_duration: 1 }
$data merge entity $(bone_body) { transformation: [-0.021814885034561072f,-0.0436090071323521f,0.9988104751592564f,1.8058823529411758f,0f,0.9990482215818578f,0.043619387365336f,0.7195277921297962f,-0.9997620270799091f,0.0009515519206527906f,-0.021794122097790924f,0.0073529411764708475f,0f,0f,0f,1f], start_interpolation: 0, interpolation_duration: 1 }
$data merge entity $(bone_leftleg) { transformation: [-0.021814885034561072f,0.11689054003543511f,0.9929051880422185f,1.8086092135704959f,0f,0.9931415288318981f,-0.11691836343979513f,0.7835714285714285f,-0.9997620270799091f,-0.002550560656868159f,-0.021665268274516078f,0.1323231945614595f,0f,0f,0f,1f], start_interpolation: 0, interpolation_duration: 1 }
$data merge entity $(bone_rightleg) { transformation: [-0.021814885034561072f,-0.0772053079530544f,0.9967765302287184f,1.8031554923118558f,0f,0.9970137925122934f,0.07722368509889756f,0.75830078125f,-0.9997620270799091f,0.0016846258123775972f,-0.021749741261527407f,-0.11761731220851779f,0f,0f,0f,1f], start_interpolation: 0, interpolation_duration: 1 }
data modify entity @s data merge value {"locators":{},"cameras":{"camera":{"posx":6.125,"posy":0.654373821800303,"posz":1.743588904956814,"roty":102.02453833195533,"rotx":-5.668886288514735}}}