# This file was generated by Animated Java via MC-Build. It is not recommended to edit this file directly.
$data merge entity $(bone_left_eye) { transformation: [-0.02854520888642419f,-0.06658065806810096f,0.9973726420054088f,1.4864503078384463f,0f,0.9977792345513271f,0.06660780058047065f,1.6891258464818786f,-0.999592502497708f,0.0019013335810348212f,-0.028481816672804073f,0.1426698702391427f,0f,0f,0f,1f], start_interpolation: 0, interpolation_duration: 1 }
$data merge entity $(bone_right_eye) { transformation: [-0.02854520888642419f,-0.06658065806810096f,0.9973726420054088f,1.4793140056168403f,0f,0.9977792345513271f,0.06660780058047065f,1.6891258464818786f,-0.999592502497708f,0.0019013335810348212f,-0.028481816672804073f,-0.1072282553852843f,0f,0f,0f,1f], start_interpolation: 0, interpolation_duration: 1 }
$data merge entity $(bone_right_close) { transformation: [-0.02854520888642419f,-0.06658065806810096f,0.9973726420054088f,1.475152714487584f,0f,0.9977792345513271f,0.06660780058047065f,1.7514870486413365f,-0.999592502497708f,0.0019013335810348212f,-0.028481816672804073f,-0.10710942203646963f,0f,0f,0f,1f], start_interpolation: 0, interpolation_duration: 1 }
$data merge entity $(bone_left_close) { transformation: [-0.02854520888642419f,-0.06658065806810096f,0.9973726420054088f,1.48228901670919f,0f,0.9977792345513271f,0.06660780058047065f,1.7514870486413365f,-0.999592502497708f,0.0019013335810348212f,-0.028481816672804073f,0.1427887035879574f,0f,0f,0f,1f], start_interpolation: 0, interpolation_duration: 1 }
$data merge entity $(bone_left_eyebrow) { transformation: [-0.02854520888642419f,-0.06658065806810096f,0.9973726420054088f,1.4838911973707671f,0f,0.9977792345513271f,0.06660780058047065f,1.726538404790017f,-0.999592502497708f,0.0019013335810348212f,-0.028481816672804073f,0.14274295036197354f,0f,0f,0f,1f], start_interpolation: 0, interpolation_duration: 1 }
$data merge entity $(bone_right_eyebrow) { transformation: [-0.02854520888642419f,-0.06658065806810096f,0.9973726420054088f,1.4767548951491611f,0f,0.9977792345513271f,0.06660780058047065f,1.726538404790017f,-0.999592502497708f,0.0019013335810348212f,-0.028481816672804073f,-0.10715517526245344f,0f,0f,0f,1f], start_interpolation: 0, interpolation_duration: 1 }
$data merge entity $(bone_talking) { transformation: [-0.02854520888642419f,-0.06658065806810096f,0.9973726420054088f,1.8112062718713589f,0f,0.9977792345513271f,0.06660780058047065f,1.4604959755254439f,-0.999592502497708f,0.0019013335810348212f,-0.028481816672804073f,0.008344906321419224f,0f,0f,0f,1f], start_interpolation: 0, interpolation_duration: 1 }
$data merge entity $(bone_m_opened) { transformation: [-0.02854520888642419f,-0.06658065806810096f,0.9973726420054088f,1.8112062718713589f,0f,0.9977792345513271f,0.06660780058047065f,1.4604959755254439f,-0.999592502497708f,0.0019013335810348212f,-0.028481816672804073f,0.008344906321419224f,0f,0f,0f,1f], start_interpolation: 0, interpolation_duration: 1 }
$data merge entity $(bone_head) { transformation: [-0.02854520888642419f,-0.06658065806810096f,0.9973726420054088f,1.7488704817460208f,0f,0.9977792345513271f,0.06660780058047065f,1.4563329879891644f,-0.999592502497708f,0.0019013335810348212f,-0.028481816672804073f,0.010125019863469479f,0f,0f,0f,1f], start_interpolation: 0, interpolation_duration: 1 }
$data merge entity $(item_display_r_item) { transformation: [-0.012488528887810582f,-0.43678199397610706f,0.021720414003290847f,1.589576287257166f,0f,0.02172926862598256f,0.43696005410675687f,0.7134316740320604f,-0.43732171984274726f,0.012473116019500591f,-0.0006202665118778958f,-0.2979534352814329f,0f,0f,0f,1f], start_interpolation: 0, interpolation_duration: 1 }
$data merge entity $(bone_rightarm) { transformation: [-0.02854520888642419f,0.049646660578950286f,0.998358843373959f,1.7454003055407548f,0f,0.9987658379583014f,-0.04966689971653135f,1.3314519602914323f,-0.999592502497708f,-0.0014177520271494697f,-0.02850997947314421f,-0.3024032777325444f,0f,0f,0f,1f], start_interpolation: 0, interpolation_duration: 1 }
$data merge entity $(item_display_l_item) { transformation: [-0.012488528887810582f,-0.43322684780569515f,-0.059705820374226615f,1.7247559908277523f,0f,-0.05973016026534624f,0.4334034586325726f,0.6952384021690867f,-0.43732171984274726f,0.01237159225876549f,0.0017050099015939026f,0.32344104854303624f,0f,0f,0f,1f], start_interpolation: 0, interpolation_duration: 1 }
$data merge entity $(bone_leftarm) { transformation: [-0.02854520888642419f,-0.13647044656966106f,0.990232794984446f,1.76324106109477f,0f,0.9906364768744517f,0.13652608060650592f,1.3314519602914323f,-0.999592502497708f,0.0038971654893574983f,-0.02827792516289255f,0.3223420363285231f,0f,0f,0f,1f], start_interpolation: 0, interpolation_duration: 1 }
$data merge entity $(bone_body) { transformation: [-0.02854520888642419f,-0.04360161257393312f,0.998641111926894f,1.7815716911764705f,0f,0.9990482215818578f,0.043619387365336f,0.7070468218027712f,-0.999592502497708f,0.0012451245238413683f,-0.02851804017266473f,0.009191176470588452f,0f,0f,0f,1f], start_interpolation: 0, interpolation_duration: 1 }
$data merge entity $(bone_leftleg) { transformation: [-0.02854520888642419f,0.1526771928932259f,0.9878637789796098f,1.7851398422872735f,0f,0.988266495107965f,-0.15273943383101352f,0.7739285714285715f,-0.999592502497708f,-0.004359979043900447f,-0.02821027353831117f,0.13414023928280194f,0f,0f,0f,1f], start_interpolation: 0, interpolation_duration: 1 }
$data merge entity $(bone_rightleg) { transformation: [-0.02854520888642419f,-0.14692593955710917f,0.9887355254742752f,1.7780035400656675f,0f,0.9891385969819659f,0.1469858359181181f,0.7638888888888888f,-0.999592502497708f,0.004195741389628352f,-0.02823516786847477f,-0.11575788634162505f,0f,0f,0f,1f], start_interpolation: 0, interpolation_duration: 1 }
data modify entity @s data merge value {"locators":{},"cameras":{"camera":{"posx":6.125,"posy":0.6558272488035559,"posz":1.742005053073327,"roty":101.92938199667245,"rotx":-5.658415384436707}}}