# This file was generated by Animated Java via MC-Build. It is not recommended to edit this file directly.
$data merge entity $(bone_left_eye) { transformation: [-0.03476322559375887f,-0.06712405117930562f,0.9971388468511269f,1.4628459410194283f,0f,0.9977419055963792f,0.06716464707646504f,1.6787310055248148f,-0.99939557640922f,0.0023348597782443512f,-0.03468472694859379f,0.14634601845000023f,0f,0f,0f,1f], start_interpolation: 0, interpolation_duration: 1 }
$data merge entity $(bone_right_eye) { transformation: [-0.03476322559375887f,-0.06712405117930562f,0.9971388468511269f,1.4541551346209887f,0f,0.9977419055963792f,0.06716464707646504f,1.6787310055248148f,-0.99939557640922f,0.0023348597782443512f,-0.03468472694859379f,-0.1035028756523048f,0f,0f,0f,1f], start_interpolation: 0, interpolation_duration: 1 }
$data merge entity $(bone_right_close) { transformation: [-0.03476322559375887f,-0.06712405117930562f,0.9971388468511269f,1.449959881422282f,0f,0.9977419055963792f,0.06716464707646504f,1.7410898746245884f,-0.99939557640922f,0.0023348597782443512f,-0.03468472694859379f,-0.10335694691616452f,0f,0f,0f,1f], start_interpolation: 0, interpolation_duration: 1 }
$data merge entity $(bone_left_close) { transformation: [-0.03476322559375887f,-0.06712405117930562f,0.9971388468511269f,1.4586506878207217f,0f,0.9977419055963792f,0.06716464707646504f,1.7410898746245884f,-0.99939557640922f,0.0023348597782443512f,-0.03468472694859379f,0.14649194718614048f,0f,0f,0f,1f], start_interpolation: 0, interpolation_duration: 1 }
$data merge entity $(bone_left_eyebrow) { transformation: [-0.03476322559375887f,-0.06712405117930562f,0.9971388468511269f,1.460266467922276f,0f,0.9977419055963792f,0.06716464707646504f,1.716142129194237f,-0.99939557640922f,0.0023348597782443512f,-0.03468472694859379f,0.14643574348711866f,0f,0f,0f,1f], start_interpolation: 0, interpolation_duration: 1 }
$data merge entity $(bone_right_eyebrow) { transformation: [-0.03476322559375887f,-0.06712405117930562f,0.9971388468511269f,1.4515756615238364f,0f,0.9977419055963792f,0.06716464707646504f,1.716142129194237f,-0.99939557640922f,0.0023348597782443512f,-0.03468472694859379f,-0.10341315061518636f,0f,0f,0f,1f], start_interpolation: 0, interpolation_duration: 1 }
$data merge entity $(bone_talking) { transformation: [-0.03476322559375887f,-0.06712405117930562f,0.9971388468511269f,1.786887440256012f,0f,0.9977419055963792f,0.06716464707646504f,1.4502844813371152f,-0.99939557640922f,0.0023348597782443512f,-0.03468472694859379f,0.009998879282851059f,0f,0f,0f,1f], start_interpolation: 0, interpolation_duration: 1 }
$data merge entity $(bone_m_opened) { transformation: [-0.03476322559375887f,-0.06712405117930562f,0.9971388468511269f,1.786887440256012f,0f,0.9977419055963792f,0.06716464707646504f,1.4502844813371152f,-0.99939557640922f,0.0023348597782443512f,-0.03468472694859379f,0.009998879282851059f,0f,0f,0f,1f], start_interpolation: 0, interpolation_duration: 1 }
$data merge entity $(bone_head) { transformation: [-0.03476322559375887f,-0.06712405117930562f,0.9971388468511269f,1.7245662623278166f,0f,0.9977419055963792f,0.06716464707646504f,1.4460866908948362f,-0.99939557640922f,0.0023348597782443512f,-0.03468472694859379f,0.01216667471713817f,0f,0f,0f,1f], start_interpolation: 0, interpolation_duration: 1 }
$data merge entity $(item_display_r_item) { transformation: [-0.015208911197269505f,-0.43673660453380664f,0.02088246346758111f,1.5645379044994596f,0f,0.020895092954694466f,0.437000738089096f,0.7028889210568794f,-0.4372355646790338f,0.015191555242830375f,-0.0007263808301866052f,-0.2949558554807875f,0f,0f,0f,1f], start_interpolation: 0, interpolation_duration: 1 }
$data merge entity $(bone_rightarm) { transformation: [-0.03476322559375887f,0.0477313450687566f,0.9982550960772724f,1.7191518821770915f,0f,0.9988588299179337f,-0.04776021246787285f,1.3212056631971039f,-0.99939557640922f,-0.0016602990404265185f,-0.03472355484075514f,-0.3003339867361485f,0f,0f,0f,1f], start_interpolation: 0, interpolation_duration: 1 }
$data merge entity $(item_display_l_item) { transformation: [-0.015208911197269505f,-0.43325466328525175f,-0.05886710254273285f,1.7011877122955945f,0f,-0.058902704727030616f,0.43351669100028917f,0.6850667604175391f,-0.4372355646790338f,0.015070438527902907f,0.002047648012508332f,0.32566887665257443f,0f,0f,0f,1f], start_interpolation: 0, interpolation_duration: 1 }
$data merge entity $(bone_leftarm) { transformation: [-0.03476322559375887f,-0.13455337724053246f,0.9902963732234326f,1.7408788981731909f,0f,0.9908952937149467f,0.13463475366178448f,1.3212056631971039f,-0.99939557640922f,0.004680338314304767f,-0.034446716635206646f,0.3242882485196141f,0f,0f,0f,1f], start_interpolation: 0, interpolation_duration: 1 }
$data merge entity $(bone_body) { transformation: [-0.03476322559375887f,-0.04359302277859702f,0.998444373268407f,1.7572610294117643f,0f,0.9990482215818578f,0.043619387365336f,0.6968005247084428f,-0.99939557640922f,0.0015163506032427308f,-0.03473013870589372f,0.011029411764706122f,0f,0f,0f,1f], start_interpolation: 0, interpolation_duration: 1 }
$data merge entity $(bone_leftleg) { transformation: [-0.03476322559375887f,0.18824703699575954f,0.9815062767036359f,1.7616064326109842f,0f,0.9820998810402388f,-0.18836088675929707f,0.7642857142857142f,-0.99939557640922f,-0.006548031999453912f,-0.034140959720205574f,0.13595385881585864f,0f,0f,0f,1f], start_interpolation: 0, interpolation_duration: 1 }
$data merge entity $(bone_rightleg) { transformation: [-0.03476322559375887f,-0.20346413582076286f,0.9784650548594095f,1.7529156262125445f,0f,0.9790568198980699f,0.20358718872040604f,0.7703450520833334f,-0.99939557640922f,0.007077347369486637f,-0.034035173099224755f,-0.11389503528644639f,0f,0f,0f,1f], start_interpolation: 0, interpolation_duration: 1 }
data modify entity @s data merge value {"locators":{},"cameras":{"camera":{"posx":6.125,"posy":0.6572769742585133,"posz":1.740340615491844,"roty":101.83500767207123,"rotx":-5.6484160022606416}}}