# This file was generated by Animated Java via MC-Build. It is not recommended to edit this file directly.
$data merge entity $(bone_left_eye) { transformation: [-0.03995808082633866f,-0.06775242628841727f,0.9969016804623756f,1.4390931877783222f,0f,0.9976984854007938f,0.06780657954035219f,1.6717243463026146f,-0.9992013569729957f,0.0027094207858309534f,-0.03986611671996058f,0.14971891131135068f,0f,0f,0f,1f], start_interpolation: 0, interpolation_duration: 1 }
$data merge entity $(bone_right_eye) { transformation: [-0.03995808082633866f,-0.06775242628841727f,0.9969016804623756f,1.4291036675717377f,0f,0.9976984854007938f,0.06780657954035219f,1.6717243463026146f,-0.9992013569729957f,0.0027094207858309534f,-0.03986611671996058f,-0.10008142793189825f,0f,0f,0f,1f], start_interpolation: 0, interpolation_duration: 1 }
$data merge entity $(bone_right_close) { transformation: [-0.03995808082633866f,-0.06775242628841727f,0.9969016804623756f,1.4248691409287115f,0f,0.9976984854007938f,0.06780657954035219f,1.7340805016401641f,-0.9992013569729957f,0.0027094207858309534f,-0.03986611671996058f,-0.09991208913278382f,0f,0f,0f,1f], start_interpolation: 0, interpolation_duration: 1 }
$data merge entity $(bone_left_close) { transformation: [-0.03995808082633866f,-0.06775242628841727f,0.9969016804623756f,1.434858661135296f,0f,0.9976984854007938f,0.06780657954035219f,1.7340805016401641f,-0.9992013569729957f,0.0027094207858309534f,-0.03986611671996058f,0.1498882501104651f,0f,0f,0f,1f], start_interpolation: 0, interpolation_duration: 1 }
$data merge entity $(bone_left_eyebrow) { transformation: [-0.03995808082633866f,-0.06775242628841727f,0.9969016804623756f,1.4364901654374778f,0f,0.9976984854007938f,0.06780657954035219f,1.7091338015939233f,-0.9992013569729957f,0.0027094207858309534f,-0.03986611671996058f,0.14982300622311434f,0f,0f,0f,1f], start_interpolation: 0, interpolation_duration: 1 }
$data merge entity $(bone_right_eyebrow) { transformation: [-0.03995808082633866f,-0.06775242628841727f,0.9969016804623756f,1.426500645230893f,0f,0.9976984854007938f,0.06780657954035219f,1.7091338015939233f,-0.9992013569729957f,0.0027094207858309534f,-0.03986611671996058f,-0.09997733302013459f,0f,0f,0f,1f], start_interpolation: 0, interpolation_duration: 1 }
$data merge entity $(bone_talking) { transformation: [-0.03995808082633866f,-0.06775242628841727f,0.9969016804623756f,1.7625683093916267f,0f,0.9976984854007938f,0.06780657954035219f,1.4434892810587763f,-0.9992013569729957f,0.0027094207858309534f,-0.03986611671996058f,0.011683225018280794f,0f,0f,0f,1f], start_interpolation: 0, interpolation_duration: 1 }
$data merge entity $(bone_m_opened) { transformation: [-0.03995808082633866f,-0.06775242628841727f,0.9969016804623756f,1.7625683093916267f,0f,0.9976984854007938f,0.06780657954035219f,1.4434892810587763f,-0.9992013569729957f,0.0027094207858309534f,-0.03986611671996058f,0.011683225018280794f,0f,0f,0f,1f], start_interpolation: 0, interpolation_duration: 1 }
$data merge entity $(bone_head) { transformation: [-0.03995808082633866f,-0.06775242628841727f,0.9969016804623756f,1.7002619543627282f,0f,0.9976984854007938f,0.06780657954035219f,1.4392513698375042f,-0.9992013569729957f,0.0027094207858309534f,-0.03986611671996058f,0.01417485731327833f,0f,0f,0f,1f], start_interpolation: 0, interpolation_duration: 1 }
$data merge entity $(item_display_r_item) { transformation: [-0.01748166036152316f,-0.4366929747354817f,0.01999718399376224f,1.5398862959268498f,0f,0.020013167370330823f,0.4370420152935037f,0.6957426538262895f,-0.43715059367568565f,0.017463360171603756f,-0.0007996877593747225f,-0.2921614925541032f,0f,0f,0f,1f], start_interpolation: 0, interpolation_duration: 1 }
$data merge entity $(bone_rightarm) { transformation: [-0.03995808082633866f,0.04570784912859918f,0.9981553708239581f,1.693223122985219f,0f,0.9989531778137228f,-0.04574438256075595f,1.3143703421397719f,-0.9992013569729957f,-0.0018278577357136424f,-0.03991625182080859f,-0.2982934351165253f,0f,0f,0f,1f], start_interpolation: 0, interpolation_duration: 1 }
$data merge entity $(item_display_l_item) { transformation: [-0.01748166036152316f,-0.4332883567015615f,-0.0579813892371061f,1.6772308062113863f,0f,-0.0580277326811848f,0.43363467601182565f,0.6783128813568253f,-0.43715059367568565f,0.017327209433183707f,0.002318676832643955f,0.3278456487830153f,0f,0f,0f,1f], start_interpolation: 0, interpolation_duration: 1 }
$data merge entity $(bone_leftarm) { transformation: [-0.03995808082633866f,-0.13252888968481416f,0.9903733867464264f,1.7181969235016807f,0f,0.9911649737413157f,0.13263481755699405f,1.3143703421397719f,-0.9992013569729957f,0.005299832760329049f,-0.03960505013299133f,0.32620741299159706f,0f,0f,0f,1f], start_interpolation: 0, interpolation_duration: 1 }
$data merge entity $(bone_body) { transformation: [-0.03995808082633866f,-0.043584551045774474f,0.9982503386860504f,1.732950367647059f,0f,0.9990482215818578f,0.043619387365336f,0.6899652036511108f,-0.9992013569729957f,0.001742947005939471f,-0.039920049587377764f,0.012867647058823727f,0f,0f,0f,1f], start_interpolation: 0, interpolation_duration: 1 }
$data merge entity $(bone_leftleg) { transformation: [-0.03995808082633866f,0.22355748268167214f,0.9738713486460673f,1.7379451277503513f,0f,0.9746497458693774f,-0.2237361680121437f,0.7546428571428573f,-0.9992013569729957f,-0.008940067885204524f,-0.038945133322819014f,0.13776781668044819f,0f,0f,0f,1f], start_interpolation: 0, interpolation_duration: 1 }
$data merge entity $(bone_rightleg) { transformation: [-0.03995808082633866f,-0.2421545567641189f,0.969414525584927f,1.7279556075437668f,0f,0.9701893605526061f,0.24234810638939447f,0.7773437499999999f,-0.9992013569729957f,0.009683765223217544f,-0.03876690488581485f,-0.11203252256280075f,0f,0f,0f,1f], start_interpolation: 0, interpolation_duration: 1 }
data modify entity @s data merge value {"locators":{},"cameras":{"camera":{"posx":6.125,"posy":0.6587229713747169,"posz":1.738596878154354,"roty":101.74142087125846,"rotx":-5.638913040063198}}}