# This file was generated by Animated Java via MC-Build. It is not recommended to edit this file directly.
$data merge entity $(bone_left_eye) { transformation: [-0.04361938736533576f,-0.06847243491198508f,0.9966989890147863f,1.4151158697909552f,0f,0.9976485293539166f,0.06853766758482212f,1.669063881628667f,-0.9990482215818578f,0.0029895710714989724f,-0.04351681765634603f,0.1526404954482303f,0f,0f,0f,1f], start_interpolation: 0, interpolation_duration: 1 }
$data merge entity $(bone_right_eye) { transformation: [-0.04361938736533576f,-0.06847243491198508f,0.9966989890147863f,1.4042110229496212f,0f,0.9976485293539166f,0.06853766758482212f,1.669063881628667f,-0.9990482215818578f,0.0029895710714989724f,-0.04351681765634603f,-0.09712155994723416f,0f,0f,0f,1f], start_interpolation: 0, interpolation_duration: 1 }
$data merge entity $(bone_right_close) { transformation: [-0.04361938736533576f,-0.06847243491198508f,0.9966989890147863f,1.399931495767622f,0f,0.9976485293539166f,0.06853766758482212f,1.7314169147132867f,-0.9990482215818578f,0.0029895710714989724f,-0.04351681765634603f,-0.09693471175526547f,0f,0f,0f,1f], start_interpolation: 0, interpolation_duration: 1 }
$data merge entity $(bone_left_close) { transformation: [-0.04361938736533576f,-0.06847243491198508f,0.9966989890147863f,1.410836342608956f,0f,0.9976485293539166f,0.06853766758482212f,1.7314169147132867f,-0.9990482215818578f,0.0029895710714989724f,-0.04351681765634603f,0.15282734364019898f,0f,0f,0f,1f], start_interpolation: 0, interpolation_duration: 1 }
$data merge entity $(bone_left_eyebrow) { transformation: [-0.04361938736533576f,-0.06847243491198508f,0.9966989890147863f,1.4124858597949423f,0f,0.9976485293539166f,0.06853766758482212f,1.7064714178752147f,-0.9990482215818578f,0.0029895710714989724f,-0.04351681765634603f,0.15275532416451504f,0f,0f,0f,1f], start_interpolation: 0, interpolation_duration: 1 }
$data merge entity $(bone_right_eyebrow) { transformation: [-0.04361938736533576f,-0.06847243491198508f,0.9966989890147863f,1.4015810129536084f,0f,0.9976485293539166f,0.06853766758482212f,1.7064714178752147f,-0.9990482215818578f,0.0029895710714989724f,-0.04351681765634603f,-0.09700673123094941f,0f,0f,0f,1f], start_interpolation: 0, interpolation_duration: 1 }
$data merge entity $(bone_talking) { transformation: [-0.04361938736533576f,-0.06847243491198508f,0.9966989890147863f,1.738249989165405f,0f,0.9976485293539166f,0.06853766758482212f,1.4410697704104445f,-0.9990482215818578f,0.0029895710714989724f,-0.04351681765634603f,0.01341306946501519f,0f,0f,0f,1f], start_interpolation: 0, interpolation_duration: 1 }
$data merge entity $(bone_m_opened) { transformation: [-0.04361938736533576f,-0.06847243491198508f,0.9966989890147863f,1.738249989165405f,0f,0.9976485293539166f,0.06853766758482212f,1.4410697704104445f,-0.9990482215818578f,0.0029895710714989724f,-0.04351681765634603f,0.01341306946501519f,0f,0f,0f,1f], start_interpolation: 0, interpolation_duration: 1 }
$data merge entity $(bone_head) { transformation: [-0.04361938736533576f,-0.06847243491198508f,0.9966989890147863f,1.675956302351981f,0f,0.9976485293539166f,0.06853766758482212f,1.4367861661863932f,-0.9990482215818578f,0.0029895710714989724f,-0.04351681765634603f,0.016132870568536815f,0f,0f,0f,1f], start_interpolation: 0, interpolation_duration: 1 }
$data merge entity $(item_display_r_item) { transformation: [-0.019083481972334393f,-0.4366675902075694f,0.01906531872605033f,1.515774139482665f,0f,0.019083481972334605f,0.4370835969420628f,0.692952423420667f,-0.4370835969420628f,0.01906531872605012f,-0.0008324097924306646f,-0.2896711392770015f,0f,0f,0f,1f], start_interpolation: 0, interpolation_duration: 1 }
$data merge entity $(bone_rightarm) { transformation: [-0.04361938736533576f,0.0435778713738291f,0.9980973490458729f,1.6677724777220422f,0f,0.9990482215818578f,-0.043619387365336014f,1.311905138488661f,-0.9990482215818578f,-0.0019026509541272237f,-0.04357787137382885f,-0.2963075300450596f,0f,0f,0f,1f], start_interpolation: 0, interpolation_duration: 1 }
$data merge entity $(item_display_l_item) { transformation: [-0.019083481972334393f,-0.4333442861789899f,-0.057050857590691145f,1.652723166760939f,0f,-0.05710520909627248f,0.43375712685104206f,0.6759363261025231f,-0.4370835969420628f,0.018920220138590682f,0.002490894236148804f,0.3299449652887005f,0f,0f,0f,1f], start_interpolation: 0, interpolation_duration: 1 }
$data merge entity $(bone_leftarm) { transformation: [-0.04361938736533576f,-0.13040196020729428f,0.990501225551977f,1.695034594825377f,0f,0.9914448613738104f,0.1305261922200516f,1.311905138488661f,-0.9990482215818578f,0.005693472539768705f,-0.04324621745963585f,0.3280976084436015f,0f,0f,0f,1f], start_interpolation: 0, interpolation_duration: 1 }
$data merge entity $(bone_body) { transformation: [-0.04361938736533576f,-0.04357787137382909f,0.9980973490458729f,1.7086397058823528f,0f,0.9990482215818578f,0.043619387365336f,0.6875f,-0.9990482215818578f,0.0019026509541272233f,-0.04357787137382885f,0.014705882352941398f,0f,0f,0f,1f], start_interpolation: 0, interpolation_duration: 1 }
$data merge entity $(bone_leftleg) { transformation: [-0.04361938736533576f,0.258572706721188f,0.9650064789340802f,1.7140921293030198f,0f,0.9659258262890683f,-0.25881904510252074f,0.745f,-0.9990482215818578f,-0.01128952818585316f,-0.042133092783084886f,0.1395869100506736f,0f,0f,0f,1f], start_interpolation: 0, interpolation_duration: 1 }
$data merge entity $(bone_rightleg) { transformation: [-0.04361938736533576f,-0.258572706721188f,0.9650064789340802f,1.7031872824616858f,0f,0.9659258262890683f,0.25881904510252074f,0.7845594618055556f,-0.9990482215818578f,0.01128952818585316f,-0.042133092783084886f,-0.11017514534479082f,0f,0f,0f,1f], start_interpolation: 0, interpolation_duration: 1 }
data modify entity @s data merge value {"locators":{},"cameras":{"camera":{"posx":6.125,"posy":0.6601652133617089,"posz":1.7367751270028464,"roty":101.64862709360557,"rotx":-5.6299313993770665}}}
execute on vehicle unless entity @s[tag=aj.transforms_only] at @s run function animated_java:humanentity/animations/000_mur_0/zzz/frames/zzz/17