# This file was generated by Animated Java via MC-Build. It is not recommended to edit this file directly.
$data merge entity $(bone_left_eye) { transformation: [-0.04398254430364322f,-0.07929816044554094f,0.9958801823244258f,1.388349393810562f,0f,0.9968448293884729f,0.07937497163127977f,1.668228060605009f,-0.9990322996763308f,0.0034911132063731856f,-0.04384377187243617f,0.154695745104273f,0f,0f,0f,1f], start_interpolation: 0, interpolation_duration: 1 }
$data merge entity $(bone_right_eye) { transformation: [-0.04398254430364322f,-0.07929816044554094f,0.9958801823244258f,1.377353757734651f,0f,0.9968448293884729f,0.07937497163127977f,1.668228060605009f,-0.9990322996763308f,0.0034911132063731856f,-0.04384377187243617f,-0.09506232981480969f,0f,0f,0f,1f], start_interpolation: 0, interpolation_duration: 1 }
$data merge entity $(bone_right_close) { transformation: [-0.04398254430364322f,-0.07929816044554094f,0.9958801823244258f,1.3723976227068047f,0f,0.9968448293884729f,0.07937497163127977f,1.7305308624417886f,-0.9990322996763308f,0.0034911132063731856f,-0.04384377187243617f,-0.09484413523941138f,0f,0f,0f,1f], start_interpolation: 0, interpolation_duration: 1 }
$data merge entity $(bone_left_close) { transformation: [-0.04398254430364322f,-0.07929816044554094f,0.9958801823244258f,1.3833932587827156f,0f,0.9968448293884729f,0.07937497163127977f,1.7305308624417886f,-0.9990322996763308f,0.0034911132063731856f,-0.04384377187243617f,0.15491393967967132f,0f,0f,0f,1f], start_interpolation: 0, interpolation_duration: 1 }
$data merge entity $(bone_left_eyebrow) { transformation: [-0.04398254430364322f,-0.07929816044554094f,0.9958801823244258f,1.3853134702824588f,0f,0.9968448293884729f,0.07937497163127977f,1.70560478077135f,-0.9990322996763308f,0.0034911132063731856f,-0.04384377187243617f,0.15482940208525403f,0f,0f,0f,1f], start_interpolation: 0, interpolation_duration: 1 }
$data merge entity $(bone_right_eyebrow) { transformation: [-0.04398254430364322f,-0.07929816044554094f,0.9958801823244258f,1.374317834206548f,0f,0.9968448293884729f,0.07937497163127977f,1.70560478077135f,-0.9990322996763308f,0.0034911132063731856f,-0.04384377187243617f,-0.09492867283382868f,0f,0f,0f,1f], start_interpolation: 0, interpolation_duration: 1 }
$data merge entity $(bone_talking) { transformation: [-0.04398254430364322f,-0.07929816044554094f,0.9958801823244258f,1.7138886728603748f,0f,0.9968448293884729f,0.07937497163127977f,1.4438215318926657f,-0.9990322996763308f,0.0034911132063731856f,-0.04384377187243617f,0.015242750633002056f,0f,0f,0f,1f], start_interpolation: 0, interpolation_duration: 1 }
$data merge entity $(bone_m_opened) { transformation: [-0.04398254430364322f,-0.07929816044554094f,0.9958801823244258f,1.7138886728603748f,0f,0.9968448293884729f,0.07937497163127977f,1.4438215318926657f,-0.9990322996763308f,0.0034911132063731856f,-0.04384377187243617f,0.015242750633002056f,0f,0f,0f,1f], start_interpolation: 0, interpolation_duration: 1 }
$data merge entity $(bone_head) { transformation: [-0.04398254430364322f,-0.07929816044554094f,0.9958801823244258f,1.6516461614650981f,0f,0.9968448293884729f,0.07937497163127977f,1.4388605961657108f,-0.9990322996763308f,0.0034911132063731856f,-0.04384377187243617f,0.017982986375029316f,0f,0f,0f,1f], start_interpolation: 0, interpolation_duration: 1 }
$data merge entity $(item_display_r_item) { transformation: [-0.019242363132843908f,-0.4367880361885297f,0.015880582597357352f,1.4958656351431632f,0f,0.015895965127956706f,0.4372111255362228f,0.693933950595648f,-0.43707663110839473f,0.019229657698942637f,-0.0006991449904895234f,-0.28796145225666f,0f,0f,0f,1f], start_interpolation: 0, interpolation_duration: 1 }
$data merge entity $(bone_rightarm) { transformation: [-0.04398254430364322f,0.03629847450824515f,0.9983726541452107f,1.6433487634789676f,0f,0.9993397155113665f,-0.03633363457818653f,1.3139795684679787f,-0.9990322996763308f,-0.0015980456925474723f,-0.04395350331186888f,-0.29445441872848577f,0f,0f,0f,1f], start_interpolation: 0, interpolation_duration: 1 }
$data merge entity $(item_display_l_item) { transformation: [-0.019242363132843908f,-0.43374184186938053f,-0.053888737903397536f,1.623895524425204f,0f,-0.05394093656517067f,0.43416198055849187f,0.6783364715086557f,-0.43707663110839473f,0.019095548544871353f,0.0023724596322576273f,0.332007411535959f,0f,0f,0f,1f], start_interpolation: 0, interpolation_duration: 1 }
$data merge entity $(bone_leftarm) { transformation: [-0.04398254430364322f,-0.12317425806490888f,0.9914099242728698f,1.6708378536687447f,0f,0.9923702412765528f,0.1232935692918189f,1.3139795684679787f,-0.9990322996763308f,0.005422764873731729f,-0.04364696810256309f,0.32994076856922094f,0f,0f,0f,1f], start_interpolation: 0, interpolation_duration: 1 }
$data merge entity $(bone_body) { transformation: [-0.04398254430364322f,-0.043577176870064314f,0.9980814422944719f,1.6843290441176464f,0f,0.9990482215818578f,0.043619387365336f,0.6895744299793175f,-0.9990322996763308f,0.001918491637293666f,-0.043940682667200026f,0.016544117647059067f,0f,0f,0f,1f], start_interpolation: 0, interpolation_duration: 1 }
$data merge entity $(bone_leftleg) { transformation: [-0.04398254430364322f,0.22473336913576622f,0.9734271665581691f,1.6898268621556018f,0f,0.9743700647852354f,-0.2249510543438645f,0.7450672222222222f,-0.9990322996763308f,-0.009893919713830274f,-0.04285527454256033f,0.14142315510660042f,0f,0f,0f,1f], start_interpolation: 0, interpolation_duration: 1 }
$data merge entity $(bone_rightleg) { transformation: [-0.04398254430364322f,-0.25457414222963554f,0.9660525564919453f,1.678831226079691f,0f,0.9669883113938655f,0.2548207323347935f,0.7916666666666667f,-0.9990322996763308f,0.011207664149401867f,-0.04253060624698584f,-0.10833491981248228f,0f,0f,0f,1f], start_interpolation: 0, interpolation_duration: 1 }
data modify entity @s data merge value {"locators":{},"cameras":{"camera":{"posx":6.125,"posy":0.6616036734290308,"posz":1.7348766479793107,"roty":101.55663182524641,"rotx":-5.621495984769685}}}