# This file was generated by Animated Java via MC-Build. It is not recommended to edit this file directly.
$data merge entity $(bone_left_eye) { transformation: [-0.04433317307488037f,-0.0959653391039074f,0.9943969144440186f,1.3602870899620838f,0f,0.9953755661648538f,0.09605978493624094f,1.6700235769047922f,-0.9990168015429534f,0.0042586350711141556f,-0.0441281572492935f,0.15680649060126353f,0f,0f,0f,1f], start_interpolation: 0, interpolation_duration: 1 }
$data merge entity $(bone_right_eye) { transformation: [-0.04433317307488037f,-0.0959653391039074f,0.9943969144440186f,1.3492037966933637f,0f,0.9953755661648538f,0.09605978493624094f,1.6700235769047922f,-0.9990168015429534f,0.0042586350711141556f,-0.0441281572492935f,-0.09294770978447481f,0f,0f,0f,1f], start_interpolation: 0, interpolation_duration: 1 }
$data merge entity $(bone_right_close) { transformation: [-0.04433317307488037f,-0.0959653391039074f,0.9943969144440186f,1.3432059629993696f,0f,0.9953755661648538f,0.09605978493624094f,1.7322345497900955f,-0.9990168015429534f,0.0042586350711141556f,-0.0441281572492935f,-0.09268154509253018f,0f,0f,0f,1f], start_interpolation: 0, interpolation_duration: 1 }
$data merge entity $(bone_left_close) { transformation: [-0.04433317307488037f,-0.0959653391039074f,0.9943969144440186f,1.3542892562680897f,0f,0.9953755661648538f,0.09605978493624094f,1.7322345497900955f,-0.9990168015429534f,0.0042586350711141556f,-0.0441281572492935f,0.15707265529320816f,0f,0f,0f,1f], start_interpolation: 0, interpolation_duration: 1 }
$data merge entity $(bone_left_eyebrow) { transformation: [-0.04433317307488037f,-0.0959653391039074f,0.9943969144440186f,1.3566262399385345f,0f,0.9953755661648538f,0.09605978493624094f,1.7073441568994157f,-0.9990168015429534f,0.0042586350711141556f,-0.0441281572492935f,0.1569689474262584f,0f,0f,0f,1f], start_interpolation: 0, interpolation_duration: 1 }
$data merge entity $(bone_right_eyebrow) { transformation: [-0.04433317307488037f,-0.0959653391039074f,0.9943969144440186f,1.3455429466698143f,0f,0.9953755661648538f,0.09605978493624094f,1.7073441568994157f,-0.9990168015429534f,0.0042586350711141556f,-0.0441281572492935f,-0.09278525295947995f,0f,0f,0f,1f], start_interpolation: 0, interpolation_duration: 1 }
$data merge entity $(bone_talking) { transformation: [-0.04433317307488037f,-0.0959653391039074f,0.9943969144440186f,1.6894858138674564f,0f,0.9953755661648538f,0.09605978493624094f,1.451198368156154f,-0.9990168015429534f,0.0042586350711141556f,-0.0441281572492935f,0.0170746825002116f,0f,0f,0f,1f], start_interpolation: 0, interpolation_duration: 1 }
$data merge entity $(bone_m_opened) { transformation: [-0.04433317307488037f,-0.0959653391039074f,0.9943969144440186f,1.6894858138674564f,0f,0.9953755661648538f,0.09605978493624094f,1.451198368156154f,-0.9990168015429534f,0.0042586350711141556f,-0.0441281572492935f,0.0170746825002116f,0f,0f,0f,1f], start_interpolation: 0, interpolation_duration: 1 }
$data merge entity $(bone_head) { transformation: [-0.04433317307488037f,-0.0959653391039074f,0.9943969144440186f,1.6273360067147054f,0f,0.9953755661648538f,0.09605978493624094f,1.445194631597639f,-0.9990168015429534f,0.0042586350711141556f,-0.0441281572492935f,0.01983269232829244f,0f,0f,0f,1f], start_interpolation: 0, interpolation_duration: 1 }
$data merge entity $(item_display_r_item) { transformation: [-0.01939576322026016f,-0.43691740344513225f,0.011542830496337697f,1.4776056510418005f,0f,0.011554190558667405f,0.43734740273669626f,0.6988327972928168f,-0.4370698506750421f,0.019388998099375363f,-0.0005122339297775505f,-0.2863303048855627f,0f,0f,0f,1f], start_interpolation: 0, interpolation_duration: 1 }
$data merge entity $(bone_rightarm) { transformation: [-0.04433317307488037f,0.026383612563057372f,0.9986683507317309f,1.6189289527351778f,0f,0.9996512062553058f,-0.026409578419810988f,1.3203136038999066f,-0.9990168015429534f,-0.0011708204109201056f,-0.0443177099414294f,-0.29260178138506643f,0f,0f,0f,1f], start_interpolation: 0, interpolation_duration: 1 }
$data merge entity $(item_display_l_item) { transformation: [-0.01939576322026016f,-0.43424877685073426f,-0.04957876735806185f,1.5933929173182853f,0f,-0.049627561099561936f,0.4346761497705036f,0.6851683724850266f,-0.4370698506750421f,0.019270572979298354f,0.0022001472555110793f,0.3341465300654917f,0f,0f,0f,1f], start_interpolation: 0, interpolation_duration: 1 }
$data merge entity $(bone_leftarm) { transformation: [-0.04433317307488037f,-0.1133228968184273f,0.9925686328016783f,1.646637185906978f,0f,0.9935454851897225f,0.1134344253704275f,1.3203136038999066f,-0.9990168015429534f,0.0050289080125967625f,-0.04404702395268195f,0.33178371957927943f,0f,0f,0f,1f], start_interpolation: 0, interpolation_duration: 1 }
$data merge entity $(bone_body) { transformation: [-0.04433317307488037f,-0.04357650085098108f,0.9980659589118833f,1.660018382352941f,0f,0.9990482215818578f,0.043619387365336f,0.6959084654112455f,-0.9990168015429534f,0.0019337858494876908f,-0.04429097771753993f,0.018382352941176672f,0f,0f,0f,1f], start_interpolation: 0, interpolation_duration: 1 }
$data merge entity $(bone_leftleg) { transformation: [-0.04433317307488037f,0.1906213922667002f,0.980662049115503f,1.6655600289873012f,0f,0.9816271834476639f,-0.19080899537654503f,0.7462183333333333f,-0.9990168015429534f,-0.00845916821627242f,-0.043518647818792625f,0.14325945313404584f,0f,0f,0f,1f], start_interpolation: 0, interpolation_duration: 1 }
$data merge entity $(bone_rightleg) { transformation: [-0.04433317307488037f,-0.23817350151961691f,0.970210262231336f,1.654476735718581f,0f,0.9711651102692903f,0.23840790380278354f,0.7983398437499999f,-0.9990168015429534f,0.010569378861708232f,-0.043054830917853726f,-0.1064947472516925f,0f,0f,0f,1f], start_interpolation: 0, interpolation_duration: 1 }
data modify entity @s data merge value {"locators":{},"cameras":{"camera":{"posx":6.125,"posy":0.6630383247862246,"posz":1.7329027270257362,"roty":101.46544053956721,"rotx":-5.613631703433126}}}