# This file was generated by Animated Java via MC-Build. It is not recommended to edit this file directly.
$data merge entity $(bone_left_eye) { transformation: [-0.04467127421856652f,-0.11339648677560758f,0.9925450690254017f,1.332124357996463f,0f,0.9935368767817016f,0.11350979902573205f,1.6754129782655134f,-0.9990017403686992f,0.005070627358772851f,-0.044382558268973527f,0.15892050239900044f,0f,0f,0f,1f], start_interpolation: 0, interpolation_duration: 1 }
$data merge entity $(bone_right_eye) { transformation: [-0.04467127421856652f,-0.11339648677560758f,0.9925450690254017f,1.3209565394418212f,0f,0.9935368767817016f,0.11350979902573205f,1.6754129782655134f,-0.9990017403686992f,0.005070627358772851f,-0.044382558268973527f,-0.09082993269317435f,0f,0f,0f,1f], start_interpolation: 0, interpolation_duration: 1 }
$data merge entity $(bone_right_close) { transformation: [-0.04467127421856652f,-0.11339648677560758f,0.9925450690254017f,1.3138692590183456f,0f,0.9935368767817016f,0.11350979902573205f,1.7375090330643697f,-0.9990017403686992f,0.005070627358772851f,-0.044382558268973527f,-0.09051301848325105f,0f,0f,0f,1f], start_interpolation: 0, interpolation_duration: 1 }
$data merge entity $(bone_left_close) { transformation: [-0.04467127421856652f,-0.11339648677560758f,0.9925450690254017f,1.3250370775729874f,0f,0.9935368767817016f,0.11350979902573205f,1.7375090330643697f,-0.9990017403686992f,0.005070627358772851f,-0.044382558268973527f,0.15923741660892374f,0f,0f,0f,1f], start_interpolation: 0, interpolation_duration: 1 }
$data merge entity $(bone_left_eyebrow) { transformation: [-0.04467127421856652f,-0.11339648677560758f,0.9925450690254017f,1.3278099556755636f,0f,0.9935368767817016f,0.11350979902573205f,1.712663516782388f,-0.9990017403686992f,0.005070627358772851f,-0.044382558268973527f,0.15911342483484625f,0f,0f,0f,1f], start_interpolation: 0, interpolation_duration: 1 }
$data merge entity $(bone_right_eyebrow) { transformation: [-0.04467127421856652f,-0.11339648677560758f,0.9925450690254017f,1.316642137120922f,0f,0.9935368767817016f,0.11350979902573205f,1.712663516782388f,-0.9990017403686992f,0.005070627358772851f,-0.044382558268973527f,-0.09063701025732857f,0f,0f,0f,1f], start_interpolation: 0, interpolation_duration: 1 }
$data merge entity $(bone_talking) { transformation: [-0.04467127421856652f,-0.11339648677560758f,0.9925450690254017f,1.665059904483482f,0f,0.9935368767817016f,0.11350979902573205f,1.4625005712656292f,-0.9990017403686992f,0.005070627358772851f,-0.044382558268973527f,0.0189080785541656f,0f,0f,0f,1f], start_interpolation: 0, interpolation_duration: 1 }
$data merge entity $(bone_m_opened) { transformation: [-0.04467127421856652f,-0.11339648677560758f,0.9925450690254017f,1.665059904483482f,0f,0.9935368767817016f,0.11350979902573205f,1.4625005712656292f,-0.9990017403686992f,0.005070627358772851f,-0.044382558268973527f,0.0189080785541656f,0f,0f,0f,1f], start_interpolation: 0, interpolation_duration: 1 }
$data merge entity $(bone_head) { transformation: [-0.04467127421856652f,-0.11339648677560758f,0.9925450690254017f,1.6030258376693944f,0f,0.9935368767817016f,0.11350979902573205f,1.455406208826521f,-0.9990017403686992f,0.005070627358772851f,-0.044382558268973527f,0.021681988445976446f,0f,0f,0f,1f], start_interpolation: 0, interpolation_duration: 1 }
$data merge entity $(item_display_r_item) { transformation: [-0.019543682470622853f,-0.4370185014880126f,0.006254904688274325f,1.460715037839885f,0f,0.006261154946502739f,0.4374551953500334f,0.7073780891848844f,-0.43706326141130586f,0.019541680989817928f,-0.00027969376954015796f,-0.28476672216744564f,0f,0f,0f,1f], start_interpolation: 0, interpolation_duration: 1 }
$data merge entity $(bone_rightarm) { transformation: [-0.04467127421856652f,0.014296925001769663f,0.9988994319726002f,1.594513044962566f,0f,0.999897589371505f,-0.014311211306291753f,1.3305251811287886f,-0.9990017403686992f,-0.0006393000446632082f,-0.04466669940529812f,-0.2907496221210224f,0f,0f,0f,1f], start_interpolation: 0, interpolation_duration: 1 }
$data merge entity $(item_display_l_item) { transformation: [-0.019543682470622853f,-0.4348103632864354f,-0.044319774979184184f,1.5615150232375945f,0f,-0.0443640618311908f,0.4352448506505715f,0.6960713768190606f,-0.43706326141130586f,0.019442942075630708f,0.001981799171510565f,0.3363504502431511f,0f,0f,0f,1f], start_interpolation: 0, interpolation_duration: 1 }
$data merge entity $(bone_leftarm) { transformation: [-0.04467127421856652f,-0.10130234280956407f,0.9938522589404238f,1.62243259134917f,0f,0.9948453729155919f,0.1014035698998649f,1.3305251811287886f,-0.9990017403686992f,0.004529826677738444f,-0.04444101045858448f,0.33362646560941456f,0f,0f,0f,1f], start_interpolation: 0, interpolation_duration: 1 }
$data merge entity $(bone_body) { transformation: [-0.04467127421856652f,-0.04357584389178711f,0.9980509120725297f,1.6357077205882349f,0f,0.9990482215818578f,0.043619387365336f,0.7061200426401275f,-0.9990017403686992f,0.0019485336142428004f,-0.04462875706385438f,0.020220588235294344f,0f,0f,0f,1f], start_interpolation: 0, interpolation_duration: 1 }
$data merge entity $(bone_leftleg) { transformation: [-0.04467127421856652f,0.1562783028288368f,0.9867023711964151f,1.6412916298655558f,0f,0.9876883405951378f,-0.15643446504023062f,0.7483150000000001f,-0.9990017403686992f,-0.0069881268850469f,-0.04412129670520633f,0.14509580578138173f,0f,0f,0f,1f], start_interpolation: 0, interpolation_duration: 1 }
$data merge entity $(bone_rightleg) { transformation: [-0.04467127421856652f,-0.2111138394419942f,0.9764401794558383f,1.630123811310914f,0f,0.9774158942860959f,0.21132479645538846f,0.8042534722222223f,-0.9990017403686992f,0.009440147931641413f,-0.043662413439239614f,-0.10465462931079306f,0f,0f,0f,1f], start_interpolation: 0, interpolation_duration: 1 }
data modify entity @s data merge value {"locators":{},"cameras":{"camera":{"posx":6.125,"posy":0.6644691406428325,"posz":1.730854650084112,"roty":101.37505869768853,"rotx":-5.60636346478224}}}