# This file was generated by Animated Java via MC-Build. It is not recommended to edit this file directly.
$data merge entity $(bone_left_eye) { transformation: [-0.0449968482622579f,-0.12654435592032576f,0.9909398617631513f,1.3049692055250923f,0f,0.9919445737852246f,0.1266726589996796f,1.6843541448827795f,-0.9989871288692679f,0.005699870415985321f,-0.04463437947118384f,0.16098782832579073f,0f,0f,0f,1f], start_interpolation: 0, interpolation_duration: 1 }
$data merge entity $(bone_right_eye) { transformation: [-0.0449968482622579f,-0.12654435592032576f,0.9909398617631513f,1.2937199934595278f,0f,0.9919445737852246f,0.1266726589996796f,1.6843541448827795f,-0.9989871288692679f,0.005699870415985321f,-0.04463437947118384f,-0.08875895389152624f,0f,0f,0f,1f], start_interpolation: 0, interpolation_duration: 1 }
$data merge entity $(bone_right_close) { transformation: [-0.0449968482622579f,-0.12654435592032576f,0.9909398617631513f,1.2858109712145076f,0f,0.9919445737852246f,0.1266726589996796f,1.746350680744356f,-0.9989871288692679f,0.005699870415985321f,-0.04463437947118384f,-0.08840271199052716f,0f,0f,0f,1f], start_interpolation: 0, interpolation_duration: 1 }
$data merge entity $(bone_left_close) { transformation: [-0.0449968482622579f,-0.12654435592032576f,0.9909398617631513f,1.297060183280072f,0f,0.9919445737852246f,0.1266726589996796f,1.746350680744356f,-0.9989871288692679f,0.005699870415985321f,-0.04463437947118384f,0.16134407022678982f,0f,0f,0f,1f], start_interpolation: 0, interpolation_duration: 1 }
$data merge entity $(bone_left_eyebrow) { transformation: [-0.0449968482622579f,-0.12654435592032576f,0.9909398617631513f,1.30016185843672f,0f,0.9919445737852246f,0.1266726589996796f,1.721544149358538f,-0.9989871288692679f,0.005699870415985321f,-0.04463437947118384f,0.1612043631151071f,0f,0f,0f,1f], start_interpolation: 0, interpolation_duration: 1 }
$data merge entity $(bone_right_eyebrow) { transformation: [-0.0449968482622579f,-0.12654435592032576f,0.9909398617631513f,1.2889126463711555f,0f,0.9919445737852246f,0.1266726589996796f,1.721544149358538f,-0.9989871288692679f,0.005699870415985321f,-0.04463437947118384f,-0.08854241910220985f,0f,0f,0f,1f], start_interpolation: 0, interpolation_duration: 1 }
$data merge entity $(bone_talking) { transformation: [-0.0449968482622579f,-0.12654435592032576f,0.9909398617631513f,1.6406493952733765f,0f,0.9919445737852246f,0.1266726589996796f,1.4759532073738733f,-0.9989871288692679f,0.005699870415985321f,-0.04463437947118384f,0.020741226028390965f,0f,0f,0f,1f], start_interpolation: 0, interpolation_duration: 1 }
$data merge entity $(bone_m_opened) { transformation: [-0.0449968482622579f,-0.12654435592032576f,0.9909398617631513f,1.6406493952733765f,0f,0.9919445737852246f,0.1266726589996796f,1.4759532073738733f,-0.9989871288692679f,0.005699870415985321f,-0.04463437947118384f,0.020741226028390965f,0f,0f,0f,1f], start_interpolation: 0, interpolation_duration: 1 }
$data merge entity $(bone_head) { transformation: [-0.0449968482622579f,-0.12654435592032576f,0.9909398617631513f,1.5787156539131795f,0f,0.9919445737852246f,0.1266726589996796f,1.4680361661863932f,-0.9989871288692679f,0.005699870415985321f,-0.04463437947118384f,0.023530874745339953f,0f,0f,0f,1f], start_interpolation: 0, interpolation_duration: 1 }
$data merge entity $(item_display_r_item) { transformation: [-0.01968612111473783f,-0.4370568133251505f,0.0002203667860974193f,1.4449128547194334f,0f,0.00022059021555847482f,0.4374999443885185f,0.7182182437095084f,-0.4370568688803047f,0.01968611861239644f,-0.000009925864457623611f,-0.283259159771432f,0f,0f,0f,1f], start_interpolation: 0, interpolation_duration: 1 }
$data merge entity $(bone_rightarm) { transformation: [-0.0449968482622579f,0.0005036955110795938f,0.9989870018860583f,1.5701010396496156f,0f,0.9999998728880424f,-0.0005042062069905776f,1.343155138488661f,-0.9989871288692679f,-0.00002268769018884398f,-0.04499684254262044f,-0.2888979448956276f,0f,0f,0f,1f], start_interpolation: 0, interpolation_duration: 1 }
$data merge entity $(item_display_l_item) { transformation: [-0.01968612111473783f,-0.4353744739684695f,-0.03831153941222364f,1.5285621335542838f,0f,-0.03835038340843055f,0.43581589931119585f,0.7096037442131155f,-0.4370568688803047f,0.019610341891585347f,0.0017256463830285628f,0.33860675635521986f,0f,0f,0f,1f], start_interpolation: 0, interpolation_duration: 1 }
$data merge entity $(bone_leftarm) { transformation: [-0.0449968482622579f,-0.0875692329422257f,0.9951416547850731f,1.5982240698135268f,0f,0.9961506269970191f,0.08765801921927005f,1.343155138488661f,-0.9989871288692679f,0.003944334589779582f,-0.04482363860933793f,0.3354690106476649f,0f,0f,0f,1f], start_interpolation: 0, interpolation_duration: 1 }
$data merge entity $(bone_body) { transformation: [-0.0449968482622579f,-0.04357520654713343f,0.9980363144800083f,1.6113970588235296f,0f,0.9990482215818578f,0.043619387365336f,0.71875f,-0.9989871288692679f,0.0019627349545706736f,-0.044954021233197465f,0.022058823529411947f,0f,0f,0f,1f], start_interpolation: 0, interpolation_duration: 1 }
$data merge entity $(bone_leftleg) { transformation: [-0.0449968482622579f,0.12174590546549162f,0.9915408302984052f,1.6170216648563118f,0f,0.992546151641322f,-0.12186934340514798f,0.7512188888888889f,-0.9989871288692679f,-0.005483736353022444f,-0.044661448578692586f,0.14693221463807044f,0f,0f,0f,1f], start_interpolation: 0, interpolation_duration: 1 }
$data merge entity $(bone_rightleg) { transformation: [-0.0449968482622579f,-0.175125526209631f,0.9835173276136334f,1.6057724527907473f,0f,0.9845145139425926f,0.1753030856442083f,0.80908203125f,-0.9989871288692679f,0.007888086344638043f,-0.04430005019586543f,-0.10281456757924654f,0f,0f,0f,1f], start_interpolation: 0, interpolation_duration: 1 }
data modify entity @s data merge value {"locators":{},"cameras":{"camera":{"posx":6.125,"posy":0.6658960942083958,"posz":1.7287337030964276,"roty":101.2854917489369,"rotx":-5.5997161800642585}}}