# This file was generated by Animated Java via MC-Build. It is not recommended to edit this file directly.
$data merge entity $(bone_left_eye) { transformation: [-0.045309895720748714f,-0.13039213911732894f,0.9904266269674813f,1.2798645004893774f,0f,0.9914448613738104f,0.1305261922200516f,1.6958957908347057f,-0.9989729792891172f,0.0059141281583169406f,-0.04492226328171952f,0.16296007151437314f,0f,0f,0f,1f], start_interpolation: 0, interpolation_duration: 1 }
$data merge entity $(bone_right_eye) { transformation: [-0.045309895720748714f,-0.13039213911732894f,0.9904266269674813f,1.2685370265591902f,0f,0.9914448613738104f,0.1305261922200516f,1.6958957908347057f,-0.9989729792891172f,0.0059141281583169406f,-0.04492226328171952f,-0.08678317330790618f,0f,0f,0f,1f], start_interpolation: 0, interpolation_duration: 1 }
$data merge entity $(bone_right_close) { transformation: [-0.045309895720748714f,-0.13039213911732894f,0.9904266269674813f,1.2603875178643573f,0f,0.9914448613738104f,0.1305261922200516f,1.7578610946705688f,-0.9989729792891172f,0.0059141281583169406f,-0.04492226328171952f,-0.08641354029801138f,0f,0f,0f,1f], start_interpolation: 0, interpolation_duration: 1 }
$data merge entity $(bone_left_close) { transformation: [-0.045309895720748714f,-0.13039213911732894f,0.9904266269674813f,1.2717149917945445f,0f,0.9914448613738104f,0.1305261922200516f,1.7578610946705688f,-0.9989729792891172f,0.0059141281583169406f,-0.04492226328171952f,0.16332970452426793f,0f,0f,0f,1f], start_interpolation: 0, interpolation_duration: 1 }
$data merge entity $(bone_left_eyebrow) { transformation: [-0.045309895720748714f,-0.13039213911732894f,0.9904266269674813f,1.274912893608292f,0f,0.9914448613738104f,0.1305261922200516f,1.7330668152492097f,-0.9989729792891172f,0.0059141281583169406f,-0.04492226328171952f,0.16318465896176512f,0f,0f,0f,1f], start_interpolation: 0, interpolation_duration: 1 }
$data merge entity $(bone_right_eyebrow) { transformation: [-0.045309895720748714f,-0.13039213911732894f,0.9904266269674813f,1.263585419678105f,0f,0.9914448613738104f,0.1305261922200516f,1.7330668152492097f,-0.9989729792891172f,0.0059141281583169406f,-0.04492226328171952f,-0.08655858586051418f,0f,0f,0f,1f], start_interpolation: 0, interpolation_duration: 1 }
$data merge entity $(bone_talking) { transformation: [-0.045309895720748714f,-0.13039213911732894f,0.9904266269674813f,1.616307119230954f,0f,0.9914448613738104f,0.1305261922200516f,1.4888240105600192f,-0.9989729792891172f,0.0059141281583169406f,-0.04492226328171952f,0.02257170978811689f,0f,0f,0f,1f], start_interpolation: 0, interpolation_duration: 1 }
$data merge entity $(bone_m_opened) { transformation: [-0.045309895720748714f,-0.13039213911732894f,0.9904266269674813f,1.616307119230954f,0f,0.9914448613738104f,0.1305261922200516f,1.4888240105600192f,-0.9989729792891172f,0.0059141281583169406f,-0.04492226328171952f,0.02257170978811689f,0f,0f,0f,1f], start_interpolation: 0, interpolation_duration: 1 }
$data merge entity $(bone_head) { transformation: [-0.045309895720748714f,-0.13039213911732894f,0.9904266269674813f,1.5544054550454864f,0f,0.9914448613738104f,0.1305261922200516f,1.480666123546266f,-0.9989729792891172f,0.0059141281583169406f,-0.04492226328171952f,0.02537935124322436f,0f,0f,0f,1f], start_interpolation: 0, interpolation_duration: 1 }
$data merge entity $(item_display_r_item) { transformation: [-0.01982307937782756f,-0.43700445243097397f,-0.006356420335771312f,1.4299151218010373f,0f,-0.00636295522256731f,0.43745372646810954f,0.7290332136876434f,-0.43705067843898876f,0.019820982728922975f,0.00028830483761031837f,-0.2817954796524202f,0f,0f,0f,1f], start_interpolation: 0, interpolation_duration: 1 }
$data merge entity $(bone_rightarm) { transformation: [-0.045309895720748714f,-0.014528960767477506f,0.9988673198422262f,1.545692936301642f,0f,0.9998942319271076f,0.014543897651582646f,1.3557850958485336f,-0.9989729792891172f,0.000658982485966452f,-0.045305103380395374f,-0.2870467535212406f,0f,0f,0f,1f], start_interpolation: 0, interpolation_duration: 1 }
$data merge entity $(item_display_l_item) { transformation: [-0.01982307937782756f,-0.4358955170898032f,-0.03175521539831706f,1.494834638241905f,0f,-0.031787862191142054f,0.43634365105650036f,0.7233547765703496f,-0.43705067843898876f,0.019770685327780795f,0.0014403047210661774f,0.34090254759801475f,0f,0f,0f,1f], start_interpolation: 0, interpolation_duration: 1 }
$data merge entity $(bone_leftarm) { transformation: [-0.045309895720748714f,-0.07258334948186779f,0.9963326104909787f,1.57401162112711f,0f,0.9973569167005722f,0.07265797072261063f,1.3557850958485336f,-0.9989729792891172f,0.003292125076722701f,-0.04519013789207039f,0.33731135853445765f,0f,0f,0f,1f], start_interpolation: 0, interpolation_duration: 1 }
$data merge entity $(bone_body) { transformation: [-0.045309895720748714f,-0.04357458935111578f,0.9980221783671226f,1.5870863970588234f,0f,0.9990482215818578f,0.043619387365336f,0.7313799573598725f,-0.9989729792891172f,0.0019763898929263182f,-0.04526677073987343f,0.02389705882352962f,0f,0f,0f,1f], start_interpolation: 0, interpolation_duration: 1 }
$data merge entity $(bone_leftleg) { transformation: [-0.045309895720748714f,0.08706623199478396f,0.9951715855047337f,1.592750134023917f,0f,0.9961946980917455f,-0.08715574274765818f,0.7547916666666666f,-0.9989729792891172f,-0.003949017615360793f,-0.045137477888099735f,0.14876868123466927f,0f,0f,0f,1f], start_interpolation: 0, interpolation_duration: 1 }
$data merge entity $(bone_rightleg) { transformation: [-0.045309895720748714f,-0.13199254275070862f,0.9902146141155347f,1.5814226600937298f,0f,0.991232630556419f,0.1321282411909042f,0.8125f,-0.9989729792891172f,0.005986716830125804f,-0.04491264712551478f,-0.10097456358761003f,0f,0f,0f,1f], start_interpolation: 0, interpolation_duration: 1 }
data modify entity @s data merge value {"locators":{},"cameras":{"camera":{"posx":6.125,"posy":0.6673191586924571,"posz":1.7265411720046722,"roty":101.19674513130765,"rotx":-5.593714761976989}}}