# This file was generated by Animated Java via MC-Build. It is not recommended to edit this file directly.
$data merge entity $(bone_left_eye) { transformation: [-0.0456104170953061f,-0.1254921583243475f,0.9910456135070118f,1.2566620998602336f,0f,0.9920780657755196f,0.12562289364245605f,1.7074914938084138f,-0.9989593034014911f,0.005729712575751697f,-0.04524909437112597f,0.16484203261793412f,0f,0f,0f,1f], start_interpolation: 0, interpolation_duration: 1 }
$data merge entity $(bone_right_eye) { transformation: [-0.0456104170953061f,-0.1254921583243475f,0.9910456135070118f,1.2452594955864071f,0f,0.9920780657755196f,0.12562289364245605f,1.7074914938084138f,-0.9989593034014911f,0.005729712575751697f,-0.04524909437112597f,-0.08489779323243865f,0f,0f,0f,1f], start_interpolation: 0, interpolation_duration: 1 }
$data merge entity $(bone_right_close) { transformation: [-0.0456104170953061f,-0.1254921583243475f,0.9910456135070118f,1.2374162356911356f,0f,0.9920780657755196f,0.12562289364245605f,1.7694963729193838f,-0.9989593034014911f,0.005729712575751697f,-0.04524909437112597f,-0.08453968619645418f,0f,0f,0f,1f], start_interpolation: 0, interpolation_duration: 1 }
$data merge entity $(bone_left_close) { transformation: [-0.0456104170953061f,-0.1254921583243475f,0.9910456135070118f,1.248818839964962f,0f,0.9920780657755196f,0.12562289364245605f,1.7694963729193838f,-0.9989593034014911f,0.005729712575751697f,-0.04524909437112597f,0.1652001396539186f,0f,0f,0f,1f], start_interpolation: 0, interpolation_duration: 1 }
$data merge entity $(bone_left_eyebrow) { transformation: [-0.0456104170953061f,-0.1254921583243475f,0.9910456135070118f,1.2518942035722265f,0f,0.9920780657755196f,0.12562289364245605f,1.7446865698441432f,-0.9989593034014911f,0.005729712575751697f,-0.04524909437112597f,0.16505972490792298f,0f,0f,0f,1f], start_interpolation: 0, interpolation_duration: 1 }
$data merge entity $(bone_right_eyebrow) { transformation: [-0.0456104170953061f,-0.1254921583243475f,0.9910456135070118f,1.2404915992984f,0f,0.9920780657755196f,0.12562289364245605f,1.7446865698441432f,-0.9989593034014911f,0.005729712575751697f,-0.04524909437112597f,-0.08468010094244977f,0f,0f,0f,1f], start_interpolation: 0, interpolation_duration: 1 }
$data merge entity $(bone_talking) { transformation: [-0.0456104170953061f,-0.1254921583243475f,0.9910456135070118f,1.5920355915253486f,0f,0.9920780657755196f,0.12562289364245605f,1.4987291316278015f,-0.9989593034014911f,0.005729712575751697f,-0.04524909437112597f,0.02439934955783294f,0f,0f,0f,1f], start_interpolation: 0, interpolation_duration: 1 }
$data merge entity $(bone_m_opened) { transformation: [-0.0456104170953061f,-0.1254921583243475f,0.9910456135070118f,1.5920355915253486f,0f,0.9920780657755196f,0.12562289364245605f,1.4987291316278015f,-0.9989593034014911f,0.005729712575751697f,-0.04524909437112597f,0.02439934955783294f,0f,0f,0f,1f], start_interpolation: 0, interpolation_duration: 1 }
$data merge entity $(bone_head) { transformation: [-0.0456104170953061f,-0.1254921583243475f,0.9910456135070118f,1.5300952406811603f,0f,0.9920780657755196f,0.12562289364245605f,1.490877700775148f,-0.9989593034014911f,0.005729712575751697f,-0.04524909437112597f,0.027227417956028312f,0f,0f,0f,1f], start_interpolation: 0, interpolation_duration: 1 }
$data merge entity $(item_display_r_item) { transformation: [-0.019954557479196416f,-0.4368431763718036f,-0.01327045188389529f,1.415434186740372f,0f,-0.01328427678555967f,0.43729827119517023f,0.7374893494312982f,-0.43704469523815237f,0.019945356544267993f,0.0006059014049988687f,-0.2803629518006849f,0f,0f,0f,1f], start_interpolation: 0, interpolation_duration: 1 }
$data merge entity $(bone_rightarm) { transformation: [-0.0456104170953061f,-0.03033246144890374f,0.9984986888498367f,1.5212887344410366f,0f,0.9995389055889605f,0.03036406122413661f,1.3659966730774156f,-0.9989593034014911f,0.0013849174971402815f,-0.045589386386898266f,-0.2851960516633345f,0f,0f,0f,1f], start_interpolation: 0, interpolation_duration: 1 }
$data merge entity $(item_display_l_item) { transformation: [-0.019954557479196416f,-0.43633745228968596f,-0.02485343769291248f,1.4606323126041392f,0f,-0.024879329526523917f,0.43679202025942576f,0.7348996928420861f,-0.43704469523815237f,0.019922266227933798f,0.0011347565967563201f,0.34322450817521233f,0f,0f,0f,1f], start_interpolation: 0, interpolation_duration: 1 }
$data merge entity $(bone_leftarm) { transformation: [-0.0456104170953061f,-0.05680785758380018f,0.9973427480907108f,1.549795245125603f,0f,0.9983817605929732f,0.056867038917769175f,1.3659966730774156f,-0.9989593034014911f,0.002593729364014456f,-0.04553660852099154f,0.33915351296259744f,0f,0f,0f,1f], start_interpolation: 0, interpolation_duration: 1 }
$data merge entity $(bone_body) { transformation: [-0.0456104170953061f,-0.04357399281727585f,0.9980085154959112f,1.5627757352941172f,0f,0.9990482215818578f,0.043619387365336f,0.7415915345887545f,-0.9989593034014911f,0.0019894984511746997f,-0.04556700608467232f,0.025735294117647287f,0f,0f,0f,1f], start_interpolation: 0, interpolation_duration: 1 }
$data merge entity $(bone_leftleg) { transformation: [-0.0456104170953061f,0.052281490391301595f,0.9975902643945843f,1.5684770374310304f,0f,0.9986295347545739f,-0.052335956242943335f,0.7588950000000001f,-0.9989593034014911f,-0.0023870647933223344f,-0.045547909603847594f,0.15060520704283367f,0f,0f,0f,1f], start_interpolation: 0, interpolation_duration: 1 }
$data merge entity $(bone_rightleg) { transformation: [-0.0456104170953061f,-0.08359076008538818f,0.995455812520445f,1.557074433157204f,0f,0.9964928592495044f,0.08367784333231469f,0.8175000000000001f,-0.9989593034014911f,0.0038165813360225512f,-0.045450454942864045f,-0.0991346188075391f,0f,0f,0f,1f], start_interpolation: 0, interpolation_duration: 1 }
data modify entity @s data merge value {"locators":{},"cameras":{"camera":{"posx":6.125,"posy":0.6687383073045577,"posz":1.7242783427508348,"roty":101.10882427191665,"rotx":-5.588384124297562}}}