# This file was generated by Animated Java via MC-Build. It is not recommended to edit this file directly.
$data merge entity $(bone_left_eye) { transformation: [-0.045898412872930935f,-0.11513128022544236f,0.9922893348259856f,1.2346671582967195f,0f,0.993336199421459f,0.11525274365034222f,1.716732600149855f,-0.9989461125084507f,0.005289918012801476f,-0.04559255500267419f,0.16666395721710903f,0f,0f,0f,1f], start_interpolation: 0, interpolation_duration: 1 }
$data merge entity $(bone_right_eye) { transformation: [-0.045898412872930935f,-0.11513128022544236f,0.9922893348259856f,1.2231925550784866f,0f,0.993336199421459f,0.11525274365034222f,1.716732600149855f,-0.9989461125084507f,0.005289918012801476f,-0.04559255500267419f,-0.08307257091000365f,0f,0f,0f,1f], start_interpolation: 0, interpolation_duration: 1 }
$data merge entity $(bone_right_close) { transformation: [-0.045898412872930935f,-0.11513128022544236f,0.9922893348259856f,1.2159968500643965f,0f,0.993336199421459f,0.11525274365034222f,1.778816112613696f,-0.9989461125084507f,0.005289918012801476f,-0.04559255500267419f,-0.08274195103420356f,0f,0f,0f,1f], start_interpolation: 0, interpolation_duration: 1 }
$data merge entity $(bone_left_close) { transformation: [-0.045898412872930935f,-0.11513128022544236f,0.9922893348259856f,1.2274714532826294f,0f,0.993336199421459f,0.11525274365034222f,1.778816112613696f,-0.9989461125084507f,0.005289918012801476f,-0.04559255500267419f,0.1669945770929091f,0f,0f,0f,1f], start_interpolation: 0, interpolation_duration: 1 }
$data merge entity $(bone_left_eyebrow) { transformation: [-0.045898412872930935f,-0.11513128022544236f,0.9922893348259856f,1.2302877172048388f,0f,0.993336199421459f,0.11525274365034222f,1.7539755043316818f,-0.9989461125084507f,0.005289918012801476f,-0.04559255500267419f,0.1668651786772767f,0f,0f,0f,1f], start_interpolation: 0, interpolation_duration: 1 }
$data merge entity $(bone_right_eyebrow) { transformation: [-0.045898412872930935f,-0.11513128022544236f,0.9922893348259856f,1.218813113986606f,0f,0.993336199421459f,0.11525274365034222f,1.7539755043316818f,-0.9989461125084507f,0.005289918012801476f,-0.04559255500267419f,-0.08287134944983593f,0f,0f,0f,1f], start_interpolation: 0, interpolation_duration: 1 }
$data merge entity $(bone_talking) { transformation: [-0.045898412872930935f,-0.11513128022544236f,0.9922893348259856f,1.5678030938770842f,0f,0.993336199421459f,0.11525274365034222f,1.5044150326852221f,-0.9989461125084507f,0.005289918012801476f,-0.04559255500267419f,0.02622554021201663f,0f,0f,0f,1f], start_interpolation: 0, interpolation_duration: 1 }
$data merge entity $(bone_m_opened) { transformation: [-0.045898412872930935f,-0.11513128022544236f,0.9922893348259856f,1.5678030938770842f,0f,0.993336199421459f,0.11525274365034222f,1.5044150326852221f,-0.9989461125084507f,0.005289918012801476f,-0.04559255500267419f,0.02622554021201663f,0f,0f,0f,1f], start_interpolation: 0, interpolation_duration: 1 }
$data merge entity $(bone_head) { transformation: [-0.045898412872930935f,-0.11513128022544236f,0.9922893348259856f,1.50578501045046f,0f,0.993336199421459f,0.11525274365034222f,1.4972117362070758f,-0.9989461125084507f,0.005289918012801476f,-0.04559255500267419f,0.029075074899683764f,0f,0f,0f,1f], start_interpolation: 0, interpolation_duration: 1 }
$data merge entity $(item_display_r_item) { transformation: [-0.020080555631907283f,-0.4365664480301933f,-0.02031644013636415f,1.4011786486508166f,0f,-0.02033787396734304f,0.4370270253456741f,0.7421955654534252f,-0.43703892422244717f,0.020058846845944604f,0.0009334761363107446f,-0.27894828107927233f,0f,0f,0f,1f], start_interpolation: 0, interpolation_duration: 1 }
$data merge entity $(bone_rightarm) { transformation: [-0.045898412872930935f,-0.04643757745454685f,0.997866166926156f,1.4968884336074944f,0f,0.9989189150758265f,0.046486569068212885f,1.3723307085093435f,-0.9989461125084507f,0.002133659740138855f,-0.04584879279073052f,-0.2833458428405269f,0f,0f,0f,1f], start_interpolation: 0, interpolation_duration: 1 }
$data merge entity $(item_display_l_item) { transformation: [-0.020080555631907283f,-0.43667587532249724f,-0.017810143088833906f,1.4262534674021254f,0f,-0.017828932778076394f,0.4371365680836995f,0.7427559161674652f,-0.43703892422244717f,0.020063874683761723f,0.0008183197177318819f,0.3455589849329983f,0f,0f,0f,1f], start_interpolation: 0, interpolation_duration: 1 }
$data merge entity $(bone_leftarm) { transformation: [-0.045898412872930935f,-0.04070889848876344f,0.9981162864514223f,1.5255749416530762f,0f,0.9991692984770274f,0.040751846349889126f,1.3723307085093435f,-0.9989461125084507f,0.0018704450691014545f,-0.04586028499145536f,0.3409954774772548f,0f,0f,0f,1f], start_interpolation: 0, interpolation_duration: 1 }
$data merge entity $(bone_body) { transformation: [-0.045898412872930935f,-0.04357341743860263f,0.9979953371576781f,1.5384650735294119f,0f,0.9990482215818578f,0.043619387365336f,0.7479255700206824f,-0.9989461125084507f,0.002002060650558499f,-0.0458547277541315f,0.02757352941176489f,0f,0f,0f,1f], start_interpolation: 0, interpolation_duration: 1 }
$data merge entity $(bone_leftleg) { transformation: [-0.045898412872930935f,0.01743401356444207f,0.9987939681770115f,1.5442023751385283f,0f,0.9998476951563913f,-0.017452406437283758f,0.7633905555555556f,-0.9989461125084507f,-0.0008010377562846475f,-0.045891422322336436f,0.15244179347532122f,0f,0f,0f,1f], start_interpolation: 0, interpolation_duration: 1 }
$data merge entity $(bone_rightleg) { transformation: [-0.045898412872930935f,-0.03189398613911297f,0.9984368329263019f,1.5327277719202954f,0f,0.9994901831282271f,0.03192763427350858f,0.82f,-0.9989461125084507f,0.0014654277399414372f,-0.04587501308766072f,-0.09729473465179145f,0f,0f,0f,1f], start_interpolation: 0, interpolation_duration: 1 }
data modify entity @s data merge value {"locators":{},"cameras":{"camera":{"posx":6.125,"posy":0.6701535132542398,"posz":1.7219465012769053,"roty":101.02173458744058,"rotx":-5.583749181521388}}}