# This file was generated by Animated Java via MC-Build. It is not recommended to edit this file directly.
$data merge entity $(bone_left_eye) { transformation: [-0.046173883525649204f,-0.10117803157202535f,0.9937962459213507f,1.2135029300664173f,0f,0.9948573434126252f,0.10128606151872092f,1.7226789866598693f,-0.998933417440902f,0.004676770807337161f,-0.04593642709937135f,0.16844229874642286f,0f,0f,0f,1f], start_interpolation: 0, interpolation_duration: 1 }
$data merge entity $(bone_right_eye) { transformation: [-0.046173883525649204f,-0.10117803157202535f,0.9937962459213507f,1.2019594591850051f,0f,0.9948573434126252f,0.10128606151872092f,1.7226789866598693f,-0.998933417440902f,0.004676770807337161f,-0.04593642709937135f,-0.08129105561380266f,0f,0f,0f,1f], start_interpolation: 0, interpolation_duration: 1 }
$data merge entity $(bone_right_close) { transformation: [-0.046173883525649204f,-0.10117803157202535f,0.9937962459213507f,1.1956358322117537f,0f,0.9948573434126252f,0.10128606151872092f,1.7848575706231584f,-0.998933417440902f,0.004676770807337161f,-0.04593642709937135f,-0.08099875743834409f,0f,0f,0f,1f], start_interpolation: 0, interpolation_duration: 1 }
$data merge entity $(bone_left_close) { transformation: [-0.046173883525649204f,-0.10117803157202535f,0.9937962459213507f,1.207179303093166f,0f,0.9948573434126252f,0.10128606151872092f,1.7848575706231584f,-0.998933417440902f,0.004676770807337161f,-0.04593642709937135f,0.16873459692188142f,0f,0f,0f,1f], start_interpolation: 0, interpolation_duration: 1 }
$data merge entity $(bone_left_eyebrow) { transformation: [-0.046173883525649204f,-0.10117803157202535f,0.9937962459213507f,1.2096466416170963f,0f,0.9948573434126252f,0.10128606151872092f,1.759979806658998f,-0.998933417440902f,0.004676770807337161f,-0.04593642709937135f,0.1686205486783917f,0f,0f,0f,1f], start_interpolation: 0, interpolation_duration: 1 }
$data merge entity $(bone_right_eyebrow) { transformation: [-0.046173883525649204f,-0.10117803157202535f,0.9937962459213507f,1.1981031707356842f,0f,0.9948573434126252f,0.10128606151872092f,1.759979806658998f,-0.998933417440902f,0.004676770807337161f,-0.04593642709937135f,-0.08111280568183381f,0f,0f,0f,1f], start_interpolation: 0, interpolation_duration: 1 }
$data merge entity $(bone_talking) { transformation: [-0.046173883525649204f,-0.10117803157202535f,0.9937962459213507f,1.5435870293691398f,0f,0.9948573434126252f,0.10128606151872092f,1.5056165450313133f,-0.998933417440902f,0.004676770807337161f,-0.04593642709937135f,0.02805129539592225f,0f,0f,0f,1f], start_interpolation: 0, interpolation_duration: 1 }
$data merge entity $(bone_m_opened) { transformation: [-0.046173883525649204f,-0.10117803157202535f,0.9937962459213507f,1.5435870293691398f,0f,0.9948573434126252f,0.10128606151872092f,1.5056165450313133f,-0.998933417440902f,0.004676770807337161f,-0.04593642709937135f,0.02805129539592225f,0f,0f,0f,1f], start_interpolation: 0, interpolation_duration: 1 }
$data merge entity $(bone_head) { transformation: [-0.046173883525649204f,-0.10117803157202535f,0.9937962459213507f,1.4814747639990553f,0f,0.9948573434126252f,0.10128606151872092f,1.4992861661863932f,-0.998933417440902f,0.004676770807337161f,-0.04593642709937135f,0.03092232208963296f,0f,0f,0f,1f], start_interpolation: 0, interpolation_duration: 1 }
$data merge entity $(item_display_r_item) { transformation: [-0.020201074042471526f,-0.43618053694078096f,-0.027289298297730538f,1.3868537346576237f,0f,-0.027318435664752408f,0.4366462562221629f,0.7428195051242134f,-0.4370333701303946f,0.02016165337671293f,0.0012613982664872187f,-0.2775376555548139f,0f,0f,0f,1f], start_interpolation: 0, interpolation_duration: 1 }
$data merge entity $(bone_rightarm) { transformation: [-0.046173883525649204f,-0.062375538966241456f,0.9969840844360708f,1.4724920333582316f,0f,0.9980485856506581f,0.06244213866229144f,1.374405138488661f,-0.998933417440902f,0.002883196037685082f,-0.04608377914677241f,-0.2814961304246073f,0f,0f,0f,1f], start_interpolation: 0, interpolation_duration: 1 }
$data merge entity $(item_display_l_item) { transformation: [-0.020201074042471526f,-0.4368991573734179f,-0.010830184390302665f,1.3919940718697896f,0f,-0.01084174800963988f,0.4373656439411942f,0.7464994334270579f,-0.4370333701303946f,0.020194870301461262f,0.0005006056098115511f,0.3478920675480717f,0f,0f,0f,1f], start_interpolation: 0, interpolation_duration: 1 }
$data merge entity $(bone_leftarm) { transformation: [-0.046173883525649204f,-0.024754707177834883f,0.9986266454249552f,1.5013507105617623f,0f,0.9996929004370153f,0.02478113830774852f,1.374405138488661f,-0.998933417440902f,0.001144241393854984f,-0.046159703546197174f,0.34283725547595645f,0f,0f,0f,1f], start_interpolation: 0, interpolation_duration: 1 }
$data merge entity $(bone_body) { transformation: [-0.046173883525649204f,-0.043572863687533596f,0.9979826541730208f,1.5141544117647054f,0f,0.9990482215818578f,0.043619387365336f,0.75f,-0.998933417440902f,0.002014076511667199f,-0.04612993621982768f,0.02941176470588256f,0f,0f,0f,1f], start_interpolation: 0, interpolation_duration: 1 }
$data merge entity $(bone_leftleg) { transformation: [-0.046173883525649204f,-0.01743379200496346f,0.9987812750429832f,1.5199261472054115f,0f,0.9998476951563913f,0.017452406437283758f,0.76814f,-0.998933417440902f,0.0008058453820774306f,-0.046166851019540024f,0.15427844188599532f,0f,0f,0f,1f], start_interpolation: 0, interpolation_duration: 1 }
$data merge entity $(bone_rightleg) { transformation: [-0.046173883525649204f,0.02104920032118557f,0.9987116218638882f,1.5083826763239994f,0f,0.9997779676071084f,-0.021071675002233933f,0.82f,-0.998933417440902f,-0.0009729610672434835f,-0.0461636314278009f,-0.09545491247423019f,0f,0f,0f,1f], start_interpolation: 0, interpolation_duration: 1 }
data modify entity @s data merge value {"locators":{},"cameras":{"camera":{"posx":6.125,"posy":0.6715647497510452,"posz":1.7195469335248728,"roty":100.93548148454634,"rotx":-5.579834848510638}}}