# This file was generated by Animated Java via MC-Build. It is not recommended to edit this file directly.
$data merge entity $(bone_left_eye) { transformation: [-0.0464368295098334f,-0.08550934051458209f,0.9952546274948116f,1.192778112674414f,0f,0.9963294392400639f,0.08560168516787467f,1.7247409802709641f,-0.998921228558626f,0.003975070859895031f,-0.04626638030561876f,0.17019467590201248f,0f,0f,0f,1f], start_interpolation: 0, interpolation_duration: 1 }
$data merge entity $(bone_right_eye) { transformation: [-0.0464368295098334f,-0.08550934051458209f,0.9952546274948116f,1.1811689052969556f,0f,0.9963294392400639f,0.08560168516787467f,1.7247409802709641f,-0.998921228558626f,0.003975070859895031f,-0.04626638030561876f,-0.07953563123764401f,0f,0f,0f,1f], start_interpolation: 0, interpolation_duration: 1 }
$data merge entity $(bone_right_close) { transformation: [-0.0464368295098334f,-0.08550934051458209f,0.9952546274948116f,1.1758245715147941f,0f,0.9963294392400639f,0.08560168516787467f,1.7870115702234681f,-0.998921228558626f,0.003975070859895031f,-0.04626638030561876f,-0.07928718930890058f,0f,0f,0f,1f], start_interpolation: 0, interpolation_duration: 1 }
$data merge entity $(bone_left_close) { transformation: [-0.0464368295098334f,-0.08550934051458209f,0.9952546274948116f,1.1874337788922524f,0f,0.9963294392400639f,0.08560168516787467f,1.7870115702234681f,-0.998921228558626f,0.003975070859895031f,-0.04626638030561876f,0.1704431178307559f,0f,0f,0f,1f], start_interpolation: 0, interpolation_duration: 1 }
$data merge entity $(bone_left_eyebrow) { transformation: [-0.0464368295098334f,-0.08550934051458209f,0.9952546274948116f,1.1895093089908986f,0f,0.9963294392400639f,0.08560168516787467f,1.7620979841371436f,-0.998921228558626f,0.003975070859895031f,-0.04626638030561876f,0.17034663270802763f,0f,0f,0f,1f], start_interpolation: 0, interpolation_duration: 1 }
$data merge entity $(bone_right_eyebrow) { transformation: [-0.0464368295098334f,-0.08550934051458209f,0.9952546274948116f,1.1779001016134403f,0f,0.9963294392400639f,0.08560168516787467f,1.7620979841371436f,-0.998921228558626f,0.003975070859895031f,-0.04626638030561876f,-0.07938367443162886f,0f,0f,0f,1f], start_interpolation: 0, interpolation_duration: 1 }
$data merge entity $(bone_talking) { transformation: [-0.0464368295098334f,-0.08550934051458209f,0.9952546274948116f,1.519367915206459f,0f,0.9963294392400639f,0.08560168516787467f,1.502409147075909f,-0.998921228558626f,0.003975070859895031f,-0.04626638030561876f,0.02987751077170461f,0f,0f,0f,1f], start_interpolation: 0, interpolation_duration: 1 }
$data merge entity $(bone_m_opened) { transformation: [-0.0464368295098334f,-0.08550934051458209f,0.9952546274948116f,1.519367915206459f,0f,0.9963294392400639f,0.08560168516787467f,1.502409147075909f,-0.998921228558626f,0.003975070859895031f,-0.04626638030561876f,0.02987751077170461f,0f,0f,0f,1f], start_interpolation: 0, interpolation_duration: 1 }
$data merge entity $(bone_head) { transformation: [-0.0464368295098334f,-0.08550934051458209f,0.9952546274948116f,1.4571645009880332f,0f,0.9963294392400639f,0.08560168516787467f,1.4970590417529168f,-0.998921228558626f,0.003975070859895031f,-0.04626638030561876f,0.03276915954080578f,0f,0f,0f,1f], start_interpolation: 0, interpolation_duration: 1 }
$data merge entity $(item_display_r_item) { transformation: [-0.02031611291055211f,-0.4357046578462791f,-0.03398465370225993f,1.3721619934582108f,0f,-0.03402135496839668f,0.4361751911859664f,0.7393502109414049f,-0.4370280374943989f,0.020254592989521713f,0.0015798438603609598f,-0.27611681087264667f,0f,0f,0f,1f], start_interpolation: 0, interpolation_duration: 1 }
$data merge entity $(bone_rightarm) { transformation: [-0.0464368295098334f,-0.07767920846230862f,0.9958963607914951f,1.4480995332682047f,0f,0.9969718655679233f,0.0777630970706212f,1.3721780140551845f,-0.998921228558626f,0.0036110716808250617f,-0.0462962125474782f,-0.27964691764056576f,0f,0f,0f,1f], start_interpolation: 0, interpolation_duration: 1 }
$data merge entity $(item_display_l_item) { transformation: [-0.02031611291055211f,-0.43700862781578376f,-0.004118831238531189f,1.358146988390957f,0f,-0.004123279314500482f,0.4374805693601656f,0.7460276923079477f,-0.4370280374943989f,0.020315210613242853f,0.00019147201854888155f,0.3502096646430035f,0f,0f,0f,1f], start_interpolation: 0, interpolation_duration: 1 }
$data merge entity $(bone_leftarm) { transformation: [-0.0464368295098334f,-0.009414471402357225f,0.9988768635789343f,1.4771225517118505f,0f,0.9999555871089499f,0.00942463843314418f,1.3721780140551845f,-0.998921228558626f,0.00043765032811173953f,-0.04643476711598366f,0.3446788502085754f,0f,0f,0f,1f], start_interpolation: 0, interpolation_duration: 1 }
$data merge entity $(bone_body) { transformation: [-0.0464368295098334f,-0.04357233201595605f,0.9979704768918598f,1.4898437500000001f,0f,0.9990482215818578f,0.043619387365336f,0.7477728755665235f,-0.998921228558626f,0.002025546054407489f,-0.04639263193769899f,0.03125000000000017f,0f,0f,0f,1f], start_interpolation: 0, interpolation_duration: 1 }
$data merge entity $(bone_leftleg) { transformation: [-0.0464368295098334f,-0.052279497707991444f,0.9975522417319681f,1.4956483536887293f,0f,0.9986295347545739f,0.052335956242943335f,0.7730049999999999f,-0.998921228558626f,0.0024303158772876607f,-0.04637318944888239f,0.1561151535698284f,0f,0f,0f,1f], start_interpolation: 0, interpolation_duration: 1 }
$data merge entity $(bone_rightleg) { transformation: [-0.0464368295098334f,0.07315918985215211f,0.9962386028483595f,1.484039146311271f,0f,0.9973144772244581f,-0.07323819712763112f,0.8175000000000001f,-0.998921228558626f,-0.003400949673623376f,-0.046312122346560784f,-0.09361515356982808f,0f,0f,0f,1f], start_interpolation: 0, interpolation_duration: 1 }
data modify entity @s data merge value {"locators":{},"cameras":{"camera":{"posx":6.125,"posy":0.6729719900045158,"posz":1.7170809254367263,"roty":100.8500703603072,"rotx":-5.5766660401531265}}}