# This file was generated by Animated Java via MC-Build. It is not recommended to edit this file directly.
$data merge entity $(bone_left_eye) { transformation: [-0.046687251265553606f,-0.07001414325564342f,0.9964528690878687f,1.172073374416204f,0f,0.9975406315333637f,0.07009057311805801f,1.7213764013922703f,-0.9989095557503026f,0.003272336198509432f,-0.04657243011199719f,0.17194047331401352f,0f,0f,0f,1f], start_interpolation: 0, interpolation_duration: 1 }
$data merge entity $(bone_right_eye) { transformation: [-0.046687251265553606f,-0.07001414325564342f,0.9964528690878687f,1.1604015615998158f,0f,0.9975406315333637f,0.07009057311805801f,1.7213764013922703f,-0.9989095557503026f,0.003272336198509432f,-0.04657243011199719f,-0.07778691562356212f,0f,0f,0f,1f], start_interpolation: 0, interpolation_duration: 1 }
$data merge entity $(bone_right_close) { transformation: [-0.046687251265553606f,-0.07001414325564342f,0.9964528690878687f,1.1560256776463382f,0f,0.9975406315333637f,0.07009057311805801f,1.7837226908631054f,-0.9989095557503026f,0.003272336198509432f,-0.04657243011199719f,-0.07758239461115528f,0f,0f,0f,1f], start_interpolation: 0, interpolation_duration: 1 }
$data merge entity $(bone_left_close) { transformation: [-0.046687251265553606f,-0.07001414325564342f,0.9964528690878687f,1.1676974904627264f,0f,0.9975406315333637f,0.07009057311805801f,1.7837226908631054f,-0.9989095557503026f,0.003272336198509432f,-0.04657243011199719f,0.1721449943264204f,0f,0f,0f,1f], start_interpolation: 0, interpolation_duration: 1 }
$data merge entity $(bone_left_eyebrow) { transformation: [-0.046687251265553606f,-0.07001414325564342f,0.9964528690878687f,1.1693855657397993f,0f,0.9975406315333637f,0.07009057311805801f,1.7587797944139516f,-0.9989095557503026f,0.003272336198509432f,-0.04657243011199719f,0.17206609669833964f,0f,0f,0f,1f], start_interpolation: 0, interpolation_duration: 1 }
$data merge entity $(bone_right_eyebrow) { transformation: [-0.046687251265553606f,-0.07001414325564342f,0.9964528690878687f,1.157713752923411f,0f,0.9975406315333637f,0.07009057311805801f,1.7587797944139516f,-0.9989095557503026f,0.003272336198509432f,-0.04657243011199719f,-0.07766129223923601f,0f,0f,0f,1f], start_interpolation: 0, interpolation_duration: 1 }
$data merge entity $(bone_talking) { transformation: [-0.046687251265553606f,-0.07001414325564342f,0.9964528690878687f,1.4951325254118797f,0f,0.9975406315333637f,0.07009057311805801f,1.4938945476083225f,-0.9989095557503026f,0.003272336198509432f,-0.04657243011199719f,0.031704810385599226f,0f,0f,0f,1f], start_interpolation: 0, interpolation_duration: 1 }
$data merge entity $(bone_m_opened) { transformation: [-0.046687251265553606f,-0.07001414325564342f,0.9964528690878687f,1.4951325254118797f,0f,0.9975406315333637f,0.07009057311805801f,1.4938945476083225f,-0.9989095557503026f,0.003272336198509432f,-0.04657243011199719f,0.031704810385599226f,0f,0f,0f,1f], start_interpolation: 0, interpolation_duration: 1 }
$data merge entity $(bone_head) { transformation: [-0.046687251265553606f,-0.07001414325564342f,0.9964528690878687f,1.432854221093888f,0f,0.9975406315333637f,0.07009057311805801f,1.4895138867884439f,-0.9989095557503026f,0.003272336198509432f,-0.04657243011199719f,0.03461558726759905f,0f,0f,0f,1f], start_interpolation: 0, interpolation_duration: 1 }
$data merge entity $(item_display_r_item) { transformation: [-0.0204256724286797f,-0.43517014977391566f,-0.04019928670491572f,1.3568041568590643f,0f,-0.0402431696378369f,0.43564519657342743f,0.7307845298035762f,-0.43702293064075737f,0.020339076755055103f,0.0018788429726039888f,-0.274671104168893f,0f,0f,0f,1f], start_interpolation: 0, interpolation_duration: 1 }
$data merge entity $(bone_rightarm) { transformation: [-0.046687251265553606f,-0.09188408389695044f,0.9946746280546643f,1.4237109329303033f,0f,0.9957604493106913f,0.09198438774362741f,1.3646328590907117f,-0.9989095557503026f,0.004294498223094842f,-0.04648931829726881f,-0.27779820756661733f,0f,0f,0f,1f], start_interpolation: 0, interpolation_duration: 1 }
$data merge entity $(item_display_l_item) { transformation: [-0.0204256724286797f,-0.43701779466325863f,0.002118738657351955f,1.3250014684141265f,0f,0.002121051545813401f,0.4374948584158904f,0.7402462189382435f,-0.43702293064075737f,0.020425432382250475f,-0.00009902606646658111f,0.3524975684100599f,0f,0f,0f,1f], start_interpolation: 0, interpolation_duration: 1 }
$data merge entity $(bone_leftarm) { transformation: [-0.046687251265553606f,0.004842831216804247f,0.9988978163731626f,1.4528904649712744f,0f,0.9999882478077495f,-0.004848117819001838f,1.3646328590907117f,-0.9989095557503026f,-0.00022634529478074645f,-0.04668670258800109f,0.3465202647773218f,0f,0f,0f,1f], start_interpolation: 0, interpolation_duration: 1 }
$data merge entity $(bone_body) { transformation: [-0.046687251265553606f,-0.043571822855208144f,0.9979588151934634f,1.465533088235294f,0f,0.9990482215818578f,0.043619387365336f,0.7402277206020506f,-0.9989095557503026f,0.0020364692979749563f,-0.04664281534739667f,0.033088235294117835f,0f,0f,0f,1f], start_interpolation: 0, interpolation_duration: 1 }
$data merge entity $(bone_leftleg) { transformation: [-0.046687251265553606f,-0.08706070426915088f,0.9951084033116324f,1.471368994643488f,0f,0.9961946980917455f,0.08715574274765818f,0.7778472222222222f,-0.9989095557503026f,0.004069062060895869f,-0.04650959217922164f,0.15795192976290567f,0f,0f,0f,1f], start_interpolation: 0, interpolation_duration: 1 }
$data merge entity $(bone_rightleg) { transformation: [-0.046687251265553606f,0.1223773265105654f,0.9913849355953486f,1.4596971818270998f,0f,0.9924671657092097f,-0.12251091783644531f,0.8125f,-0.9989095557503026f,-0.005719698003803716f,-0.0463355639382777f,-0.09177545917466999f,0f,0f,0f,1f], start_interpolation: 0, interpolation_duration: 1 }
data modify entity @s data merge value {"locators":{},"cameras":{"camera":{"posx":6.125,"posy":0.6743752072241935,"posz":1.7145497629544553,"roty":100.76550660260666,"rotx":-5.574267671031083}}}