# This file was generated by Animated Java via MC-Build. It is not recommended to edit this file directly.
$data merge entity $(bone_left_eye) { transformation: [-0.04692514921595779f,-0.056590899693896114f,0.9972940892449405f,1.1509383204258132f,0f,0.9983939115579175f,0.05665330850075259f,1.7115952394290335f,-0.9988984084335403f,0.002658464954975505f,-0.04684978327615904f,0.17370096839583196f,0f,0f,0f,1f], start_interpolation: 0, interpolation_duration: 1 }
$data merge entity $(bone_right_eye) { transformation: [-0.04692514921595779f,-0.056590899693896114f,0.9972940892449405f,1.1392070331218236f,0f,0.9983939115579175f,0.05665330850075259f,1.7115952394290335f,-0.9988984084335403f,0.002658464954975505f,-0.04684978327615904f,-0.07602363371255311f,0f,0f,0f,1f], start_interpolation: 0, interpolation_duration: 1 }
$data merge entity $(bone_right_close) { transformation: [-0.04692514921595779f,-0.056590899693896114f,0.9972940892449405f,1.135670101890955f,0f,0.9983939115579175f,0.05665330850075259f,1.7739948589014034f,-0.9988984084335403f,0.002658464954975505f,-0.04684978327615904f,-0.07585747965286713f,0f,0f,0f,1f], start_interpolation: 0, interpolation_duration: 1 }
$data merge entity $(bone_left_close) { transformation: [-0.04692514921595779f,-0.056590899693896114f,0.9972940892449405f,1.1474013891949446f,0f,0.9983939115579175f,0.05665330850075259f,1.7739948589014034f,-0.9988984084335403f,0.002658464954975505f,-0.04684978327615904f,0.17386712245551794f,0f,0f,0f,1f], start_interpolation: 0, interpolation_duration: 1 }
$data merge entity $(bone_left_eyebrow) { transformation: [-0.04692514921595779f,-0.056590899693896114f,0.9972940892449405f,1.1487538308067142f,0f,0.9983939115579175f,0.05665330850075259f,1.7490314702806744f,-0.9988984084335403f,0.002658464954975505f,-0.04684978327615904f,0.17380358894309833f,0f,0f,0f,1f], start_interpolation: 0, interpolation_duration: 1 }
$data merge entity $(bone_right_eyebrow) { transformation: [-0.04692514921595779f,-0.056590899693896114f,0.9972940892449405f,1.1370225435027248f,0f,0.9983939115579175f,0.05665330850075259f,1.7490314702806744f,-0.9988984084335403f,0.002658464954975505f,-0.04684978327615904f,-0.07592101316528675f,0f,0f,0f,1f], start_interpolation: 0, interpolation_duration: 1 }
$data merge entity $(bone_talking) { transformation: [-0.04692514921595779f,-0.056590899693896114f,0.9972940892449405f,1.4708748045863365f,0f,0.9983939115579175f,0.05665330850075259f,1.4797009204460394f,-0.9988984084335403f,0.002658464954975505f,-0.04684978327615904f,0.03353349382909585f,0f,0f,0f,1f], start_interpolation: 0, interpolation_duration: 1 }
$data merge entity $(bone_m_opened) { transformation: [-0.04692514921595779f,-0.056590899693896114f,0.9972940892449405f,1.4708748045863365f,0f,0.9983939115579175f,0.05665330850075259f,1.4797009204460394f,-0.9988984084335403f,0.002658464954975505f,-0.04684978327615904f,0.03353349382909585f,0f,0f,0f,1f], start_interpolation: 0, interpolation_duration: 1 }
$data merge entity $(bone_head) { transformation: [-0.04692514921595779f,-0.056590899693896114f,0.9972940892449405f,1.4085439240085276f,0f,0.9983939115579175f,0.05665330850075259f,1.4761600886647424f,-0.9988984084335403f,0.002658464954975505f,-0.04684978327615904f,0.036461605283855794f,0f,0f,0f,1f], start_interpolation: 0, interpolation_duration: 1 }
$data merge entity $(item_display_r_item) { transformation: [-0.020529752781981533f,-0.43461870491812193f,-0.0457313960644673f,1.3404800249281836f,0f,-0.045781828941125945f,0.4350980052112461f,0.7166299595391942f,-0.4370180536896739f,0.020417038818103302f,0.00214831915444179f,-0.27318559083540195f,0f,0f,0f,1f], start_interpolation: 0, interpolation_duration: 1 }
$data merge entity $(bone_rightarm) { transformation: [-0.04692514921595779f,-0.1045289052902112f,0.9934141826699929f,1.3993262319555508f,0f,0.9945097261971338f,0.10464418043685952f,1.3512790609670102f,-0.9988984084335403f,0.004910443781581245f,-0.04666751729852183f,-0.2759500031342289f,0f,0f,0f,1f], start_interpolation: 0, interpolation_duration: 1 }
$data merge entity $(item_display_l_item) { transformation: [-0.020529752781981533f,-0.43695060332181984f,0.007677858256592047f,1.292843051757016f,0f,0.0076863254478824975f,0.43743247524744805f,0.7285716178843366f,-0.4370180536896739f,0.020526584172892264f,-0.0003606819685642998f,0.3547415004269377f,0f,0f,0f,1f], start_interpolation: 0, interpolation_duration: 1 }
$data merge entity $(bone_leftarm) { transformation: [-0.04692514921595779f,0.0175493903007816f,0.9987442361641596f,1.4286544502155245f,0f,0.9998456577084527f,-0.01756874388087406f,1.3512790609670102f,-0.9988984084335403f,-0.0008244159281469605f,-0.046917906680896605f,0.3483615021367338f,0f,0f,0f,1f], start_interpolation: 0, interpolation_duration: 1 }
$data merge entity $(bone_body) { transformation: [-0.04692514921595779f,-0.0435713366160802f,0.9979476784864766f,1.4412224264705877f,0f,0.9990482215818578f,0.043619387365336f,0.7268739224783491f,-0.9988984084335403f,0.002046846260827056f,-0.04688048687166594f,0.0349264705882355f,0f,0f,0f,1f], start_interpolation: 0, interpolation_duration: 1 }
$data merge entity $(bone_leftleg) { transformation: [-0.04692514921595779f,-0.12173509316424289f,0.9914527711713519f,1.4470880701225826f,0f,0.992546151641322f,0.12186934340514798f,0.7825283333333334f,-0.9988984084335403f,0.00571873712413737f,-0.04657537626949371f,0.15978877164242805f,0f,0f,0f,1f], start_interpolation: 0, interpolation_duration: 1 }
$data merge entity $(bone_rightleg) { transformation: [-0.04692514921595779f,0.16671236702015804f,0.9848883271993815f,1.435356782818593f,0f,0.9859744683584698f,-0.16689621848691724f,0.8029999999999998f,-0.9988984084335403f,-0.007831629956077685f,-0.04626699905084585f,-0.08993583046595703f,0f,0f,0f,1f], start_interpolation: 0, interpolation_duration: 1 }
data modify entity @s data merge value {"locators":{},"cameras":{"camera":{"posx":6.125,"posy":0.6757743746196202,"posz":1.7119547320200492,"roty":100.68179559052842,"rotx":-5.572664655100308}}}