# This file was generated by Animated Java via MC-Build. It is not recommended to edit this file directly.
$data merge entity $(bone_left_eye) { transformation: [-0.04715052376668004f,-0.047142321603256626f,0.9977747389177495f,1.1288981597798542f,0f,0.9988857040379271f,0.04719481188281835f,1.6978349667468218f,-0.9988877955549f,0.00222526009934482f,-0.04709798412843721f,0.1754989991041541f,0f,0f,0f,1f], start_interpolation: 0, interpolation_duration: 1 }
$data merge entity $(bone_right_eye) { transformation: [-0.04715052376668004f,-0.047142321603256626f,0.9977747389177495f,1.1171105288381842f,0f,0.9988857040379271f,0.04719481188281835f,1.6978349667468218f,-0.9988877955549f,0.00222526009934482f,-0.04709798412843721f,-0.07422294978457092f,0f,0f,0f,1f], start_interpolation: 0, interpolation_duration: 1 }
$data merge entity $(bone_right_close) { transformation: [-0.04715052376668004f,-0.047142321603256626f,0.9977747389177495f,1.1141641337379806f,0f,0.9988857040379271f,0.04719481188281835f,1.7602653232491923f,-0.9988877955549f,0.00222526009934482f,-0.04709798412843721f,-0.07408387102836186f,0f,0f,0f,1f], start_interpolation: 0, interpolation_duration: 1 }
$data merge entity $(bone_left_close) { transformation: [-0.04715052376668004f,-0.047142321603256626f,0.9977747389177495f,1.1259517646796506f,0f,0.9988857040379271f,0.04719481188281835f,1.7602653232491923f,-0.9988877955549f,0.00222526009934482f,-0.04709798412843721f,0.17563807786036315f,0f,0f,0f,1f], start_interpolation: 0, interpolation_duration: 1 }
$data merge entity $(bone_left_eyebrow) { transformation: [-0.04715052376668004f,-0.047142321603256626f,0.9977747389177495f,1.1270679617985495f,0f,0.9988857040379271f,0.04719481188281835f,1.7352902309725013f,-0.9988877955549f,0.00222526009934482f,-0.04709798412843721f,0.17558538998188755f,0f,0f,0f,1f], start_interpolation: 0, interpolation_duration: 1 }
$data merge entity $(bone_right_eyebrow) { transformation: [-0.04715052376668004f,-0.047142321603256626f,0.9977747389177495f,1.1152803308568795f,0f,0.9988857040379271f,0.04719481188281835f,1.7352902309725013f,-0.9988877955549f,0.00222526009934482f,-0.04709798412843721f,-0.07413655890683746f,0f,0f,0f,1f], start_interpolation: 0, interpolation_duration: 1 }
$data merge entity $(bone_talking) { transformation: [-0.04715052376668004f,-0.047142321603256626f,0.9977747389177495f,1.44659453062163f,0f,0.9988857040379271f,0.04719481188281835f,1.4628619194507206f,-0.9988877955549f,0.00222526009934482f,-0.04709798412843721f,0.03536358959481876f,0f,0f,0f,1f], start_interpolation: 0, interpolation_duration: 1 }
$data merge entity $(bone_m_opened) { transformation: [-0.04715052376668004f,-0.047142321603256626f,0.9977747389177495f,1.44659453062163f,0f,0.9988857040379271f,0.04719481188281835f,1.4628619194507206f,-0.9988877955549f,0.00222526009934482f,-0.04709798412843721f,0.03536358959481876f,0f,0f,0f,1f], start_interpolation: 0, interpolation_duration: 1 }
$data merge entity $(bone_head) { transformation: [-0.04715052376668004f,-0.047142321603256626f,0.9977747389177495f,1.3842336094392707f,0f,0.9988857040379271f,0.04719481188281835f,1.4599122437080445f,-0.9988877955549f,0.00222526009934482f,-0.04709798412843721f,0.038307213602846085f,0f,0f,0f,1f], start_interpolation: 0, interpolation_duration: 1 }
$data merge entity $(item_display_r_item) { transformation: [-0.020628354147922516f,-0.4340996605449954f,-0.05038060856984262f,1.322889253488776f,0f,-0.05043670449678013f,0.434583005695695f,0.6997878637316678f,-0.43701341055526877f,0.020490816338650117f,0.00237811703408845f,-0.27164509822294014f,0f,0f,0f,1f], start_interpolation: 0, interpolation_duration: 1 }
$data merge entity $(bone_rightarm) { transformation: [-0.04715052376668004f,-0.11515567673106906f,0.992227795531418f,1.374945429973285f,0f,0.9933325844473029f,0.11528389599264052f,1.3350312160103122f,-0.9988877955549f,0.005435696077916467f,-0.046836151631200265f,-0.2741023071281424f,0f,0f,0f,1f], start_interpolation: 0, interpolation_duration: 1 }
$data merge entity $(item_display_l_item) { transformation: [-0.020628354147922516f,-0.43683873963833453f,0.012354616802607611f,1.2619539862842108f,0f,0.0123683729619946f,0.4373251345969873f,0.713814844575186f,-0.43701341055526877f,0.0206201091525818f,-0.0005831752632996891f,0.35692713237055024f,0f,0f,0f,1f], start_interpolation: 0, interpolation_duration: 1 }
$data merge entity $(bone_leftarm) { transformation: [-0.04715052376668004f,0.028239124120245748f,0.9984885477447647f,1.40441450732746f,0f,0.9996003076502566f,-0.028270566770273148f,1.3350312160103122f,-0.9988877955549f,-0.001332972030399279f,-0.04713167806304411f,0.35020256509367015f,0f,0f,0f,1f], start_interpolation: 0, interpolation_duration: 1 }
$data merge entity $(bone_body) { transformation: [-0.04715052376668004f,-0.04357087368881574f,0.9979370757089453f,1.4169117647058824f,0f,0.9990482215818578f,0.043619387365336f,0.7106260775216512f,-0.9988877955549f,0.002056676960657298f,-0.04710564691575481f,0.03676470588235311f,0f,0f,0f,1f], start_interpolation: 0, interpolation_duration: 1 }
$data merge entity $(bone_leftleg) { transformation: [-0.04715052376668004f,-0.15626047793284603f,0.9865898292323545f,1.4228055801767174f,0f,0.9876883405951378f,0.15643446504023062f,0.78691f,-0.9988877955549f,0.007375966961807271f,-0.04657002257730381f,0.16162568032671562f,0f,0f,0f,1f], start_interpolation: 0, interpolation_duration: 1 }
$data merge entity $(bone_rightleg) { transformation: [-0.04715052376668004f,0.20426861042392613f,0.977778688100741f,1.4110179492350474f,0f,0.9788673887616851f,-0.20449605184178996f,0.7890000000000001f,-0.9988877955549f,-0.009642095952558551f,-0.04615411007823586f,-0.08809626856200939f,0f,0f,0f,1f], start_interpolation: 0, interpolation_duration: 1 }
data modify entity @s data merge value {"locators":{},"cameras":{"camera":{"posx":6.125,"posy":0.6771694654003376,"posz":1.709297118575497,"roty":100.59894269473307,"rotx":-5.57188190537916}}}