# This file was generated by Animated Java via MC-Build. It is not recommended to edit this file directly.
$data merge entity $(bone_left_eye) { transformation: [-0.047363375305282104f,-0.0435704344431125f,0.9979270153283403f,1.1054693365791388f,0f,0.9990482215818578f,0.043619387365336f,1.6854156541384737f,-0.9988777255899197f,0.0020659614143708894f,-0.047318295866856167f,0.17735819225629568f,0f,0f,0f,1f], start_interpolation: 0, interpolation_duration: 1 }
$data merge entity $(bone_right_eye) { transformation: [-0.047363375305282104f,-0.0435704344431125f,0.9979270153283403f,1.0936284927528181f,0f,0.9990482215818578f,0.043619387365336f,1.6854156541384737f,-0.9988777255899197f,0.0020659614143708894f,-0.047318295866856167f,-0.07236123914118425f,0f,0f,0f,1f], start_interpolation: 0, interpolation_duration: 1 }
$data merge entity $(bone_right_close) { transformation: [-0.047363375305282104f,-0.0435704344431125f,0.9979270153283403f,1.0909053406001237f,0f,0.9990482215818578f,0.043619387365336f,1.7478561679873397f,-0.9988777255899197f,0.0020659614143708894f,-0.047318295866856167f,-0.07223211655278608f,0f,0f,0f,1f], start_interpolation: 0, interpolation_duration: 1 }
$data merge entity $(bone_left_close) { transformation: [-0.047363375305282104f,-0.0435704344431125f,0.9979270153283403f,1.1027461844264443f,0f,0.9990482215818578f,0.043619387365336f,1.7478561679873397f,-0.9988777255899197f,0.0020659614143708894f,-0.047318295866856167f,0.17748731484469385f,0f,0f,0f,1f], start_interpolation: 0, interpolation_duration: 1 }
$data merge entity $(bone_left_eyebrow) { transformation: [-0.047363375305282104f,-0.0435704344431125f,0.9979270153283403f,1.103773074849064f,0f,0.9990482215818578f,0.043619387365336f,1.7228772362360831f,-0.9988777255899197f,0.0020659614143708894f,-0.047318295866856167f,0.17743862320282627f,0f,0f,0f,1f], start_interpolation: 0, interpolation_duration: 1 }
$data merge entity $(bone_right_eyebrow) { transformation: [-0.047363375305282104f,-0.0435704344431125f,0.9979270153283403f,1.0919322310227435f,0f,0.9990482215818578f,0.043619387365336f,1.7228772362360831f,-0.9988777255899197f,0.0020659614143708894f,-0.047318295866856167f,-0.07228080819465367f,0f,0f,0f,1f], start_interpolation: 0, interpolation_duration: 1 }
$data merge entity $(bone_talking) { transformation: [-0.047363375305282104f,-0.0435704344431125f,0.9979270153283403f,1.422293715566863f,0f,0.9990482215818578f,0.043619387365336f,1.4492846572946767f,-0.9988777255899197f,0.0020659614143708894f,-0.047318295866856167f,0.037195018745570435f,0f,0f,0f,1f], start_interpolation: 0, interpolation_duration: 1 }
$data merge entity $(bone_m_opened) { transformation: [-0.047363375305282104f,-0.0435704344431125f,0.9979270153283403f,1.422293715566863f,0f,0.9990482215818578f,0.043619387365336f,1.4492846572946767f,-0.9988777255899197f,0.0020659614143708894f,-0.047318295866856167f,0.037195018745570435f,0f,0f,0f,1f], start_interpolation: 0, interpolation_duration: 1 }
$data merge entity $(bone_head) { transformation: [-0.047363375305282104f,-0.0435704344431125f,0.9979270153283403f,1.3599232771088416f,0f,0.9990482215818578f,0.043619387365336f,1.4465584455843432f,-0.9988777255899197f,0.0020659614143708894f,-0.047318295866856167f,0.04015241223724895f,0f,0f,0f,1f], start_interpolation: 0, interpolation_duration: 1 }
$data merge entity $(item_display_r_item) { transformation: [-0.02072147669606092f,-0.4336663674333313f,-0.05394767984550887f,1.3037319642868197f,0f,-0.05400829196951841f,0.4341536069164176f,0.6860270388718661f,-0.43700900494558986f,0.020562980224524206f,0.0025580150021495534f,-0.2700342921253184f,0f,0f,0f,1f], start_interpolation: 0, interpolation_duration: 1 }
$data merge entity $(bone_rightarm) { transformation: [-0.047363375305282104f,-0.12330898250402049f,0.9912374112761858f,1.35056852663133f,0f,0.9923511015232402f,0.12344752450175658f,1.3216774178866109f,-0.9988777255899197f,0.005846891433484705f,-0.04700109765605533f,-0.27225512218639736f,0f,0f,0f,1f], start_interpolation: 0, interpolation_duration: 1 }
$data merge entity $(item_display_l_item) { transformation: [-0.02072147669606092f,-0.4367179860842396f,0.01594587827811622f,1.232614242632897f,0f,0.01596379403565023f,0.43720865416867877f,0.7016547102272555f,-0.43700900494558986f,0.020707677574108425f,-0.0007560991682067256f,0.35904007728305737f,0f,0f,0f,1f], start_interpolation: 0, interpolation_duration: 1 }
$data merge entity $(bone_leftarm) { transformation: [-0.047363375305282104f,0.03644772177855114f,0.9982125396211191f,1.3801706361971313f,0f,0.9993340666712658f,-0.03648867208148601f,1.3216774178866109f,-0.9988777255899197f,-0.0017282266701867909f,-0.04733183445510497f,0.3520434563073025f,0f,0f,0f,1f], start_interpolation: 0, interpolation_duration: 1 }
$data merge entity $(bone_body) { transformation: [-0.047363375305282104f,-0.0435704344431125f,0.9979270153283403f,1.392601102941176f,0f,0.9990482215818578f,0.043619387365336f,0.6972722793979499f,-0.9988777255899197f,0.0020659614143708894f,-0.047318295866856167f,0.038602941176470784f,0f,0f,0f,1f], start_interpolation: 0, interpolation_duration: 1 }
$data merge entity $(bone_leftleg) { transformation: [-0.047363375305282104f,-0.1905948553238208f,0.9805255283794414f,1.3985215248543363f,0f,0.9816271834476639f,0.19080899537654503f,0.790853888888889f,-0.9988777255899197f,0.00903735805964314f,-0.046493176699498706f,0.16346265687521075f,0f,0f,0f,1f], start_interpolation: 0, interpolation_duration: 1 }
$data merge entity $(bone_rightleg) { transformation: [-0.047363375305282104f,0.23324615883465263f,0.9712635790909545f,1.3866806810280157f,0f,0.9723548280319728f,-0.23350821913352962f,0.7734999999999999f,-0.9988777255899197f,-0.011059737419689419f,-0.04605400664998137f,-0.08625677452226918f,0f,0f,0f,1f], start_interpolation: 0, interpolation_duration: 1 }
data modify entity @s data merge value {"locators":{},"cameras":{"camera":{"posx":6.125,"posy":0.678560452775888,"posz":1.706578208562788,"roty":100.5169532778195,"rotx":-5.571944333647858}}}