# This file was generated by Animated Java via MC-Build. It is not recommended to edit this file directly.
$data merge entity $(bone_left_eye) { transformation: [-0.04756370420071997f,-0.04839342689640854f,0.997695229153637f,1.0800362257679568f,0f,0.9988256935381284f,0.048448260320435525f,1.6766076489242934f,-0.9988682065431386f,0.0023043787229206736f,-0.047507849835526514f,0.1793087841566386f,0f,0f,0f,1f], start_interpolation: 0, interpolation_duration: 1 }
$data merge entity $(bone_right_eye) { transformation: [-0.04756370420071997f,-0.04839342689640854f,0.997695229153637f,1.068145299717777f,0f,0.9988256935381284f,0.048448260320435525f,1.6766076489242934f,-0.9988682065431386f,0.0023043787229206736f,-0.047507849835526514f,-0.07040826747914605f,0f,0f,0f,1f], start_interpolation: 0, interpolation_duration: 1 }
$data merge entity $(bone_right_close) { transformation: [-0.04756370420071997f,-0.04839342689640854f,0.997695229153637f,1.0651207105367515f,0f,0.9988256935381284f,0.048448260320435525f,1.7390342547704263f,-0.9988682065431386f,0.0023043787229206736f,-0.047507849835526514f,-0.07026424380896351f,0f,0f,0f,1f], start_interpolation: 0, interpolation_duration: 1 }
$data merge entity $(bone_left_close) { transformation: [-0.04756370420071997f,-0.04839342689640854f,0.997695229153637f,1.0770116365869313f,0f,0.9988256935381284f,0.048448260320435525f,1.7390342547704263f,-0.9988682065431386f,0.0023043787229206736f,-0.047507849835526514f,0.17945280782682113f,0f,0f,0f,1f], start_interpolation: 0, interpolation_duration: 1 }
$data merge entity $(bone_left_eyebrow) { transformation: [-0.04756370420071997f,-0.04839342689640854f,0.997695229153637f,1.0781591163075195f,0f,0.9988256935381284f,0.048448260320435525f,1.714060584415703f,-0.9988682065431386f,0.0023043787229206736f,-0.047507849835526514f,0.17939816759936283f,0f,0f,0f,1f], start_interpolation: 0, interpolation_duration: 1 }
$data merge entity $(bone_right_eyebrow) { transformation: [-0.04756370420071997f,-0.04839342689640854f,0.997695229153637f,1.0662681902573394f,0f,0.9988256935381284f,0.048448260320435525f,1.714060584415703f,-0.9988682065431386f,0.0023043787229206736f,-0.047507849835526514f,-0.0703188840364218f,0f,0f,0f,1f], start_interpolation: 0, interpolation_duration: 1 }
$data merge entity $(bone_talking) { transformation: [-0.04756370420071997f,-0.04839342689640854f,0.997695229153637f,1.3979688785774806f,0f,0.9988256935381284f,0.048448260320435525f,1.4420413068898972f,-0.9988682065431386f,0.0023043787229206736f,-0.047507849835526514f,0.03902796058441407f,0f,0f,0f,1f], start_interpolation: 0, interpolation_duration: 1 }
$data merge entity $(bone_m_opened) { transformation: [-0.04756370420071997f,-0.04839342689640854f,0.997695229153637f,1.3979688785774806f,0f,0.9988256935381284f,0.048448260320435525f,1.4420413068898972f,-0.9988682065431386f,0.0023043787229206736f,-0.047507849835526514f,0.03902796058441407f,0f,0f,0f,1f], start_interpolation: 0, interpolation_duration: 1 }
$data merge entity $(bone_head) { transformation: [-0.04756370420071997f,-0.04839342689640854f,0.997695229153637f,1.3356129267553782f,0f,0.9988256935381284f,0.048448260320435525f,1.43901329061987f,-0.9988682065431386f,0.0023043787229206736f,-0.047507849835526514f,0.04199720119913448f,0f,0f,0f,1f], start_interpolation: 0, interpolation_duration: 1 }
$data merge entity $(item_display_r_item) { transformation: [-0.020809120587814985f,-0.43337164405143563f,-0.05623387442207306f,1.2827091581844345f,0f,-0.05629759166795991f,0.4338626870017606f,0.6782433981573485f,-0.4370048403626231f,0.02063611650828129f,0.002677721997307762f,-0.26833773465128474f,0f,0f,0f,1f], start_interpolation: 0, interpolation_duration: 1 }
$data merge entity $(bone_rightarm) { transformation: [-0.04756370420071997f,-0.12853457010759578f,0.9905637578318529f,1.3261955215961687f,0f,0.9916861417183099f,0.12868020952676573f,1.314132262922138f,-0.9988682065431386f,0.0061205074224177525f,-0.04716826630464295f,-0.270408450800354f,0f,0f,0f,1f], start_interpolation: 0, interpolation_duration: 1 }
$data merge entity $(item_display_l_item) { transformation: [-0.020809120587814985f,-0.43662363920017766f,0.018249060029349784f,1.2051031397653542f,0f,0.018269737598822708f,0.43711836690771777f,0.6948973780822046f,-0.4370048403626231f,0.020790968704300465f,-0.0008689763949751752f,0.36106584991172935f,0f,0f,0f,1f], start_interpolation: 0, interpolation_duration: 1 }
$data merge entity $(bone_leftarm) { transformation: [-0.04756370420071997f,0.04171213720994214f,0.9979968896004061f,1.3559228367216187f,0f,0.9991276957890692f,-0.041759400225880254f,1.314132262922138f,-0.9988682065431386f,-0.001986231759943247f,-0.04752221418125821f,0.35388417828910756f,0f,0f,0f,1f], start_interpolation: 0, interpolation_duration: 1 }
$data merge entity $(bone_body) { transformation: [-0.04756370420071997f,-0.04357001922812361f,0.9979175053415824f,1.368290441176471f,0f,0.9990482215818578f,0.043619387365336f,0.6897271244334768f,-0.9988682065431386f,0.002074699638061463f,-0.04751843409357482f,0.04044117647058838f,0f,0f,0f,1f], start_interpolation: 0, interpolation_duration: 1 }
$data merge entity $(bone_leftleg) { transformation: [-0.04756370420071997f,-0.22469645621244405f,0.9732672791213498f,1.3742359042015608f,0f,0.9743700647852354f,0.2249510543438645f,0.7942216666666666f,-0.9988682065431386f,0.010699505408451654f,-0.04634464954348128f,0.1652997022884807f,0f,0f,0f,1f], start_interpolation: 0, interpolation_duration: 1 }
$data merge entity $(bone_rightleg) { transformation: [-0.04756370420071997f,0.2519090330627715f,0.9665813639337796f,1.362344978151381f,0f,0.9676765739485326f,-0.2521944651082377f,0.7595000000000002f,-0.9988682065431386f,-0.011995302939467009f,-0.046026282325254124f,-0.08441734934730394f,0f,0f,0f,1f], start_interpolation: 0, interpolation_duration: 1 }
data modify entity @s data merge value {"locators":{},"cameras":{"camera":{"posx":6.125,"posy":0.6799473099558129,"posz":1.7037992879239123,"roty":100.43583269467238,"rotx":-5.572876850157774}}}