# This file was generated by Animated Java via MC-Build. It is not recommended to edit this file directly.
$data merge entity $(bone_left_eye) { transformation: [-0.04775151080284255f,-0.060826703294316144f,0.9970054690834906f,1.0528134538883243f,0f,0.99814410601679f,0.060896170847954956f,1.671098149978602f,-0.9988592459481196f,0.0029078841600978667f,-0.04766288906125437f,0.18134167954880098f,0f,0f,0f,1f], start_interpolation: 0, interpolation_duration: 1 }
$data merge entity $(bone_right_eye) { transformation: [-0.04775151080284255f,-0.060826703294316144f,0.9970054690834906f,1.0408755761876138f,0f,0.99814410601679f,0.060896170847954956f,1.671098149978602f,-0.9988592459481196f,0.0029078841600978667f,-0.04766288906125437f,-0.06837313193822891f,0f,0f,0f,1f], start_interpolation: 0, interpolation_duration: 1 }
$data merge entity $(bone_right_close) { transformation: [-0.04775151080284255f,-0.060826703294316144f,0.9970054690834906f,1.037073907231719f,0f,0.99814410601679f,0.060896170847954956f,1.7334821566046514f,-0.9988592459481196f,0.0029078841600978667f,-0.04766288906125437f,-0.0681913891782228f,0f,0f,0f,1f], start_interpolation: 0, interpolation_duration: 1 }
$data merge entity $(bone_left_close) { transformation: [-0.04775151080284255f,-0.060826703294316144f,0.9970054690834906f,1.0490117849324294f,0f,0.99814410601679f,0.060896170847954956f,1.7334821566046514f,-0.9988592459481196f,0.0029078841600978667f,-0.04766288906125437f,0.18152342230880708f,0f,0f,0f,1f], start_interpolation: 0, interpolation_duration: 1 }
$data merge entity $(bone_left_eyebrow) { transformation: [-0.04775151080284255f,-0.060826703294316144f,0.9970054690834906f,1.0504701396729699f,0f,0.99814410601679f,0.060896170847954956f,1.7085247479435537f,-0.9988592459481196f,0.0029078841600978667f,-0.04766288906125437f,0.18145370413537099f,0f,0f,0f,1f], start_interpolation: 0, interpolation_duration: 1 }
$data merge entity $(bone_right_eyebrow) { transformation: [-0.04775151080284255f,-0.060826703294316144f,0.9970054690834906f,1.0385322619722592f,0f,0.99814410601679f,0.060896170847954956f,1.7085247479435537f,-0.9988592459481196f,0.0029078841600978667f,-0.04766288906125437f,-0.06826110735165891f,0f,0f,0f,1f], start_interpolation: 0, interpolation_duration: 1 }
$data merge entity $(bone_talking) { transformation: [-0.04775151080284255f,-0.060826703294316144f,0.9970054690834906f,1.3736153999501388f,0f,0.99814410601679f,0.060896170847954956f,1.4405921768643903f,-0.9988592459481196f,0.0029078841600978667f,-0.04766288906125437f,0.04086264993361957f,0f,0f,0f,1f], start_interpolation: 0, interpolation_duration: 1 }
$data merge entity $(bone_m_opened) { transformation: [-0.04775151080284255f,-0.060826703294316144f,0.9970054690834906f,1.3736153999501388f,0f,0.99814410601679f,0.060896170847954956f,1.4405921768643903f,-0.9988592459481196f,0.0029078841600978667f,-0.04766288906125437f,0.04086264993361957f,0f,0f,0f,1f], start_interpolation: 0, interpolation_duration: 1 }
$data merge entity $(bone_head) { transformation: [-0.04775151080284255f,-0.060826703294316144f,0.9970054690834906f,1.3113025581324207f,0f,0.99814410601679f,0.060896170847954956f,1.4367861661863932f,-0.9988592459481196f,0.0029078841600978667f,-0.04766288906125437f,0.04384158049994797f,0f,0f,0f,1f], start_interpolation: 0, interpolation_duration: 1 }
$data merge entity $(item_display_r_item) { transformation: [-0.020891285976243616f,-0.4332623166510547f,-0.057040066097612425f,1.2595229899350917f,0f,-0.05710520909627248f,0.43375712685104206f,0.6759363261025231f,-0.4370009201023023f,0.02071255812863748f,0.0027268600090592384f,-0.2665399358623299f,0f,0f,0f,1f], start_interpolation: 0, interpolation_duration: 1 }
$data merge entity $(bone_rightarm) { transformation: [-0.04775151080284255f,-0.13037729393740005f,0.9903138666309822f,1.3018264145530896f,0f,0.9914448613738104f,0.1305261922200516f,1.311905138488661f,-0.9988592459481196f,0.006232822877849698f,-0.04734299000831425f,-0.2685622953147131f,0f,0f,0f,1f], start_interpolation: 0, interpolation_duration: 1 }
$data merge entity $(item_display_l_item) { transformation: [-0.020891285976243616f,-0.4365849920578406f,0.019061712412950668f,1.1797015219126967f,0f,0.019083481972334605f,0.4370835969420628f,0.692952423420667f,-0.4370009201023023f,0.020871402101124193f,-0.0009112650955577867f,0.3629897984254083f,0f,0f,0f,1f], start_interpolation: 0, interpolation_duration: 1 }
$data merge entity $(bone_leftarm) { transformation: [-0.04775151080284255f,0.04356962837245845f,0.9979085532750643f,1.3316711088048663f,0f,0.9990482215818578f,-0.043619387365336014f,1.311905138488661f,-0.9988592459481196f,-0.002082891646989216f,-0.047706061945426724f,0.3557247334028617f,0f,0f,0f,1f], start_interpolation: 0, interpolation_duration: 1 }
$data merge entity $(bone_body) { transformation: [-0.04775151080284255f,-0.04356962837245845f,0.9979085532750643f,1.3439797794117645f,0f,0.9990482215818578f,0.043619387365336f,0.6875f,-0.9988592459481196f,0.002082891646989216f,-0.047706061945426724f,0.04227941176470606f,0f,0f,0f,1f], start_interpolation: 0, interpolation_duration: 1 }
$data merge entity $(bone_leftleg) { transformation: [-0.04775151080284255f,-0.2585237962281162f,0.9648239424889131f,1.3499487182621197f,0f,0.9659258262890683f,0.25881904510252074f,0.796875f,-0.9988592459481196f,0.012359000428194412f,-0.046124417528787064f,0.16713681750822101f,0f,0f,0f,1f], start_interpolation: 0, interpolation_duration: 1 }
$data merge entity $(bone_rightleg) { transformation: [-0.04775151080284255f,0.2585237962281162f,0.9648239424889131f,1.3380108405614093f,0f,0.9659258262890683f,-0.25881904510252074f,0.75f,-0.9988592459481196f,-0.012359000428194412f,-0.046124417528787064f,-0.08257799397880888f,0f,0f,0f,1f], start_interpolation: 0, interpolation_duration: 1 }
data modify entity @s data merge value {"locators":{},"cameras":{"camera":{"posx":6.125,"posy":0.6813300101496544,"posz":1.7009616426008582,"roty":100.3555862927939,"rotx":-5.574704363351017}}}
execute on vehicle unless entity @s[tag=aj.transforms_only] at @s run function animated_java:humanentity/animations/000_mur_0/zzz/frames/zzz/18