# This file was generated by Animated Java via MC-Build. It is not recommended to edit this file directly.
$data merge entity $(bone_left_eye) { transformation: [-0.04792679544192245f,-0.07781156237339955f,0.9958154362328789f,1.0245762707875912f,0f,0.9969610932083057f,0.07790108233458751f,1.66862559888414f,-0.9988508508674697f,0.003733549237754134f,-0.04778115037774985f,0.18342058141280376f,0f,0f,0f,1f], start_interpolation: 0, interpolation_duration: 1 }
$data merge entity $(bone_right_eye) { transformation: [-0.04792679544192245f,-0.07781156237339955f,0.9958154362328789f,1.0125945719271106f,0f,0.9969610932083057f,0.07790108233458751f,1.66862559888414f,-0.9988508508674697f,0.003733549237754134f,-0.04778115037774985f,-0.06629213130406367f,0f,0f,0f,1f], start_interpolation: 0, interpolation_duration: 1 }
$data merge entity $(bone_right_close) { transformation: [-0.04792679544192245f,-0.07781156237339955f,0.9958154362328789f,1.0077313492787732f,0f,0.9969610932083057f,0.07790108233458751f,1.7309356672096592f,-0.9988508508674697f,0.003733549237754134f,-0.04778115037774985f,-0.06605878447670403f,0f,0f,0f,1f], start_interpolation: 0, interpolation_duration: 1 }
$data merge entity $(bone_left_close) { transformation: [-0.04792679544192245f,-0.07781156237339955f,0.9958154362328789f,1.0197130481392538f,0f,0.9969610932083057f,0.07790108233458751f,1.7309356672096592f,-0.9988508508674697f,0.003733549237754134f,-0.04778115037774985f,0.1836539282401634f,0f,0f,0f,1f], start_interpolation: 0, interpolation_duration: 1 }
$data merge entity $(bone_left_eyebrow) { transformation: [-0.04792679544192245f,-0.07781156237339955f,0.9958154362328789f,1.0215960987338242f,0f,0.9969610932083057f,0.07790108233458751f,1.7060067710618059f,-0.9988508508674697f,0.003733549237754134f,-0.04778115037774985f,0.18356357583111815f,0f,0f,0f,1f], start_interpolation: 0, interpolation_duration: 1 }
$data merge entity $(bone_right_eyebrow) { transformation: [-0.04792679544192245f,-0.07781156237339955f,0.9958154362328789f,1.0096143998733436f,0f,0.9969610932083057f,0.07790108233458751f,1.7060067710618059f,-0.9988508508674697f,0.003733549237754134f,-0.04778115037774985f,-0.06614913688574928f,0f,0f,0f,1f], start_interpolation: 0, interpolation_duration: 1 }
$data merge entity $(bone_talking) { transformation: [-0.04792679544192245f,-0.07781156237339955f,0.9958154362328789f,1.3492306357734754f,0f,0.9969610932083057f,0.07790108233458751f,1.4437294138116223f,-0.9988508508674697f,0.003733549237754134f,-0.04778115037774985f,0.042699228251884686f,0f,0f,0f,1f], start_interpolation: 0, interpolation_duration: 1 }
$data merge entity $(bone_m_opened) { transformation: [-0.04792679544192245f,-0.07781156237339955f,0.9958154362328789f,1.3492306357734754f,0f,0.9969610932083057f,0.07790108233458751f,1.4437294138116223f,-0.9988508508674697f,0.003733549237754134f,-0.04778115037774985f,0.042699228251884686f,0f,0f,0f,1f], start_interpolation: 0, interpolation_duration: 1 }
$data merge entity $(bone_head) { transformation: [-0.04792679544192245f,-0.07781156237339955f,0.9958154362328789f,1.2869921710089205f,0f,0.9969610932083057f,0.07790108233458751f,1.4388605961657106f,-0.9988508508674697f,0.003733549237754134f,-0.04778115037774985f,0.04568555015049405f,0f,0f,0f,1f], start_interpolation: 0, interpolation_duration: 1 }
$data merge entity $(item_display_r_item) { transformation: [-0.02096797300584107f,-0.4333844416604773f,-0.056076018356001726f,1.2337456766690662f,0f,-0.05614053219987901f,0.43388303797718847f,0.6781065050148865f,-0.436997247254518f,0.02079462360685258f,0.002690635802744262f,-0.2646191023294978f,0f,0f,0f,1f], start_interpolation: 0, interpolation_duration: 1 }
$data merge entity $(bone_rightarm) { transformation: [-0.04792679544192245f,-0.12817375624228988f,0.9905930095096624f,1.2774612052063428f,0f,0.9917326582335736f,0.12832121645686653f,1.3139795684679783f,-0.9988508508674697f,0.006150024691986895f,-0.04753056824423447f,-0.2667166579275353f,0f,0f,0f,1f], start_interpolation: 0, interpolation_duration: 1 }
$data merge entity $(item_display_l_item) { transformation: [-0.02096797300584107f,-0.4366226300477676f,0.01809068926814648f,1.1568222876751157f,0f,0.01811150208505635f,0.4371249518069439f,0.6946900664823602f,-0.436997247254518f,0.02094999814781161f,-0.0008680262555764476f,0.3647908751291172f,0f,0f,0f,1f], start_interpolation: 0, interpolation_duration: 1 }
$data merge entity $(bone_leftarm) { transformation: [-0.04792679544192245f,0.04135014689862031f,0.9979945829663259f,1.3074154523575443f,0f,0.9991427469873003f,-0.04139771905155715f,1.3139795684679783f,-0.9988508508674697f,-0.0019840600127461554f,-0.047885710052140824f,0.35756512386463324f,0f,0f,0f,1f], start_interpolation: 0, interpolation_duration: 1 }
$data merge entity $(bone_body) { transformation: [-0.04792679544192245f,-0.043569262184183624f,0.997900166184671f,1.3196691176470583f,0f,0.9990482215818578f,0.043619387365336f,0.6895744299793173f,-0.9988508508674697f,0.0020905374555604352f,-0.047881179752370114f,0.04411764705882373f,0f,0f,0f,1f], start_interpolation: 0, interpolation_duration: 1 }
$data merge entity $(bone_leftleg) { transformation: [-0.04792679544192245f,-0.2246925520349035f,0.9732503682705239f,1.3256599670772986f,0f,0.9743700647852354f,0.2249510543438645f,0.8025700000000001f,-0.9988508508674697f,0.010781183165983175f,-0.0466984347796947f,0.16897400341725743f,0f,0f,0f,1f], start_interpolation: 0, interpolation_duration: 1 }
$data merge entity $(bone_rightleg) { transformation: [-0.04792679544192245f,0.25207959732163926f,0.9665189594068129f,1.313678268216818f,0f,0.9676309116295214f,-0.2523696076373327f,0.7480555555555556f,-0.9988508508674697f,-0.012095266560992673f,-0.046375448764949014f,-0.08073870929961f,0f,0f,0f,1f], start_interpolation: 0, interpolation_duration: 1 }
data modify entity @s data merge value {"locators":{},"cameras":{"camera":{"posx":6.125,"posy":0.6827085265669542,"posz":1.6980665585356156,"roty":100.27621941261961,"rotx":-5.577451779590033}}}