# This file was generated by Animated Java via MC-Build. It is not recommended to edit this file directly.
$data merge entity $(bone_left_eye) { transformation: [-0.04808955842820871f,-0.09629135173778319f,0.994190811640648f,0.9960724191281533f,0f,0.9953423950287485f,0.09640288718930881f,1.669929508557499f,-0.9988430278928616f,0.004635972276138279f,-0.0478655762618082f,0.18550987578201666f,0f,0f,0f,1f], start_interpolation: 0, interpolation_duration: 1 }
$data merge entity $(bone_right_eye) { transformation: [-0.04808955842820871f,-0.09629135173778319f,0.994190811640648f,0.9840500295211011f,0f,0.9953423950287485f,0.09640288718930881f,1.669929508557499f,-0.9988430278928616f,0.004635972276138279f,-0.0478655762618082f,-0.06420088119119875f,0f,0f,0f,1f], start_interpolation: 0, interpolation_duration: 1 }
$data merge entity $(bone_right_close) { transformation: [-0.04808955842820871f,-0.09629135173778319f,0.994190811640648f,0.9780318200374897f,0f,0.9953423950287485f,0.09640288718930881f,1.7321384082467957f,-0.9988430278928616f,0.004635972276138279f,-0.0478655762618082f,-0.0639111329239401f,0f,0f,0f,1f], start_interpolation: 0, interpolation_duration: 1 }
$data merge entity $(bone_left_close) { transformation: [-0.04808955842820871f,-0.09629135173778319f,0.994190811640648f,0.9900542096445418f,0f,0.9953423950287485f,0.09640288718930881f,1.7321384082467957f,-0.9988430278928616f,0.004635972276138279f,-0.0478655762618082f,0.1857996240492753f,0f,0f,0f,1f], start_interpolation: 0, interpolation_duration: 1 }
$data merge entity $(bone_left_eyebrow) { transformation: [-0.04808955842820871f,-0.09629135173778319f,0.994190811640648f,0.9923993565122589f,0f,0.9953423950287485f,0.09640288718930881f,1.7072488231906275f,-0.9988430278928616f,0.004635972276138279f,-0.0478655762618082f,0.1856867163408882f,0f,0f,0f,1f], start_interpolation: 0, interpolation_duration: 1 }
$data merge entity $(bone_right_eyebrow) { transformation: [-0.04808955842820871f,-0.09629135173778319f,0.994190811640648f,0.9803769669052067f,0f,0.9953423950287485f,0.09640288718930881f,1.7072488231906275f,-0.9988430278928616f,0.004635972276138279f,-0.0478655762618082f,-0.0640240406323272f,0f,0f,0f,1f], start_interpolation: 0, interpolation_duration: 1 }
$data merge entity $(bone_talking) { transformation: [-0.04808955842820871f,-0.09629135173778319f,0.994190811640648f,1.3248186908967756f,0f,0.9953423950287485f,0.09640288718930881f,1.4512198120469708f,-0.9988430278928616f,0.004635972276138279f,-0.0478655762618082f,0.04453751164455932f,0f,0f,0f,1f], start_interpolation: 0, interpolation_duration: 1 }
$data merge entity $(bone_m_opened) { transformation: [-0.04808955842820871f,-0.09629135173778319f,0.994190811640648f,1.3248186908967756f,0f,0.9953423950287485f,0.09640288718930881f,1.4512198120469708f,-0.9988430278928616f,0.004635972276138279f,-0.0478655762618082f,0.04453751164455932f,0f,0f,0f,1f], start_interpolation: 0, interpolation_duration: 1 }
$data merge entity $(bone_head) { transformation: [-0.04808955842820871f,-0.09629135173778319f,0.994190811640648f,1.262681765169235f,0f,0.9953423950287485f,0.09640288718930881f,1.445194631597639f,-0.9988430278928616f,0.004635972276138279f,-0.0478655762618082f,0.04752911016092233f,0f,0f,0f,1f], start_interpolation: 0, interpolation_duration: 1 }
$data merge entity $(item_display_r_item) { transformation: [-0.02103918181234131f,-0.4337234441308242f,-0.05336269146101119f,1.2054113256147678f,0f,-0.053424502119801556f,0.434225831305844f,0.6847268442859004f,-0.436993824703127f,0.020881728485619883f,0.002569160716188157f,-0.2625755621460664f,0f,0f,0f,1f], start_interpolation: 0, interpolation_duration: 1 }
$data merge entity $(bone_rightarm) { transformation: [-0.04808955842820871f,-0.12197186619659722f,0.9913678722990268f,1.253099893279273f,0f,0.9925161858419292f,0.12211314770240378f,1.3203136038999066f,-0.9988430278928616f,0.005872367351287227f,-0.04772966510998831f,-0.2648715406902604f,0f,0f,0f,1f], start_interpolation: 0, interpolation_duration: 1 }
$data merge entity $(item_display_l_item) { transformation: [-0.02103918181234131f,-0.43672386049051704f,0.015358141389070797f,1.136437419458083f,0f,0.015375930912257568f,0.43722972308453767f,0.7000928368969264f,-0.436993824703127f,0.02102618431482339f,-0.0007394217279931107f,0.36646914972986067f,0f,0f,0f,1f], start_interpolation: 0, interpolation_duration: 1 }
$data merge entity $(bone_leftarm) { transformation: [-0.04808955842820871f,0.03510432317501874f,0.9982259668354675f,1.2831558672969032f,0f,0.999382224193229f,-0.03514498494230279f,1.3203136038999066f,-0.9988430278928616f,-0.0016901068068413852f,-0.048059849862453465f,0.3594053517427781f,0f,0f,0f,1f], start_interpolation: 0, interpolation_duration: 1 }
$data merge entity $(bone_body) { transformation: [-0.04808955842820871f,-0.04356892095082384f,0.9978923506558014f,1.295358455882353f,0f,0.9990482215818578f,0.043619387365336f,0.6959084654112455f,-0.9988430278928616f,0.0020976370773079945f,-0.04804378782435875f,0.04595588235294133f,0f,0f,0f,1f], start_interpolation: 0, interpolation_duration: 1 }
$data merge entity $(bone_leftleg) { transformation: [-0.04808955842820871f,-0.19058823469110325f,0.9804914681768061f,1.3013696506858792f,0f,0.9816271834476639f,0.19080899537654503f,0.806485f,-0.9988430278928616f,0.009175920331788167f,-0.04720601779312438f,0.17081126083954903f,0f,0f,0f,1f], start_interpolation: 0, interpolation_duration: 1 }
$data merge entity $(bone_rightleg) { transformation: [-0.04808955842820871f,0.23389093739470007f,0.9710728210462943f,1.2893472610788268f,0f,0.9721976265828769f,-0.23416185613079915f,0.7463888888888889f,-0.9988430278928616f,-0.011260740262059867f,-0.04675255456732309f,-0.07889949613366637f,0f,0f,0f,1f], start_interpolation: 0, interpolation_duration: 1 }
data modify entity @s data merge value {"locators":{},"cameras":{"camera":{"posx":6.125,"posy":0.6840828324172545,"posz":1.6951153216701738,"roty":100.19773738781885,"rotx":-5.581144002897097}}}