# This file was generated by Animated Java via MC-Build. It is not recommended to edit this file directly.
$data merge entity $(bone_left_eye) { transformation: [-0.04823980005151672f,-0.11322291421257824f,0.9923978503544841f,0.9679961242777985f,0f,0.9935545633234155f,0.11335488387898081f,1.675456128687629f,-0.9988357831450522f,0.00546821693318493f,-0.047928873474993576f,0.18757600603589025f,0f,0f,0f,1f], start_interpolation: 0, interpolation_duration: 1 }
$data merge entity $(bone_right_eye) { transformation: [-0.04823980005151672f,-0.11322291421257824f,0.9923978503544841f,0.9559361742649194f,0f,0.9935545633234155f,0.11335488387898081f,1.675456128687629f,-0.9988357831450522f,0.00546821693318493f,-0.047928873474993576f,-0.06213293975037279f,0f,0f,0f,1f], start_interpolation: 0, interpolation_duration: 1 }
$data merge entity $(bone_right_close) { transformation: [-0.04823980005151672f,-0.11322291421257824f,0.9923978503544841f,0.9488597421266333f,0f,0.9935545633234155f,0.11335488387898081f,1.7375532888953427f,-0.9988357831450522f,0.00546821693318493f,-0.047928873474993576f,-0.06179117619204874f,0f,0f,0f,1f], start_interpolation: 0, interpolation_duration: 1 }
$data merge entity $(bone_left_close) { transformation: [-0.04823980005151672f,-0.11322291421257824f,0.9923978503544841f,0.9609196921395123f,0f,0.9935545633234155f,0.11335488387898081f,1.7375532888953427f,-0.9988357831450522f,0.00546821693318493f,-0.047928873474993576f,0.1879177695942143f,0f,0f,0f,1f], start_interpolation: 0, interpolation_duration: 1 }
$data merge entity $(bone_left_eyebrow) { transformation: [-0.04823980005151672f,-0.11322291421257824f,0.9923978503544841f,0.9636882401291796f,0f,0.9935545633234155f,0.11335488387898081f,1.7127073401320148f,-0.9988357831450522f,0.00546821693318493f,-0.047928873474993576f,0.18778405972547688f,0f,0f,0f,1f], start_interpolation: 0, interpolation_duration: 1 }
$data merge entity $(bone_right_eyebrow) { transformation: [-0.04823980005151672f,-0.11322291421257824f,0.9923978503544841f,0.9516282901163005f,0f,0.9935545633234155f,0.11335488387898081f,1.7127073401320148f,-0.9988357831450522f,0.00546821693318493f,-0.047928873474993576f,-0.06192488606078618f,0f,0f,0f,1f], start_interpolation: 0, interpolation_duration: 1 }
$data merge entity $(bone_talking) { transformation: [-0.04823980005151672f,-0.11322291421257824f,0.9923978503544841f,1.3003962060602796f,0f,0.9935545633234155f,0.11335488387898081f,1.4624908890689567f,-0.9988357831450522f,0.00546821693318493f,-0.047928873474993576f,0.046376705948527004f,0f,0f,0f,1f], start_interpolation: 0, interpolation_duration: 1 }
$data merge entity $(bone_m_opened) { transformation: [-0.04823980005151672f,-0.11322291421257824f,0.9923978503544841f,1.3003962060602796f,0f,0.9935545633234155f,0.11335488387898081f,1.4624908890689567f,-0.9988357831450522f,0.00546821693318493f,-0.047928873474993576f,0.046376705948527004f,0f,0f,0f,1f], start_interpolation: 0, interpolation_duration: 1 }
$data merge entity $(bone_head) { transformation: [-0.04823980005151672f,-0.11322291421257824f,0.9923978503544841f,1.2383713404131245f,0f,0.9935545633234155f,0.11335488387898081f,1.4554062088265205f,-0.9988357831450522f,0.00546821693318493f,-0.047928873474993576f,0.0493722605407141f,0f,0f,0f,1f], start_interpolation: 0, interpolation_duration: 1 }
$data merge entity $(item_display_r_item) { transformation: [-0.021104912522538564f,-0.4342160460167632f,-0.04916561856606929f,1.1749173490326126f,0f,-0.04922292472468359f,0.434722156879021f,0.6954298356659914f,-0.4369906551259603f,0.020970909925808058f,0.002374504046669595f,-0.2604274055955924f,0f,0f,0f,1f], start_interpolation: 0, interpolation_duration: 1 }
$data merge entity $(bone_rightarm) { transformation: [-0.04823980005151672f,-0.11237855672244432f,0.9924938194668873f,1.2287424785144458f,0f,0.9936506442949051f,0.11250954222784842f,1.3305251811287881f,-0.9988357831450522f,0.005427437820959086f,-0.047933508401846986f,-0.2630269455077239f,0f,0f,0f,1f], start_interpolation: 0, interpolation_duration: 1 }
$data merge entity $(item_display_l_item) { transformation: [-0.021104912522538564f,-0.4368487888720347f,0.011134106540377194f,1.1181725473826667f,0f,0.011147084163644029f,0.4373579683904806f,0.7089129646177141f,-0.4369906551259603f,0.021098060946094357f,-0.0005377331112116165f,0.36804162652997724f,0f,0f,0f,1f], start_interpolation: 0, interpolation_duration: 1 }
$data merge entity $(bone_leftarm) { transformation: [-0.04823980005151672f,0.02544938637800479f,0.9985115174217936f,1.2588923535466439f,0f,0.9996753563210985f,-0.025479049516900415f,1.3305251811287881f,-0.9988357831450522f,-0.00122910425419797f,-0.04822413930535853f,0.3612454189579337f,0f,0f,0f,1f], start_interpolation: 0, interpolation_duration: 1 }
$data merge entity $(bone_body) { transformation: [-0.04823980005151672f,-0.04356860493936278f,0.9978851128033865f,1.2710477941176466f,0f,0.9990482215818578f,0.043619387365336f,0.7061200426401272f,-0.9988357831450522f,0.0021041905248734634f,-0.04819388645093219f,0.047794117647059f,0f,0f,0f,1f], start_interpolation: 0, interpolation_duration: 1 }
$data merge entity $(bone_leftleg) { transformation: [-0.04823980005151672f,-0.15625234139933603f,0.9865384571815815f,1.2770777691240862f,0f,0.9876883405951378f,0.15643446504023062f,0.809115f,-0.9988357831450522f,0.007546367314706708f,-0.047645888063523795f,0.17264859054019052f,0f,0f,0f,1f], start_interpolation: 0, interpolation_duration: 1 }
$data merge entity $(bone_rightleg) { transformation: [-0.04823980005151672f,0.20562294005094767f,0.9774416239427264f,1.265017819111207f,0f,0.9785809043254722f,-0.2058626087698811f,0.745f,-0.9988357831450522f,-0.009930771085142677f,-0.04720654715889319f,-0.07706035524607252f,0f,0f,0f,1f], start_interpolation: 0, interpolation_duration: 1 }
data modify entity @s data merge value {"locators":{},"cameras":{"camera":{"posx":6.125,"posy":0.6854529009100969,"posz":1.6921092179465214,"roty":100.12014554557825,"rotx":-5.585805934704639}}}