# This file was generated by Animated Java via MC-Build. It is not recommended to edit this file directly.
$data merge entity $(bone_left_eye) { transformation: [-0.04837752058084342f,-0.12558482226223827f,0.9909026530995929f,0.9409862177879064f,0f,0.9920642390199215f,0.12573203910628492f,1.6846192161648024f,-0.9988291222739003f,0.006082604309535708f,-0.04799360814070502f,0.18958769469546707f,0f,0f,0f,1f], start_interpolation: 0, interpolation_duration: 1 }
$data merge entity $(bone_right_eye) { transformation: [-0.04837752058084342f,-0.12558482226223827f,0.9909026530995929f,0.9288918376426955f,0f,0.9920642390199215f,0.12573203910628492f,1.6846192161648024f,-0.9988291222739003f,0.006082604309535708f,-0.04799360814070502f,-0.060119585873008f,0f,0f,0f,1f], start_interpolation: 0, interpolation_duration: 1 }
$data merge entity $(bone_right_close) { transformation: [-0.04837752058084342f,-0.12558482226223827f,0.9909026530995929f,0.9210427862513055f,0f,0.9920642390199215f,0.12573203910628492f,1.7466232311035474f,-0.9988291222739003f,0.006082604309535708f,-0.04799360814070502f,-0.05973942310366202f,0f,0f,0f,1f], start_interpolation: 0, interpolation_duration: 1 }
$data merge entity $(bone_left_close) { transformation: [-0.04837752058084342f,-0.12558482226223827f,0.9909026530995929f,0.9331371663965164f,0f,0.9920642390199215f,0.12573203910628492f,1.7466232311035474f,-0.9988291222739003f,0.006082604309535708f,-0.04799360814070502f,0.18996785746481304f,0f,0f,0f,1f], start_interpolation: 0, interpolation_duration: 1 }
$data merge entity $(bone_left_eyebrow) { transformation: [-0.04837752058084342f,-0.12558482226223827f,0.9909026530995929f,0.9362148555372536f,0f,0.9920642390199215f,0.12573203910628492f,1.7218137668756053f,-0.9988291222739003f,0.006082604309535708f,-0.04799360814070502f,0.18981879195758344f,0f,0f,0f,1f], start_interpolation: 0, interpolation_duration: 1 }
$data merge entity $(bone_right_eyebrow) { transformation: [-0.04837752058084342f,-0.12558482226223827f,0.9909026530995929f,0.9241204753920427f,0f,0.9920642390199215f,0.12573203910628492f,1.7218137668756053f,-0.9988291222739003f,0.006082604309535708f,-0.04799360814070502f,-0.05988848861089162f,0f,0f,0f,1f], start_interpolation: 0, interpolation_duration: 1 }
$data merge entity $(bone_talking) { transformation: [-0.04837752058084342f,-0.12558482226223827f,0.9909026530995929f,1.2759923123744832f,0f,0.9920642390199215f,0.12573203910628492f,1.475894418630536f,-0.9988291222739003f,0.006082604309535708f,-0.04799360814070502f,0.04821540078987529f,0f,0f,0f,1f], start_interpolation: 0, interpolation_duration: 1 }
$data merge entity $(bone_m_opened) { transformation: [-0.04837752058084342f,-0.12558482226223827f,0.9909026530995929f,1.2759923123744832f,0f,0.9920642390199215f,0.12573203910628492f,1.475894418630536f,-0.9988291222739003f,0.006082604309535708f,-0.04799360814070502f,0.04821540078987529f,0f,0f,0f,1f], start_interpolation: 0, interpolation_duration: 1 }
$data merge entity $(bone_head) { transformation: [-0.04837752058084342f,-0.12558482226223827f,0.9909026530995929f,1.2140608965557587f,0f,0.9920642390199215f,0.12573203910628492f,1.4680361661863932f,-0.9988291222739003f,0.006082604309535708f,-0.04799360814070502f,0.05121500129866935f,0f,0f,0f,1f], start_interpolation: 0, interpolation_duration: 1 }
$data merge entity $(item_display_r_item) { transformation: [-0.021165165254118996f,-0.43479215714113084f,-0.04375003849516064f,1.1426626850551105f,0f,-0.043801324490380086f,0.435301842372495f,0.7087806995307026f,-0.4369877409948314f,0.021058823838254435f,0.0021189994770015636f,-0.25819320943724566f,0f,0f,0f,1f], start_interpolation: 0, interpolation_duration: 1 }
$data merge entity $(bone_rightarm) { transformation: [-0.04837752058084342f,-0.10000008798893883f,0.9938106448940134f,1.2043889606737754f,0f,0.99497563970856f,0.100117313120869f,1.343155138488661f,-0.9988291222739003f,0.004843427376003585f,-0.04813445448743871f,-0.26118287413817326f,0f,0f,0f,1f], start_interpolation: 0, interpolation_duration: 1 }
$data merge entity $(item_display_l_item) { transformation: [-0.021165165254118996f,-0.436950708816152f,0.005688922993697228f,1.1016548185269062f,0f,0.005695591835314151f,0.43746292441033846f,0.7198354155696959f,-0.4369877409948314f,0.021163371629017103f,-0.00027553861123299405f,0.3695256314787807f,0f,0f,0f,1f], start_interpolation: 0, interpolation_duration: 1 }
$data merge entity $(bone_leftarm) { transformation: [-0.04837752058084342f,0.013003252557022012f,0.9987444772940617f,1.2346249110368026f,0f,0.9999152557950594f,-0.013018495623574981f,1.343155138488661f,-0.9988291222739003f,-0.0006298025399611184f,-0.048373420866324804f,0.3630853272830144f,0f,0f,0f,1f], start_interpolation: 0, interpolation_duration: 1 }
$data merge entity $(bone_body) { transformation: [-0.04837752058084342f,-0.04356831439624381f,0.9978784582719081f,1.2467371323529415f,0f,0.9990482215818578f,0.043619387365336f,0.71875f,-0.9988291222739003f,0.002110197809990324f,-0.048331475900831346f,0.049632352941176607f,0f,0f,0f,1f], start_interpolation: 0, interpolation_duration: 1 }
$data merge entity $(bone_leftleg) { transformation: [-0.04837752058084342f,-0.1217266493054605f,0.9913840014602392f,1.2527843224255468f,0f,0.992546151641322f,0.12186934340514798f,0.810955f,-0.9988291222739003f,0.00589573666875642f,-0.04801692187846499f,0.17448599322541414f,0f,0f,0f,1f], start_interpolation: 0, interpolation_duration: 1 }
$data merge entity $(bone_rightleg) { transformation: [-0.04837752058084342f,0.1689412217349122f,0.9844381540255158f,1.2406899422803361f,0f,0.9855921619349439f,-0.16913926313072086f,0.7438888888888889f,-0.9988291222739003f,-0.00818253818313514f,-0.047680505098325714f,-0.07522128734306094f,0f,0f,0f,1f], start_interpolation: 0, interpolation_duration: 1 }
data modify entity @s data merge value {"locators":{},"cameras":{"camera":{"posx":6.125,"posy":0.6868187052550234,"posz":1.6890495333066484,"roty":100.04344920686889,"rotx":-5.591462473614505}}}