# This file was generated by Animated Java via MC-Build. It is not recommended to edit this file directly.
$data merge entity $(bone_left_eye) { transformation: [-0.04850272026401435f,-0.13037256947794928f,0.9902779807986788f,0.9156506358915517f,0f,0.9914448613738104f,0.1305261922200516f,1.6958957908347052f,-0.9988230504583837f,0.0063308753883761296f,-0.048087772768408414f,0.1915148757893898f,0f,0f,0f,1f], start_interpolation: 0, interpolation_duration: 1 }
$data merge entity $(bone_right_eye) { transformation: [-0.04850272026401435f,-0.13037256947794928f,0.9902779807986788f,0.903524955825548f,0f,0.9914448613738104f,0.1305261922200516f,1.6958957908347052f,-0.9988230504583837f,0.0063308753883761296f,-0.048087772768408414f,-0.05819088682520612f,0f,0f,0f,1f], start_interpolation: 0, interpolation_duration: 1 }
$data merge entity $(bone_right_close) { transformation: [-0.04850272026401435f,-0.13037256947794928f,0.9902779807986788f,0.8953766702331762f,0f,0.9914448613738104f,0.1305261922200516f,1.7578610946705684f,-0.9988230504583837f,0.0063308753883761296f,-0.048087772768408414f,-0.05779520711343261f,0f,0f,0f,1f], start_interpolation: 0, interpolation_duration: 1 }
$data merge entity $(bone_left_close) { transformation: [-0.04850272026401435f,-0.13037256947794928f,0.9902779807986788f,0.9075023502991799f,0f,0.9914448613738104f,0.1305261922200516f,1.7578610946705684f,-0.9988230504583837f,0.0063308753883761296f,-0.048087772768408414f,0.19191055550116332f,0f,0f,0f,1f], start_interpolation: 0, interpolation_duration: 1 }
$data merge entity $(bone_left_eyebrow) { transformation: [-0.04850272026401435f,-0.13037256947794928f,0.9902779807986788f,0.9106997721623287f,0f,0.9914448613738104f,0.1305261922200516f,1.7330668152492092f,-0.9988230504583837f,0.0063308753883761296f,-0.048087772768408414f,0.19175528910225192f,0f,0f,0f,1f], start_interpolation: 0, interpolation_duration: 1 }
$data merge entity $(bone_right_eyebrow) { transformation: [-0.04850272026401435f,-0.13037256947794928f,0.9902779807986788f,0.8985740920963251f,0f,0.9914448613738104f,0.1305261922200516f,1.7330668152492092f,-0.9988230504583837f,0.0063308753883761296f,-0.048087772768408414f,-0.05795047351234399f,0f,0f,0f,1f], start_interpolation: 0, interpolation_duration: 1 }
$data merge entity $(bone_talking) { transformation: [-0.04850272026401435f,-0.13037256947794928f,0.9902779807986788f,1.2516428072276244f,0f,0.9914448613738104f,0.1305261922200516f,1.4888240105600188f,-0.9988230504583837f,0.0063308753883761296f,-0.048087772768408414f,0.05005184664487018f,0f,0f,0f,1f], start_interpolation: 0, interpolation_duration: 1 }
$data merge entity $(bone_m_opened) { transformation: [-0.04850272026401435f,-0.13037256947794928f,0.9902779807986788f,1.2516428072276244f,0f,0.9914448613738104f,0.1305261922200516f,1.4888240105600188f,-0.9988230504583837f,0.0063308753883761296f,-0.048087772768408414f,0.05005184664487018f,0f,0f,0f,1f], start_interpolation: 0, interpolation_duration: 1 }
$data merge entity $(bone_head) { transformation: [-0.04850272026401435f,-0.13037256947794928f,0.9902779807986788f,1.189750433427707f,0f,0.9914448613738104f,0.1305261922200516f,1.4806661235462655f,-0.9988230504583837f,0.0063308753883761296f,-0.048087772768408414f,0.053057332442895705f,0f,0f,0f,1f], start_interpolation: 0, interpolation_duration: 1 }
$data merge entity $(item_display_r_item) { transformation: [-0.021219940115506278f,-0.43538320425255406f,-0.037382209622668805f,1.109047294927421f,0f,-0.03742625844038463f,0.4358962321231436f,0.7223829761182183f,-0.43698508457554286f,0.021142153010806707f,0.001815275343662682f,-0.25589196353828475f,0f,0f,0f,1f], start_interpolation: 0, interpolation_duration: 1 }
$data merge entity $(bone_rightarm) { transformation: [-0.04850272026401435f,-0.08544505056610036f,0.9951616097201236f,1.1800393395386237f,0f,0.9963342448528997f,0.08554573357802223f,1.3557850958485334f,-0.9988230504583837f,0.004149200785514713f,-0.04832492116755818f,-0.2593393281932828f,0f,0f,0f,1f], start_interpolation: 0, interpolation_duration: 1 }
$data merge entity $(item_display_l_item) { transformation: [-0.021219940115506278f,-0.43698451395980226f,-0.0007061875174296197f,1.0865096607400175f,0f,-0.0007070196438753932f,0.4374994287118821f,0.7305839063618803f,-0.43698508457554286f,0.021219912406478504f,0.00003429237600805112f,0.3709389213507608f,0f,0f,0f,1f], start_interpolation: 0, interpolation_duration: 1 }
$data merge entity $(bone_leftarm) { transformation: [-0.04850272026401435f,-0.0016141428969822097f,0.9988217461938337f,1.210353539703633f,0f,0.9999986941985876f,0.0016160449002868352f,1.3557850958485334f,-0.9988230504583837f,0.00007838257373269904f,-0.048502656929093724f,0.36492507834320703f,0f,0f,0f,1f], start_interpolation: 0, interpolation_duration: 1 }
$data merge entity $(bone_body) { transformation: [-0.04850272026401435f,-0.043568049547370785f,0.9978723922354145f,1.222426470588235f,0f,0.9990482215818578f,0.043619387365336f,0.7313799573598723f,-0.9988230504583837f,0.002115658943468574f,-0.048456556421645876f,0.051470588235294275f,0f,0f,0f,1f], start_interpolation: 0, interpolation_duration: 1 }
$data merge entity $(bone_leftleg) { transformation: [-0.04850272026401435f,-0.0870531648361821f,0.9950222271984659f,1.228489310621237f,0f,0.9961946980917455f,0.08715574274765818f,0.8125f,-0.9988230504583837f,0.004227290609892062f,-0.04831815277003817f,0.17632346954259223f,0f,0f,0f,1f], start_interpolation: 0, interpolation_duration: 1 }
$data merge entity $(bone_rightleg) { transformation: [-0.04850272026401435f,0.12557005298997337f,0.9908984044386621f,1.2163636305552332f,0f,0.9920660160815423f,-0.12571801675216274f,0.7430555555555556f,-0.9988230504583837f,-0.0060976657986768195f,-0.04811790046143821f,-0.0733822930720037f,0f,0f,0f,1f], start_interpolation: 0, interpolation_duration: 1 }
data modify entity @s data merge value {"locators":{},"cameras":{"camera":{"posx":6.125,"posy":0.6881802186615759,"posz":1.685937553692544,"roty":99.9676536866961,"rotx":-5.5981385151682375}}}