# This file was generated by Animated Java via MC-Build. It is not recommended to edit this file directly.
$data merge entity $(bone_left_eye) { transformation: [-0.04861539932735802f,-0.1270796769336502f,0.9907004081248177f,0.8920718545262503f,0f,0.9918732263968503f,0.12723011733509693f,1.7070384780405863f,-0.998817572406614f,0.006185342960712353f,-0.048220312983397864f,0.19335286451765163f,0f,0f,0f,1f], start_interpolation: 0, interpolation_duration: 1 }
$data merge entity $(bone_right_eye) { transformation: [-0.04861539932735802f,-0.1270796769336502f,0.9907004081248177f,0.8799180046944108f,0f,0.9918732263968503f,0.12723011733509693f,1.7070384780405863f,-0.998817572406614f,0.006185342960712353f,-0.048220312983397864f,-0.05635152858400186f,0f,0f,0f,1f], start_interpolation: 0, interpolation_duration: 1 }
$data merge entity $(bone_right_close) { transformation: [-0.04861539932735802f,-0.1270796769336502f,0.9907004081248177f,0.8719755248860578f,0f,0.9918732263968503f,0.12723011733509693f,1.7690305546903895f,-0.998817572406614f,0.006185342960712353f,-0.048220312983397864f,-0.055964944648957335f,0f,0f,0f,1f], start_interpolation: 0, interpolation_duration: 1 }
$data merge entity $(bone_left_close) { transformation: [-0.04861539932735802f,-0.1270796769336502f,0.9907004081248177f,0.8841293747178972f,0f,0.9918732263968503f,0.12723011733509693f,1.7690305546903895f,-0.998817572406614f,0.006185342960712353f,-0.048220312983397864f,0.19373944845269614f,0f,0f,0f,1f], start_interpolation: 0, interpolation_duration: 1 }
$data merge entity $(bone_left_eyebrow) { transformation: [-0.04861539932735802f,-0.1270796769336502f,0.9907004081248177f,0.8872444478657306f,0f,0.9918732263968503f,0.12723011733509693f,1.744225772148135f,-0.998817572406614f,0.006185342960712353f,-0.048220312983397864f,0.1935878286482398f,0f,0f,0f,1f], start_interpolation: 0, interpolation_duration: 1 }
$data merge entity $(bone_right_eyebrow) { transformation: [-0.04861539932735802f,-0.1270796769336502f,0.9907004081248177f,0.8750905980338911f,0f,0.9918732263968503f,0.12723011733509693f,1.744225772148135f,-0.998817572406614f,0.006185342960712353f,-0.048220312983397864f,-0.056116564453413675f,0f,0f,0f,1f], start_interpolation: 0, interpolation_duration: 1 }
$data merge entity $(bone_talking) { transformation: [-0.04861539932735802f,-0.1270796769336502f,0.9907004081248177f,1.2273587263827486f,0f,0.9918732263968503f,0.12723011733509693f,1.4988295831085914f,-0.998817572406614f,0.006185342960712353f,-0.048220312983397864f,0.051885484419334965f,0f,0f,0f,1f], start_interpolation: 0, interpolation_duration: 1 }
$data merge entity $(bone_m_opened) { transformation: [-0.04861539932735802f,-0.1270796769336502f,0.9907004081248177f,1.2273587263827486f,0f,0.9918732263968503f,0.12723011733509693f,1.4988295831085914f,-0.998817572406614f,0.006185342960712353f,-0.048220312983397864f,0.051885484419334965f,0f,0f,0f,1f], start_interpolation: 0, interpolation_duration: 1 }
$data merge entity $(bone_head) { transformation: [-0.04861539932735802f,-0.1270796769336502f,0.9907004081248177f,1.1654399508749476f,0f,0.9918732263968503f,0.12723011733509693f,1.490877700775148f,-0.998817572406614f,0.006185342960712353f,-0.048220312983397864f,0.054899253980797334f,0f,0f,0f,1f], start_interpolation: 0, interpolation_duration: 1 }
$data merge entity $(item_display_r_item) { transformation: [-0.021269237205719133f,-0.43592883385979575f,-0.030330205378886515f,1.0744713843483795f,0f,-0.03036611110656274f,0.4364448983505981f,0.7338279294032576f,-0.43698268792789363f,0.021217943017702506f,0.0014762606174644692f,-0.25354298344377274f,0f,0f,0f,1f], start_interpolation: 0, interpolation_duration: 1 }
$data merge entity $(bone_rightarm) { transformation: [-0.04861539932735802f,-0.0693261837231694f,0.9964087631081046f,1.1556936149099117f,0f,0.9975883390870813f,0.06940825395785791f,1.3659966730774156f,-0.998817572406614f,0.0033743099827759403f,-0.0484981554690343f,-0.25749630913816707f,0f,0f,0f,1f], start_interpolation: 0, interpolation_duration: 1 }
$data merge entity $(item_display_l_item) { transformation: [-0.021269237205719133f,-0.43691344461393183f,-0.007778911509690296f,1.072358557470802f,0f,-0.0077881203981496816f,0.437430674713907f,0.7388705319437914f,-0.43698268792789363f,0.02126586692925224f,0.0003786225831655894f,0.3722997461912307f,0f,0f,0f,1f], start_interpolation: 0, interpolation_duration: 1 }
$data merge entity $(bone_leftarm) { transformation: [-0.04861539932735802f,-0.017780369165006613f,0.9986593019747013f,1.1860782394895106f,0f,0.999841542203216f,0.01780141805291378f,1.3659966730774156f,-0.998817572406614f,0.0008654230472356437f,-0.04860769583829083f,0.3667646736159666f,0f,0f,0f,1f], start_interpolation: 0, interpolation_duration: 1 }
$data merge entity $(bone_body) { transformation: [-0.04861539932735802f,-0.04356781059810863f,0.9978669193975361f,1.198115808823529f,0f,0.9990482215818578f,0.043619387365336f,0.7415915345887545f,-0.998817572406614f,0.0021205739351805248f,-0.048569128239488876f,0.05330882352941194f,0f,0f,0f,1f], start_interpolation: 0, interpolation_duration: 1 }
$data merge entity $(bone_leftleg) { transformation: [-0.04861539932735802f,-0.05227407276415543f,0.9974487276371099f,1.204192733739449f,0f,0.9986295347545739f,0.052335956242943335f,0.8145f,-0.998817572406614f,0.002544333411929826f,-0.04854877361218737f,0.17816102008023868f,0f,0f,0f,1f], start_interpolation: 0, interpolation_duration: 1 }
$data merge entity $(bone_rightleg) { transformation: [-0.04861539932735802f,0.07732354577712677f,0.9958200702017881f,1.1920388839076093f,0f,0.9969989492699818f,-0.07741508350801093f,0.7424999999999999f,-0.998817572406614f,-0.0037635651987027196f,-0.04846950204771652f,-0.07154337302141481f,0f,0f,0f,1f], start_interpolation: 0, interpolation_duration: 1 }
data modify entity @s data merge value {"locators":{},"cameras":{"camera":{"posx":6.125,"posy":0.6895374143392963,"posz":1.6827745650461974,"roty":99.89276429433248,"rotx":-5.605858951626847}}}