# This file was generated by Animated Java via MC-Build. It is not recommended to edit this file directly.
$data merge entity $(bone_left_eye) { transformation: [-0.048715557975409704f,-0.1183053087770903f,0.9917815527253477f,0.8696971781301772f,0f,0.99296050232009f,0.11844594054772101f,1.715840376650168f,-0.9988126923558512f,0.005770160083704434f,-0.04837262491806629f,0.19512804871398953f,0f,0f,0f,1f], start_interpolation: 0, interpolation_duration: 1 }
$data merge entity $(bone_right_eye) { transformation: [-0.048715557975409704f,-0.1183053087770903f,0.9917815527253477f,0.8575182886363248f,0f,0.99296050232009f,0.11844594054772101f,1.715840376650168f,-0.9988126923558512f,0.005770160083704434f,-0.04837262491806629f,-0.05457512437497326f,0f,0f,0f,1f], start_interpolation: 0, interpolation_duration: 1 }
$data merge entity $(bone_right_close) { transformation: [-0.048715557975409704f,-0.1183053087770903f,0.9917815527253477f,0.8501242068377568f,0f,0.99296050232009f,0.11844594054772101f,1.7779004080451737f,-0.9988126923558512f,0.005770160083704434f,-0.04837262491806629f,-0.05421448936974173f,0f,0f,0f,1f], start_interpolation: 0, interpolation_duration: 1 }
$data merge entity $(bone_left_close) { transformation: [-0.048715557975409704f,-0.1183053087770903f,0.9917815527253477f,0.8623030963316092f,0f,0.99296050232009f,0.11844594054772101f,1.7779004080451737f,-0.9988126923558512f,0.005770160083704434f,-0.04837262491806629f,0.19548868371922107f,0f,0f,0f,1f], start_interpolation: 0, interpolation_duration: 1 }
$data merge entity $(bone_left_eyebrow) { transformation: [-0.048715557975409704f,-0.1183053087770903f,0.9917815527253477f,0.865198742703991f,0f,0.99296050232009f,0.11844594054772101f,1.7530689926158873f,-0.9988126923558512f,0.005770160083704434f,-0.04837262491806629f,0.19534745300618583f,0f,0f,0f,1f], start_interpolation: 0, interpolation_duration: 1 }
$data merge entity $(bone_right_eyebrow) { transformation: [-0.048715557975409704f,-0.1183053087770903f,0.9917815527253477f,0.8530198532101385f,0f,0.99296050232009f,0.11844594054772101f,1.7530689926158873f,-0.9988126923558512f,0.005770160083704434f,-0.04837262491806629f,-0.05435572008277696f,0f,0f,0f,1f], start_interpolation: 0, interpolation_duration: 1 }
$data merge entity $(bone_talking) { transformation: [-0.048715557975409704f,-0.1183053087770903f,0.9917815527253477f,1.203115795804195f,0f,0.99296050232009f,0.11844594054772101f,1.5046146074913085f,-0.9988126923558512f,0.005770160083704434f,-0.04837262491806629f,0.05371747686168632f,0f,0f,0f,1f], start_interpolation: 0, interpolation_duration: 1 }
$data merge entity $(bone_m_opened) { transformation: [-0.048715557975409704f,-0.1183053087770903f,0.9917815527253477f,1.203115795804195f,0f,0.99296050232009f,0.11844594054772101f,1.5046146074913085f,-0.9988126923558512f,0.005770160083704434f,-0.04837262491806629f,0.05371747686168632f,0f,0f,0f,1f], start_interpolation: 0, interpolation_duration: 1 }
$data merge entity $(bone_head) { transformation: [-0.048715557975409704f,-0.1183053087770903f,0.9917815527253477f,1.1411294487588606f,0f,0.99296050232009f,0.11844594054772101f,1.4972117362070758f,-0.9988126923558512f,0.005770160083704434f,-0.04837262491806629f,0.05674076591906546f,0f,0f,0f,1f], start_interpolation: 0, interpolation_duration: 1 }
$data merge entity $(item_display_r_item) { transformation: [-0.021313056614241745f,-0.4363819818775862f,-0.02286415339233346f,1.0393342966322288f,0f,-0.022891332446331743f,0.4369007174391358f,0.7416464457544834f,-0.43698055290568494f,0.021283862229904308f,0.001115164032923651f,-0.2511658062727409f,0f,0f,0f,1f], start_interpolation: 0, interpolation_duration: 1 }
$data merge entity $(bone_rightarm) { transformation: [-0.048715557975409704f,-0.05226092203961956f,0.9974445300059113f,1.1313517866082055f,0f,0.9986302112894532f,0.05232304559161563f,1.3723307085093435f,-0.9988126923558512f,0.002548946360968356f,-0.04864882795406699f,-0.25565381829139405f,0f,0f,0f,1f], start_interpolation: 0, interpolation_duration: 1 }
$data merge entity $(item_display_l_item) { transformation: [-0.021313056614241745f,-0.4367141589604247f,-0.015256047366436943f,1.0588178897347682f,0f,-0.015274182520101185f,0.43723328938719047f,0.7433476715218996f,-0.43698055290568494f,0.021300063657920768f,0.0007440903240849786f,0.3736268607274404f,0f,0f,0f,1f], start_interpolation: 0, interpolation_duration: 1 }
$data merge entity $(bone_leftarm) { transformation: [-0.048715557975409704f,-0.03487096540899895f,0.9982037919095422f,1.1617990103428366f,0f,0.9993903757421496f,0.03491241718880293f,1.3723307085093435f,-0.9988126923558512f,0.0017007778836228191f,-0.04868585978953318f,0.368604114431013f,0f,0f,0f,1f], start_interpolation: 0, interpolation_duration: 1 }
$data merge entity $(bone_body) { transformation: [-0.048715557975409704f,-0.04356759773328405f,0.9978620439915005f,1.1738051470588236f,0f,0.9990482215818578f,0.043619387365336f,0.7479255700206824f,-0.9988126923558512f,0.0021249427940478794f,-0.048669191558700954f,0.05514705882352955f,0f,0f,0f,1f], start_interpolation: 0, interpolation_duration: 1 }
$data merge entity $(bone_leftleg) { transformation: [-0.048715557975409704f,-0.01743168506171198f,0.9986605683449475f,1.1798945918057497f,0f,0.9998476951563913f,0.017452406437283758f,0.8166249999999999f,-0.9988126923558512f,0.0008502037176059105f,-0.04870813835997095f,0.17999864536801097f,0f,0f,0f,1f], start_interpolation: 0, interpolation_duration: 1 }
$data merge entity $(bone_rightleg) { transformation: [-0.048715557975409704f,0.026107142427644905f,0.9984714375110623f,1.1677157023118974f,0f,0.9996583394990866f,-0.02613817648438893f,0.7422222222222222f,-0.9988126923558512f,-0.0012733358518967396f,-0.04869891379346955f,-0.06970452772095186f,0f,0f,0f,1f], start_interpolation: 0, interpolation_duration: 1 }
data modify entity @s data merge value {"locators":{},"cameras":{"camera":{"posx":6.125,"posy":0.6908902654977264,"posz":1.6795618533095975,"roty":99.81878633353291,"rotx":-5.614648671760593}}}