# This file was generated by Animated Java via MC-Build. It is not recommended to edit this file directly.
$data merge entity $(bone_left_eye) { transformation: [-0.04880319639064899f,-0.10570155443482387f,0.9931995919311073f,0.8481940399135762f,0f,0.9943844864917185f,0.10582765718186031f,1.7214253735138578f,-0.9988084140725166f,0.0051647279370086036f,-0.048529141382069985f,0.19685638735250416f,0f,0f,0f,1f], start_interpolation: 0, interpolation_duration: 1 }
$data merge entity $(bone_right_eye) { transformation: [-0.04880319639064899f,-0.10570155443482387f,0.9931995919311073f,0.835993240815914f,0f,0.9943844864917185f,0.10582765718186031f,1.7214253735138578f,-0.9988084140725166f,0.0051647279370086036f,-0.048529141382069985f,-0.052845716165625f,0f,0f,0f,1f], start_interpolation: 0, interpolation_duration: 1 }
$data merge entity $(bone_right_close) { transformation: [-0.04880319639064899f,-0.10570155443482387f,0.9931995919311073f,0.8293868936637374f,0f,0.9943844864917185f,0.10582765718186031f,1.7835744039195902f,-0.9988084140725166f,0.0051647279370086036f,-0.048529141382069985f,-0.05252292066956196f,0f,0f,0f,1f], start_interpolation: 0, interpolation_duration: 1 }
$data merge entity $(bone_left_close) { transformation: [-0.04880319639064899f,-0.10570155443482387f,0.9931995919311073f,0.8415876927613997f,0f,0.9943844864917185f,0.10582765718186031f,1.7835744039195902f,-0.9988084140725166f,0.0051647279370086036f,-0.048529141382069985f,0.1971791828485672f,0f,0f,0f,1f], start_interpolation: 0, interpolation_duration: 1 }
$data merge entity $(bone_left_eyebrow) { transformation: [-0.04880319639064899f,-0.10570155443482387f,0.9931995919311073f,0.8441681566477746f,0f,0.9943844864917185f,0.10582765718186031f,1.7587081775287234f,-0.9988084140725166f,0.0051647279370086036f,-0.048529141382069985f,0.19705309772147833f,0f,0f,0f,1f], start_interpolation: 0, interpolation_duration: 1 }
$data merge entity $(bone_right_eyebrow) { transformation: [-0.04880319639064899f,-0.10570155443482387f,0.9931995919311073f,0.8319673575501123f,0f,0.9943844864917185f,0.10582765718186031f,1.7587081775287234f,-0.9988084140725166f,0.0051647279370086036f,-0.048529141382069985f,-0.0526490057966508f,0f,0f,0f,1f], start_interpolation: 0, interpolation_duration: 1 }
$data merge entity $(bone_talking) { transformation: [-0.04880319639064899f,-0.10570155443482387f,0.9931995919311073f,1.178893901451922f,0f,0.9943844864917185f,0.10582765718186031f,1.5059003947602594f,-0.9988084140725166f,0.0051647279370086036f,-0.048529141382069985f,0.055548796927290554f,0f,0f,0f,1f], start_interpolation: 0, interpolation_duration: 1 }
$data merge entity $(bone_m_opened) { transformation: [-0.04880319639064899f,-0.10570155443482387f,0.9931995919311073f,1.178893901451922f,0f,0.9943844864917185f,0.10582765718186031f,1.5059003947602594f,-0.9988084140725166f,0.0051647279370086036f,-0.048529141382069985f,0.055548796927290554f,0f,0f,0f,1f], start_interpolation: 0, interpolation_duration: 1 }
$data merge entity $(bone_head) { transformation: [-0.04880319639064899f,-0.10570155443482387f,0.9931995919311073f,1.1168189269562279f,0f,0.9943844864917185f,0.10582765718186031f,1.4992861661863932f,-0.9988084140725166f,0.0051647279370086036f,-0.048529141382069985f,0.05858186826366993f,0f,0f,0f,1f], start_interpolation: 0, interpolation_duration: 1 }
$data merge entity $(item_display_r_item) { transformation: [-0.021351398420908933f,-0.43671228835252945f,-0.01525598201915644f,1.0040331749718705f,0f,-0.015274182520101204f,0.43723328938719047f,0.7454221015012172f,-0.436978681156726f,0.02133838209049252f,0.0007454289292351168f,-0.2487800746980476f,0f,0f,0f,1f], start_interpolation: 0, interpolation_duration: 1 }
$data merge entity $(bone_rightarm) { transformation: [-0.04880319639064899f,-0.03487081604378637f,0.998199516234353f,1.1070138544737982f,0f,0.9993903757421496f,0.034912417188802974f,1.374405138488661f,-0.9988084140725166f,0.001703837552537421f,-0.048773444778268615f,-0.2538118568249953f,0f,0f,0f,1f], start_interpolation: 0, interpolation_duration: 1 }
$data merge entity $(item_display_l_item) { transformation: [-0.021351398420908933f,-0.4363801126925279f,-0.022864055456727327f,1.045498756386842f,0f,-0.022891332446331722f,0.4369007174391358f,0.743720875733801f,-0.436978681156726f,0.021322151516397582f,0.0011171701930219624f,0.37493948784212416f,0f,0f,0f,1f], start_interpolation: 0, interpolation_duration: 1 }
$data merge entity $(bone_leftarm) { transformation: [-0.04880319639064899f,-0.052260698186805545f,0.997440257582921f,1.1375158522179538f,0f,0.9986302112894532f,0.05232304559161559f,1.374405138488661f,-0.9988084140725166f,0.002553531869764496f,-0.04873634632319447f,0.37044340197032766f,0f,0f,0f,1f], start_interpolation: 0, interpolation_duration: 1 }
$data merge entity $(bone_body) { transformation: [-0.04880319639064899f,-0.04356741111718602f,0.9978577697801436f,1.1494944852941174f,0f,0.9990482215818578f,0.043619387365336f,0.75f,-0.9988084140725166f,0.002128765528030286f,-0.048756746561588016f,0.05698529411764722f,0f,0f,0f,1f], start_interpolation: 0, interpolation_duration: 1 }
$data merge entity $(bone_leftleg) { transformation: [-0.04880319639064899f,0.01743161039537237f,0.9986562907132163f,1.1555948848429485f,0f,0.9998476951563913f,-0.017452406437283758f,0.81775f,-0.9988084140725166f,-0.0008517332188481859f,-0.048795763427455105f,0.1818363458767118f,0f,0f,0f,1f], start_interpolation: 0, interpolation_duration: 1 }
$data merge entity $(bone_rightleg) { transformation: [-0.04880319639064899f,-0.0261070306011199f,0.9984671606894481f,1.1433940857452862f,0f,0.9996583394990866f,0.026138176484388775f,0.7422222222222222f,-0.9988084140725166f,0.0012756265602610686f,-0.04878652226612398f,-0.06786575764141736f,0f,0f,0f,1f], start_interpolation: 0, interpolation_duration: 1 }
data modify entity @s data merge value {"locators":{},"cameras":{"camera":{"posx":6.125,"posy":0.6922387453464081,"posz":1.6763007044247342,"roty":99.74572510273224,"rotx":-5.6245325606487935}}}