# This file was generated by Animated Java via MC-Build. It is not recommended to edit this file directly.
$data merge entity $(bone_left_eye) { transformation: [-0.04887831473326075f,-0.09092570926555729f,0.9946574414055283f,0.8272223870331235f,0f,0.9958477375236163f,0.09103451910728558f,1.7232623463569996f,-0.998804740852203f,0.004449613876516944f,-0.04867535914108496f,0.19855439688077686f,0f,0f,0f,1f], start_interpolation: 0, interpolation_duration: 1 }
$data merge entity $(bone_right_eye) { transformation: [-0.04887831473326075f,-0.09092570926555729f,0.9946574414055283f,0.8150028083498082f,0f,0.9958477375236163f,0.09103451910728558f,1.7232623463569996f,-0.998804740852203f,0.004449613876516944f,-0.04867535914108496f,-0.0511467883322739f,0f,0f,0f,1f], start_interpolation: 0, interpolation_duration: 1 }
$data merge entity $(bone_right_close) { transformation: [-0.04887831473326075f,-0.09092570926555729f,0.9946574414055283f,0.8093199515207109f,0f,0.9958477375236163f,0.09103451910728558f,1.7855028299522255f,-0.998804740852203f,0.004449613876516944f,-0.04867535914108496f,-0.05086868746499158f,0f,0f,0f,1f], start_interpolation: 0, interpolation_duration: 1 }
$data merge entity $(bone_left_close) { transformation: [-0.04887831473326075f,-0.09092570926555729f,0.9946574414055283f,0.8215395302040261f,0f,0.9958477375236163f,0.09103451910728558f,1.7855028299522255f,-0.998804740852203f,0.004449613876516944f,-0.04867535914108496f,0.19883249774805917f,0f,0f,0f,1f], start_interpolation: 0, interpolation_duration: 1 }
$data merge entity $(bone_left_eyebrow) { transformation: [-0.04887831473326075f,-0.09092570926555729f,0.9946574414055283f,0.8237505068455772f,0f,0.9958477375236163f,0.09103451910728558f,1.760600946856691f,-0.998804740852203f,0.004449613876516944f,-0.04867535914108496f,0.19872429961109256f,0f,0f,0f,1f], start_interpolation: 0, interpolation_duration: 1 }
$data merge entity $(bone_right_eyebrow) { transformation: [-0.04887831473326075f,-0.09092570926555729f,0.9946574414055283f,0.8115309281622619f,0f,0.9958477375236163f,0.09103451910728558f,1.760600946856691f,-0.998804740852203f,0.004449613876516944f,-0.04867535914108496f,-0.05097688560195819f,0f,0f,0f,1f], start_interpolation: 0, interpolation_duration: 1 }
$data merge entity $(bone_talking) { transformation: [-0.04887831473326075f,-0.09092570926555729f,0.9946574414055283f,1.1546744754470828f,0f,0.9958477375236163f,0.09103451910728558f,1.5027486991971222f,-0.998804740852203f,0.004449613876516944f,-0.04867535914108496f,0.057380351073533196f,0f,0f,0f,1f], start_interpolation: 0, interpolation_duration: 1 }
$data merge entity $(bone_m_opened) { transformation: [-0.04887831473326075f,-0.09092570926555729f,0.9946574414055283f,1.1546744754470828f,0f,0.9958477375236163f,0.09103451910728558f,1.5027486991971222f,-0.998804740852203f,0.004449613876516944f,-0.04867535914108496f,0.057380351073533196f,0f,0f,0f,1f], start_interpolation: 0, interpolation_duration: 1 }
$data merge entity $(bone_head) { transformation: [-0.04887831473326075f,-0.09092570926555729f,0.9946574414055283f,1.0925083853592372f,0f,0.9958477375236163f,0.09103451910728558f,1.4970590417529168f,-0.998804740852203f,0.004449613876516944f,-0.04867535914108496f,0.06042256101985101f,0f,0f,0f,1f], start_interpolation: 0, interpolation_duration: 1 }
$data merge entity $(item_display_r_item) { transformation: [-0.021384262695801577f,-0.43690783169842823f,-0.007778811575999635f,0.9689615972758093f,0f,-0.0077881203981496686f,0.437430674713907f,0.7450518729215603f,-0.4369770741228388f,0.021380874192648953f,0.00038067020000128734f,-0.24640541913800754f,0f,0f,0f,1f], start_interpolation: 0, interpolation_duration: 1 }
$data merge entity $(bone_rightarm) { transformation: [-0.04887831473326075f,-0.017780140745142246f,0.9986464724535502f,1.0826798183667892f,0f,0.999841542203216f,0.01780141805291375f,1.3721780140551845f,-0.998804740852203f,0.0008701033142886677f,-0.04887056958319761f,-0.2519704257644768f,0f,0f,0f,1f], start_interpolation: 0, interpolation_duration: 1 }
$data merge entity $(item_display_l_item) { transformation: [-0.021384262695801577f,-0.43592323359333524f,-0.030329815734479612f,1.0320075779548095f,0f,-0.03036611110656275f,0.4364448983505981f,0.7400092703810265f,-0.4369770741228388f,0.021332691105306528f,0.0014842443358917391f,0.3762572428183923f,0f,0f,0f,1f], start_interpolation: 0, interpolation_duration: 1 }
$data merge entity $(bone_leftarm) { transformation: [-0.04887831473326075f,-0.0693252931073822f,0.9963959624990519f,1.1132287650750772f,0f,0.9975883390870813f,0.06940825395785793f,1.3721780140551845f,-0.998804740852203f,0.0033925584820382717f,-0.04876043681212921f,0.3722825372681501f,0f,0f,0f,1f], start_interpolation: 0, interpolation_duration: 1 }
$data merge entity $(bone_body) { transformation: [-0.04887831473326075f,-0.043567250893566285f,0.9978541000559218f,1.125183823529412f,0f,0.9990482215818578f,0.043619387365336f,0.7477728755665235f,-0.998804740852203f,0.0021320421441149103f,-0.04883179340818247f,0.05882352941176482f,0f,0f,0f,1f], start_interpolation: 0, interpolation_duration: 1 }
$data merge entity $(bone_leftleg) { transformation: [-0.04887831473326075f,0.052273401212485256f,0.9974359136678983f,1.1312936128710696f,0f,0.9986295347545739f,-0.052335956242943335f,0.8167500000000001f,-0.998804740852203f,-0.002558093341108747f,-0.04881132870166382f,0.1836741220182902f,0f,0f,0f,1f], start_interpolation: 0, interpolation_duration: 1 }
$data merge entity $(bone_rightleg) { transformation: [-0.04887831473326075f,-0.0773225524212707f,0.9958072771555229f,1.1190740341877545f,0f,0.9969989492699818f,0.07741508350801111f,0.7425f,-0.998804740852203f,0.003783918816806231f,-0.048731628431148435f,-0.06602706319476057f,0f,0f,0f,1f], start_interpolation: 0, interpolation_duration: 1 }
data modify entity @s data merge value {"locators":{},"cameras":{"camera":{"posx":6.125,"posy":0.6935828270948834,"posz":1.6729924043335969,"roty":99.67358589522512,"rotx":-5.635535499489235}}}