# This file was generated by Animated Java via MC-Build. It is not recommended to edit this file directly.
$data merge entity $(bone_left_eye) { transformation: [-0.04894091314093128f,-0.07564513207370796f,0.9959330303863224f,0.8064208974030844f,0f,0.9971279131746841f,0.07573588824262745f,1.719861893021458f,-0.9988016755196859f,0.0037065835281337085f,-0.04880035058908029f,0.20023978716137739f,0f,0f,0f,1f], start_interpolation: 0, interpolation_duration: 1 }
$data merge entity $(bone_right_eye) { transformation: [-0.04894091314093128f,-0.07564513207370796f,0.9959330303863224f,0.7941856691178517f,0f,0.9971279131746841f,0.07573588824262745f,1.719861893021458f,-0.9988016755196859f,0.0037065835281337085f,-0.04880035058908029f,-0.04946063171854409f,0f,0f,0f,1f], start_interpolation: 0, interpolation_duration: 1 }
$data merge entity $(bone_right_close) { transformation: [-0.04894091314093128f,-0.07564513207370796f,0.9959330303863224f,0.789457848363245f,0f,0.9971279131746841f,0.07573588824262745f,1.782182387594876f,-0.9988016755196859f,0.0037065835281337085f,-0.04880035058908029f,-0.04922897024803573f,0f,0f,0f,1f], start_interpolation: 0, interpolation_duration: 1 }
$data merge entity $(bone_left_close) { transformation: [-0.04894091314093128f,-0.07564513207370796f,0.9959330303863224f,0.8016930766484777f,0f,0.9971279131746841f,0.07573588824262745f,1.782182387594876f,-0.9988016755196859f,0.0037065835281337085f,-0.04880035058908029f,0.20047144863188576f,0f,0f,0f,1f], start_interpolation: 0, interpolation_duration: 1 }
$data merge entity $(bone_left_eyebrow) { transformation: [-0.04894091314093128f,-0.07564513207370796f,0.9959330303863224f,0.8035219591359213f,0f,0.9971279131746841f,0.07573588824262745f,1.7572494562724936f,-0.9988016755196859f,0.0037065835281337085f,-0.04880035058908029f,0.20038183406559423f,0f,0f,0f,1f], start_interpolation: 0, interpolation_duration: 1 }
$data merge entity $(bone_right_eyebrow) { transformation: [-0.04894091314093128f,-0.07564513207370796f,0.9959330303863224f,0.7912867308506885f,0f,0.9971279131746841f,0.07573588824262745f,1.7572494562724936f,-0.9988016755196859f,0.0037065835281337085f,-0.04880035058908029f,-0.04931858481432726f,0f,0f,0f,1f], start_interpolation: 0, interpolation_duration: 1 }
$data merge entity $(bone_talking) { transformation: [-0.04894091314093128f,-0.07564513207370796f,0.9959330303863224f,1.1304436382746208f,0f,0.9971279131746841f,0.07573588824262745f,1.494247379803608f,-0.9988016755196859f,0.0037065835281337085f,-0.04880035058908029f,0.05921282228029563f,0f,0f,0f,1f], start_interpolation: 0, interpolation_duration: 1 }
$data merge entity $(bone_m_opened) { transformation: [-0.04894091314093128f,-0.07564513207370796f,0.9959330303863224f,1.1304436382746208f,0f,0.9971279131746841f,0.07573588824262745f,1.494247379803608f,-0.9988016755196859f,0.0037065835281337085f,-0.04880035058908029f,0.05921282228029563f,0f,0f,0f,1f], start_interpolation: 0, interpolation_duration: 1 }
$data merge entity $(bone_head) { transformation: [-0.04894091314093128f,-0.07564513207370796f,0.9959330303863224f,1.0681978238754757f,0f,0.9971279131746841f,0.07573588824262745f,1.4895138867884439f,-0.9988016755196859f,0.0037065835281337085f,-0.04880035058908029f,0.06226284419211315f,0f,0f,0f,1f], start_interpolation: 0, interpolation_duration: 1 }
$data merge entity $(item_display_r_item) { transformation: [-0.021411649499157435f,-0.43697516243633316f,-0.0007061724049280982f,0.9345084494780849f,0f,-0.0007070196438754175f,0.4374994287118821f,0.7394316696040586f,-0.4369757330398626f,0.021411621539795277f,0.00003460218697983894f,-0.24406135153028546f,0f,0f,0f,1f], start_interpolation: 0, interpolation_duration: 1 }
$data merge entity $(bone_rightarm) { transformation: [-0.04894091314093128f,-0.0016141083541215892f,0.9988003712830472f,1.0583496781671398f,0f,0.9999986941985876f,0.0016160449002868907f,1.3646328590907117f,-0.9988016755196859f,0.00007909071309678559f,-0.04894084923381778f,-0.2501295259888272f,0f,0f,0f,1f], start_interpolation: 0, interpolation_duration: 1 }
$data merge entity $(item_display_l_item) { transformation: [-0.021411649499157435f,-0.4353738869973138f,-0.03738140963868893f,1.0179472235076878f,0f,-0.0374262584403846f,0.4358962321231436f,0.7312307393603967f,-0.4369757330398626f,0.021333159634797993f,0.0018316752635209096f,0.3776000307301747f,0f,0f,0f,1f], start_interpolation: 0, interpolation_duration: 1 }
$data merge entity $(bone_leftarm) { transformation: [-0.04894091314093128f,-0.0854432220312892f,0.9951403131367172f,1.0889377488802217f,0f,0.9963342448528997f,0.08554573357802217f,1.3646328590907117f,-0.9988016755196859f,0.004186686316619233f,-0.04876150773668113f,0.3741215212109765f,0f,0f,0f,1f], start_interpolation: 0, interpolation_duration: 1 }
$data merge entity $(bone_body) { transformation: [-0.04894091314093128f,-0.04356711718563981f,0.997851037640922f,1.1008731617647056f,0f,0.9990482215818578f,0.043619387365336f,0.7402277206020506f,-0.9988016755196859f,0.0021347726483075444f,-0.048894332236039575f,0.06066176470588249f,0f,0f,0f,1f], start_interpolation: 0, interpolation_duration: 1 }
$data merge entity $(bone_leftleg) { transformation: [-0.04894091314093128f,0.0870513018875237f,0.9950009335978631f,1.106990775907322f,0f,0.9961946980917455f,-0.08715574274765818f,0.8125f,-0.9988016755196859f,-0.00426548163554649f,-0.04875467819076438f,0.18551197414584322f,0f,0f,0f,1f], start_interpolation: 0, interpolation_duration: 1 }
$data merge entity $(bone_rightleg) { transformation: [-0.04894091314093128f,-0.12556736577507197f,0.9908771990883841f,1.0947555476220892f,0f,0.9920660160815423f,0.12571801675216263f,0.7430555555555556f,-0.9988016755196859f,0.006152754538117735f,-0.0485526167231165f,-0.06418844473407825f,0f,0f,0f,1f], start_interpolation: 0, interpolation_duration: 1 }
data modify entity @s data merge value {"locators":{},"cameras":{"camera":{"posx":6.125,"posy":0.6949224839526942,"posz":1.669638238978174,"roty":99.60237399932724,"rotx":-5.647682365417831}}}