# This file was generated by Animated Java via MC-Build. It is not recommended to edit this file directly.
$data merge entity $(bone_left_eye) { transformation: [-0.04899099172866771f,-0.061536640069421375f,0.9969017627923067f,0.7854015156785873f,0f,0.9981002611958285f,0.06161062084429204f,1.7102824987526257f,-0.9987992204289318f,0.0030183654161807932f,-0.04889792164062591f,0.20193169210203685f,0f,0f,0f,1f], start_interpolation: 0, interpolation_duration: 1 }
$data merge entity $(bone_right_eye) { transformation: [-0.04899099172866771f,-0.061536640069421375f,0.9969017627923067f,0.7731537677464203f,0f,0.9981002611958285f,0.06161062084429204f,1.7102824987526257f,-0.9987992204289318f,0.0030183654161807932f,-0.04889792164062591f,-0.047768113005196094f,0f,0f,0f,1f], start_interpolation: 0, interpolation_duration: 1 }
$data merge entity $(bone_right_close) { transformation: [-0.04899099172866771f,-0.061536640069421375f,0.9969017627923067f,0.7693077277420813f,0f,0.9981002611958285f,0.06161062084429204f,1.7726637650773651f,-0.9987992204289318f,0.0030183654161807932f,-0.04889792164062591f,-0.04757946516668479f,0f,0f,0f,1f], start_interpolation: 0, interpolation_duration: 1 }
$data merge entity $(bone_left_close) { transformation: [-0.04899099172866771f,-0.061536640069421375f,0.9969017627923067f,0.7815554756742483f,0f,0.9981002611958285f,0.06161062084429204f,1.7726637650773651f,-0.9987992204289318f,0.0030183654161807932f,-0.04889792164062591f,0.20212033994054815f,0f,0f,0f,1f], start_interpolation: 0, interpolation_duration: 1 }
$data merge entity $(bone_left_eyebrow) { transformation: [-0.04899099172866771f,-0.061536640069421375f,0.9969017627923067f,0.7830315853158094f,0f,0.9981002611958285f,0.06161062084429204f,1.7477074078836665f,-0.9987992204289318f,0.0030183654161807932f,-0.04889792164062591f,0.20204793692524617f,0f,0f,0f,1f], start_interpolation: 0, interpolation_duration: 1 }
$data merge entity $(bone_right_eyebrow) { transformation: [-0.04899099172866771f,-0.061536640069421375f,0.9969017627923067f,0.7707838373836424f,0f,0.9981002611958285f,0.06161062084429204f,1.7477074078836665f,-0.9987992204289318f,0.0030183654161807932f,-0.04889792164062591f,-0.04765186818198677f,0f,0f,0f,1f], start_interpolation: 0, interpolation_duration: 1 }
$data merge entity $(bone_talking) { transformation: [-0.04899099172866771f,-0.061536640069421375f,0.9969017627923067f,1.1061936026024548f,0f,0.9981002611958285f,0.06161062084429204f,1.48001075246751f,-0.9987992204289318f,0.0030183654161807932f,-0.04889792164062591f,0.06104659768167959f,0f,0f,0f,1f], start_interpolation: 0, interpolation_duration: 1 }
$data merge entity $(bone_m_opened) { transformation: [-0.04899099172866771f,-0.061536640069421375f,0.9969017627923067f,1.1061936026024548f,0f,0.9981002611958285f,0.06161062084429204f,1.48001075246751f,-0.9987992204289318f,0.0030183654161807932f,-0.04889792164062591f,0.06104659768167959f,0f,0f,0f,1f], start_interpolation: 0, interpolation_duration: 1 }
$data merge entity $(bone_head) { transformation: [-0.04899099172866771f,-0.061536640069421375f,0.9969017627923067f,1.0438872424279357f,0f,0.9981002611958285f,0.06161062084429204f,1.4761600886647417f,-0.9987992204289318f,0.0030183654161807932f,-0.04889792164062591f,0.06410271778421871f,0f,0f,0f,1f], start_interpolation: 0, interpolation_duration: 1 }
$data merge entity $(item_display_r_item) { transformation: [-0.02143355888129212f,-0.43693762786760676f,0.005688752684993169f,0.9010573219768601f,0f,0.005695591835314161f,0.4374629244103385f,0.7279593380480442f,-0.43697465893765763f,0.02143174251138568f,-0.00027903269249374347f,-0.2417671850951386f,0f,0f,0f,1f], start_interpolation: 0, interpolation_duration: 1 }
$data merge entity $(bone_rightarm) { transformation: [-0.04899099172866771f,0.013002863279984164f,0.9987145779831011f,1.0340234337747378f,0f,0.9999152557950595f,-0.013018495623575002f,1.3512790609670096f,-0.9987992204289318f,-0.0006377890114142599f,-0.048986840026024416f,-0.24828915823052555f,0f,0f,0f,1f], start_interpolation: 0, interpolation_duration: 1 }
$data merge entity $(item_display_l_item) { transformation: [-0.02143355888129212f,-0.4347791408129257f,-0.04374872875474632f,1.0029183758796711f,0f,-0.0438013244903801f,0.4353018423724949f,0.716904622009051f,-0.43697465893765763f,0.021325868959144716f,0.0021458703258129016f,0.37898793091757976f,0f,0f,0f,1f], start_interpolation: 0, interpolation_duration: 1 }
$data merge entity $(bone_leftarm) { transformation: [-0.04899099172866771f,-0.09999709429656324f,0.9937808932866873f,1.064642803605155f,0f,0.9949756397085598f,0.10011731312086902f,1.3512790609670096f,-0.9987992204289318f,0.004904846459000929f,-0.04874484333518792f,0.37596035453755683f,0f,0f,0f,1f], start_interpolation: 0, interpolation_duration: 1 }
$data merge entity $(bone_body) { transformation: [-0.04899099172866771f,-0.04356701009608519f,0.9978485848868702f,1.0765624999999996f,0f,0.9990482215818578f,0.043619387365336f,0.7268739224783484f,-0.9987992204289318f,0.0021369570456247285f,-0.04894436316005698f,0.06250000000000017f,0f,0f,0f,1f], start_interpolation: 0, interpolation_duration: 1 }
$data merge entity $(bone_leftleg) { transformation: [-0.04899099172866771f,0.12172300518724757f,0.9913543224990887f,1.082686373966083f,0f,0.992546151641322f,-0.12186934340514798f,0.8022499999999998f,-0.9987992204289318f,-0.005970499994739769f,-0.04862582030538097f,0.18734990255361664f,0f,0f,0f,1f], start_interpolation: 0, interpolation_duration: 1 }
$data merge entity $(bone_rightleg) { transformation: [-0.04899099172866771f,-0.1689361641588879f,0.9844086830014874f,1.0704386260339163f,0f,0.9855921619349439f,0.1691392631307208f,0.7438888888888889f,-0.9987992204289318f,0.008286300241030093f,-0.048285137453194564f,-0.062349902553616304f,0f,0f,0f,1f], start_interpolation: 0, interpolation_duration: 1 }
data modify entity @s data merge value {"locators":{},"cameras":{"camera":{"posx":6.125,"posy":0.6962576891293822,"posz":1.6662394943004557,"roty":99.53209469851934,"rotx":-5.660998031337433}}}