# This file was generated by Animated Java via MC-Build. It is not recommended to edit this file directly.
$data merge entity $(bone_left_eye) { transformation: [-0.04902855058865517f,-0.05028267594909035f,0.9975308785830012f,0.7637518211455695f,0f,0.9987319761658563f,0.05034321983984962f,1.6970094327895462f,-0.9987973774631046f,0.0024682551007138565f,-0.04896638121795524f,0.20365051306173876f,0f,0f,0f,1f], start_interpolation: 0, interpolation_duration: 1 }
$data merge entity $(bone_right_eye) { transformation: [-0.04902855058865517f,-0.05028267594909035f,0.9975308785830012f,0.7514946834984056f,0f,0.9987319761658563f,0.05034321983984962f,1.6970094327895462f,-0.9987973774631046f,0.0024682551007138565f,-0.04896638121795524f,-0.046048831304037405f,0f,0f,0f,1f], start_interpolation: 0, interpolation_duration: 1 }
$data merge entity $(bone_right_close) { transformation: [-0.04902855058865517f,-0.05028267594909035f,0.9975308785830012f,0.7483520162515875f,0f,0.9987319761658563f,0.05034321983984962f,1.7594301812999122f,-0.9987973774631046f,0.0024682551007138565f,-0.04896638121795524f,-0.04589456536024278f,0f,0f,0f,1f], start_interpolation: 0, interpolation_duration: 1 }
$data merge entity $(bone_left_close) { transformation: [-0.04902855058865517f,-0.05028267594909035f,0.9975308785830012f,0.7606091538987514f,0f,0.9987319761658563f,0.05034321983984962f,1.7594301812999122f,-0.9987973774631046f,0.0024682551007138565f,-0.04896638121795524f,0.20380477900553337f,0f,0f,0f,1f], start_interpolation: 0, interpolation_duration: 1 }
$data merge entity $(bone_left_eyebrow) { transformation: [-0.04902855058865517f,-0.05028267594909035f,0.9975308785830012f,0.7618038751175671f,0f,0.9987319761658563f,0.05034321983984962f,1.734458735444526f,-0.9987973774631046f,0.0024682551007138565f,-0.04896638121795524f,0.20374613302684164f,0f,0f,0f,1f], start_interpolation: 0, interpolation_duration: 1 }
$data merge entity $(bone_right_eyebrow) { transformation: [-0.04902855058865517f,-0.05028267594909035f,0.9975308785830012f,0.7495467374704033f,0f,0.9987319761658563f,0.05034321983984962f,1.734458735444526f,-0.9987973774631046f,0.0024682551007138565f,-0.04896638121795524f,-0.0459532113389345f,0f,0f,0f,1f], start_interpolation: 0, interpolation_duration: 1 }
$data merge entity $(bone_talking) { transformation: [-0.04902855058865517f,-0.05028267594909035f,0.9975308785830012f,1.081922320866448f,0f,0.9987319761658563f,0.05034321983984962f,1.463058694948035f,-0.9987973774631046f,0.0024682551007138565f,-0.04896638121795524f,0.0628817829730612f,0f,0f,0f,1f], start_interpolation: 0, interpolation_duration: 1 }
$data merge entity $(bone_m_opened) { transformation: [-0.04902855058865517f,-0.05028267594909035f,0.9975308785830012f,1.081922320866448f,0f,0.9987319761658563f,0.05034321983984962f,1.463058694948035f,-0.9987973774631046f,0.0024682551007138565f,-0.04896638121795524f,0.0628817829730612f,0f,0f,0f,1f], start_interpolation: 0, interpolation_duration: 1 }
$data merge entity $(bone_head) { transformation: [-0.04902855058865517f,-0.05028267594909035f,0.9975308785830012f,1.0195766409550104f,0f,0.9987319761658563f,0.05034321983984962f,1.4599122437080445f,-0.9987973774631046f,0.0024682551007138565f,-0.04896638121795524f,0.0659421817991834f,0f,0f,0f,1f], start_interpolation: 0, interpolation_duration: 1 }
$data merge entity $(item_display_r_item) { transformation: [-0.021449990882536636f,-0.43683199184100346f,0.011133678429008155f,0.8689866896848524f,0f,0.011147084163644023f,0.4373579683904806f,0.7134189994992381f,-0.43697385264010824f,0.02144302727858413f,-0.0005465253798332179f,-0.23954199331047624f,0f,0f,0f,1f], start_interpolation: 0, interpolation_duration: 1 }
$data merge entity $(bone_rightarm) { transformation: [-0.04902855058865517f,0.025448407837732702f,0.9984731242080079f,1.0097010851094363f,0f,0.9996753563210985f,-0.0254790495169004f,1.3350312160103122f,-0.9987973774631046f,-0.0012492008681902014f,-0.04901263377962087f,-0.24644932307554773f,0f,0f,0f,1f], start_interpolation: 0, interpolation_duration: 1 }
$data merge entity $(item_display_l_item) { transformation: [-0.021449990882536636f,-0.43419935021587047f,-0.04916372812607778f,0.9865208693457798f,0f,-0.049222924724683585f,0.434722156879021f,0.6999358705475154f,-0.43697385264010824f,0.021313797260552374f,0.0024133286549857143f,0.38044108183478514f,0f,0f,0f,1f], start_interpolation: 0, interpolation_duration: 1 }
$data merge entity $(bone_leftarm) { transformation: [-0.04902855058865517f,-0.11237423571674943f,0.9924556576362754f,1.0403439292273458f,0f,0.9936506442949051f,0.11250954222784841f,1.3350312160103122f,-0.9987973774631046f,0.005516179782824501f,-0.04871725088126257f,0.3777990378388926f,0f,0f,0f,1f], start_interpolation: 0, interpolation_duration: 1 }
$data merge entity $(bone_body) { transformation: [-0.04902855058865517f,-0.04356692970704488f,0.9978467436751381f,1.0522518382352941f,0f,0.9990482215818578f,0.043619387365336f,0.7106260775216511f,-0.9987973774631046f,0.0021385953400875225f,-0.0489818862723321f,0.06433823529411777f,0f,0f,0f,1f], start_interpolation: 0, interpolation_duration: 1 }
$data merge entity $(bone_leftleg) { transformation: [-0.04902855058865517f,0.15624633342702607f,0.9865005243373093f,1.058380407058876f,0f,0.9876883405951378f,-0.15643446504023062f,0.7867500000000001f,-0.9987973774631046f,-0.007669755083034155f,-0.04842492777269359f,0.18918790747700584f,0f,0f,0f,1f], start_interpolation: 0, interpolation_duration: 1 }
$data merge entity $(bone_rightleg) { transformation: [-0.04902855058865517f,-0.20561503375707024f,0.9774040408757548f,1.0461232694117122f,0f,0.9785809043254722f,0.205862608769881f,0.745f,-0.9987973774631046f,0.010093145328386639f,-0.04797840337281334f,-0.06051143688877031f,0f,0f,0f,1f], start_interpolation: 0, interpolation_duration: 1 }
data modify entity @s data merge value {"locators":{},"cameras":{"camera":{"posx":6.125,"posy":0.6975884158344895,"posz":1.662797456242431,"roty":99.46275327157207,"rotx":-5.675507365756748}}}