# This file was generated by Animated Java via MC-Build. It is not recommended to edit this file directly.
$data merge entity $(bone_left_eye) { transformation: [-0.049053589790133065f,-0.04356687608012553f,0.9978455154167504f,0.7410446202600417f,0f,0.9990482215818578f,0.043619387365336f,1.6854156541384737f,-0.9987961480345733f,0.002139687534716105f,-0.049006901642038414f,0.2054174020377828f,0f,0f,0f,1f], start_interpolation: 0, interpolation_duration: 1 }
$data merge entity $(bone_right_eye) { transformation: [-0.049053589790133065f,-0.04356687608012553f,0.9978455154167504f,0.7287812228125085f,0f,0.9990482215818578f,0.043619387365336f,1.6854156541384737f,-0.9987961480345733f,0.002139687534716105f,-0.049006901642038414f,-0.04428163497086052f,0f,0f,0f,1f], start_interpolation: 0, interpolation_duration: 1 }
$data merge entity $(bone_right_close) { transformation: [-0.049053589790133065f,-0.04356687608012553f,0.9978455154167504f,0.7260582930575005f,0f,0.9990482215818578f,0.043619387365336f,1.7478561679873397f,-0.9987961480345733f,0.002139687534716105f,-0.049006901642038414f,-0.04414790449994076f,0f,0f,0f,1f], start_interpolation: 0, interpolation_duration: 1 }
$data merge entity $(bone_left_close) { transformation: [-0.049053589790133065f,-0.04356687608012553f,0.9978455154167504f,0.7383216905050337f,0f,0.9990482215818578f,0.043619387365336f,1.7478561679873397f,-0.9987961480345733f,0.002139687534716105f,-0.049006901642038414f,0.20555113250870255f,0f,0f,0f,1f], start_interpolation: 0, interpolation_duration: 1 }
$data merge entity $(bone_left_eyebrow) { transformation: [-0.049053589790133065f,-0.04356687608012553f,0.9978455154167504f,0.7393484970623234f,0f,0.9990482215818578f,0.043619387365336f,1.7228772362360831f,-0.9987961480345733f,0.002139687534716105f,-0.049006901642038414f,0.2055007032516873f,0f,0f,0f,1f], start_interpolation: 0, interpolation_duration: 1 }
$data merge entity $(bone_right_eyebrow) { transformation: [-0.049053589790133065f,-0.04356687608012553f,0.9978455154167504f,0.7270850996147902f,0f,0.9990482215818578f,0.043619387365336f,1.7228772362360831f,-0.9987961480345733f,0.002139687534716105f,-0.049006901642038414f,-0.04419833375695603f,0f,0f,0f,1f], start_interpolation: 0, interpolation_duration: 1 }
$data merge entity $(bone_talking) { transformation: [-0.049053589790133065f,-0.04356687608012553f,0.9978455154167504f,1.057631364124041f,0f,0.9990482215818578f,0.043619387365336f,1.4492846572946767f,-0.9987961480345733f,0.002139687534716105f,-0.049006901642038414f,0.06471830488664511f,0f,0f,0f,1f], start_interpolation: 0, interpolation_duration: 1 }
$data merge entity $(bone_m_opened) { transformation: [-0.049053589790133065f,-0.04356687608012553f,0.9978455154167504f,1.057631364124041f,0f,0.9990482215818578f,0.043619387365336f,1.4492846572946767f,-0.9987961480345733f,0.002139687534716105f,-0.049006901642038414f,0.06471830488664511f,0f,0f,0f,1f], start_interpolation: 0, interpolation_duration: 1 }
$data merge entity $(bone_head) { transformation: [-0.049053589790133065f,-0.04356687608012553f,0.9978455154167504f,0.995266019410494f,0f,0.9990482215818578f,0.043619387365336f,1.4465584455843432f,-0.9987961480345733f,0.002139687534716105f,-0.049006901642038414f,0.06778123623927251f,0f,0f,0f,1f], start_interpolation: 0, interpolation_duration: 1 }
$data merge entity $(item_display_r_item) { transformation: [-0.021460945533183215f,-0.43670336322305936f,0.015357420567608582f,0.8386710703793497f,0f,0.015375930912257568f,0.43722972308453767f,0.7014566508836306f,-0.4369733147651258f,0.021447687480242384f,-0.0007542446076113092f,-0.23740461795814288f,0f,0f,0f,1f], start_interpolation: 0, interpolation_duration: 1 }
$data merge entity $(bone_rightarm) { transformation: [-0.049053589790133065f,0.035102675583105106f,0.9981791159384213f,0.9853826321110931f,0f,0.999382224193229f,-0.03514498494230279f,1.3216774178866109f,-0.9987961480345733f,-0.0017239876745401245f,-0.04902328566912545f,-0.24461002096337114f,0f,0f,0f,1f], start_interpolation: 0, interpolation_duration: 1 }
$data merge entity $(item_display_l_item) { transformation: [-0.021460945533183215f,-0.4337030876853874f,-0.05336018692792269f,0.9683547962882767f,0f,-0.053424502119801556f,0.434225831305844f,0.6860906582726046f,-0.4369733147651258f,0.021300335805156393f,0.0026206636117268403f,0.3819795766286721f,0f,0f,0f,1f], start_interpolation: 0, interpolation_duration: 1 }
$data merge entity $(bone_leftarm) { transformation: [-0.049053589790133065f,-0.12196614154953779f,0.9913213432808855f,1.0160411257299262f,0f,0.9925161858419292f,0.12211314770240378f,1.3216774178866109f,-0.9987961480345733f,0.005990088255375645f,-0.04868648184035747f,0.3796375715582372f,0f,0f,0f,1f], start_interpolation: 0, interpolation_duration: 1 }
$data merge entity $(bone_body) { transformation: [-0.049053589790133065f,-0.04356687608012553f,0.9978455154167504f,1.0279411764705881f,0f,0.9990482215818578f,0.043619387365336f,0.6972722793979499f,-0.9987961480345733f,0.002139687534716105f,-0.049006901642038414f,0.06617647058823543f,0f,0f,0f,1f], start_interpolation: 0, interpolation_duration: 1 }
$data merge entity $(bone_leftleg) { transformation: [-0.049053589790133065f,0.1905792895924399f,0.9804454496335541f,1.0340728751943549f,0f,0.9816271834476639f,-0.19080899537654503f,0.770125f,-0.9987961480345733f,-0.009359866187468436f,-0.048152337183685404f,0.19102598909255708f,0f,0f,0f,1f], start_interpolation: 0, interpolation_duration: 1 }
$data merge entity $(bone_rightleg) { transformation: [-0.049053589790133065f,-0.2338799599200682f,0.9710272445593319f,1.0218094777468214f,0f,0.9721976265828769f,0.2341618561307992f,0.7463888888888889f,-0.9987961480345733f,0.01148647963513638f,-0.04768978356933741f,-0.05867304791608623f,0f,0f,0f,1f], start_interpolation: 0, interpolation_duration: 1 }
data modify entity @s data merge value {"locators":{},"cameras":{"camera":{"posx":6.125,"posy":0.6989146372775579,"posz":1.6593134107460894,"roty":99.39435499265325,"rotx":-5.691235232638518}}}