# This file was generated by Animated Java via MC-Build. It is not recommended to edit this file directly.
$data merge entity $(bone_left_eye) { transformation: [-0.04906610937931298f,-0.046690568061389624f,0.9977036171952479f,0.7159900951218386f,0f,0.9989067673477741f,0.04674687312345056f,1.6770532641759512f,-0.9987955330849138f,0.002293687189816091f,-0.04901246870642183f,0.20729586171567138f,0f,0f,0f,1f], start_interpolation: 0, interpolation_duration: 1 }
$data merge entity $(bone_right_eye) { transformation: [-0.04906610937931298f,-0.046690568061389624f,0.9977036171952479f,0.7037235677770105f,0f,0.9989067673477741f,0.04674687312345056f,1.6770532641759512f,-0.9987955330849138f,0.002293687189816091f,-0.04901246870642183f,-0.042403021555557044f,0f,0f,0f,1f], start_interpolation: 0, interpolation_duration: 1 }
$data merge entity $(bone_right_close) { transformation: [-0.04906610937931298f,-0.046690568061389624f,0.9977036171952479f,0.7008054072731738f,0f,0.9989067673477741f,0.04674687312345056f,1.739484937135187f,-0.9987955330849138f,0.002293687189816091f,-0.04901246870642183f,-0.04225966610619354f,0f,0f,0f,1f], start_interpolation: 0, interpolation_duration: 1 }
$data merge entity $(bone_left_close) { transformation: [-0.04906610937931298f,-0.046690568061389624f,0.9977036171952479f,0.7130719346180019f,0f,0.9989067673477741f,0.04674687312345056f,1.739484937135187f,-0.9987955330849138f,0.002293687189816091f,-0.04901246870642183f,0.20743921716503488f,0f,0f,0f,1f], start_interpolation: 0, interpolation_duration: 1 }
$data merge entity $(bone_left_eyebrow) { transformation: [-0.04906610937931298f,-0.046690568061389624f,0.9977036171952479f,0.7141768423434619f,0f,0.9989067673477741f,0.04674687312345056f,1.7145093462719225f,-0.9987955330849138f,0.002293687189816091f,-0.04901246870642183f,0.20738493826458365f,0f,0f,0f,1f], start_interpolation: 0, interpolation_duration: 1 }
$data merge entity $(bone_right_eyebrow) { transformation: [-0.04906610937931298f,-0.046690568061389624f,0.9977036171952479f,0.7019103149986337f,0f,0.9989067673477741f,0.04674687312345056f,1.7145093462719225f,-0.9987955330849138f,0.002293687189816091f,-0.04901246870642183f,-0.04231394500664479f,0f,0f,0f,1f], start_interpolation: 0, interpolation_duration: 1 }
$data merge entity $(bone_talking) { transformation: [-0.04906610937931298f,-0.046690568061389624f,0.9977036171952479f,1.033311853838287f,0f,0.9989067673477741f,0.04674687312345056f,1.4419349701900859f,-0.9987955330849138f,0.002293687189816091f,-0.04901246870642183f,0.06655660181184633f,0f,0f,0f,1f], start_interpolation: 0, interpolation_duration: 1 }
$data merge entity $(bone_m_opened) { transformation: [-0.04906610937931298f,-0.046690568061389624f,0.9977036171952479f,1.033311853838287f,0f,0.9989067673477741f,0.04674687312345056f,1.4419349701900859f,-0.9987955330849138f,0.002293687189816091f,-0.04901246870642183f,0.06655660181184633f,0f,0f,0f,1f], start_interpolation: 0, interpolation_duration: 1 }
$data merge entity $(bone_head) { transformation: [-0.04906610937931298f,-0.046690568061389624f,0.9977036171952479f,0.970955377763584f,0f,0.9989067673477741f,0.04674687312345056f,1.4390132906198703f,-0.9987955330849138f,0.002293687189816091f,-0.04901246870642183f,0.06961988110599769f,0f,0f,0f,1f], start_interpolation: 0, interpolation_duration: 1 }
$data merge entity $(item_display_r_item) { transformation: [-0.021466422853449428f,-0.43659844926473373f,0.018089687380012383f,0.8104832501210855f,0f,0.01811150208505635f,0.4371249518069439f,0.6948427609365201f,-0.4369730457246498f,0.021448020697786424f,-0.00088866094232903f,-0.23537373064142678f,0f,0f,0f,1f], start_interpolation: 0, interpolation_duration: 1 }
$data merge entity $(bone_rightarm) { transformation: [-0.04906610937931298f,0.041347856868599514f,0.9979393126051057f,0.9610680747395984f,0f,0.9991427469873003f,-0.04139771905155715f,1.3141322629221381f,-0.9987955330849138f,-0.002031225011037772f,-0.04902404730922611f,-0.24277125218697865f,0f,0f,0f,1f], start_interpolation: 0, interpolation_duration: 1 }
$data merge entity $(item_display_l_item) { transformation: [-0.021466422853449428f,-0.4333604402129278f,-0.05607291278624892f,0.9480212855926169f,0f,-0.05614053219987901f,0.43388303797718847f,0.6782591994690463f,-0.4369730457246498f,0.021288952599217332f,0.002754597493532106f,0.3836233746001087f,0f,0f,0f,1f], start_interpolation: 0, interpolation_duration: 1 }
$data merge entity $(bone_leftarm) { transformation: [-0.04906610937931298f,-0.12816665779714062f,0.9905381490581207f,0.9917343931016691f,0f,0.9917326582335736f,0.12832121645686653f,1.3141322629221381f,-0.9987955330849138f,0.00629622284235911f,-0.04866046308392533f,0.38147595599109246f,0f,0f,0f,1f], start_interpolation: 0, interpolation_duration: 1 }
$data merge entity $(bone_body) { transformation: [-0.04906610937931298f,-0.04356684925639812f,0.9978449010523867f,1.0036305147058826f,0f,0.9990482215818578f,0.043619387365336f,0.689727124433477f,-0.9987955330849138f,0.002140233631526199f,-0.04901940931534354f,0.06801470588235305f,0f,0f,0f,1f], start_interpolation: 0, interpolation_duration: 1 }
$data merge entity $(bone_leftleg) { transformation: [-0.04906610937931298f,0.22468010824139356f,0.9731964682791511f,1.0097637783782967f,0f,0.9743700647852354f,-0.2249510543438645f,0.7565000000000002f,-0.9987955330849138f,-0.011037473037427834f,-0.04780854817468063f,0.19286414751796727f,0f,0f,0f,1f], start_interpolation: 0, interpolation_duration: 1 }
$data merge entity $(bone_rightleg) { transformation: [-0.04906610937931298f,-0.25206563679456034f,0.9664654322104489f,0.9974972510334685f,0f,0.9676309116295214f,0.2523696076373328f,0.7480555555555555f,-0.9987955330849138f,0.012382794772347671f,-0.04747788414881843f,-0.05683473575326117f,0f,0f,0f,1f], start_interpolation: 0, interpolation_duration: 1 }
data modify entity @s data merge value {"locators":{},"cameras":{"camera":{"posx":6.125,"posy":0.7002363266681293,"posz":1.6557886437534197,"roty":99.32690513141631,"rotx":-5.708206491257588}}}