# This file was generated by Animated Java via MC-Build. It is not recommended to edit this file directly.
$data merge entity $(bone_left_eye) { transformation: [-0.04906610937931298f,-0.06845511623177902f,0.9964468947074253f,0.6865524769364908f,0f,0.9976485293539166f,0.06853766758482212f,1.669063881628667f,-0.9987955330849138f,0.003362876694319876f,-0.04895073186339001f,0.20938596017515704f,0f,0f,0f,1f], start_interpolation: 0, interpolation_duration: 1 }
$data merge entity $(bone_right_eye) { transformation: [-0.04906610937931298f,-0.06845511623177902f,0.9964468947074253f,0.6742859495916627f,0f,0.9976485293539166f,0.06853766758482212f,1.669063881628667f,-0.9987955330849138f,0.003362876694319876f,-0.04895073186339001f,-0.04031292309607139f,0f,0f,0f,1f], start_interpolation: 0, interpolation_duration: 1 }
$data merge entity $(bone_right_close) { transformation: [-0.04906610937931298f,-0.06845511623177902f,0.9964468947074253f,0.6700075048271764f,0f,0.9976485293539166f,0.06853766758482212f,1.7314169147132867f,-0.9987955330849138f,0.003362876694319876f,-0.04895073186339001f,-0.040102743302676394f,0f,0f,0f,1f], start_interpolation: 0, interpolation_duration: 1 }
$data merge entity $(bone_left_close) { transformation: [-0.04906610937931298f,-0.06845511623177902f,0.9964468947074253f,0.6822740321720046f,0f,0.9976485293539166f,0.06853766758482212f,1.7314169147132867f,-0.9987955330849138f,0.003362876694319876f,-0.04895073186339001f,0.20959613996855203f,0f,0f,0f,1f], start_interpolation: 0, interpolation_duration: 1 }
$data merge entity $(bone_left_eyebrow) { transformation: [-0.04906610937931298f,-0.06845511623177902f,0.9964468947074253f,0.6839231321468798f,0f,0.9976485293539166f,0.06853766758482212f,1.7064714178752147f,-0.9987955330849138f,0.003362876694319876f,-0.04895073186339001f,0.20951512747193551f,0f,0f,0f,1f], start_interpolation: 0, interpolation_duration: 1 }
$data merge entity $(bone_right_eyebrow) { transformation: [-0.04906610937931298f,-0.06845511623177902f,0.9964468947074253f,0.6716566048020516f,0f,0.9976485293539166f,0.06853766758482212f,1.7064714178752147f,-0.9987955330849138f,0.003362876694319876f,-0.04895073186339001f,-0.040183755799292925f,0f,0f,0f,1f], start_interpolation: 0, interpolation_duration: 1 }
$data merge entity $(bone_talking) { transformation: [-0.04906610937931298f,-0.06845511623177902f,0.9964468947074253f,1.0089226469180919f,0f,0.9976485293539166f,0.06853766758482212f,1.4410697704104445f,-0.9987955330849138f,0.003362876694319876f,-0.04895073186339001f,0.06839869565865349f,0f,0f,0f,1f], start_interpolation: 0, interpolation_duration: 1 }
$data merge entity $(bone_m_opened) { transformation: [-0.04906610937931298f,-0.06845511623177902f,0.9964468947074253f,1.0089226469180919f,0f,0.9976485293539166f,0.06853766758482212f,1.4410697704104445f,-0.9987955330849138f,0.003362876694319876f,-0.04895073186339001f,0.06839869565865349f,0f,0f,0f,1f], start_interpolation: 0, interpolation_duration: 1 }
$data merge entity $(bone_head) { transformation: [-0.04906610937931298f,-0.06845511623177902f,0.9964468947074253f,0.9466447159988778f,0f,0.9976485293539166f,0.06853766758482212f,1.4367861661863932f,-0.9987955330849138f,0.003362876694319876f,-0.04895073186339001f,0.07145811640011536f,0f,0f,0f,1f], start_interpolation: 0, interpolation_duration: 1 }
$data merge entity $(item_display_r_item) { transformation: [-0.021466422853449428f,-0.43655714421041913f,0.019060496549674275f,0.7847975195580951f,0f,0.019083481972334605f,0.4370835969420628f,0.692952423420667f,-0.4369730457246498f,0.0214459915754628f,-0.0009363522137927168f,-0.23346794470873913f,0f,0f,0f,1f], start_interpolation: 0, interpolation_duration: 1 }
$data merge entity $(bone_rightarm) { transformation: [-0.04906610937931298f,0.04356684925639812f,0.9978449010523867f,0.9367574129748922f,0f,0.9990482215818578f,-0.043619387365336014f,1.311905138488661f,-0.9987955330849138f,-0.002140233631526199f,-0.04901940931534354f,-0.24093301689286095f,0f,0f,0f,1f], start_interpolation: 0, interpolation_duration: 1 }
$data merge entity $(item_display_l_item) { transformation: [-0.021466422853449428f,-0.4332346807425671f,-0.057036427761236935f,0.9251230050694252f,0f,-0.05710520909627248f,0.43375712685104206f,0.6759363261025231f,-0.4369730457246498f,0.02128277463012976f,0.002801930435646244f,0.38539222627146685f,0f,0f,0f,1f], start_interpolation: 0, interpolation_duration: 1 }
$data merge entity $(bone_leftarm) { transformation: [-0.04906610937931298f,-0.13036897773997036f,0.9902506988401534f,0.9674237313369629f,0f,0.9914448613738104f,0.1305261922200516f,1.311905138488661f,-0.9987955330849138f,0.006404412424334283f,-0.04864634201172517f,0.38331419128521016f,0f,0f,0f,1f], start_interpolation: 0, interpolation_duration: 1 }
$data merge entity $(bone_body) { transformation: [-0.04906610937931298f,-0.04356684925639812f,0.9978449010523867f,0.9793198529411764f,0f,0.9990482215818578f,0.043619387365336f,0.6875f,-0.9987955330849138f,0.002140233631526199f,-0.04901940931534354f,0.06985294117647071f,0f,0f,0f,1f], start_interpolation: 0, interpolation_duration: 1 }
$data merge entity $(bone_leftleg) { transformation: [-0.04906610937931298f,0.25850730612570055f,0.9647624005888757f,0.9854531166135905f,0f,0.9659258262890683f,-0.25881904510252074f,0.75f,-0.9987955330849138f,-0.012699243576449621f,-0.0473942222450027f,0.19470238281208493f,0f,0f,0f,1f], start_interpolation: 0, interpolation_duration: 1 }
$data merge entity $(bone_rightleg) { transformation: [-0.04906610937931298f,-0.25850730612570055f,0.9647624005888757f,0.9731865892687623f,0f,0.9659258262890683f,0.25881904510252074f,0.75f,-0.9987955330849138f,0.012699243576449621f,-0.0473942222450027f,-0.054996500459143505f,0f,0f,0f,1f], start_interpolation: 0, interpolation_duration: 1 }
data modify entity @s data merge value {"locators":{},"cameras":{"camera":{"posx":6.125,"posy":0.7015534572157456,"posz":1.6522244412064115,"roty":99.2604089530707,"rotx":-5.726445996067723}}}
execute on vehicle unless entity @s[tag=aj.transforms_only] at @s run function animated_java:humanentity/animations/000_mur_0/zzz/frames/zzz/19