# This file was generated by Animated Java via MC-Build. It is not recommended to edit this file directly.
$data merge entity $(bone_left_eye) { transformation: [-0.049053589790133065f,-0.08086968272220152f,0.9955168706481632f,0.6593690944975513f,0f,0.9967167700908108f,0.08096715519111336f,1.6677979998906352f,-0.9987961480345733f,0.003971729617218918f,-0.048892535576981f,0.2113615269244971f,0f,0f,0f,1f], start_interpolation: 0, interpolation_duration: 1 }
$data merge entity $(bone_right_eye) { transformation: [-0.049053589790133065f,-0.08086968272220152f,0.9955168706481632f,0.6471056970500181f,0f,0.9967167700908108f,0.08096715519111336f,1.6677979998906352f,-0.9987961480345733f,0.003971729617218918f,-0.048892535576981f,-0.03833751008414622f,0f,0f,0f,1f], start_interpolation: 0, interpolation_duration: 1 }
$data merge entity $(bone_right_close) { transformation: [-0.049053589790133065f,-0.08086968272220152f,0.9955168706481632f,0.6420513418798806f,0f,0.9967167700908108f,0.08096715519111336f,1.7300927980213108f,-0.9987961480345733f,0.003971729617218918f,-0.048892535576981f,-0.03808927698307003f,0f,0f,0f,1f], start_interpolation: 0, interpolation_duration: 1 }
$data merge entity $(bone_left_close) { transformation: [-0.049053589790133065f,-0.08086968272220152f,0.9955168706481632f,0.6543147393274138f,0f,0.9967167700908108f,0.08096715519111336f,1.7300927980213108f,-0.9987961480345733f,0.003971729617218918f,-0.048892535576981f,0.2116097600255733f,0f,0f,0f,1f], start_interpolation: 0, interpolation_duration: 1 }
$data merge entity $(bone_left_eyebrow) { transformation: [-0.049053589790133065f,-0.08086968272220152f,0.9955168706481632f,0.6562742615910533f,0f,0.9967167700908108f,0.08096715519111336f,1.7051698183218413f,-0.9987961480345733f,0.003971729617218918f,-0.048892535576981f,0.21151352256861639f,0f,0f,0f,1f], start_interpolation: 0, interpolation_duration: 1 }
$data merge entity $(bone_right_eyebrow) { transformation: [-0.049053589790133065f,-0.08086968272220152f,0.9955168706481632f,0.6440108641435199f,0f,0.9967167700908108f,0.08096715519111336f,1.7051698183218413f,-0.9987961480345733f,0.003971729617218918f,-0.048892535576981f,-0.038185514440026935f,0f,0f,0f,1f], start_interpolation: 0, interpolation_duration: 1 }
$data merge entity $(bone_talking) { transformation: [-0.049053589790133065f,-0.08086968272220152f,0.9955168706481632f,0.9845538385318862f,0f,0.9967167700908108f,0.08096715519111336f,1.4439210433651555f,-0.9987961480345733f,0.003971729617218918f,-0.048892535576981f,0.07024015864806415f,0f,0f,0f,1f], start_interpolation: 0, interpolation_duration: 1 }
$data merge entity $(bone_m_opened) { transformation: [-0.049053589790133065f,-0.08086968272220152f,0.9955168706481632f,0.9845538385318862f,0f,0.9967167700908108f,0.08096715519111336f,1.4439210433651555f,-0.9987961480345733f,0.003971729617218918f,-0.048892535576981f,0.07024015864806415f,0f,0f,0f,1f], start_interpolation: 0, interpolation_duration: 1 }
$data merge entity $(bone_head) { transformation: [-0.049053589790133065f,-0.08086968272220152f,0.9955168706481632f,0.9223340341163759f,0f,0.9967167700908108f,0.08096715519111336f,1.4388605961657108f,-0.9987961480345733f,0.003971729617218918f,-0.048892535576981f,0.07329594212162546f,0f,0f,0f,1f], start_interpolation: 0, interpolation_duration: 1 }
$data merge entity $(item_display_r_item) { transformation: [-0.021460945533183215f,-0.43659214110259187f,0.018247743539306534f,0.7616418300172254f,0f,0.018269737598822708f,0.43711836690771777f,0.6947446836280454f,-0.4369733147651258f,0.021442225060024064f,-0.0008961962137460197f,-0.23168868475851703f,0f,0f,0f,1f], start_interpolation: 0, interpolation_duration: 1 }
$data merge entity $(bone_rightarm) { transformation: [-0.049053589790133065f,0.041709128089843284f,0.9979248939487814f,0.9124506468169751f,0f,0.9991276957890692f,-0.041759400225880254f,1.3139795684679787f,-0.9987961480345733f,-0.00204844848856232f,-0.049010800137197864f,-0.23909531508101822f,0f,0f,0f,1f], start_interpolation: 0, interpolation_duration: 1 }
$data merge entity $(item_display_l_item) { transformation: [-0.021460945533183215f,-0.43334038055328816f,-0.05622981770158165f,0.8996259141371283f,0f,-0.05629759166795991f,0.4338626870017606f,0.6780907037031892f,-0.4369733147651258f,0.02128252227342926f,0.0027615989678525183f,0.3872878567074949f,0f,0f,0f,1f], start_interpolation: 0, interpolation_duration: 1 }
$data merge entity $(bone_leftarm) { transformation: [-0.049053589790133065f,-0.12852529760361542f,0.9904922984075158f,0.9431091404358082f,0f,0.9916861417183099f,0.12868020952676573f,1.3139795684679787f,-0.9987961480345733f,0.006312226212234338f,-0.048645765196409736f,0.3851522774405901f,0f,0f,0f,1f], start_interpolation: 0, interpolation_duration: 1 }
$data merge entity $(bone_body) { transformation: [-0.049053589790133065f,-0.04356687608012553f,0.9978455154167504f,0.9550091911764701f,0f,0.9990482215818578f,0.043619387365336f,0.6895744299793175f,-0.9987961480345733f,0.002139687534716105f,-0.049006901642038414f,0.07169117647058838f,0f,0f,0f,1f], start_interpolation: 0, interpolation_duration: 1 }
$data merge entity $(bone_leftleg) { transformation: [-0.049053589790133065f,0.22468024657496782f,0.9731970674676907f,0.9611408899002367f,0f,0.9743700647852354f,-0.2249510543438645f,0.7500138888888889f,-0.9987961480345733f,-0.01103465674264186f,-0.04779634946176031f,0.19654069497491006f,0f,0f,0f,1f], start_interpolation: 0, interpolation_duration: 1 }
$data merge entity $(bone_rightleg) { transformation: [-0.049053589790133065f,-0.2520657919891645f,0.9664660272547486f,0.9488774924527035f,0f,0.9676309116295214f,0.2523696076373327f,0.7595000000000002f,-0.9987961480345733f,0.01237963520853855f,-0.04746576980732704f,-0.05315834203373328f,0f,0f,0f,1f], start_interpolation: 0, interpolation_duration: 1 }
data modify entity @s data merge value {"locators":{},"cameras":{"camera":{"posx":6.125,"posy":0.7028660021299487,"posz":1.648622089047054,"roty":99.19487171843384,"rotx":-5.745978596578709}}}