# This file was generated by Animated Java via MC-Build. It is not recommended to edit this file directly.
$data merge entity $(bone_left_eye) { transformation: [-0.04902855058865517f,-0.09773063522592326f,0.9940044890067212f,0.6312181198969019f,0f,0.9952013405676365f,0.09784830980849607f,1.669532889287424f,-0.9987973774631046f,0.004797360807460254f,-0.04879327927191781f,0.21338069047250421f,0f,0f,0f,1f], start_interpolation: 0, interpolation_duration: 1 }
$data merge entity $(bone_right_eye) { transformation: [-0.04902855058865517f,-0.09773063522592326f,0.9940044890067212f,0.6189609822497381f,0f,0.9952013405676365f,0.09784830980849607f,1.669532889287424f,-0.9987973774631046f,0.004797360807460254f,-0.04879327927191781f,-0.036318653893271935f,0f,0f,0f,1f], start_interpolation: 0, interpolation_duration: 1 }
$data merge entity $(bone_right_close) { transformation: [-0.04902855058865517f,-0.09773063522592326f,0.9940044890067212f,0.6128528175481178f,0f,0.9952013405676365f,0.09784830980849607f,1.7317329730729014f,-0.9987973774631046f,0.004797360807460254f,-0.04879327927191781f,-0.03601881884280568f,0f,0f,0f,1f], start_interpolation: 0, interpolation_duration: 1 }
$data merge entity $(bone_left_close) { transformation: [-0.04902855058865517f,-0.09773063522592326f,0.9940044890067212f,0.6251099551952817f,0f,0.9952013405676365f,0.09784830980849607f,1.7317329730729014f,-0.9987973774631046f,0.004797360807460254f,-0.04879327927191781f,0.21368052552297045f,0f,0f,0f,1f], start_interpolation: 0, interpolation_duration: 1 }
$data merge entity $(bone_left_eyebrow) { transformation: [-0.04902855058865517f,-0.09773063522592326f,0.9940044890067212f,0.6274910957953668f,0f,0.9952013405676365f,0.09784830980849607f,1.7068468240393475f,-0.9987973774631046f,0.004797360807460254f,-0.04879327927191781f,0.21356364108273845f,0f,0f,0f,1f], start_interpolation: 0, interpolation_duration: 1 }
$data merge entity $(bone_right_eyebrow) { transformation: [-0.04902855058865517f,-0.09773063522592326f,0.9940044890067212f,0.615233958148203f,0f,0.9952013405676365f,0.09784830980849607f,1.7068468240393475f,-0.9987973774631046f,0.004797360807460254f,-0.04879327927191781f,-0.03613570328303768f,0f,0f,0f,1f], start_interpolation: 0, interpolation_duration: 1 }
$data merge entity $(bone_talking) { transformation: [-0.04902855058865517f,-0.09773063522592326f,0.9940044890067212f,0.9601486126944012f,0f,0.9952013405676365f,0.09784830980849607f,1.4513101509606698f,-0.9987973774631046f,0.004797360807460254f,-0.04879327927191781f,0.07208377831527675f,0f,0f,0f,1f], start_interpolation: 0, interpolation_duration: 1 }
$data merge entity $(bone_m_opened) { transformation: [-0.04902855058865517f,-0.09773063522592326f,0.9940044890067212f,0.9601486126944012f,0f,0.9952013405676365f,0.09784830980849607f,1.4513101509606698f,-0.9987973774631046f,0.004797360807460254f,-0.04879327927191781f,0.07208377831527675f,0f,0f,0f,1f], start_interpolation: 0, interpolation_duration: 1 }
$data merge entity $(bone_head) { transformation: [-0.04902855058865517f,-0.09773063522592326f,0.9940044890067212f,0.8980233321314811f,0f,0.9952013405676365f,0.09784830980849607f,1.445194631597639f,-0.9987973774631046f,0.004797360807460254f,-0.04879327927191781f,0.07513335826977162f,0f,0f,0f,1f], start_interpolation: 0, interpolation_duration: 1 }
$data merge entity $(item_display_r_item) { transformation: [-0.021449990882536636f,-0.43668285718784977f,0.015944595617168586f,0.7406032519219949f,0f,0.015963794035650222f,0.43720865416867877f,0.7002908962405512f,-0.43697385264010824f,0.02143570661870691f,-0.0007826816834637486f,-0.2300155423089522f,0f,0f,0f,1f], start_interpolation: 0, interpolation_duration: 1 }
$data merge entity $(bone_rightarm) { transformation: [-0.04902855058865517f,0.03644478998209941f,0.9981322450007994f,0.888147776285907f,0f,0.9993340666712658f,-0.036488672081486f,1.3203136038999066f,-0.9987973774631046f,-0.0017889867050599859f,-0.048995900842758656f,-0.2372581466049595f,0f,0f,0f,1f], start_interpolation: 0, interpolation_duration: 1 }
$data merge entity $(item_display_l_item) { transformation: [-0.021449990882536636f,-0.4336314840042655f,-0.05394334038041663f,0.8719578255174787f,0f,-0.0540082919695184f,0.4341536069164176f,0.6846632248851618f,-0.43697385264010824f,0.021285922079948692f,0.002647948275034392f,0.38928912308227426f,0f,0f,0f,1f], start_interpolation: 0, interpolation_duration: 1 }
$data merge entity $(bone_leftarm) { transformation: [-0.04902855058865517f,-0.1232990637266668f,0.9911576777240354f,0.9187906204038164f,0f,0.9923511015232402f,0.12344752450175657f,1.3203136038999066f,-0.9987973774631046f,0.006052453200078621f,-0.04865353618273987f,0.3869902143094809f,0f,0f,0f,1f], start_interpolation: 0, interpolation_duration: 1 }
$data merge entity $(bone_body) { transformation: [-0.04902855058865517f,-0.04356692970704488f,0.9978467436751381f,0.9306985294117648f,0f,0.9990482215818578f,0.043619387365336f,0.6959084654112455f,-0.9987973774631046f,0.0021385953400875225f,-0.0489818862723321f,0.07352941176470598f,0f,0f,0f,1f], start_interpolation: 0, interpolation_duration: 1 }
$data merge entity $(bone_leftleg) { transformation: [-0.04902855058865517f,0.19057952417846283f,0.9804466564740205f,0.9368270982353467f,0f,0.9816271834476639f,-0.19080899537654503f,0.7510138888888889f,-0.9987973774631046f,-0.009355088482589409f,-0.04812775802286288f,0.19837908394759407f,0f,0f,0f,1f], start_interpolation: 0, interpolation_duration: 1 }
$data merge entity $(bone_rightleg) { transformation: [-0.04902855058865517f,-0.233880247805335f,0.9710284398068321f,0.9245699605881829f,0f,0.9721976265828769f,0.23416185613079915f,0.7734999999999999f,-0.9987973774631046f,0.01148061640924228f,-0.04766544051708907f,-0.05132026041818209f,0f,0f,0f,1f], start_interpolation: 0, interpolation_duration: 1 }
data modify entity @s data merge value {"locators":{},"cameras":{"camera":{"posx":6.125,"posy":0.7041739346202802,"posz":1.644982873217337,"roty":99.1302986839649,"rotx":-5.766829137241632}}}