# This file was generated by Animated Java via MC-Build. It is not recommended to edit this file directly.
$data merge entity $(bone_left_eye) { transformation: [-0.04899099172866771f,-0.11456223912375421f,0.992207325157597f,0.6031440929707402f,0f,0.9934001797993957f,0.11469996850273445f,1.6750812616506867f,-0.9987992204289318f,0.00561926520819591f,-0.048667659991809206f,0.21539199869665995f,0f,0f,0f,1f], start_interpolation: 0, interpolation_duration: 1 }
$data merge entity $(bone_right_eye) { transformation: [-0.04899099172866771f,-0.11456223912375421f,0.992207325157597f,0.5908963450385732f,0f,0.9934001797993957f,0.11469996850273445f,1.6750812616506867f,-0.9987992204289318f,0.00561926520819591f,-0.048667659991809206f,-0.03430780641057299f,0f,0f,0f,1f], start_interpolation: 0, interpolation_duration: 1 }
$data merge entity $(bone_right_close) { transformation: [-0.04899099172866771f,-0.11456223912375421f,0.992207325157597f,0.5837362050933387f,0f,0.9934001797993957f,0.11469996850273445f,1.737168772888149f,-0.9987992204289318f,0.00561926520819591f,-0.048667659991809206f,-0.033956602335060745f,0f,0f,0f,1f], start_interpolation: 0, interpolation_duration: 1 }
$data merge entity $(bone_left_close) { transformation: [-0.04899099172866771f,-0.11456223912375421f,0.992207325157597f,0.5959839530255057f,0f,0.9934001797993957f,0.11469996850273445f,1.737168772888149f,-0.9987992204289318f,0.00561926520819591f,-0.048667659991809206f,0.21574320277217218f,0f,0f,0f,1f], start_interpolation: 0, interpolation_duration: 1 }
$data merge entity $(bone_left_eyebrow) { transformation: [-0.04899099172866771f,-0.11456223912375421f,0.992207325157597f,0.598785996045777f,0f,0.9934001797993957f,0.11469996850273445f,1.7123265996451327f,-0.9987992204289318f,0.00561926520819591f,-0.048667659991809206f,0.2156057628707168f,0f,0f,0f,1f], start_interpolation: 0, interpolation_duration: 1 }
$data merge entity $(bone_right_eyebrow) { transformation: [-0.04899099172866771f,-0.11456223912375421f,0.992207325157597f,0.5865382481136101f,0f,0.9934001797993957f,0.11469996850273445f,1.7123265996451327f,-0.9987992204289318f,0.00561926520819591f,-0.048667659991809206f,-0.034094042236516145f,0f,0f,0f,1f], start_interpolation: 0, interpolation_duration: 1 }
$data merge entity $(bone_talking) { transformation: [-0.04899099172866771f,-0.11456223912375421f,0.992207325157597f,0.9357255678973444f,0f,0.9934001797993957f,0.11469996850273445f,1.4625749568579423f,-0.9987992204289318f,0.00561926520819591f,-0.048667659991809206f,0.07392863609355413f,0f,0f,0f,1f], start_interpolation: 0, interpolation_duration: 1 }
$data merge entity $(bone_m_opened) { transformation: [-0.04899099172866771f,-0.11456223912375421f,0.992207325157597f,0.9357255678973444f,0f,0.9934001797993957f,0.11469996850273445f,1.4625749568579423f,-0.9987992204289318f,0.00561926520819591f,-0.048667659991809206f,0.07392863609355413f,0f,0f,0f,1f], start_interpolation: 0, interpolation_duration: 1 }
$data merge entity $(bone_head) { transformation: [-0.04899099172866771f,-0.11456223912375421f,0.992207325157597f,0.8737126100749946f,0f,0.9934001797993957f,0.11469996850273445f,1.4554062088265214f,-0.9987992204289318f,0.00561926520819591f,-0.048667659991809206f,0.0769703648430422f,0f,0f,0f,1f], start_interpolation: 0, interpolation_duration: 1 }
$data merge entity $(item_display_r_item) { transformation: [-0.02143355888129212f,-0.4368000035094485f,0.012353521272414505f,0.7214009128870764f,0f,0.012368372961994618f,0.4373251345969873f,0.7093088096936628f,-0.43697465893765763f,0.021424992051779494f,-0.0006059388574781556f,-0.22843445793193914f,0f,0f,0f,1f], start_interpolation: 0, interpolation_duration: 1 }
$data merge entity $(bone_rightarm) { transformation: [-0.04899099172866771f,0.02823662005123293f,0.9984000080215966f,0.8638488014217965f,0f,0.9996003076502566f,-0.02827056677027319f,1.330525181128789f,-0.9987992204289318f,-0.001385003102807202f,-0.04897141040406742f,-0.23542151117170207f,0f,0f,0f,1f], start_interpolation: 0, interpolation_duration: 1 }
$data merge entity $(item_display_l_item) { transformation: [-0.02143355888129212f,-0.4340611673005222f,-0.05037614113238841f,0.8424166107840483f,0f,-0.05043670449678015f,0.434583005695695f,0.6952818288501447f,-0.43697465893765763f,0.02129065243745735f,0.002470944172823014f,0.39138112490304955f,0f,0f,0f,1f], start_interpolation: 0, interpolation_duration: 1 }
$data merge entity $(bone_leftarm) { transformation: [-0.04899099172866771f,-0.11514546544545945f,0.9921398109726222f,0.8944681712522139f,0f,0.9933325844473029f,0.11528389599264056f,1.330525181128789f,-0.9987992204289318f,0.005647872395024042f,-0.04866434842847394f,0.3888280015963803f,0f,0f,0f,1f], start_interpolation: 0, interpolation_duration: 1 }
$data merge entity $(bone_body) { transformation: [-0.04899099172866771f,-0.04356701009608519f,0.9978485848868702f,0.9063878676470585f,0f,0.9990482215818578f,0.043619387365336f,0.706120042640128f,-0.9987992204289318f,0.0021369570456247285f,-0.04894436316005698f,0.07536764705882366f,0f,0f,0f,1f], start_interpolation: 0, interpolation_duration: 1 }
$data merge entity $(bone_leftleg) { transformation: [-0.04899099172866771f,0.15624662173039933f,0.9865023446131689f,0.912511741613142f,0f,0.9876883405951378f,-0.15643446504023062f,0.752875f,-0.9987992204289318f,-0.0076638795828644956f,-0.04838783132459793f,0.20021754961244015f,0f,0f,0f,1f], start_interpolation: 0, interpolation_duration: 1 }
$data merge entity $(bone_rightleg) { transformation: [-0.04899099172866771f,-0.20561541315482343f,0.9774058443669207f,0.900263993680975f,0f,0.9785809043254722f,0.2058626087698811f,0.7890000000000001f,-0.9987992204289318f,0.010085413363487202f,-0.04794164898964137f,-0.04948225549479281f,0f,0f,0f,1f], start_interpolation: 0, interpolation_duration: 1 }
data modify entity @s data merge value {"locators":{},"cameras":{"camera":{"posx":6.125,"posy":0.7054772278962824,"posz":1.6413080796592487,"roty":99.06669510178024,"rotx":-5.789022457344078}}}