# This file was generated by Animated Java via MC-Build. It is not recommended to edit this file directly.
$data merge entity $(bone_left_eye) { transformation: [-0.04894091314093128f,-0.12691649382804998f,0.9907052995797118f,0.5761140337837992f,0f,0.9918939103343399f,0.12706876343796092f,1.684242452910488f,-0.9988016755196859f,0.0062188613143427905f,-0.048544193710691616f,0.21734793503539127f,0f,0f,0f,1f], start_interpolation: 0, interpolation_duration: 1 }
$data merge entity $(bone_right_eye) { transformation: [-0.04894091314093128f,-0.12691649382804998f,0.9907052995797118f,0.5638788054985665f,0f,0.9918939103343399f,0.12706876343796092f,1.684242452910488f,-0.9988016755196859f,0.0062188613143427905f,-0.048544193710691616f,-0.03235248384453021f,0f,0f,0f,1f], start_interpolation: 0, interpolation_duration: 1 }
$data merge entity $(bone_right_close) { transformation: [-0.04894091314093128f,-0.12691649382804998f,0.9907052995797118f,0.5559465246343135f,0f,0.9918939103343399f,0.12706876343796092f,1.7462358223063843f,-0.9988016755196859f,0.0062188613143427905f,-0.048544193710691616f,-0.031963805012383786f,0f,0f,0f,1f], start_interpolation: 0, interpolation_duration: 1 }
$data merge entity $(bone_left_close) { transformation: [-0.04894091314093128f,-0.12691649382804998f,0.9907052995797118f,0.5681817529195462f,0f,0.9918939103343399f,0.12706876343796092f,1.7462358223063843f,-0.9988016755196859f,0.0062188613143427905f,-0.048544193710691616f,0.21773661386753768f,0f,0f,0f,1f], start_interpolation: 0, interpolation_duration: 1 }
$data merge entity $(bone_left_eyebrow) { transformation: [-0.04894091314093128f,-0.12691649382804998f,0.9907052995797118f,0.5712927461840236f,0f,0.9918939103343399f,0.12706876343796092f,1.721430532750311f,-0.9988016755196859f,0.0062188613143427905f,-0.048544193710691616f,0.217584176346786f,0f,0f,0f,1f], start_interpolation: 0, interpolation_duration: 1 }
$data merge entity $(bone_right_eyebrow) { transformation: [-0.04894091314093128f,-0.12691649382804998f,0.9907052995797118f,0.5590575178987908f,0f,0.9918939103343399f,0.12706876343796092f,1.721430532750311f,-0.9988016755196859f,0.0062188613143427905f,-0.048544193710691616f,-0.03211624253313544f,0f,0f,0f,1f], start_interpolation: 0, interpolation_duration: 1 }
$data merge entity $(bone_talking) { transformation: [-0.04894091314093128f,-0.12691649382804998f,0.9907052995797118f,0.9113209492168554f,0f,0.9918939103343399f,0.12706876343796092f,1.4759779639012658f,-0.9988016755196859f,0.0062188613143427905f,-0.048544193710691616f,0.0757729497322537f,0f,0f,0f,1f], start_interpolation: 0, interpolation_duration: 1 }
$data merge entity $(bone_m_opened) { transformation: [-0.04894091314093128f,-0.12691649382804998f,0.9907052995797118f,0.9113209492168554f,0f,0.9918939103343399f,0.12706876343796092f,1.4759779639012658f,-0.9988016755196859f,0.0062188613143427905f,-0.048544193710691616f,0.0757729497322537f,0f,0f,0f,1f], start_interpolation: 0, interpolation_duration: 1 }
$data merge entity $(bone_head) { transformation: [-0.04894091314093128f,-0.12691649382804998f,0.9907052995797118f,0.8494018679931233f,0f,0.9918939103343399f,0.12706876343796092f,1.4680361661863932f,-0.9988016755196859f,0.0062188613143427905f,-0.048544193710691616f,0.07880696183917192f,0f,0f,0f,1f], start_interpolation: 0, interpolation_duration: 1 }
$data merge entity $(item_display_r_item) { transformation: [-0.021411649499157435f,-0.4369082892038747f,0.007677114735934638f,0.7037554757466309f,0f,0.007686325447882495f,0.43743247524744805f,0.7204476954059874f,-0.4369757330398626f,0.02140834477610793f,-0.00037617578611774715f,-0.22693134442556936f,0f,0f,0f,1f], start_interpolation: 0, interpolation_duration: 1 }
$data merge entity $(bone_rightarm) { transformation: [-0.04894091314093128f,0.017547690824993238f,0.998647518180285f,0.8395537222847873f,0f,0.9998456577084527f,-0.017568743880874052f,1.343155138488661f,-0.9988016755196859f,-0.0008598303682691255f,-0.048933359488246696f,-0.2335854083417684f,0f,0f,0f,1f], start_interpolation: 0, interpolation_duration: 1 }
$data merge entity $(item_display_l_item) { transformation: [-0.021411649499157435f,-0.4345766166202656f,-0.045726967454752236f,0.8113012846131539f,0f,-0.045781828941125945f,0.4350980052112461f,0.708506037060845f,-0.4369757330398626f,0.02129409368083606f,0.0022406045136406185f,0.3935488020330733f,0f,0f,0f,1f], start_interpolation: 0, interpolation_duration: 1 }
$data merge entity $(bone_leftarm) { transformation: [-0.04894091314093128f,-0.10451878275371962f,0.9933179808463213f,0.8701417929978693f,0f,0.9945097261971338f,0.10464418043685952f,1.343155138488661f,-0.9988016755196859f,0.005121381745464282f,-0.048672214127625284f,0.3906656388580353f,0f,0f,0f,1f], start_interpolation: 0, interpolation_duration: 1 }
$data merge entity $(bone_body) { transformation: [-0.04894091314093128f,-0.04356711718563981f,0.997851037640922f,0.8820772058823532f,0f,0.9990482215818578f,0.043619387365336f,0.71875f,-0.9988016755196859f,0.0021347726483075444f,-0.048894332236039575f,0.07720588235294126f,0f,0f,0f,1f], start_interpolation: 0, interpolation_duration: 1 }
$data merge entity $(bone_leftleg) { transformation: [-0.04894091314093128f,0.12172330438754578f,0.9913567592899687f,0.8881948200249695f,0f,0.992546151641322f,-0.12186934340514798f,0.7554722222222222f,-0.9988016755196859f,-0.005964396950133673f,-0.04857611499584355f,0.20205609179290202f,0f,0f,0f,1f], start_interpolation: 0, interpolation_duration: 1 }
$data merge entity $(bone_rightleg) { transformation: [-0.04894091314093128f,-0.16893657941112902f,0.9844111027196916f,0.8759595917397368f,0f,0.9855921619349439f,0.16913926313072086f,0.8029999999999998f,-0.9988016755196859f,0.008277829985601731f,-0.04823578038964077f,-0.047644327087019475f,0f,0f,0f,1f], start_interpolation: 0, interpolation_duration: 1 }
data modify entity @s data merge value {"locators":{},"cameras":{"camera":{"posx":6.125,"posy":0.7067758551674971,"posz":1.63759899431478,"roty":99.00406621965129,"rotx":-5.812583390913659}}}