# This file was generated by Animated Java via MC-Build. It is not recommended to edit this file directly.
$data merge entity $(bone_left_eye) { transformation: [-0.04887831473326075f,-0.13037017959477348f,0.9902598278337171f,0.5510433934320073f,0f,0.9914448613738104f,0.1305261922200516f,1.6958957908347052f,-0.998804740852203f,0.006379900304265773f,-0.04846015397490318f,0.21920375543146275f,0f,0f,0f,1f], start_interpolation: 0, interpolation_duration: 1 }
$data merge entity $(bone_right_eye) { transformation: [-0.04887831473326075f,-0.13037017959477348f,0.9902598278337171f,0.538823814748692f,0f,0.9914448613738104f,0.1305261922200516f,1.6958957908347052f,-0.998804740852203f,0.006379900304265773f,-0.04846015397490318f,-0.030497429781588023f,0f,0f,0f,1f], start_interpolation: 0, interpolation_duration: 1 }
$data merge entity $(bone_right_close) { transformation: [-0.04887831473326075f,-0.13037017959477348f,0.9902598278337171f,0.5306756785240186f,0f,0.9914448613738104f,0.1305261922200516f,1.7578610946705684f,-0.998804740852203f,0.006379900304265773f,-0.04846015397490318f,-0.030098686012571416f,0f,0f,0f,1f], start_interpolation: 0, interpolation_duration: 1 }
$data merge entity $(bone_left_close) { transformation: [-0.04887831473326075f,-0.13037017959477348f,0.9902598278337171f,0.5428952572073339f,0f,0.9914448613738104f,0.1305261922200516f,1.7578610946705684f,-0.998804740852203f,0.006379900304265773f,-0.04846015397490318f,0.21960249920047936f,0f,0f,0f,1f], start_interpolation: 0, interpolation_duration: 1 }
$data merge entity $(bone_left_eyebrow) { transformation: [-0.04887831473326075f,-0.13037017959477348f,0.9902598278337171f,0.5460926204579636f,0f,0.9914448613738104f,0.1305261922200516f,1.7330668152492092f,-0.998804740852203f,0.006379900304265773f,-0.04846015397490318f,0.21944603045249617f,0f,0f,0f,1f], start_interpolation: 0, interpolation_duration: 1 }
$data merge entity $(bone_right_eyebrow) { transformation: [-0.04887831473326075f,-0.13037017959477348f,0.9902598278337171f,0.5338730417746483f,0f,0.9914448613738104f,0.1305261922200516f,1.7330668152492092f,-0.998804740852203f,0.006379900304265773f,-0.04846015397490318f,-0.03025515476055461f,0f,0f,0f,1f], start_interpolation: 0, interpolation_duration: 1 }
$data merge entity $(bone_talking) { transformation: [-0.04887831473326075f,-0.13037017959477348f,0.9902598278337171f,0.8869823451870795f,0f,0.9914448613738104f,0.1305261922200516f,1.4888240105600188f,-0.998804740852203f,0.006379900304265773f,-0.04846015397490318f,0.07761438963171367f,0f,0f,0f,1f], start_interpolation: 0, interpolation_duration: 1 }
$data merge entity $(bone_m_opened) { transformation: [-0.04887831473326075f,-0.13037017959477348f,0.9902598278337171f,0.8869823451870795f,0f,0.9914448613738104f,0.1305261922200516f,1.4888240105600188f,-0.998804740852203f,0.006379900304265773f,-0.04846015397490318f,0.07761438963171367f,0f,0f,0f,1f], start_interpolation: 0, interpolation_duration: 1 }
$data merge entity $(bone_head) { transformation: [-0.04887831473326075f,-0.13037017959477348f,0.9902598278337171f,0.8250911059474723f,0f,0.9914448613738104f,0.1305261922200516f,1.4806661235462655f,-0.998804740852203f,0.006379900304265773f,-0.04846015397490318f,0.08064314925514512f,0f,0f,0f,1f], start_interpolation: 0, interpolation_duration: 1 }
$data merge entity $(item_display_r_item) { transformation: [-0.021384262695801577f,-0.43697193868425466f,0.0021185163395503344f,0.6873869617030224f,0f,0.0021210515458134163f,0.4374948584158904f,0.7313984556960651f,-0.4369770741228388f,0.02138401138383524f,-0.00010367342502173749f,-0.2254920150980559f,0f,0f,0f,1f], start_interpolation: 0, interpolation_duration: 1 }
$data merge entity $(bone_rightarm) { transformation: [-0.04887831473326075f,0.004842323061829114f,0.9987930027068678f,0.8152625389550241f,0f,0.9999882478077495f,-0.004848117819001872f,1.3557850958485334f,-0.998804740852203f,-0.0002369678286211034f,-0.04887774030590912f,-0.2317498375291827f,0f,0f,0f,1f], start_interpolation: 0, interpolation_duration: 1 }
$data merge entity $(item_display_l_item) { transformation: [-0.021384262695801577f,-0.43512448766702927f,-0.04019506862119094f,0.7789117300744337f,0f,-0.040243169637836904f,0.43564519657342743f,0.7219367665613978f,-0.4369770741228388f,0.02129360303014924f,0.001967018311422196f,0.39577698592431226f,0f,0f,0f,1f], start_interpolation: 0, interpolation_duration: 1 }
$data merge entity $(bone_leftarm) { transformation: [-0.04887831473326075f,-0.09187444256272237f,0.9945702575246383f,0.845811485663312f,0f,0.9957604493106913f,0.09198438774362744f,1.3557850958485334f,-0.998804740852203f,0.004496041854679315f,-0.04867109264034111f,0.3925031255034442f,0f,0f,0f,1f], start_interpolation: 0, interpolation_duration: 1 }
$data merge entity $(bone_body) { transformation: [-0.04887831473326075f,-0.043567250893566285f,0.9978541000559218f,0.857766544117647f,0f,0.9990482215818578f,0.043619387365336f,0.7313799573598723f,-0.998804740852203f,0.0021320421441149103f,-0.04883179340818247f,0.07904411764705895f,0f,0f,0f,1f], start_interpolation: 0, interpolation_duration: 1 }
$data merge entity $(bone_leftleg) { transformation: [-0.04887831473326075f,0.087051569048856f,0.9950039872658646f,0.8638763334593046f,0f,0.9961946980917455f,-0.08715574274765818f,0.7586805555555556f,-0.998804740852203f,-0.004260025824831145f,-0.04869231798893401f,0.20389471025358433f,0f,0f,0f,1f], start_interpolation: 0, interpolation_duration: 1 }
$data merge entity $(bone_rightleg) { transformation: [-0.04887831473326075f,-0.12556775114259683f,0.9908802401006024f,0.8516567547759893f,0f,0.9920660160815423f,0.12571801675216274f,0.8125f,-0.998804740852203f,0.006144884790453557f,-0.04849051497020575f,-0.04580647495946644f,0f,0f,0f,1f], start_interpolation: 0, interpolation_duration: 1 }
data modify entity @s data merge value {"locators":{},"cameras":{"camera":{"posx":6.125,"posy":0.7080697896434661,"posz":1.6338569031259182,"roty":98.94241728098379,"rotx":-5.837536766631304}}}