# This file was generated by Animated Java via MC-Build. It is not recommended to edit this file directly.
$data merge entity $(bone_left_eye) { transformation: [-0.04880319639064899f,-0.12547320317022195f,0.9908959195133766f,0.5277884428929828f,0f,0.9920780657755196f,0.12562289364245605f,1.7074914938084138f,-0.9988084140725166f,0.006130798749594393f,-0.04841658067889787f,0.22096682370338694f,0f,0f,0f,1f], start_interpolation: 0, interpolation_duration: 1 }
$data merge entity $(bone_right_eye) { transformation: [-0.04880319639064899f,-0.12547320317022195f,0.9908959195133766f,0.5155876437953205f,0f,0.9920780657755196f,0.12562289364245605f,1.7074914938084138f,-0.9988084140725166f,0.006130798749594393f,-0.04841658067889787f,-0.028735279814742207f,0f,0f,0f,1f], start_interpolation: 0, interpolation_duration: 1 }
$data merge entity $(bone_right_close) { transformation: [-0.04880319639064899f,-0.12547320317022195f,0.9908959195133766f,0.5077455685971817f,0f,0.9920780657755196f,0.12562289364245605f,1.7694963729193838f,-0.9988084140725166f,0.006130798749594393f,-0.04841658067889787f,-0.028352104892892555f,0f,0f,0f,1f], start_interpolation: 0, interpolation_duration: 1 }
$data merge entity $(bone_left_close) { transformation: [-0.04880319639064899f,-0.12547320317022195f,0.9908959195133766f,0.5199463676948439f,0f,0.9920780657755196f,0.12562289364245605f,1.7694963729193838f,-0.9988084140725166f,0.006130798749594393f,-0.04841658067889787f,0.2213499986252366f,0f,0f,0f,1f], start_interpolation: 0, interpolation_duration: 1 }
$data merge entity $(bone_left_eyebrow) { transformation: [-0.04880319639064899f,-0.12547320317022195f,0.9908959195133766f,0.5230212667791299f,0f,0.9920780657755196f,0.12562289364245605f,1.7446865698441432f,-0.9988084140725166f,0.006130798749594393f,-0.04841658067889787f,0.22119975469278919f,0f,0f,0f,1f], start_interpolation: 0, interpolation_duration: 1 }
$data merge entity $(bone_right_eyebrow) { transformation: [-0.04880319639064899f,-0.12547320317022195f,0.9908959195133766f,0.5108204676814676f,0f,0.9920780657755196f,0.12562289364245605f,1.7446865698441432f,-0.9988084140725166f,0.006130798749594393f,-0.04841658067889787f,-0.028502348825339988f,0f,0f,0f,1f], start_interpolation: 0, interpolation_duration: 1 }
$data merge entity $(bone_talking) { transformation: [-0.04880319639064899f,-0.12547320317022195f,0.9908959195133766f,0.8627113189846374f,0f,0.9920780657755196f,0.12562289364245605f,1.4987291316278015f,-0.9988084140725166f,0.006130798749594393f,-0.04841658067889787f,0.0794528907947682f,0f,0f,0f,1f], start_interpolation: 0, interpolation_duration: 1 }
$data merge entity $(bone_m_opened) { transformation: [-0.04880319639064899f,-0.12547320317022195f,0.9908959195133766f,0.8627113189846374f,0f,0.9920780657755196f,0.12562289364245605f,1.4987291316278015f,-0.9988084140725166f,0.006130798749594393f,-0.04841658067889787f,0.0794528907947682f,0f,0f,0f,1f], start_interpolation: 0, interpolation_duration: 1 }
$data merge entity $(bone_head) { transformation: [-0.04880319639064899f,-0.12547320317022195f,0.9908959195133766f,0.8007803240150513f,0f,0.9920780657755196f,0.12562289364245605f,1.490877700775148f,-0.9988084140725166f,0.006130798749594393f,-0.04841658067889787f,0.08247892708719931f,0f,0f,0f,1f], start_interpolation: 0, interpolation_duration: 1 }
$data merge entity $(item_display_r_item) { transformation: [-0.021351398420908933f,-0.4369592736701686f,-0.004118366072894265f,0.6720131248738512f,0f,-0.004123279314500509f,0.4374805693601656f,0.7398463513301787f,-0.436978681156726f,0.021350450143577098f,0.00020122921015906876f,-0.22410213968924259f,0f,0f,0f,1f], start_interpolation: 0, interpolation_duration: 1 }
$data merge entity $(bone_rightarm) { transformation: [-0.04880319639064899f,-0.009413408166615685f,0.9987640541032425f,0.7909752515326217f,0f,0.9999555871089499f,0.009424638433144242f,1.3659966730774156f,-0.9988084140725166f,0.0004599524803635966f,-0.0488010288996048f,-0.22991479800146594f,0f,0f,0f,1f], start_interpolation: 0, interpolation_duration: 1 }
$data merge entity $(item_display_l_item) { transformation: [-0.021351398420908933f,-0.4356554509662319f,-0.03398081560058239f,0.7455482855729718f,0f,-0.03402135496839665f,0.4361751911859664f,0.733168869963636f,-0.436978681156726f,0.02128674351617759f,0.0016603508679986433f,0.39805045770133823f,0f,0f,0f,1f], start_interpolation: 0, interpolation_duration: 1 }
$data merge entity $(bone_leftarm) { transformation: [-0.04880319639064899f,-0.07767043565847426f,0.9957838879228158f,0.8214772492767773f,0f,0.9969718655679233f,0.07776309707062114f,1.3659966730774156f,-0.9988084140725166f,0.0037950876982826244f,-0.04865541375126307f,0.394340460793857f,0f,0f,0f,1f], start_interpolation: 0, interpolation_duration: 1 }
$data merge entity $(bone_body) { transformation: [-0.04880319639064899f,-0.04356741111718602f,0.9978577697801436f,0.8334558823529408f,0f,0.9990482215818578f,0.043619387365336f,0.7415915345887545f,-0.9988084140725166f,0.002128765528030286f,-0.048756746561588016f,0.0808823529411766f,0f,0f,0f,1f], start_interpolation: 0, interpolation_duration: 1 }
$data merge entity $(bone_leftleg) { transformation: [-0.04880319639064899f,0.05227359345398286f,0.9974395818541911f,0.8395562819017719f,0f,0.9986295347545739f,-0.052335956242943335f,0.762375f,-0.9988084140725166f,-0.0025541619508167757f,-0.0487363133061299f,0.20573340470024118f,0f,0f,0f,1f], start_interpolation: 0, interpolation_duration: 1 }
$data merge entity $(bone_rightleg) { transformation: [-0.04880319639064899f,-0.07732283678392785f,0.995810939352316f,0.8273554828041096f,0f,0.9969989492699818f,0.07741508350801093f,0.8175000000000001f,-0.9988084140725166f,0.0037781035240399496f,-0.04865673552249361f,-0.04396869881788798f,0f,0f,0f,1f], start_interpolation: 0, interpolation_duration: 1 }
data modify entity @s data merge value {"locators":{},"cameras":{"camera":{"posx":6.125,"posy":0.7093590045337314,"posz":1.6300830920346545,"roty":98.88175352478012,"rotx":-5.863907407752347}}}