# This file was generated by Animated Java via MC-Build. It is not recommended to edit this file directly.
$data merge entity $(bone_left_eye) { transformation: [-0.048715557975409704f,-0.11511590318679704f,0.9921568037586762f,0.50574079029883f,0f,0.993336199421459f,0.11525274365034222f,1.716732600149855f,-0.9988126923558512f,0.005614601715123279f,-0.048390927211989225f,0.22266726410708965f,0f,0f,0f,1f], start_interpolation: 0, interpolation_duration: 1 }
$data merge entity $(bone_right_eye) { transformation: [-0.048715557975409704f,-0.11511590318679704f,0.9921568037586762f,0.49356190080497764f,0f,0.993336199421459f,0.11525274365034222f,1.716732600149855f,-0.9988126923558512f,0.005614601715123279f,-0.048390927211989225f,-0.02703590898187315f,0f,0f,0f,1f], start_interpolation: 0, interpolation_duration: 1 }
$data merge entity $(bone_right_close) { transformation: [-0.048715557975409704f,-0.11511590318679704f,0.9921568037586762f,0.48636715685580284f,0f,0.993336199421459f,0.11525274365034222f,1.778816112613696f,-0.9988126923558512f,0.005614601715123279f,-0.048390927211989225f,-0.026684996374677944f,0f,0f,0f,1f], start_interpolation: 0, interpolation_duration: 1 }
$data merge entity $(bone_left_close) { transformation: [-0.048715557975409704f,-0.11511590318679704f,0.9921568037586762f,0.4985460463496552f,0f,0.993336199421459f,0.11525274365034222f,1.778816112613696f,-0.9988126923558512f,0.005614601715123279f,-0.048390927211989225f,0.22301817671428487f,0f,0f,0f,1f], start_interpolation: 0, interpolation_duration: 1 }
$data merge entity $(bone_left_eyebrow) { transformation: [-0.048715557975409704f,-0.11511590318679704f,0.9921568037586762f,0.5013619341290902f,0f,0.993336199421459f,0.11525274365034222f,1.7539755043316818f,-0.9988126923558512f,0.005614601715123279f,-0.048390927211989225f,0.22288083610435752f,0f,0f,0f,1f], start_interpolation: 0, interpolation_duration: 1 }
$data merge entity $(bone_right_eyebrow) { transformation: [-0.048715557975409704f,-0.11511590318679704f,0.9921568037586762f,0.48918304463523776f,0f,0.993336199421459f,0.11525274365034222f,1.7539755043316818f,-0.9988126923558512f,0.005614601715123279f,-0.048390927211989225f,-0.02682233698460529f,0f,0f,0f,1f], start_interpolation: 0, interpolation_duration: 1 }
$data merge entity $(bone_talking) { transformation: [-0.048715557975409704f,-0.11511590318679704f,0.9921568037586762f,0.8384793225231895f,0f,0.993336199421459f,0.11525274365034222f,1.5044150326852221f,-0.9988126923558512f,0.005614601715123279f,-0.048390927211989225f,0.0812898623800808f,0f,0f,0f,1f], start_interpolation: 0, interpolation_duration: 1 }
$data merge entity $(bone_m_opened) { transformation: [-0.048715557975409704f,-0.11511590318679704f,0.9921568037586762f,0.8384793225231895f,0f,0.993336199421459f,0.11525274365034222f,1.5044150326852221f,-0.9988126923558512f,0.005614601715123279f,-0.048390927211989225f,0.0812898623800808f,0f,0f,0f,1f], start_interpolation: 0, interpolation_duration: 1 }
$data merge entity $(bone_head) { transformation: [-0.048715557975409704f,-0.11511590318679704f,0.9921568037586762f,0.7764695222882722f,0f,0.993336199421459f,0.11525274365034222f,1.4972117362070758f,-0.9988126923558512f,0.005614601715123279f,-0.048390927211989225f,0.08431429533083012f,0f,0f,0f,1f], start_interpolation: 0, interpolation_duration: 1 }
$data merge entity $(item_display_r_item) { transformation: [-0.021313056614241745f,-0.4368463563688548f,-0.010828875519352068f,0.6573484376313046f,0f,-0.01084174800963985f,0.4373656439411942f,0.7444250034477403f,-0.43698055290568494f,0.02130651138386964f,0.0005281618037183927f,-0.22274723106097863f,0f,0f,0f,1f], start_interpolation: 0, interpolation_duration: 1 }
$data merge entity $(bone_rightarm) { transformation: [-0.048715557975409704f,-0.02475171547280495f,0.9985059574145253f,0.7666918601376171f,0f,0.9996929004370153f,0.02478113830774845f,1.3723307085093435f,-0.9988126923558512f,0.0012072269799277657f,-0.0487005974488449f,-0.2280802888796294f,0f,0f,0f,1f], start_interpolation: 0, interpolation_duration: 1 }
$data merge entity $(item_display_l_item) { transformation: [-0.021313056614241745f,-0.43612782278436146f,-0.02728600027726149f,0.7115111349013757f,0f,-0.027318435664752436f,0.4366462562221629f,0.7407450751448957f,-0.43698055290568494f,0.021271466009736378f,0.0013308328364237474f,0.40035401579352553f,0f,0f,0f,1f], start_interpolation: 0, interpolation_duration: 1 }
$data merge entity $(bone_leftarm) { transformation: [-0.048715557975409704f,-0.06236800063374077f,0.9968635949356833f,0.7971390838722482f,0f,0.9980485856506581f,0.06244213866229151f,1.3723307085093435f,-0.9988126923558512f,0.0030419036261114334f,-0.048620493736540295f,0.39617764384277765f,0f,0f,0f,1f], start_interpolation: 0, interpolation_duration: 1 }
$data merge entity $(bone_body) { transformation: [-0.048715557975409704f,-0.04356759773328405f,0.9978620439915005f,0.8091452205882352f,0f,0.9990482215818578f,0.043619387365336f,0.7479255700206824f,-0.9988126923558512f,0.0021249427940478794f,-0.048669191558700954f,0.08272058823529421f,0f,0f,0f,1f], start_interpolation: 0, interpolation_duration: 1 }
$data merge entity $(bone_leftleg) { transformation: [-0.048715557975409704f,0.01743168506171198f,0.9986605683449475f,0.8152346653351614f,0f,0.9998476951563913f,-0.017452406437283758f,0.7664305555555555f,-0.9988126923558512f,-0.0008502037176059105f,-0.04870813835997095f,0.20757217477977563f,0f,0f,0f,1f], start_interpolation: 0, interpolation_duration: 1 }
$data merge entity $(bone_rightleg) { transformation: [-0.048715557975409704f,-0.026107142427644905f,0.9984714375110623f,0.803055775841309f,0f,0.9996583394990866f,0.02613817648438893f,0.82f,-0.9988126923558512f,0.0012733358518967396f,-0.04869891379346955f,-0.04213099830918719f,0f,0f,0f,1f], start_interpolation: 0, interpolation_duration: 1 }
data modify entity @s data merge value {"locators":{},"cameras":{"camera":{"posx":6.125,"posy":0.7106434730478346,"posz":1.6262788469829772,"roty":98.82208018558359,"rotx":-5.891720132036815}}}