# This file was generated by Animated Java via MC-Build. It is not recommended to edit this file directly.
$data merge entity $(bone_left_eye) { transformation: [-0.04861539932735802f,-0.10116629808475579f,0.9936809966382913f,0.4845238021101055f,0f,0.9948573434126252f,0.10128606151872092f,1.7226789866598693f,-0.998817572406614f,0.004924062327027969f,-0.048365387023759324f,0.22432381286932085f,0f,0f,0f,1f], start_interpolation: 0, interpolation_duration: 1 }
$data merge entity $(bone_right_eye) { transformation: [-0.04861539932735802f,-0.10116629808475579f,0.9936809966382913f,0.47236995227826595f,0f,0.9948573434126252f,0.10128606151872092f,1.7226789866598693f,-0.998817572406614f,0.004924062327027969f,-0.048365387023759324f,-0.025380580232332653f,0f,0f,0f,1f], start_interpolation: 0, interpolation_duration: 1 }
$data merge entity $(bone_right_close) { transformation: [-0.04861539932735802f,-0.10116629808475579f,0.9936809966382913f,0.46604705864796875f,0f,0.9948573434126252f,0.10128606151872092f,1.7848575706231584f,-0.998817572406614f,0.004924062327027969f,-0.048365387023759324f,-0.025072826336893395f,0f,0f,0f,1f], start_interpolation: 0, interpolation_duration: 1 }
$data merge entity $(bone_left_close) { transformation: [-0.04861539932735802f,-0.10116629808475579f,0.9936809966382913f,0.4782009084798083f,0f,0.9948573434126252f,0.10128606151872092f,1.7848575706231584f,-0.998817572406614f,0.004924062327027969f,-0.048365387023759324f,0.2246315667647601f,0f,0f,0f,1f], start_interpolation: 0, interpolation_duration: 1 }
$data merge entity $(bone_left_eyebrow) { transformation: [-0.04861539932735802f,-0.10116629808475579f,0.9936809966382913f,0.4806679608696372f,0f,0.9948573434126252f,0.10128606151872092f,1.759979806658998f,-0.998817572406614f,0.004924062327027969f,-0.048365387023759324f,0.22451148804327337f,0f,0f,0f,1f], start_interpolation: 0, interpolation_duration: 1 }
$data merge entity $(bone_right_eyebrow) { transformation: [-0.04861539932735802f,-0.10116629808475579f,0.9936809966382913f,0.4685141110377977f,0f,0.9948573434126252f,0.10128606151872092f,1.759979806658998f,-0.998817572406614f,0.004924062327027969f,-0.048365387023759324f,-0.02519290505838012f,0f,0f,0f,1f], start_interpolation: 0, interpolation_duration: 1 }
$data merge entity $(bone_talking) { transformation: [-0.04861539932735802f,-0.10116629808475579f,0.9936809966382913f,0.8142637631648407f,0f,0.9948573434126252f,0.10128606151872092f,1.5056165450313133f,-0.998817572406614f,0.004924062327027969f,-0.048365387023759324f,0.08312641729181232f,0f,0f,0f,1f], start_interpolation: 0, interpolation_duration: 1 }
$data merge entity $(bone_m_opened) { transformation: [-0.04861539932735802f,-0.10116629808475579f,0.9936809966382913f,0.8142637631648407f,0f,0.9948573434126252f,0.10128606151872092f,1.5056165450313133f,-0.998817572406614f,0.004924062327027969f,-0.048365387023759324f,0.08312641729181232f,0f,0f,0f,1f], start_interpolation: 0, interpolation_duration: 1 }
$data merge entity $(bone_head) { transformation: [-0.04861539932735802f,-0.10116629808475579f,0.9936809966382913f,0.7521587008749475f,0f,0.9948573434126252f,0.10128606151872092f,1.4992861661863932f,-0.998817572406614f,0.004924062327027969f,-0.048365387023759324f,0.08614925398079727f,0f,0f,0f,1f], start_interpolation: 0, interpolation_duration: 1 }
$data merge entity $(item_display_r_item) { transformation: [-0.021269237205719133f,-0.4366196857435192f,-0.017807851355998945f,0.6431036709203335f,0f,-0.01782893277807637f,0.4371365680836995f,0.7448303461467828f,-0.43698268792789363f,0.021251568817979877f,0.0008667606865868052f,-0.2214126618852969f,0f,0f,0f,1f], start_interpolation: 0, interpolation_duration: 1 }
$data merge entity $(bone_rightarm) { transformation: [-0.04861539932735802f,-0.04070366024228352f,0.997987853128044f,0.7424123649099118f,0f,0.9991692984770274f,0.04075184634988906f,1.374405138488661f,-0.998817572406614f,0.001981167283626994f,-0.04857501444109686f,-0.22624630913816715f,0f,0f,0f,1f], start_interpolation: 0, interpolation_duration: 1 }
$data merge entity $(item_display_l_item) { transformation: [-0.021269237205719133f,-0.43651027253184993f,-0.020313825903973272f,0.6770995200575153f,0f,-0.020337873967343066f,0.4370270253456741f,0.7442699954327429f,-0.43698268792789363f,0.02124624335402736f,0.0009887338643918622f,0.4026725519108431f,0f,0f,0f,1f], start_interpolation: 0, interpolation_duration: 1 }
$data merge entity $(bone_leftarm) { transformation: [-0.04861539932735802f,-0.04643160206622484f,0.9977377657870856f,0.7727969894895105f,0f,0.9989189150758265f,0.04648656906821295f,1.374405138488661f,-0.998817572406614f,0.0022599631186099815f,-0.04856284195206254f,0.39801467361596654f,0f,0f,0f,1f], start_interpolation: 0, interpolation_duration: 1 }
$data merge entity $(bone_body) { transformation: [-0.04861539932735802f,-0.04356781059810863f,0.9978669193975361f,0.784834558823529f,0f,0.9990482215818578f,0.043619387365336f,0.75f,-0.998817572406614f,0.0021205739351805248f,-0.048569128239488876f,0.08455882352941188f,0f,0f,0f,1f], start_interpolation: 0, interpolation_duration: 1 }
$data merge entity $(bone_leftleg) { transformation: [-0.04861539932735802f,-0.017431770230341325f,0.9986654476524549f,0.7909114837394488f,0f,0.9998476951563913f,0.017452406437283758f,0.7707222222222222f,-0.998817572406614f,0.0008484557081719036f,-0.04860799496656649f,0.20941102008023862f,0f,0f,0f,1f], start_interpolation: 0, interpolation_duration: 1 }
$data merge entity $(bone_rightleg) { transformation: [-0.04861539932735802f,0.02610726998327284f,0.9984763158945044f,0.7787576339076093f,0f,0.9996583394990866f,-0.026138176484388775f,0.82f,-0.998817572406614f,-0.0012707178874775192f,-0.048598789365671725f,-0.04029337302141486f,0f,0f,0f,1f], start_interpolation: 0, interpolation_duration: 1 }
data modify entity @s data merge value {"locators":{},"cameras":{"camera":{"posx":6.125,"posy":0.711923168395318,"posz":1.6224454539128756,"roty":98.76340249340576,"rotx":-5.920999751688338}}}