# This file was generated by Animated Java via MC-Build. It is not recommended to edit this file directly.
$data merge entity $(bone_left_eye) { transformation: [-0.04850272026401435f,-0.08550093630375476f,0.9951568097632515f,0.46374626341454583f,0f,0.9963294392400639f,0.08560168516787467f,1.7247409802709641f,-0.9988230504583837f,0.0041519145898256515f,-0.048324688082263104f,0.22595583500645108f,0f,0f,0f,1f], start_interpolation: 0, interpolation_duration: 1 }
$data merge entity $(bone_right_eye) { transformation: [-0.04850272026401435f,-0.08550093630375476f,0.9951568097632515f,0.45162058334854227f,0f,0.9963294392400639f,0.08560168516787467f,1.7247409802709641f,-0.9988230504583837f,0.0041519145898256515f,-0.048324688082263104f,-0.023749927608144844f,0f,0f,0f,1f], start_interpolation: 0, interpolation_duration: 1 }
$data merge entity $(bone_right_close) { transformation: [-0.04850272026401435f,-0.08550093630375476f,0.9951568097632515f,0.4462767748295576f,0f,0.9963294392400639f,0.08560168516787467f,1.7870115702234681f,-0.9988230504583837f,0.0041519145898256515f,-0.048324688082263104f,-0.02349043294628074f,0f,0f,0f,1f], start_interpolation: 0, interpolation_duration: 1 }
$data merge entity $(bone_left_close) { transformation: [-0.04850272026401435f,-0.08550093630375476f,0.9951568097632515f,0.45840245489556114f,0f,0.9963294392400639f,0.08560168516787467f,1.7870115702234681f,-0.9988230504583837f,0.0041519145898256515f,-0.048324688082263104f,0.2262153296683152f,0f,0f,0f,1f], start_interpolation: 0, interpolation_duration: 1 }
$data merge entity $(bone_left_eyebrow) { transformation: [-0.04850272026401435f,-0.08550093630375476f,0.9951568097632515f,0.4604777810025448f,0f,0.9963294392400639f,0.08560168516787467f,1.7620979841371436f,-0.9988230504583837f,0.0041519145898256515f,-0.048324688082263104f,0.22611455209657466f,0f,0f,0f,1f], start_interpolation: 0, interpolation_duration: 1 }
$data merge entity $(bone_right_eyebrow) { transformation: [-0.04850272026401435f,-0.08550093630375476f,0.9951568097632515f,0.4483521009365412f,0f,0.9963294392400639f,0.08560168516787467f,1.7620979841371436f,-0.9988230504583837f,0.0041519145898256515f,-0.048324688082263104f,-0.023591210518021252f,0f,0f,0f,1f], start_interpolation: 0, interpolation_duration: 1 }
$data merge entity $(bone_talking) { transformation: [-0.04850272026401435f,-0.08550093630375476f,0.9951568097632515f,0.7900451605084988f,0f,0.9963294392400639f,0.08560168516787467f,1.502409147075909f,-0.9988230504583837f,0.0041519145898256515f,-0.048324688082263104f,0.08496351002598948f,0f,0f,0f,1f], start_interpolation: 0, interpolation_duration: 1 }
$data merge entity $(bone_m_opened) { transformation: [-0.04850272026401435f,-0.08550093630375476f,0.9951568097632515f,0.7900451605084988f,0f,0.9963294392400639f,0.08560168516787467f,1.502409147075909f,-0.9988230504583837f,0.0041519145898256515f,-0.048324688082263104f,0.08496351002598948f,0f,0f,0f,1f], start_interpolation: 0, interpolation_duration: 1 }
$data merge entity $(bone_head) { transformation: [-0.04850272026401435f,-0.08550093630375476f,0.9951568097632515f,0.7278478598982956f,0f,0.9963294392400639f,0.08560168516787467f,1.4970590417529168f,-0.9988230504583837f,0.0041519145898256515f,-0.048324688082263104f,0.08798380303113093f,0f,0f,0f,1f], start_interpolation: 0, interpolation_duration: 1 }
$data merge entity $(item_display_r_item) { transformation: [-0.021219940115506278f,-0.4362779380913998f,-0.02485004781104199f,0.6289859948560155f,0f,-0.02487932952652395f,0.43679202025942576f,0.741081033819855f,-0.43698508457554286f,0.021185601172196616f,0.0012067151603812238f,-0.2200837074992503f,0f,0f,0f,1f], start_interpolation: 0, interpolation_duration: 1 }
$data merge entity $(bone_rightarm) { transformation: [-0.04850272026401435f,-0.05680010928238191f,0.9972067156374853f,0.7181367660092125f,0f,0.9983817605929732f,0.05686703891776925f,1.3721780140551845f,-0.9988230504583837f,0.0027582060808713795f,-0.048424231250735125f,-0.2244128576050476f,0f,0f,0f,1f], start_interpolation: 0, interpolation_duration: 1 }
$data merge entity $(item_display_l_item) { transformation: [-0.021219940115506278f,-0.4367835931953375f,-0.01326864186208617f,0.6426108564928197f,0f,-0.013284276785559636f,0.43729827119517023f,0.7436706904090671f,-0.43698508457554286f,0.021210155719716427f,0.000644323560839739f,0.40499113119301877f,0f,0f,0f,1f], start_interpolation: 0, interpolation_duration: 1 }
$data merge entity $(bone_leftarm) { transformation: [-0.04850272026401435f,-0.030328324256197182f,0.9983624987322f,0.7484509661742215f,0f,0.9995389055889605f,0.030364061224136533f,1.3721780140551845f,-0.9988230504583837f,0.0014727395676336998f,-0.0484803559307804f,0.39985154893144226f,0f,0f,0f,1f], start_interpolation: 0, interpolation_duration: 1 }
$data merge entity $(bone_body) { transformation: [-0.04850272026401435f,-0.043568049547370785f,0.9978723922354145f,0.7605238970588237f,0f,0.9990482215818578f,0.043619387365336f,0.7477728755665234f,-0.9988230504583837f,0.002115658943468574f,-0.048456556421645876f,0.0863970588235295f,0f,0f,0f,1f], start_interpolation: 0, interpolation_duration: 1 }
$data merge entity $(bone_leftleg) { transformation: [-0.04850272026401435f,-0.05227435946323315f,0.9974541981814f,0.7665867370918256f,0f,0.9986295347545739f,0.052335956242943335f,0.775125f,-0.9988230504583837f,0.002538436245401176f,-0.0484362489715839f,0.21124994013082746f,0f,0f,0f,1f], start_interpolation: 0, interpolation_duration: 1 }
$data merge entity $(bone_rightleg) { transformation: [-0.04850272026401435f,0.07732396986096217f,0.9958255318136465f,0.7544610570258219f,0f,0.9969989492699818f,-0.07741508350801111f,0.8175000000000001f,-0.9988230504583837f,-0.003754842139604374f,-0.04835716113995816f,-0.03845582248376847f,0f,0f,0f,1f], start_interpolation: 0, interpolation_duration: 1 }
data modify entity @s data merge value {"locators":{},"cameras":{"camera":{"posx":6.125,"posy":0.7131980637857231,"posz":1.6185841987663392,"roty":98.70572567363685,"rotx":-5.951771073300809}}}