# This file was generated by Animated Java via MC-Build. It is not recommended to edit this file directly.
$data merge entity $(bone_left_eye) { transformation: [-0.04837752058084342f,-0.07000850562718453f,0.996372633427022f,0.44298890480598846f,0f,0.9975406315333637f,0.07009057311805801f,1.7213764013922703f,-0.9988291222739003f,0.0033908081435419617f,-0.04825854243223285f,0.22758392040332112f,0f,0f,0f,1f], start_interpolation: 0, interpolation_duration: 1 }
$data merge entity $(bone_right_eye) { transformation: [-0.04837752058084342f,-0.07000850562718453f,0.996372633427022f,0.43089452466077766f,0f,0.9975406315333637f,0.07009057311805801f,1.7213764013922703f,-0.9988291222739003f,0.0033908081435419617f,-0.04825854243223285f,-0.022123360165153955f,0f,0f,0f,1f], start_interpolation: 0, interpolation_duration: 1 }
$data merge entity $(bone_right_close) { transformation: [-0.04837752058084342f,-0.07000850562718453f,0.996372633427022f,0.42651899305907864f,0f,0.9975406315333637f,0.07009057311805801f,1.7837226908631054f,-0.9988291222739003f,0.0033908081435419617f,-0.04825854243223285f,-0.021911434656182574f,0f,0f,0f,1f], start_interpolation: 0, interpolation_duration: 1 }
$data merge entity $(bone_left_close) { transformation: [-0.04837752058084342f,-0.07000850562718453f,0.996372633427022f,0.43861337320428945f,0f,0.9975406315333637f,0.07009057311805801f,1.7837226908631054f,-0.9988291222739003f,0.0033908081435419617f,-0.04825854243223285f,0.22779584591229252f,0f,0f,0f,1f], start_interpolation: 0, interpolation_duration: 1 }
$data merge entity $(bone_left_eyebrow) { transformation: [-0.04837752058084342f,-0.07000850562718453f,0.996372633427022f,0.4403013125553799f,0f,0.9975406315333637f,0.07009057311805801f,1.7587797944139516f,-0.9988291222739003f,0.0033908081435419617f,-0.04825854243223285f,0.22771409186760594f,0f,0f,0f,1f], start_interpolation: 0, interpolation_duration: 1 }
$data merge entity $(bone_right_eyebrow) { transformation: [-0.04837752058084342f,-0.07000850562718453f,0.996372633427022f,0.42820693241016905f,0f,0.9975406315333637f,0.07009057311805801f,1.7587797944139516f,-0.9988291222739003f,0.0033908081435419617f,-0.04825854243223285f,-0.021993188700869123f,0f,0f,0f,1f], start_interpolation: 0, interpolation_duration: 1 }
$data merge entity $(bone_talking) { transformation: [-0.04837752058084342f,-0.07000850562718453f,0.996372633427022f,0.7658102890861236f,0f,0.9975406315333637f,0.07009057311805801f,1.4938945476083225f,-0.9988291222739003f,0.0033908081435419617f,-0.04825854243223285f,0.08680178357312533f,0f,0f,0f,1f], start_interpolation: 0, interpolation_duration: 1 }
$data merge entity $(bone_m_opened) { transformation: [-0.04837752058084342f,-0.07000850562718453f,0.996372633427022f,0.7658102890861236f,0f,0.9975406315333637f,0.07009057311805801f,1.4938945476083225f,-0.9988291222739003f,0.0033908081435419617f,-0.04825854243223285f,0.08680178357312533f,0f,0f,0f,1f], start_interpolation: 0, interpolation_duration: 1 }
$data merge entity $(bone_head) { transformation: [-0.04837752058084342f,-0.07000850562718453f,0.996372633427022f,0.7035369994969347f,0f,0.9975406315333637f,0.07009057311805801f,1.4895138867884439f,-0.9988291222739003f,0.0033908081435419617f,-0.04825854243223285f,0.08981794247513988f,0f,0f,0f,1f], start_interpolation: 0, interpolation_duration: 1 }
$data merge entity $(item_display_r_item) { transformation: [-0.021165165254118996f,-0.4358327459945533f,-0.031750642491342095f,0.6146994826041395f,0f,-0.03178786219114203f,0.43634365105650036f,0.7322025398125278f,-0.4369877409948314f,0.02110922395930621f,0.001537817957372988f,-0.21874560891243383f,0f,0f,0f,1f], start_interpolation: 0, interpolation_duration: 1 }
$data merge entity $(bone_rightarm) { transformation: [-0.04837752058084342f,-0.07257289712306787f,0.9961891337018361f,0.6938650636149516f,0f,0.9973569167005722f,0.07265797072261058f,1.3646328590907117f,-0.9988291222739003f,0.003515012473995412f,-0.04824965476412848f,-0.22257993296170275f,0f,0f,0f,1f], start_interpolation: 0, interpolation_duration: 1 }
$data merge entity $(item_display_l_item) { transformation: [-0.021165165254118996f,-0.4369415216435888f,-0.006355504980025053f,0.608339872051275f,0f,-0.00636295522256733f,0.43745372646810954f,0.7378809769298216f,-0.4369877409948314f,0.02116292665537762f,0.000307823997234736f,0.40729507036497176f,0f,0f,0f,1f], start_interpolation: 0, interpolation_duration: 1 }
$data merge entity $(bone_leftarm) { transformation: [-0.04837752058084342f,-0.014526868525771772f,0.9987234780424886f,0.7241010139779788f,0f,0.9998942319271076f,0.01454389765158269f,1.3646328590907117f,-0.9988291222739003f,0.0007035977079651217f,-0.04837240378372027f,0.4016882684594849f,0f,0f,0f,1f], start_interpolation: 0, interpolation_duration: 1 }
$data merge entity $(bone_body) { transformation: [-0.04837752058084342f,-0.04356831439624381f,0.9978784582719081f,0.7362132352941175f,0f,0.9990482215818578f,0.043619387365336f,0.7402277206020506f,-0.9988291222739003f,0.002110197809990324f,-0.048331475900831346f,0.08823529411764715f,0f,0f,0f,1f], start_interpolation: 0, interpolation_duration: 1 }
$data merge entity $(bone_leftleg) { transformation: [-0.04837752058084342f,-0.08705369402977327f,0.9950282759088913f,0.742260425366723f,0f,0.9961946980917455f,0.08715574274765818f,0.7795138888888888f,-0.9988291222739003f,0.004216378738513529f,-0.04819342950946052f,0.2130889344018847f,0f,0f,0f,1f], start_interpolation: 0, interpolation_duration: 1 }
$data merge entity $(bone_rightleg) { transformation: [-0.04837752058084342f,0.1255708163265781f,0.990904428080492f,0.7301660452215121f,0f,0.9920660160815423f,-0.12571801675216263f,0.8125f,-0.9988291222739003f,-0.006081925942810566f,-0.04799369411054016f,-0.03661834616659039f,0f,0f,0f,1f], start_interpolation: 0, interpolation_duration: 1 }
data modify entity @s data merge value {"locators":{},"cameras":{"camera":{"posx":6.125,"posy":0.7144681324285922,"posz":1.6146963674853578,"roty":98.64905494693909,"rotx":-5.984058897813848}}}