# This file was generated by Animated Java via MC-Build. It is not recommended to edit this file directly.
$data merge entity $(bone_left_eye) { transformation: [-0.04823980005151672f,-0.05658735176410745f,0.9972315645382044f,0.42180136575575083f,0f,0.9983939115579175f,0.05665330850075259f,1.711595239429033f,-0.9988357831450522f,0.0027329442743331974f,-0.048162322666205605f,0.22922996193368614f,0f,0f,0f,1f], start_interpolation: 0, interpolation_duration: 1 }
$data merge entity $(bone_right_eye) { transformation: [-0.04823980005151672f,-0.05658735176410745f,0.9972315645382044f,0.40974141574287165f,0f,0.9983939115579175f,0.05665330850075259f,1.711595239429033f,-0.9988357831450522f,0.0027329442743331974f,-0.048162322666205605f,-0.020478983852576904f,0f,0f,0f,1f], start_interpolation: 0, interpolation_duration: 1 }
$data merge entity $(bone_right_close) { transformation: [-0.04823980005151672f,-0.05658735176410745f,0.9972315645382044f,0.40620470625761496f,0f,0.9983939115579175f,0.05665330850075259f,1.7739948589014027f,-0.9988357831450522f,0.0027329442743331974f,-0.048162322666205605f,-0.020308174835431084f,0f,0f,0f,1f], start_interpolation: 0, interpolation_duration: 1 }
$data merge entity $(bone_left_close) { transformation: [-0.04823980005151672f,-0.05658735176410745f,0.9972315645382044f,0.41826465627049414f,0f,0.9983939115579175f,0.05665330850075259f,1.7739948589014027f,-0.9988357831450522f,0.0027329442743331974f,-0.048162322666205605f,0.22940077095083194f,0f,0f,0f,1f], start_interpolation: 0, interpolation_duration: 1 }
$data merge entity $(bone_left_eyebrow) { transformation: [-0.04823980005151672f,-0.05658735176410745f,0.9972315645382044f,0.41961701309181315f,0f,0.9983939115579175f,0.05665330850075259f,1.7490314702806735f,-0.9988357831450522f,0.0027329442743331974f,-0.048162322666205605f,0.22933545748914028f,0f,0f,0f,1f], start_interpolation: 0, interpolation_duration: 1 }
$data merge entity $(bone_right_eyebrow) { transformation: [-0.04823980005151672f,-0.05658735176410745f,0.9972315645382044f,0.40755706307893397f,0f,0.9983939115579175f,0.05665330850075259f,1.7490314702806735f,-0.9988357831450522f,0.0027329442743331974f,-0.048162322666205605f,-0.020373488297122766f,0f,0f,0f,1f], start_interpolation: 0, interpolation_duration: 1 }
$data merge entity $(bone_talking) { transformation: [-0.04823980005151672f,-0.05658735176410745f,0.9972315645382044f,0.741553092608527f,0f,0.9983939115579175f,0.05665330850075259f,1.4797009204460387f,-0.9988357831450522f,0.0027329442743331974f,-0.048162322666205605f,0.08864152713878207f,0f,0f,0f,1f], start_interpolation: 0, interpolation_duration: 1 }
$data merge entity $(bone_m_opened) { transformation: [-0.04823980005151672f,-0.05658735176410745f,0.9972315645382044f,0.741553092608527f,0f,0.9983939115579175f,0.05665330850075259f,1.4797009204460387f,-0.9988357831450522f,0.0027329442743331974f,-0.048162322666205605f,0.08864152713878207f,0f,0f,0f,1f], start_interpolation: 0, interpolation_duration: 1 }
$data merge entity $(bone_head) { transformation: [-0.04823980005151672f,-0.05658735176410745f,0.9972315645382044f,0.6792261198248892f,0f,0.9983939115579175f,0.05665330850075259f,1.4761600886647417f,-0.9988357831450522f,0.0027329442743331974f,-0.048162322666205605f,0.09165167230541992f,0f,0f,0f,1f], start_interpolation: 0, interpolation_duration: 1 }
$data merge entity $(item_display_r_item) { transformation: [-0.021104912522538564f,-0.4353085150955635f,-0.038305735245672747f,0.5999458753927251f,0f,-0.03835038340843055f,0.43581589931119585f,0.7177276666914639f,-0.4369906551259603f,0.02102367184204403f,0.0018500148275216943f,-0.21738364868460788f,0f,0f,0f,1f], start_interpolation: 0, interpolation_duration: 1 }
$data merge entity $(bone_rightarm) { transformation: [-0.04823980005151672f,-0.08755596627582364f,0.9949908916470023f,0.6695972579262106f,0f,0.9961506269970191f,0.08765801921927005f,1.3512790609670096f,-0.9988357831450522f,0.004228605320049598f,-0.04805410706752921f,-0.22074753374301803f,0f,0f,0f,1f], start_interpolation: 0, interpolation_duration: 1 }
$data merge entity $(item_display_l_item) { transformation: [-0.021104912522538564f,-0.4369905995792227f,0.0002203334007114861f,0.5745779139347573f,0f,0.00022059021555847482f,0.4374999443885185f,0.7263421661878569f,-0.4369906551259603f,0.021104909839851818f,-0.000010641227891861827f,0.40957000671672844f,0f,0f,0f,1f], start_interpolation: 0, interpolation_duration: 1 }
$data merge entity $(bone_leftarm) { transformation: [-0.04823980005151672f,0.0005036192016260321f,0.9988356561810805f,0.6997471329584086f,0f,0.9999998728880424f,-0.0005042062069905776f,1.3512790609670096f,-0.9988357831450522f,-0.00002432280660995918f,-0.0482397939196613f,0.40352483072263956f,0f,0f,0f,1f], start_interpolation: 0, interpolation_duration: 1 }
$data merge entity $(bone_body) { transformation: [-0.04823980005151672f,-0.04356860493936278f,0.9978851128033865f,0.7119025735294113f,0f,0.9990482215818578f,0.043619387365336f,0.7268739224783484f,-0.9988357831450522f,0.0021041905248734634f,-0.04819388645093219f,0.09007352941176482f,0f,0f,0f,1f], start_interpolation: 0, interpolation_duration: 1 }
$data merge entity $(bone_leftleg) { transformation: [-0.04823980005151672f,-0.12172746106145428f,0.9913906126822676f,0.7179325485358509f,0f,0.992546151641322f,0.12186934340514798f,0.7837638888888889f,-0.9988357831450522f,0.005878952758273966f,-0.04788022789707977f,0.21492800230489634f,0f,0f,0f,1f], start_interpolation: 0, interpolation_duration: 1 }
$data merge entity $(bone_rightleg) { transformation: [-0.04823980005151672f,0.16894234834975055f,0.9844447189279147f,0.7058725985229718f,0f,0.9855921619349439f,-0.1691392631307208f,0.8029999999999998f,-0.9988357831450522f,-0.008159244234286846f,-0.04754476882408378f,-0.034780943481366705f,0f,0f,0f,1f], start_interpolation: 0, interpolation_duration: 1 }
data modify entity @s data merge value {"locators":{},"cameras":{"camera":{"posx":6.125,"posy":0.7157333475334668,"posz":1.6107832460119196,"roty":98.59339552912452,"rotx":-6.017888020476032}}}