# This file was generated by Animated Java via MC-Build. It is not recommended to edit this file directly.
$data merge entity $(bone_left_eye) { transformation: [-0.04808955842820871f,-0.04714020880186828f,0.997730021140136f,0.3997088583696132f,0f,0.9988857040379271f,0.04719481188281835f,1.6978349667468213f,-0.9988430278928616f,0.002269577663547112f,-0.04803597242743429f,0.23091675852321647f,0f,0f,0f,1f], start_interpolation: 0, interpolation_duration: 1 }
$data merge entity $(bone_right_eye) { transformation: [-0.04808955842820871f,-0.04714020880186828f,0.997730021140136f,0.387686468762561f,0f,0.9988857040379271f,0.04719481188281835f,1.6978349667468213f,-0.9988430278928616f,0.002269577663547112f,-0.04803597242743429f,-0.01879399844999892f,0f,0f,0f,1f], start_interpolation: 0, interpolation_duration: 1 }
$data merge entity $(bone_right_close) { transformation: [-0.04808955842820871f,-0.04714020880186828f,0.997730021140136f,0.38474020571244427f,0f,0.9988857040379271f,0.04719481188281835f,1.7602653232491918f,-0.9988430278928616f,0.002269577663547112f,-0.04803597242743429f,-0.018652149846027227f,0f,0f,0f,1f], start_interpolation: 0, interpolation_duration: 1 }
$data merge entity $(bone_left_close) { transformation: [-0.04808955842820871f,-0.04714020880186828f,0.997730021140136f,0.3967625953194964f,0f,0.9988857040379271f,0.04719481188281835f,1.7602653232491918f,-0.9988430278928616f,0.002269577663547112f,-0.04803597242743429f,0.23105860712718818f,0f,0f,0f,1f], start_interpolation: 0, interpolation_duration: 1 }
$data merge entity $(bone_left_eyebrow) { transformation: [-0.04808955842820871f,-0.04714020880186828f,0.997730021140136f,0.3978787424132218f,0f,0.9988857040379271f,0.04719481188281835f,1.735290230972501f,-0.9988430278928616f,0.002269577663547112f,-0.04803597242743429f,0.23100486993387623f,0f,0f,0f,1f], start_interpolation: 0, interpolation_duration: 1 }
$data merge entity $(bone_right_eyebrow) { transformation: [-0.04808955842820871f,-0.04714020880186828f,0.997730021140136f,0.38585635280616964f,0f,0.9988857040379271f,0.04719481188281835f,1.735290230972501f,-0.9988430278928616f,0.002269577663547112f,-0.04803597242743429f,-0.018705887039339175f,0f,0f,0f,1f], start_interpolation: 0, interpolation_duration: 1 }
$data merge entity $(bone_talking) { transformation: [-0.04808955842820871f,-0.04714020880186828f,0.997730021140136f,0.7172733473728466f,0f,0.9988857040379271f,0.04719481188281835f,1.4628619194507202f,-0.9988430278928616f,0.002269577663547112f,-0.04803597242743429f,0.09048274423714878f,0f,0f,0f,1f], start_interpolation: 0, interpolation_duration: 1 }
$data merge entity $(bone_m_opened) { transformation: [-0.04808955842820871f,-0.04714020880186828f,0.997730021140136f,0.7172733473728466f,0f,0.9988857040379271f,0.04719481188281835f,1.4628619194507202f,-0.9988430278928616f,0.002269577663547112f,-0.04803597242743429f,0.09048274423714878f,0f,0f,0f,1f], start_interpolation: 0, interpolation_duration: 1 }
$data merge entity $(bone_head) { transformation: [-0.04808955842820871f,-0.04714020880186828f,0.997730021140136f,0.6549152210515882f,0f,0.9988857040379271f,0.04719481188281835f,1.459912243708044f,-0.9988430278928616f,0.002269577663547112f,-0.04803597242743429f,0.09348499251386343f,0f,0f,0f,1f], start_interpolation: 0, interpolation_duration: 1 }
$data merge entity $(item_display_r_item) { transformation: [-0.02103918181234131f,-0.4347412844985932f,-0.04431273384909273f,0.5844254590893033f,0f,-0.04436406183119078f,0.4352448506505715f,0.700577411700584f,-0.436993824703127f,0.020930732675937633f,0.002133448143543713f,-0.21598323206354247f,0f,0f,0f,1f], start_interpolation: 0, interpolation_duration: 1 }
$data merge entity $(bone_rightarm) { transformation: [-0.04808955842820871f,-0.10128624879792646f,0.9936943645682129f,0.6453333491616259f,0f,0.9948453729155919f,0.10140356989986486f,1.335031216010312f,-0.9988430278928616f,0.0048764528995284976f,-0.047841674687857445f,-0.21891565833731935f,0f,0f,0f,1f], start_interpolation: 0, interpolation_duration: 1 }
$data merge entity $(item_display_l_item) { transformation: [-0.02103918181234131f,-0.43694907189089066f,0.006253910964871143f,0.5416125726891861f,0f,0.006261154946502718f,0.4374551953500334f,0.7118841240664078f,-0.436993824703127f,0.021037027176508884f,-0.0003010961766279104f,0.4118019506841901f,0f,0f,0f,1f], start_interpolation: 0, interpolation_duration: 1 }
$data merge entity $(bone_leftarm) { transformation: [-0.04808955842820871f,0.014294653633990961f,0.9987407357506072f,0.6753893231792564f,0f,0.999897589371505f,-0.014311211306291705f,1.335031216010312f,-0.9988430278928616f,-0.000688219832292356f,-0.04808463354630602f,0.40536123409571917f,0f,0f,0f,1f], start_interpolation: 0, interpolation_duration: 1 }
$data merge entity $(bone_body) { transformation: [-0.04808955842820871f,-0.04356892095082384f,0.9978923506558014f,0.687591911764706f,0f,0.9990482215818578f,0.043619387365336f,0.7106260775216509f,-0.9988430278928616f,0.0020976370773079945f,-0.04804378782435875f,0.09191176470588243f,0f,0f,0f,1f], start_interpolation: 0, interpolation_duration: 1 }
$data merge entity $(bone_leftleg) { transformation: [-0.04808955842820871f,-0.15625347472758397f,0.9865456127345233f,0.6936031065682321f,0f,0.9876883405951378f,0.15643446504023062f,0.78775f,-0.9988430278928616f,0.007522864346737743f,-0.04749749616391038f,0.21676714319249013f,0f,0f,0f,1f], start_interpolation: 0, interpolation_duration: 1 }
$data merge entity $(bone_rightleg) { transformation: [-0.04808955842820871f,0.2056244314736315f,0.9774487135145894f,0.6815807169611799f,0f,0.9785809043254722f,-0.205862608769881f,0.7890000000000001f,-0.9988430278928616f,-0.009899841952622663f,-0.047059523575289114f,-0.03294361378072527f,0f,0f,0f,1f], start_interpolation: 0, interpolation_duration: 1 }
data modify entity @s data merge value {"locators":{},"cameras":{"camera":{"posx":6.125,"posy":0.716993682309889,"posz":1.6068461202880149,"roty":98.53875263101602,"rotx":-6.053283230816218}}}