# This file was generated by Animated Java via MC-Build. It is not recommended to edit this file directly.
$data merge entity $(bone_left_eye) { transformation: [-0.04792679544192245f,-0.043569262184183624f,0.997900166184671f,0.3762277956998888f,0f,0.9990482215818578f,0.043619387365336f,1.6854156541384737f,-0.9988508508674697f,0.0020905374555604352f,-0.047881179752370114f,0.23266718875208678f,0f,0f,0f,1f], start_interpolation: 0, interpolation_duration: 1 }
$data merge entity $(bone_right_eye) { transformation: [-0.04792679544192245f,-0.043569262184183624f,0.997900166184671f,0.3642460968394082f,0f,0.9990482215818578f,0.043619387365336f,1.6854156541384737f,-0.9988508508674697f,0.0020905374555604352f,-0.047881179752370114f,-0.01704552396478065f,0f,0f,0f,1f], start_interpolation: 0, interpolation_duration: 1 }
$data merge entity $(bone_right_close) { transformation: [-0.04792679544192245f,-0.043569262184183624f,0.997900166184671f,0.36152301795289665f,0f,0.9990482215818578f,0.043619387365336f,1.7478561679873397f,-0.9988508508674697f,0.0020905374555604352f,-0.047881179752370114f,-0.016914865373808124f,0f,0f,0f,1f], start_interpolation: 0, interpolation_duration: 1 }
$data merge entity $(bone_left_close) { transformation: [-0.04792679544192245f,-0.043569262184183624f,0.997900166184671f,0.37350471681337727f,0f,0.9990482215818578f,0.043619387365336f,1.7478561679873397f,-0.9988508508674697f,0.0020905374555604352f,-0.047881179752370114f,0.2327978473430593f,0f,0f,0f,1f], start_interpolation: 0, interpolation_duration: 1 }
$data merge entity $(bone_left_eyebrow) { transformation: [-0.04792679544192245f,-0.043569262184183624f,0.997900166184671f,0.3745315796075953f,0f,0.9990482215818578f,0.043619387365336f,1.7228772362360831f,-0.9988508508674697f,0.0020905374555604352f,-0.047881179752370114f,0.2327485764804048f,0f,0f,0f,1f], start_interpolation: 0, interpolation_duration: 1 }
$data merge entity $(bone_right_eyebrow) { transformation: [-0.04792679544192245f,-0.043569262184183624f,0.997900166184671f,0.3625498807471147f,0f,0.9990482215818578f,0.043619387365336f,1.7228772362360831f,-0.9988508508674697f,0.0020905374555604352f,-0.047881179752370114f,-0.016964136236462604f,0f,0f,0f,1f], start_interpolation: 0, interpolation_duration: 1 }
$data merge entity $(bone_talking) { transformation: [-0.04792679544192245f,-0.043569262184183624f,0.997900166184671f,0.6929730637484041f,0f,0.9990482215818578f,0.043619387365336f,1.4492846572946767f,-0.9988508508674697f,0.0020905374555604352f,-0.047881179752370114f,0.0923253293571473f,0f,0f,0f,1f], start_interpolation: 0, interpolation_duration: 1 }
$data merge entity $(bone_m_opened) { transformation: [-0.04792679544192245f,-0.043569262184183624f,0.997900166184671f,0.6929730637484041f,0f,0.9990482215818578f,0.043619387365336f,1.4492846572946767f,-0.9988508508674697f,0.0020905374555604352f,-0.047881179752370114f,0.0923253293571473f,0f,0f,0f,1f], start_interpolation: 0, interpolation_duration: 1 }
$data merge entity $(bone_head) { transformation: [-0.04792679544192245f,-0.043569262184183624f,0.997900166184671f,0.6306043033618621f,0f,0.9990482215818578f,0.043619387365336f,1.4465584455843432f,-0.9988508508674697f,0.0020905374555604352f,-0.047881179752370114f,0.09531790309167043f,0f,0f,0f,1f], start_interpolation: 0, interpolation_duration: 1 }
$data merge entity $(item_display_r_item) { transformation: [-0.02096797300584107f,-0.43417664205006323f,-0.04957053163077478f,0.5678379135889446f,0f,-0.04962756109956194f,0.4346761497705036f,0.6865321864717309f,-0.436997247254518f,0.020832634913533373f,0.0023784899691002134f,-0.21452996639549252f,0f,0f,0f,1f], start_interpolation: 0, interpolation_duration: 1 }
$data merge entity $(bone_rightarm) { transformation: [-0.04792679544192245f,-0.11330407229891401f,0.9924037532572874f,0.6210733375592843f,0f,0.9935454851897225f,0.11343442537042753f,1.3216774178866109f,-0.9988508508674697f,0.0054365485008004985f,-0.04761745123093342f,-0.2170843049863589f,0f,0f,0f,1f], start_interpolation: 0, interpolation_duration: 1 }
$data merge entity $(item_display_l_item) { transformation: [-0.02096797300584107f,-0.43684482534822705f,0.011540913070609829f,0.5097277587958357f,0f,0.011554190558667417f,0.43734740273669626f,0.700196611279521f,-0.436997247254518f,0.02096065950801772f,-0.0005537553274022448f,0.41397731570438934f,0f,0f,0f,1f], start_interpolation: 0, interpolation_duration: 1 }
$data merge entity $(bone_leftarm) { transformation: [-0.04792679544192245f,0.026379229875679387f,0.9985024579388047f,0.6510275847104858f,0f,0.9996512062553058f,-0.026409578419811015f,1.3216774178866109f,-0.9988508508674697f,-0.0012657264626336918f,-0.047910078875469074f,0.40719747680580964f,0f,0f,0f,1f], start_interpolation: 0, interpolation_duration: 1 }
$data merge entity $(bone_body) { transformation: [-0.04792679544192245f,-0.043569262184183624f,0.997900166184671f,0.6632812499999998f,0f,0.9990482215818578f,0.043619387365336f,0.6972722793979499f,-0.9988508508674697f,0.0020905374555604352f,-0.047881179752370114f,0.0937500000000001f,0f,0f,0f,1f], start_interpolation: 0, interpolation_duration: 1 }
$data merge entity $(bone_leftleg) { transformation: [-0.04792679544192245f,-0.1905897273850291f,0.9804991474213368f,0.6692720994302401f,0f,0.9816271834476639f,0.19080899537654503f,0.7913472222222222f,-0.9988508508674697f,0.0091448636898904f,-0.04704624522132667f,0.2186063563584338f,0f,0f,0f,1f], start_interpolation: 0, interpolation_duration: 1 }
$data merge entity $(bone_rightleg) { transformation: [-0.04792679544192245f,0.23389276923695482f,0.9710804265236412f,0.6572904005697595f,0f,0.9721976265828769f,-0.2341618561307992f,0.7734999999999999f,-0.9988508508674697f,-0.011222627379081689f,-0.04659431677836005f,-0.031106356358433618f,0f,0f,0f,1f], start_interpolation: 0, interpolation_duration: 1 }
data modify entity @s data merge value {"locators":{},"cameras":{"camera":{"posx":6.125,"posy":0.7182491099674007,"posz":1.602886276255632,"roty":98.48513145829362,"rotx":-6.0902693126223015}}}