# This file was generated by Animated Java via MC-Build. It is not recommended to edit this file directly.
$data merge entity $(bone_left_eye) { transformation: [-0.04775151080284255f,-0.04839299277116843f,0.9976862790811025f,0.3507424878432381f,0f,0.9988256935381284f,0.048448260320435525f,1.6766076489242936f,-0.9988592459481196f,0.002313477626070205f,-0.04769543589514265f,0.23451003815317778f,0f,0f,0f,1f], start_interpolation: 0, interpolation_duration: 1 }
$data merge entity $(bone_right_eye) { transformation: [-0.04775151080284255f,-0.04839299277116843f,0.9976862790811025f,0.33880461014252744f,0f,0.9988256935381284f,0.048448260320435525f,1.6766076489242936f,-0.9988592459481196f,0.002313477626070205f,-0.04769543589514265f,-0.015204773333852117f,0f,0f,0f,1f], start_interpolation: 0, interpolation_duration: 1 }
$data merge entity $(bone_right_close) { transformation: [-0.04775151080284255f,-0.04839299277116843f,0.9976862790811025f,0.3357800480943294f,0f,0.9988256935381284f,0.048448260320435525f,1.7390342547704265f,-0.9988592459481196f,0.002313477626070205f,-0.04769543589514265f,-0.015060180982222726f,0f,0f,0f,1f], start_interpolation: 0, interpolation_duration: 1 }
$data merge entity $(bone_left_close) { transformation: [-0.04775151080284255f,-0.04839299277116843f,0.9976862790811025f,0.34771792579504f,0f,0.9988256935381284f,0.048448260320435525f,1.7390342547704265f,-0.9988592459481196f,0.002313477626070205f,-0.04769543589514265f,0.23465463050480717f,0f,0f,0f,1f], start_interpolation: 0, interpolation_duration: 1 }
$data merge entity $(bone_left_eyebrow) { transformation: [-0.04775151080284255f,-0.04839299277116843f,0.9976862790811025f,0.34886539522187665f,0f,0.9988256935381284f,0.048448260320435525f,1.7140605844157033f,-0.9988592459481196f,0.002313477626070205f,-0.04769543589514265f,0.23459977452889885f,0f,0f,0f,1f], start_interpolation: 0, interpolation_duration: 1 }
$data merge entity $(bone_right_eyebrow) { transformation: [-0.04775151080284255f,-0.04839299277116843f,0.9976862790811025f,0.336927517521166f,0f,0.9988256935381284f,0.048448260320435525f,1.7140605844157033f,-0.9988592459481196f,0.002313477626070205f,-0.04769543589514265f,-0.015115036958131031f,0f,0f,0f,1f], start_interpolation: 0, interpolation_duration: 1 }
$data merge entity $(bone_talking) { transformation: [-0.04775151080284255f,-0.04839299277116843f,0.9976862790811025f,0.6686487593985194f,0f,0.9988256935381284f,0.048448260320435525f,1.4420413068898974f,-0.9988592459481196f,0.002313477626070205f,-0.04769543589514265f,0.0941694392859132f,0f,0f,0f,1f], start_interpolation: 0, interpolation_duration: 1 }
$data merge entity $(bone_m_opened) { transformation: [-0.04775151080284255f,-0.04839299277116843f,0.9976862790811025f,0.6686487593985194f,0f,0.9988256935381284f,0.048448260320435525f,1.4420413068898974f,-0.9988592459481196f,0.002313477626070205f,-0.04769543589514265f,0.0941694392859132f,0f,0f,0f,1f], start_interpolation: 0, interpolation_duration: 1 }
$data merge entity $(bone_head) { transformation: [-0.04775151080284255f,-0.04839299277116843f,0.9976862790811025f,0.6062933669559505f,0f,0.9988256935381284f,0.048448260320435525f,1.4390132906198703f,-0.9988592459481196f,0.002313477626070205f,-0.04769543589514265f,0.09715040402935962f,0f,0f,0f,1f], start_interpolation: 0, interpolation_duration: 1 }
$data merge entity $(item_display_r_item) { transformation: [-0.020891285976243616f,-0.4336667085199973f,-0.0538794032232217f,0.5498830255469371f,0f,-0.05394093656517065f,0.43416198055849187f,0.6784891659628153f,-0.4370009201023023f,0.020731890504822343f,0.0025757612151071914f,-0.21300973337693394f,0f,0f,0f,1f], start_interpolation: 0, interpolation_duration: 1 }
$data merge entity $(bone_rightarm) { transformation: [-0.04775151080284255f,-0.1231529216530784f,0.9912381909028509f,0.5968172233766195f,0f,0.9923702412765528f,0.12329356929181885f,1.3141322629221381f,-0.9988592459481196f,0.0058874542059593055f,-0.04738717829673678f,-0.21525347178530146f,0f,0f,0f,1f], start_interpolation: 0, interpolation_duration: 1 }
$data merge entity $(item_display_l_item) { transformation: [-0.020891285976243616f,-0.4367123751732402f,0.015877831741328417f,0.4792043365198584f,0f,0.015895965127956685f,0.4372111255362228f,0.6940866450498074f,-0.4370009201023023f,0.020877491784165897f,-0.0007590563505292322f,0.4160829207999339f,0f,0f,0f,1f], start_interpolation: 0, interpolation_duration: 1 }
$data merge entity $(bone_leftarm) { transformation: [-0.04775151080284255f,0.036292186837321876f,0.9981997146816919f,0.6266619176283961f,0f,0.9993397155113665f,-0.03633363457818649f,1.3141322629221381f,-0.9988592459481196f,-0.0017349859440668057f,-0.04771998122095062f,0.40903355693227333f,0f,0f,0f,1f], start_interpolation: 0, interpolation_duration: 1 }
$data merge entity $(bone_body) { transformation: [-0.04775151080284255f,-0.04356962837245845f,0.9979085532750643f,0.6389705882352943f,0f,0.9990482215818578f,0.043619387365336f,0.689727124433477f,-0.9988592459481196f,0.002082891646989216f,-0.047706061945426724f,0.09558823529411771f,0f,0f,0f,1f], start_interpolation: 0, interpolation_duration: 1 }
$data merge entity $(bone_leftleg) { transformation: [-0.04775151080284255f,-0.22469444051714696f,0.9732585481858006f,0.6449395270856496f,0f,0.9743700647852354f,0.2249510543438645f,0.7944305555555555f,-0.9988592459481196f,0.010741752701611868f,-0.04652764267455856f,0.22044564103763264f,0f,0f,0f,1f], start_interpolation: 0, interpolation_duration: 1 }
$data merge entity $(bone_rightleg) { transformation: [-0.04775151080284255f,0.252081715984849f,0.9665270827463553f,0.633001649384939f,0f,0.9676309116295214f,-0.2523696076373328f,0.7595000000000002f,-0.9988592459481196f,-0.012051030045403234f,-0.04620583792984148f,-0.02926917044939724f,0f,0f,0f,1f], start_interpolation: 0, interpolation_duration: 1 }
data modify entity @s data merge value {"locators":{},"cameras":{"camera":{"posx":6.125,"posy":0.7194996037155436,"posz":1.598904999856761,"roty":98.43253721132514,"rotx":-6.128871043927694}}}