# This file was generated by Animated Java via MC-Build. It is not recommended to edit this file directly.
$data merge entity $(bone_left_eye) { transformation: [-0.04756370420071997f,-0.060827248960241324f,0.9970144130485953f,0.32346745957237644f,0f,0.99814410601679f,0.060896170847954956f,1.671098149978602f,-0.9988682065431386f,0.0028964474571686353f,-0.047475431008274664f,0.2364339907510346f,0f,0f,0f,1f], start_interpolation: 0, interpolation_duration: 1 }
$data merge entity $(bone_right_eye) { transformation: [-0.04756370420071997f,-0.060827248960241324f,0.9970144130485953f,0.3115765335221965f,0f,0.99814410601679f,0.060896170847954956f,1.671098149978602f,-0.9988682065431386f,0.0028964474571686353f,-0.047475431008274664f,-0.013283060884750036f,0f,0f,0f,1f], start_interpolation: 0, interpolation_duration: 1 }
$data merge entity $(bone_right_close) { transformation: [-0.04756370420071997f,-0.060827248960241324f,0.9970144130485953f,0.3077748304621814f,0f,0.99814410601679f,0.060896170847954956f,1.7334821566046514f,-0.9988682065431386f,0.0028964474571686353f,-0.047475431008274664f,-0.013102032918676995f,0f,0f,0f,1f], start_interpolation: 0, interpolation_duration: 1 }
$data merge entity $(bone_left_close) { transformation: [-0.04756370420071997f,-0.060827248960241324f,0.9970144130485953f,0.31966575651236134f,0f,0.99814410601679f,0.060896170847954956f,1.7334821566046514f,-0.9988682065431386f,0.0028964474571686353f,-0.047475431008274664f,0.23661501871710766f,0f,0f,0f,1f], start_interpolation: 0, interpolation_duration: 1 }
$data merge entity $(bone_left_eyebrow) { transformation: [-0.04756370420071997f,-0.060827248960241324f,0.9970144130485953f,0.3211241243355519f,0f,0.99814410601679f,0.060896170847954956f,1.7085247479435537f,-0.9988682065431386f,0.0028964474571686353f,-0.047475431008274664f,0.23654557474511645f,0f,0f,0f,1f], start_interpolation: 0, interpolation_duration: 1 }
$data merge entity $(bone_right_eyebrow) { transformation: [-0.04756370420071997f,-0.060827248960241324f,0.9970144130485953f,0.3092331982853719f,0f,0.99814410601679f,0.060896170847954956f,1.7085247479435537f,-0.9988682065431386f,0.0028964474571686353f,-0.047475431008274664f,-0.013171476890668193f,0f,0f,0f,1f], start_interpolation: 0, interpolation_duration: 1 }
$data merge entity $(bone_talking) { transformation: [-0.04756370420071997f,-0.060827248960241324f,0.9970144130485953f,0.6442958128650328f,0f,0.99814410601679f,0.060896170847954956f,1.4405921768643903f,-0.9988682065431386f,0.0028964474571686353f,-0.047475431008274664f,0.0960152808787643f,0f,0f,0f,1f], start_interpolation: 0, interpolation_duration: 1 }
$data merge entity $(bone_m_opened) { transformation: [-0.04756370420071997f,-0.060827248960241324f,0.9970144130485953f,0.6442958128650328f,0f,0.99814410601679f,0.060896170847954956f,1.4405921768643903f,-0.9988682065431386f,0.0028964474571686353f,-0.047475431008274664f,0.0960152808787643f,0f,0f,0f,1f], start_interpolation: 0, interpolation_duration: 1 }
$data merge entity $(bone_head) { transformation: [-0.04756370420071997f,-0.060827248960241324f,0.9970144130485953f,0.5819824120494956f,0f,0.99814410601679f,0.060896170847954956f,1.4367861661863932f,-0.9988682065431386f,0.0028964474571686353f,-0.047475431008274664f,0.09898249531678147f,0f,0f,0f,1f], start_interpolation: 0, interpolation_duration: 1 }
$data merge entity $(item_display_r_item) { transformation: [-0.020809120587814985f,-0.43326620337300503f,-0.057040577794264614f,0.53026120277552f,0f,-0.05710520909627248f,0.43375712685104206f,0.6759363261025231f,-0.4370048403626231f,0.02063109567649713f,0.002716135273775367f,-0.2114087511662441f,0f,0f,0f,1f], start_interpolation: 0, interpolation_duration: 1 }
$data merge entity $(bone_rightarm) { transformation: [-0.04756370420071997f,-0.1303784635297479f,0.9903227505668687f,0.5725650068902861f,0f,0.9914448613738104f,0.1305261922200516f,1.311905138488661f,-0.9988682065431386f,0.00620830919720085f,-0.04715679011770773f,-0.21342315668270703f,0f,0f,0f,1f], start_interpolation: 0, interpolation_duration: 1 }
$data merge entity $(item_display_l_item) { transformation: [-0.020809120587814985f,-0.4365889085869423f,0.01906188341230418f,0.45032137183046095f,0f,0.019083481972334605f,0.4370835969420628f,0.692952423420667f,-0.4370048403626231f,0.020789314915938984f,-0.000907681091651895f,0.4181059639422398f,0f,0f,0f,1f], start_interpolation: 0, interpolation_duration: 1 }
$data merge entity $(bone_leftarm) { transformation: [-0.04756370420071997f,0.04357001922812362f,0.9979175053415824f,0.602292322015736f,0f,0.9990482215818578f,-0.043619387365336014f,1.311905138488661f,-0.9988682065431386f,-0.0020746996380614636f,-0.04751843409357482f,0.41086947240675453f,0f,0f,0f,1f], start_interpolation: 0, interpolation_duration: 1 }
$data merge entity $(bone_body) { transformation: [-0.04756370420071997f,-0.04357001922812361f,0.9979175053415824f,0.6146599264705883f,0f,0.9990482215818578f,0.043619387365336f,0.6875f,-0.9988682065431386f,0.002074699638061463f,-0.04751843409357482f,0.09742647058823536f,0f,0f,0f,1f], start_interpolation: 0, interpolation_duration: 1 }
$data merge entity $(bone_leftleg) { transformation: [-0.04756370420071997f,-0.2585261154007626f,0.9648325977590608f,0.6206053894956783f,0f,0.9659258262890683f,0.25881904510252074f,0.796875f,-0.9988682065431386f,0.012310392502769097f,-0.045943010281449266f,0.2222849964061277f,0f,0f,0f,1f], start_interpolation: 0, interpolation_duration: 1 }
$data merge entity $(bone_rightleg) { transformation: [-0.04756370420071997f,0.2585261154007626f,0.9648325977590608f,0.6087144634454983f,0f,0.9659258262890683f,-0.25881904510252074f,0.75f,-0.9988682065431386f,-0.012310392502769097f,-0.045943010281449266f,-0.027432055229656957f,0f,0f,0f,1f], start_interpolation: 0, interpolation_duration: 1 }
data modify entity @s data merge value {"locators":{},"cameras":{"camera":{"posx":6.125,"posy":0.7207451367638599,"posz":1.594903577033391,"roty":98.38097508498274,"rotx":-6.169113197005461}}}
execute on vehicle unless entity @s[tag=aj.transforms_only] at @s run function animated_java:humanentity/animations/000_mur_0/zzz/frames/zzz/20