# This file was generated by Animated Java via MC-Build. It is not recommended to edit this file directly.
$data merge entity $(bone_left_eye) { transformation: [-0.047363375305282104f,-0.07781365594336584f,0.9958422292855523f,0.2951778894794785f,0f,0.9969610932083057f,0.07790108233458751f,1.66862559888414f,-0.9988777255899197f,0.00368965819930075f,-0.04721944242238932f,0.2384011677972937f,0f,0f,0f,1f], start_interpolation: 0, interpolation_duration: 1 }
$data merge entity $(bone_right_eye) { transformation: [-0.047363375305282104f,-0.07781365594336584f,0.9958422292855523f,0.2833370456531579f,0f,0.9969610932083057f,0.07790108233458751f,1.66862559888414f,-0.9988777255899197f,0.00368965819930075f,-0.04721944242238932f,-0.011318263600186243f,0f,0f,0f,1f], start_interpolation: 0, interpolation_duration: 1 }
$data merge entity $(bone_right_close) { transformation: [-0.047363375305282104f,-0.07781365594336584f,0.9958422292855523f,0.27847369215669754f,0f,0.9969610932083057f,0.07790108233458751f,1.7309356672096592f,-0.9988777255899197f,0.00368965819930075f,-0.04721944242238932f,-0.011087659962729951f,0f,0f,0f,1f], start_interpolation: 0, interpolation_duration: 1 }
$data merge entity $(bone_left_close) { transformation: [-0.047363375305282104f,-0.07781365594336584f,0.9958422292855523f,0.2903145359830181f,0f,0.9969610932083057f,0.07790108233458751f,1.7309356672096592f,-0.9988777255899197f,0.00368965819930075f,-0.04721944242238932f,0.23863177143474998f,0f,0f,0f,1f], start_interpolation: 0, interpolation_duration: 1 }
$data merge entity $(bone_left_eyebrow) { transformation: [-0.047363375305282104f,-0.07781365594336584f,0.9958422292855523f,0.2921976372422719f,0f,0.9969610932083057f,0.07790108233458751f,1.7060067710618059f,-0.9988777255899197f,0.00368965819930075f,-0.04721944242238932f,0.23854248119491886f,0f,0f,0f,1f], start_interpolation: 0, interpolation_duration: 1 }
$data merge entity $(bone_right_eyebrow) { transformation: [-0.047363375305282104f,-0.07781365594336584f,0.9958422292855523f,0.2803567934159514f,0f,0.9969610932083057f,0.07790108233458751f,1.7060067710618059f,-0.9988777255899197f,0.00368965819930075f,-0.04721944242238932f,-0.01117695020256107f,0f,0f,0f,1f], start_interpolation: 0, interpolation_duration: 1 }
$data merge entity $(bone_talking) { transformation: [-0.047363375305282104f,-0.07781365594336584f,0.9958422292855523f,0.6199115782038948f,0f,0.9969610932083057f,0.07790108233458751f,1.4437294138116223f,-0.9988777255899197f,0.00368965819930075f,-0.04721944242238932f,0.09786296179173187f,0f,0f,0f,1f], start_interpolation: 0, interpolation_duration: 1 }
$data merge entity $(bone_m_opened) { transformation: [-0.047363375305282104f,-0.07781365594336584f,0.9958422292855523f,0.6199115782038948f,0f,0.9969610932083057f,0.07790108233458751f,1.4437294138116223f,-0.9988777255899197f,0.00368965819930075f,-0.04721944242238932f,0.09786296179173187f,0f,0f,0f,1f], start_interpolation: 0, interpolation_duration: 1 }
$data merge entity $(bone_head) { transformation: [-0.047363375305282104f,-0.07781365594336584f,0.9958422292855523f,0.5576714388735478f,0f,0.9969610932083057f,0.07790108233458751f,1.4388605961657106f,-0.9988777255899197f,0.00368965819930075f,-0.04721944242238932f,0.1008141769431312f,0f,0f,0f,1f], start_interpolation: 0, interpolation_duration: 1 }
$data merge entity $(item_display_r_item) { transformation: [-0.02072147669606092f,-0.4329917561807157f,-0.059118605219289515f,0.5090599083719597f,0f,-0.059185027060619566f,0.4334782377142291f,0.6778149354303312f,-0.43700900494558986f,0.020530992459531324f,0.0028032026491254017f,-0.20973193484797104f,0f,0f,0f,1f], start_interpolation: 0, interpolation_duration: 1 }
$data merge entity $(bone_rightarm) { transformation: [-0.047363375305282104f,-0.1351282405012334f,0.9896954426987788f,0.5483166883960362f,0f,0.9908074004896665f,0.13528006185284494f,1.3139795684679785f,-0.9988777255899197f,0.006407320340858072f,-0.04692798276464303f,-0.2115933574805151f,0f,0f,0f,1f], start_interpolation: 0, interpolation_duration: 1 }
$data merge entity $(item_display_l_item) { transformation: [-0.02072147669606092f,-0.43647142615367324f,0.02166943826944087f,0.4222563358187297f,0f,0.021693784648810024f,0.4369618172193207f,0.6959466251971803f,-0.43700900494558986f,0.020695986543036768f,-0.0010274908641135566f,0.42008620411707176f,0f,0f,0f,1f], start_interpolation: 0, interpolation_duration: 1 }
$data merge entity $(bone_leftarm) { transformation: [-0.047363375305282104f,0.04953014461586463f,0.9976489740655389f,0.5779187979618374f,0f,0.9987698679298759f,-0.04958579348299412f,1.3139795684679785f,-0.9988777255899197f,-0.0023485505465452618f,-0.04730511209836975f,0.41270522101318474f,0f,0f,0f,1f], start_interpolation: 0, interpolation_duration: 1 }
$data merge entity $(bone_body) { transformation: [-0.047363375305282104f,-0.0435704344431125f,0.9979270153283403f,0.5903492647058821f,0f,0.9990482215818578f,0.043619387365336f,0.6895744299793174f,-0.9988777255899197f,0.0020659614143708894f,-0.047318295866856167f,0.09926470588235303f,0f,0f,0f,1f], start_interpolation: 0, interpolation_duration: 1 }
$data merge entity $(bone_leftleg) { transformation: [-0.047363375305282104f,-0.22469859753205382f,0.9732765541955786f,0.5962696866190423f,0f,0.9743700647852354f,0.2249510543438645f,0.80225f,-0.9988777255899197f,0.010654441212207365f,-0.04614945506465514f,0.224124421581093f,0f,0f,0f,1f], start_interpolation: 0, interpolation_duration: 1 }
$data merge entity $(bone_rightleg) { transformation: [-0.047363375305282104f,0.2506865811638621f,0.9669089660893962f,0.5840403903438813f,0f,0.9679953224688805f,-0.2509682363933093f,0.7476666666666666f,-0.9988777255899197f,-0.011886702770001067f,-0.045847525751851165f,-0.02557659072599043f,0f,0f,0f,1f], start_interpolation: 0, interpolation_duration: 1 }
data modify entity @s data merge value {"locators":{},"cameras":{"camera":{"posx":6.125,"posy":0.7219856823218911,"posz":1.5908832937275112,"roty":98.33045026844484,"rotx":-6.211020538369186}}}