# This file was generated by Animated Java via MC-Build. It is not recommended to edit this file directly.
$data merge entity $(bone_left_eye) { transformation: [-0.04715052376668004f,-0.0962956674696564f,0.9942353707926013f,0.2666215035798354f,0f,0.9953423950287485f,0.09640288718930881f,1.6699295085574986f,-0.9988877955549f,0.00454544662359608f,-0.04693091525278724f,0.24037551381042194f,0f,0f,0f,1f], start_interpolation: 0, interpolation_duration: 1 }
$data merge entity $(bone_right_eye) { transformation: [-0.04715052376668004f,-0.0962956674696564f,0.9942353707926013f,0.25483387263816537f,0f,0.9953423950287485f,0.09640288718930881f,1.6699295085574986f,-0.9988877955549f,0.00454544662359608f,-0.04693091525278724f,-0.009346435078303059f,0f,0f,0f,1f], start_interpolation: 0, interpolation_duration: 1 }
$data merge entity $(bone_right_close) { transformation: [-0.04715052376668004f,-0.0962956674696564f,0.9942353707926013f,0.24881539342131187f,0f,0.9953423950287485f,0.09640288718930881f,1.7321384082467952f,-0.9988877955549f,0.00454544662359608f,-0.04693091525278724f,-0.0090623446643283f,0f,0f,0f,1f], start_interpolation: 0, interpolation_duration: 1 }
$data merge entity $(bone_left_close) { transformation: [-0.04715052376668004f,-0.0962956674696564f,0.9942353707926013f,0.2606030243629819f,0f,0.9953423950287485f,0.09640288718930881f,1.7321384082467952f,-0.9988877955549f,0.00454544662359608f,-0.04693091525278724f,0.2406596042243967f,0f,0f,0f,1f], start_interpolation: 0, interpolation_duration: 1 }
$data merge entity $(bone_left_eyebrow) { transformation: [-0.04715052376668004f,-0.0962956674696564f,0.9942353707926013f,0.2629482763390487f,0f,0.9953423950287485f,0.09640288718930881f,1.707248823190627f,-0.9988877955549f,0.00454544662359608f,-0.04693091525278724f,0.24054890124101008f,0f,0f,0f,1f], start_interpolation: 0, interpolation_duration: 1 }
$data merge entity $(bone_right_eyebrow) { transformation: [-0.04715052376668004f,-0.0962956674696564f,0.9942353707926013f,0.2511606453973787f,0f,0.9953423950287485f,0.09640288718930881f,1.707248823190627f,-0.9988877955549f,0.00454544662359608f,-0.04693091525278724f,-0.0091730476477149f,0f,0f,0f,1f], start_interpolation: 0, interpolation_duration: 1 }
$data merge entity $(bone_talking) { transformation: [-0.04715052376668004f,-0.0962956674696564f,0.9942353707926013f,0.5955001583491024f,0f,0.9953423950287485f,0.09640288718930881f,1.4512198120469704f,-0.9988877955549f,0.00454544662359608f,-0.04693091525278724f,0.09971226669366441f,0f,0f,0f,1f], start_interpolation: 0, interpolation_duration: 1 }
$data merge entity $(bone_m_opened) { transformation: [-0.04715052376668004f,-0.0962956674696564f,0.9942353707926013f,0.5955001583491024f,0f,0.9953423950287485f,0.09640288718930881f,1.4512198120469704f,-0.9988877955549f,0.00454544662359608f,-0.04693091525278724f,0.09971226669366441f,0f,0f,0f,1f], start_interpolation: 0, interpolation_duration: 1 }
$data merge entity $(bone_head) { transformation: [-0.04715052376668004f,-0.0962956674696564f,0.9942353707926013f,0.5333604476745648f,0f,0.9953423950287485f,0.09640288718930881f,1.4451946315976385f,-0.9988877955549f,0.00454544662359608f,-0.04693091525278724f,0.10264544889696361f,0f,0f,0f,1f], start_interpolation: 0, interpolation_duration: 1 }
$data merge entity $(item_display_r_item) { transformation: [-0.020628354147922516f,-0.43282075749609744f,-0.06038967532328944f,0.48668015938582215f,0f,-0.060456915773750036f,0.43330267866137834f,0.6840363727340087f,-0.43701341055526877f,0.020430448248389445f,0.002850575244050375f,-0.20799905125455695f,0f,0f,0f,1f], start_interpolation: 0, interpolation_duration: 1 }
$data merge entity $(bone_rightarm) { transformation: [-0.04715052376668004f,-0.13803354359609038f,0.9893045885625085f,0.5240722682085792f,0f,0.9904061226545791f,0.138187236054286f,1.3203136038999064f,-0.9988877955549f,0.006515600557829439f,-0.04669816742489016f,-0.20976407183402482f,0f,0f,0f,1f], start_interpolation: 0, interpolation_duration: 1 }
$data merge entity $(item_display_l_item) { transformation: [-0.020628354147922516f,-0.4363348390965366f,0.024343976580406917f,0.3940971392774483f,0f,0.024371082206368737f,0.4368206729907485f,0.7032472374006566f,-0.43701341055526877f,0.020596323523627457f,-0.001149109290791102f,0.42206704895281144f,0f,0f,0f,1f], start_interpolation: 0, interpolation_duration: 1 }
$data merge entity $(bone_leftarm) { transformation: [-0.04715052376668004f,0.05564337504092987f,0.9973367750777979f,0.5535413455627543f,0f,0.9984472525502823f,-0.05570533075741403f,1.3203136038999064f,-0.9988877955549f,-0.002626535521808223f,-0.04707731091114847f,0.41454080038778773f,0f,0f,0f,1f], start_interpolation: 0, interpolation_duration: 1 }
$data merge entity $(bone_body) { transformation: [-0.04715052376668004f,-0.04357087368881574f,0.9979370757089453f,0.5660386029411766f,0f,0.9990482215818578f,0.043619387365336f,0.6959084654112453f,-0.9988877955549f,0.002056676960657298f,-0.04710564691575481f,0.10110294117647065f,0f,0f,0f,1f], start_interpolation: 0, interpolation_duration: 1 }
$data merge entity $(bone_leftleg) { transformation: [-0.04715052376668004f,-0.19059677676372216f,0.9805354133308024f,0.5719324184120116f,0f,0.9816271834476639f,0.19080899537654503f,0.806125f,-0.9988877955549f,0.008996744071398128f,-0.046284235843168264f,0.22596391562083315f,0f,0f,0f,1f], start_interpolation: 0, interpolation_duration: 1 }
$data merge entity $(bone_rightleg) { transformation: [-0.04715052376668004f,0.22867520495968185f,0.9723602618089529f,0.558701949543429f,0f,0.9734429293620405f,-0.22892982172502035f,0.7449444444444444f,-0.9988877955549f,-0.010794161000147396f,-0.045898343976391524f,-0.023689926955784438f,0f,0f,0f,1f], start_interpolation: 0, interpolation_duration: 1 }
data modify entity @s data merge value {"locators":{},"cameras":{"camera":{"posx":6.125,"posy":0.7232212135991795,"posz":1.586845435881111,"roty":98.28096794498529,"rotx":-6.254617828781062}}}