# This file was generated by Animated Java via MC-Build. It is not recommended to edit this file directly.
$data merge entity $(bone_left_eye) { transformation: [-0.04692514921595779f,-0.1132300130948827f,0.9924600719956408f,0.23849256109377404f,0f,0.9935545633234155f,0.11335488387898081f,1.6754561286876295f,-0.9988984084335403f,0.005319194840378743f,-0.04662269613814706f,0.2423240849650326f,0f,0f,0f,1f], start_interpolation: 0, interpolation_duration: 1 }
$data merge entity $(bone_right_eye) { transformation: [-0.04692514921595779f,-0.1132300130948827f,0.9924600719956408f,0.2267612737897846f,0f,0.9935545633234155f,0.11335488387898081f,1.6754561286876295f,-0.9988984084335403f,0.005319194840378743f,-0.04662269613814706f,-0.007400517143352478f,0f,0f,0f,1f], start_interpolation: 0, interpolation_duration: 1 }
$data merge entity $(bone_right_close) { transformation: [-0.04692514921595779f,-0.1132300130948827f,0.9924600719956408f,0.21968439797135447f,0f,0.9935545633234155f,0.11335488387898081f,1.737553288895343f,-0.9988984084335403f,0.005319194840378743f,-0.04662269613814706f,-0.007068067465828803f,0f,0f,0f,1f], start_interpolation: 0, interpolation_duration: 1 }
$data merge entity $(bone_left_close) { transformation: [-0.04692514921595779f,-0.1132300130948827f,0.9924600719956408f,0.2314156852753439f,0f,0.9935545633234155f,0.11335488387898081f,1.737553288895343f,-0.9988984084335403f,0.005319194840378743f,-0.04662269613814706f,0.24265653464255627f,0f,0f,0f,1f], start_interpolation: 0, interpolation_duration: 1 }
$data merge entity $(bone_left_eyebrow) { transformation: [-0.04692514921595779f,-0.1132300130948827f,0.9924600719956408f,0.23418440684821618f,0f,0.9935545633234155f,0.11335488387898081f,1.7127073401320152f,-0.9988984084335403f,0.005319194840378743f,-0.04662269613814706f,0.24252646869005542f,0f,0f,0f,1f], start_interpolation: 0, interpolation_duration: 1 }
$data merge entity $(bone_right_eyebrow) { transformation: [-0.04692514921595779f,-0.1132300130948827f,0.9924600719956408f,0.22245311954422672f,0f,0.9935545633234155f,0.11335488387898081f,1.7127073401320152f,-0.9988984084335403f,0.005319194840378743f,-0.04662269613814706f,-0.007198133418329644f,0f,0f,0f,1f], start_interpolation: 0, interpolation_duration: 1 }
$data merge entity $(bone_talking) { transformation: [-0.04692514921595779f,-0.1132300130948827f,0.9924600719956408f,0.5710781932141378f,0f,0.9935545633234155f,0.11335488387898081f,1.4624908890689572f,-0.9988984084335403f,0.005319194840378743f,-0.04662269613814706f,0.10156239265757441f,0f,0f,0f,1f], start_interpolation: 0, interpolation_duration: 1 }
$data merge entity $(bone_m_opened) { transformation: [-0.04692514921595779f,-0.1132300130948827f,0.9924600719956408f,0.5710781932141378f,0f,0.9935545633234155f,0.11335488387898081f,1.4624908890689572f,-0.9988984084335403f,0.005319194840378743f,-0.04662269613814706f,0.10156239265757441f,0f,0f,0f,1f], start_interpolation: 0, interpolation_duration: 1 }
$data merge entity $(bone_head) { transformation: [-0.04692514921595779f,-0.1132300130948827f,0.9924600719956408f,0.5090494387144102f,0f,0.9935545633234155f,0.11335488387898081f,1.455406208826521f,-0.9988984084335403f,0.005319194840378743f,-0.04662269613814706f,0.1044763111662086f,0f,0f,0f,1f], start_interpolation: 0, interpolation_duration: 1 }
$data merge entity $(item_display_r_item) { transformation: [-0.020529752781981533f,-0.4327437670782142f,-0.06097221749015641f,0.463293838196453f,0f,-0.06103945804235715f,0.4332209996778726f,0.6941981935768685f,-0.4370180536896739f,0.020328960053370575f,0.0028642856766988045f,-0.20621885963191136f,0f,0f,0f,1f], start_interpolation: 0, interpolation_duration: 1 }
$data merge entity $(bone_rightarm) { transformation: [-0.04692514921595779f,-0.13936506854892916f,0.9891286104644896f,0.49983174666143343f,0f,0.9902194278351374f,0.13951876123967372f,1.3305251811287886f,-0.9988984084335403f,0.006546938689597277f,-0.04646619440770417f,-0.2079352972518761f,0f,0f,0f,1f], start_interpolation: 0, interpolation_duration: 1 }
$data merge entity $(item_display_l_item) { transformation: [-0.020529752781981533f,-0.43618419495295974f,0.02698383449306446f,0.36598757423046946f,0f,0.027013592438674683f,0.4366652216785271f,0.7144358908562283f,-0.4370180536896739f,0.020490580684684172f,-0.0012676168560438789f,0.4240415408662019f,0f,0f,0f,1f], start_interpolation: 0, interpolation_duration: 1 }
$data merge entity $(bone_leftarm) { transformation: [-0.04692514921595779f,0.06167733598414711f,0.9969924456067651f,0.529159964921407f,0f,0.9980919352652048f,-0.06174535414554191f,1.3305251811287886f,-0.9988984084335403f,-0.0028974099566717124f,-0.04683561299356382f,0.4163762080190866f,0f,0f,0f,1f], start_interpolation: 0, interpolation_duration: 1 }
$data merge entity $(bone_body) { transformation: [-0.04692514921595779f,-0.0435713366160802f,0.9979476784864766f,0.5417279411764704f,0f,0.9990482215818578f,0.043619387365336f,0.7061200426401276f,-0.9988984084335403f,0.002046846260827056f,-0.04688048687166594f,0.10294117647058831f,0f,0f,0f,1f], start_interpolation: 0, interpolation_duration: 1 }
$data merge entity $(bone_leftleg) { transformation: [-0.04692514921595779f,-0.15626213815283865f,0.9866003114488475f,0.5475935848284651f,0f,0.9876883405951378f,0.15643446504023062f,0.808875f,-0.9988984084335403f,0.007340710614531355f,-0.04634742276128858f,0.22780347752478086f,0f,0f,0f,1f], start_interpolation: 0, interpolation_duration: 1 }
$data merge entity $(bone_rightleg) { transformation: [-0.04692514921595779f,0.19470441844116135f,0.9797388528636337f,0.532865602299175f,0f,0.9808193151494231f,-0.19491913972162028f,0.742f,-0.9988984084335403f,-0.009146609716483158f,-0.04602509271728021f,-0.021780349135956348f,0f,0f,0f,1f], start_interpolation: 0, interpolation_duration: 1 }
data modify entity @s data merge value {"locators":{},"cameras":{"camera":{"posx":6.125,"posy":0.7244517038052667,"posz":1.58279128943618,"roty":98.23253329174875,"rotx":-6.299929823266754}}}