# This file was generated by Animated Java via MC-Build. It is not recommended to edit this file directly.
$data merge entity $(bone_left_eye) { transformation: [-0.046687251265553606f,-0.12559493532723873f,0.9909824482751517f,0.21142997277795555f,0f,0.9920642390199215f,0.12573203910628492f,1.6846192161648024f,-0.9989095557503026f,0.0058700833018855356f,-0.0463167523986933f,0.2442171671321197f,0f,0f,0f,1f], start_interpolation: 0, interpolation_duration: 1 }
$data merge entity $(bone_right_eye) { transformation: [-0.046687251265553606f,-0.12559493532723873f,0.9909824482751517f,0.19975815996156715f,0f,0.9920642390199215f,0.12573203910628492f,1.6846192161648024f,-0.9989095557503026f,0.0058700833018855356f,-0.0463167523986933f,-0.0055102218054559615f,0f,0f,0f,1f], start_interpolation: 0, interpolation_duration: 1 }
$data merge entity $(bone_right_close) { transformation: [-0.046687251265553606f,-0.12559493532723873f,0.9909824482751517f,0.19190847650361476f,0f,0.9920642390199215f,0.12573203910628492f,1.7466232311035474f,-0.9989095557503026f,0.0058700833018855356f,-0.0463167523986933f,-0.005143341599088122f,0f,0f,0f,1f], start_interpolation: 0, interpolation_duration: 1 }
$data merge entity $(bone_left_close) { transformation: [-0.046687251265553606f,-0.12559493532723873f,0.9909824482751517f,0.20358028932000316f,0f,0.9920642390199215f,0.12573203910628492f,1.7466232311035474f,-0.9989095557503026f,0.0058700833018855356f,-0.0463167523986933f,0.24458404733848754f,0f,0f,0f,1f], start_interpolation: 0, interpolation_duration: 1 }
$data merge entity $(bone_left_eyebrow) { transformation: [-0.046687251265553606f,-0.12559493532723873f,0.9909824482751517f,0.2066582263001669f,0f,0.9920642390199215f,0.12573203910628492f,1.7218137668756053f,-0.9989095557503026f,0.0058700833018855356f,-0.0463167523986933f,0.2444401900529653f,0f,0f,0f,1f], start_interpolation: 0, interpolation_duration: 1 }
$data merge entity $(bone_right_eyebrow) { transformation: [-0.046687251265553606f,-0.12559493532723873f,0.9909824482751517f,0.19498641348377851f,0f,0.9920642390199215f,0.12573203910628492f,1.7218137668756053f,-0.9989095557503026f,0.0058700833018855356f,-0.0463167523986933f,-0.005287198884610336f,0f,0f,0f,1f], start_interpolation: 0, interpolation_duration: 1 }
$data merge entity $(bone_talking) { transformation: [-0.046687251265553606f,-0.12559493532723873f,0.9909824482751517f,0.5466748152875559f,0f,0.9920642390199215f,0.12573203910628492f,1.475894418630536f,-0.9989095557503026f,0.0058700833018855356f,-0.0463167523986933f,0.10341196671326881f,0f,0f,0f,1f], start_interpolation: 0, interpolation_duration: 1 }
$data merge entity $(bone_m_opened) { transformation: [-0.046687251265553606f,-0.12559493532723873f,0.9909824482751517f,0.5466748152875559f,0f,0.9920642390199215f,0.12573203910628492f,1.475894418630536f,-0.9989095557503026f,0.0058700833018855356f,-0.0463167523986933f,0.10341196671326881f,0f,0f,0f,1f], start_interpolation: 0, interpolation_duration: 1 }
$data merge entity $(bone_head) { transformation: [-0.046687251265553606f,-0.12559493532723873f,0.9909824482751517f,0.48473841227035896f,0f,0.9920642390199215f,0.12573203910628492f,1.4680361661863932f,-0.9989095557503026f,0.0058700833018855356f,-0.0463167523986933f,0.10630676373818715f,0f,0f,0f,1f], start_interpolation: 0, interpolation_duration: 1 }
$data merge entity $(item_display_r_item) { transformation: [-0.0204256724286797f,-0.4327470196255265f,-0.06098408735941231f,0.43907324329864184f,0f,-0.061050659700222644f,0.4332194212522883f,0.706827205356757f,-0.43702293064075737f,0.020225823973123298f,0.002850287489352103f,-0.20440006351706846f,0f,0f,0f,1f], start_interpolation: 0, interpolation_duration: 1 }
$data merge entity $(bone_rightarm) { transformation: [-0.046687251265553606f,-0.13939219967865693f,0.9891360448583463f,0.4755951241067745f,0f,0.9902158200052303f,0.13954436502908055f,1.343155138488661f,-0.9989095557503026f,0.0065149428328048166f,-0.0462304547957104f,-0.20610703109602926f,0f,0f,0f,1f], start_interpolation: 0, interpolation_duration: 1 }
$data merge entity $(item_display_l_item) { transformation: [-0.0204256724286797f,-0.43602698311881627f,0.029487487145224294f,0.3380705364777635f,0f,0.029519676706942305f,0.4365029652672678f,0.7280136671659763f,-0.43702293064075737f,0.020379123617592153f,-0.0013781925636949255f,0.4260028945153575f,0f,0f,0f,1f], start_interpolation: 0, interpolation_duration: 1 }
$data merge entity $(bone_leftarm) { transformation: [-0.046687251265553606f,0.0673999706176553f,0.99663310427158f,0.5047746561477455f,0f,0.9977210634680407f,-0.06747354675872505f,1.343155138488661f,-0.9989095557503026f,-0.0031501544313026764f,-0.04658085398306778f,0.4182114412479099f,0f,0f,0f,1f], start_interpolation: 0, interpolation_duration: 1 }
$data merge entity $(bone_body) { transformation: [-0.046687251265553606f,-0.043571822855208144f,0.9979588151934634f,0.5174172794117651f,0f,0.9990482215818578f,0.043619387365336f,0.71875f,-0.9989095557503026f,0.0020364692979749563f,-0.04664281534739667f,0.10477941176470593f,0f,0f,0f,1f], start_interpolation: 0, interpolation_duration: 1 }
$data merge entity $(bone_leftleg) { transformation: [-0.046687251265553606f,-0.12173645168041744f,0.9914638353977054f,0.5232531858199593f,0f,0.992546151641322f,0.12186934340514798f,0.810875f,-0.9989095557503026f,0.0056897446571241815f,-0.04633925157433667f,0.22964310623349377f,0f,0f,0f,1f], start_interpolation: 0, interpolation_duration: 1 }
$data merge entity $(bone_rightleg) { transformation: [-0.046687251265553606f,0.15100651841792131f,0.9874296592489841f,0.5066978151754583f,0f,0.9885075716462681f,-0.15117136236072648f,0.739f,-0.9989095557503026f,-0.00705777537869129f,-0.04615070137535155f,-0.019856033920116978f,0f,0f,0f,1f], start_interpolation: 0, interpolation_duration: 1 }
data modify entity @s data merge value {"locators":{},"cameras":{"camera":{"posx":6.125,"posy":0.7256771261496946,"posz":1.5787221403347074,"roty":98.13747617201673,"rotx":-6.400432412561211}}}