# This file was generated by Animated Java via MC-Build. It is not recommended to edit this file directly.
$data merge entity $(bone_left_eye) { transformation: [-0.0464368295098334f,-0.13038538429153332f,0.9903753189716633f,0.18604179650802186f,0f,0.9914448613738104f,0.1305261922200516f,1.6958957908347057f,-0.998921228558626f,0.006061222534690279f,-0.04603955599601604f,0.24602715480213402f,0f,0f,0f,1f], start_interpolation: 0, interpolation_duration: 1 }
$data merge entity $(bone_right_eye) { transformation: [-0.0464368295098334f,-0.13038538429153332f,0.9903753189716633f,0.1744325891305635f,0f,0.9914448613738104f,0.1305261922200516f,1.6958957908347057f,-0.998921228558626f,0.006061222534690279f,-0.04603955599601604f,-0.0037031523375224695f,0f,0f,0f,1f], start_interpolation: 0, interpolation_duration: 1 }
$data merge entity $(bone_right_close) { transformation: [-0.0464368295098334f,-0.13038538429153332f,0.9903753189716633f,0.16628350261234268f,0f,0.9914448613738104f,0.1305261922200516f,1.7578610946705688f,-0.998921228558626f,0.006061222534690279f,-0.04603955599601604f,-0.0033243259291043242f,0f,0f,0f,1f], start_interpolation: 0, interpolation_duration: 1 }
$data merge entity $(bone_left_close) { transformation: [-0.0464368295098334f,-0.13038538429153332f,0.9903753189716633f,0.17789270998980103f,0f,0.9914448613738104f,0.1305261922200516f,1.7578610946705688f,-0.998921228558626f,0.006061222534690279f,-0.04603955599601604f,0.24640598121055218f,0f,0f,0f,1f], start_interpolation: 0, interpolation_duration: 1 }
$data merge entity $(bone_left_eyebrow) { transformation: [-0.0464368295098334f,-0.13038538429153332f,0.9903753189716633f,0.18109044613965358f,0f,0.9914448613738104f,0.1305261922200516f,1.7330668152492097f,-0.998921228558626f,0.006061222534690279f,-0.04603955599601604f,0.24625732811943465f,0f,0f,0f,1f], start_interpolation: 0, interpolation_duration: 1 }
$data merge entity $(bone_right_eyebrow) { transformation: [-0.0464368295098334f,-0.13038538429153332f,0.9903753189716633f,0.16948123876219523f,0f,0.9914448613738104f,0.1305261922200516f,1.7330668152492097f,-0.998921228558626f,0.006061222534690279f,-0.04603955599601604f,-0.003472979020221839f,0f,0f,0f,1f], start_interpolation: 0, interpolation_duration: 1 }
$data merge entity $(bone_talking) { transformation: [-0.0464368295098334f,-0.13038538429153332f,0.9903753189716633f,0.5223258260708208f,0f,0.9914448613738104f,0.1305261922200516f,1.4888240105600192f,-0.998921228558626f,0.006061222534690279f,-0.04603955599601604f,0.10525933434987819f,0f,0f,0f,1f], start_interpolation: 0, interpolation_duration: 1 }
$data merge entity $(bone_m_opened) { transformation: [-0.0464368295098334f,-0.13038538429153332f,0.9903753189716633f,0.5223258260708208f,0f,0.9914448613738104f,0.1305261922200516f,1.4888240105600192f,-0.998921228558626f,0.006061222534690279f,-0.04603955599601604f,0.10525933434987819f,0f,0f,0f,1f], start_interpolation: 0, interpolation_duration: 1 }
$data merge entity $(bone_head) { transformation: [-0.0464368295098334f,-0.13038538429153332f,0.9903753189716633f,0.4604273686350918f,0f,0.9914448613738104f,0.1305261922200516f,1.480666123546266f,-0.998921228558626f,0.006061222534690279f,-0.04603955599601604f,0.1081368065996292f,0f,0f,0f,1f], start_interpolation: 0, interpolation_duration: 1 }
$data merge entity $(item_display_r_item) { transformation: [-0.02031611291055211f,-0.4328141370578413f,-0.0605427808998055f,0.41419090589845964f,0f,-0.06060816325543961f,0.4332815488187813f,0.7194948366058632f,-0.4370280374943989f,0.020120221412254308f,0.002814450943996998f,-0.2025512800982368f,0f,0f,0f,1f], start_interpolation: 0, interpolation_duration: 1 }
$data merge entity $(bone_rightarm) { transformation: [-0.0464368295098334f,-0.13838349919955564f,0.9892894561322086f,0.4513624009152634f,0f,0.9903578258715001f,0.13853294458386217f,1.3557850958485336f,-0.998921228558626f,0.006433030729136006f,-0.04598907751372413f,-0.20427927058174233f,0f,0f,0f,1f], start_interpolation: 0, interpolation_duration: 1 }
$data merge entity $(item_display_l_item) { transformation: [-0.02031611291055211f,-0.4358729359871158f,0.031753570353228094f,0.3104880514294076f,0f,0.031787862191142234f,0.4363436510565004f,0.7415192692510021f,-0.4370280374943989f,0.020262415731808946f,-0.001476127537052151f,0.42794451252941873f,0f,0f,0f,1f], start_interpolation: 0, interpolation_duration: 1 }
$data merge entity $(bone_leftarm) { transformation: [-0.0464368295098334f,0.07257958937880685f,0.996280996541979f,0.48038541935890927f,0f,0.9973569167005724f,-0.0726579707226106f,1.3557850958485336f,-0.998921228558626f,-0.003374005798976335f,-0.04631409310127759f,0.42004649726739884f,0f,0f,0f,1f], start_interpolation: 0, interpolation_duration: 1 }
$data merge entity $(bone_body) { transformation: [-0.0464368295098334f,-0.04357233201595605f,0.9979704768918598f,0.4931066176470589f,0f,0.9990482215818578f,0.043619387365336f,0.7313799573598725f,-0.998921228558626f,0.002025546054407489f,-0.04639263193769899f,0.10661764705882358f,0f,0f,0f,1f], start_interpolation: 0, interpolation_duration: 1 }
$data merge entity $(bone_leftleg) { transformation: [-0.0464368295098334f,-0.08706172162143026f,0.995120031701396f,0.498911221335788f,0f,0.9961946980917455f,0.08715574274765818f,0.8125f,-0.998921228558626f,0.004047236366775901f,-0.046260123353886344f,0.23148280062865184f,0f,0f,0f,1f], start_interpolation: 0, interpolation_duration: 1 }
$data merge entity $(bone_rightleg) { transformation: [-0.0464368295098334f,0.09991936229354612f,0.993911335031413f,0.48036506098222814f,0f,0.9949846961061766f,-0.10002726885454503f,0.7361111111111112f,-0.998921228558626f,-0.0046449492301327755f,-0.046203934697975915f,-0.017925028528297485f,0f,0f,0f,1f], start_interpolation: 0, interpolation_duration: 1 }
data modify entity @s data merge value {"locators":{},"cameras":{"camera":{"posx":6.125,"posy":0.7268974538420053,"posz":1.5746392745186812,"roty":98.04932710919088,"rotx":-6.511618338916336}}}