# This file was generated by Animated Java via MC-Build. It is not recommended to edit this file directly.
$data merge entity $(bone_left_eye) { transformation: [-0.046173883525649204f,-0.12709441591095533f,0.9908153117127393f,0.16241061165148474f,0f,0.9918732263968503f,0.12723011733509693f,1.7070384780405863f,-0.998933417440902f,0.0058747086187854475f,-0.045798638827858056f,0.2477514537784653f,0f,0f,0f,1f], start_interpolation: 0, interpolation_duration: 1 }
$data merge entity $(bone_right_eye) { transformation: [-0.046173883525649204f,-0.12709441591095533f,0.9908153117127393f,0.15086714077007246f,0f,0.9918732263968503f,0.12723011733509693f,1.7070384780405863f,-0.998933417440902f,0.0058747086187854475f,-0.045798638827858056f,-0.001981900581760218f,0f,0f,0f,1f], start_interpolation: 0, interpolation_duration: 1 }
$data merge entity $(bone_right_close) { transformation: [-0.046173883525649204f,-0.12709441591095533f,0.9908153117127393f,0.14292373977563777f,0f,0.9918732263968503f,0.12723011733509693f,1.7690305546903895f,-0.998933417440902f,0.0058747086187854475f,-0.045798638827858056f,-0.001614731293086119f,0f,0f,0f,1f], start_interpolation: 0, interpolation_duration: 1 }
$data merge entity $(bone_left_close) { transformation: [-0.046173883525649204f,-0.12709441591095533f,0.9908153117127393f,0.15446721065705005f,0f,0.9918732263968503f,0.12723011733509693f,1.7690305546903895f,-0.998933417440902f,0.0058747086187854475f,-0.045798638827858056f,0.2481186230671394f,0f,0f,0f,1f], start_interpolation: 0, interpolation_duration: 1 }
$data merge entity $(bone_left_eyebrow) { transformation: [-0.046173883525649204f,-0.12709441591095533f,0.9908153117127393f,0.15758264509784187f,0f,0.9918732263968503f,0.12723011733509693f,1.744225772148135f,-0.998933417440902f,0.0058747086187854475f,-0.045798638827858056f,0.24797461776659652f,0f,0f,0f,1f], start_interpolation: 0, interpolation_duration: 1 }
$data merge entity $(bone_right_eyebrow) { transformation: [-0.046173883525649204f,-0.12709441591095533f,0.9908153117127393f,0.14603917421642956f,0f,0.9918732263968503f,0.12723011733509693f,1.744225772148135f,-0.998933417440902f,0.0058747086187854475f,-0.045798638827858056f,-0.0017587365936290178f,0f,0f,0f,1f], start_interpolation: 0, interpolation_duration: 1 }
$data merge entity $(bone_talking) { transformation: [-0.046173883525649204f,-0.12709441591095533f,0.9908153117127393f,0.4980422650987485f,0f,0.9918732263968503f,0.12723011733509693f,1.4988295831085914f,-0.998933417440902f,0.0058747086187854475f,-0.045798638827858056f,0.10710402480995054f,0f,0f,0f,1f], start_interpolation: 0, interpolation_duration: 1 }
$data merge entity $(bone_m_opened) { transformation: [-0.046173883525649204f,-0.12709441591095533f,0.9908153117127393f,0.4980422650987485f,0f,0.9918732263968503f,0.12723011733509693f,1.4988295831085914f,-0.998933417440902f,0.0058747086187854475f,-0.045798638827858056f,0.10710402480995054f,0f,0f,0f,1f], start_interpolation: 0, interpolation_duration: 1 }
$data merge entity $(bone_head) { transformation: [-0.046173883525649204f,-0.12709441591095533f,0.9908153117127393f,0.43611630811670227f,0f,0.9918732263968503f,0.12723011733509693f,1.490877700775148f,-0.998933417440902f,0.0058747086187854475f,-0.045798638827858056f,0.10996643973669167f,0f,0f,0f,1f], start_interpolation: 0, interpolation_duration: 1 }
$data merge entity $(item_display_r_item) { transformation: [-0.020201074042471526f,-0.43292751864255724f,-0.059765627324815954f,0.3888194683277423f,0f,-0.0598294403624271f,0.43338976460677836f,0.7297743121070387f,-0.4370333701303946f,0.020011288512161912f,0.0027625576106994846f,-0.20068101264650162f,0f,0f,0f,1f], start_interpolation: 0, interpolation_duration: 1 }
$data merge entity $(bone_rightarm) { transformation: [-0.046173883525649204f,-0.1366071481710081f,0.9895486140401308f,0.4271335774758786f,0f,0.9906051762440649f,0.13675300654269074f,1.3659966730774156f,-0.998933417440902f,0.006314417395884547f,-0.04574008802779866f,-0.20245201277754862f,0f,0f,0f,1f], start_interpolation: 0, interpolation_duration: 1 }
$data merge entity $(item_display_l_item) { transformation: [-0.020201074042471526f,-0.4357335942061278f,0.03368087718186867f,0.28338140321784633f,0f,0.03371683897426654f,0.43619883627719985f,0.7524888609597776f,-0.4370333701303946f,0.020140994260287152f,-0.0015568373956508532f,0.42985999633402694f,0f,0f,0f,1f], start_interpolation: 0, interpolation_duration: 1 }
$data merge entity $(bone_leftarm) { transformation: [-0.046173883525649204f,0.07698486212998532f,0.9959625010425778f,0.45599225467940935f,0f,0.9970259114907425f,-0.07706706051260902f,1.3659966730774156f,-0.998933417440902f,-0.0035584854757733683f,-0.046036558309227774f,0.4218813731230151f,0f,0f,0f,1f], start_interpolation: 0, interpolation_duration: 1 }
$data merge entity $(bone_body) { transformation: [-0.046173883525649204f,-0.043572863687533596f,0.9979826541730208f,0.46879595588235246f,0f,0.9990482215818578f,0.043619387365336f,0.7415915345887545f,-0.998933417440902f,0.002014076511667199f,-0.04612993621982768f,0.10845588235294126f,0f,0f,0f,1f], start_interpolation: 0, interpolation_duration: 1 }
$data merge entity $(bone_leftleg) { transformation: [-0.046173883525649204f,-0.0522801356248009f,0.9975644139098045f,0.4745676913230586f,0f,0.9986295347545739f,0.052335956242943335f,0.8145f,-0.998933417440902f,0.0024165543477651387f,-0.04611060382303095f,0.23332255953305403f,0f,0f,0f,1f], start_interpolation: 0, interpolation_duration: 1 }
$data merge entity $(bone_rightleg) { transformation: [-0.046173883525649204f,0.043921222689709834f,0.9979673835740327f,0.45403381968467815f,0f,0.9990329346781248f,-0.04396811831786402f,0.7334999999999999f,-0.998933417440902f,-0.0020301787740510165f,-0.046129230364115245f,-0.01599522987544065f,0f,0f,0f,1f], start_interpolation: 0, interpolation_duration: 1 }
data modify entity @s data merge value {"locators":{},"cameras":{"camera":{"posx":6.125,"posy":0.7281126600917405,"posz":1.5705439779300927,"roty":97.9678730306681,"rotx":-6.633062694374746}}}