# This file was generated by Animated Java via MC-Build. It is not recommended to edit this file directly.
$data merge entity $(bone_left_eye) { transformation: [-0.045898412872930935f,-0.11832111185255295f,0.9919140336670924f,0.13998374626790042f,0f,0.99296050232009f,0.11844594054772101f,1.715840376650168f,-0.9989461125084507f,0.00543648068238193f,-0.045575311102000395f,0.24941687514462965f,0f,0f,0f,1f], start_interpolation: 0, interpolation_duration: 1 }
$data merge entity $(bone_right_eye) { transformation: [-0.045898412872930935f,-0.11832111185255295f,0.9919140336670924f,0.12850914304966768f,0f,0.99296050232009f,0.11844594054772101f,1.715840376650168f,-0.9989461125084507f,0.00543648068238193f,-0.045575311102000395f,-0.0003196529824830152f,0f,0f,0f,1f], start_interpolation: 0, interpolation_duration: 1 }
$data merge entity $(bone_right_close) { transformation: [-0.045898412872930935f,-0.11832111185255295f,0.9919140336670924f,0.12111407355888312f,0f,0.99296050232009f,0.11844594054772101f,1.7779004080451737f,-0.9989461125084507f,0.00543648068238193f,-0.045575311102000395f,0.000020127060165853194f,0f,0f,0f,1f], start_interpolation: 0, interpolation_duration: 1 }
$data merge entity $(bone_left_close) { transformation: [-0.045898412872930935f,-0.11832111185255295f,0.9919140336670924f,0.13258867677711586f,0f,0.99296050232009f,0.11844594054772101f,1.7779004080451737f,-0.9989461125084507f,0.00543648068238193f,-0.045575311102000395f,0.24975665518727852f,0f,0f,0f,1f], start_interpolation: 0, interpolation_duration: 1 }
$data merge entity $(bone_left_eyebrow) { transformation: [-0.045898412872930935f,-0.11832111185255295f,0.9919140336670924f,0.13548470994632544f,0f,0.99296050232009f,0.11844594054772101f,1.7530689926158873f,-0.9989461125084507f,0.00543648068238193f,-0.045575311102000395f,0.24962359162716286f,0f,0f,0f,1f], start_interpolation: 0, interpolation_duration: 1 }
$data merge entity $(bone_right_eyebrow) { transformation: [-0.045898412872930935f,-0.11832111185255295f,0.9919140336670924f,0.1240101067280927f,0f,0.99296050232009f,0.11844594054772101f,1.7530689926158873f,-0.9989461125084507f,0.00543648068238193f,-0.045575311102000395f,-0.00011293649994982558f,0f,0f,0f,1f], start_interpolation: 0, interpolation_duration: 1 }
$data merge entity $(bone_talking) { transformation: [-0.045898412872930935f,-0.11832111185255295f,0.9919140336670924f,0.47379985814288866f,0f,0.99296050232009f,0.11844594054772101f,1.5046146074913085f,-0.9989461125084507f,0.00543648068238193f,-0.045575311102000395f,0.10894720619110272f,0f,0f,0f,1f], start_interpolation: 0, interpolation_duration: 1 }
$data merge entity $(bone_m_opened) { transformation: [-0.045898412872930935f,-0.11832111185255295f,0.9919140336670924f,0.47379985814288866f,0f,0.99296050232009f,0.11844594054772101f,1.5046146074913085f,-0.9989461125084507f,0.00543648068238193f,-0.045575311102000395f,0.10894720619110272f,0f,0f,0f,1f], start_interpolation: 0, interpolation_duration: 1 }
$data merge entity $(bone_head) { transformation: [-0.045898412872930935f,-0.11832111185255295f,0.9919140336670924f,0.4118052310386954f,0f,0.99296050232009f,0.11844594054772101f,1.4972117362070758f,-0.9989461125084507f,0.00543648068238193f,-0.045575311102000395f,0.11179566313497774f,0f,0f,0f,1f], start_interpolation: 0, interpolation_duration: 1 }
$data merge entity $(item_display_r_item) { transformation: [-0.020080555631907283f,-0.4330694114165998f,-0.05876994283469825f,0.36313159784055604f,0f,-0.0588319450857276f,0.4335262993607538f,0.7361982965409158f,-0.43703892422244717f,0.019898169079333734f,0.002700292905662326f,-0.1987976247335123f,0f,0f,0f,1f], start_interpolation: 0, interpolation_duration: 1 }
$data merge entity $(bone_rightarm) { transformation: [-0.045898412872930935f,-0.13433129790788192f,0.9898729403807996f,0.4029086541957298f,0f,0.9909172556817231f,0.13447301733880618f,1.3723307085093435f,-0.9989461125084507f,0.006172098070085326f,-0.04548152932419139f,-0.2006252546052329f,0f,0f,0f,1f], start_interpolation: 0, interpolation_duration: 1 }
$data merge entity $(item_display_l_item) { transformation: [-0.020080555631907283f,-0.43562163673618365f,0.03516832229155088f,0.25689137704304377f,0f,0.03520542484843332f,0.43608121727637084f,0.7594162337855089f,-0.43703892422244717f,0.02001543575668117f,-0.0016158731250603346f,0.4317431518216867f,0f,0f,0f,1f], start_interpolation: 0, interpolation_duration: 1 }
$data merge entity $(bone_leftarm) { transformation: [-0.045898412872930935f,0.0803847366664018f,0.9957065982541341f,0.43159516224131167f,0f,0.9967570680602762f,-0.08046954251070451f,1.3723307085093435f,-0.9989461125084507f,-0.0036934242858521833f,-0.045749567443842676f,0.4237160657125488f,0f,0f,0f,1f], start_interpolation: 0, interpolation_duration: 1 }
$data merge entity $(bone_body) { transformation: [-0.045898412872930935f,-0.04357341743860263f,0.9979953371576781f,0.44448529411764737f,0f,0.9990482215818578f,0.043619387365336f,0.7479255700206824f,-0.9989461125084507f,0.002002060650558499f,-0.0458547277541315f,0.11029411764705886f,0f,0f,0f,1f], start_interpolation: 0, interpolation_duration: 1 }
$data merge entity $(bone_leftleg) { transformation: [-0.045898412872930935f,-0.01743401356444207f,0.9987939681770115f,0.4502225957267637f,0f,0.9998476951563913f,0.017452406437283758f,0.8166249999999999f,-0.9989461125084507f,0.0008010377562846475f,-0.045891422322336436f,0.2351623817106152f,0f,0f,0f,1f], start_interpolation: 0, interpolation_duration: 1 }
$data merge entity $(bone_rightleg) { transformation: [-0.045898412872930935f,-0.014386522761307677f,0.9988425119399877f,0.42787057928343897f,0f,0.9998962901330055f,0.01440170053335682f,0.7313333333333334f,-0.9989461125084507f,0.000661015197152321f,-0.045893652754636624f,-0.014074363698547782f,0f,0f,0f,1f], start_interpolation: 0, interpolation_duration: 1 }
data modify entity @s data merge value {"locators":{},"cameras":{"camera":{"posx":6.125,"posy":0.7293227181084422,"posz":1.5664375365109302,"roty":97.8929008859262,"rotx":-6.76434055769169}}}