# This file was generated by Animated Java via MC-Build. It is not recommended to edit this file directly.
$data merge entity $(bone_left_eye) { transformation: [-0.0456104170953061f,-0.10571752269900297f,0.9933496339390165f,0.11842865071739249f,0f,0.9943844864917185f,0.10582765718186031f,1.7214253735138578f,-0.9989593034014911f,0.004826843584283714f,-0.04535429118198905f,0.25103967339631217f,0f,0f,0f,1f], start_interpolation: 0, interpolation_duration: 1 }
$data merge entity $(bone_right_eye) { transformation: [-0.0456104170953061f,-0.10571752269900297f,0.9933496339390165f,0.10702604644356596f,0f,0.9943844864917185f,0.10582765718186031f,1.7214253735138578f,-0.9989593034014911f,0.004826843584283714f,-0.04535429118198905f,0.0012998475459393838f,0f,0f,0f,1f], start_interpolation: 0, interpolation_duration: 1 }
$data merge entity $(bone_right_close) { transformation: [-0.0456104170953061f,-0.10571752269900297f,0.9933496339390165f,0.10041870127487824f,0f,0.9943844864917185f,0.10582765718186031f,1.7835744039195902f,-0.9989593034014911f,0.004826843584283714f,-0.04535429118198905f,0.0016015252699571186f,0f,0f,0f,1f], start_interpolation: 0, interpolation_duration: 1 }
$data merge entity $(bone_left_close) { transformation: [-0.0456104170953061f,-0.10571752269900297f,0.9933496339390165f,0.11182130554870477f,0f,0.9943844864917185f,0.10582765718186031f,1.7835744039195902f,-0.9989593034014911f,0.004826843584283714f,-0.04535429118198905f,0.2513413511203299f,0f,0f,0f,1f], start_interpolation: 0, interpolation_duration: 1 }
$data merge entity $(bone_left_eyebrow) { transformation: [-0.0456104170953061f,-0.10571752269900297f,0.9933496339390165f,0.11440215926405867f,0f,0.9943844864917185f,0.10582765718186031f,1.7587081775287234f,-0.9989593034014911f,0.004826843584283714f,-0.04535429118198905f,0.2512235146739217f,0f,0f,0f,1f], start_interpolation: 0, interpolation_duration: 1 }
$data merge entity $(bone_right_eyebrow) { transformation: [-0.0456104170953061f,-0.10571752269900297f,0.9933496339390165f,0.10299955499023214f,0f,0.9943844864917185f,0.10582765718186031f,1.7587081775287234f,-0.9989593034014911f,0.004826843584283714f,-0.04535429118198905f,0.0014836888235489065f,0f,0f,0f,1f], start_interpolation: 0, interpolation_duration: 1 }
$data merge entity $(bone_talking) { transformation: [-0.0456104170953061f,-0.10571752269900297f,0.9933496339390165f,0.4495784898611726f,0f,0.9943844864917185f,0.10582765718186031f,1.5059003947602594f,-0.9989593034014911f,0.004826843584283714f,-0.04535429118198905f,0.11078983358068326f,0f,0f,0f,1f], start_interpolation: 0, interpolation_duration: 1 }
$data merge entity $(bone_m_opened) { transformation: [-0.0456104170953061f,-0.10571752269900297f,0.9933496339390165f,0.4495784898611726f,0f,0.9943844864917185f,0.10582765718186031f,1.5059003947602594f,-0.9989593034014911f,0.004826843584283714f,-0.04535429118198905f,0.11078983358068326f,0f,0f,0f,1f], start_interpolation: 0, interpolation_duration: 1 }
$data merge entity $(bone_head) { transformation: [-0.0456104170953061f,-0.10571752269900297f,0.9933496339390165f,0.3874941377399841f,0f,0.9943844864917185f,0.10582765718186031f,1.4992861661863932f,-0.9989593034014911f,0.004826843584283714f,-0.04535429118198905f,0.11362447677955757f,0f,0f,0f,1f], start_interpolation: 0, interpolation_duration: 1 }
$data merge entity $(item_display_r_item) { transformation: [-0.019954557479196416f,-0.43322266210178817f,-0.0576731365303587f,0.3372999230855764f,0f,-0.0577332192953003f,0.4336739851429882f,0.738375668485735f,-0.43704469523815237f,0.01978005134575527f,0.0026332362123134205f,-0.1969093156157515f,0f,0f,0f,1f], start_interpolation: 0, interpolation_duration: 1 }
$data merge entity $(bone_rightarm) { transformation: [-0.0456104170953061f,-0.13182431206939155f,0.99022322766123f,0.3786876314998604f,0f,0.9912548231839731f,0.13196164410354377f,1.374405138488661f,-0.9989593034014911f,0.006018825628144971f,-0.045211545933154906f,-0.19879899283980526f,0f,0f,0f,1f], start_interpolation: 0, interpolation_duration: 1 }
$data merge entity $(item_display_l_item) { transformation: [-0.019954557479196416f,-0.43554997619176483f,0.036114870554420704f,0.23115861962332157f,0f,0.03615249433229994f,0.4360037237840441f,0.7618719600349695f,-0.43704469523815237f,0.01988631169689688f,-0.0016489303455318894f,0.4335879899074285f,0f,0f,0f,1f], start_interpolation: 0, interpolation_duration: 1 }
$data merge entity $(bone_leftarm) { transformation: [-0.0456104170953061f,0.08254827555296139f,0.995542802724034f,0.4071941421844267f,0f,0.9965799400778151f,-0.0826342727595425f,1.374405138488661f,-0.9989593034014911f,-0.003768983646930023f,-0.045454426735764296f,0.42555057178612665f,0f,0f,0f,1f], start_interpolation: 0, interpolation_duration: 1 }
$data merge entity $(bone_body) { transformation: [-0.0456104170953061f,-0.04357399281727585f,0.9980085154959112f,0.42017463235294095f,0f,0.9990482215818578f,0.043619387365336f,0.75f,-0.9989593034014911f,0.0019894984511746997f,-0.04556700608467232f,0.11213235294117654f,0f,0f,0f,1f], start_interpolation: 0, interpolation_duration: 1 }
$data merge entity $(bone_leftleg) { transformation: [-0.0456104170953061f,0.017434243777268682f,0.9988071570610151f,0.4258759344898542f,0f,0.9998476951563913f,-0.017452406437283758f,0.81775f,-0.9989593034014911f,-0.0007960115369213173f,-0.045603470407863465f,0.23700226586636292f,0f,0f,0f,1f], start_interpolation: 0, interpolation_duration: 1 }
$data merge entity $(bone_rightleg) { transformation: [-0.0456104170953061f,-0.0723376189046624f,0.9963367697438433f,0.4020418366625869f,0f,0.9973747342372027f,0.07241297884543475f,0.7297777777777777f,-0.9989593034014911f,0.003302786168253856f,-0.04549067762887889f,-0.012169963682379367f,0f,0f,0f,1f], start_interpolation: 0, interpolation_duration: 1 }
data modify entity @s data merge value {"locators":{},"cameras":{"camera":{"posx":6.125,"posy":0.7305276011016522,"posz":1.5623212362031829,"roty":97.8241976669578,"rotx":-6.9050269830855955}}}