# This file was generated by Animated Java via MC-Build. It is not recommended to edit this file directly.
$data merge entity $(bone_left_eye) { transformation: [-0.045309895720748714f,-0.09094102477075713f,0.9948249812722938f,0.09740526402922967f,0f,0.9958477375236163f,0.09103451910728558f,1.7232623463569996f,-0.9989729792891172f,0.004124764567739615f,-0.045121757140938586f,0.25263613349329805f,0f,0f,0f,1f], start_interpolation: 0, interpolation_duration: 1 }
$data merge entity $(bone_right_eye) { transformation: [-0.045309895720748714f,-0.09094102477075713f,0.9948249812722938f,0.08607779009904248f,0f,0.9958477375236163f,0.09103451910728558f,1.7232623463569996f,-0.9989729792891172f,0.004124764567739615f,-0.045121757140938586f,0.0028928886710187646f,0f,0f,0f,1f], start_interpolation: 0, interpolation_duration: 1 }
$data merge entity $(bone_right_close) { transformation: [-0.045309895720748714f,-0.09094102477075713f,0.9948249812722938f,0.08039397605087018f,0f,0.9958477375236163f,0.09103451910728558f,1.7855028299522255f,-0.9989729792891172f,0.004124764567739615f,-0.045121757140938586f,0.0031506864565024745f,0f,0f,0f,1f], start_interpolation: 0, interpolation_duration: 1 }
$data merge entity $(bone_left_close) { transformation: [-0.045309895720748714f,-0.09094102477075713f,0.9948249812722938f,0.09172144998105736f,0f,0.9958477375236163f,0.09103451910728558f,1.7855028299522255f,-0.9989729792891172f,0.004124764567739615f,-0.045121757140938586f,0.2528939312787818f,0f,0f,0f,1f], start_interpolation: 0, interpolation_duration: 1 }
$data merge entity $(bone_left_eyebrow) { transformation: [-0.045309895720748714f,-0.09094102477075713f,0.9948249812722938f,0.09393279903899672f,0f,0.9958477375236163f,0.09103451910728558f,1.760600946856691f,-0.9989729792891172f,0.004124764567739615f,-0.045121757140938586f,0.2527936322744096f,0f,0f,0f,1f], start_interpolation: 0, interpolation_duration: 1 }
$data merge entity $(bone_right_eyebrow) { transformation: [-0.045309895720748714f,-0.09094102477075713f,0.9948249812722938f,0.08260532510880955f,0f,0.9958477375236163f,0.09103451910728558f,1.760600946856691f,-0.9989729792891172f,0.004124764567739615f,-0.045121757140938586f,0.003050387452130307f,0f,0f,0f,1f], start_interpolation: 0, interpolation_duration: 1 }
$data merge entity $(bone_talking) { transformation: [-0.045309895720748714f,-0.09094102477075713f,0.9948249812722938f,0.4253595899044172f,0f,0.9958477375236163f,0.09103451910728558f,1.5027486991971222f,-0.9989729792891172f,0.004124764567739615f,-0.045121757140938586f,0.1126327708336802f,0f,0f,0f,1f], start_interpolation: 0, interpolation_duration: 1 }
$data merge entity $(bone_m_opened) { transformation: [-0.045309895720748714f,-0.09094102477075713f,0.9948249812722938f,0.4253595899044172f,0f,0.9958477375236163f,0.09103451910728558f,1.5027486991971222f,-0.9989729792891172f,0.004124764567739615f,-0.045121757140938586f,0.1126327708336802f,0f,0f,0f,1f], start_interpolation: 0, interpolation_duration: 1 }
$data merge entity $(bone_head) { transformation: [-0.045309895720748714f,-0.09094102477075713f,0.9948249812722938f,0.3631830285748988f,0f,0.9958477375236163f,0.09103451910728558f,1.4970590417529168f,-0.9989729792891172f,0.004124764567739615f,-0.045121757140938586f,0.11545288065498886f,0f,0f,0f,1f], start_interpolation: 0, interpolation_duration: 1 }
$data merge entity $(item_display_r_item) { transformation: [-0.01982307937782756f,-0.43337115071651916f,-0.05659276676944139f,0.31149699072553666f,0f,-0.05665094846680795f,0.43381668944130203f,0.7362539010056651f,-0.43705067843898876f,0.019656188960505822f,0.0025668485675125778f,-0.1950240966457781f,0f,0f,0f,1f], start_interpolation: 0, interpolation_duration: 1 }
$data merge entity $(bone_rightarm) { transformation: [-0.045309895720748714f,-0.1293548954730091f,0.9905626302091867f,0.3544705098310543f,0f,0.9915810044372617f,0.12948788220984697f,1.3721780140551845f,-0.9989729792891172f,0.005867082440028759f,-0.0449284319097276f,-0.19697322410947607f,0f,0f,0f,1f], start_interpolation: 0, interpolation_duration: 1 }
$data merge entity $(item_display_l_item) { transformation: [-0.01982307937782756f,-0.4355306195082345f,0.03641943155451262f,0.20632411543343734f,0f,0.03645687351867033f,0.4359783783322788f,0.759768008871549f,-0.43705067843898876f,0.019754134858736686f,-0.0016518571374354776f,0.43538872238791193f,0f,0f,0f,1f], start_interpolation: 0, interpolation_duration: 1 }
$data merge entity $(bone_leftarm) { transformation: [-0.045309895720748714f,0.0832444149817429f,0.9954985588759646f,0.3827891946565222f,0f,0.9965220076166373f,-0.0833299966141034f,1.3721780140551845f,-0.9989729792891172f,-0.0037756734569953676f,-0.045152308248540995f,0.4273848879462222f,0f,0f,0f,1f], start_interpolation: 0, interpolation_duration: 1 }
$data merge entity $(bone_body) { transformation: [-0.045309895720748714f,-0.04357458935111578f,0.9980221783671226f,0.39586397058823564f,0f,0.9990482215818578f,0.043619387365336f,0.7477728755665235f,-0.9989729792891172f,0.0019763898929263182f,-0.04526677073987343f,0.11397058823529413f,0f,0f,0f,1f], start_interpolation: 0, interpolation_duration: 1 }
$data merge entity $(bone_leftleg) { transformation: [-0.045309895720748714f,0.05228220613195798f,0.9976039215398818f,0.4015277075533292f,0f,0.9986295347545739f,-0.052335956242943335f,0.8167500000000001f,-0.9989729792891172f,-0.00237133671981343f,-0.04524780008338955f,0.2388422106464338f,0f,0f,0f,1f], start_interpolation: 0, interpolation_duration: 1 }
$data merge entity $(bone_rightleg) { transformation: [-0.045309895720748714f,-0.12727998376147953f,0.9908313777245109f,0.37671409840273895f,0f,0.9918500282456089f,0.12741083733020858f,0.729f,-0.9989729792891172f,0.0057729717531250285f,-0.044940621350430206f,-0.010289350583615409f,0f,0f,0f,1f], start_interpolation: 0, interpolation_duration: 1 }
data modify entity @s data merge value {"locators":{},"cameras":{"camera":{"posx":6.125,"posy":0.7317272822809124,"posz":1.5581963629488402,"roty":97.76155043126276,"rotx":-7.054696989958019}}}