# This file was generated by Animated Java via MC-Build. It is not recommended to edit this file directly.
$data merge entity $(bone_left_eye) { transformation: [-0.0449968482622579f,-0.07565917754786614f,0.9961179510977823f,0.07655222778454944f,0f,0.9971279131746841f,0.07573588824262745f,1.719861893021458f,-0.9989871288692679f,0.0034078762712608296f,-0.044867613407183135f,0.25422313827360926f,0f,0f,0f,1f], start_interpolation: 0, interpolation_duration: 1 }
$data merge entity $(bone_right_eye) { transformation: [-0.0449968482622579f,-0.07565917754786614f,0.9961179510977823f,0.06530301571898496f,0f,0.9971279131746841f,0.07573588824262745f,1.719861893021458f,-0.9989871288692679f,0.0034078762712608296f,-0.044867613407183135f,0.004476356056292305f,0f,0f,0f,1f], start_interpolation: 0, interpolation_duration: 1 }
$data merge entity $(bone_right_close) { transformation: [-0.0449968482622579f,-0.07565917754786614f,0.9961179510977823f,0.06057431712224333f,0f,0.9971279131746841f,0.07573588824262745f,1.782182387594876f,-0.9989871288692679f,0.0034078762712608296f,-0.044867613407183135f,0.00468934832324612f,0f,0f,0f,1f], start_interpolation: 0, interpolation_duration: 1 }
$data merge entity $(bone_left_close) { transformation: [-0.0449968482622579f,-0.07565917754786614f,0.9961179510977823f,0.07182352918780781f,0f,0.9971279131746841f,0.07573588824262745f,1.782182387594876f,-0.9989871288692679f,0.0034078762712608296f,-0.044867613407183135f,0.2544361305405631f,0f,0f,0f,1f], start_interpolation: 0, interpolation_duration: 1 }
$data merge entity $(bone_left_eyebrow) { transformation: [-0.0449968482622579f,-0.07565917754786614f,0.9961179510977823f,0.07365275125456083f,0f,0.9971279131746841f,0.07573588824262745f,1.7572494562724936f,-0.9989871288692679f,0.0034078762712608296f,-0.044867613407183135f,0.2543537378596195f,0f,0f,0f,1f], start_interpolation: 0, interpolation_duration: 1 }
$data merge entity $(bone_right_eyebrow) { transformation: [-0.0449968482622579f,-0.07565917754786614f,0.9961179510977823f,0.06240353918899636f,0f,0.9971279131746841f,0.07573588824262745f,1.7572494562724936f,-0.9989871288692679f,0.0034078762712608296f,-0.044867613407183135f,0.004606955642302554f,0f,0f,0f,1f], start_interpolation: 0, interpolation_duration: 1 }
$data merge entity $(bone_talking) { transformation: [-0.0449968482622579f,-0.07565917754786614f,0.9961179510977823f,0.40112927585679076f,0f,0.9971279131746841f,0.07573588824262745f,1.494247379803608f,-0.9989871288692679f,0.0034078762712608296f,-0.044867613407183135f,0.11447664890739087f,0f,0f,0f,1f], start_interpolation: 0, interpolation_duration: 1 }
$data merge entity $(bone_m_opened) { transformation: [-0.0449968482622579f,-0.07565917754786614f,0.9961179510977823f,0.40112927585679076f,0f,0.9971279131746841f,0.07573588824262745f,1.494247379803608f,-0.9989871288692679f,0.0034078762712608296f,-0.044867613407183135f,0.11447664890739087f,0f,0f,0f,1f], start_interpolation: 0, interpolation_duration: 1 }
$data merge entity $(bone_head) { transformation: [-0.0449968482622579f,-0.07565917754786614f,0.9961179510977823f,0.33887190391317934f,0f,0.9971279131746841f,0.07573588824262745f,1.4895138867884439f,-0.9989871288692679f,0.0034078762712608296f,-0.044867613407183135f,0.11728087474533981f,0f,0f,0f,1f], start_interpolation: 0, interpolation_duration: 1 }
$data merge entity $(item_display_r_item) { transformation: [-0.01968612111473783f,-0.43349990545140643f,-0.05564655073836595f,0.2858952462897365f,0f,-0.05570297066925285f,0.43393943017271475f,0.7288042529384756f,-0.4370568688803047f,0.019525906694492307f,0.0025064581189613733f,-0.19314976886714622f,0f,0f,0f,1f], start_interpolation: 0, interpolation_duration: 1 }
$data merge entity $(bone_rightarm) { transformation: [-0.0449968482622579f,-0.1271921159734081f,0.9908569267460718f,0.3302572896496154f,0f,0.9918615546804909f,0.1273210758154353f,1.3646328590907117f,-0.9989871288692679f,0.005729047129054577f,-0.04463064387312527f,-0.19514794489562776f,0f,0f,0f,1f], start_interpolation: 0, interpolation_duration: 1 }
$data merge entity $(item_display_l_item) { transformation: [-0.01968612111473783f,-0.4355732932939319f,0.03598072823796483f,0.1825297671038822f,0f,0.03601720902920004f,0.43601492021919036f,0.7520450327859255f,-0.4370568688803047f,0.019619297205183392f,-0.0016206608895169394f,0.43713975397702703f,0f,0f,0f,1f], start_interpolation: 0, interpolation_duration: 1 }
$data merge entity $(bone_leftarm) { transformation: [-0.0449968482622579f,0.0822416645439194f,0.9955960989575586f,0.35838031981352664f,0f,0.996605531929578f,-0.08232504920959988f,1.3646328590907117f,-0.9989871288692679f,-0.00370436774746728f,-0.04484410789756204f,0.4292190106476647f,0f,0f,0f,1f], start_interpolation: 0, interpolation_duration: 1 }
$data merge entity $(bone_body) { transformation: [-0.0449968482622579f,-0.04357520654713343f,0.9980363144800083f,0.37155330882352944f,0f,0.9990482215818578f,0.043619387365336f,0.7402277206020506f,-0.9989871288692679f,0.0019627349545706736f,-0.044954021233197465f,0.11580882352941181f,0f,0f,0f,1f], start_interpolation: 0, interpolation_duration: 1 }
$data merge entity $(bone_leftleg) { transformation: [-0.0449968482622579f,0.08706746521195156f,0.99518568124146f,0.3771779148563117f,0f,0.9961946980917455f,-0.08715574274765818f,0.8125f,-0.9989871288692679f,-0.003921733731600759f,-0.0448256216697001f,0.2406822146380703f,0f,0f,0f,1f], start_interpolation: 0, interpolation_duration: 1 }
$data merge entity $(bone_rightleg) { transformation: [-0.0449968482622579f,-0.1766511473461507f,0.9832444537284467f,0.3520538815564518f,0f,0.984241363391098f,0.17683025360506732f,0.7291666666666666f,-0.9989871288692679f,0.007956804089643797f,-0.04428775928194708f,-0.008439611353381976f,0f,0f,0f,1f], start_interpolation: 0, interpolation_duration: 1 }
data modify entity @s data merge value {"locators":{},"cameras":{"camera":{"posx":6.125,"posy":0.7329217348557648,"posz":1.5540642026898914,"roty":97.70474632784077,"rotx":-7.212925553383078}}}