# This file was generated by Animated Java via MC-Build. It is not recommended to edit this file directly.
$data merge entity $(bone_left_eye) { transformation: [-0.04467127421856652f,-0.0615491174486438f,0.9971038979970859f,0.05548141955587131f,0f,0.9981002611958285f,0.06161062084429204f,1.7102824987526255f,-0.9990017403686992f,0.0027522249385115f,-0.04458641046550173f,0.2558183354313023f,0f,0f,0f,1f], start_interpolation: 0, interpolation_duration: 1 }
$data merge entity $(bone_right_eye) { transformation: [-0.04467127421856652f,-0.0615491174486438f,0.9971038979970859f,0.04431360100122968f,0f,0.9981002611958285f,0.06161062084429204f,1.7102824987526255f,-0.9990017403686992f,0.0027522249385115f,-0.04458641046550173f,0.006067900339127505f,0f,0f,0f,1f], start_interpolation: 0, interpolation_duration: 1 }
$data merge entity $(bone_right_close) { transformation: [-0.04467127421856652f,-0.0615491174486438f,0.9971038979970859f,0.04046678116068943f,0f,0.9981002611958285f,0.06161062084429204f,1.772663765077365f,-0.9990017403686992f,0.0027522249385115f,-0.04458641046550173f,0.006239914397784471f,0f,0f,0f,1f], start_interpolation: 0, interpolation_duration: 1 }
$data merge entity $(bone_left_close) { transformation: [-0.04467127421856652f,-0.0615491174486438f,0.9971038979970859f,0.05163459971533106f,0f,0.9981002611958285f,0.06161062084429204f,1.772663765077365f,-0.9990017403686992f,0.0027522249385115f,-0.04458641046550173f,0.25599034948995925f,0f,0f,0f,1f], start_interpolation: 0, interpolation_duration: 1 }
$data merge entity $(bone_left_eyebrow) { transformation: [-0.04467127421856652f,-0.0615491174486438f,0.9971038979970859f,0.053111008657922294f,0f,0.9981002611958285f,0.06161062084429204f,1.7477074078836663f,-0.9990017403686992f,0.0027522249385115f,-0.04458641046550173f,0.2559243305171506f,0f,0f,0f,1f], start_interpolation: 0, interpolation_duration: 1 }
$data merge entity $(bone_right_eyebrow) { transformation: [-0.04467127421856652f,-0.0615491174486438f,0.9971038979970859f,0.04194319010328066f,0f,0.9981002611958285f,0.06161062084429204f,1.7477074078836663f,-0.9990017403686992f,0.0027522249385115f,-0.04458641046550173f,0.0061738954249757755f,0f,0f,0f,1f], start_interpolation: 0, interpolation_duration: 1 }
$data merge entity $(bone_talking) { transformation: [-0.04467127421856652f,-0.0615491174486438f,0.9971038979970859f,0.37687975776480076f,0f,0.9981002611958285f,0.06161062084429204f,1.4800107524675097f,-0.9990017403686992f,0.0027522249385115f,-0.04458641046550173f,0.11632180838011771f,0f,0f,0f,1f], start_interpolation: 0, interpolation_duration: 1 }
$data merge entity $(bone_m_opened) { transformation: [-0.04467127421856652f,-0.0615491174486438f,0.9971038979970859f,0.37687975776480076f,0f,0.9981002611958285f,0.06161062084429204f,1.4800107524675097f,-0.9990017403686992f,0.0027522249385115f,-0.04458641046550173f,0.11632180838011771f,0f,0f,0f,1f], start_interpolation: 0, interpolation_duration: 1 }
$data merge entity $(bone_head) { transformation: [-0.04467127421856652f,-0.0615491174486438f,0.9971038979970859f,0.3145607641399829f,0f,0.9981002611958285f,0.06161062084429204f,1.4761600886647415f,-0.9990017403686992f,0.0027522249385115f,-0.04458641046550173f,0.11910845903421158f,0f,0f,0f,1f], start_interpolation: 0, interpolation_duration: 1 }
$data merge entity $(item_display_r_item) { transformation: [-0.019543682470622853f,-0.43359489811635843f,-0.054952332097484693f,0.2606670463963159f,0f,-0.0550072436082079f,0.4340281709182334f,0.7155224614814734f,-0.43706326141130586f,0.019388591441671266f,0.002457243663229746f,-0.19129390206835223f,0f,0f,0f,1f], start_interpolation: 0, interpolation_duration: 1 }
$data merge entity $(bone_rightarm) { transformation: [-0.04467127421856652f,-0.12560533050853667f,0.9910740528373907f,0.30604797143315426f,0f,0.9920643906702479f,0.12573084253304684f,1.3512790609670091f,-0.9990017403686992f,0.005616556944525143f,-0.04431678043810575f,-0.19332315153278723f,0f,0f,0f,1f], start_interpolation: 0, interpolation_duration: 1 }
$data merge entity $(item_display_l_item) { transformation: [-0.019543682470622853f,-0.43568383241688813f,0.03469715616618281f,0.15991905689181496f,0f,0.03473182754754483f,0.4361191926012975f,0.7381750222644541f,-0.43706326141130586f,0.01948200004467239f,-0.0015515149924883378f,0.43883567191396805f,0f,0f,0f,1f], start_interpolation: 0, interpolation_duration: 1 }
$data merge entity $(bone_leftarm) { transformation: [-0.04467127421856652f,0.07930778552270334f,0.99584875981003f,0.3339675178197583f,0f,0.9968438688029657f,-0.07938703439438796f,1.3512790609670091f,-0.9990017403686992f,-0.0035463199828304763f,-0.04453028581639403f,0.4310529361976497f,0f,0f,0f,1f], start_interpolation: 0, interpolation_duration: 1 }
$data merge entity $(bone_body) { transformation: [-0.04467127421856652f,-0.04357584389178711f,0.9980509120725297f,0.34724264705882324f,0f,0.9990482215818578f,0.043619387365336f,0.726873922478348f,-0.9990017403686992f,0.0019485336142428004f,-0.04462875706385438f,0.11764705882352948f,0f,0f,0f,1f], start_interpolation: 0, interpolation_duration: 1 }
$data merge entity $(bone_leftleg) { transformation: [-0.04467127421856652f,0.12174768615933347f,0.9915553328859354f,0.35282655633614407f,0f,0.992546151641322f,-0.12186934340514798f,0.8030999999999998f,-0.9990017403686992f,-0.005444058858088017f,-0.04433830131455241f,0.24252227636961687f,0f,0f,0f,1f], start_interpolation: 0, interpolation_duration: 1 }
$data merge entity $(bone_rightleg) { transformation: [-0.04467127421856652f,-0.2180263119421834f,0.9749199990566301f,0.32822771438321213f,0f,0.9758941948357555f,0.21824417629314333f,0.7304444444444445f,-0.9990017403686992f,0.009749245445796181f,-0.04359443718581522f,-0.006627578258063857f,0f,0f,0f,1f], start_interpolation: 0, interpolation_duration: 1 }
data modify entity @s data merge value {"locators":{},"cameras":{"camera":{"posx":6.125,"posy":0.7341109320357512,"posz":1.549926041368326,"roty":97.65357262652968,"rotx":-7.379287595190156}}}