# This file was generated by Animated Java via MC-Build. It is not recommended to edit this file directly.
$data merge entity $(bone_left_eye) { transformation: [-0.04433317307488037f,-0.050293722463780326f,0.997750024427887f,0.03378031956732511f,0f,0.9987319761658563f,0.05034321983984962f,1.6970094327895457f,-0.9990168015429534f,0.0022318746783068044f,-0.0442769575547782f,0.2574399417559033f,0f,0f,0f,1f], start_interpolation: 0, interpolation_duration: 1 }
$data merge entity $(bone_right_eye) { transformation: [-0.04433317307488037f,-0.050293722463780326f,0.997750024427887f,0.02269702629860501f,0f,0.9987319761658563f,0.05034321983984962f,1.6970094327895457f,-0.9990168015429534f,0.0022318746783068044f,-0.0442769575547782f,0.007685741370164936f,0f,0f,0f,1f], start_interpolation: 0, interpolation_duration: 1 }
$data merge entity $(bone_right_close) { transformation: [-0.04433317307488037f,-0.050293722463780326f,0.997750024427887f,0.019553668644618744f,0f,0.9987319761658563f,0.05034321983984962f,1.7594301812999118f,-0.9990168015429534f,0.0022318746783068044f,-0.0442769575547782f,0.00782523353755911f,0f,0f,0f,1f], start_interpolation: 0, interpolation_duration: 1 }
$data merge entity $(bone_left_close) { transformation: [-0.04433317307488037f,-0.050293722463780326f,0.997750024427887f,0.03063696191333884f,0f,0.9987319761658563f,0.05034321983984962f,1.7594301812999118f,-0.9990168015429534f,0.0022318746783068044f,-0.0442769575547782f,0.25757943392329746f,0f,0f,0f,1f], start_interpolation: 0, interpolation_duration: 1 }
$data merge entity $(bone_left_eyebrow) { transformation: [-0.04433317307488037f,-0.050293722463780326f,0.997750024427887f,0.031831945598406575f,0f,0.9987319761658563f,0.05034321983984962f,1.7344587354445256f,-0.9990168015429534f,0.0022318746783068044f,-0.0442769575547782f,0.25752640436618696f,0f,0f,0f,1f], start_interpolation: 0, interpolation_duration: 1 }
$data merge entity $(bone_right_eyebrow) { transformation: [-0.04433317307488037f,-0.050293722463780326f,0.997750024427887f,0.020748652329686482f,0f,0.9987319761658563f,0.05034321983984962f,1.7344587354445256f,-0.9990168015429534f,0.0022318746783068044f,-0.0442769575547782f,0.0077722039804486165f,0f,0f,0f,1f], start_interpolation: 0, interpolation_duration: 1 }
$data merge entity $(bone_talking) { transformation: [-0.04433317307488037f,-0.050293722463780326f,0.997750024427887f,0.3526089861826248f,0f,0.9987319761658563f,0.05034321983984962f,1.4630586949480346f,-0.9990168015429534f,0.0022318746783068044f,-0.0442769575547782f,0.11816832365758922f,0f,0f,0f,1f], start_interpolation: 0, interpolation_duration: 1 }
$data merge entity $(bone_m_opened) { transformation: [-0.04433317307488037f,-0.050293722463780326f,0.997750024427887f,0.3526089861826248f,0f,0.9987319761658563f,0.05034321983984962f,1.4630586949480346f,-0.9990168015429534f,0.0022318746783068044f,-0.0442769575547782f,0.11816832365758922f,0f,0f,0f,1f], start_interpolation: 0, interpolation_duration: 1 }
$data merge entity $(bone_head) { transformation: [-0.04433317307488037f,-0.050293722463780326f,0.997750024427887f,0.29024960965588187f,0f,0.9987319761658563f,0.05034321983984962f,1.459912243708044f,-0.9990168015429534f,0.0022318746783068044f,-0.0442769575547782f,0.12093563350476286f,0f,0f,0f,1f], start_interpolation: 0, interpolation_duration: 1 }
$data merge entity $(item_display_r_item) { transformation: [-0.01939576322026016f,-0.4336425195478487f,-0.05462801121491817f,0.23598470896970947f,0f,-0.054681774250990314f,0.43406929580974024f,0.6993088579246858f,-0.4370698506750421f,0.019243669217624656f,0.0024242165619106906f,-0.1894638155205757f,0f,0f,0f,1f], start_interpolation: 0, interpolation_duration: 1 }
$data merge entity $(bone_rightarm) { transformation: [-0.04433317307488037f,-0.1248640256340989f,0.9911829018236542f,0.2818425556763544f,0f,0.9921583904222634f,0.12498691257369238f,1.335031216010312f,-0.9990168015429534f,0.005541066427224446f,-0.043985529640284925f,-0.19149884020859603f,0f,0f,0f,1f], start_interpolation: 0, interpolation_duration: 1 }
$data merge entity $(item_display_l_item) { transformation: [-0.01939576322026016f,-0.43586232962461663f,0.032466659564939f,0.13863775243406573f,0f,0.0324986121502613f,0.43629129054830657f,0.7210432615556629f,-0.4370698506750421f,0.01934217729494099f,-0.001440766597150944f,0.44047123512166286f,0f,0f,0f,1f], start_interpolation: 0, interpolation_duration: 1 }
$data merge entity $(bone_leftarm) { transformation: [-0.04433317307488037f,0.0742095075770032f,0.9962567534276952f,0.3095507888481546f,0f,0.9972372355389865f,-0.07428254205773989f,1.335031216010312f,-0.9990168015429534f,-0.003293180793487862f,-0.04421069095986512f,0.43288666075574983f,0f,0f,0f,1f], start_interpolation: 0, interpolation_duration: 1 }
$data merge entity $(bone_body) { transformation: [-0.04433317307488037f,-0.04357650085098108f,0.9980659589118833f,0.3229319852941177f,0f,0.9990482215818578f,0.043619387365336f,0.7106260775216509f,-0.9990168015429534f,0.0019337858494876908f,-0.04429097771753993f,0.11948529411764709f,0f,0f,0f,1f], start_interpolation: 0, interpolation_duration: 1 }
$data merge entity $(bone_leftleg) { transformation: [-0.04433317307488037f,0.15628065891557416f,0.9867172469426216f,0.3284736319284777f,0f,0.9876883405951378f,-0.15643446504023062f,0.7893000000000001f,-0.9990168015429534f,-0.006935236213504867f,-0.04378735814764563f,0.24436239431051626f,0f,0f,0f,1f], start_interpolation: 0, interpolation_duration: 1 }
$data merge entity $(bone_rightleg) { transformation: [-0.04433317307488037f,-0.24912084882422067f,0.9674571682747575f,0.3054021370412422f,0f,0.9684093068110037f,0.24936602511535394f,0.733f,-0.9990168015429534f,0.011055187150433951f,-0.042932657406177153f,-0.004859807998323515f,0f,0f,0f,1f], start_interpolation: 0, interpolation_duration: 1 }
data modify entity @s data merge value {"locators":{},"cameras":{"camera":{"posx":6.125,"posy":0.7352948470304135,"posz":1.545783164926133,"roty":97.60781675094319,"rotx":-7.553357975490215}}}