# This file was generated by Animated Java via MC-Build. It is not recommended to edit this file directly.
$data merge entity $(bone_left_eye) { transformation: [-0.04398254430364322f,-0.043577176870064314f,0.9980814422944719f,0.011021604123684579f,0f,0.9990482215818578f,0.043619387365336f,1.6854156541384737f,-0.9990322996763308f,0.001918491637293666f,-0.043940682667200026f,0.25910622917539977f,0f,0f,0f,1f], start_interpolation: 0, interpolation_duration: 1 }
$data merge entity $(bone_right_eye) { transformation: [-0.04398254430364322f,-0.043577176870064314f,0.9980814422944719f,0.000025968047773773997f,0f,0.9990482215818578f,0.043619387365336f,1.6854156541384737f,-0.9990322996763308f,0.001918491637293666f,-0.043940682667200026f,0.009348154256317076f,0f,0f,0f,1f], start_interpolation: 0, interpolation_duration: 1 }
$data merge entity $(bone_right_close) { transformation: [-0.04398254430364322f,-0.043577176870064314f,0.9980814422944719f,-0.002697605506605248f,0f,0.9990482215818578f,0.043619387365336f,1.7478561679873397f,-0.9990322996763308f,0.001918491637293666f,-0.043940682667200026f,0.009468059983647942f,0f,0f,0f,1f], start_interpolation: 0, interpolation_duration: 1 }
$data merge entity $(bone_left_close) { transformation: [-0.04398254430364322f,-0.043577176870064314f,0.9980814422944719f,0.008298030569305557f,0f,0.9990482215818578f,0.043619387365336f,1.7478561679873397f,-0.9990322996763308f,0.001918491637293666f,-0.043940682667200026f,0.2592261349027306f,0f,0f,0f,1f], start_interpolation: 0, interpolation_duration: 1 }
$data merge entity $(bone_left_eyebrow) { transformation: [-0.04398254430364322f,-0.043577176870064314f,0.9980814422944719f,0.009325079900913741f,0f,0.9990482215818578f,0.043619387365336f,1.7228772362360831f,-0.9990322996763308f,0.001918491637293666f,-0.043940682667200026f,0.259180918904465f,0f,0f,0f,1f], start_interpolation: 0, interpolation_duration: 1 }
$data merge entity $(bone_right_eyebrow) { transformation: [-0.04398254430364322f,-0.043577176870064314f,0.9980814422944719f,-0.0016705561749970638f,0f,0.9990482215818578f,0.043619387365336f,1.7228772362360831f,-0.9990322996763308f,0.001918491637293666f,-0.043940682667200026f,0.009422843985382304f,0f,0f,0f,1f], start_interpolation: 0, interpolation_duration: 1 }
$data merge entity $(bone_talking) { transformation: [-0.04398254430364322f,-0.043577176870064314f,0.9980814422944719f,0.32831853102026776f,0f,0.9990482215818578f,0.043619387365336f,1.4492846572946767f,-0.9990322996763308f,0.001918491637293666f,-0.043940682667200026f,0.12001610547303501f,0f,0f,0f,1f], start_interpolation: 0, interpolation_duration: 1 }
$data merge entity $(bone_m_opened) { transformation: [-0.04398254430364322f,-0.043577176870064314f,0.9980814422944719f,0.32831853102026776f,0f,0.9990482215818578f,0.043619387365336f,1.4492846572946767f,-0.9990322996763308f,0.001918491637293666f,-0.043940682667200026f,0.12001610547303501f,0f,0f,0f,1f], start_interpolation: 0, interpolation_duration: 1 }
$data merge entity $(bone_head) { transformation: [-0.04398254430364322f,-0.043577176870064314f,0.9980814422944719f,0.26593844087686325f,0f,0.9990482215818578f,0.043619387365336f,1.4465584455843432f,-0.9990322996763308f,0.001918491637293666f,-0.043940682667200026f,0.12276239813973501f,0f,0f,0f,1f], start_interpolation: 0, interpolation_duration: 1 }
$data merge entity $(item_display_r_item) { transformation: [-0.019242363132843908f,-0.4336287347411543f,-0.054791439731488964f,0.2120206040096731f,0f,-0.054844512784261765f,0.43404876387043995f,0.6859378944190504f,-0.43707663110839473f,0.0190905689868732f,0.00241220121334552f,-0.18766656041516702f,0f,0f,0f,1f], start_interpolation: 0, interpolation_duration: 1 }
$data merge entity $(bone_rightarm) { transformation: [-0.04398254430364322f,-0.12523757652911785f,0.991151393694067f,0.2576410428907328f,0f,0.9921114602752913f,0.12535888636402712f,1.3216774178866109f,-0.9990322996763308f,0.005513602773361199f,-0.04363558625571017f,-0.18967500696378004f,0f,0f,0f,1f], start_interpolation: 0, interpolation_duration: 1 }
$data merge entity $(item_display_l_item) { transformation: [-0.019242363132843908f,-0.43610104361377583f,0.029186661680284175f,0.11883460393331091f,0f,0.029214932980385265f,0.4365234675145789f,0.7064195880030368f,-0.43707663110839473f,0.01919941274953993f,-0.0012849470841377621f,0.4420413655254206f,0f,0f,0f,1f], start_interpolation: 0, interpolation_duration: 1 }
$data merge entity $(bone_leftarm) { transformation: [-0.04398254430364322f,0.06671236955493504f,0.9968023854029162f,0.28513013308050983f,0f,0.9977679257476089f,-0.06677698966945181f,1.3216774178866109f,-0.9990322996763308f,-0.002937021906600589f,-0.04388437199894841f,0.4347201803339267f,0f,0f,0f,1f], start_interpolation: 0, interpolation_duration: 1 }
$data merge entity $(bone_body) { transformation: [-0.04398254430364322f,-0.043577176870064314f,0.9980814422944719f,0.2986213235294115f,0f,0.9990482215818578f,0.043619387365336f,0.6972722793979499f,-0.9990322996763308f,0.001918491637293666f,-0.043940682667200026f,0.12132352941176476f,0f,0f,0f,1f], start_interpolation: 0, interpolation_duration: 1 }
$data merge entity $(bone_leftleg) { transformation: [-0.04398254430364322f,0.19062434944996015f,0.980677262504519f,0.3041191415673669f,0f,0.9816271834476639f,-0.19080899537654503f,0.7739499999999999f,-0.9990322996763308f,-0.008392265092682545f,-0.04317446108564739f,0.2462025668713061f,0f,0f,0f,1f], start_interpolation: 0, interpolation_duration: 1 }
$data merge entity $(bone_rightleg) { transformation: [-0.04398254430364322f,-0.26773889904175513f,0.962487100036404f,0.2837437022333839f,0f,0.9634194013028741f,0.2679982410263391f,0.737f,-0.9990322996763308f,0.011787244509239415f,-0.04237363650079309f,-0.00314256082625905f,0f,0f,0f,1f], start_interpolation: 0, interpolation_duration: 1 }
data modify entity @s data merge value {"locators":{},"cameras":{"camera":{"posx":6.125,"posy":0.7364734530492935,"posz":1.541636859305302,"roty":97.56726631517314,"rotx":-7.734711484518101}}}