# This file was generated by Animated Java via MC-Build. It is not recommended to edit this file directly.
$data merge entity $(bone_left_eye) { transformation: [-0.04361938736533576f,-0.056029515769639694f,0.9974758355010375f,-0.016296656162667914f,0f,0.9984261159302894f,0.056082894258021425f,1.6745990960379373f,-0.9990482215818578f,0.002446301489209801f,-0.043550735506430925f,0.2609690398681202f,0f,0f,0f,1f], start_interpolation: 0, interpolation_duration: 1 }
$data merge entity $(bone_right_eye) { transformation: [-0.04361938736533576f,-0.056029515769639694f,0.9974758355010375f,-0.027201503004001856f,0f,0.9984261159302894f,0.056082894258021425f,1.6745990960379373f,-0.9990482215818578f,0.002446301489209801f,-0.043550735506430925f,0.011206984472655737f,0f,0f,0f,1f], start_interpolation: 0, interpolation_duration: 1 }
$data merge entity $(bone_right_close) { transformation: [-0.04361938736533576f,-0.056029515769639694f,0.9974758355010375f,-0.030703347739604356f,0f,0.9984261159302894f,0.056082894258021425f,1.7370007282835804f,-0.9990482215818578f,0.002446301489209801f,-0.043550735506430925f,0.011359878315731362f,0f,0f,0f,1f], start_interpolation: 0, interpolation_duration: 1 }
$data merge entity $(bone_left_close) { transformation: [-0.04361938736533576f,-0.056029515769639694f,0.9974758355010375f,-0.019798500898270413f,0f,0.9984261159302894f,0.056082894258021425f,1.7370007282835804f,-0.9990482215818578f,0.002446301489209801f,-0.043550735506430925f,0.2611219337111958f,0f,0f,0f,1f], start_interpolation: 0, interpolation_duration: 1 }
$data merge entity $(bone_left_eyebrow) { transformation: [-0.04361938736533576f,-0.056029515769639694f,0.9974758355010375f,-0.01846010524374827f,0f,0.9984261159302894f,0.056082894258021425f,1.712036570204432f,-0.9990482215818578f,0.002446301489209801f,-0.043550735506430925f,0.26106349809493473f,0f,0f,0f,1f], start_interpolation: 0, interpolation_duration: 1 }
$data merge entity $(bone_right_eyebrow) { transformation: [-0.04361938736533576f,-0.056029515769639694f,0.9974758355010375f,-0.02936495208508221f,0f,0.9984261159302894f,0.056082894258021425f,1.712036570204432f,-0.9990482215818578f,0.002446301489209801f,-0.043550735506430925f,0.011301442699470268f,0f,0f,0f,1f], start_interpolation: 0, interpolation_duration: 1 }
$data merge entity $(bone_talking) { transformation: [-0.04361938736533576f,-0.056029515769639694f,0.9974758355010375f,0.30396949795314926f,0f,0.9984261159302894f,0.056082894258021425f,1.4425184715109967f,-0.9990482215818578f,0.002446301489209801f,-0.043550735506430925f,0.12186683195232585f,0f,0f,0f,1f], start_interpolation: 0, interpolation_duration: 1 }
$data merge entity $(bone_m_opened) { transformation: [-0.04361938736533576f,-0.056029515769639694f,0.9974758355010375f,0.30396949795314926f,0f,0.9984261159302894f,0.056082894258021425f,1.4425184715109967f,-0.9990482215818578f,0.002446301489209801f,-0.043550735506430925f,0.12186683195232585f,0f,0f,0f,1f], start_interpolation: 0, interpolation_duration: 1 }
$data merge entity $(bone_head) { transformation: [-0.04361938736533576f,-0.056029515769639694f,0.9974758355010375f,0.2416272582343344f,0f,0.9984261159302894f,0.056082894258021425f,1.4390132906198703f,-0.9990482215818578f,0.002446301489209801f,-0.043550735506430925f,0.12458875292147778f,0f,0f,0f,1f], start_interpolation: 0, interpolation_duration: 1 }
$data merge entity $(item_display_r_item) { transformation: [-0.019083481972334393f,-0.433537918119723f,-0.055560275991287086f,0.18894727984345644f,0f,-0.05561320744189394f,0.4339509432620522f,0.6783128561358082f,-0.4370835969420628f,0.018928674291700295f,0.0024258140380367453f,-0.1859089036631139f,0f,0f,0f,1f], start_interpolation: 0, interpolation_duration: 1 }
$data merge entity $(bone_rightarm) { transformation: [-0.04361938736533576f,-0.12699491655151357f,0.990943812845081f,0.2334434336043956f,0f,0.9918878703132622f,0.12711590272432924f,1.3141322629221381f,-0.9990482215818578f,0.005544717801226856f,-0.043265541238172105f,-0.18785164769211865f,0f,0f,0f,1f], start_interpolation: 0, interpolation_duration: 1 }
$data merge entity $(item_display_l_item) { transformation: [-0.019083481972334393f,-0.43638206339785157f,0.024754099871436494f,0.1006619613491494f,0f,0.02477768273511535f,0.43679779811518965f,0.6972147463961859f,-0.4370835969420628f,0.019052852356312183f,-0.0010807873412383886f,0.44354114481440077f,0f,0f,0f,1f], start_interpolation: 0, interpolation_duration: 1 }
$data merge entity $(bone_leftarm) { transformation: [-0.04361938736533576f,0.056580799706140335f,0.9974447163379465f,0.26070555070773044f,0f,0.9983949671204335f,-0.056634703394549145f,1.3141322629221381f,-0.9990482215818578f,-0.0024703710656877355f,-0.043549376814427845f,0.43655349079654243f,0f,0f,0f,1f], start_interpolation: 0, interpolation_duration: 1 }
$data merge entity $(bone_body) { transformation: [-0.04361938736533576f,-0.04357787137382909f,0.9980973490458729f,0.2743106617647062f,0f,0.9990482215818578f,0.043619387365336f,0.689727124433477f,-0.9990482215818578f,0.0019026509541272233f,-0.04357787137382885f,0.12316176470588236f,0f,0f,0f,1f], start_interpolation: 0, interpolation_duration: 1 }
$data merge entity $(bone_leftleg) { transformation: [-0.04361938736533576f,0.22473695078520167f,0.973442680386289f,0.2797630851853732f,0f,0.9743700647852354f,-0.2249510543438645f,0.7599000000000001f,-0.9990482215818578f,-0.00981222717766572f,-0.04250142529305448f,0.2480427924036146f,0f,0f,0f,1f], start_interpolation: 0, interpolation_duration: 1 }
$data merge entity $(bone_rightleg) { transformation: [-0.04361938736533576f,-0.2716730929360459f,0.9614005822862993f,0.2634189758043157f,0f,0.9623164943570506f,0.27193191186095933f,0.742611111111111f,-0.9990482215818578f,0.011861503400459526f,-0.04197565593541213f,-0.001481779660638588f,0f,0f,0f,1f], start_interpolation: 0, interpolation_duration: 1 }
data modify entity @s data merge value {"locators":{},"cameras":{"camera":{"posx":6.125,"posy":0.7376467233019333,"posz":1.537488410447822,"roty":97.53170916433928,"rotx":-7.922922834684468}}}