# This file was generated by Animated Java via MC-Build. It is not recommended to edit this file directly.
$data merge entity $(bone_left_eye) { transformation: [-0.036992537882611795f,-0.06849075641822294f,0.9969656806662222f,-0.04443219082521489f,0f,0.9976485293539166f,0.06853766758482212f,1.669063881628667f,-0.999315541829008f,0.002535382264517387f,-0.03690555101565671f,0.26098486992831593f,0f,0f,0f,1f], start_interpolation: 0, interpolation_duration: 1 }
$data merge entity $(bone_right_eye) { transformation: [-0.036992537882611795f,-0.06849075641822294f,0.9969656806662222f,-0.053680325295867845f,0f,0.9976485293539166f,0.06853766758482212f,1.669063881628667f,-0.999315541829008f,0.002535382264517387f,-0.03690555101565671f,0.011155984471063932f,0f,0f,0f,1f], start_interpolation: 0, interpolation_duration: 1 }
$data merge entity $(bone_right_close) { transformation: [-0.036992537882611795f,-0.06849075641822294f,0.9969656806662222f,-0.057960997572006775f,0f,0.9976485293539166f,0.06853766758482212f,1.7314169147132867f,-0.999315541829008f,0.002535382264517387f,-0.03690555101565671f,0.011314445862596265f,0f,0f,0f,1f], start_interpolation: 0, interpolation_duration: 1 }
$data merge entity $(bone_left_close) { transformation: [-0.036992537882611795f,-0.06849075641822294f,0.9969656806662222f,-0.04871286310135382f,0f,0.9976485293539166f,0.06853766758482212f,1.7314169147132867f,-0.999315541829008f,0.002535382264517387f,-0.03690555101565671f,0.26114333131984824f,0f,0f,0f,1f], start_interpolation: 0, interpolation_duration: 1 }
$data merge entity $(bone_left_eyebrow) { transformation: [-0.036992537882611795f,-0.06849075641822294f,0.9969656806662222f,-0.04706290454593993f,0f,0.9976485293539166f,0.06853766758482212f,1.7064714178752147f,-0.999315541829008f,0.002535382264517387f,-0.03690555101565671f,0.26108225336017377f,0f,0f,0f,1f], start_interpolation: 0, interpolation_duration: 1 }
$data merge entity $(bone_right_eyebrow) { transformation: [-0.036992537882611795f,-0.06849075641822294f,0.9969656806662222f,-0.05631103901659287f,0f,0.9976485293539166f,0.06853766758482212f,1.7064714178752147f,-0.999315541829008f,0.002535382264517387f,-0.03690555101565671f,0.011253367902921807f,0f,0f,0f,1f], start_interpolation: 0, interpolation_duration: 1 }
$data merge entity $(bone_talking) { transformation: [-0.036992537882611795f,-0.06849075641822294f,0.9969656806662222f,0.2796182062522088f,0f,0.9976485293539166f,0.06853766758482212f,1.4410697704104445f,-0.999315541829008f,0.002535382264517387f,-0.03690555101565671f,0.12390359694116787f,0f,0f,0f,1f], start_interpolation: 0, interpolation_duration: 1 }
$data merge entity $(bone_m_opened) { transformation: [-0.036992537882611795f,-0.06849075641822294f,0.9969656806662222f,0.2796182062522088f,0f,0.9976485293539166f,0.06853766758482212f,1.4410697704104445f,-0.999315541829008f,0.002535382264517387f,-0.03690555101565671f,0.12390359694116787f,0f,0f,0f,1f], start_interpolation: 0, interpolation_duration: 1 }
$data merge entity $(bone_head) { transformation: [-0.036992537882611795f,-0.06849075641822294f,0.9969656806662222f,0.2173078512105699f,0f,0.9976485293539166f,0.06853766758482212f,1.4367861661863932f,-0.999315541829008f,0.002535382264517387f,-0.03690555101565671f,0.1262101938796464f,0f,0f,0f,1f], start_interpolation: 0, interpolation_duration: 1 }
$data merge entity $(item_display_r_item) { transformation: [-0.01618423532364266f,-0.4334602382413429f,-0.057066122969300324f,0.16887362504577563f,0f,-0.05710520909627248f,0.43375712685104206f,0.6759363261025231f,-0.437200549550191f,0.016045776946890022f,0.0021124666107883274f,-0.1847109136667315f,0f,0f,0f,1f], start_interpolation: 0, interpolation_duration: 1 }
$data merge entity $(bone_rightarm) { transformation: [-0.036992537882611795f,-0.1304368525012581f,0.9907662588373551f,0.2111963745871587f,0f,0.9914448613738104f,0.1305261922200516f,1.311905138488661f,-0.999315541829008f,0.004828495110373328f,-0.03667606159289148f,-0.18627761192185963f,0f,0f,0f,1f], start_interpolation: 0, interpolation_duration: 1 }
$data merge entity $(item_display_l_item) { transformation: [-0.01618423532364266f,-0.43678443150272916f,0.019070420127167656f,0.08227770158134337f,0f,0.019083481972334605f,0.4370835969420628f,0.692952423420667f,-0.437200549550191f,0.016168831517747482f,-0.0007059464297937269f,0.4439227627689035f,0f,0f,0f,1f], start_interpolation: 0, interpolation_duration: 1 }
$data merge entity $(bone_leftarm) { transformation: [-0.036992537882611795f,0.043589531719240134f,0.998364414863381f,0.23431671076379107f,0f,0.9990482215818578f,-0.043619387365336014f,1.311905138488661f,-0.999315541829008f,-0.0016135918395285105f,-0.036957329183422816f,0.4382946017212703f,0f,0f,0f,1f], start_interpolation: 0, interpolation_duration: 1 }
$data merge entity $(bone_body) { transformation: [-0.036992537882611795f,-0.04358953171924013f,0.998364414863381f,0.24999999999999997f,0f,0.9990482215818578f,0.043619387365336f,0.6875f,-0.999315541829008f,0.0016135918395285102f,-0.036957329183422816f,0.12500000000000003f,0f,0f,0f,1f], start_interpolation: 0, interpolation_duration: 1 }
$data merge entity $(bone_leftleg) { transformation: [-0.036992537882611795f,0.25864189429229195f,0.9652646904646925f,0.25462406723532643f,0f,0.9659258262890683f,-0.25881904510252074f,0.75f,-0.999315541829008f,-0.00957437333069641f,-0.03573204772079146f,0.249914442728626f,0f,0f,0f,1f], start_interpolation: 0, interpolation_duration: 1 }
$data merge entity $(bone_rightleg) { transformation: [-0.036992537882611795f,-0.25864189429229195f,0.9652646904646925f,0.2453759327646735f,0f,0.9659258262890683f,0.25881904510252074f,0.75f,-0.999315541829008f,0.00957437333069641f,-0.03573204772079146f,0.00008555727137403435f,0f,0f,0f,1f], start_interpolation: 0, interpolation_duration: 1 }
data modify entity @s data merge value {"locators":{},"cameras":{"camera":{"posx":6.125,"posy":0.7388146309978746,"posz":1.5333391042956823,"roty":97.50093341898906,"rotx":-8.117566652754354}}}
execute on vehicle unless entity @s[tag=aj.transforms_only] at @s run function animated_java:humanentity/animations/000_mur_0/zzz/frames/zzz/21