# This file was generated by Animated Java via MC-Build. It is not recommended to edit this file directly.
$data merge entity $(bone_left_eye) { transformation: [-0.0272237724661749f,-0.036244001487291844f,0.998972090985979f,-0.03236179882598832f,0f,0.9993424828657465f,0.03625743978447983f,1.6782262818400653f,-0.9996293644209888f,0.0009870642908987165f,-0.02720587236931937f,0.257225515110991f,0f,0f,0f,1f], start_interpolation: 0, interpolation_duration: 1 }
$data merge entity $(bone_right_eye) { transformation: [-0.0272237724661749f,-0.036244001487291844f,0.998972090985979f,-0.039167741942532044f,0f,0.9993424828657465f,0.03625743978447983f,1.6782262818400653f,-0.9996293644209888f,0.0009870642908987165f,-0.02720587236931937f,0.007318174005743805f,0f,0f,0f,1f], start_interpolation: 0, interpolation_duration: 1 }
$data merge entity $(bone_right_close) { transformation: [-0.0272237724661749f,-0.036244001487291844f,0.998972090985979f,-0.041432992035487795f,0f,0.9993424828657465f,0.03625743978447983f,1.7406851870191744f,-0.9996293644209888f,0.0009870642908987165f,-0.02720587236931937f,0.007379865523924972f,0f,0f,0f,1f], start_interpolation: 0, interpolation_duration: 1 }
$data merge entity $(bone_left_close) { transformation: [-0.0272237724661749f,-0.036244001487291844f,0.998972090985979f,-0.03462704891894407f,0f,0.9993424828657465f,0.03625743978447983f,1.7406851870191744f,-0.9996293644209888f,0.0009870642908987165f,-0.02720587236931937f,0.25728720662917215f,0f,0f,0f,1f], start_interpolation: 0, interpolation_duration: 1 }
$data merge entity $(bone_left_eyebrow) { transformation: [-0.0272237724661749f,-0.036244001487291844f,0.998972090985979f,-0.03378338463744837f,0f,0.9993424828657465f,0.03625743978447983f,1.7156993588575444f,-0.9996293644209888f,0.0009870642908987165f,-0.02720587236931937f,0.25726423038892277f,0f,0f,0f,1f], start_interpolation: 0, interpolation_duration: 1 }
$data merge entity $(bone_right_eyebrow) { transformation: [-0.0272237724661749f,-0.036244001487291844f,0.998972090985979f,-0.0405893277539921f,0f,0.9993424828657465f,0.03625743978447983f,1.7156993588575444f,-0.9996293644209888f,0.0009870642908987165f,-0.02720587236931937f,0.007356889283675588f,0f,0f,0f,1f], start_interpolation: 0, interpolation_duration: 1 }
$data merge entity $(bone_talking) { transformation: [-0.0272237724661749f,-0.036244001487291844f,0.998972090985979f,0.28547500842068124f,0f,0.9993424828657465f,0.03625743978447983f,1.4397211110562784f,-0.9996293644209888f,0.0009870642908987165f,-0.02720587236931937f,0.12352324337023043f,0f,0f,0f,1f], start_interpolation: 0, interpolation_duration: 1 }
$data merge entity $(bone_m_opened) { transformation: [-0.0272237724661749f,-0.036244001487291844f,0.998972090985979f,0.28547500842068124f,0f,0.9993424828657465f,0.03625743978447983f,1.4397211110562784f,-0.9996293644209888f,0.0009870642908987165f,-0.02720587236931937f,0.12352324337023043f,0f,0f,0f,1f], start_interpolation: 0, interpolation_duration: 1 }
$data merge entity $(bone_head) { transformation: [-0.0272237724661749f,-0.036244001487291844f,0.998972090985979f,0.22303925273405756f,0f,0.9993424828657465f,0.03625743978447983f,1.4374550210697485f,-0.9996293644209888f,0.0009870642908987165f,-0.02720587236931937f,0.1252236103933129f,0f,0f,0f,1f], start_interpolation: 0, interpolation_duration: 1 }
$data merge entity $(item_display_r_item) { transformation: [-0.011910400453951519f,-0.43480963805045086f,-0.046957118943376897f,0.1587505550493018f,0f,-0.04697452937527068f,0.43497085372467403f,0.6776542895585119f,-0.4373378469341826f,0.011841547551218372f,0.001278823899418018f,-0.18564142637166636f,0f,0f,0f,1f], start_interpolation: 0, interpolation_duration: 1 }
$data merge entity $(bone_rightarm) { transformation: [-0.0272237724661749f,-0.1073305575848617f,0.9938506012581734f,0.21590028171603493f,0f,0.9942190942278264f,0.10737035285776177f,1.3124625175581237f,-0.9996293644209888f,0.0029230260558126184f,-0.02706639440278485f,-0.18719783438713158f,0f,0f,0f,1f], start_interpolation: 0, interpolation_duration: 1 }
$data merge entity $(item_display_l_item) { transformation: [-0.011910400453951519f,-0.4368586192132087f,0.020468003814619447f,0.07885838571130696f,0f,0.020475592797811658f,0.43702059459432596f,0.6939975517941757f,-0.4373378469341826f,0.011897349230268394f,-0.0005574228794376741f,0.4417660794124027f,0f,0f,0f,1f], start_interpolation: 0, interpolation_duration: 1 }
$data merge entity $(bone_leftarm) { transformation: [-0.0272237724661749f,0.04678400871912994f,0.9985339867730484f,0.23291513950739423f,0f,0.9989042162156022f,-0.04680135496642643f,1.3124625175581237f,-0.9996293644209888f,-0.0012741094387146777f,-0.02719394109775633f,0.4375705183759865f,0f,0f,0f,1f], start_interpolation: 0, interpolation_duration: 1 }
$data merge entity $(bone_body) { transformation: [-0.0272237724661749f,-0.010947663021256193f,0.9995694147417091f,0.2312499999999997f,0f,0.9999400280929979f,0.010951722119124985f,0.6875f,-0.9996293644209888f,0.0002981471910838334f,-0.02722213980462431f,0.12500000000000003f,0f,0f,0f,1f], start_interpolation: 0, interpolation_duration: 1 }
$data merge entity $(bone_leftleg) { transformation: [-0.0272237724661749f,0.23335884069830481f,0.972009525509217f,0.23465297155827156f,0f,0.9723699203976767f,-0.23344536385590503f,0.74706875f,-0.9996293644209888f,-0.006355263468896569f,-0.02647157746585895f,0.24995367055262363f,0f,0f,0f,1f], start_interpolation: 0, interpolation_duration: 1 }
$data merge entity $(bone_rightleg) { transformation: [-0.0272237724661749f,-0.1391215184572066f,0.9899010401625362f,0.24124830960849697f,0f,0.9902680687415706f,0.13917310096006372f,0.7665625000000003f,-0.9996293644209888f,0.0037888168339487624f,-0.02695883258393896f,-0.00031863925224823175f,0f,0f,0f,1f], start_interpolation: 0, interpolation_duration: 1 }
data modify entity @s data merge value {"locators":{},"cameras":{"camera":{"posx":6.125,"posy":0.7399771493466594,"posz":1.5291902267908726,"roty":97.47472752327683,"rotx":-8.318217472086188}}}