# This file was generated by Animated Java via MC-Build. It is not recommended to edit this file directly.
$data merge entity $(bone_left_eye) { transformation: [-0.01640535900136152f,0.010747506092838931f,0.9998076591569104f,-0.005496875432058542f,0f,0.9999422283396368f,-0.010748952654183026f,1.689678638220833f,-0.9998654230425394f,-0.00017634042718051035f,-0.016404411236533155f,0.25359362274113534f,0f,0f,0f,1f], start_interpolation: 0, interpolation_duration: 1 }
$data merge entity $(bone_right_eye) { transformation: [-0.01640535900136152f,0.010747506092838931f,0.9998076591569104f,-0.00959821518239892f,0f,0.9999422283396368f,-0.010748952654183026f,1.689678638220833f,-0.9998654230425394f,-0.00017634042718051035f,-0.016404411236533155f,0.0036272669805004765f,0f,0f,0f,1f], start_interpolation: 0, interpolation_duration: 1 }
$data merge entity $(bone_right_close) { transformation: [-0.01640535900136152f,0.010747506092838931f,0.9998076591569104f,-0.008926496051596481f,0f,0.9999422283396368f,-0.010748952654183026f,1.7521750274920604f,-0.9998654230425394f,-0.00017634042718051035f,-0.016404411236533155f,0.0036162457038017015f,0f,0f,0f,1f], start_interpolation: 0, interpolation_duration: 1 }
$data merge entity $(bone_left_close) { transformation: [-0.01640535900136152f,0.010747506092838931f,0.9998076591569104f,-0.004825156301256102f,0f,0.9999422283396368f,-0.010748952654183026f,1.7521750274920604f,-0.9998654230425394f,-0.00017634042718051035f,-0.016404411236533155f,0.25358260146443656f,0f,0f,0f,1f], start_interpolation: 0, interpolation_duration: 1 }
$data merge entity $(bone_left_eyebrow) { transformation: [-0.01640535900136152f,0.010747506092838931f,0.9998076591569104f,-0.005156331932274397f,0f,0.9999422283396368f,-0.010748952654183026f,1.7271771435931105f,-0.9998654230425394f,-0.00017634042718051035f,-0.016404411236533155f,0.25358803525081836f,0f,0f,0f,1f], start_interpolation: 0, interpolation_duration: 1 }
$data merge entity $(bone_right_eyebrow) { transformation: [-0.01640535900136152f,0.010747506092838931f,0.9998076591569104f,-0.009257671682614778f,0f,0.9999422283396368f,-0.010748952654183026f,1.7271771435931105f,-0.9998654230425394f,-0.00017634042718051035f,-0.016404411236533155f,0.0036216794901834937f,0f,0f,0f,1f], start_interpolation: 0, interpolation_duration: 1 }
$data merge entity $(bone_talking) { transformation: [-0.01640535900136152f,0.010747506092838931f,0.9998076591569104f,0.302205471656096f,0f,0.9999422283396368f,-0.010748952654183026f,1.4363340334314918f,-0.9998654230425394f,-0.00017634042718051035f,-0.016404411236533155f,0.12352815145619643f,0f,0f,0f,1f], start_interpolation: 0, interpolation_duration: 1 }
$data merge entity $(bone_m_opened) { transformation: [-0.01640535900136152f,0.010747506092838931f,0.9998076591569104f,0.302205471656096f,0f,0.9999422283396368f,-0.010748952654183026f,1.4363340334314918f,-0.9998654230425394f,-0.00017634042718051035f,-0.016404411236533155f,0.12352815145619643f,0f,0f,0f,1f], start_interpolation: 0, interpolation_duration: 1 }
$data merge entity $(bone_head) { transformation: [-0.01640535900136152f,0.010747506092838931f,0.9998076591569104f,0.23971749295878914f,0f,0.9999422283396368f,-0.010748952654183026f,1.4370058429723782f,-0.9998654230425394f,-0.00017634042718051035f,-0.016404411236533155f,0.12455342715847975f,0f,0f,0f,1f], start_interpolation: 0, interpolation_duration: 1 }
$data merge entity $(item_display_r_item) { transformation: [-0.007177344563095665f,-0.4362325757938581f,-0.032494238585915734f,0.15183703148317618f,0f,-0.03249861215026061f,0.4362912905483067f,0.679529612507898f,-0.437441122581111f,0.007157515250612296f,0.0005331513993710347f,-0.1865467292343203f,0f,0f,0f,1f], start_interpolation: 0, interpolation_duration: 1 }
$data merge entity $(bone_rightarm) { transformation: [-0.01640535900136152f,-0.07427254533923619f,0.9971030303859614f,0.23005456944439873f,0f,0.9972372355389867f,0.07428254205773877f,1.312088202476982f,-0.9998654230425394f,0.0012186317699909401f,-0.016360034858542392f,-0.18783008873539378f,0f,0f,0f,1f], start_interpolation: 0, interpolation_duration: 1 }
$data merge entity $(item_display_l_item) { transformation: [-0.007177344563095665f,-0.43685750122570566f,0.022588920909489548f,0.08322160288506311f,0f,0.02259196126689992f,0.43691630009203697f,0.6943769055646148f,-0.437441122581111f,0.007167768756556468f,-0.0003706292351283473f,0.43966320493253574f,0f,0f,0f,1f], start_interpolation: 0, interpolation_duration: 1 }
$data merge entity $(bone_leftarm) { transformation: [-0.01640535900136152f,0.051631819221690176f,0.9985314313730415f,0.24030791882024966f,0f,0.9986658287817988f,-0.051638768610056736f,1.312088202476982f,-0.9998654230425394f,-0.0008471525374362189f,-0.016383471443557642f,0.4370858006661934f,0f,0f,0f,1f], start_interpolation: 0, interpolation_duration: 1 }
$data merge entity $(bone_body) { transformation: [-0.01640535900136152f,0.03628999061171961f,0.9992066356752429f,0.21249999999999944f,0f,0.9993411239631711f,-0.036294875065577346f,0.6875f,-0.9998654230425394f,-0.0005954304553603611f,-0.016394549903439946f,0.12500000000000003f,0f,0f,0f,1f], start_interpolation: 0, interpolation_duration: 1 }
$data merge entity $(bone_leftleg) { transformation: [-0.01640535900136152f,0.2078837106949879f,0.9780159646057517f,0.21455066987516963f,0f,0.9781476007338058f,-0.20791169081775862f,0.74505f,-0.9998654230425394f,-0.0034108659284454094f,-0.016046862546358516f,0.24998317788031746f,0f,0f,0f,1f], start_interpolation: 0, interpolation_duration: 1 }
$data merge entity $(bone_rightleg) { transformation: [-0.01640535900136152f,-0.017450057745521344f,0.9997131386956531f,0.24394482179675497f,0f,0.9998476951563913f,0.01745240643728004f,0.7900000000000007f,-0.9998654230425394f,0.0002863129930412518f,-0.01640286038572447f,-0.0005327574068630381f,0f,0f,0f,1f], start_interpolation: 0, interpolation_duration: 1 }
data modify entity @s data merge value {"locators":{},"cameras":{"camera":{"posx":6.125,"posy":0.7411342515578295,"posz":1.5250430638753822,"roty":97.45288029677793,"rotx":-8.524449724886864}}}