# This file was generated by Animated Java via MC-Build. It is not recommended to edit this file directly.
$data merge entity $(bone_left_eye) { transformation: [-0.006632202535817189f,0.06819923665486163f,0.9976496769954963f,0.032568041810022486f,0f,0.9976716190838136f,-0.06820073661392378f,1.7006610853597224f,-0.9999780067029094f,-0.00045232109831546557f,-0.006616760242000509f,0.25107176412559873f,0f,0f,0f,1f], start_interpolation: 0, interpolation_duration: 1 }
$data merge entity $(bone_right_eye) { transformation: [-0.006632202535817189f,0.06819923665486163f,0.9976496769954963f,0.030909991176068186f,0f,0.9976716190838136f,-0.06820073661392378f,1.7006610853597224f,-0.9999780067029094f,-0.00045232109831546557f,-0.006616760242000509f,0.0010772624498713856f,0f,0f,0f,1f], start_interpolation: 0, interpolation_duration: 1 }
$data merge entity $(bone_right_close) { transformation: [-0.006632202535817189f,0.06819923665486163f,0.9976496769954963f,0.03517244346699705f,0f,0.9976716190838136f,-0.06820073661392378f,1.7630155615524608f,-0.9999780067029094f,-0.00045232109831546557f,-0.006616760242000509f,0.00104899238122666f,0f,0f,0f,1f], start_interpolation: 0, interpolation_duration: 1 }
$data merge entity $(bone_left_close) { transformation: [-0.006632202535817189f,0.06819923665486163f,0.9976496769954963f,0.03683049410095135f,0f,0.9976716190838136f,-0.06820073661392378f,1.7630155615524608f,-0.9999780067029094f,-0.00045232109831546557f,-0.006616760242000509f,0.25104349405695403f,0f,0f,0f,1f], start_interpolation: 0, interpolation_duration: 1 }
$data merge entity $(bone_left_eyebrow) { transformation: [-0.006632202535817189f,0.06819923665486163f,0.9976496769954963f,0.03506316007976758f,0f,0.9976716190838136f,-0.06820073661392378f,1.738078033621404f,-0.9999780067029094f,-0.00045232109831546557f,-0.006616760242000509f,0.251055215631927f,0f,0f,0f,1f], start_interpolation: 0, interpolation_duration: 1 }
$data merge entity $(bone_right_eyebrow) { transformation: [-0.006632202535817189f,0.06819923665486163f,0.9976496769954963f,0.03340510944581328f,0f,0.9976716190838136f,-0.06820073661392378f,1.738078033621404f,-0.9999780067029094f,-0.00045232109831546557f,-0.006616760242000509f,0.0010607139561996937f,0f,0f,0f,1f], start_interpolation: 0, interpolation_duration: 1 }
$data merge entity $(bone_talking) { transformation: [-0.006632202535817189f,0.06819923665486163f,0.9976496769954963f,0.3264547313904225f,0f,0.9976716190838136f,-0.06820073661392378f,1.4299304503969177f,-0.9999780067029094f,-0.00045232109831546557f,-0.006616760242000509f,0.12411985598668877f,0f,0f,0f,1f], start_interpolation: 0, interpolation_duration: 1 }
$data merge entity $(bone_m_opened) { transformation: [-0.006632202535817189f,0.06819923665486163f,0.9976496769954963f,0.3264547313904225f,0f,0.9976716190838136f,-0.06820073661392378f,1.4299304503969177f,-0.9999780067029094f,-0.00045232109831546557f,-0.006616760242000509f,0.12411985598668877f,0f,0f,0f,1f], start_interpolation: 0, interpolation_duration: 1 }
$data merge entity $(bone_head) { transformation: [-0.006632202535817189f,0.06819923665486163f,0.9976496769954963f,0.264101626578204f,0f,0.9976716190838136f,-0.06820073661392378f,1.434192996435288f,-0.9999780067029094f,-0.00045232109831546557f,-0.006616760242000509f,0.1245334035018138f,0f,0f,0f,1f], start_interpolation: 0, interpolation_duration: 1 }
$data merge entity $(item_display_r_item) { transformation: [-0.00290158860942002f,-0.4372380015352134f,-0.014858021302798948f,0.14660439361190303f,0f,-0.014858348086862695f,0.43724761805197937f,0.6808594670255707f,-0.4374903779325229f,0.002899914761224363f,0.00009854357385974521f,-0.18719418696926413f,0f,0f,0f,1f], start_interpolation: 0, interpolation_duration: 1 }
$data merge entity $(bone_rightarm) { transformation: [-0.006632202535817189f,-0.03396119154925496f,0.999401146366202f,0.2503037921893939f,0f,0.9994231269759528f,0.03396193848425781f,1.3097441636960734f,-0.9999780067029094f,0.000225242454536562f,-0.006628376597084258f,-0.18788195750981432f,0f,0f,0f,1f], start_interpolation: 0, interpolation_duration: 1 }
$data merge entity $(item_display_l_item) { transformation: [-0.00290158860942002f,-0.43676383939399144f,0.025202765351471944f,0.09365529987389376f,0f,0.0252033196555688f,0.4367734454821392f,0.6929830471946085f,-0.4374903779325229f,0.002896769952704254f,-0.00016715352053067462f,0.4381707359810348f,0f,0f,0f,1f], start_interpolation: 0, interpolation_duration: 1 }
$data merge entity $(bone_leftarm) { transformation: [-0.006632202535817189f,0.05760632080336422f,0.9983173471862662f,0.25444891877427966f,0f,0.9983393039591754f,-0.05760758778415703f,1.3097441636960734f,-0.9999780067029094f,-0.0003820651897843976f,-0.0066211884633240094f,0.437104296679504f,0f,0f,0f,1f], start_interpolation: 0, interpolation_duration: 1 }
$data merge entity $(bone_body) { transformation: [-0.006632202535817189f,0.09380216877093805f,0.9955687655925092f,0.1937500000000005f,0f,0.9955906619137173f,-0.09380423183527717f,0.6875f,-0.9999780067029094f,-0.0006221286642483087f,-0.006602958912580069f,0.12500000000000003f,0f,0f,0f,1f], start_interpolation: 0, interpolation_duration: 1 }
$data merge entity $(bone_leftleg) { transformation: [-0.006632202535817189f,0.18223151753209554f,0.9832332825466567f,0.19457902531697766f,0f,0.9832549075639545f,-0.18223552549214816f,0.74379375f,-0.9999780067029094f,-0.001208622914285003f,-0.0065211456913003545f,0.2499972508378637f,0f,0f,0f,1f], start_interpolation: 0, interpolation_duration: 1 }
$data merge entity $(bone_rightleg) { transformation: [-0.006632202535817189f,0.10452616434210293f,0.9945000225527658f,0.2511384442607576f,0f,0.9945218953682737f,-0.10452846326765f,0.8184374999999992f,-0.9999780067029094f,-0.0006932539391487822f,-0.006595870636387182f,-0.00038336937924574044f,0f,0f,0f,1f], start_interpolation: 0, interpolation_duration: 1 }
data modify entity @s data merge value {"locators":{},"cameras":{"camera":{"posx":6.125,"posy":0.7422859108409268,"posz":1.5208989014912009,"roty":97.43518098972933,"rotx":-8.73583773445374}}}