# This file was generated by Animated Java via MC-Build. It is not recommended to edit this file directly.
$data merge entity $(bone_left_eye) { transformation: [-9.957992501029599e-17f,0.13166637364967443f,0.9912940865605647f,0.0779360443246528f,0f,0.9912940865605647f,-0.13166637364967443f,1.7089242810909733f,-1f,-1.3111327614412189e-17f,-9.87129908028509e-17f,0.25000000000000006f,0f,0f,0f,1f], start_interpolation: 0, interpolation_duration: 1 }
$data merge entity $(bone_right_eye) { transformation: [-9.957992501029599e-17f,0.13166637364967443f,0.9912940865605647f,0.07793604432465277f,0f,0.9912940865605647f,-0.13166637364967443f,1.7089242810909733f,-1f,-1.3111327614412189e-17f,-9.87129908028509e-17f,5.551115123125783e-17f,0f,0f,0f,1f], start_interpolation: 0, interpolation_duration: 1 }
$data merge entity $(bone_right_close) { transformation: [-9.957992501029599e-17f,0.13166637364967443f,0.9912940865605647f,0.0861651926777574f,0f,0.9912940865605647f,-0.13166637364967443f,1.7708801615010086f,-1f,-1.3111327614412189e-17f,-9.87129908028509e-17f,5.551115123125783e-17f,0f,0f,0f,1f], start_interpolation: 0, interpolation_duration: 1 }
$data merge entity $(bone_left_close) { transformation: [-9.957992501029599e-17f,0.13166637364967443f,0.9912940865605647f,0.08616519267775742f,0f,0.9912940865605647f,-0.13166637364967443f,1.7708801615010086f,-1f,-1.3111327614412189e-17f,-9.87129908028509e-17f,0.25000000000000006f,0f,0f,0f,1f], start_interpolation: 0, interpolation_duration: 1 }
$data merge entity $(bone_left_eyebrow) { transformation: [-9.957992501029599e-17f,0.13166637364967443f,0.9912940865605647f,0.08281157745610554f,0f,0.9912940865605647f,-0.13166637364967443f,1.7461060384853477f,-1f,-1.3111327614412189e-17f,-9.87129908028509e-17f,0.25000000000000006f,0f,0f,0f,1f], start_interpolation: 0, interpolation_duration: 1 }
$data merge entity $(bone_right_eyebrow) { transformation: [-9.957992501029599e-17f,0.13166637364967443f,0.9912940865605647f,0.08281157745610551f,0f,0.9912940865605647f,-0.13166637364967443f,1.7461060384853477f,-1f,-1.3111327614412189e-17f,-9.87129908028509e-17f,5.551115123125783e-17f,0f,0f,0f,1f], start_interpolation: 0, interpolation_duration: 1 }
$data merge entity $(bone_talking) { transformation: [-9.957992501029599e-17f,0.13166637364967443f,0.9912940865605647f,0.35479885296241065f,0f,0.9912940865605647f,-0.13166637364967443f,1.4199550176853089f,-1f,-1.3111327614412189e-17f,-9.87129908028509e-17f,0.12500000000000003f,0f,0f,0f,1f], start_interpolation: 0, interpolation_duration: 1 }
$data merge entity $(bone_m_opened) { transformation: [-9.957992501029599e-17f,0.13166637364967443f,0.9912940865605647f,0.35479885296241065f,0f,0.9912940865605647f,-0.13166637364967443f,1.4199550176853089f,-1f,-1.3111327614412189e-17f,-9.87129908028509e-17f,0.12500000000000003f,0f,0f,0f,1f], start_interpolation: 0, interpolation_duration: 1 }
$data merge entity $(bone_head) { transformation: [-9.957992501029599e-17f,0.13166637364967443f,0.9912940865605647f,0.29284297255237535f,0f,0.9912940865605647f,-0.13166637364967443f,1.4281841660384136f,-1f,-1.3111327614412189e-17f,-9.87129908028509e-17f,0.12500000000000003f,0f,0f,0f,1f], start_interpolation: 0, interpolation_duration: 1 }
$data merge entity $(item_display_r_item) { transformation: [-4.3566217192004496e-17f,-0.43747438573265685f,0.004734113204658358f,0.14144677662528f,0f,0.004734113204658358f,0.43747438573265685f,0.6811260006152611f,-0.4375f,4.356366652518327e-17f,-4.714226379101307e-19f,-0.18749999999999997f,0f,0f,0f,1f], start_interpolation: 0, interpolation_duration: 1 }
$data merge entity $(bone_rightarm) { transformation: [-9.957992501029599e-17f,0.010820830182076024f,0.9999414531032157f,0.2732024771269795f,0f,0.9999414531032157f,-0.010820830182076024f,1.3047368050320114f,-1f,-1.0775374580802767e-18f,-9.957409491470462e-17f,-0.18749999999999997f,0f,0f,0f,1f], start_interpolation: 0, interpolation_duration: 1 }
$data merge entity $(item_display_l_item) { transformation: [-4.3566217192004496e-17f,-0.4365979115313745f,0.028080485153254002f,0.10834523789908124f,0f,0.028080485153254002f,0.4365979115313745f,0.689048498602406f,-0.4375f,4.3476387289946115e-17f,-2.7962526058137635e-18f,0.4375f,0f,0f,0f,1f], start_interpolation: 0, interpolation_duration: 1 }
$data merge entity $(bone_leftarm) { transformation: [-9.957992501029599e-17f,0.06418396606458035f,0.9979380835002846f,0.27320247712697954f,0f,0.9979380835002846f,-0.06418396606458035f,1.3047368050320114f,-1f,-6.3914345275742946e-18f,-9.937459951987683e-17f,0.4375f,0f,0f,0f,1f], start_interpolation: 0, interpolation_duration: 1 }
$data merge entity $(bone_body) { transformation: [-9.957992501029599e-17f,0.15712396340316684f,0.9875788880512181f,0.17500000000000024f,0f,0.9875788880512181f,-0.15712396340316684f,0.6875f,-1f,-1.5646392493007844e-17f,-9.834303161389179e-17f,0.12500000000000003f,0f,0f,0f,1f], start_interpolation: 0, interpolation_duration: 1 }
$data merge entity $(bone_leftleg) { transformation: [-9.957992501029599e-17f,0.15643446504023123f,0.9876883405951377f,0.17500000000000024f,0f,0.9876883405951377f,-0.15643446504023123f,0.74315f,-1f,-1.5577732297731997e-17f,-9.835393089000749e-17f,0.25f,0f,0f,0f,1f], start_interpolation: 0, interpolation_duration: 1 }
$data merge entity $(bone_rightleg) { transformation: [-9.957992501029599e-17f,0.2249510543438633f,0.9743700647852356f,0.26049999999999984f,0f,0.9743700647852356f,-0.2249510543438633f,0.8499999999999995f,-1f,-2.2400609122548926e-17f,-9.7027697983591e-17f,2.7755575615628914e-17f,0f,0f,0f,1f], start_interpolation: 0, interpolation_duration: 1 }
data modify entity @s data merge value {"locators":{},"cameras":{"camera":{"posx":6.125,"posy":0.7434321004054932,"posz":1.5167590255803156,"roty":97.4214193414226,"rotx":-8.951955707391871}}}