# This file was generated by Animated Java via MC-Build. It is not recommended to edit this file directly.
$data merge entity $(bone_left_eye) { transformation: [-9.957992501029599e-17f,0.19664891629181933f,0.9804739689156735f,0.1266146645430048f,0f,0.9804739689156735f,-0.19664891629181933f,1.7131064688380546f,-1f,-1.958228433769534e-17f,-9.763552429917005e-17f,0.25f,0f,0f,0f,1f], start_interpolation: 0, interpolation_duration: 1 }
$data merge entity $(bone_right_eye) { transformation: [-9.957992501029599e-17f,0.19664891629181933f,0.9804739689156735f,0.1266146645430048f,0f,0.9804739689156735f,-0.19664891629181933f,1.7131064688380546f,-1f,-1.958228433769534e-17f,-9.763552429917005e-17f,2.7755575615628914e-17f,0f,0f,0f,1f], start_interpolation: 0, interpolation_duration: 1 }
$data merge entity $(bone_right_close) { transformation: [-9.957992501029599e-17f,0.19664891629181933f,0.9804739689156735f,0.13890522181124348f,0f,0.9804739689156735f,-0.19664891629181933f,1.774386091895284f,-1f,-1.958228433769534e-17f,-9.763552429917005e-17f,2.7755575615628914e-17f,0f,0f,0f,1f], start_interpolation: 0, interpolation_duration: 1 }
$data merge entity $(bone_left_close) { transformation: [-9.957992501029599e-17f,0.19664891629181933f,0.9804739689156735f,0.13890522181124348f,0f,0.9804739689156735f,-0.19664891629181933f,1.774386091895284f,-1f,-1.958228433769534e-17f,-9.763552429917005e-17f,0.25f,0f,0f,0f,1f], start_interpolation: 0, interpolation_duration: 1 }
$data merge entity $(bone_left_eyebrow) { transformation: [-9.957992501029599e-17f,0.19664891629181933f,0.9804739689156735f,0.1339277192808908f,0f,0.9804739689156735f,-0.19664891629181933f,1.7498865332296607f,-1f,-1.958228433769534e-17f,-9.763552429917005e-17f,0.25f,0f,0f,0f,1f], start_interpolation: 0, interpolation_duration: 1 }
$data merge entity $(bone_right_eyebrow) { transformation: [-9.957992501029599e-17f,0.19664891629181933f,0.9804739689156735f,0.13392771928089078f,0f,0.9804739689156735f,-0.19664891629181933f,1.7498865332296607f,-1f,-1.958228433769534e-17f,-9.763552429917005e-17f,2.7755575615628914e-17f,0f,0f,0f,1f], start_interpolation: 0, interpolation_duration: 1 }
$data merge entity $(bone_talking) { transformation: [-9.957992501029599e-17f,0.19664891629181933f,0.9804739689156735f,0.38385055075619795f,0f,0.9804739689156735f,-0.19664891629181933f,1.4065351902679426f,-1f,-1.958228433769534e-17f,-9.763552429917005e-17f,0.125f,0f,0f,0f,1f], start_interpolation: 0, interpolation_duration: 1 }
$data merge entity $(bone_m_opened) { transformation: [-9.957992501029599e-17f,0.19664891629181933f,0.9804739689156735f,0.38385055075619795f,0f,0.9804739689156735f,-0.19664891629181933f,1.4065351902679426f,-1f,-1.958228433769534e-17f,-9.763552429917005e-17f,0.125f,0f,0f,0f,1f], start_interpolation: 0, interpolation_duration: 1 }
$data merge entity $(bone_head) { transformation: [-9.957992501029599e-17f,0.19664891629181933f,0.9804739689156735f,0.32257092769896833f,0f,0.9804739689156735f,-0.19664891629181933f,1.4188257475361814f,-1f,-1.958228433769534e-17f,-9.763552429917005e-17f,0.125f,0f,0f,0f,1f], start_interpolation: 0, interpolation_duration: 1 }
$data merge entity $(item_display_r_item) { transformation: [-4.3566217192004496e-17f,-0.4367827629113474f,0.025041326313311366f,0.13428237466021536f,0f,0.025041326313311366f,0.4367827629113474f,0.6801174120201249f,-0.4375f,4.349479477650187e-17f,-2.493613396437896e-18f,-0.18749999999999994f,0f,0f,0f,1f], start_interpolation: 0, interpolation_duration: 1 }
$data merge entity $(bone_rightarm) { transformation: [-9.957992501029599e-17f,0.05723731728756862f,0.9983606009402226f,0.2948507730824736f,0f,0.9983606009402226f,-0.05723731728756862f,1.296938122946818f,-1f,-5.699687763286598e-18f,-9.941667377486141e-17f,-0.18749999999999997f,0f,0f,0f,1f], start_interpolation: 0, interpolation_duration: 1 }
$data merge entity $(item_display_l_item) { transformation: [-4.3566217192004496e-17f,-0.4364007218635399f,0.030994514949927505f,0.12588697405013738f,0f,0.030994514949927505f,0.4364007218635399f,0.6823640959845975f,-0.4375f,4.3456751157610343e-17f,-3.0864314744442786e-18f,0.4375f,0f,0f,0f,1f], start_interpolation: 0, interpolation_duration: 1 }
$data merge entity $(bone_leftarm) { transformation: [-9.957992501029599e-17f,0.07084460559983408f,0.9974873642595198f,0.29485077308247365f,0f,0.9974873642595198f,-0.07084460559983408f,1.296938122946818f,-1f,-7.054700513015472e-18f,-9.932971693168078e-17f,0.4375f,0f,0f,0f,1f], start_interpolation: 0, interpolation_duration: 1 }
$data merge entity $(bone_body) { transformation: [-9.957992501029599e-17f,0.22176123693195784f,0.9751009967149086f,0.15624999999999997f,0f,0.9751009967149086f,-0.22176123693195784f,0.6875f,-1f,-2.2082967343874842e-17f,-9.710048413033547e-17f,0.12500000000000003f,0f,0f,0f,1f], start_interpolation: 0, interpolation_duration: 1 }
$data merge entity $(bone_leftleg) { transformation: [-9.957992501029599e-17f,0.13052619222005157f,0.9914448613738104f,0.15624999999999997f,0f,0.9914448613738104f,-0.13052619222005157f,0.74296875f,-1f,-1.2997788433152216e-17f,-9.872800494744734e-17f,0.25f,0f,0f,0f,1f], start_interpolation: 0, interpolation_duration: 1 }
$data merge entity $(bone_rightleg) { transformation: [-9.957992501029599e-17f,0.34202014332566866f,0.9396926207859084f,0.26953124999999994f,0f,0.9396926207859084f,-0.34202014332566866f,0.8828125f,-1f,-3.405834022438077e-17f,-9.357452071058926e-17f,2.7755575615628914e-17f,0f,0f,0f,1f], start_interpolation: 0, interpolation_duration: 1 }
data modify entity @s data merge value {"locators":{},"cameras":{"camera":{"posx":6.125,"posy":0.7445727934610707,"posz":1.5126247220847182,"roty":97.41138564141826,"rotx":-9.1723777258101}}}