# This file was generated by Animated Java via MC-Build. It is not recommended to edit this file directly.
$data merge entity $(bone_left_eye) { transformation: [-9.957992501029599e-17f,0.25874486656102097f,0.9659456993166435f,0.17320921163101055f,0f,0.9659456993166435f,-0.25874486656102097f,1.7129359774513098f,-1f,-2.5765794408945507e-17f,-9.618880030196927e-17f,0.25f,0f,0f,0f,1f], start_interpolation: 0, interpolation_duration: 1 }
$data merge entity $(bone_right_eye) { transformation: [-9.957992501029599e-17f,0.25874486656102097f,0.9659456993166435f,0.17320921163101055f,0f,0.9659456993166435f,-0.25874486656102097f,1.7129359774513098f,-1f,-2.5765794408945507e-17f,-9.618880030196927e-17f,2.7755575615628914e-17f,0f,0f,0f,1f], start_interpolation: 0, interpolation_duration: 1 }
$data merge entity $(bone_right_close) { transformation: [-9.957992501029599e-17f,0.25874486656102097f,0.9659456993166435f,0.18938076579107435f,0f,0.9659456993166435f,-0.25874486656102097f,1.7733075836586f,-1f,-2.5765794408945507e-17f,-9.618880030196927e-17f,2.7755575615628914e-17f,0f,0f,0f,1f], start_interpolation: 0, interpolation_duration: 1 }
$data merge entity $(bone_left_close) { transformation: [-9.957992501029599e-17f,0.25874486656102097f,0.9659456993166435f,0.18938076579107435f,0f,0.9659456993166435f,-0.25874486656102097f,1.7733075836586f,-1f,-2.5765794408945507e-17f,-9.618880030196927e-17f,0.25f,0f,0f,0f,1f], start_interpolation: 0, interpolation_duration: 1 }
$data merge entity $(bone_left_eyebrow) { transformation: [-9.957992501029599e-17f,0.25874486656102097f,0.9659456993166435f,0.18285177252084153f,0f,0.9659456993166435f,-0.25874486656102097f,1.749175112729844f,-1f,-2.5765794408945507e-17f,-9.618880030196927e-17f,0.25f,0f,0f,0f,1f], start_interpolation: 0, interpolation_duration: 1 }
$data merge entity $(bone_right_eyebrow) { transformation: [-9.957992501029599e-17f,0.25874486656102097f,0.9659456993166435f,0.1828517725208415f,0f,0.9659456993166435f,-0.25874486656102097f,1.749175112729844f,-1f,-2.5765794408945507e-17f,-9.618880030196927e-17f,2.7755575615628914e-17f,0f,0f,0f,1f], start_interpolation: 0, interpolation_duration: 1 }
$data merge entity $(bone_talking) { transformation: [-9.957992501029599e-17f,0.25874486656102097f,0.9659456993166435f,0.4103810260272064f,0f,0.9659456993166435f,-0.25874486656102097f,1.3905917818218299f,-1f,-2.5765794408945507e-17f,-9.618880030196927e-17f,0.125f,0f,0f,0f,1f], start_interpolation: 0, interpolation_duration: 1 }
$data merge entity $(bone_m_opened) { transformation: [-9.957992501029599e-17f,0.25874486656102097f,0.9659456993166435f,0.4103810260272064f,0f,0.9659456993166435f,-0.25874486656102097f,1.3905917818218299f,-1f,-2.5765794408945507e-17f,-9.618880030196927e-17f,0.125f,0f,0f,0f,1f], start_interpolation: 0, interpolation_duration: 1 }
$data merge entity $(bone_head) { transformation: [-9.957992501029599e-17f,0.25874486656102097f,0.9659456993166435f,0.3500094198199162f,0f,0.9659456993166435f,-0.25874486656102097f,1.4067633359818936f,-1f,-2.5765794408945507e-17f,-9.618880030196927e-17f,0.125f,0f,0f,0f,1f], start_interpolation: 0, interpolation_duration: 1 }
$data merge entity $(item_display_r_item) { transformation: [-4.3566217192004496e-17f,-0.4351981540724795f,0.044819824764342396f,0.12622053235635167f,0f,0.044819824764342396f,0.4351981540724795f,0.6779801288616575f,-0.4375f,4.3336999547156755e-17f,-4.463154789007822e-18f,-0.18749999999999994f,0f,0f,0f,1f], start_interpolation: 0, interpolation_duration: 1 }
$data merge entity $(bone_rightarm) { transformation: [-9.957992501029599e-17f,0.10244531374706811f,0.9947386378799532f,0.3145911831832634f,0f,0.9947386378799532f,-0.10244531374706811f,1.2868861133182448f,-1f,-1.0201496660589285e-17f,-9.905599896492972e-17f,-0.18749999999999997f,0f,0f,0f,1f], start_interpolation: 0, interpolation_duration: 1 }
$data merge entity $(item_display_l_item) { transformation: [-4.3566217192004496e-17f,-0.43619883627719985f,0.03371683897426657f,0.14179603142653996f,0f,0.03371683897426657f,0.43619883627719985f,0.6733783012006068f,-0.4375f,4.3436647406061935e-17f,-3.35752029664169e-18f,0.4375f,0f,0f,0f,1f], start_interpolation: 0, interpolation_duration: 1 }
$data merge entity $(bone_leftarm) { transformation: [-9.957992501029599e-17f,0.07706706051260909f,0.9970259114907425f,0.31459118318326346f,0f,0.9970259114907425f,-0.07706706051260909f,1.2868861133182448f,-1f,-7.674332106609555e-18f,-9.928376549957014e-17f,0.4375f,0f,0f,0f,1f], start_interpolation: 0, interpolation_duration: 1 }
$data merge entity $(bone_body) { transformation: [-9.957992501029599e-17f,0.28334589309322195f,0.9590177813091916f,0.1374999999999997f,0f,0.9590177813091916f,-0.28334589309322195f,0.6875f,-1f,-2.821556278619838e-17f,-9.549891874630973e-17f,0.12500000000000003f,0f,0f,0f,1f], start_interpolation: 0, interpolation_duration: 1 }
$data merge entity $(bone_leftleg) { transformation: [-9.957992501029599e-17f,0.1045284632676531f,0.9945218953682734f,0.1374999999999997f,0f,0.9945218953682734f,-0.1045284632676531f,0.7431f,-1f,-1.0408936533634374e-17f,-9.90344157618701e-17f,0.25f,0f,0f,0f,1f], start_interpolation: 0, interpolation_duration: 1 }
$data merge entity $(bone_rightleg) { transformation: [-9.957992501029599e-17f,0.45399049973954836f,0.8910065241883671f,0.277f,0f,0.8910065241883671f,-0.45399049973954836f,0.9150000000000005f,-1f,-4.5208339919451024e-17f,-8.872636286236208e-17f,0f,0f,0f,0f,1f], start_interpolation: 0, interpolation_duration: 1 }
data modify entity @s data merge value {"locators":{},"cameras":{"camera":{"posx":6.125,"posy":0.7457079632172012,"posz":1.508497276946397,"roty":97.40487079319107,"rotx":-9.396677739513212}}}