# This file was generated by Animated Java via MC-Build. It is not recommended to edit this file directly.
$data merge entity $(bone_left_eye) { transformation: [-9.957992501029599e-17f,0.31380928361614063f,0.9494860365041314f,0.213175948370243f,0f,0.9494860365041314f,-0.31380928361614063f,1.7092390103209147f,-1f,-3.124910493002999e-17f,-9.454974831340456e-17f,0.25f,0f,0f,0f,1f], start_interpolation: 0, interpolation_duration: 1 }
$data merge entity $(bone_right_eye) { transformation: [-9.957992501029599e-17f,0.31380928361614063f,0.9494860365041314f,0.213175948370243f,0f,0.9494860365041314f,-0.31380928361614063f,1.7092390103209147f,-1f,-3.124910493002999e-17f,-9.454974831340456e-17f,2.7755575615628914e-17f,0f,0f,0f,1f], start_interpolation: 0, interpolation_duration: 1 }
$data merge entity $(bone_right_close) { transformation: [-9.957992501029599e-17f,0.31380928361614063f,0.9494860365041314f,0.23278902859625178f,0f,0.9494860365041314f,-0.31380928361614063f,1.7685818876024229f,-1f,-3.124910493002999e-17f,-9.454974831340456e-17f,0f,0f,0f,0f,1f], start_interpolation: 0, interpolation_duration: 1 }
$data merge entity $(bone_left_close) { transformation: [-9.957992501029599e-17f,0.31380928361614063f,0.9494860365041314f,0.23278902859625178f,0f,0.9494860365041314f,-0.31380928361614063f,1.7685818876024229f,-1f,-3.124910493002999e-17f,-9.454974831340456e-17f,0.25f,0f,0f,0f,1f], start_interpolation: 0, interpolation_duration: 1 }
$data merge entity $(bone_left_eyebrow) { transformation: [-9.957992501029599e-17f,0.31380928361614063f,0.9494860365041314f,0.22488445362856677f,0f,0.9494860365041314f,-0.31380928361614063f,1.7448643497700458f,-1f,-3.124910493002999e-17f,-9.454974831340456e-17f,0.25f,0f,0f,0f,1f], start_interpolation: 0, interpolation_duration: 1 }
$data merge entity $(bone_right_eyebrow) { transformation: [-9.957992501029599e-17f,0.31380928361614063f,0.9494860365041314f,0.22488445362856674f,0f,0.9494860365041314f,-0.31380928361614063f,1.7448643497700458f,-1f,-3.124910493002999e-17f,-9.454974831340456e-17f,2.7755575615628914e-17f,0f,0f,0f,1f], start_interpolation: 0, interpolation_duration: 1 }
$data merge entity $(bone_talking) { transformation: [-9.957992501029599e-17f,0.31380928361614063f,0.9494860365041314f,0.4314380138737489f,0f,0.9494860365041314f,-0.31380928361614063f,1.373802100064838f,-1f,-3.124910493002999e-17f,-9.454974831340456e-17f,0.125f,0f,0f,0f,1f], start_interpolation: 0, interpolation_duration: 1 }
$data merge entity $(bone_m_opened) { transformation: [-9.957992501029599e-17f,0.31380928361614063f,0.9494860365041314f,0.4314380138737489f,0f,0.9494860365041314f,-0.31380928361614063f,1.373802100064838f,-1f,-3.124910493002999e-17f,-9.454974831340456e-17f,0.125f,0f,0f,0f,1f], start_interpolation: 0, interpolation_duration: 1 }
$data merge entity $(bone_head) { transformation: [-9.957992501029599e-17f,0.31380928361614063f,0.9494860365041314f,0.3720951365922407f,0f,0.9494860365041314f,-0.31380928361614063f,1.3934151802908468f,-1f,-3.124910493002999e-17f,-9.454974831340456e-17f,0.125f,0f,0f,0f,1f], start_interpolation: 0, interpolation_duration: 1 }
$data merge entity $(item_display_r_item) { transformation: [-4.3566217192004496e-17f,-0.4329628894568329f,0.06284414334836827f,0.1163899168177222f,0f,0.06284414334836827f,0.4329628894568329f,0.6751997062607161f,-0.4375f,4.3114412064352496e-17f,-6.2580150819668055e-18f,-0.18749999999999994f,0f,0f,0f,1f], start_interpolation: 0, interpolation_duration: 1 }
$data merge entity $(bone_rightarm) { transformation: [-9.957992501029599e-17f,0.14364375622484155f,0.9896294616156182f,0.32987094716020043f,0f,0.9896294616156182f,-0.14364375622484155f,1.2757626502423722f,-1f,-1.4304034473066963e-17f,-9.854722757566284e-17f,-0.18749999999999997f,0f,0f,0f,1f], start_interpolation: 0, interpolation_duration: 1 }
$data merge entity $(item_display_l_item) { transformation: [-4.3566217192004496e-17f,-0.43601474559770925f,0.03601932288876167f,0.1538391300054813f,0f,0.03601932288876167f,0.43601474559770925f,0.6631756773567195f,-0.4375f,4.341831567000317e-17f,-3.586801472184526e-18f,0.4375f,0f,0f,0f,1f], start_interpolation: 0, interpolation_duration: 1 }
$data merge entity $(bone_leftarm) { transformation: [-9.957992501029599e-17f,0.08232988088859788f,0.996605132794764f,0.3298709471602005f,0f,0.996605132794764f,-0.08232988088859788f,1.2757626502423722f,-1f,-8.198403364993178e-18f,-9.924186438857867e-17f,0.4375f,0f,0f,0f,1f], start_interpolation: 0, interpolation_duration: 1 }
$data merge entity $(bone_body) { transformation: [-9.957992501029599e-17f,0.33779351545632164f,0.9412202403877956f,0.11874999999999945f,0f,0.9412202403877956f,-0.33779351545632164f,0.6875f,-1f,-3.363745293810477e-17f,-9.372664095598945e-17f,0.12500000000000003f,0f,0f,0f,1f], start_interpolation: 0, interpolation_duration: 1 }
$data merge entity $(bone_leftleg) { transformation: [-9.957992501029599e-17f,0.07845909572784421f,0.9969173337331281f,0.11874999999999947f,0f,0.9969173337331281f,-0.07845909572784421f,0.74339375f,-1f,-7.812950868954361e-18f,-9.927295333460911e-17f,0.25f,0f,0f,0f,1f], start_interpolation: 0, interpolation_duration: 1 }
$data merge entity $(bone_rightleg) { transformation: [-9.957992501029599e-17f,0.5591929034707497f,0.8290375725550397f,0.28084375000000006f,0f,0.8290375725550397f,-0.5591929034707497f,0.9446875000000008f,-1f,-5.568438739390693e-17f,-8.255549930574868e-17f,0f,0f,0f,0f,1f], start_interpolation: 0, interpolation_duration: 1 }
data modify entity @s data merge value {"locators":{},"cameras":{"camera":{"posx":6.125,"posy":0.7468375828834264,"posz":1.5043779761073413,"roty":97.40166637976839,"rotx":-9.624429558220331}}}