# This file was generated by Animated Java via MC-Build. It is not recommended to edit this file directly.
$data merge entity $(bone_left_eye) { transformation: [-9.957992501029599e-17f,0.358050979407826f,0.9337020382033535f,0.24213204573239883f,0f,0.9337020382033535f,-0.358050979407826f,1.7037479733778955f,-1f,-3.5654689679294346e-17f,-9.297797894625045e-17f,0.25f,0f,0f,0f,1f], start_interpolation: 0, interpolation_duration: 1 }
$data merge entity $(bone_right_eye) { transformation: [-9.957992501029599e-17f,0.358050979407826f,0.9337020382033535f,0.24213204573239883f,0f,0.9337020382033535f,-0.358050979407826f,1.7037479733778955f,-1f,-3.5654689679294346e-17f,-9.297797894625045e-17f,-1.3877787807814457e-17f,0f,0f,0f,1f], start_interpolation: 0, interpolation_duration: 1 }
$data merge entity $(bone_right_close) { transformation: [-9.957992501029599e-17f,0.358050979407826f,0.9337020382033535f,0.2645102319453879f,0f,0.9337020382033535f,-0.358050979407826f,1.762104350765605f,-1f,-3.5654689679294346e-17f,-9.297797894625045e-17f,-1.3877787807814457e-17f,0f,0f,0f,1f], start_interpolation: 0, interpolation_duration: 1 }
$data merge entity $(bone_left_close) { transformation: [-9.957992501029599e-17f,0.358050979407826f,0.9337020382033535f,0.2645102319453879f,0f,0.9337020382033535f,-0.358050979407826f,1.762104350765605f,-1f,-3.5654689679294346e-17f,-9.297797894625045e-17f,0.25f,0f,0f,0f,1f], start_interpolation: 0, interpolation_duration: 1 }
$data merge entity $(bone_left_eyebrow) { transformation: [-9.957992501029599e-17f,0.358050979407826f,0.9337020382033535f,0.2555006010828046f,0f,0.9337020382033535f,-0.358050979407826f,1.7387841779967343f,-1f,-3.5654689679294346e-17f,-9.297797894625045e-17f,0.25f,0f,0f,0f,1f], start_interpolation: 0, interpolation_duration: 1 }
$data merge entity $(bone_right_eyebrow) { transformation: [-9.957992501029599e-17f,0.358050979407826f,0.9337020382033535f,0.2555006010828046f,0f,0.9337020382033535f,-0.358050979407826f,1.7387841779967343f,-1f,-3.5654689679294346e-17f,-9.297797894625045e-17f,-1.3877787807814457e-17f,0f,0f,0f,1f], start_interpolation: 0, interpolation_duration: 1 }
$data merge entity $(bone_talking) { transformation: [-9.957992501029599e-17f,0.358050979407826f,0.9337020382033535f,0.4444011878189903f,0f,0.9337020382033535f,-0.358050979407826f,1.3584315327621115f,-1f,-3.5654689679294346e-17f,-9.297797894625045e-17f,0.12499999999999997f,0f,0f,0f,1f], start_interpolation: 0, interpolation_duration: 1 }
$data merge entity $(bone_m_opened) { transformation: [-9.957992501029599e-17f,0.358050979407826f,0.9337020382033535f,0.4444011878189903f,0f,0.9337020382033535f,-0.358050979407826f,1.3584315327621115f,-1f,-3.5654689679294346e-17f,-9.297797894625045e-17f,0.12499999999999997f,0f,0f,0f,1f], start_interpolation: 0, interpolation_duration: 1 }
$data merge entity $(bone_head) { transformation: [-9.957992501029599e-17f,0.358050979407826f,0.9337020382033535f,0.3860448104312807f,0f,0.9337020382033535f,-0.358050979407826f,1.3808097189751005f,-1f,-3.5654689679294346e-17f,-9.297797894625045e-17f,0.12499999999999997f,0f,0f,0f,1f], start_interpolation: 0, interpolation_duration: 1 }
$data merge entity $(item_display_r_item) { transformation: [-4.3566217192004496e-17f,-0.4305042112223737f,0.07792543949059162f,0.10404741573787735f,0f,0.07792543949059162f,0.4305042112223737f,0.6725164943969809f,-0.4375f,4.28695770701406e-17f,-7.759809420867472e-18f,-0.18749999999999997f,0f,0f,0f,1f], start_interpolation: 0, interpolation_duration: 1 }
$data merge entity $(bone_rightarm) { transformation: [-9.957992501029599e-17f,0.1781152902642092f,0.9840096256511399f,0.3383706753594006f,0f,0.9840096256511399f,-0.1781152902642092f,1.2652580991459172f,-1f,-1.7736707247697058e-17f,-9.798760473174994e-17f,-0.1875f,0f,0f,0f,1f], start_interpolation: 0, interpolation_duration: 1 }
$data merge entity $(item_display_l_item) { transformation: [-4.3566217192004496e-17f,-0.43587487174464923f,0.03767421109440229f,0.1600146961546406f,0f,0.03767421109440229f,0.43587487174464923f,0.6533437712519619f,-0.4375f,4.3404387042204553e-17f,-3.7515951156026425e-18f,0.4375f,0f,0f,0f,1f], start_interpolation: 0, interpolation_duration: 1 }
$data merge entity $(bone_leftarm) { transformation: [-9.957992501029599e-17f,0.08611248250149073f,0.9962854211306268f,0.33837067535940063f,0f,0.9962854211306268f,-0.08611248250149073f,1.2652580991459172f,-1f,-8.575074549948874e-18f,-9.921002752503897e-17f,0.4375f,0f,0f,0f,1f], start_interpolation: 0, interpolation_duration: 1 }
$data merge entity $(bone_body) { transformation: [-9.957992501029599e-17f,0.3813930805750402f,0.9244129586334675f,0.10000000000000052f,0f,0.9244129586334675f,-0.3813930805750402f,0.6875f,-1f,-3.797909436310828e-17f,-9.205297309926654e-17f,0.125f,0f,0f,0f,1f], start_interpolation: 0, interpolation_duration: 1 }
$data merge entity $(bone_leftleg) { transformation: [-9.957992501029599e-17f,0.05233595624294458f,0.9986295347545738f,0.10000000000000053f,0f,0.9986295347545738f,-0.05233595624294458f,0.7437f,-1f,-5.2116105980145534e-18f,-9.944345418392723e-17f,0.25f,0f,0f,0f,1f], start_interpolation: 0, interpolation_duration: 1 }
$data merge entity $(bone_rightleg) { transformation: [-9.957992501029599e-17f,0.6560590289905045f,0.7547095802227743f,0.27900000000000014f,0f,0.7547095802227743f,-0.6560590289905045f,0.9699999999999993f,-1f,-6.533030890920204e-17f,-7.515392340313583e-17f,-2.7755575615628914e-17f,0f,0f,0f,1f], start_interpolation: 0, interpolation_duration: 1 }
data modify entity @s data merge value {"locators":{},"cameras":{"camera":{"posx":6.125,"posy":0.7479616256692881,"posz":1.5002681055095402,"roty":97.40156473087096,"rotx":-9.855206843851368}}}