# This file was generated by Animated Java via MC-Build. It is not recommended to edit this file directly.
$data merge entity $(bone_left_eye) { transformation: [-9.957992501029599e-17f,0.3879958068258023f,0.9216611383179799f,0.2559026436369259f,0f,0.9216611383179799f,-0.3879958068258023f,1.698722327574795f,-1f,-3.863659334802268e-17f,-9.177894703860848e-17f,0.25f,0f,0f,0f,1f], start_interpolation: 0, interpolation_duration: 1 }
$data merge entity $(bone_right_eye) { transformation: [-9.957992501029599e-17f,0.3879958068258023f,0.9216611383179799f,0.2559026436369259f,0f,0.9216611383179799f,-0.3879958068258023f,1.698722327574795f,-1f,-3.863659334802268e-17f,-9.177894703860848e-17f,-1.3877787807814457e-17f,0f,0f,0f,1f], start_interpolation: 0, interpolation_duration: 1 }
$data merge entity $(bone_right_close) { transformation: [-9.957992501029599e-17f,0.3879958068258023f,0.9216611383179799f,0.2801523815635385f,0f,0.9216611383179799f,-0.3879958068258023f,1.7563261487196686f,-1f,-3.863659334802268e-17f,-9.177894703860848e-17f,-1.3877787807814457e-17f,0f,0f,0f,1f], start_interpolation: 0, interpolation_duration: 1 }
$data merge entity $(bone_left_close) { transformation: [-9.957992501029599e-17f,0.3879958068258023f,0.9216611383179799f,0.2801523815635385f,0f,0.9216611383179799f,-0.3879958068258023f,1.7563261487196686f,-1f,-3.863659334802268e-17f,-9.177894703860848e-17f,0.25f,0f,0f,0f,1f], start_interpolation: 0, interpolation_duration: 1 }
$data merge entity $(bone_left_eyebrow) { transformation: [-9.957992501029599e-17f,0.3879958068258023f,0.9216611383179799f,0.2703948825717486f,0f,0.9216611383179799f,-0.3879958068258023f,1.7333088699996457f,-1f,-3.863659334802268e-17f,-9.177894703860848e-17f,0.25f,0f,0f,0f,1f], start_interpolation: 0, interpolation_duration: 1 }
$data merge entity $(bone_right_eyebrow) { transformation: [-9.957992501029599e-17f,0.3879958068258023f,0.9216611383179799f,0.2703948825717486f,0f,0.9216611383179799f,-0.3879958068258023f,1.7333088699996457f,-1f,-3.863659334802268e-17f,-9.177894703860848e-17f,-1.3877787807814457e-17f,0f,0f,0f,1f], start_interpolation: 0, interpolation_duration: 1 }
$data merge entity $(bone_talking) { transformation: [-9.957992501029599e-17f,0.3879958068258023f,0.9216611383179799f,0.446922797654844f,0f,0.9216611383179799f,-0.3879958068258023f,1.3470583533622367f,-1f,-3.863659334802268e-17f,-9.177894703860848e-17f,0.12499999999999997f,0f,0f,0f,1f], start_interpolation: 0, interpolation_duration: 1 }
$data merge entity $(bone_m_opened) { transformation: [-9.957992501029599e-17f,0.3879958068258023f,0.9216611383179799f,0.446922797654844f,0f,0.9216611383179799f,-0.3879958068258023f,1.3470583533622367f,-1f,-3.863659334802268e-17f,-9.177894703860848e-17f,0.12499999999999997f,0f,0f,0f,1f], start_interpolation: 0, interpolation_duration: 1 }
$data merge entity $(bone_head) { transformation: [-9.957992501029599e-17f,0.3879958068258023f,0.9216611383179799f,0.38931897650997027f,0f,0.9216611383179799f,-0.3879958068258023f,1.3713080912888493f,-1f,-3.863659334802268e-17f,-9.177894703860848e-17f,0.12499999999999997f,0f,0f,0f,1f], start_interpolation: 0, interpolation_duration: 1 }
$data merge entity $(item_display_r_item) { transformation: [-4.3566217192004496e-17f,-0.42836928796954993f,0.08891570797368055f,0.08856048199508415f,0f,0.08891570797368055f,0.42836928796954993f,0.6707884383957357f,-0.4375f,4.265698157272167e-17f,-8.854219532256486e-18f,-0.18749999999999997f,0f,0f,0f,1f], start_interpolation: 0, interpolation_duration: 1 }
$data merge entity $(bone_rightarm) { transformation: [-9.957992501029599e-17f,0.20323590393984103f,0.979129801073257f,0.3379741470916419f,0f,0.979129801073257f,-0.20323590393984103f,1.2573400760740412f,-1f,-2.023821607372909e-17f,-9.750167216622096e-17f,-0.1875f,0f,0f,0f,1f], start_interpolation: 0, interpolation_duration: 1 }
$data merge entity $(item_display_l_item) { transformation: [-4.3566217192004496e-17f,-0.43580677654646377f,0.03845391418543276f,0.15852376209917715f,0f,0.03845391418543276f,0.43580677654646377f,0.6457457993463595f,-0.4375f,4.339760612747568e-17f,-3.829237890937751e-18f,0.4375f,0f,0f,0f,1f], start_interpolation: 0, interpolation_duration: 1 }
$data merge entity $(bone_leftarm) { transformation: [-9.957992501029599e-17f,0.08789466099527465f,0.9961297749633458f,0.33797414709164203f,0f,0.9961297749633458f,-0.08789466099527465f,1.2573400760740412f,-1f,-8.752543750714836e-18f,-9.919452829137297e-17f,0.4375f,0f,0f,0f,1f], start_interpolation: 0, interpolation_duration: 1 }
$data merge entity $(bone_body) { transformation: [-9.957992501029599e-17f,0.4107586353466267f,0.911744121718466f,0.08125000000000025f,0f,0.911744121718466f,-0.4107586353466267f,0.6875f,-1f,-4.0903314105148604e-17f,-9.079141126930302e-17f,0.125f,0f,0f,0f,1f], start_interpolation: 0, interpolation_duration: 1 }
$data merge entity $(bone_leftleg) { transformation: [-9.957992501029599e-17f,0.026176948307873524f,0.9996573249755573f,0.08125000000000027f,0f,0.9996573249755573f,-0.026176948307873524f,0.74386875f,-1f,-2.6066985494964398e-18f,-9.954580145705908e-17f,0.25f,0f,0f,0f,1f], start_interpolation: 0, interpolation_duration: 1 }
$data merge entity $(bone_rightleg) { transformation: [-9.957992501029599e-17f,0.743144825477393f,0.6691306063588596f,0.2694062500000002f,0f,0.6691306063588596f,-0.743144825477393f,0.9890624999999997f,-1f,-7.40023059928283e-17f,-6.663197560330912e-17f,-2.7755575615628914e-17f,0f,0f,0f,1f], start_interpolation: 0, interpolation_duration: 1 }
data modify entity @s data merge value {"locators":{},"cameras":{"camera":{"posx":6.125,"posy":0.7490800647843285,"posz":1.4961689510949838,"roty":97.40435899102269,"rotx":-10.088583102933542}}}