# This file was generated by Animated Java via MC-Build. It is not recommended to edit this file directly.
$data merge entity $(bone_left_eye) { transformation: [-9.957992501029599e-17f,0.40028979636207385f,0.9163886069394411f,0.2504389936611827f,0f,0.9163886069394411f,-0.40028979636207385f,1.696400441102866f,-1f,-3.986082790412196e-17f,-9.125390875931914e-17f,0.25f,0f,0f,0f,1f], start_interpolation: 0, interpolation_duration: 1 }
$data merge entity $(bone_right_eye) { transformation: [-9.957992501029599e-17f,0.40028979636207385f,0.9163886069394411f,0.2504389936611827f,0f,0.9163886069394411f,-0.40028979636207385f,1.696400441102866f,-1f,-3.986082790412196e-17f,-9.125390875931914e-17f,-1.3877787807814457e-17f,0f,0f,0f,1f], start_interpolation: 0, interpolation_duration: 1 }
$data merge entity $(bone_right_close) { transformation: [-9.957992501029599e-17f,0.40028979636207385f,0.9163886069394411f,0.27545710593381234f,0f,0.9163886069394411f,-0.40028979636207385f,1.753674729036581f,-1f,-3.986082790412196e-17f,-9.125390875931914e-17f,-1.3877787807814457e-17f,0f,0f,0f,1f], start_interpolation: 0, interpolation_duration: 1 }
$data merge entity $(bone_left_close) { transformation: [-9.957992501029599e-17f,0.40028979636207385f,0.9163886069394411f,0.27545710593381234f,0f,0.9163886069394411f,-0.40028979636207385f,1.753674729036581f,-1f,-3.986082790412196e-17f,-9.125390875931914e-17f,0.25f,0f,0f,0f,1f], start_interpolation: 0, interpolation_duration: 1 }
$data merge entity $(bone_left_eyebrow) { transformation: [-9.957992501029599e-17f,0.40028979636207385f,0.9163886069394411f,0.2653925867368268f,0f,0.9163886069394411f,-0.40028979636207385f,1.7307900319753677f,-1f,-3.986082790412196e-17f,-9.125390875931914e-17f,0.25f,0f,0f,0f,1f], start_interpolation: 0, interpolation_duration: 1 }
$data merge entity $(bone_right_eyebrow) { transformation: [-9.957992501029599e-17f,0.40028979636207385f,0.9163886069394411f,0.2653925867368268f,0f,0.9163886069394411f,-0.40028979636207385f,1.7307900319753677f,-1f,-3.986082790412196e-17f,-9.125390875931914e-17f,-1.3877787807814457e-17f,0f,0f,0f,1f], start_interpolation: 0, interpolation_duration: 1 }
$data merge entity $(bone_talking) { transformation: [-9.957992501029599e-17f,0.40028979636207385f,0.9163886069394411f,0.43673798423923965f,0f,0.9163886069394411f,-0.40028979636207385f,1.3422127280048577f,-1f,-3.986082790412196e-17f,-9.125390875931914e-17f,0.12499999999999997f,0f,0f,0f,1f], start_interpolation: 0, interpolation_duration: 1 }
$data merge entity $(bone_m_opened) { transformation: [-9.957992501029599e-17f,0.40028979636207385f,0.9163886069394411f,0.43673798423923965f,0f,0.9163886069394411f,-0.40028979636207385f,1.3422127280048577f,-1f,-3.986082790412196e-17f,-9.125390875931914e-17f,0.12499999999999997f,0f,0f,0f,1f], start_interpolation: 0, interpolation_duration: 1 }
$data merge entity $(bone_head) { transformation: [-9.957992501029599e-17f,0.40028979636207385f,0.9163886069394411f,0.37946369630552457f,0f,0.9163886069394411f,-0.40028979636207385f,1.3672308402774873f,-1f,-3.986082790412196e-17f,-9.125390875931914e-17f,0.12499999999999997f,0f,0f,0f,1f], start_interpolation: 0, interpolation_duration: 1 }
$data merge entity $(item_display_r_item) { transformation: [-4.3566217192004496e-17f,-0.42712950311497083f,0.09469233109792011f,0.06932465398663112f,0f,0.09469233109792011f,0.42712950311497083f,0.6708123141902107f,-0.4375f,4.253352388987378e-17f,-9.429455229781005e-18f,-0.18749999999999997f,0f,0f,0f,1f], start_interpolation: 0, interpolation_duration: 1 }
$data merge entity $(bone_rightarm) { transformation: [-9.957992501029599e-17f,0.21643961393810288f,0.9762960071199334f,0.3266364135879371f,0f,0.9762960071199334f,-0.21643961393810288f,1.2539423668979062f,-1f,-2.1553040525213703e-17f,-9.721948317685435e-17f,-0.1875f,0f,0f,0f,1f], start_interpolation: 0, interpolation_duration: 1 }
$data merge entity $(item_display_l_item) { transformation: [-4.3566217192004496e-17f,-0.4358351804151387f,0.03813063745210058f,0.1476397371091826f,0f,0.03813063745210058f,0.4358351804151387f,0.6422151484340225f,-0.4375f,4.340043458258833e-17f,-3.7970460180749625e-18f,0.4375f,0f,0f,0f,1f], start_interpolation: 0, interpolation_duration: 1 }
$data merge entity $(bone_leftarm) { transformation: [-9.957992501029599e-17f,0.08715574274765825f,0.9961946980917455f,0.3266364135879372f,0f,0.9961946980917455f,-0.08715574274765825f,1.2539423668979062f,-1f,-8.678962327028462e-18f,-9.920099333163047e-17f,0.4375f,0f,0f,0f,1f], start_interpolation: 0, interpolation_duration: 1 }
$data merge entity $(bone_body) { transformation: [-9.957992501029599e-17f,0.42261826174069944f,0.9063077870366499f,0.062499999999999986f,0f,0.9063077870366499f,-0.42261826174069944f,0.6875f,-1f,-4.2084294812120494e-17f,-9.02500614693569e-17f,0.125f,0f,0f,0f,1f], start_interpolation: 0, interpolation_duration: 1 }
$data merge entity $(bone_leftleg) { transformation: [-9.957992501029599e-17f,0f,1f,0.0625f,0f,1f,0f,0.74375f,-1f,0f,-9.957992501029599e-17f,0.25f,0f,0f,0f,1f], start_interpolation: 0, interpolation_duration: 1 }
$data merge entity $(bone_rightleg) { transformation: [-9.957992501029599e-17f,0.8191520442889917f,0.5735764363510463f,0.25f,0f,0.5735764363510463f,-0.8191520442889917f,1f,-1f,-8.157109914232845e-17f,-5.711669851951e-17f,-2.7755575615628914e-17f,0f,0f,0f,1f], start_interpolation: 0, interpolation_duration: 1 }
data modify entity @s data merge value {"locators":{},"cameras":{"camera":{"posx":6.125,"posy":0.7501928734380896,"posz":1.4920817988056603,"roty":97.40984318805339,"rotx":-10.324131679188932}}}