# This file was generated by Animated Java via MC-Build. It is not recommended to edit this file directly.
$data merge entity $(bone_left_eye) { transformation: [-9.957992501029599e-17f,0.3930085709697998f,0.9195348080112442f,0.24218612724501212f,0f,0.9195348080112442f,-0.3930085709697998f,1.6979710248942417f,-1f,-3.9135764025576254e-17f,-9.156720722611663e-17f,0.25f,0f,0f,0f,1f], start_interpolation: 0, interpolation_duration: 1 }
$data merge entity $(bone_right_eye) { transformation: [-9.957992501029599e-17f,0.3930085709697998f,0.9195348080112442f,0.24218612724501212f,0f,0.9195348080112442f,-0.3930085709697998f,1.6979710248942417f,-1f,-3.9135764025576254e-17f,-9.156720722611663e-17f,-1.3877787807814457e-17f,0f,0f,0f,1f], start_interpolation: 0, interpolation_duration: 1 }
$data merge entity $(bone_right_close) { transformation: [-9.957992501029599e-17f,0.3930085709697998f,0.9195348080112442f,0.2667491629306246f,0f,0.9195348080112442f,-0.3930085709697998f,1.7554419503949446f,-1f,-3.9135764025576254e-17f,-9.156720722611663e-17f,-1.3877787807814457e-17f,0f,0f,0f,1f], start_interpolation: 0, interpolation_duration: 1 }
$data merge entity $(bone_left_close) { transformation: [-9.957992501029599e-17f,0.3930085709697998f,0.9195348080112442f,0.2667491629306246f,0f,0.9195348080112442f,-0.3930085709697998f,1.7554419503949446f,-1f,-3.9135764025576254e-17f,-9.156720722611663e-17f,0.25f,0f,0f,0f,1f], start_interpolation: 0, interpolation_duration: 1 }
$data merge entity $(bone_left_eyebrow) { transformation: [-9.957992501029599e-17f,0.3930085709697998f,0.9195348080112442f,0.25686647773087895f,0f,0.9195348080112442f,-0.3930085709697998f,1.732478143230349f,-1f,-3.9135764025576254e-17f,-9.156720722611663e-17f,0.25f,0f,0f,0f,1f], start_interpolation: 0, interpolation_duration: 1 }
$data merge entity $(bone_right_eyebrow) { transformation: [-9.957992501029599e-17f,0.3930085709697998f,0.9195348080112442f,0.2568664777308789f,0f,0.9195348080112442f,-0.3930085709697998f,1.732478143230349f,-1f,-3.9135764025576254e-17f,-9.156720722611663e-17f,-1.3877787807814457e-17f,0f,0f,0f,1f], start_interpolation: 0, interpolation_duration: 1 }
$data merge entity $(bone_talking) { transformation: [-9.957992501029599e-17f,0.3930085709697998f,0.9195348080112442f,0.431288612006076f,0f,0.9195348080112442f,-0.3930085709697998f,1.3452721444633682f,-1f,-3.9135764025576254e-17f,-9.156720722611663e-17f,0.12499999999999997f,0f,0f,0f,1f], start_interpolation: 0, interpolation_duration: 1 }
$data merge entity $(bone_m_opened) { transformation: [-9.957992501029599e-17f,0.3930085709697998f,0.9195348080112442f,0.431288612006076f,0f,0.9195348080112442f,-0.3930085709697998f,1.3452721444633682f,-1f,-3.9135764025576254e-17f,-9.156720722611663e-17f,0.12499999999999997f,0f,0f,0f,1f], start_interpolation: 0, interpolation_duration: 1 }
$data merge entity $(bone_head) { transformation: [-9.957992501029599e-17f,0.3930085709697998f,0.9195348080112442f,0.3738176865053732f,0f,0.9195348080112442f,-0.3930085709697998f,1.3698351801489808f,-1f,-3.9135764025576254e-17f,-9.156720722611663e-17f,0.12499999999999997f,0f,0f,0f,1f], start_interpolation: 0, interpolation_duration: 1 }
$data merge entity $(item_display_r_item) { transformation: [-4.3566217192004496e-17f,-0.4274685813971083f,0.09314967481609264f,0.06672656099898111f,0f,0.09314967481609264f,0.4274685813971083f,0.6720574409328797f,-0.4375f,4.256728927978165e-17f,-9.275837632919962e-18f,-0.18749999999999997f,0f,0f,0f,1f], start_interpolation: 0, interpolation_duration: 1 }
$data merge entity $(bone_rightarm) { transformation: [-9.957992501029599e-17f,0.21291354243678295f,0.9770710431933904f,0.3219314054211443f,0f,0.9770710431933904f,-0.21291354243678295f,1.2561126501241509f,-1f,-2.120191458953132e-17f,-9.729666121092949e-17f,-0.1875f,0f,0f,0f,1f], start_interpolation: 0, interpolation_duration: 1 }
$data merge entity $(item_display_l_item) { transformation: [-4.3566217192004496e-17f,-0.4360886038172217f,0.03511380954476761f,0.14717207640941318f,0f,0.03511380954476761f,0.4360886038172217f,0.6431614473980535f,-0.4375f,4.3425670465963615e-17f,-3.4966305212937726e-18f,0.4375f,0f,0f,0f,1f], start_interpolation: 0, interpolation_duration: 1 }
$data merge entity $(bone_leftarm) { transformation: [-9.957992501029599e-17f,0.08026013610232574f,0.996773951582221f,0.3219314054211444f,0f,0.996773951582221f,-0.08026013610232574f,1.2561126501241509f,-1f,-7.992298334385742e-18f,-9.925867535077398e-17f,0.4375f,0f,0f,0f,1f], start_interpolation: 0, interpolation_duration: 1 }
$data merge entity $(bone_body) { transformation: [-9.957992501029599e-17f,0.415090248673831f,0.9097802401986411f,0.062499999999999986f,0f,0.9097802401986411f,-0.415090248673831f,0.6875f,-1f,-4.1334655835445204e-17f,-9.059584809482976e-17f,0.125f,0f,0f,0f,1f], start_interpolation: 0, interpolation_duration: 1 }
$data merge entity $(bone_leftleg) { transformation: [-9.957992501029599e-17f,0f,1f,0.0625f,0f,1f,0f,0.7434828125f,-1f,0f,-9.957992501029599e-17f,0.25f,0f,0f,0f,1f], start_interpolation: 0, interpolation_duration: 1 }
$data merge entity $(bone_rightleg) { transformation: [-9.957992501029599e-17f,0.8660254037844394f,0.49999999999999867f,0.19733398437499855f,0f,0.49999999999999867f,-0.8660254037844394f,0.9932568359374996f,-1f,-8.623874476586578e-17f,-4.978996250514786e-17f,0f,0f,0f,0f,1f], start_interpolation: 0, interpolation_duration: 1 }
data modify entity @s data merge value {"locators":{},"cameras":{"camera":{"posx":6.125,"posy":0.7513000248401128,"posz":1.4880079345835602,"roty":97.41781230138066,"rotx":-10.561425746372532}}}