# This file was generated by Animated Java via MC-Build. It is not recommended to edit this file directly.
$data merge entity $(bone_left_eye) { transformation: [-9.957992501029599e-17f,0.3687476121434277f,0.9295295576465119f,0.2153528599911836f,0f,0.9295295576465119f,-0.3687476121434277f,1.7024479325368156f,-1f,-3.6719859564968235e-17f,-9.256248364529326e-17f,0.25f,0f,0f,0f,1f], start_interpolation: 0, interpolation_duration: 1 }
$data merge entity $(bone_right_eye) { transformation: [-9.957992501029599e-17f,0.3687476121434277f,0.9295295576465119f,0.2153528599911836f,0f,0.9295295576465119f,-0.3687476121434277f,1.7024479325368156f,-1f,-3.6719859564968235e-17f,-9.256248364529326e-17f,-1.3877787807814457e-17f,0f,0f,0f,1f], start_interpolation: 0, interpolation_duration: 1 }
$data merge entity $(bone_right_close) { transformation: [-9.957992501029599e-17f,0.3687476121434277f,0.9295295576465119f,0.23839958575014783f,0f,0.9295295576465119f,-0.3687476121434277f,1.7605435298897225f,-1f,-3.6719859564968235e-17f,-9.256248364529326e-17f,-1.3877787807814457e-17f,0f,0f,0f,1f], start_interpolation: 0, interpolation_duration: 1 }
$data merge entity $(bone_left_close) { transformation: [-9.957992501029599e-17f,0.3687476121434277f,0.9295295576465119f,0.23839958575014783f,0f,0.9295295576465119f,-0.3687476121434277f,1.7605435298897225f,-1f,-3.6719859564968235e-17f,-9.256248364529326e-17f,0.25f,0f,0f,0f,1f], start_interpolation: 0, interpolation_duration: 1 }
$data merge entity $(bone_left_eyebrow) { transformation: [-9.957992501029599e-17f,0.3687476121434277f,0.9295295576465119f,0.22912279984920925f,0f,0.9295295576465119f,-0.3687476121434277f,1.7373283376743187f,-1f,-3.6719859564968235e-17f,-9.256248364529326e-17f,0.25f,0f,0f,0f,1f], start_interpolation: 0, interpolation_duration: 1 }
$data merge entity $(bone_right_eyebrow) { transformation: [-9.957992501029599e-17f,0.3687476121434277f,0.9295295576465119f,0.22912279984920922f,0f,0.9295295576465119f,-0.3687476121434277f,1.7373283376743187f,-1f,-3.6719859564968235e-17f,-9.256248364529326e-17f,-1.3877787807814457e-17f,0f,0f,0f,1f], start_interpolation: 0, interpolation_duration: 1 }
$data merge entity $(bone_talking) { transformation: [-9.957992501029599e-17f,0.3687476121434277f,0.9295295576465119f,0.41364394371986163f,0f,0.9295295576465119f,-0.3687476121434277f,1.3548319143303664f,-1f,-3.6719859564968235e-17f,-9.256248364529326e-17f,0.12499999999999997f,0f,0f,0f,1f], start_interpolation: 0, interpolation_duration: 1 }
$data merge entity $(bone_m_opened) { transformation: [-9.957992501029599e-17f,0.3687476121434277f,0.9295295576465119f,0.41364394371986163f,0f,0.9295295576465119f,-0.3687476121434277f,1.3548319143303664f,-1f,-3.6719859564968235e-17f,-9.256248364529326e-17f,0.12499999999999997f,0f,0f,0f,1f], start_interpolation: 0, interpolation_duration: 1 }
$data merge entity $(bone_head) { transformation: [-9.957992501029599e-17f,0.3687476121434277f,0.9295295576465119f,0.35554834636695465f,0f,0.9295295576465119f,-0.3687476121434277f,1.3778786400893306f,-1f,-3.6719859564968235e-17f,-9.256248364529326e-17f,0.12499999999999997f,0f,0f,0f,1f], start_interpolation: 0, interpolation_duration: 1 }
$data merge entity $(item_display_r_item) { transformation: [-4.3566217192004496e-17f,-0.4291337887635636f,0.08514952343630108f,0.062455125035775855f,0f,0.08514952343630108f,0.4291337887635636f,0.6740956990130564f,-0.4375f,4.2733110504459867e-17f,-8.479183158449302e-18f,-0.18749999999999997f,0f,0f,0f,1f], start_interpolation: 0, interpolation_duration: 1 }
$data merge entity $(bone_rightarm) { transformation: [-9.957992501029599e-17f,0.19462748214011655f,0.980877231459574f,0.30670695530579545f,0f,0.980877231459574f,-0.19462748214011655f,1.2628155334077755f,-1f,-1.9380990076455524e-17f,-9.767568115305112e-17f,-0.1875f,0f,0f,0f,1f], start_interpolation: 0, interpolation_duration: 1 }
$data merge entity $(item_display_l_item) { transformation: [-4.3566217192004496e-17f,-0.43663385012638956f,0.027516012134856126f,0.14264583793417557f,0f,0.027516012134856126f,0.43663385012638956f,0.646914608122892f,-0.4375f,4.347996605254269e-17f,-2.7400424249713655e-18f,0.4375f,0f,0f,0f,1f], start_interpolation: 0, interpolation_duration: 1 }
$data merge entity $(bone_leftarm) { transformation: [-9.957992501029599e-17f,0.06289374202252807f,0.998020228860319f,0.3067069553057955f,0f,0.998020228860319f,-0.06289374202252807f,1.2628155334077755f,-1f,-6.262954114220242e-18f,-9.938277954866901e-17f,0.4375f,0f,0f,0f,1f], start_interpolation: 0, interpolation_duration: 1 }
$data merge entity $(bone_body) { transformation: [-9.957992501029599e-17f,0.3907311284892728f,0.9205048534524407f,0.062499999999999986f,0f,0.9205048534524407f,-0.3907311284892728f,0.6875f,-1f,-3.890897647415011e-17f,-9.166380427840754e-17f,0.125f,0f,0f,0f,1f], start_interpolation: 0, interpolation_duration: 1 }
$data merge entity $(bone_leftleg) { transformation: [-9.957992501029599e-17f,0f,1f,0.0625f,0f,1f,0f,0.7433f,-1f,0f,-9.957992501029599e-17f,0.25f,0f,0f,0f,1f], start_interpolation: 0, interpolation_duration: 1 }
$data merge entity $(bone_rightleg) { transformation: [-9.957992501029599e-17f,0.9063077870366512f,0.42261826174069694f,0.09914062499999618f,0f,0.42261826174069694f,-0.9063077870366512f,0.9559765624999984f,-1f,-9.025006146935702e-17f,-4.208429481212024e-17f,0f,0f,0f,0f,1f], start_interpolation: 0, interpolation_duration: 1 }
data modify entity @s data merge value {"locators":{},"cameras":{"camera":{"posx":6.125,"posy":0.7524014921999403,"posz":1.4839486443706715,"roty":97.42806232942169,"rotx":-10.80003830143597}}}
execute on vehicle unless entity @s[tag=aj.transforms_only] at @s run function animated_java:humanentity/animations/000_mur_0/zzz/frames/zzz/22