# This file was generated by Animated Java via MC-Build. It is not recommended to edit this file directly.
$data merge entity $(bone_left_eye) { transformation: [-9.957992501029599e-17f,0.33068646314609945f,0.9437406757642288f,0.17373023212621475f,0f,0.9437406757642288f,-0.33068646314609945f,1.707920889421882f,-1f,-3.292973320200859e-17f,-9.397762572176796e-17f,0.25f,0f,0f,0f,1f], start_interpolation: 0, interpolation_duration: 1 }
$data merge entity $(bone_right_eye) { transformation: [-9.957992501029599e-17f,0.33068646314609945f,0.9437406757642288f,0.17373023212621475f,0f,0.9437406757642288f,-0.33068646314609945f,1.707920889421882f,-1f,-3.292973320200859e-17f,-9.397762572176796e-17f,-1.3877787807814457e-17f,0f,0f,0f,1f], start_interpolation: 0, interpolation_duration: 1 }
$data merge entity $(bone_right_close) { transformation: [-9.957992501029599e-17f,0.33068646314609945f,0.9437406757642288f,0.19439813607284595f,0f,0.9437406757642288f,-0.33068646314609945f,1.7669046816571465f,-1f,-3.292973320200859e-17f,-9.397762572176796e-17f,-1.3877787807814457e-17f,0f,0f,0f,1f], start_interpolation: 0, interpolation_duration: 1 }
$data merge entity $(bone_left_close) { transformation: [-9.957992501029599e-17f,0.33068646314609945f,0.9437406757642288f,0.19439813607284595f,0f,0.9437406757642288f,-0.33068646314609945f,1.7669046816571465f,-1f,-3.292973320200859e-17f,-9.397762572176796e-17f,0.25f,0f,0f,0f,1f], start_interpolation: 0, interpolation_duration: 1 }
$data merge entity $(bone_left_eyebrow) { transformation: [-9.957992501029599e-17f,0.33068646314609945f,0.9437406757642288f,0.1860719907019582f,0f,0.9437406757642288f,-0.33068646314609945f,1.7433318326669873f,-1f,-3.292973320200859e-17f,-9.397762572176796e-17f,0.25f,0f,0f,0f,1f], start_interpolation: 0, interpolation_duration: 1 }
$data merge entity $(bone_right_eyebrow) { transformation: [-9.957992501029599e-17f,0.33068646314609945f,0.9437406757642288f,0.18607199070195818f,0f,0.9437406757642288f,-0.33068646314609945f,1.7433318326669873f,-1f,-3.292973320200859e-17f,-9.397762572176796e-17f,-1.3877787807814457e-17f,0f,0f,0f,1f], start_interpolation: 0, interpolation_duration: 1 }
$data merge entity $(bone_talking) { transformation: [-9.957992501029599e-17f,0.33068646314609945f,0.9437406757642288f,0.38597757751601136f,0f,0.9437406757642288f,-0.33068646314609945f,1.3686462007476687f,-1f,-3.292973320200859e-17f,-9.397762572176796e-17f,0.12499999999999997f,0f,0f,0f,1f], start_interpolation: 0, interpolation_duration: 1 }
$data merge entity $(bone_m_opened) { transformation: [-9.957992501029599e-17f,0.33068646314609945f,0.9437406757642288f,0.38597757751601136f,0f,0.9437406757642288f,-0.33068646314609945f,1.3686462007476687f,-1f,-3.292973320200859e-17f,-9.397762572176796e-17f,0.12499999999999997f,0f,0f,0f,1f], start_interpolation: 0, interpolation_duration: 1 }
$data merge entity $(bone_head) { transformation: [-9.957992501029599e-17f,0.33068646314609945f,0.9437406757642288f,0.3269937852807471f,0f,0.9437406757642288f,-0.33068646314609945f,1.3893141046943f,-1f,-3.292973320200859e-17f,-9.397762572176796e-17f,0.12499999999999997f,0f,0f,0f,1f], start_interpolation: 0, interpolation_duration: 1 }
$data merge entity $(item_display_r_item) { transformation: [-4.3566217192004496e-17f,-0.4315125468309881f,0.0721330155160193f,0.05657502361650324f,0f,0.0721330155160193f,0.4315125468309881f,0.676508024776987f,-0.4375f,4.296998705443163e-17f,-7.183000275851717e-18f,-0.18749999999999997f,0f,0f,0f,1f], start_interpolation: 0, interpolation_duration: 1 }
$data merge entity $(bone_rightarm) { transformation: [-9.957992501029599e-17f,0.16487546403661532f,0.9863143927565442f,0.28291148773395586f,0f,0.9863143927565442f,-0.16487546403661532f,1.2723450872452502f,-1f,-1.6418286344803905e-17f,-9.82171132672723e-17f,-0.1875f,0f,0f,0f,1f], start_interpolation: 0, interpolation_duration: 1 }
$data merge entity $(item_display_l_item) { transformation: [-4.3566217192004496e-17f,-0.4371862596686991f,0.016565758566777323f,0.13433575844750298f,0f,0.016565758566777323f,0.4371862596686991f,0.6525263615947592f,-0.4375f,4.353497495334085e-17f,-1.6496169958183537e-18f,0.4375f,0f,0f,0f,1f], start_interpolation: 0, interpolation_duration: 1 }
$data merge entity $(bone_leftarm) { transformation: [-9.957992501029599e-17f,0.037864591009776516f,0.9992828792427408f,0.2829114877339559f,0f,0.9992828792427408f,-0.037864591009776516f,1.2723450872452502f,-1f,-3.770553133299072e-18f,-9.95085141790648e-17f,0.4375f,0f,0f,0f,1f], start_interpolation: 0, interpolation_duration: 1 }
$data merge entity $(bone_body) { transformation: [-9.957992501029599e-17f,0.35265838037432945f,0.9357521395924001f,0.062499999999999986f,0f,0.9357521395924001f,-0.35265838037432945f,0.6875f,-1f,-3.5117695071928165e-17f,-9.318212788883523e-17f,0.125f,0f,0f,0f,1f], start_interpolation: 0, interpolation_duration: 1 }
$data merge entity $(bone_leftleg) { transformation: [-9.957992501029599e-17f,0f,1f,0.0625f,0f,1f,0f,0.7431921875f,-1f,0f,-9.957992501029599e-17f,0.25f,0f,0f,0f,1f], start_interpolation: 0, interpolation_duration: 1 }
$data merge entity $(bone_rightleg) { transformation: [-9.957992501029599e-17f,0.9396926207859078f,0.3420201433256703f,-0.001748046874998438f,0f,0.3420201433256703f,-0.9396926207859078f,0.9094580078125007f,-1f,-9.35745207105892e-17f,-3.4058340224380936e-17f,0f,0f,0f,0f,1f], start_interpolation: 0, interpolation_duration: 1 }
data modify entity @s data merge value {"locators":{},"cameras":{"camera":{"posx":6.125,"posy":0.7534972487271139,"posz":1.4799052141089843,"roty":97.44039035545431,"rotx":-11.03954215809818}}}