# This file was generated by Animated Java via MC-Build. It is not recommended to edit this file directly.
$data merge entity $(bone_left_eye) { transformation: [-9.957992501029599e-17f,0.2820470114979842f,0.9594005854204259f,0.12118640221350786f,0f,0.9594005854204259f,-0.2820470114979842f,1.7123580101697922f,-1f,-2.8086220254347356e-17f,-9.553703835100008e-17f,0.25f,0f,0f,0f,1f], start_interpolation: 0, interpolation_duration: 1 }
$data merge entity $(bone_right_eye) { transformation: [-9.957992501029599e-17f,0.2820470114979842f,0.9594005854204259f,0.12118640221350784f,0f,0.9594005854204259f,-0.2820470114979842f,1.7123580101697922f,-1f,-2.8086220254347356e-17f,-9.553703835100008e-17f,-1.3877787807814457e-17f,0f,0f,0f,1f], start_interpolation: 0, interpolation_duration: 1 }
$data merge entity $(bone_right_close) { transformation: [-9.957992501029599e-17f,0.2820470114979842f,0.9594005854204259f,0.13881434043213187f,0f,0.9594005854204259f,-0.2820470114979842f,1.7723205467585688f,-1f,-2.8086220254347356e-17f,-9.553703835100008e-17f,-1.3877787807814457e-17f,0f,0f,0f,1f], start_interpolation: 0, interpolation_duration: 1 }
$data merge entity $(bone_left_close) { transformation: [-9.957992501029599e-17f,0.2820470114979842f,0.9594005854204259f,0.13881434043213187f,0f,0.9594005854204259f,-0.2820470114979842f,1.7723205467585688f,-1f,-2.8086220254347356e-17f,-9.553703835100008e-17f,0.25f,0f,0f,0f,1f], start_interpolation: 0, interpolation_duration: 1 }
$data merge entity $(bone_left_eyebrow) { transformation: [-9.957992501029599e-17f,0.2820470114979842f,0.9594005854204259f,0.13170320260809346f,0f,0.9594005854204259f,-0.2820470114979842f,1.7483531600612767f,-1f,-2.8086220254347356e-17f,-9.553703835100008e-17f,0.25f,0f,0f,0f,1f], start_interpolation: 0, interpolation_duration: 1 }
$data merge entity $(bone_right_eyebrow) { transformation: [-9.957992501029599e-17f,0.2820470114979842f,0.9594005854204259f,0.13170320260809346f,0f,0.9594005854204259f,-0.2820470114979842f,1.7483531600612767f,-1f,-2.8086220254347356e-17f,-9.553703835100008e-17f,-1.3877787807814457e-17f,0f,0f,0f,1f], start_interpolation: 0, interpolation_duration: 1 }
$data merge entity $(bone_talking) { transformation: [-9.957992501029599e-17f,0.2820470114979842f,0.9594005854204259f,0.35048733228289486f,0f,0.9594005854204259f,-0.2820470114979842f,1.3843681727215655f,-1f,-2.8086220254347356e-17f,-9.553703835100008e-17f,0.12499999999999997f,0f,0f,0f,1f], start_interpolation: 0, interpolation_duration: 1 }
$data merge entity $(bone_m_opened) { transformation: [-9.957992501029599e-17f,0.2820470114979842f,0.9594005854204259f,0.35048733228289486f,0f,0.9594005854204259f,-0.2820470114979842f,1.3843681727215655f,-1f,-2.8086220254347356e-17f,-9.553703835100008e-17f,0.12499999999999997f,0f,0f,0f,1f], start_interpolation: 0, interpolation_duration: 1 }
$data merge entity $(bone_head) { transformation: [-9.957992501029599e-17f,0.2820470114979842f,0.9594005854204259f,0.29052479569411827f,0f,0.9594005854204259f,-0.2820470114979842f,1.4019961109401895f,-1f,-2.8086220254347356e-17f,-9.553703835100008e-17f,0.12499999999999997f,0f,0f,0f,1f], start_interpolation: 0, interpolation_duration: 1 }
$data merge entity $(item_display_r_item) { transformation: [-4.3566217192004496e-17f,-0.43395884774004456f,0.055551493842495546f,0.04917314394913991f,0f,0.055551493842495546f,0.43395884774004456f,0.6788440701098549f,-0.4375f,4.3213589515508094e-17f,-5.531813591045626e-18f,-0.18749999999999997f,0f,0f,0f,1f], start_interpolation: 0, interpolation_duration: 1 }
$data merge entity $(bone_rightarm) { transformation: [-9.957992501029599e-17f,0.12697484306856102f,0.9919059376915305f,0.25252066307843185f,0f,0.9919059376915305f,-0.12697484306856102f,1.2829134257834913f,-1f,-1.264414535096141e-17f,-9.877391889258992e-17f,-0.1875f,0f,0f,0f,1f], start_interpolation: 0, interpolation_duration: 1 }
$data merge entity $(item_display_l_item) { transformation: [-4.3566217192004496e-17f,-0.43748599077081723f,0.003501125429977329f,0.12252305795823093f,0f,0.003501125429977329f,0.43748599077081723f,0.6589337605194602f,-0.4375f,4.356482215401302e-17f,-3.4864180776878243e-19f,0.4375f,0f,0f,0f,1f], start_interpolation: 0, interpolation_duration: 1 }
$data merge entity $(bone_leftarm) { transformation: [-9.957992501029599e-17f,0.00800257241137653f,0.9999679789047251f,0.2525206630784319f,0f,0.9999679789047251f,-0.00800257241137653f,1.2829134257834913f,-1f,-7.968955606143377e-19f,-9.957673635202976e-17f,0.4375f,0f,0f,0f,1f], start_interpolation: 0, interpolation_duration: 1 }
$data merge entity $(bone_body) { transformation: [-9.957992501029599e-17f,0.30403306092549104f,0.9526614812535861f,0.062499999999999986f,0f,0.9526614812535861f,-0.30403306092549104f,0.6875f,-1f,-3.027558940761115e-17f,-9.48659588634296e-17f,0.125f,0f,0f,0f,1f], start_interpolation: 0, interpolation_duration: 1 }
$data merge entity $(bone_leftleg) { transformation: [-9.957992501029599e-17f,0f,1f,0.0625f,0f,1f,0f,0.74315f,-1f,0f,-9.957992501029599e-17f,0.25f,0f,0f,0f,1f], start_interpolation: 0, interpolation_duration: 1 }
$data merge entity $(bone_rightleg) { transformation: [-9.957992501029599e-17f,0.9659258262890683f,0.25881904510252074f,-0.06250000000000001f,0f,0.25881904510252074f,-0.9659258262890683f,0.875f,-1f,-9.618682134737361e-17f,-2.577318110254543e-17f,1.3877787807814457e-17f,0f,0f,0f,1f], start_interpolation: 0, interpolation_duration: 1 }
data modify entity @s data merge value {"locators":{},"cameras":{"camera":{"posx":6.125,"posy":0.7545872676311756,"posz":1.4758789297404886,"roty":97.45459461121948,"rotx":-11.279509940908632}}}