# This file was generated by Animated Java via MC-Build. It is not recommended to edit this file directly.
$data merge entity $(bone_left_eye) { transformation: [-9.957992501029599e-17f,0.22629006124814524f,0.9740599612859111f,0.061757954520845745f,0f,0.9740599612859111f,-0.22629006124814524f,1.714106190900959f,-1f,-2.2533947329665592e-17f,-9.699681790038284e-17f,0.25f,0f,0f,0f,1f], start_interpolation: 0, interpolation_duration: 1 }
$data merge entity $(bone_right_eye) { transformation: [-9.957992501029599e-17f,0.22629006124814524f,0.9740599612859111f,0.06175795452084572f,0f,0.9740599612859111f,-0.22629006124814524f,1.714106190900959f,-1f,-2.2533947329665592e-17f,-9.699681790038284e-17f,0f,0f,0f,0f,1f], start_interpolation: 0, interpolation_duration: 1 }
$data merge entity $(bone_right_close) { transformation: [-9.957992501029599e-17f,0.22629006124814524f,0.9740599612859111f,0.0759010833488548f,0f,0.9740599612859111f,-0.22629006124814524f,1.7749849384813283f,-1f,-2.2533947329665592e-17f,-9.699681790038284e-17f,0f,0f,0f,0f,1f], start_interpolation: 0, interpolation_duration: 1 }
$data merge entity $(bone_left_close) { transformation: [-9.957992501029599e-17f,0.22629006124814524f,0.9740599612859111f,0.07590108334885483f,0f,0.9740599612859111f,-0.22629006124814524f,1.7749849384813283f,-1f,-2.2533947329665592e-17f,-9.699681790038284e-17f,0.25f,0f,0f,0f,1f], start_interpolation: 0, interpolation_duration: 1 }
$data merge entity $(bone_left_eyebrow) { transformation: [-9.957992501029599e-17f,0.22629006124814524f,0.9740599612859111f,0.07018295307007083f,0f,0.9740599612859111f,-0.22629006124814524f,1.7506475825780086f,-1f,-2.2533947329665592e-17f,-9.699681790038284e-17f,0.25f,0f,0f,0f,1f], start_interpolation: 0, interpolation_duration: 1 }
$data merge entity $(bone_right_eyebrow) { transformation: [-9.957992501029599e-17f,0.22629006124814524f,0.9740599612859111f,0.07018295307007082f,0f,0.9740599612859111f,-0.22629006124814524f,1.7506475825780086f,-1f,-2.2533947329665592e-17f,-9.699681790038284e-17f,0f,0f,0f,0f,1f], start_interpolation: 0, interpolation_duration: 1 }
$data merge entity $(bone_talking) { transformation: [-9.957992501029599e-17f,0.22629006124814524f,0.9740599612859111f,0.30957917711065663f,0f,0.9740599612859111f,-0.22629006124814524f,1.3998755564394356f,-1f,-2.2533947329665592e-17f,-9.699681790038284e-17f,0.12499999999999999f,0f,0f,0f,1f], start_interpolation: 0, interpolation_duration: 1 }
$data merge entity $(bone_m_opened) { transformation: [-9.957992501029599e-17f,0.22629006124814524f,0.9740599612859111f,0.30957917711065663f,0f,0.9740599612859111f,-0.22629006124814524f,1.3998755564394356f,-1f,-2.2533947329665592e-17f,-9.699681790038284e-17f,0.12499999999999999f,0f,0f,0f,1f], start_interpolation: 0, interpolation_duration: 1 }
$data merge entity $(bone_head) { transformation: [-9.957992501029599e-17f,0.22629006124814524f,0.9740599612859111f,0.2487004295302872f,0f,0.9740599612859111f,-0.22629006124814524f,1.4140186852674448f,-1f,-2.2533947329665592e-17f,-9.699681790038284e-17f,0.12499999999999999f,0f,0f,0f,1f], start_interpolation: 0, interpolation_duration: 1 }
$data merge entity $(item_display_r_item) { transformation: [-4.3566217192004496e-17f,-0.43594127384574094f,0.03689790993745731f,0.04040107502770776f,0f,0.03689790993745731f,0.43594127384574094f,0.6807012493539428f,-0.4375f,4.341099935845179e-17f,-3.674291104608655e-18f,-0.18749999999999997f,0f,0f,0f,1f], start_interpolation: 0, interpolation_duration: 1 }
$data merge entity $(bone_rightarm) { transformation: [-9.957992501029599e-17f,0.08433807985704506f,0.9964371973616936f,0.21766702460857262f,0f,0.9964371973616936f,-0.08433807985704506f,1.2929322377228707f,-1f,-8.398379667676903e-18f,-9.922514139074695e-17f,-0.1875f,0f,0f,0f,1f], start_interpolation: 0, interpolation_duration: 1 }
$data merge entity $(item_display_l_item) { transformation: [-4.3566217192004496e-17f,-0.43737571498671873f,-0.010427556753937242f,0.10759904426084924f,0f,-0.010427556753937242f,0.43737571498671873f,0.6651304858121475f,-0.4375f,4.3553840899702037e-17f,1.038375319597675e-18f,0.4375f,0f,0f,0f,1f], start_interpolation: 0, interpolation_duration: 1 }
$data merge entity $(bone_leftarm) { transformation: [-9.957992501029599e-17f,-0.02383441543757106f,0.9997159199696428f,0.21766702460857268f,0f,0.9997159199696428f,0.02383441543757106f,1.2929322377228707f,-1f,2.373429301937565e-18f,-9.955163634217609e-17f,0.4375f,0f,0f,0f,1f], start_interpolation: 0, interpolation_duration: 1 }
$data merge entity $(bone_body) { transformation: [-9.957992501029599e-17f,0.24826723937371628f,0.9686915803565931f,0.062499999999999986f,0f,0.9686915803565931f,-0.24826723937371628f,0.6875f,-1f,-2.472243307934787e-17f,-9.646223493001465e-17f,0.125f,0f,0f,0f,1f], start_interpolation: 0, interpolation_duration: 1 }
$data merge entity $(bone_leftleg) { transformation: [-9.957992501029599e-17f,0f,1f,0.0625f,0f,1f,0f,0.7431640625f,-1f,0f,-9.957992501029599e-17f,0.25f,0f,0f,0f,1f], start_interpolation: 0, interpolation_duration: 1 }
$data merge entity $(bone_rightleg) { transformation: [-9.957992501029599e-17f,0.928367933016072f,0.37166245566032896f,-0.06898662551440334f,0f,0.37166245566032896f,-0.928367933016072f,0.8666315157750342f,-1f,-9.244680915170393e-17f,-3.7010119463798016e-17f,1.3877787807814457e-17f,0f,0f,0f,1f], start_interpolation: 0, interpolation_duration: 1 }
data modify entity @s data merge value {"locators":{},"cameras":{"camera":{"posx":6.125,"posy":0.7556715221216672,"posz":1.4718710772071721,"roty":97.47047453753251,"rotx":-11.519514079890353}}}