# This file was generated by Animated Java via MC-Build. It is not recommended to edit this file directly.
$data merge entity $(bone_left_eye) { transformation: [-9.957992501029599e-17f,0.16717996062964768f,0.9859263972345347f,-0.0003650269088039268f,0f,0.9859263972345347f,-0.16717996062964768f,1.7122456239883785f,-1f,-1.6647767942724552e-17f,-9.817847670228624e-17f,0.25f,0f,0f,0f,1f], start_interpolation: 0, interpolation_duration: 1 }
$data merge entity $(bone_right_eye) { transformation: [-9.957992501029599e-17f,0.16717996062964768f,0.9859263972345347f,-0.00036502690880395176f,0f,0.9859263972345347f,-0.16717996062964768f,1.7122456239883785f,-1f,-1.6647767942724552e-17f,-9.817847670228624e-17f,0f,0f,0f,0f,1f], start_interpolation: 0, interpolation_duration: 1 }
$data merge entity $(bone_right_close) { transformation: [-9.957992501029599e-17f,0.16717996062964768f,0.9859263972345347f,0.010083720630549036f,0f,0.9859263972345347f,-0.16717996062964768f,1.773866023815537f,-1f,-1.6647767942724552e-17f,-9.817847670228624e-17f,0f,0f,0f,0f,1f], start_interpolation: 0, interpolation_duration: 1 }
$data merge entity $(bone_left_close) { transformation: [-9.957992501029599e-17f,0.16717996062964768f,0.9859263972345347f,0.01008372063054906f,0f,0.9859263972345347f,-0.16717996062964768f,1.773866023815537f,-1f,-1.6647767942724552e-17f,-9.817847670228624e-17f,0.25f,0f,0f,0f,1f], start_interpolation: 0, interpolation_duration: 1 }
$data merge entity $(bone_left_eyebrow) { transformation: [-9.957992501029599e-17f,0.16717996062964768f,0.9859263972345347f,0.005842601214980688f,0f,0.9859263972345347f,-0.16717996062964768f,1.7492283126322132f,-1f,-1.6647767942724552e-17f,-9.817847670228624e-17f,0.25f,0f,0f,0f,1f], start_interpolation: 0, interpolation_duration: 1 }
$data merge entity $(bone_right_eyebrow) { transformation: [-9.957992501029599e-17f,0.16717996062964768f,0.9859263972345347f,0.005842601214980664f,0f,0.9859263972345347f,-0.16717996062964768f,1.7492283126322132f,-1f,-1.6647767942724552e-17f,-9.817847670228624e-17f,0f,0f,0f,0f,1f], start_interpolation: 0, interpolation_duration: 1 }
$data merge entity $(bone_talking) { transformation: [-9.957992501029599e-17f,0.16717996062964768f,0.9859263972345347f,0.2659419820695762f,0f,0.9859263972345347f,-0.16717996062964768f,1.4135202869829802f,-1f,-1.6647767942724552e-17f,-9.817847670228624e-17f,0.12499999999999999f,0f,0f,0f,1f], start_interpolation: 0, interpolation_duration: 1 }
$data merge entity $(bone_m_opened) { transformation: [-9.957992501029599e-17f,0.16717996062964768f,0.9859263972345347f,0.2659419820695762f,0f,0.9859263972345347f,-0.16717996062964768f,1.4135202869829802f,-1f,-1.6647767942724552e-17f,-9.817847670228624e-17f,0.12499999999999999f,0f,0f,0f,1f], start_interpolation: 0, interpolation_duration: 1 }
$data merge entity $(bone_head) { transformation: [-9.957992501029599e-17f,0.16717996062964768f,0.9859263972345347f,0.2043215822424178f,0f,0.9859263972345347f,-0.16717996062964768f,1.423969034522333f,-1f,-1.6647767942724552e-17f,-9.817847670228624e-17f,0.12499999999999999f,0f,0f,0f,1f], start_interpolation: 0, interpolation_duration: 1 }
$data merge entity $(item_display_r_item) { transformation: [-4.3566217192004496e-17f,-0.4371413924508921f,0.01771025144076655f,0.030486751967331666f,0f,0.01771025144076655f,0.4371413924508921f,0.681796563774222f,-0.4375f,4.35305070791562e-17f,-1.7635855103850204e-18f,-0.18749999999999997f,0f,0f,0f,1f], start_interpolation: 0, interpolation_duration: 1 }
$data merge entity $(bone_rightarm) { transformation: [-9.957992501029599e-17f,0.0404805747217519f,0.9991803256020391f,0.1806846518686815f,0f,0.9991803256020391f,-0.0404805747217519f,1.3012241954352775f,-1f,-4.0310525951657384e-18f,-9.949830189521418e-17f,-0.1875f,0f,0f,0f,1f], start_interpolation: 0, interpolation_duration: 1 }
$data merge entity $(item_display_l_item) { transformation: [-4.3566217192004496e-17f,-0.43684316937549356f,-0.02396446056087729f,0.09010726141979394f,0f,-0.02396446056087729f,0.43684316937549356f,0.6703155361671789f,-0.4375f,4.350081004767168e-17f,2.386379185564356e-18f,0.4375f,0f,0f,0f,1f], start_interpolation: 0, interpolation_duration: 1 }
$data merge entity $(bone_leftarm) { transformation: [-9.957992501029599e-17f,-0.05477590985343403f,0.998498672858271f,0.18068465186868155f,0f,0.998498672858271f,0.05477590985343403f,1.3012241954352775f,-1f,5.454580995575692e-18f,-9.943042296610669e-17f,0.4375f,0f,0f,0f,1f], start_interpolation: 0, interpolation_duration: 1 }
$data merge entity $(bone_body) { transformation: [-9.957992501029599e-17f,0.18909544298989042f,0.9819587126964439f,0.062499999999999986f,0f,0.9819587126964439f,-0.18909544298989042f,0.6875f,-1f,-1.8830110032721988e-17f,-9.778337497351866e-17f,0.125f,0f,0f,0f,1f], start_interpolation: 0, interpolation_duration: 1 }
$data merge entity $(bone_leftleg) { transformation: [-9.957992501029599e-17f,0f,1f,0.0625f,0f,1f,0f,0.743225f,-1f,0f,-9.957992501029599e-17f,0.25f,0f,0f,0f,1f], start_interpolation: 0, interpolation_duration: 1 }
$data merge entity $(bone_rightleg) { transformation: [-9.957992501029599e-17f,0.8776789895672541f,0.47924898672005967f,-0.06632201646090517f,0f,0.47924898672005967f,-0.8776789895672541f,0.8601740397805211f,-1f,-8.739920796421952e-17f,-4.772357815884388e-17f,1.3877787807814457e-17f,0f,0f,0f,1f], start_interpolation: 0, interpolation_duration: 1 }
data modify entity @s data merge value {"locators":{},"cameras":{"camera":{"posx":6.125,"posy":0.7567499854081305,"posz":1.467882942451025,"roty":97.48783084114858,"rotx":-11.759126805855106}}}