# This file was generated by Animated Java via MC-Build. It is not recommended to edit this file directly.
$data merge entity $(bone_left_eye) { transformation: [-9.957992501029599e-17f,0.10873325015837265f,0.9940709634176006f,-0.06093978414976951f,0f,0.9940709634176006f,-0.10873325015837265f,1.7067846994243512f,-1f,-1.0827648896896504e-17f,-9.898951199203736e-17f,0.25f,0f,0f,0f,1f], start_interpolation: 0, interpolation_duration: 1 }
$data merge entity $(bone_right_eye) { transformation: [-9.957992501029599e-17f,0.10873325015837265f,0.9940709634176006f,-0.06093978414976954f,0f,0.9940709634176006f,-0.10873325015837265f,1.7067846994243512f,-1f,-1.0827648896896504e-17f,-9.898951199203736e-17f,0f,0f,0f,0f,1f], start_interpolation: 0, interpolation_duration: 1 }
$data merge entity $(bone_right_close) { transformation: [-9.957992501029599e-17f,0.10873325015837265f,0.9940709634176006f,-0.05414395601487125f,0f,0.9940709634176006f,-0.10873325015837265f,1.7689141346379513f,-1f,-1.0827648896896504e-17f,-9.898951199203736e-17f,0f,0f,0f,0f,1f], start_interpolation: 0, interpolation_duration: 1 }
$data merge entity $(bone_left_close) { transformation: [-9.957992501029599e-17f,0.10873325015837265f,0.9940709634176006f,-0.05414395601487122f,0f,0.9940709634176006f,-0.10873325015837265f,1.7689141346379513f,-1f,-1.0827648896896504e-17f,-9.898951199203736e-17f,0.25f,0f,0f,0f,1f], start_interpolation: 0, interpolation_duration: 1 }
$data merge entity $(bone_left_eyebrow) { transformation: [-9.957992501029599e-17f,0.10873325015837265f,0.9940709634176006f,-0.05692441670404415f,0f,0.9940709634176006f,-0.10873325015837265f,1.7440691563806463f,-1f,-1.0827648896896504e-17f,-9.898951199203736e-17f,0.25f,0f,0f,0f,1f], start_interpolation: 0, interpolation_duration: 1 }
$data merge entity $(bone_right_eyebrow) { transformation: [-9.957992501029599e-17f,0.10873325015837265f,0.9940709634176006f,-0.056924416704044176f,0f,0.9940709634176006f,-0.10873325015837265f,1.7440691563806463f,-1f,-1.0827648896896504e-17f,-9.898951199203736e-17f,0f,0f,0f,0f,1f], start_interpolation: 0, interpolation_duration: 1 }
$data merge entity $(bone_talking) { transformation: [-9.957992501029599e-17f,0.10873325015837265f,0.9940709634176006f,0.2225240793786375f,0f,0.9940709634176006f,-0.10873325015837265f,1.4242878178954597f,-1f,-1.0827648896896504e-17f,-9.898951199203736e-17f,0.12499999999999999f,0f,0f,0f,1f], start_interpolation: 0, interpolation_duration: 1 }
$data merge entity $(bone_m_opened) { transformation: [-9.957992501029599e-17f,0.10873325015837265f,0.9940709634176006f,0.2225240793786375f,0f,0.9940709634176006f,-0.10873325015837265f,1.4242878178954597f,-1f,-1.0827648896896504e-17f,-9.898951199203736e-17f,0.12499999999999999f,0f,0f,0f,1f], start_interpolation: 0, interpolation_duration: 1 }
$data merge entity $(bone_head) { transformation: [-9.957992501029599e-17f,0.10873325015837265f,0.9940709634176006f,0.16039464416503746f,0f,0.9940709634176006f,-0.10873325015837265f,1.431083646030358f,-1f,-1.0827648896896504e-17f,-9.898951199203736e-17f,0.12499999999999999f,0f,0f,0f,1f], start_interpolation: 0, interpolation_duration: 1 }
$data merge entity $(item_display_r_item) { transformation: [-4.3566217192004496e-17f,-0.43749977181378497f,-0.00044683653173768767f,0.019717273236075195f,0f,-0.00044683653173768767f,0.43749977181378497f,0.6820256967584423f,-0.4375f,4.356619446923831e-17f,4.449594832230009e-20f,-0.1875f,0f,0f,0f,1f], start_interpolation: 0, interpolation_duration: 1 }
$data merge entity $(bone_rightarm) { transformation: [-9.957992501029599e-17f,-0.0010213406439720796f,0.9999994784315085f,0.1440788701375312f,0f,0.9999994784315085f,0.0010213406439720796f,1.3071530383586316f,-1f,1.0170502473670802e-19f,-9.957987307254471e-17f,-0.1875f,0f,0f,0f,1f], start_interpolation: 0, interpolation_duration: 1 }
$data merge entity $(item_display_l_item) { transformation: [-4.3566217192004496e-17f,-0.43602792967256654f,-0.03585937179393051f,0.07072713565098454f,0f,-0.03585937179393051f,0.43602792967256654f,0.674010461170985f,-0.4375f,4.341962853918879e-17f,3.570873554155921e-18f,0.4375f,0f,0f,0f,1f], start_interpolation: 0, interpolation_duration: 1 }
$data merge entity $(bone_leftarm) { transformation: [-9.957992501029599e-17f,-0.0819642783861271f,0.9966352678230093f,0.14407887013753126f,0f,0.9966352678230093f,0.0819642783861271f,1.3071530383586316f,-1f,8.161996695213558e-18f,-9.924486523243152e-17f,0.4375f,0f,0f,0f,1f], start_interpolation: 0, interpolation_duration: 1 }
$data merge entity $(bone_body) { transformation: [-9.957992501029599e-17f,0.13052619222005f,0.9914448613738106f,0.062499999999999986f,0f,0.9914448613738106f,-0.13052619222005f,0.6875f,-1f,-1.2997788433152058e-17f,-9.872800494744736e-17f,0.125f,0f,0f,0f,1f], start_interpolation: 0, interpolation_duration: 1 }
$data merge entity $(bone_leftleg) { transformation: [-9.957992501029599e-17f,0f,1f,0.0625f,0f,1f,0f,0.7433234375f,-1f,0f,-9.957992501029599e-17f,0.25f,0f,0f,0f,1f], start_interpolation: 0, interpolation_duration: 1 }
$data merge entity $(bone_rightleg) { transformation: [-9.957992501029599e-17f,0.8145759520503331f,0.580056909571202f,-0.05652777777777722f,0f,0.580056909571202f,-0.8145759520503331f,0.8551620370370369f,-1f,-8.111541222036263e-17f,-5.776202355680433e-17f,1.3877787807814457e-17f,0f,0f,0f,1f], start_interpolation: 0, interpolation_duration: 1 }
data modify entity @s data merge value {"locators":{},"cameras":{"camera":{"posx":6.125,"posy":0.7578226307001076,"posz":1.4639158114140358,"roty":97.50646554711439,"rotx":-11.997920146479695}}}