# This file was generated by Animated Java via MC-Build. It is not recommended to edit this file directly.
$data merge entity $(bone_left_eye) { transformation: [-9.957992501029599e-17f,0.05509656546866304f,0.9984810306027637f,-0.11580684518841014f,0f,0.9984810306027637f,-0.05509656546866304f,1.6986839631880468f,-1f,-5.486511857694329e-18f,-9.942866615162627e-17f,0.25f,0f,0f,0f,1f], start_interpolation: 0, interpolation_duration: 1 }
$data merge entity $(bone_right_eye) { transformation: [-9.957992501029599e-17f,0.05509656546866304f,0.9984810306027637f,-0.11580684518841017f,0f,0.9984810306027637f,-0.05509656546866304f,1.6986839631880468f,-1f,-5.486511857694329e-18f,-9.942866615162627e-17f,2.7755575615628914e-17f,0f,0f,0f,1f], start_interpolation: 0, interpolation_duration: 1 }
$data merge entity $(bone_right_close) { transformation: [-9.957992501029599e-17f,0.05509656546866304f,0.9984810306027637f,-0.11236330984661871f,0f,0.9984810306027637f,-0.05509656546866304f,1.7610890276007196f,-1f,-5.486511857694329e-18f,-9.942866615162627e-17f,2.7755575615628914e-17f,0f,0f,0f,1f], start_interpolation: 0, interpolation_duration: 1 }
$data merge entity $(bone_left_close) { transformation: [-9.957992501029599e-17f,0.05509656546866304f,0.9984810306027637f,-0.11236330984661869f,0f,0.9984810306027637f,-0.05509656546866304f,1.7610890276007196f,-1f,-5.486511857694329e-18f,-9.942866615162627e-17f,0.25f,0f,0f,0f,1f], start_interpolation: 0, interpolation_duration: 1 }
$data merge entity $(bone_left_eyebrow) { transformation: [-9.957992501029599e-17f,0.05509656546866304f,0.9984810306027637f,-0.11380312904774798f,0f,0.9984810306027637f,-0.05509656546866304f,1.7361304453709923f,-1f,-5.486511857694329e-18f,-9.942866615162627e-17f,0.25f,0f,0f,0f,1f], start_interpolation: 0, interpolation_duration: 1 }
$data merge entity $(bone_right_eyebrow) { transformation: [-9.957992501029599e-17f,0.05509656546866304f,0.9984810306027637f,-0.113803129047748f,0f,0.9984810306027637f,-0.05509656546866304f,1.7361304453709923f,-1f,-5.486511857694329e-18f,-9.942866615162627e-17f,2.7755575615628914e-17f,0f,0f,0f,1f], start_interpolation: 0, interpolation_duration: 1 }
$data merge entity $(bone_talking) { transformation: [-9.957992501029599e-17f,0.05509656546866304f,0.9984810306027637f,0.18244433550778774f,0f,0.9984810306027637f,-0.05509656546866304f,1.4318460288283987f,-1f,-5.486511857694329e-18f,-9.942866615162627e-17f,0.125f,0f,0f,0f,1f], start_interpolation: 0, interpolation_duration: 1 }
$data merge entity $(bone_m_opened) { transformation: [-9.957992501029599e-17f,0.05509656546866304f,0.9984810306027637f,0.18244433550778774f,0f,0.9984810306027637f,-0.05509656546866304f,1.4318460288283987f,-1f,-5.486511857694329e-18f,-9.942866615162627e-17f,0.125f,0f,0f,0f,1f], start_interpolation: 0, interpolation_duration: 1 }
$data merge entity $(bone_head) { transformation: [-9.957992501029599e-17f,0.05509656546866304f,0.9984810306027637f,0.12003927109511502f,0f,0.9984810306027637f,-0.05509656546866304f,1.4352895641701902f,-1f,-5.486511857694329e-18f,-9.942866615162627e-17f,0.125f,0f,0f,0f,1f], start_interpolation: 0, interpolation_duration: 1 }
$data merge entity $(item_display_r_item) { transformation: [-4.3566217192004496e-17f,-0.4372070007442165f,-0.016009013094087594f,0.008403125358183036f,0f,-0.016009013094087594f,0.4372070007442165f,0.6815025367660621f,-0.4375f,4.35370403480855e-17f,1.59417632339809e-18f,-0.1875f,0f,0f,0f,1f], start_interpolation: 0, interpolation_duration: 1 }
$data merge entity $(bone_rightarm) { transformation: [-9.957992501029599e-17f,-0.036592029929343295f,0.999330287415352f,0.11044939257926248f,0f,0.999330287415352f,0.036592029929343295f,1.310657970141825f,-1f,3.643831596338513e-18f,-9.951323508133829e-17f,-0.1875f,0f,0f,0f,1f], start_interpolation: 0, interpolation_duration: 1 }
$data merge entity $(item_display_l_item) { transformation: [-4.3566217192004496e-17f,-0.4351923559650263f,-0.04487608839470997f,0.05021741715312654f,0f,-0.04487608839470997f,0.4351923559650263f,0.6761328649361561f,-0.4375f,4.333642217205136e-17f,4.4687575171006336e-18f,0.4375f,0f,0f,0f,1f], start_interpolation: 0, interpolation_duration: 1 }
$data merge entity $(bone_leftarm) { transformation: [-9.957992501029599e-17f,-0.10257391633076586f,0.9947253850629173f,0.11044939257926253f,0f,0.9947253850629173f,0.10257391633076586f,1.310657970141825f,-1f,1.021430289623004e-17f,-9.90546792504031e-17f,0.4375f,0f,0f,0f,1f], start_interpolation: 0, interpolation_duration: 1 }
$data merge entity $(bone_body) { transformation: [-9.957992501029599e-17f,0.07671902812682004f,0.9970527522269201f,0.062499999999999986f,0f,0.9970527522269201f,-0.07671902812682004f,0.6875f,-1f,-7.639675067731527e-18f,-9.928643829806593e-17f,0.125f,0f,0f,0f,1f], start_interpolation: 0, interpolation_duration: 1 }
$data merge entity $(bone_leftleg) { transformation: [-9.957992501029599e-17f,0f,1f,0.0625f,0f,1f,0f,0.7434499999999999f,-1f,0f,-9.957992501029599e-17f,0.25f,0f,0f,0f,1f], start_interpolation: 0, interpolation_duration: 1 }
$data merge entity $(bone_rightleg) { transformation: [-9.957992501029599e-17f,0.7399513643828853f,0.6726603737012509f,-0.04162551440329236f,0f,0.6726603737012509f,-0.7399513643828853f,0.8511299725651578f,-1f,-7.368430137651392e-17f,-6.698346957056824e-17f,1.3877787807814457e-17f,0f,0f,0f,1f], start_interpolation: 0, interpolation_duration: 1 }
data modify entity @s data merge value {"locators":{},"cameras":{"camera":{"posx":6.125,"posy":0.7588894312071401,"posz":1.4599709700381955,"roty":97.52618204582211,"rotx":-12.235465923236273}}}