# This file was generated by Animated Java via MC-Build. It is not recommended to edit this file directly.
$data merge entity $(bone_left_eye) { transformation: [-9.957992501029599e-17f,0.010413254135986018f,0.999945780599278f,-0.1609979768031608f,0f,0.999945780599278f,-0.010413254135986018f,1.6897093284520919f,-1f,-1.0369510659746423e-18f,-9.9574525846438e-17f,0.25f,0f,0f,0f,1f], start_interpolation: 0, interpolation_duration: 1 }
$data merge entity $(bone_right_eye) { transformation: [-9.957992501029599e-17f,0.010413254135986018f,0.999945780599278f,-0.1609979768031608f,0f,0.999945780599278f,-0.010413254135986018f,1.6897093284520919f,-1f,-1.0369510659746423e-18f,-9.9574525846438e-17f,2.7755575615628914e-17f,0f,0f,0f,1f], start_interpolation: 0, interpolation_duration: 1 }
$data merge entity $(bone_right_close) { transformation: [-9.957992501029599e-17f,0.010413254135986018f,0.999945780599278f,-0.1603471484196617f,0f,0.999945780599278f,-0.010413254135986018f,1.7522059397395469f,-1f,-1.0369510659746423e-18f,-9.9574525846438e-17f,2.7755575615628914e-17f,0f,0f,0f,1f], start_interpolation: 0, interpolation_duration: 1 }
$data merge entity $(bone_left_close) { transformation: [-9.957992501029599e-17f,0.010413254135986018f,0.999945780599278f,-0.1603471484196617f,0f,0.999945780599278f,-0.010413254135986018f,1.7522059397395469f,-1f,-1.0369510659746423e-18f,-9.9574525846438e-17f,0.25f,0f,0f,0f,1f], start_interpolation: 0, interpolation_duration: 1 }
$data merge entity $(bone_left_eyebrow) { transformation: [-9.957992501029599e-17f,0.010413254135986018f,0.999945780599278f,-0.16066997638434877f,0f,0.999945780599278f,-0.010413254135986018f,1.7272079460529486f,-1f,-1.0369510659746423e-18f,-9.9574525846438e-17f,0.25f,0f,0f,0f,1f], start_interpolation: 0, interpolation_duration: 1 }
$data merge entity $(bone_right_eyebrow) { transformation: [-9.957992501029599e-17f,0.010413254135986018f,0.999945780599278f,-0.1606699763843488f,0f,0.999945780599278f,-0.010413254135986018f,1.7272079460529486f,-1f,-1.0369510659746423e-18f,-9.9574525846438e-17f,2.7755575615628914e-17f,0f,0f,0f,1f], start_interpolation: 0, interpolation_duration: 1 }
$data merge entity $(bone_talking) { transformation: [-9.957992501029599e-17f,0.010413254135986018f,0.999945780599278f,0.14888176610011705f,0f,0.999945780599278f,-0.010413254135986018f,1.4364687413847768f,-1f,-1.0369510659746423e-18f,-9.9574525846438e-17f,0.125f,0f,0f,0f,1f], start_interpolation: 0, interpolation_duration: 1 }
$data merge entity $(bone_m_opened) { transformation: [-9.957992501029599e-17f,0.010413254135986018f,0.999945780599278f,0.14888176610011705f,0f,0.999945780599278f,-0.010413254135986018f,1.4364687413847768f,-1f,-1.0369510659746423e-18f,-9.9574525846438e-17f,0.125f,0f,0f,0f,1f], start_interpolation: 0, interpolation_duration: 1 }
$data merge entity $(bone_head) { transformation: [-9.957992501029599e-17f,0.010413254135986018f,0.999945780599278f,0.0863851548126622f,0f,0.999945780599278f,-0.010413254135986018f,1.437119569768276f,-1f,-1.0369510659746423e-18f,-9.9574525846438e-17f,0.125f,0f,0f,0f,1f], start_interpolation: 0, interpolation_duration: 1 }
$data merge entity $(item_display_r_item) { transformation: [-4.3566217192004496e-17f,-0.4366390893088808f,-0.027432748449822075f,-0.003160089197001531f,0f,-0.027432748449822075f,0.4366390893088808f,0.6805749190942605f,-0.4375f,4.3480487769942284e-17f,2.731751033459596e-18f,-0.1875f,0f,0f,0f,1f], start_interpolation: 0, interpolation_duration: 1 }
$data merge entity $(bone_rightarm) { transformation: [-9.957992501029599e-17f,-0.06270342502816496f,0.9980322041345847f,0.08240429567721846f,0f,0.9980322041345847f,0.06270342502816496f,1.3121829748068965f,-1f,6.244002362193384e-18f,-9.938397204558236e-17f,-0.1875f,0f,0f,0f,1f], start_interpolation: 0, interpolation_duration: 1 }
$data merge entity $(item_display_l_item) { transformation: [-4.3566217192004496e-17f,-0.43465735179734555f,-0.04979193236377325f,0.029347812826224576f,0f,-0.04979193236377325f,0.43465735179734555f,0.677017634421039f,-0.4375f,4.328314649715351e-17f,4.9582768909022714e-18f,0.4375f,0f,0f,0f,1f], start_interpolation: 0, interpolation_duration: 1 }
$data merge entity $(bone_leftarm) { transformation: [-9.957992501029599e-17f,-0.11381013111719622f,0.9935025183939327f,0.08240429567721852f,0f,0.9935025183939327f,0.11381013111719622f,1.3121829748068965f,-1f,1.1333204322062355e-17f,-9.893290627920803e-17f,0.4375f,0f,0f,0f,1f], start_interpolation: 0, interpolation_duration: 1 }
$data merge entity $(bone_body) { transformation: [-9.957992501029599e-17f,0.03184687308354961f,0.9994927596910346f,0.062499999999999986f,0f,0.9994927596910346f,-0.03184687308354961f,0.6875f,-1f,-3.171309233472284e-18f,-9.952941405836702e-17f,0.125f,0f,0f,0f,1f], start_interpolation: 0, interpolation_duration: 1 }
$data merge entity $(bone_leftleg) { transformation: [-9.957992501029599e-17f,0f,1f,0.0625f,0f,1f,0f,0.7435953125f,-1f,0f,-9.957992501029599e-17f,0.25f,0f,0f,0f,1f], start_interpolation: 0, interpolation_duration: 1 }
$data merge entity $(bone_rightleg) { transformation: [-9.957992501029599e-17f,0.6548607339452855f,0.7557495743542578f,-0.023636831275720083f,0f,0.7557495743542578f,-0.6548607339452855f,0.8476123113854594f,-1f,-6.521098277845893e-17f,-7.52574859407601e-17f,1.3877787807814457e-17f,0f,0f,0f,1f], start_interpolation: 0, interpolation_duration: 1 }
data modify entity @s data merge value {"locators":{},"cameras":{"camera":{"posx":6.125,"posy":0.7599503601387703,"posz":1.4560497042654912,"roty":97.54678513397447,"rotx":-12.471335749265036}}}