# This file was generated by Animated Java via MC-Build. It is not recommended to edit this file directly.
$data merge entity $(bone_left_eye) { transformation: [-9.957992501029599e-17f,-0.021265557019503445f,0.9997738624732346f,-0.19275985487318453f,0f,0.9997738624732346f,0.021265557019503445f,1.6821270763634328f,-1f,2.1176225733043265e-18f,-9.955740625233867e-17f,0.25f,0f,0f,0f,1f], start_interpolation: 0, interpolation_duration: 1 }
$data merge entity $(bone_right_eye) { transformation: [-9.957992501029599e-17f,-0.021265557019503445f,0.9997738624732346f,-0.19275985487318453f,0f,0.9997738624732346f,0.021265557019503445f,1.6821270763634328f,-1f,2.1176225733043265e-18f,-9.955740625233867e-17f,2.7755575615628914e-17f,0f,0f,0f,1f], start_interpolation: 0, interpolation_duration: 1 }
$data merge entity $(bone_right_close) { transformation: [-9.957992501029599e-17f,-0.021265557019503445f,0.9997738624732346f,-0.19408895218690347f,0f,0.9997738624732346f,0.021265557019503445f,1.74461294276801f,-1f,2.1176225733043265e-18f,-9.955740625233867e-17f,2.7755575615628914e-17f,0f,0f,0f,1f], start_interpolation: 0, interpolation_duration: 1 }
$data merge entity $(bone_left_close) { transformation: [-9.957992501029599e-17f,-0.021265557019503445f,0.9997738624732346f,-0.19408895218690347f,0f,0.9997738624732346f,0.021265557019503445f,1.74461294276801f,-1f,2.1176225733043265e-18f,-9.955740625233867e-17f,0.25f,0f,0f,0f,1f], start_interpolation: 0, interpolation_duration: 1 }
$data merge entity $(bone_left_eyebrow) { transformation: [-9.957992501029599e-17f,-0.021265557019503445f,0.9997738624732346f,-0.19361979912782046f,0f,0.9997738624732346f,0.021265557019503445f,1.7196172671088654f,-1f,2.1176225733043265e-18f,-9.955740625233867e-17f,0.25f,0f,0f,0f,1f], start_interpolation: 0, interpolation_duration: 1 }
$data merge entity $(bone_right_eyebrow) { transformation: [-9.957992501029599e-17f,-0.021265557019503445f,0.9997738624732346f,-0.19361979912782049f,0f,0.9997738624732346f,0.021265557019503445f,1.7196172671088654f,-1f,2.1176225733043265e-18f,-9.955740625233867e-17f,2.7755575615628914e-17f,0f,0f,0f,1f], start_interpolation: 0, interpolation_duration: 1 }
$data merge entity $(bone_talking) { transformation: [-9.957992501029599e-17f,-0.021265557019503445f,0.9997738624732346f,0.12498586640457715f,0f,0.9997738624732346f,0.021265557019503445f,1.438829097313719f,-1f,2.1176225733043265e-18f,-9.955740625233867e-17f,0.125f,0f,0f,0f,1f], start_interpolation: 0, interpolation_duration: 1 }
$data merge entity $(bone_m_opened) { transformation: [-9.957992501029599e-17f,-0.021265557019503445f,0.9997738624732346f,0.12498586640457715f,0f,0.9997738624732346f,0.021265557019503445f,1.438829097313719f,-1f,2.1176225733043265e-18f,-9.955740625233867e-17f,0.125f,0f,0f,0f,1f], start_interpolation: 0, interpolation_duration: 1 }
$data merge entity $(bone_head) { transformation: [-9.957992501029599e-17f,-0.021265557019503445f,0.9997738624732346f,0.062499999999999986f,0f,0.9997738624732346f,0.021265557019503445f,1.4375f,-1f,2.1176225733043265e-18f,-9.955740625233867e-17f,0.125f,0f,0f,0f,1f], start_interpolation: 0, interpolation_duration: 1 }
$data merge entity $(item_display_r_item) { transformation: [-4.3566217192004496e-17f,-0.43623863085435455f,-0.033197996179259705f,-0.014713899988015908f,0f,-0.033197996179259705f,0.43623863085435455f,0.6798168141568478f,-0.4375f,4.344061014707082e-17f,3.305853970022774e-18f,-0.1875f,0f,0f,0f,1f], start_interpolation: 0, interpolation_duration: 1 }
$data merge entity $(bone_rightarm) { transformation: [-9.957992501029599e-17f,-0.0758811341240224f,0.997116870524239f,0.06249999999999996f,0f,0.997116870524239f,0.0758811341240224f,1.3125f,-1f,7.556237645766363e-18f,-9.929282319330473e-17f,-0.1875f,0f,0f,0f,1f], start_interpolation: 0, interpolation_duration: 1 }
$data merge entity $(item_display_l_item) { transformation: [-4.3566217192004496e-17f,-0.434703671539736f,-0.04938590841397276f,0.008850248722893805f,0f,-0.04938590841397276f,0.434703671539736f,0.6773844953963848f,-0.4375f,4.328775901362725e-17f,4.917845056428753e-18f,0.4375f,0f,0f,0f,1f], start_interpolation: 0, interpolation_duration: 1 }
$data merge entity $(bone_leftarm) { transformation: [-9.957992501029599e-17f,-0.1128820763747951f,0.9936083920908252f,0.06250000000000001f,0f,0.9936083920908252f,0.1128820763747951f,1.3125f,-1f,1.12407887004086e-17f,-9.894344917400515e-17f,0.4375f,0f,0f,0f,1f], start_interpolation: 0, interpolation_duration: 1 }
$data merge entity $(bone_body) { transformation: [-9.957992501029599e-17f,0f,1f,0.062499999999999986f,0f,1f,0f,0.6875f,-1f,0f,-9.957992501029599e-17f,0.125f,0f,0f,0f,1f], start_interpolation: 0, interpolation_duration: 1 }
$data merge entity $(bone_leftleg) { transformation: [-9.957992501029599e-17f,0f,1f,0.0625f,0f,1f,0f,0.74375f,-1f,0f,-9.957992501029599e-17f,0.25f,0f,0f,0f,1f], start_interpolation: 0, interpolation_duration: 1 }
$data merge entity $(bone_rightleg) { transformation: [-9.957992501029599e-17f,0.5605076022408932f,0.8281492787113713f,-0.00458333333333294f,0f,0.8281492787113713f,-0.5605076022408932f,0.8441435185185184f,-1f,-5.581530499884896e-17f,-8.246704307140907e-17f,0f,0f,0f,0f,1f], start_interpolation: 0, interpolation_duration: 1 }
data modify entity @s data merge value {"locators":{},"cameras":{"camera":{"posx":6.125,"posy":0.7610053907045398,"posz":1.4521533000379143,"roty":97.56808104866731,"rotx":-12.7051010282789}}}