# This file was generated by Animated Java via MC-Build. It is not recommended to edit this file directly.
$data merge entity $(bone_left_eye) { transformation: [-9.957992501029599e-17f,-0.041616698277797196f,0.9991336499310063f,-0.23803450495942952f,0f,0.9991336499310063f,0.041616698277797196f,1.6767222028804671f,-1f,4.144187693679159e-18f,-9.949365393539294e-17f,0.25f,0f,0f,0f,1f], start_interpolation: 0, interpolation_duration: 1 }
$data merge entity $(bone_right_eye) { transformation: [-9.957992501029599e-17f,-0.041616698277797196f,0.9991336499310063f,-0.23803450495942952f,0f,0.9991336499310063f,0.041616698277797196f,1.6767222028804671f,-1f,4.144187693679159e-18f,-9.949365393539294e-17f,2.7755575615628914e-17f,0f,0f,0f,1f], start_interpolation: 0, interpolation_duration: 1 }
$data merge entity $(bone_right_close) { transformation: [-9.957992501029599e-17f,-0.041616698277797196f,0.9991336499310063f,-0.24063554860179187f,0f,0.9991336499310063f,0.041616698277797196f,1.739168056001155f,-1f,4.144187693679159e-18f,-9.949365393539294e-17f,2.7755575615628914e-17f,0f,0f,0f,1f], start_interpolation: 0, interpolation_duration: 1 }
$data merge entity $(bone_left_close) { transformation: [-9.957992501029599e-17f,-0.041616698277797196f,0.9991336499310063f,-0.24063554860179187f,0f,0.9991336499310063f,0.041616698277797196f,1.739168056001155f,-1f,4.144187693679159e-18f,-9.949365393539294e-17f,0.25f,0f,0f,0f,1f], start_interpolation: 0, interpolation_duration: 1 }
$data merge entity $(bone_left_eyebrow) { transformation: [-9.957992501029599e-17f,-0.041616698277797196f,0.9991336499310063f,-0.2396575769979676f,0f,0.9991336499310063f,0.041616698277797196f,1.7141871137092377f,-1f,4.144187693679159e-18f,-9.949365393539294e-17f,0.25f,0f,0f,0f,1f], start_interpolation: 0, interpolation_duration: 1 }
$data merge entity $(bone_right_eyebrow) { transformation: [-9.957992501029599e-17f,-0.041616698277797196f,0.9991336499310063f,-0.23965757699796764f,0f,0.9991336499310063f,0.041616698277797196f,1.7141871137092377f,-1f,4.144187693679159e-18f,-9.949365393539294e-17f,2.7755575615628914e-17f,0f,0f,0f,1f], start_interpolation: 0, interpolation_duration: 1 }
$data merge entity $(bone_talking) { transformation: [-9.957992501029599e-17f,-0.041616698277797196f,0.9991336499310063f,0.08459893521345922f,0f,0.9991336499310063f,0.041616698277797196f,1.4399440086095272f,-1f,4.144187693679159e-18f,-9.949365393539294e-17f,0.125f,0f,0f,0f,1f], start_interpolation: 0, interpolation_duration: 1 }
$data merge entity $(bone_m_opened) { transformation: [-9.957992501029599e-17f,-0.041616698277797196f,0.9991336499310063f,0.08459893521345922f,0f,0.9991336499310063f,0.041616698277797196f,1.4399440086095272f,-1f,4.144187693679159e-18f,-9.949365393539294e-17f,0.125f,0f,0f,0f,1f], start_interpolation: 0, interpolation_duration: 1 }
$data merge entity $(bone_head) { transformation: [-9.957992501029599e-17f,-0.041616698277797196f,0.9991336499310063f,0.022153082092771326f,0f,0.9991336499310063f,0.041616698277797196f,1.437342964967165f,-1f,4.144187693679159e-18f,-9.949365393539294e-17f,0.125f,0f,0f,0f,1f], start_interpolation: 0, interpolation_duration: 1 }
$data merge entity $(item_display_r_item) { transformation: [-4.3566217192004496e-17f,-0.43615759458842185f,-0.034246206838740786f,-0.05098240122594326f,0f,-0.034246206838740786f,0.43615759458842185f,0.6795022289638231f,-0.4375f,4.3432540561786125e-17f,3.4102347088888927e-18f,-0.1875f,0f,0f,0f,1f], start_interpolation: 0, interpolation_duration: 1 }
$data merge entity $(bone_rightarm) { transformation: [-9.957992501029599e-17f,-0.07827704420283631f,0.9969316447735357f,0.024710901743976013f,0f,0.9969316447735357f,0.07827704420283631f,1.3123691374726374f,-1f,7.794822191746062e-18f,-9.927437842693971e-17f,-0.1875f,0f,0f,0f,1f], start_interpolation: 0, interpolation_duration: 1 }
$data merge entity $(item_display_l_item) { transformation: [-4.3566217192004496e-17f,-0.43519300861524424f,-0.044869758773721194f,-0.035530302469349f,0f,-0.044869758773721194f,0.43519300861524424f,0.6778449083726538f,-0.4375f,4.333648716291112e-17f,4.468127213917228e-18f,0.4375f,0f,0f,0f,1f], start_interpolation: 0, interpolation_duration: 1 }
$data merge entity $(bone_leftarm) { transformation: [-9.957992501029599e-17f,-0.10255944862564867f,0.994726876834844f,0.024710901743976076f,0f,0.994726876834844f,0.10255944862564867f,1.3123691374726374f,-1f,1.02128622032394e-17f,-9.905482780093971e-17f,0.4375f,0f,0f,0f,1f], start_interpolation: 0, interpolation_duration: 1 }
$data merge entity $(bone_body) { transformation: [-9.957992501029599e-17f,-0.02046255720963774f,0.9997906199562198f,0.03749999999999963f,0f,0.9997906199562198f,0.02046255720963774f,0.6875f,-1f,2.037659912454618e-18f,-9.95590749612377e-17f,0.125f,0f,0f,0f,1f], start_interpolation: 0, interpolation_duration: 1 }
$data merge entity $(bone_leftleg) { transformation: [-9.957992501029599e-17f,-0.03489949670250146f,0.9993908270190958f,0.037499999999999645f,0f,0.9993908270190958f,0.03489949670250146f,0.744375f,-1f,3.475289264532167e-18f,-9.951926361053925e-17f,0.25f,0f,0f,0f,1f], start_interpolation: 0, interpolation_duration: 1 }
$data merge entity $(bone_rightleg) { transformation: [-9.957992501029599e-17f,0.45822652172740824f,0.8888354486549246f,-0.011486625514403062f,0f,0.8888354486549246f,-0.45822652172740824f,0.8402580589849107f,-1f,-4.563016267134408e-17f,-8.851016732355018e-17f,0f,0f,0f,0f,1f], start_interpolation: 0, interpolation_duration: 1 }
data modify entity @s data merge value {"locators":{},"cameras":{"camera":{"posx":6.125,"posy":0.7620544961139906,"posz":1.4482830432974534,"roty":97.5898774937946,"rotx":-12.9363329545827}}}