# This file was generated by Animated Java via MC-Build. It is not recommended to edit this file directly.
$data merge entity $(bone_left_eye) { transformation: [-9.957992501029599e-17f,-0.055669962006928406f,0.9984492252138549f,-0.27694277783605104f,0f,0.9984492252138549f,0.055669962006928406f,1.6727470270679612f,-1f,5.543610641975957e-18f,-9.942549897338379e-17f,0.25f,0f,0f,0f,1f], start_interpolation: 0, interpolation_duration: 1 }
$data merge entity $(bone_right_eye) { transformation: [-9.957992501029599e-17f,-0.055669962006928406f,0.9984492252138549f,-0.27694277783605104f,0f,0.9984492252138549f,0.055669962006928406f,1.6727470270679612f,-1f,5.543610641975957e-18f,-9.942549897338379e-17f,2.7755575615628914e-17f,0f,0f,0f,1f], start_interpolation: 0, interpolation_duration: 1 }
$data merge entity $(bone_right_close) { transformation: [-9.957992501029599e-17f,-0.055669962006928406f,0.9984492252138549f,-0.28042215046148405f,0f,0.9984492252138549f,0.055669962006928406f,1.7351501036438273f,-1f,5.543610641975957e-18f,-9.942549897338379e-17f,2.7755575615628914e-17f,0f,0f,0f,1f], start_interpolation: 0, interpolation_duration: 1 }
$data merge entity $(bone_left_close) { transformation: [-9.957992501029599e-17f,-0.055669962006928406f,0.9984492252138549f,-0.28042215046148405f,0f,0.9984492252138549f,0.055669962006928406f,1.7351501036438273f,-1f,5.543610641975957e-18f,-9.942549897338379e-17f,0.25f,0f,0f,0f,1f], start_interpolation: 0, interpolation_duration: 1 }
$data merge entity $(bone_left_eyebrow) { transformation: [-9.957992501029599e-17f,-0.055669962006928406f,0.9984492252138549f,-0.2790928044878867f,0f,0.9984492252138549f,0.055669962006928406f,1.7101853936408555f,-1f,5.543610641975957e-18f,-9.942549897338379e-17f,0.25f,0f,0f,0f,1f], start_interpolation: 0, interpolation_duration: 1 }
$data merge entity $(bone_right_eyebrow) { transformation: [-9.957992501029599e-17f,-0.055669962006928406f,0.9984492252138549f,-0.27909280448788676f,0f,0.9984492252138549f,0.055669962006928406f,1.7101853936408555f,-1f,5.543610641975957e-18f,-9.942549897338379e-17f,2.7755575615628914e-17f,0f,0f,0f,1f], start_interpolation: 0, interpolation_duration: 1 }
$data merge entity $(bone_talking) { transformation: [-9.957992501029599e-17f,-0.055669962006928406f,0.9984492252138549f,0.04899009554501076f,0f,0.9984492252138549f,0.055669962006928406f,1.4405315838916626f,-1f,5.543610641975957e-18f,-9.942549897338379e-17f,0.125f,0f,0f,0f,1f], start_interpolation: 0, interpolation_duration: 1 }
$data merge entity $(bone_m_opened) { transformation: [-9.957992501029599e-17f,-0.055669962006928406f,0.9984492252138549f,0.04899009554501076f,0f,0.9984492252138549f,0.055669962006928406f,1.4405315838916626f,-1f,5.543610641975957e-18f,-9.942549897338379e-17f,0.125f,0f,0f,0f,1f], start_interpolation: 0, interpolation_duration: 1 }
$data merge entity $(bone_head) { transformation: [-9.957992501029599e-17f,-0.055669962006928406f,0.9984492252138549f,-0.013412981030855172f,0f,0.9984492252138549f,0.055669962006928406f,1.4370522112662296f,-1f,5.543610641975957e-18f,-9.942549897338379e-17f,0.125f,0f,0f,0f,1f], start_interpolation: 0, interpolation_duration: 1 }
$data merge entity $(item_display_r_item) { transformation: [-4.3566217192004496e-17f,-0.43625701886401863f,-0.03295547741847038f,-0.08665975993666504f,0f,-0.03295547741847038f,0.43625701886401863f,0.6794866793679828f,-0.4375f,4.344244122369425e-17f,3.2817039700097837e-18f,-0.1875f,0f,0f,0f,1f], start_interpolation: 0, interpolation_duration: 1 }
$data merge entity $(bone_rightarm) { transformation: [-9.957992501029599e-17f,-0.07532680552793253f,0.997158900260614f,-0.009094150859046126f,0f,0.997158900260614f,0.07532680552793253f,1.3121268427218582f,-1f,7.50103764573667e-18f,-9.929700851130114e-17f,-0.1875f,0f,0f,0f,1f], start_interpolation: 0, interpolation_duration: 1 }
$data merge entity $(item_display_l_item) { transformation: [-4.3566217192004496e-17f,-0.4357679661172117f,-0.038891254879067874f,-0.07804034849386661f,0f,-0.038891254879067874f,0.4357679661172117f,0.6784893897318219f,-0.4375f,4.339374138784114e-17f,3.8727882444138855e-18f,0.4375f,0f,0f,0f,1f], start_interpolation: 0, interpolation_duration: 1 }
$data merge entity $(bone_leftarm) { transformation: [-9.957992501029599e-17f,-0.08889429686644107f,0.9960410654107696f,-0.009094150859046064f,0f,0.9960410654107696f,0.08889429686644107f,1.3121268427218582f,-1f,8.85208741580319e-18f,-9.918569460077975e-17f,0.4375f,0f,0f,0f,1f], start_interpolation: 0, interpolation_duration: 1 }
$data merge entity $(bone_body) { transformation: [-9.957992501029599e-17f,-0.03455064137447259f,0.9994029483549729f,0.012499999999999274f,0f,0.9994029483549729f,0.03455064137447259f,0.6875f,-1f,3.4405502771276104e-18f,-9.952047065225691e-17f,0.125f,0f,0f,0f,1f], start_interpolation: 0, interpolation_duration: 1 }
$data merge entity $(bone_leftleg) { transformation: [-9.957992501029599e-17f,-0.06975647374412629f,0.9975640502598242f,0.012499999999999286f,0f,0.9975640502598242f,0.06975647374412629f,0.745f,-1f,6.946344424422776e-18f,-9.933735331784044e-17f,0.25f,0f,0f,0f,1f], start_interpolation: 0, interpolation_duration: 1 }
$data merge entity $(bone_rightleg) { transformation: [-9.957992501029599e-17f,0.3494641795990948f,0.936949724999763f,-0.02136831275720176f,0f,0.936949724999763f,-0.3494641795990948f,0.8354903978052123f,-1f,-3.479961679826247e-17f,-9.330138335389385e-17f,0f,0f,0f,0f,1f], start_interpolation: 0, interpolation_duration: 1 }
data modify entity @s data merge value {"locators":{},"cameras":{"camera":{"posx":6.125,"posy":0.7630976495766644,"posz":1.4444402199860968,"roty":97.61198365798926,"rotx":-13.164602514290472}}}