# This file was generated by Animated Java via MC-Build. It is not recommended to edit this file directly.
$data merge entity $(bone_left_eye) { transformation: [-9.957992501029599e-17f,-0.06448937872758413f,0.9979183934727981f,-0.3105876256155073f,0f,0.9979183934727981f,0.06448937872758413f,1.6701533770102264f,-1f,6.421847497653405e-18f,-9.937263878841629e-17f,0.25f,0f,0f,0f,1f], start_interpolation: 0, interpolation_duration: 1 }
$data merge entity $(bone_right_eye) { transformation: [-9.957992501029599e-17f,-0.06448937872758413f,0.9979183934727981f,-0.3105876256155073f,0f,0.9979183934727981f,0.06448937872758413f,1.6701533770102264f,-1f,6.421847497653405e-18f,-9.937263878841629e-17f,2.7755575615628914e-17f,0f,0f,0f,1f], start_interpolation: 0, interpolation_duration: 1 }
$data merge entity $(bone_right_close) { transformation: [-9.957992501029599e-17f,-0.06448937872758413f,0.9979183934727981f,-0.3146182117859813f,0f,0.9979183934727981f,0.06448937872758413f,1.7325232766022762f,-1f,6.421847497653405e-18f,-9.937263878841629e-17f,2.7755575615628914e-17f,0f,0f,0f,1f], start_interpolation: 0, interpolation_duration: 1 }
$data merge entity $(bone_left_close) { transformation: [-9.957992501029599e-17f,-0.06448937872758413f,0.9979183934727981f,-0.3146182117859813f,0f,0.9979183934727981f,0.06448937872758413f,1.7325232766022762f,-1f,6.421847497653405e-18f,-9.937263878841629e-17f,0.25f,0f,0f,0f,1f], start_interpolation: 0, interpolation_duration: 1 }
$data merge entity $(bone_left_eyebrow) { transformation: [-9.957992501029599e-17f,-0.06448937872758413f,0.9979183934727981f,-0.3130683472173838f,0f,0.9979183934727981f,0.06448937872758413f,1.7075712861792858f,-1f,6.421847497653405e-18f,-9.937263878841629e-17f,0.25f,0f,0f,0f,1f], start_interpolation: 0, interpolation_duration: 1 }
$data merge entity $(bone_right_eyebrow) { transformation: [-9.957992501029599e-17f,-0.06448937872758413f,0.9979183934727981f,-0.3130683472173838f,0f,0.9979183934727981f,0.06448937872758413f,1.7075712861792858f,-1f,6.421847497653405e-18f,-9.937263878841629e-17f,2.7755575615628914e-17f,0f,0f,0f,1f], start_interpolation: 0, interpolation_duration: 1 }
$data merge entity $(bone_talking) { transformation: [-9.957992501029599e-17f,-0.06448937872758413f,0.9979183934727981f,0.017384217026638143f,0f,0.9979183934727981f,0.06448937872758413f,1.4408267094943967f,-1f,6.421847497653405e-18f,-9.937263878841629e-17f,0.125f,0f,0f,0f,1f], start_interpolation: 0, interpolation_duration: 1 }
$data merge entity $(bone_m_opened) { transformation: [-9.957992501029599e-17f,-0.06448937872758413f,0.9979183934727981f,0.017384217026638143f,0f,0.9979183934727981f,0.06448937872758413f,1.4408267094943967f,-1f,6.421847497653405e-18f,-9.937263878841629e-17f,0.125f,0f,0f,0f,1f], start_interpolation: 0, interpolation_duration: 1 }
$data merge entity $(bone_head) { transformation: [-9.957992501029599e-17f,-0.06448937872758413f,0.9979183934727981f,-0.04498568256541174f,0f,0.9979183934727981f,0.06448937872758413f,1.4367961233239228f,-1f,6.421847497653405e-18f,-9.937263878841629e-17f,0.125f,0f,0f,0f,1f], start_interpolation: 0, interpolation_duration: 1 }
$data merge entity $(item_display_r_item) { transformation: [-4.3566217192004496e-17f,-0.4364724426735831f,-0.029967595608518836f,-0.12146696346098257f,0f,-0.029967595608518836f,0.4364724426735831f,0.6798192049671449f,-0.4375f,4.346389311049612e-17f,2.9841709234351814e-18f,-0.1875f,0f,0f,0f,1f], start_interpolation: 0, interpolation_duration: 1 }
$data merge entity $(bone_rightarm) { transformation: [-9.957992501029599e-17f,-0.06849736139090042f,0.9976512975396185f,-0.03957140213784303f,0f,0.9976512975396185f,0.06849736139090042f,1.311913436103269f,-1f,6.820962110709008e-18f,-9.934604139541969e-17f,-0.1875f,0f,0f,0f,1f], start_interpolation: 0, interpolation_duration: 1 }
$data merge entity $(item_display_l_item) { transformation: [-4.3566217192004496e-17f,-0.43630035932573796f,-0.0323766343561511f,-0.11797631286498067f,0f,-0.0323766343561511f,0.43630035932573796f,0.6793767415361714f,-0.4375f,4.3446757063622184e-17f,3.224062821271299e-18f,0.4375f,0f,0f,0f,1f], start_interpolation: 0, interpolation_duration: 1 }
$data merge entity $(bone_leftarm) { transformation: [-9.957992501029599e-17f,-0.07400373567120275f,0.9972579641731154f,-0.039571402137842965f,0f,0.9972579641731154f,0.07400373567120275f,1.311913436103269f,-1f,7.369286448620134e-18f,-9.930687328827928e-17f,0.4375f,0f,0f,0f,1f], start_interpolation: 0, interpolation_duration: 1 }
$data merge entity $(bone_body) { transformation: [-9.957992501029599e-17f,-0.04331424342054991f,0.9990614977652303f,-0.012499999999999305f,0f,0.9990614977652303f,0.04331424342054991f,0.6875f,-1f,4.313229111696067e-18f,-9.948646902813563e-17f,0.125f,0f,0f,0f,1f], start_interpolation: 0, interpolation_duration: 1 }
$data merge entity $(bone_leftleg) { transformation: [-9.957992501029599e-17f,-0.10452846326765249f,0.9945218953682734f,-0.012499999999999293f,0f,0.9945218953682734f,0.10452846326765249f,0.745625f,-1f,1.0408936533634313e-17f,-9.90344157618701e-17f,0.25f,0f,0f,0f,1f], start_interpolation: 0, interpolation_duration: 1 }
$data merge entity $(bone_rightleg) { transformation: [-9.957992501029599e-17f,0.2357589355094303f,0.971811568323541f,-0.03624999999999932f,0f,0.971811568323541f,-0.2357589355094303f,0.829375f,-1f,-2.347685711853628e-17f,-9.677292309779635e-17f,0f,0f,0f,0f,1f], start_interpolation: 0, interpolation_duration: 1 }
data modify entity @s data merge value {"locators":{},"cameras":{"camera":{"posx":6.125,"posy":0.7641348243021032,"posz":1.440626116045835,"roty":97.63421022332336,"rotx":-13.389480487815721}}}