# This file was generated by Animated Java via MC-Build. It is not recommended to edit this file directly.
$data merge entity $(bone_left_eye) { transformation: [-9.957992501029599e-17f,-0.06913663665143172f,0.9976071999903208f,-0.34003880605600506f,0f,0.9976071999903208f,0.06913663665143172f,1.6687601996107426f,-1f,6.8846210932136505e-18f,-9.934165016476749e-17f,0.25f,0f,0f,0f,1f], start_interpolation: 0, interpolation_duration: 1 }
$data merge entity $(bone_right_eye) { transformation: [-9.957992501029599e-17f,-0.06913663665143172f,0.9976071999903208f,-0.34003880605600506f,0f,0.9976071999903208f,0.06913663665143172f,1.6687601996107426f,-1f,6.8846210932136505e-18f,-9.934165016476749e-17f,2.7755575615628914e-17f,0f,0f,0f,1f], start_interpolation: 0, interpolation_duration: 1 }
$data merge entity $(bone_right_close) { transformation: [-9.957992501029599e-17f,-0.06913663665143172f,0.9976071999903208f,-0.3443598458467195f,0f,0.9976071999903208f,0.06913663665143172f,1.7311106496101376f,-1f,6.8846210932136505e-18f,-9.934165016476749e-17f,2.7755575615628914e-17f,0f,0f,0f,1f], start_interpolation: 0, interpolation_duration: 1 }
$data merge entity $(bone_left_close) { transformation: [-9.957992501029599e-17f,-0.06913663665143172f,0.9976071999903208f,-0.3443598458467195f,0f,0.9976071999903208f,0.06913663665143172f,1.7311106496101376f,-1f,6.8846210932136505e-18f,-9.934165016476749e-17f,0.25f,0f,0f,0f,1f], start_interpolation: 0, interpolation_duration: 1 }
$data merge entity $(bone_left_eyebrow) { transformation: [-9.957992501029599e-17f,-0.06913663665143172f,0.9976071999903208f,-0.34269378038043313f,0f,0.9976071999903208f,0.06913663665143172f,1.706166148570589f,-1f,6.8846210932136505e-18f,-9.934165016476749e-17f,0.25f,0f,0f,0f,1f], start_interpolation: 0, interpolation_duration: 1 }
$data merge entity $(bone_right_eyebrow) { transformation: [-9.957992501029599e-17f,-0.06913663665143172f,0.9976071999903208f,-0.3426937803804332f,0f,0.9976071999903208f,0.06913663665143172f,1.706166148570589f,-1f,6.8846210932136505e-18f,-9.934165016476749e-17f,2.7755575615628914e-17f,0f,0f,0f,1f], start_interpolation: 0, interpolation_duration: 1 }
$data merge entity $(bone_talking) { transformation: [-9.957992501029599e-17f,-0.06913663665143172f,0.9976071999903208f,-0.011002396896171864f,0f,0.9976071999903208f,0.06913663665143172f,1.4409635985667348f,-1f,6.8846210932136505e-18f,-9.934165016476749e-17f,0.125f,0f,0f,0f,1f], start_interpolation: 0, interpolation_duration: 1 }
$data merge entity $(bone_m_opened) { transformation: [-9.957992501029599e-17f,-0.06913663665143172f,0.9976071999903208f,-0.011002396896171864f,0f,0.9976071999903208f,0.06913663665143172f,1.4409635985667348f,-1f,6.8846210932136505e-18f,-9.934165016476749e-17f,0.125f,0f,0f,0f,1f], start_interpolation: 0, interpolation_duration: 1 }
$data merge entity $(bone_head) { transformation: [-9.957992501029599e-17f,-0.06913663665143172f,0.9976071999903208f,-0.07335284689556691f,0f,0.9976071999903208f,0.06913663665143172f,1.4366425587760203f,-1f,6.8846210932136505e-18f,-9.934165016476749e-17f,0.125f,0f,0f,0f,1f], start_interpolation: 0, interpolation_duration: 1 }
$data merge entity $(item_display_r_item) { transformation: [-4.3566217192004496e-17f,-0.43673126591793726f,-0.025923953589604122f,-0.15512351469009128f,0f,-0.025923953589604122f,0.43673126591793726f,0.6804768133097433f,-0.4375f,4.3489666709759824e-17f,2.581505354423172e-18f,-0.1875f,0f,0f,0f,1f], start_interpolation: 0, interpolation_duration: 1 }
$data merge entity $(bone_rightarm) { transformation: [-9.957992501029599e-17f,-0.0592547510619525f,0.9982428935267137f,-0.0673773724129724f,0f,0.9982428935267137f,0.0592547510619525f,1.3117854656466834f,-1f,5.900583667252986e-18f,-9.940495247945103e-17f,-0.1875f,0f,0f,0f,1f], start_interpolation: 0, interpolation_duration: 1 }
$data merge entity $(item_display_l_item) { transformation: [-4.3566217192004496e-17f,-0.43671136476415484f,-0.026257073062877143f,-0.15464194368433481f,0f,-0.026257073062877143f,0.43671136476415484f,0.6804100665370687f,-0.4375f,4.348768495435856e-17f,2.614677366591169e-18f,0.4375f,0f,0f,0f,1f], start_interpolation: 0, interpolation_duration: 1 }
$data merge entity $(bone_leftarm) { transformation: [-9.957992501029599e-17f,-0.060016167000862264f,0.998197405175211f,-0.06737737241297234f,0f,0.998197405175211f,0.060016167000862264f,1.3117854656466834f,-1f,5.976405409351265e-18f,-9.940042275281956e-17f,0.4375f,0f,0f,0f,1f], start_interpolation: 0, interpolation_duration: 1 }
$data merge entity $(bone_body) { transformation: [-9.957992501029599e-17f,-0.04780379586075634f,0.9988567450346937f,-0.03749999999999966f,0f,0.9988567450346937f,0.04780379586075634f,0.6875f,-1f,4.7602984070216135e-18f,-9.946607976658314e-17f,0.125f,0f,0f,0f,1f], start_interpolation: 0, interpolation_duration: 1 }
$data merge entity $(bone_leftleg) { transformation: [-9.957992501029599e-17f,-0.13917310096006497f,0.9902680687415704f,-0.037499999999999645f,0f,0.9902680687415704f,0.13917310096006497f,0.74625f,-1f,1.3858846957053621e-17f,-9.86108200253762e-17f,0.25f,0f,0f,0f,1f], start_interpolation: 0, interpolation_duration: 1 }
$data merge entity $(bone_rightleg) { transformation: [-9.957992501029599e-17f,0.11871906265730657f,0.9929278846732881f,-0.04308593749999967f,0f,0.9929278846732881f,-0.11871906265730657f,0.7868359375f,-1f,-1.1822035356707219e-17f,-9.887568429639785e-17f,0f,0f,0f,0f,1f], start_interpolation: 0, interpolation_duration: 1 }
data modify entity @s data merge value {"locators":{},"cameras":{"camera":{"posx":6.125,"posy":0.765165993499849,"posz":1.436842017418657,"roty":97.65636936401005,"rotx":-13.610537453707382}}}