# This file was generated by Animated Java via MC-Build. It is not recommended to edit this file directly.
$data merge entity $(bone_left_eye) { transformation: [-9.957992501029599e-17f,-0.0706697041316226f,0.9974997708861636f,-0.36634312450001005f,0f,0.9974997708861636f,0.0706697041316226f,1.6683041088425146f,-1f,7.037283837926783e-18f,-9.93309523826316e-17f,0.25f,0f,0f,0f,1f], start_interpolation: 0, interpolation_duration: 1 }
$data merge entity $(bone_right_eye) { transformation: [-9.957992501029599e-17f,-0.0706697041316226f,0.9974997708861636f,-0.36634312450001005f,0f,0.9974997708861636f,0.0706697041316226f,1.6683041088425146f,-1f,7.037283837926783e-18f,-9.93309523826316e-17f,0f,0f,0f,0f,1f], start_interpolation: 0, interpolation_duration: 1 }
$data merge entity $(bone_right_close) { transformation: [-9.957992501029599e-17f,-0.0706697041316226f,0.9974997708861636f,-0.3707599810082365f,0f,0.9974997708861636f,0.0706697041316226f,1.7306478445228997f,-1f,7.037283837926783e-18f,-9.93309523826316e-17f,0f,0f,0f,0f,1f], start_interpolation: 0, interpolation_duration: 1 }
$data merge entity $(bone_left_close) { transformation: [-9.957992501029599e-17f,-0.0706697041316226f,0.9974997708861636f,-0.3707599810082365f,0f,0.9974997708861636f,0.0706697041316226f,1.7306478445228997f,-1f,7.037283837926783e-18f,-9.93309523826316e-17f,0.25f,0f,0f,0f,1f], start_interpolation: 0, interpolation_duration: 1 }
$data merge entity $(bone_left_eyebrow) { transformation: [-9.957992501029599e-17f,-0.0706697041316226f,0.9974997708861636f,-0.3690555821406263f,0f,0.9974997708861636f,0.0706697041316226f,1.7057059333942375f,-1f,7.037283837926783e-18f,-9.93309523826316e-17f,0.25f,0f,0f,0f,1f], start_interpolation: 0, interpolation_duration: 1 }
$data merge entity $(bone_right_eyebrow) { transformation: [-9.957992501029599e-17f,-0.0706697041316226f,0.9974997708861636f,-0.36905558214062634f,0f,0.9974997708861636f,0.0706697041316226f,1.7057059333942375f,-1f,7.037283837926783e-18f,-9.93309523826316e-17f,0f,0f,0f,0f,1f], start_interpolation: 0, interpolation_duration: 1 }
$data merge entity $(bone_talking) { transformation: [-9.957992501029599e-17f,-0.0706697041316226f,0.9974997708861636f,-0.03695702006517829f,0f,0.9974997708861636f,0.0706697041316226f,1.4410134486621056f,-1f,7.037283837926783e-18f,-9.93309523826316e-17f,0.12499999999999999f,0f,0f,0f,1f], start_interpolation: 0, interpolation_duration: 1 }
$data merge entity $(bone_m_opened) { transformation: [-9.957992501029599e-17f,-0.0706697041316226f,0.9974997708861636f,-0.03695702006517829f,0f,0.9974997708861636f,0.0706697041316226f,1.4410134486621056f,-1f,7.037283837926783e-18f,-9.93309523826316e-17f,0.12499999999999999f,0f,0f,0f,1f], start_interpolation: 0, interpolation_duration: 1 }
$data merge entity $(bone_head) { transformation: [-9.957992501029599e-17f,-0.0706697041316226f,0.9974997708861636f,-0.09930075574556352f,0f,0.9974997708861636f,0.0706697041316226f,1.4365965921538792f,-1f,7.037283837926783e-18f,-9.93309523826316e-17f,0.12499999999999999f,0f,0f,0f,1f], start_interpolation: 0, interpolation_duration: 1 }
$data merge entity $(item_display_r_item) { transformation: [-4.3566217192004496e-17f,-0.4369730120897629f,-0.021467107518245286f,-0.1873494320256466f,0f,-0.021467107518245286f,0.4369730120897629f,0.6813665407090729f,-0.4375f,4.3513739775421755e-17f,2.1376929568548268e-18f,-0.1875f,0f,0f,0f,1f], start_interpolation: 0, interpolation_duration: 1 }
$data merge entity $(bone_rightarm) { transformation: [-9.957992501029599e-17f,-0.049067674327418015f,0.9987954562051724f,-0.09316729645463631f,0f,0.9987954562051724f,0.049067674327418015f,1.311747160128233f,-1f,4.886155329953912e-18f,-9.945997662953544e-17f,-0.1875f,0f,0f,0f,1f], start_interpolation: 0, interpolation_duration: 1 }
$data merge entity $(item_display_l_item) { transformation: [-4.3566217192004496e-17f,-0.4369730120897629f,-0.021467107518245286f,-0.18734943202564652f,0f,-0.021467107518245286f,0.4369730120897629f,0.6813665407090729f,-0.4375f,4.3513739775421755e-17f,2.1376929568548268e-18f,0.4375f,0f,0f,0f,1f], start_interpolation: 0, interpolation_duration: 1 }
$data merge entity $(bone_leftarm) { transformation: [-9.957992501029599e-17f,-0.049067674327418015f,0.9987954562051724f,-0.09316729645463624f,0f,0.9987954562051724f,0.049067674327418015f,1.311747160128233f,-1f,4.886155329953912e-18f,-9.945997662953544e-17f,0.4375f,0f,0f,0f,1f], start_interpolation: 0, interpolation_duration: 1 }
$data merge entity $(bone_body) { transformation: [-9.957992501029599e-17f,-0.049067674327418015f,0.9987954562051724f,-0.06250000000000001f,0f,0.9987954562051724f,0.049067674327418015f,0.6875f,-1f,4.886155329953912e-18f,-9.945997662953544e-17f,0.12499999999999999f,0f,0f,0f,1f], start_interpolation: 0, interpolation_duration: 1 }
$data merge entity $(bone_leftleg) { transformation: [-9.957992501029599e-17f,-0.17364817766693033f,0.984807753012208f,-0.0625f,0f,0.984807753012208f,0.17364817766693033f,0.746875f,-1f,1.7291872510247477e-17f,-9.806708219451377e-17f,0.25f,0f,0f,0f,1f], start_interpolation: 0, interpolation_duration: 1 }
$data merge entity $(bone_rightleg) { transformation: [-9.957992501029599e-17f,0f,1f,-0.06250000000000003f,0f,1f,0f,0.75f,-1f,0f,-9.957992501029599e-17f,-1.3877787807814457e-17f,0f,0f,0f,1f], start_interpolation: 0, interpolation_duration: 1 }
data modify entity @s data merge value {"locators":{},"cameras":{"camera":{"posx":6.125,"posy":0.7661911303794436,"posz":1.4330892100465509,"roty":97.67827473437254,"rotx":-13.827343793896329}}}