# This file was generated by Animated Java via MC-Build. It is not recommended to edit this file directly.
$data merge entity $(bone_left_eye) { transformation: [-9.957992501029599e-17f,-0.07014389050806846f,0.9975368838415912f,-0.3905345383777409f,0f,0.9975368838415912f,0.07014389050806846f,1.6684782464647903f,-1f,6.98492335672387e-18f,-9.933464808795e-17f,0.25f,0f,0f,0f,1f], start_interpolation: 0, interpolation_duration: 1 }
$data merge entity $(bone_right_eye) { transformation: [-9.957992501029599e-17f,-0.07014389050806846f,0.9975368838415912f,-0.3905345383777409f,0f,0.9975368838415912f,0.07014389050806846f,1.6684782464647903f,-1f,6.98492335672387e-18f,-9.933464808795e-17f,0f,0f,0f,0f,1f], start_interpolation: 0, interpolation_duration: 1 }
$data merge entity $(bone_right_close) { transformation: [-9.957992501029599e-17f,-0.07014389050806846f,0.9975368838415912f,-0.3949185315344952f,0f,0.9975368838415912f,0.07014389050806846f,1.7308243017048897f,-1f,6.98492335672387e-18f,-9.933464808795e-17f,0f,0f,0f,0f,1f], start_interpolation: 0, interpolation_duration: 1 }
$data merge entity $(bone_left_close) { transformation: [-9.957992501029599e-17f,-0.07014389050806846f,0.9975368838415912f,-0.3949185315344952f,0f,0.9975368838415912f,0.07014389050806846f,1.7308243017048897f,-1f,6.98492335672387e-18f,-9.933464808795e-17f,0.25f,0f,0f,0f,1f], start_interpolation: 0, interpolation_duration: 1 }
$data merge entity $(bone_left_eyebrow) { transformation: [-9.957992501029599e-17f,-0.07014389050806846f,0.9975368838415912f,-0.3932272803270335f,0f,0.9975368838415912f,0.07014389050806846f,1.7058814956156931f,-1f,6.98492335672387e-18f,-9.933464808795e-17f,0.25f,0f,0f,0f,1f], start_interpolation: 0, interpolation_duration: 1 }
$data merge entity $(bone_right_eyebrow) { transformation: [-9.957992501029599e-17f,-0.07014389050806846f,0.9975368838415912f,-0.3932272803270336f,0f,0.9975368838415912f,0.07014389050806846f,1.7058814956156931f,-1f,6.98492335672387e-18f,-9.933464808795e-17f,0f,0f,0f,0f,1f], start_interpolation: 0, interpolation_duration: 1 }
$data merge entity $(bone_talking) { transformation: [-9.957992501029599e-17f,-0.07014389050806846f,0.9975368838415912f,-0.06126828955022651f,0f,0.9975368838415912f,0.07014389050806846f,1.4410139912881637f,-1f,6.98492335672387e-18f,-9.933464808795e-17f,0.12499999999999999f,0f,0f,0f,1f], start_interpolation: 0, interpolation_duration: 1 }
$data merge entity $(bone_m_opened) { transformation: [-9.957992501029599e-17f,-0.07014389050806846f,0.9975368838415912f,-0.06126828955022651f,0f,0.9975368838415912f,0.07014389050806846f,1.4410139912881637f,-1f,6.98492335672387e-18f,-9.933464808795e-17f,0.12499999999999999f,0f,0f,0f,1f], start_interpolation: 0, interpolation_duration: 1 }
$data merge entity $(bone_head) { transformation: [-9.957992501029599e-17f,-0.07014389050806846f,0.9975368838415912f,-0.12361434479032596f,0f,0.9975368838415912f,0.07014389050806846f,1.4366299981314095f,-1f,6.98492335672387e-18f,-9.933464808795e-17f,0.12499999999999999f,0f,0f,0f,1f], start_interpolation: 0, interpolation_duration: 1 }
$data merge entity $(item_display_r_item) { transformation: [-4.3566217192004496e-17f,-0.437427929497292f,-0.007940812031028682f,-0.23123067856588547f,0f,-0.007940812031028682f,0.437427929497292f,0.6846091528664158f,-0.4375f,4.355904041674938e-17f,7.907454665706926e-19f,-0.1875f,0f,0f,0f,1f], start_interpolation: 0, interpolation_duration: 1 }
$data merge entity $(bone_rightarm) { transformation: [-9.957992501029599e-17f,-0.018150427499494352f,0.9998352674223817f,-0.11759528732527173f,0f,0.9998352674223817f,0.018150427499494352f,1.311774998442841f,-1f,1.807418209304462e-18f,-9.956352095257001e-17f,-0.1875f,0f,0f,0f,1f], start_interpolation: 0, interpolation_duration: 1 }
$data merge entity $(item_display_l_item) { transformation: [-4.3566217192004496e-17f,-0.4371162381682505f,-0.0183205985065248f,-0.21631335750687908f,0f,-0.0183205985065248f,0.4371162381682505f,0.6820887729149047f,-0.4375f,4.3528002217577064e-17f,1.82436382542348e-18f,0.4375f,0f,0f,0f,1f], start_interpolation: 0, interpolation_duration: 1 }
$data merge entity $(bone_leftarm) { transformation: [-9.957992501029599e-17f,-0.04187565372919977f,0.9991228300988583f,-0.11759528732527166f,0f,0.9991228300988583f,0.04187565372919977f,1.311774998442841f,-1f,4.169974458110834e-18f,-9.949257649731901e-17f,0.4375f,0f,0f,0f,1f], start_interpolation: 0, interpolation_duration: 1 }
$data merge entity $(bone_body) { transformation: [-9.957992501029599e-17f,-0.048152459720434124f,0.9988399975085459f,-0.08750000000000037f,0f,0.9988399975085459f,0.048152459720434124f,0.6875f,-1f,4.795018328022128e-18f,-9.946441204918523e-17f,0.12499999999999999f,0f,0f,0f,1f], start_interpolation: 0, interpolation_duration: 1 }
$data merge entity $(bone_leftleg) { transformation: [-9.957992501029599e-17f,-0.08715574274765694f,0.9961946980917457f,-0.08750000000000036f,0f,0.9961946980917457f,0.08715574274765694f,0.7475f,-1f,8.678962327028326e-18f,-9.920099333163049e-17f,0.25f,0f,0f,0f,1f], start_interpolation: 0, interpolation_duration: 1 }
$data merge entity $(bone_rightleg) { transformation: [-9.957992501029599e-17f,-0.026176948307873524f,0.9996573249755573f,-0.08587500000000037f,0f,0.9996573249755573f,0.026176948307873524f,0.7439199999999999f,-1f,2.6066985494964398e-18f,-9.954580145705908e-17f,-1.3877787807814457e-17f,0f,0f,0f,1f], start_interpolation: 0, interpolation_duration: 1 }
data modify entity @s data merge value {"locators":{},"cameras":{"camera":{"posx":6.125,"posy":0.767210208150429,"posz":1.429368979871508,"roty":97.6997414453764,"rotx":-14.039469700414056}}}