# This file was generated by Animated Java via MC-Build. It is not recommended to edit this file directly.
$data merge entity $(bone_left_eye) { transformation: [-9.957992501029599e-17f,-0.06861341068174437f,0.9976433229740068f,-0.41364216610278937f,0f,0.9976433229740068f,0.06861341068174437f,1.6689599627947658f,-1f,6.8325182903887466e-18f,-9.934524728877409e-17f,0.25f,0f,0f,0f,1f], start_interpolation: 0, interpolation_duration: 1 }
$data merge entity $(bone_right_eye) { transformation: [-9.957992501029599e-17f,-0.06861341068174437f,0.9976433229740068f,-0.41364216610278937f,0f,0.9976433229740068f,0.06861341068174437f,1.6689599627947658f,-1f,6.8325182903887466e-18f,-9.934524728877409e-17f,0f,0f,0f,0f,1f], start_interpolation: 0, interpolation_duration: 1 }
$data merge entity $(bone_right_close) { transformation: [-9.957992501029599e-17f,-0.06861341068174437f,0.9976433229740068f,-0.41793050427039835f,0f,0.9976433229740068f,0.06861341068174437f,1.7313126704806412f,-1f,6.8325182903887466e-18f,-9.934524728877409e-17f,0f,0f,0f,0f,1f], start_interpolation: 0, interpolation_duration: 1 }
$data merge entity $(bone_left_close) { transformation: [-9.957992501029599e-17f,-0.06861341068174437f,0.9976433229740068f,-0.41793050427039835f,0f,0.9976433229740068f,0.06861341068174437f,1.7313126704806412f,-1f,6.8325182903887466e-18f,-9.934524728877409e-17f,0.25f,0f,0f,0f,1f], start_interpolation: 0, interpolation_duration: 1 }
$data merge entity $(bone_left_eyebrow) { transformation: [-9.957992501029599e-17f,-0.06861341068174437f,0.9976433229740068f,-0.4162775217110406f,0f,0.9976433229740068f,0.06861341068174437f,1.7063672990681236f,-1f,6.8325182903887466e-18f,-9.934524728877409e-17f,0.25f,0f,0f,0f,1f], start_interpolation: 0, interpolation_duration: 1 }
$data merge entity $(bone_right_eyebrow) { transformation: [-9.957992501029599e-17f,-0.06861341068174437f,0.9976433229740068f,-0.41627752171104065f,0f,0.9976433229740068f,0.06861341068174437f,1.7063672990681236f,-1f,6.8325182903887466e-18f,-9.934524728877409e-17f,0f,0f,0f,0f,1f], start_interpolation: 0, interpolation_duration: 1 }
$data merge entity $(bone_talking) { transformation: [-9.957992501029599e-17f,-0.06861341068174437f,0.9976433229740068f,-0.08472527500297614f,0f,0.9976433229740068f,0.06861341068174437f,1.4409908228893094f,-1f,6.8325182903887466e-18f,-9.934524728877409e-17f,0.12499999999999999f,0f,0f,0f,1f], start_interpolation: 0, interpolation_duration: 1 }
$data merge entity $(bone_m_opened) { transformation: [-9.957992501029599e-17f,-0.06861341068174437f,0.9976433229740068f,-0.08472527500297614f,0f,0.9976433229740068f,0.06861341068174437f,1.4409908228893094f,-1f,6.8325182903887466e-18f,-9.934524728877409e-17f,0.12499999999999999f,0f,0f,0f,1f], start_interpolation: 0, interpolation_duration: 1 }
$data merge entity $(bone_head) { transformation: [-9.957992501029599e-17f,-0.06861341068174437f,0.9976433229740068f,-0.14707798268885156f,0f,0.9976433229740068f,0.06861341068174437f,1.4367024847217003f,-1f,6.8325182903887466e-18f,-9.934524728877409e-17f,0.12499999999999999f,0f,0f,0f,1f], start_interpolation: 0, interpolation_duration: 1 }
$data merge entity $(item_display_r_item) { transformation: [-4.3566217192004496e-17f,-0.43747459188086857f,0.004715024779098043f,-0.27304347579585975f,0f,0.004715024779098043f,0.43747459188086857f,0.6882188511846804f,-0.4375f,4.356368705340674e-17f,-4.695218139242702e-19f,-0.1875f,0f,0f,0f,1f], start_interpolation: 0, interpolation_duration: 1 }
$data merge entity $(bone_rightarm) { transformation: [-9.957992501029599e-17f,0.010777199495081019f,0.9999419242991282f,-0.1413149855740431f,0f,0.9999419242991282f,-0.010777199495081019f,1.3118354039347504f,-1f,-1.073192717541167e-18f,-9.957414183635826e-17f,-0.1875f,0f,0f,0f,1f], start_interpolation: 0, interpolation_duration: 1 }
$data merge entity $(item_display_l_item) { transformation: [-4.3566217192004496e-17f,-0.43665457979622335f,-0.0271850683829127f,-0.22723762496880284f,0f,-0.0271850683829127f,0.43665457979622335f,0.6802759846878847f,-0.4375f,4.348203031151023e-17f,2.707087070970215e-18f,0.4375f,0f,0f,0f,1f], start_interpolation: 0, interpolation_duration: 1 }
$data merge entity $(bone_leftarm) { transformation: [-9.957992501029599e-17f,-0.06213729916094354f,0.9980676109627963f,-0.14131498557404304f,0f,0.9980676109627963f,0.06213729916094354f,1.3118354039347504f,-1f,6.1876275907890854e-18f,-9.938749785488052e-17f,0.4375f,0f,0f,0f,1f], start_interpolation: 0, interpolation_duration: 1 }
$data merge entity $(bone_body) { transformation: [-9.957992501029599e-17f,-0.046103976918467765f,0.9989366462956004f,-0.11250000000000072f,0f,0.9989366462956004f,0.046103976918467765f,0.6875f,-1f,4.591030564217437e-18f,-9.947403632815246e-17f,0.12499999999999999f,0f,0f,0f,1f], start_interpolation: 0, interpolation_duration: 1 }
$data merge entity $(bone_leftleg) { transformation: [-9.957992501029599e-17f,2.4802620430283603e-15f,1f,-0.11250000000000071f,0f,1f,-2.4802620430283603e-15f,0.748125f,-1f,-2.4698430825064766e-31f,-9.957992501029599e-17f,0.25f,0f,0f,0f,1f], start_interpolation: 0, interpolation_duration: 1 }
$data merge entity $(bone_rightleg) { transformation: [-9.957992501029599e-17f,-0.05233595624294458f,0.9986295347545738f,-0.11052500000000073f,0f,0.9986295347545738f,0.05233595624294458f,0.741285f,-1f,5.2116105980145534e-18f,-9.944345418392723e-17f,-1.3877787807814457e-17f,0f,0f,0f,1f], start_interpolation: 0, interpolation_duration: 1 }
data modify entity @s data merge value {"locators":{},"cameras":{"camera":{"posx":6.125,"posy":0.7682232000223468,"posz":1.4256826128355164,"roty":97.72058602905905,"rotx":-14.246485183634793}}}