# This file was generated by Animated Java via MC-Build. It is not recommended to edit this file directly.
$data merge entity $(bone_left_eye) { transformation: [-9.957992501029599e-17f,-0.06713249585698122f,0.9977440693885443f,-0.4366952300497794f,0f,0.9977440693885443f,0.06713249585698122f,1.6694275943914845f,-1f,6.685048903192196e-18f,-9.93552796091788e-17f,0.25f,0f,0f,0f,1f], start_interpolation: 0, interpolation_duration: 1 }
$data merge entity $(bone_right_eye) { transformation: [-9.957992501029599e-17f,-0.06713249585698122f,0.9977440693885443f,-0.4366952300497794f,0f,0.9977440693885443f,0.06713249585698122f,1.6694275943914845f,-1f,6.685048903192196e-18f,-9.93552796091788e-17f,0f,0f,0f,0f,1f], start_interpolation: 0, interpolation_duration: 1 }
$data merge entity $(bone_right_close) { transformation: [-9.957992501029599e-17f,-0.06713249585698122f,0.9977440693885443f,-0.4408910110408407f,0f,0.9977440693885443f,0.06713249585698122f,1.7317865987282683f,-1f,6.685048903192196e-18f,-9.93552796091788e-17f,0f,0f,0f,0f,1f], start_interpolation: 0, interpolation_duration: 1 }
$data merge entity $(bone_left_close) { transformation: [-9.957992501029599e-17f,-0.06713249585698122f,0.9977440693885443f,-0.4408910110408407f,0f,0.9977440693885443f,0.06713249585698122f,1.7317865987282683f,-1f,6.685048903192196e-18f,-9.93552796091788e-17f,0.25f,0f,0f,0f,1f], start_interpolation: 0, interpolation_duration: 1 }
$data merge entity $(bone_left_eyebrow) { transformation: [-9.957992501029599e-17f,-0.06713249585698122f,0.9977440693885443f,-0.43927505764875296f,0f,0.9977440693885443f,0.06713249585698122f,1.7068388012125637f,-1f,6.685048903192196e-18f,-9.93552796091788e-17f,0.25f,0f,0f,0f,1f], start_interpolation: 0, interpolation_duration: 1 }
$data merge entity $(bone_right_eyebrow) { transformation: [-9.957992501029599e-17f,-0.06713249585698122f,0.9977440693885443f,-0.439275057648753f,0f,0.9977440693885443f,0.06713249585698122f,1.7068388012125637f,-1f,6.685048903192196e-18f,-9.93552796091788e-17f,0f,0f,0f,0f,1f], start_interpolation: 0, interpolation_duration: 1 }
$data merge entity $(bone_talking) { transformation: [-9.957992501029599e-17f,-0.06713249585698122f,0.9977440693885443f,-0.10811708440161402f,0f,0.9977440693885443f,0.06713249585698122f,1.440970481999655f,-1f,6.685048903192196e-18f,-9.93552796091788e-17f,0.12499999999999999f,0f,0f,0f,1f], start_interpolation: 0, interpolation_duration: 1 }
$data merge entity $(bone_m_opened) { transformation: [-9.957992501029599e-17f,-0.06713249585698122f,0.9977440693885443f,-0.10811708440161402f,0f,0.9977440693885443f,0.06713249585698122f,1.440970481999655f,-1f,6.685048903192196e-18f,-9.93552796091788e-17f,0.12499999999999999f,0f,0f,0f,1f], start_interpolation: 0, interpolation_duration: 1 }
$data merge entity $(bone_head) { transformation: [-9.957992501029599e-17f,-0.06713249585698122f,0.9977440693885443f,-0.17047608873839804f,0f,0.9977440693885443f,0.06713249585698122f,1.4367747010085936f,-1f,6.685048903192196e-18f,-9.93552796091788e-17f,0.12499999999999999f,0f,0f,0f,1f], start_interpolation: 0, interpolation_duration: 1 }
$data merge entity $(item_display_r_item) { transformation: [-4.3566217192004496e-17f,-0.43725437949876567f,0.014658022006718655f,-0.31084992810076734f,0f,0.014658022006718655f,0.43725437949876567f,0.6914344768917964f,-0.4375f,4.3541758320910585e-17f,-1.4596447322283118e-18f,-0.18749999999999997f,0f,0f,0f,1f], start_interpolation: 0, interpolation_duration: 1 }
$data merge entity $(bone_rightarm) { transformation: [-9.957992501029599e-17f,0.03350405030107099f,0.9994385817114644f,-0.16498007394866493f,0f,0.9994385817114644f,-0.03350405030107099f,1.3118955841738278f,-1f,-3.3363308165218334e-18f,-9.952401901922419e-17f,-0.1875f,0f,0f,0f,1f], start_interpolation: 0, interpolation_duration: 1 }
$data merge entity $(item_display_l_item) { transformation: [-4.3566217192004496e-17f,-0.4355583595138475f,-0.041172387076849504f,-0.23060762369997903f,0f,-0.041172387076849504f,0.4355583595138475f,0.6779058171320885f,-0.4375f,4.3372868777996474e-17f,4.0999432176075525e-18f,0.4375f,0f,0f,0f,1f], start_interpolation: 0, interpolation_duration: 1 }
$data merge entity $(bone_leftarm) { transformation: [-9.957992501029599e-17f,-0.09410831331851338f,0.9955619646030801f,-0.16498007394866487f,0f,0.9955619646030801f,0.09410831331851338f,1.3118955841738278f,-1f,9.371298783103e-18f,-9.913798577827766e-17f,0.4375f,0f,0f,0f,1f], start_interpolation: 0, interpolation_duration: 1 }
$data merge entity $(bone_body) { transformation: [-9.957992501029599e-17f,-0.04396811831786495f,0.9990329346781247f,-0.13749999999999932f,0f,0.9990329346781247f,0.04396811831786495f,0.6875f,-1f,4.378341924936813e-18f,-9.948362471806358e-17f,0.12499999999999999f,0f,0f,0f,1f], start_interpolation: 0, interpolation_duration: 1 }
$data merge entity $(bone_leftleg) { transformation: [-9.957992501029599e-17f,0.0871557427476557f,0.9961946980917458f,-0.13749999999999932f,0f,0.9961946980917458f,-0.0871557427476557f,0.74875f,-1f,-8.678962327028203e-18f,-9.92009933316305e-17f,0.25f,0f,0f,0f,1f], start_interpolation: 0, interpolation_duration: 1 }
$data merge entity $(bone_rightleg) { transformation: [-9.957992501029599e-17f,-0.07845909572784421f,0.9969173337331281f,-0.13592499999999932f,0f,0.9969173337331281f,0.07845909572784421f,0.74169f,-1f,7.812950868954361e-18f,-9.927295333460911e-17f,-1.3877787807814457e-17f,0f,0f,0f,1f], start_interpolation: 0, interpolation_duration: 1 }
data modify entity @s data merge value {"locators":{},"cameras":{"camera":{"posx":6.125,"posy":0.7692300792047392,"posz":1.4220313948805658,"roty":97.7406263902358,"rotx":-14.447960082089025}}}