# This file was generated by Animated Java via MC-Build. It is not recommended to edit this file directly.
$data merge entity $(bone_left_eye) { transformation: [-9.957992501029599e-17f,-0.06675573771527271f,0.9977693478365076f,-0.4607246189854839f,0f,0.9977693478365076f,0.06675573771527271f,1.669566432605179f,-1f,6.647531355693843e-18f,-9.935779683513136e-17f,0.25f,0f,0f,0f,1f], start_interpolation: 0, interpolation_duration: 1 }
$data merge entity $(bone_right_eye) { transformation: [-9.957992501029599e-17f,-0.06675573771527271f,0.9977693478365076f,-0.4607246189854839f,0f,0.9977693478365076f,0.06675573771527271f,1.669566432605179f,-1f,6.647531355693843e-18f,-9.935779683513136e-17f,0f,0f,0f,0f,1f], start_interpolation: 0, interpolation_duration: 1 }
$data merge entity $(bone_right_close) { transformation: [-9.957992501029599e-17f,-0.06675573771527271f,0.9977693478365076f,-0.4648968525926884f,0f,0.9977693478365076f,0.06675573771527271f,1.7319270168449608f,-1f,6.647531355693843e-18f,-9.935779683513136e-17f,0f,0f,0f,0f,1f], start_interpolation: 0, interpolation_duration: 1 }
$data merge entity $(bone_left_close) { transformation: [-9.957992501029599e-17f,-0.06675573771527271f,0.9977693478365076f,-0.4648968525926884f,0f,0.9977693478365076f,0.06675573771527271f,1.7319270168449608f,-1f,6.647531355693843e-18f,-9.935779683513136e-17f,0.25f,0f,0f,0f,1f], start_interpolation: 0, interpolation_duration: 1 }
$data merge entity $(bone_left_eyebrow) { transformation: [-9.957992501029599e-17f,-0.06675573771527271f,0.9977693478365076f,-0.46329031973404644f,0f,0.9977693478365076f,0.06675573771527271f,1.706978610915441f,-1f,6.647531355693843e-18f,-9.935779683513136e-17f,0.25f,0f,0f,0f,1f], start_interpolation: 0, interpolation_duration: 1 }
$data merge entity $(bone_right_eyebrow) { transformation: [-9.957992501029599e-17f,-0.06675573771527271f,0.9977693478365076f,-0.46329031973404644f,0f,0.9977693478365076f,0.06675573771527271f,1.706978610915441f,-1f,6.647531355693843e-18f,-9.935779683513136e-17f,0f,0f,0f,0f,1f], start_interpolation: 0, interpolation_duration: 1 }
$data merge entity $(bone_talking) { transformation: [-9.957992501029599e-17f,-0.06675573771527271f,0.9977693478365076f,-0.13223276335775713f,0f,0.9977693478365076f,0.06675573771527271f,1.4409852636820748f,-1f,6.647531355693843e-18f,-9.935779683513136e-17f,0.12499999999999999f,0f,0f,0f,1f], start_interpolation: 0, interpolation_duration: 1 }
$data merge entity $(bone_m_opened) { transformation: [-9.957992501029599e-17f,-0.06675573771527271f,0.9977693478365076f,-0.13223276335775713f,0f,0.9977693478365076f,0.06675573771527271f,1.4409852636820748f,-1f,6.647531355693843e-18f,-9.935779683513136e-17f,0.12499999999999999f,0f,0f,0f,1f], start_interpolation: 0, interpolation_duration: 1 }
$data merge entity $(bone_head) { transformation: [-9.957992501029599e-17f,-0.06675573771527271f,0.9977693478365076f,-0.19459334759753885f,0f,0.9977693478365076f,0.06675573771527271f,1.4368130300748703f,-1f,6.647531355693843e-18f,-9.935779683513136e-17f,0.12499999999999999f,0f,0f,0f,1f], start_interpolation: 0, interpolation_duration: 1 }
$data merge entity $(item_display_r_item) { transformation: [-4.3566217192004496e-17f,-0.43704004839922694f,0.02005607377333292f,-0.34276457555010836f,0f,0.02005607377333292f,0.43704004839922694f,0.693314905570163f,-0.4375f,4.352041524609115e-17f,-1.9971823223494564e-18f,-0.18749999999999997f,0f,0f,0f,1f], start_interpolation: 0, interpolation_duration: 1 }
$data merge entity $(bone_rightarm) { transformation: [-9.957992501029599e-17f,0.04584245433904645f,0.9989486820553759f,-0.18924445633128234f,0f,0.9989486820553759f,-0.04584245433904645f,1.311927525062392f,-1f,-4.564988165370164e-18f,-9.947523484820834e-17f,-0.1875f,0f,0f,0f,1f], start_interpolation: 0, interpolation_duration: 1 }
$data merge entity $(item_display_l_item) { transformation: [-4.3566217192004496e-17f,-0.4342272988613174f,-0.053412572710964924f,-0.23700572356170865f,0f,-0.053412572710964924f,0.4342272988613174f,0.6763420773430915f,-0.4375f,4.3240321858033375e-17f,5.31881998516487e-18f,0.4375f,0f,0f,0f,1f], start_interpolation: 0, interpolation_duration: 1 }
$data merge entity $(bone_leftarm) { transformation: [-9.957992501029599e-17f,-0.12208588048220577f,0.9925195402544398f,-0.18924445633128228f,0f,0.9925195402544398f,0.12208588048220577f,1.311927525062392f,-1f,1.2157302823234009e-17f,-9.883502138979057e-17f,0.4375f,0f,0f,0f,1f], start_interpolation: 0, interpolation_duration: 1 }
$data merge entity $(bone_body) { transformation: [-9.957992501029599e-17f,-0.04279113013005223f,0.9990840400998271f,-0.16249999999999967f,0f,0.9990840400998271f,0.04279113013005223f,0.6875f,-1f,4.261137529456418e-18f,-9.948871379212433e-17f,0.12499999999999999f,0f,0f,0f,1f], start_interpolation: 0, interpolation_duration: 1 }
$data merge entity $(bone_leftleg) { transformation: [-9.957992501029599e-17f,0.17364817766692908f,0.9848077530122082f,-0.16249999999999967f,0f,0.9848077530122082f,-0.17364817766692908f,0.749375f,-1f,-1.729187251024735e-17f,-9.806708219451379e-17f,0.25f,0f,0f,0f,1f], start_interpolation: 0, interpolation_duration: 1 }
$data merge entity $(bone_rightleg) { transformation: [-9.957992501029599e-17f,-0.1045284632676531f,0.9945218953682734f,-0.16154999999999967f,0f,0.9945218953682734f,0.1045284632676531f,0.7447299999999999f,-1f,1.0408936533634374e-17f,-9.90344157618701e-17f,-1.3877787807814457e-17f,0f,0f,0f,1f], start_interpolation: 0, interpolation_duration: 1 }
data modify entity @s data merge value {"locators":{},"cameras":{"camera":{"posx":6.125,"posy":0.7702308189071478,"posz":1.418416611948645,"roty":97.75968174491383,"rotx":-14.643464073887891}}}