# This file was generated by Animated Java via MC-Build. It is not recommended to edit this file directly.
$data merge entity $(bone_left_eye) { transformation: [-9.957992501029599e-17f,-0.06853766758482212f,0.9976485293539166f,-0.4867610897586867f,0f,0.9976485293539166f,0.06853766758482212f,1.669063881628667f,-1f,6.8249757984771814e-18f,-9.934576573969509e-17f,0.25f,0f,0f,0f,1f], start_interpolation: 0, interpolation_duration: 1 }
$data merge entity $(bone_right_eye) { transformation: [-9.957992501029599e-17f,-0.06853766758482212f,0.9976485293539166f,-0.4867610897586867f,0f,0.9976485293539166f,0.06853766758482212f,1.669063881628667f,-1f,6.8249757984771814e-18f,-9.934576573969509e-17f,0f,0f,0f,0f,1f], start_interpolation: 0, interpolation_duration: 1 }
$data merge entity $(bone_right_close) { transformation: [-9.957992501029599e-17f,-0.06853766758482212f,0.9976485293539166f,-0.4910446939827381f,0f,0.9976485293539166f,0.06853766758482212f,1.7314169147132867f,-1f,6.8249757984771814e-18f,-9.934576573969509e-17f,0f,0f,0f,0f,1f], start_interpolation: 0, interpolation_duration: 1 }
$data merge entity $(bone_left_close) { transformation: [-9.957992501029599e-17f,-0.06853766758482212f,0.9976485293539166f,-0.4910446939827381f,0f,0.9976485293539166f,0.06853766758482212f,1.7314169147132867f,-1f,6.8249757984771814e-18f,-9.934576573969509e-17f,0.25f,0f,0f,0f,1f], start_interpolation: 0, interpolation_duration: 1 }
$data merge entity $(bone_left_eyebrow) { transformation: [-9.957992501029599e-17f,-0.06853766758482212f,0.9976485293539166f,-0.48939360532620213f,0f,0.9976485293539166f,0.06853766758482212f,1.7064714178752147f,-1f,6.8249757984771814e-18f,-9.934576573969509e-17f,0.25f,0f,0f,0f,1f], start_interpolation: 0, interpolation_duration: 1 }
$data merge entity $(bone_right_eyebrow) { transformation: [-9.957992501029599e-17f,-0.06853766758482212f,0.9976485293539166f,-0.4893936053262022f,0f,0.9976485293539166f,0.06853766758482212f,1.7064714178752147f,-1f,6.8249757984771814e-18f,-9.934576573969509e-17f,0f,0f,0f,0f,1f], start_interpolation: 0, interpolation_duration: 1 }
$data merge entity $(bone_talking) { transformation: [-9.957992501029599e-17f,-0.06853766758482212f,0.9976485293539166f,-0.15786150743938224f,0f,0.9976485293539166f,0.06853766758482212f,1.4410697704104445f,-1f,6.8249757984771814e-18f,-9.934576573969509e-17f,0.12499999999999997f,0f,0f,0f,1f], start_interpolation: 0, interpolation_duration: 1 }
$data merge entity $(bone_m_opened) { transformation: [-9.957992501029599e-17f,-0.06853766758482212f,0.9976485293539166f,-0.15786150743938224f,0f,0.9976485293539166f,0.06853766758482212f,1.4410697704104445f,-1f,6.8249757984771814e-18f,-9.934576573969509e-17f,0.12499999999999997f,0f,0f,0f,1f], start_interpolation: 0, interpolation_duration: 1 }
$data merge entity $(bone_head) { transformation: [-9.957992501029599e-17f,-0.06853766758482212f,0.9976485293539166f,-0.22021454052400202f,0f,0.9976485293539166f,0.06853766758482212f,1.4367861661863932f,-1f,6.8249757984771814e-18f,-9.934576573969509e-17f,0.12499999999999997f,0f,0f,0f,1f], start_interpolation: 0, interpolation_duration: 1 }
$data merge entity $(item_display_r_item) { transformation: [-4.3566217192004496e-17f,-0.4370835969420628f,0.019083481972334605f,-0.3669052619044023f,0f,0.019083481972334605f,0.4370835969420628f,0.692952423420667f,-0.4375f,4.352475180672105e-17f,-1.900331703740415e-18f,-0.1875f,0f,0f,0f,1f], start_interpolation: 0, interpolation_duration: 1 }
$data merge entity $(bone_rightarm) { transformation: [-9.957992501029599e-17f,0.043619387365336014f,0.9990482215818578f,-0.21476211710333507f,0f,0.9990482215818578f,-0.043619387365336014f,1.311905138488661f,-1f,-4.343615322835213e-18f,-9.948514698679097e-17f,-0.18750000000000003f,0f,0f,0f,1f], start_interpolation: 0, interpolation_duration: 1 }
$data merge entity $(item_display_l_item) { transformation: [-4.3566217192004496e-17f,-0.43375712685104206f,-0.05710520909627248f,-0.257113854637529f,0f,-0.05710520909627248f,0.43375712685104206f,0.6759363261025231f,-0.4375f,4.3193502164508215e-17f,5.686532439504086e-18f,0.4375f,0f,0f,0f,1f], start_interpolation: 0, interpolation_duration: 1 }
$data merge entity $(bone_leftarm) { transformation: [-9.957992501029599e-17f,-0.1305261922200516f,0.9914448613738104f,-0.21476211710333498f,0f,0.9914448613738104f,0.1305261922200516f,1.311905138488661f,-1f,1.2997788433152219e-17f,-9.872800494744735e-17f,0.4375f,0f,0f,0f,1f], start_interpolation: 0, interpolation_duration: 1 }
$data merge entity $(bone_body) { transformation: [-9.957992501029599e-17f,-0.043619387365336f,0.9990482215818578f,-0.18750000000000003f,0f,0.9990482215818578f,0.043619387365336f,0.6875f,-1f,4.343615322835211e-18f,-9.948514698679097e-17f,0.12499999999999997f,0f,0f,0f,1f], start_interpolation: 0, interpolation_duration: 1 }
$data merge entity $(bone_leftleg) { transformation: [-9.957992501029599e-17f,0.25881904510252074f,0.9659258262890683f,-0.18750000000000003f,0f,0.9659258262890683f,-0.25881904510252074f,0.75f,-1f,-2.577318110254543e-17f,-9.618682134737361e-17f,0.24999999999999997f,0f,0f,0f,1f], start_interpolation: 0, interpolation_duration: 1 }
$data merge entity $(bone_rightleg) { transformation: [-9.957992501029599e-17f,-0.13052619222005157f,0.9914448613738104f,-0.18687500000000004f,0f,0.9914448613738104f,0.13052619222005157f,0.75f,-1f,1.2997788433152216e-17f,-9.872800494744734e-17f,-2.7755575615628914e-17f,0f,0f,0f,1f], start_interpolation: 0, interpolation_duration: 1 }
data modify entity @s data merge value {"locators":{},"cameras":{"camera":{"posx":6.125,"posy":0.7712253923391149,"posz":1.414839549981744,"roty":97.77757254490885,"rotx":-14.832566689788814}}}