# This file was generated by Animated Java via MC-Build. It is not recommended to edit this file directly.
$data merge entity $(bone_left_eye) { transformation: [-9.957992501029599e-17f,-0.07937497163127977f,0.9968448293884729f,-0.5142694907789405f,0f,0.9968448293884729f,0.07937497163127977f,1.6682280606050088f,-1f,7.904153722737211e-18f,-9.926573335740544e-17f,0.25f,0f,0f,0f,1f], start_interpolation: 0, interpolation_duration: 1 }
$data merge entity $(bone_right_eye) { transformation: [-9.957992501029599e-17f,-0.07937497163127977f,0.9968448293884729f,-0.5142694907789405f,0f,0.9968448293884729f,0.07937497163127977f,1.6682280606050088f,-1f,7.904153722737211e-18f,-9.926573335740544e-17f,0f,0f,0f,0f,1f], start_interpolation: 0, interpolation_duration: 1 }
$data merge entity $(bone_right_close) { transformation: [-9.957992501029599e-17f,-0.07937497163127977f,0.9968448293884729f,-0.5192304265058956f,0f,0.9968448293884729f,0.07937497163127977f,1.7305308624417886f,-1f,7.904153722737211e-18f,-9.926573335740544e-17f,0f,0f,0f,0f,1f], start_interpolation: 0, interpolation_duration: 1 }
$data merge entity $(bone_left_close) { transformation: [-9.957992501029599e-17f,-0.07937497163127977f,0.9968448293884729f,-0.5192304265058956f,0f,0.9968448293884729f,0.07937497163127977f,1.7305308624417886f,-1f,7.904153722737211e-18f,-9.926573335740544e-17f,0.25f,0f,0f,0f,1f], start_interpolation: 0, interpolation_duration: 1 }
$data merge entity $(bone_left_eyebrow) { transformation: [-9.957992501029599e-17f,-0.07937497163127977f,0.9968448293884729f,-0.5173083550169504f,0f,0.9968448293884729f,0.07937497163127977f,1.70560478077135f,-1f,7.904153722737211e-18f,-9.926573335740544e-17f,0.25f,0f,0f,0f,1f], start_interpolation: 0, interpolation_duration: 1 }
$data merge entity $(bone_right_eyebrow) { transformation: [-9.957992501029599e-17f,-0.07937497163127977f,0.9968448293884729f,-0.5173083550169504f,0f,0.9968448293884729f,0.07937497163127977f,1.70560478077135f,-1f,7.904153722737211e-18f,-9.926573335740544e-17f,0f,0f,0f,0f,1f], start_interpolation: 0, interpolation_duration: 1 }
$data merge entity $(bone_talking) { transformation: [-9.957992501029599e-17f,-0.07937497163127977f,0.9968448293884729f,-0.18291173868722282f,0f,0.9968448293884729f,0.07937497163127977f,1.4438215318926655f,-1f,7.904153722737211e-18f,-9.926573335740544e-17f,0.12499999999999997f,0f,0f,0f,1f], start_interpolation: 0, interpolation_duration: 1 }
$data merge entity $(bone_m_opened) { transformation: [-9.957992501029599e-17f,-0.07937497163127977f,0.9968448293884729f,-0.18291173868722282f,0f,0.9968448293884729f,0.07937497163127977f,1.4438215318926655f,-1f,7.904153722737211e-18f,-9.926573335740544e-17f,0.12499999999999997f,0f,0f,0f,1f], start_interpolation: 0, interpolation_duration: 1 }
$data merge entity $(bone_head) { transformation: [-9.957992501029599e-17f,-0.07937497163127977f,0.9968448293884729f,-0.24521454052400238f,0f,0.9968448293884729f,0.07937497163127977f,1.4388605961657106f,-1f,7.904153722737211e-18f,-9.926573335740544e-17f,0.12499999999999997f,0f,0f,0f,1f], start_interpolation: 0, interpolation_duration: 1 }
$data merge entity $(item_display_r_item) { transformation: [-4.3566217192004496e-17f,-0.43716944219256804f,0.017003788196720868f,-0.3889587980108131f,0f,0.017003788196720868f,0.43716944219256804f,0.6943100191062299f,-0.4375f,4.353330027032885e-17f,-1.6932359535204204e-18f,-0.1875f,0f,0f,0f,1f], start_interpolation: 0, interpolation_duration: 1 }
$data merge entity $(bone_rightarm) { transformation: [-9.957992501029599e-17f,0.03886580159250462f,0.9992444392972983f,-0.23976211710333542f,0f,0.9992444392972983f,-0.03886580159250462f,1.3139795684679783f,-1f,-3.870253608046653e-18f,-9.950468633218023e-17f,-0.18750000000000003f,0f,0f,0f,1f], start_interpolation: 0, interpolation_duration: 1 }
$data merge entity $(item_display_l_item) { transformation: [-4.3566217192004496e-17f,-0.43402390269015306f,-0.05504091108992081f,-0.2851390734577778f,0f,-0.05504091108992081f,0.43402390269015306f,0.6782194471706394f,-0.4375f,4.322006768256144e-17f,5.480969798832684e-18f,0.4375f,0f,0f,0f,1f], start_interpolation: 0, interpolation_duration: 1 }
$data merge entity $(bone_leftarm) { transformation: [-9.957992501029599e-17f,-0.12580779677696208f,0.9920546347203498f,-0.23976211710333534f,0f,0.9920546347203498f,0.12580779677696208f,1.3139795684679783f,-1f,1.2527930968760442e-17f,-9.878872613156901e-17f,0.4375f,0f,0f,0f,1f], start_interpolation: 0, interpolation_duration: 1 }
$data merge entity $(bone_body) { transformation: [-9.957992501029599e-17f,-0.043619387365336f,0.9990482215818578f,-0.21250000000000038f,0f,0.9990482215818578f,0.043619387365336f,0.6895744299793172f,-1f,4.343615322835211e-18f,-9.948514698679097e-17f,0.12499999999999997f,0f,0f,0f,1f], start_interpolation: 0, interpolation_duration: 1 }
$data merge entity $(bone_leftleg) { transformation: [-9.957992501029599e-17f,0.2249510543438645f,0.9743700647852354f,-0.21250000000000038f,0f,0.9743700647852354f,-0.2249510543438645f,0.7519194444444445f,-1f,-2.2400609122549043e-17f,-9.702769798359098e-17f,0.24999999999999997f,0f,0f,0f,1f], start_interpolation: 0, interpolation_duration: 1 }
$data merge entity $(bone_rightleg) { transformation: [-9.957992501029599e-17f,-0.11774923417863846f,0.9930433615156713f,-0.2119300000000004f,0f,0.9930433615156713f,0.11774923417863846f,0.7595000000000002f,-1f,1.1725459909528599e-17f,-9.88871834717028e-17f,-2.7755575615628914e-17f,0f,0f,0f,1f], start_interpolation: 0, interpolation_duration: 1 }
data modify entity @s data merge value {"locators":{},"cameras":{"camera":{"posx":6.125,"posy":0.7722137727101821,"posz":1.4113014949218516,"roty":97.79412038822596,"rotx":-15.014837327930628}}}