# This file was generated by Animated Java via MC-Build. It is not recommended to edit this file directly.
$data merge entity $(bone_left_eye) { transformation: [-9.957992501029599e-17f,-0.09605978493624157f,0.9953755661648538f,-0.5430733782992766f,0f,0.9953755661648538f,0.09605978493624157f,1.670023576904792f,-1f,9.565626180456096e-18f,-9.911942423577706e-17f,0.25f,0f,0f,0f,1f], start_interpolation: 0, interpolation_duration: 1 }
$data merge entity $(bone_right_eye) { transformation: [-9.957992501029599e-17f,-0.09605978493624157f,0.9953755661648538f,-0.5430733782992766f,0f,0.9953755661648538f,0.09605978493624157f,1.670023576904792f,-1f,9.565626180456096e-18f,-9.911942423577706e-17f,0f,0f,0f,0f,1f], start_interpolation: 0, interpolation_duration: 1 }
$data merge entity $(bone_right_close) { transformation: [-9.957992501029599e-17f,-0.09605978493624157f,0.9953755661648538f,-0.5490771148577916f,0f,0.9953755661648538f,0.09605978493624157f,1.7322345497900953f,-1f,9.565626180456096e-18f,-9.911942423577706e-17f,0f,0f,0f,0f,1f], start_interpolation: 0, interpolation_duration: 1 }
$data merge entity $(bone_left_close) { transformation: [-9.957992501029599e-17f,-0.09605978493624157f,0.9953755661648538f,-0.5490771148577916f,0f,0.9953755661648538f,0.09605978493624157f,1.7322345497900953f,-1f,9.565626180456096e-18f,-9.911942423577706e-17f,0.25f,0f,0f,0f,1f], start_interpolation: 0, interpolation_duration: 1 }
$data merge entity $(bone_left_eyebrow) { transformation: [-9.957992501029599e-17f,-0.09605978493624157f,0.9953755661648538f,-0.5467378312072709f,0f,0.9953755661648538f,0.09605978493624157f,1.7073441568994154f,-1f,9.565626180456096e-18f,-9.911942423577706e-17f,0.25f,0f,0f,0f,1f], start_interpolation: 0, interpolation_duration: 1 }
$data merge entity $(bone_right_eyebrow) { transformation: [-9.957992501029599e-17f,-0.09605978493624157f,0.9953755661648538f,-0.5467378312072709f,0f,0.9953755661648538f,0.09605978493624157f,1.7073441568994154f,-1f,9.565626180456096e-18f,-9.911942423577706e-17f,0f,0f,0f,0f,1f], start_interpolation: 0, interpolation_duration: 1 }
$data merge entity $(bone_talking) { transformation: [-9.957992501029599e-17f,-0.09605978493624157f,0.9953755661648538f,-0.20800356763869937f,0f,0.9953755661648538f,0.09605978493624157f,1.451198368156154f,-1f,9.565626180456096e-18f,-9.911942423577706e-17f,0.12499999999999997f,0f,0f,0f,1f], start_interpolation: 0, interpolation_duration: 1 }
$data merge entity $(bone_m_opened) { transformation: [-9.957992501029599e-17f,-0.09605978493624157f,0.9953755661648538f,-0.20800356763869937f,0f,0.9953755661648538f,0.09605978493624157f,1.451198368156154f,-1f,9.565626180456096e-18f,-9.911942423577706e-17f,0.12499999999999997f,0f,0f,0f,1f], start_interpolation: 0, interpolation_duration: 1 }
$data merge entity $(bone_head) { transformation: [-9.957992501029599e-17f,-0.09605978493624157f,0.9953755661648538f,-0.27021454052400273f,0f,0.9953755661648538f,0.09605978493624157f,1.445194631597639f,-1f,9.565626180456096e-18f,-9.911942423577706e-17f,0.12499999999999997f,0f,0f,0f,1f], start_interpolation: 0, interpolation_duration: 1 }
$data merge entity $(item_display_r_item) { transformation: [-4.3566217192004496e-17f,-0.43729273796538765f,0.01346518929442964f,-0.40893888408548873f,0f,0.01346518929442964f,0.43729273796538765f,0.699456889462047f,-0.4375f,4.354557805414032e-17f,-1.3408625401887445e-18f,-0.1875f,0f,0f,0f,1f], start_interpolation: 0, interpolation_duration: 1 }
$data merge entity $(bone_rightarm) { transformation: [-9.957992501029599e-17f,0.030777575530124668f,0.9995262582066003f,-0.26476211710333575f,0f,0.9995262582066003f,-0.030777575530124668f,1.3203136038999066f,-1f,-3.0648286632885367e-18f,-9.953274983803501e-17f,-0.18750000000000003f,0f,0f,0f,1f], start_interpolation: 0, interpolation_duration: 1 }
$data merge entity $(item_display_l_item) { transformation: [-4.3566217192004496e-17f,-0.43445513850094836f,-0.05152652355944277f,-0.31528283730440254f,0f,-0.05152652355944277f,0.43445513850094836f,0.6849415421672824f,-0.4375f,4.32630101122622e-17f,5.131007352090562e-18f,0.4375f,0f,0f,0f,1f], start_interpolation: 0, interpolation_duration: 1 }
$data merge entity $(bone_leftarm) { transformation: [-9.957992501029599e-17f,-0.11777491099301227f,0.9930403165735963f,-0.2647621171033357f,0f,0.9930403165735963f,0.11777491099301227f,1.3203136038999066f,-1f,1.1728016804778448e-17f,-9.88868802565993e-17f,0.4375f,0f,0f,0f,1f], start_interpolation: 0, interpolation_duration: 1 }
$data merge entity $(bone_body) { transformation: [-9.957992501029599e-17f,-0.043619387365336f,0.9990482215818578f,-0.23750000000000074f,0f,0.9990482215818578f,0.043619387365336f,0.6959084654112455f,-1f,4.343615322835211e-18f,-9.948514698679097e-17f,0.12499999999999997f,0f,0f,0f,1f], start_interpolation: 0, interpolation_duration: 1 }
$data merge entity $(bone_leftleg) { transformation: [-9.957992501029599e-17f,0.1908089953765438f,0.9816271834476642f,-0.23750000000000074f,0f,0.9816271834476642f,-0.1908089953765438f,0.7543000000000001f,-1f,-1.9000745450886145e-17f,-9.775036131578646e-17f,0.24999999999999997f,0f,0f,0f,1f], start_interpolation: 0, interpolation_duration: 1 }
$data merge entity $(bone_rightleg) { transformation: [-9.957992501029599e-17f,-0.09754429969701618f,0.9952311839952659f,-0.23706500000000075f,0f,0.9952311839952659f,0.09754429969701618f,0.7735000000000004f,-1f,9.713454049010709e-18f,-9.910504667015666e-17f,-2.7755575615628914e-17f,0f,0f,0f,1f], start_interpolation: 0, interpolation_duration: 1 }
data modify entity @s data merge value {"locators":{},"cameras":{"camera":{"posx":6.125,"posy":0.7731959332298912,"posz":1.407803732710957,"roty":97.80914791484862,"rotx":-15.18984527025178}}}