# This file was generated by Animated Java via MC-Build. It is not recommended to edit this file directly.
$data merge entity $(bone_left_eye) { transformation: [-9.957992501029599e-17f,-0.1135097990257315f,0.9935368767817017f,-0.5719762094758596f,0f,0.9935368767817017f,0.1135097990257315f,1.6754129782655132f,-1f,1.130329727491611e-17f,-9.893632768488553e-17f,0.25f,0f,0f,0f,1f], start_interpolation: 0, interpolation_duration: 1 }
$data merge entity $(bone_right_eye) { transformation: [-9.957992501029599e-17f,-0.1135097990257315f,0.9935368767817017f,-0.5719762094758596f,0f,0.9935368767817017f,0.1135097990257315f,1.6754129782655132f,-1f,1.130329727491611e-17f,-9.893632768488553e-17f,0f,0f,0f,0f,1f], start_interpolation: 0, interpolation_duration: 1 }
$data merge entity $(bone_right_close) { transformation: [-9.957992501029599e-17f,-0.1135097990257315f,0.9935368767817017f,-0.5790705719149678f,0f,0.9935368767817017f,0.1135097990257315f,1.7375090330643694f,-1f,1.130329727491611e-17f,-9.893632768488553e-17f,0f,0f,0f,0f,1f], start_interpolation: 0, interpolation_duration: 1 }
$data merge entity $(bone_left_close) { transformation: [-9.957992501029599e-17f,-0.1135097990257315f,0.9935368767817017f,-0.5790705719149678f,0f,0.9935368767817017f,0.1135097990257315f,1.7375090330643694f,-1f,1.130329727491611e-17f,-9.893632768488553e-17f,0.25f,0f,0f,0f,1f], start_interpolation: 0, interpolation_duration: 1 }
$data merge entity $(bone_left_eyebrow) { transformation: [-9.957992501029599e-17f,-0.1135097990257315f,0.9935368767817017f,-0.5762949229941234f,0f,0.9935368767817017f,0.1135097990257315f,1.7126635167823878f,-1f,1.130329727491611e-17f,-9.893632768488553e-17f,0.25f,0f,0f,0f,1f], start_interpolation: 0, interpolation_duration: 1 }
$data merge entity $(bone_right_eyebrow) { transformation: [-9.957992501029599e-17f,-0.1135097990257315f,0.9935368767817017f,-0.5762949229941234f,0f,0.9935368767817017f,0.1135097990257315f,1.7126635167823878f,-1f,1.130329727491611e-17f,-9.893632768488553e-17f,0f,0f,0f,0f,1f], start_interpolation: 0, interpolation_duration: 1 }
$data merge entity $(bone_talking) { transformation: [-9.957992501029599e-17f,-0.1135097990257315f,0.9935368767817017f,-0.23311848572514496f,0f,0.9935368767817017f,0.1135097990257315f,1.4625005712656287f,-1f,1.130329727491611e-17f,-9.893632768488553e-17f,0.12499999999999997f,0f,0f,0f,1f], start_interpolation: 0, interpolation_duration: 1 }
$data merge entity $(bone_m_opened) { transformation: [-9.957992501029599e-17f,-0.1135097990257315f,0.9935368767817017f,-0.23311848572514496f,0f,0.9935368767817017f,0.1135097990257315f,1.4625005712656287f,-1f,1.130329727491611e-17f,-9.893632768488553e-17f,0.12499999999999997f,0f,0f,0f,1f], start_interpolation: 0, interpolation_duration: 1 }
$data merge entity $(bone_head) { transformation: [-9.957992501029599e-17f,-0.1135097990257315f,0.9935368767817017f,-0.2952145405240013f,0f,0.9935368767817017f,0.1135097990257315f,1.4554062088265205f,-1f,1.130329727491611e-17f,-9.893632768488553e-17f,0.12499999999999997f,0f,0f,0f,1f], start_interpolation: 0, interpolation_duration: 1 }
$data merge entity $(item_display_r_item) { transformation: [-4.3566217192004496e-17f,-0.437413403932139f,0.008704255309871713f,-0.4271720258123335f,0f,0.008704255309871713f,0.437413403932139f,0.7081358198856957f,-0.4375f,4.355759396206071e-17f,-8.667690910274957e-19f,-0.18750000000000003f,0f,0f,0f,1f], start_interpolation: 0, interpolation_duration: 1 }
$data merge entity $(bone_rightarm) { transformation: [-9.957992501029599e-17f,0.01989544070827798f,0.9998020661306034f,-0.2897621171033343f,0f,0.9998020661306034f,-0.01989544070827798f,1.3305251811287881f,-1f,-1.981186493777111e-18f,-9.956021477042447e-17f,-0.18750000000000003f,0f,0f,0f,1f], start_interpolation: 0, interpolation_duration: 1 }
$data merge entity $(item_display_l_item) { transformation: [-4.3566217192004496e-17f,-0.43499028803486284f,-0.04679422309801792f,-0.34719616640184076f,0f,-0.04679422309801792f,0.43499028803486284f,0.6957407059081219f,-0.4375f,4.3316300262718693e-17f,4.659765227015686e-18f,0.4375f,0f,0f,0f,1f], start_interpolation: 0, interpolation_duration: 1 }
$data merge entity $(bone_leftarm) { transformation: [-9.957992501029599e-17f,-0.10695822422404119f,0.9942635155082579f,-0.28976211710333427f,0f,0.9942635155082579f,0.10695822422404119f,1.3305251811287881f,-1f,1.0650891947464446e-17f,-9.900868631478558e-17f,0.4375f,0f,0f,0f,1f], start_interpolation: 0, interpolation_duration: 1 }
$data merge entity $(bone_body) { transformation: [-9.957992501029599e-17f,-0.043619387365336f,0.9990482215818578f,-0.2624999999999993f,0f,0.9990482215818578f,0.043619387365336f,0.7061200426401272f,-1f,4.343615322835211e-18f,-9.948514698679097e-17f,0.12499999999999997f,0f,0f,0f,1f], start_interpolation: 0, interpolation_duration: 1 }
$data merge entity $(bone_leftleg) { transformation: [-9.957992501029599e-17f,0.15643446504023187f,0.9876883405951375f,-0.2624999999999993f,0f,0.9876883405951375f,-0.15643446504023187f,0.7570749999999999f,-1f,-1.5577732297732058e-17f,-9.835393089000749e-17f,0.24999999999999997f,0f,0f,0f,1f], start_interpolation: 0, interpolation_duration: 1 }
$data merge entity $(bone_rightleg) { transformation: [-9.957992501029599e-17f,-0.07114926746876768f,0.9974656794790775f,-0.2622349999999993f,0f,0.9974656794790775f,0.07114926746876768f,0.7889999999999996f,-1f,7.085038719077378e-18f,-9.932755756287048e-17f,-2.7755575615628914e-17f,0f,0f,0f,1f], start_interpolation: 0, interpolation_duration: 1 }
data modify entity @s data merge value {"locators":{},"cameras":{"camera":{"posx":6.125,"posy":0.7741718471077843,"posz":1.4043475492910498,"roty":97.82247868766494,"rotx":-15.357159700604814}}}