# This file was generated by Animated Java via MC-Build. It is not recommended to edit this file directly.
$data merge entity $(bone_left_eye) { transformation: [-9.957992501029599e-17f,-0.1266726589996796f,0.9919445737852246f,-0.5998688487202277f,0f,0.9919445737852246f,0.1266726589996796f,1.6843541448827795f,-1f,1.261405388404289e-17f,-9.877776627190269e-17f,0.25f,0f,0f,0f,1f], start_interpolation: 0, interpolation_duration: 1 }
$data merge entity $(bone_right_eye) { transformation: [-9.957992501029599e-17f,-0.1266726589996796f,0.9919445737852246f,-0.5998688487202277f,0f,0.9919445737852246f,0.1266726589996796f,1.6843541448827795f,-1f,1.261405388404289e-17f,-9.877776627190269e-17f,-1.3877787807814457e-17f,0f,0f,0f,1f], start_interpolation: 0, interpolation_duration: 1 }
$data merge entity $(bone_right_close) { transformation: [-9.957992501029599e-17f,-0.1266726589996796f,0.9919445737852246f,-0.6077858899077078f,0f,0.9919445737852246f,0.1266726589996796f,1.746350680744356f,-1f,1.261405388404289e-17f,-9.877776627190269e-17f,-1.3877787807814457e-17f,0f,0f,0f,1f], start_interpolation: 0, interpolation_duration: 1 }
$data merge entity $(bone_left_close) { transformation: [-9.957992501029599e-17f,-0.1266726589996796f,0.9919445737852246f,-0.6077858899077078f,0f,0.9919445737852246f,0.1266726589996796f,1.746350680744356f,-1f,1.261405388404289e-17f,-9.877776627190269e-17f,0.25f,0f,0f,0f,1f], start_interpolation: 0, interpolation_duration: 1 }
$data merge entity $(bone_left_eyebrow) { transformation: [-9.957992501029599e-17f,-0.1266726589996796f,0.9919445737852246f,-0.6046810699685773f,0f,0.9919445737852246f,0.1266726589996796f,1.721544149358538f,-1f,1.261405388404289e-17f,-9.877776627190269e-17f,0.25f,0f,0f,0f,1f], start_interpolation: 0, interpolation_duration: 1 }
$data merge entity $(bone_right_eyebrow) { transformation: [-9.957992501029599e-17f,-0.1266726589996796f,0.9919445737852246f,-0.6046810699685773f,0f,0.9919445737852246f,0.1266726589996796f,1.721544149358538f,-1f,1.261405388404289e-17f,-9.877776627190269e-17f,-1.3877787807814457e-17f,0f,0f,0f,1f], start_interpolation: 0, interpolation_duration: 1 }
$data merge entity $(bone_talking) { transformation: [-9.957992501029599e-17f,-0.1266726589996796f,0.9919445737852246f,-0.2582180046624251f,0f,0.9919445737852246f,0.1266726589996796f,1.4759532073738733f,-1f,1.261405388404289e-17f,-9.877776627190269e-17f,0.12499999999999996f,0f,0f,0f,1f], start_interpolation: 0, interpolation_duration: 1 }
$data merge entity $(bone_m_opened) { transformation: [-9.957992501029599e-17f,-0.1266726589996796f,0.9919445737852246f,-0.2582180046624251f,0f,0.9919445737852246f,0.1266726589996796f,1.4759532073738733f,-1f,1.261405388404289e-17f,-9.877776627190269e-17f,0.12499999999999996f,0f,0f,0f,1f], start_interpolation: 0, interpolation_duration: 1 }
$data merge entity $(bone_head) { transformation: [-9.957992501029599e-17f,-0.1266726589996796f,0.9919445737852246f,-0.32021454052400167f,0f,0.9919445737852246f,0.1266726589996796f,1.4680361661863932f,-1f,1.261405388404289e-17f,-9.877776627190269e-17f,0.12499999999999996f,0f,0f,0f,1f], start_interpolation: 0, interpolation_duration: 1 }
$data merge entity $(item_display_r_item) { transformation: [-4.3566217192004496e-17f,-0.43748999914839826f,0.0029581489371671185f,-0.4439851867702585f,0f,0.0029581489371671185f,0.43748999914839826f,0.7190146108301398f,-0.4375f,4.3565221307951955e-17f,-2.945722493323885e-19f,-0.18750000000000006f,0f,0f,0f,1f], start_interpolation: 0, interpolation_duration: 1 }
$data merge entity $(bone_rightarm) { transformation: [-9.957992501029599e-17f,0.006761483284953192f,0.9999771409106246f,-0.3147621171033347f,0f,0.9999771409106246f,-0.006761483284953192f,1.343155138488661f,-1f,-6.733079984740087e-19f,-9.957764870389018e-17f,-0.18750000000000006f,0f,0f,0f,1f], start_interpolation: 0, interpolation_duration: 1 }
$data merge entity $(item_display_l_item) { transformation: [-4.3566217192004496e-17f,-0.4355673979520197f,-0.04107665810782241f,-0.38052900493559383f,0f,-0.04107665810782241f,0.4355673979520197f,0.709179810526398f,-0.4375f,4.337376882499187e-17f,4.090410534050523e-18f,0.43749999999999994f,0f,0f,0f,1f], start_interpolation: 0, interpolation_duration: 1 }
$data merge entity $(bone_leftarm) { transformation: [-9.957992501029599e-17f,-0.09388950424645146f,0.9955826238903307f,-0.3147621171033346f,0f,0.9955826238903307f,0.09388950424645146f,1.343155138488661f,-1f,9.349509792115503e-18f,-9.914004302855284e-17f,0.43749999999999994f,0f,0f,0f,1f], start_interpolation: 0, interpolation_duration: 1 }
$data merge entity $(bone_body) { transformation: [-9.957992501029599e-17f,-0.043619387365336f,0.9990482215818578f,-0.28749999999999964f,0f,0.9990482215818578f,0.043619387365336f,0.71875f,-1f,4.343615322835211e-18f,-9.948514698679097e-17f,0.12499999999999996f,0f,0f,0f,1f], start_interpolation: 0, interpolation_duration: 1 }
$data merge entity $(bone_leftleg) { transformation: [-9.957992501029599e-17f,0.12186934340514798f,0.992546151641322f,-0.28749999999999964f,0f,0.992546151641322f,-0.12186934340514798f,0.7601777777777777f,-1f,-1.2135740077338646e-17f,-9.883767134970071e-17f,0.24999999999999994f,0f,0f,0f,1f], start_interpolation: 0, interpolation_duration: 1 }
$data merge entity $(bone_rightleg) { transformation: [-9.957992501029599e-17f,-0.03982175981349055f,0.9992067991388753f,-0.2873949999999997f,0f,0.9992067991388753f,0.03982175981349055f,0.8029999999999998f,-1f,3.965447856005407e-18f,-9.950093812802709e-17f,-4.163336342344337e-17f,0f,0f,0f,1f], start_interpolation: 0, interpolation_duration: 1 }
data modify entity @s data merge value {"locators":{},"cameras":{"camera":{"posx":6.125,"posy":0.7751414875534032,"posz":1.40093423060412,"roty":97.83393705835918,"rotx":-15.516349724568123}}}