# This file was generated by Animated Java via MC-Build. It is not recommended to edit this file directly.
$data merge entity $(bone_left_eye) { transformation: [-9.957992501029599e-17f,-0.1305261922200516f,0.9914448613738104f,-0.6257073039224675f,0f,0.9914448613738104f,0.1305261922200516f,1.6958957908347057f,-1f,1.2997788433152219e-17f,-9.872800494744735e-17f,0.25f,0f,0f,0f,1f], start_interpolation: 0, interpolation_duration: 1 }
$data merge entity $(bone_right_eye) { transformation: [-9.957992501029599e-17f,-0.1305261922200516f,0.9914448613738104f,-0.6257073039224675f,0f,0.9914448613738104f,0.1305261922200516f,1.6958957908347057f,-1f,1.2997788433152219e-17f,-9.872800494744735e-17f,-1.3877787807814457e-17f,0f,0f,0f,1f], start_interpolation: 0, interpolation_duration: 1 }
$data merge entity $(bone_right_close) { transformation: [-9.957992501029599e-17f,-0.1305261922200516f,0.9914448613738104f,-0.6338651909362207f,0f,0.9914448613738104f,0.1305261922200516f,1.7578610946705688f,-1f,1.2997788433152219e-17f,-9.872800494744735e-17f,-1.3877787807814457e-17f,0f,0f,0f,1f], start_interpolation: 0, interpolation_duration: 1 }
$data merge entity $(bone_left_close) { transformation: [-9.957992501029599e-17f,-0.1305261922200516f,0.9914448613738104f,-0.6338651909362207f,0f,0.9914448613738104f,0.1305261922200516f,1.7578610946705688f,-1f,1.2997788433152219e-17f,-9.872800494744735e-17f,0.25f,0f,0f,0f,1f], start_interpolation: 0, interpolation_duration: 1 }
$data merge entity $(bone_left_eyebrow) { transformation: [-9.957992501029599e-17f,-0.1305261922200516f,0.9914448613738104f,-0.6306640014345554f,0f,0.9914448613738104f,0.1305261922200516f,1.7330668152492097f,-1f,1.2997788433152219e-17f,-9.872800494744735e-17f,0.25f,0f,0f,0f,1f], start_interpolation: 0, interpolation_duration: 1 }
$data merge entity $(bone_right_eyebrow) { transformation: [-9.957992501029599e-17f,-0.1305261922200516f,0.9914448613738104f,-0.6306640014345554f,0f,0.9914448613738104f,0.1305261922200516f,1.7330668152492097f,-1f,1.2997788433152219e-17f,-9.872800494744735e-17f,-1.3877787807814457e-17f,0f,0f,0f,1f], start_interpolation: 0, interpolation_duration: 1 }
$data merge entity $(bone_talking) { transformation: [-9.957992501029599e-17f,-0.1305261922200516f,0.9914448613738104f,-0.2832492366881389f,0f,0.9914448613738104f,0.1305261922200516f,1.4888240105600192f,-1f,1.2997788433152219e-17f,-9.872800494744735e-17f,0.12499999999999996f,0f,0f,0f,1f], start_interpolation: 0, interpolation_duration: 1 }
$data merge entity $(bone_m_opened) { transformation: [-9.957992501029599e-17f,-0.1305261922200516f,0.9914448613738104f,-0.2832492366881389f,0f,0.9914448613738104f,0.1305261922200516f,1.4888240105600192f,-1f,1.2997788433152219e-17f,-9.872800494744735e-17f,0.12499999999999996f,0f,0f,0f,1f], start_interpolation: 0, interpolation_duration: 1 }
$data merge entity $(bone_head) { transformation: [-9.957992501029599e-17f,-0.1305261922200516f,0.9914448613738104f,-0.345214540524002f,0f,0.9914448613738104f,0.1305261922200516f,1.480666123546266f,-1f,1.2997788433152219e-17f,-9.872800494744735e-17f,0.12499999999999996f,0f,0f,0f,1f], start_interpolation: 0, interpolation_duration: 1 }
$data merge entity $(item_display_r_item) { transformation: [-4.3566217192004496e-17f,-0.4374857178716503f,-0.0035350612903886575f,-0.4597079489375369f,0f,-0.0035350612903886575f,0.4374857178716503f,0.7297954813774935f,-0.4375f,4.356479497873444e-17f,3.5202113820370257e-19f,-0.18750000000000006f,0f,0f,0f,1f], start_interpolation: 0, interpolation_duration: 1 }
$data merge entity $(bone_rightarm) { transformation: [-9.957992501029599e-17f,-0.008080140092317153f,0.9999673551352007f,-0.33976211710333504f,0f,0.9999673551352007f,0.008080140092317153f,1.3557850958485336f,-1f,8.04619744465628e-19f,-9.95766742371073e-17f,-0.18750000000000006f,0f,0f,0f,1f], start_interpolation: 0, interpolation_duration: 1 }
$data merge entity $(item_display_l_item) { transformation: [-4.3566217192004496e-17f,-0.4361290535270216f,-0.034607783367681375f,-0.4149307275857962f,0f,-0.034607783367681375f,0.4361290535270216f,0.7228556527048795f,-0.4375f,4.3429698445032176e-17f,3.4462404725262805e-18f,0.43749999999999994f,0f,0f,0f,1f], start_interpolation: 0, interpolation_duration: 1 }
$data merge entity $(bone_leftarm) { transformation: [-9.957992501029599e-17f,-0.0791035048404148f,0.9968664080617636f,-0.339762117103335f,0f,0.9968664080617636f,0.0791035048404148f,1.3557850958485336f,-1f,7.877121080060091e-18f,-9.926788216007355e-17f,0.43749999999999994f,0f,0f,0f,1f], start_interpolation: 0, interpolation_duration: 1 }
$data merge entity $(bone_body) { transformation: [-9.957992501029599e-17f,-0.043619387365336f,0.9990482215818578f,-0.3125f,0f,0.9990482215818578f,0.043619387365336f,0.7313799573598725f,-1f,4.343615322835211e-18f,-9.948514698679097e-17f,0.12499999999999996f,0f,0f,0f,1f], start_interpolation: 0, interpolation_duration: 1 }
$data merge entity $(bone_leftleg) { transformation: [-9.957992501029599e-17f,0.08715574274765818f,0.9961946980917455f,-0.3125f,0f,0.9961946980917455f,-0.08715574274765818f,0.7635416666666667f,-1f,-8.67896232702845e-18f,-9.920099333163047e-17f,0.24999999999999994f,0f,0f,0f,1f], start_interpolation: 0, interpolation_duration: 1 }
$data merge entity $(bone_rightleg) { transformation: [-9.957992501029599e-17f,-0.004848117819001904f,0.9999882478077495f,-0.3125f,0f,0.9999882478077495f,0.004848117819001904f,0.8125f,-1f,4.827752088572894e-19f,-9.957875472787297e-17f,-4.163336342344337e-17f,0f,0f,0f,1f], start_interpolation: 0, interpolation_duration: 1 }
data modify entity @s data merge value {"locators":{},"cameras":{"camera":{"posx":6.125,"posy":0.7761048277762899,"posz":1.3975650625921554,"roty":97.84334801820317,"rotx":-15.666984390950592}}}