# This file was generated by Animated Java via MC-Build. It is not recommended to edit this file directly.
$data merge entity $(bone_left_eye) { transformation: [-9.957992501029599e-17f,-0.12562289364245602f,0.9920780657755196f,-0.6496397803784963f,0f,0.9920780657755196f,0.12562289364245602f,1.7074914938084138f,-1f,1.2509518328492158e-17f,-9.879105939428574e-17f,0.25f,0f,0f,0f,1f], start_interpolation: 0, interpolation_duration: 1 }
$data merge entity $(bone_right_eye) { transformation: [-9.957992501029599e-17f,-0.12562289364245602f,0.9920780657755196f,-0.6496397803784963f,0f,0.9920780657755196f,0.12562289364245602f,1.7074914938084138f,-1f,1.2509518328492158e-17f,-9.879105939428574e-17f,-1.3877787807814457e-17f,0f,0f,0f,1f], start_interpolation: 0, interpolation_duration: 1 }
$data merge entity $(bone_right_close) { transformation: [-9.957992501029599e-17f,-0.12562289364245602f,0.9920780657755196f,-0.6574912112311497f,0f,0.9920780657755196f,0.12562289364245602f,1.7694963729193838f,-1f,1.2509518328492158e-17f,-9.879105939428574e-17f,-1.3877787807814457e-17f,0f,0f,0f,1f], start_interpolation: 0, interpolation_duration: 1 }
$data merge entity $(bone_left_close) { transformation: [-9.957992501029599e-17f,-0.12562289364245602f,0.9920780657755196f,-0.6574912112311497f,0f,0.9920780657755196f,0.12562289364245602f,1.7694963729193838f,-1f,1.2509518328492158e-17f,-9.879105939428574e-17f,0.25f,0f,0f,0f,1f], start_interpolation: 0, interpolation_duration: 1 }
$data merge entity $(bone_left_eyebrow) { transformation: [-9.957992501029599e-17f,-0.12562289364245602f,0.9920780657755196f,-0.6544126437691993f,0f,0.9920780657755196f,0.12562289364245602f,1.7446865698441432f,-1f,1.2509518328492158e-17f,-9.879105939428574e-17f,0.25f,0f,0f,0f,1f], start_interpolation: 0, interpolation_duration: 1 }
$data merge entity $(bone_right_eyebrow) { transformation: [-9.957992501029599e-17f,-0.12562289364245602f,0.9920780657755196f,-0.6544126437691993f,0f,0.9920780657755196f,0.12562289364245602f,1.7446865698441432f,-1f,1.2509518328492158e-17f,-9.879105939428574e-17f,-1.3877787807814457e-17f,0f,0f,0f,1f], start_interpolation: 0, interpolation_duration: 1 }
$data merge entity $(bone_talking) { transformation: [-9.957992501029599e-17f,-0.12562289364245602f,0.9920780657755196f,-0.3082096614130324f,0f,0.9920780657755196f,0.12562289364245602f,1.4987291316278015f,-1f,1.2509518328492158e-17f,-9.879105939428574e-17f,0.12499999999999996f,0f,0f,0f,1f], start_interpolation: 0, interpolation_duration: 1 }
$data merge entity $(bone_m_opened) { transformation: [-9.957992501029599e-17f,-0.12562289364245602f,0.9920780657755196f,-0.3082096614130324f,0f,0.9920780657755196f,0.12562289364245602f,1.4987291316278015f,-1f,1.2509518328492158e-17f,-9.879105939428574e-17f,0.12499999999999996f,0f,0f,0f,1f], start_interpolation: 0, interpolation_duration: 1 }
$data merge entity $(bone_head) { transformation: [-9.957992501029599e-17f,-0.12562289364245602f,0.9920780657755196f,-0.3702145405240024f,0f,0.9920780657755196f,0.12562289364245602f,1.490877700775148f,-1f,1.2509518328492158e-17f,-9.879105939428574e-17f,0.12499999999999996f,0f,0f,0f,1f], start_interpolation: 0, interpolation_duration: 1 }
$data merge entity $(item_display_r_item) { transformation: [-4.3566217192004496e-17f,-0.43737310632520615f,-0.010536406571499794f,-0.474673852379823f,0f,-0.010536406571499794f,0.43737310632520615f,0.7381675478781211f,-0.4375f,4.355358112938424e-17f,1.0492145762679392e-18f,-0.18750000000000006f,0f,0f,0f,1f], start_interpolation: 0, interpolation_duration: 1 }
$data merge entity $(bone_rightarm) { transformation: [-9.957992501029599e-17f,-0.02408321502057118f,0.9997099573147569f,-0.3647621171033354f,0f,0.9997099573147569f,0.02408321502057118f,1.3659966730774156f,-1f,2.3982047457553117e-18f,-9.95510425814497e-17f,-0.18750000000000006f,0f,0f,0f,1f], start_interpolation: 0, interpolation_duration: 1 }
$data merge entity $(item_display_l_item) { transformation: [-4.3566217192004496e-17f,-0.436627077949718f,-0.0276232655761565f,-0.45005090283731675f,0f,-0.0276232655761565f,0.436627077949718f,0.7343513429846308f,-0.4375f,4.3479291679697587e-17f,2.7507227146131546e-18f,0.43749999999999994f,0f,0f,0f,1f], start_interpolation: 0, interpolation_duration: 1 }
$data merge entity $(bone_leftarm) { transformation: [-9.957992501029599e-17f,-0.06313889274550079f,0.9980047495993555f,-0.36476211710333534f,0f,0.9980047495993555f,0.06313889274550079f,1.3659966730774156f,-1f,6.28736620483009e-18f,-9.938123812502306e-17f,0.43749999999999994f,0f,0f,0f,1f], start_interpolation: 0, interpolation_duration: 1 }
$data merge entity $(bone_body) { transformation: [-9.957992501029599e-17f,-0.043619387365336f,0.9990482215818578f,-0.33750000000000036f,0f,0.9990482215818578f,0.043619387365336f,0.7415915345887545f,-1f,4.343615322835211e-18f,-9.948514698679097e-17f,0.12499999999999996f,0f,0f,0f,1f], start_interpolation: 0, interpolation_duration: 1 }
$data merge entity $(bone_leftleg) { transformation: [-9.957992501029599e-17f,0.052335956242943335f,0.9986295347545739f,-0.33750000000000036f,0f,0.9986295347545739f,-0.052335956242943335f,0.7671f,-1f,-5.211610598014429e-18f,-9.944345418392724e-17f,0.24999999999999994f,0f,0f,0f,1f], start_interpolation: 0, interpolation_duration: 1 }
$data merge entity $(bone_rightleg) { transformation: [-9.957992501029599e-17f,0.032457422486372164f,0.9994731190610087f,-0.3375400000000004f,0f,0.9994731190610087f,-0.032457422486372164f,0.8175000000000001f,-1f,-3.232107697220435e-18f,-9.952745824590187e-17f,-4.163336342344337e-17f,0f,0f,0f,1f], start_interpolation: 0, interpolation_duration: 1 }
data modify entity @s data merge value {"locators":{},"cameras":{"camera":{"posx":6.125,"posy":0.7770618409859861,"posz":1.394241331197146,"roty":97.85053703379732,"rotx":-15.80863271497722}}}