# This file was generated by Animated Java via MC-Build. It is not recommended to edit this file directly.
$data merge entity $(bone_left_eye) { transformation: [-9.957992501029599e-17f,-0.11525274365034163f,0.9933361994214591f,-0.6723617762919529f,0f,0.9933361994214591f,0.11525274365034163f,1.7167326001498555f,-1f,1.1476859569931887e-17f,-9.891634424840133e-17f,0.25f,0f,0f,0f,1f], start_interpolation: 0, interpolation_duration: 1 }
$data merge entity $(bone_right_eye) { transformation: [-9.957992501029599e-17f,-0.11525274365034163f,0.9933361994214591f,-0.6723617762919529f,0f,0.9933361994214591f,0.11525274365034163f,1.7167326001498555f,-1f,1.1476859569931887e-17f,-9.891634424840133e-17f,-1.3877787807814457e-17f,0f,0f,0f,1f], start_interpolation: 0, interpolation_duration: 1 }
$data merge entity $(bone_right_close) { transformation: [-9.957992501029599e-17f,-0.11525274365034163f,0.9933361994214591f,-0.6795650727700993f,0f,0.9933361994214591f,0.11525274365034163f,1.7788161126136968f,-1f,1.1476859569931887e-17f,-9.891634424840133e-17f,-1.3877787807814457e-17f,0f,0f,0f,1f], start_interpolation: 0, interpolation_duration: 1 }
$data merge entity $(bone_left_close) { transformation: [-9.957992501029599e-17f,-0.11525274365034163f,0.9933361994214591f,-0.6795650727700993f,0f,0.9933361994214591f,0.11525274365034163f,1.7788161126136968f,-1f,1.1476859569931887e-17f,-9.891634424840133e-17f,0.25f,0f,0f,0f,1f], start_interpolation: 0, interpolation_duration: 1 }
$data merge entity $(bone_left_eyebrow) { transformation: [-9.957992501029599e-17f,-0.11525274365034163f,0.9933361994214591f,-0.6767458376913046f,0f,0.9933361994214591f,0.11525274365034163f,1.7539755043316825f,-1f,1.1476859569931887e-17f,-9.891634424840133e-17f,0.25f,0f,0f,0f,1f], start_interpolation: 0, interpolation_duration: 1 }
$data merge entity $(bone_right_eyebrow) { transformation: [-9.957992501029599e-17f,-0.11525274365034163f,0.9933361994214591f,-0.6767458376913046f,0f,0.9933361994214591f,0.11525274365034163f,1.7539755043316825f,-1f,1.1476859569931887e-17f,-9.891634424840133e-17f,-1.3877787807814457e-17f,0f,0f,0f,1f], start_interpolation: 0, interpolation_duration: 1 }
$data merge entity $(bone_talking) { transformation: [-9.957992501029599e-17f,-0.11525274365034163f,0.9933361994214591f,-0.33313102806016154f,0f,0.9933361994214591f,0.11525274365034163f,1.5044150326852226f,-1f,1.1476859569931887e-17f,-9.891634424840133e-17f,0.12499999999999996f,0f,0f,0f,1f], start_interpolation: 0, interpolation_duration: 1 }
$data merge entity $(bone_m_opened) { transformation: [-9.957992501029599e-17f,-0.11525274365034163f,0.9933361994214591f,-0.33313102806016154f,0f,0.9933361994214591f,0.11525274365034163f,1.5044150326852226f,-1f,1.1476859569931887e-17f,-9.891634424840133e-17f,0.12499999999999996f,0f,0f,0f,1f], start_interpolation: 0, interpolation_duration: 1 }
$data merge entity $(bone_head) { transformation: [-9.957992501029599e-17f,-0.11525274365034163f,0.9933361994214591f,-0.39521454052400273f,0f,0.9933361994214591f,0.11525274365034163f,1.4972117362070763f,-1f,1.1476859569931887e-17f,-9.891634424840133e-17f,0.12499999999999996f,0f,0f,0f,1f], start_interpolation: 0, interpolation_duration: 1 }
$data merge entity $(item_display_r_item) { transformation: [-4.3566217192004496e-17f,-0.4371374894949758f,-0.017806326910116656f,-0.48922093280173345f,0f,-0.017806326910116656f,0.4371374894949758f,0.7427610586850595f,-0.4375f,4.353011842309873e-17f,1.7731526984182323e-18f,-0.18750000000000006f,0f,0f,0f,1f], start_interpolation: 0, interpolation_duration: 1 }
$data merge entity $(bone_rightarm) { transformation: [-9.957992501029599e-17f,-0.04070017579455258f,0.9991714045599446f,-0.38976211710333575f,0f,0.9991714045599446f,0.04070017579455258f,1.372330708509344f,-1f,4.05292045352741e-18f,-9.94974135385114e-17f,-0.18750000000000006f,0f,0f,0f,1f], start_interpolation: 0, interpolation_duration: 1 }
$data merge entity $(item_display_l_item) { transformation: [-4.3566217192004496e-17f,-0.4370259730194898f,-0.020360474119434452f,-0.4855402892239977f,0f,-0.020360474119434452f,0.4370259730194898f,0.7421906115902343f,-0.4375f,4.3519013620832435e-17f,2.027494485987355e-18f,0.43749999999999994f,0f,0f,0f,1f], start_interpolation: 0, interpolation_duration: 1 }
$data merge entity $(bone_leftarm) { transformation: [-9.957992501029599e-17f,-0.04653822655870754f,0.9989165097588338f,-0.3897621171033357f,0f,0.9989165097588338f,0.04653822655870754f,1.372330708509344f,-1f,4.634273110828262e-18f,-9.947203113333128e-17f,0.43749999999999994f,0f,0f,0f,1f], start_interpolation: 0, interpolation_duration: 1 }
$data merge entity $(bone_body) { transformation: [-9.957992501029599e-17f,-0.043619387365336f,0.9990482215818578f,-0.3625000000000007f,0f,0.9990482215818578f,0.043619387365336f,0.7479255700206828f,-1f,4.343615322835211e-18f,-9.948514698679097e-17f,0.12499999999999996f,0f,0f,0f,1f], start_interpolation: 0, interpolation_duration: 1 }
$data merge entity $(bone_leftleg) { transformation: [-9.957992501029599e-17f,0.01745240643728252f,0.9998476951563913f,-0.3625000000000007f,0f,0.9998476951563913f,-0.01745240643728252f,0.7707861111111112f,-1f,-1.7379093242738002e-18f,-9.956475850539073e-17f,0.24999999999999994f,0f,0f,0f,1f], start_interpolation: 0, interpolation_duration: 1 }
$data merge entity $(bone_rightleg) { transformation: [-9.957992501029599e-17f,0.07076239412075477f,0.9974931997654415f,-0.36254500000000073f,0f,0.9974931997654415f,-0.07076239412075477f,0.8200000000000001f,-1f,-7.04651390009377e-18f,-9.933029803092286e-17f,-4.163336342344337e-17f,0f,0f,0f,1f], start_interpolation: 0, interpolation_duration: 1 }
data modify entity @s data merge value {"locators":{},"cameras":{"camera":{"posx":6.125,"posy":0.7780125003920337,"posz":1.390964322361081,"roty":97.85532986793805,"rotx":-15.940863703136461}}}