# This file was generated by Animated Java via MC-Build. It is not recommended to edit this file directly.
$data merge entity $(bone_left_eye) { transformation: [-9.957992501029599e-17f,-0.10128606151872124f,0.9948573434126252f,-0.6942503917568379f,0f,0.9948573434126252f,0.10128606151872124f,1.7226789866598693f,-1f,1.0086058410622488e-17f,-9.906781965297151e-17f,0.25f,0f,0f,0f,1f], start_interpolation: 0, interpolation_duration: 1 }
$data merge entity $(bone_right_eye) { transformation: [-9.957992501029599e-17f,-0.10128606151872124f,0.9948573434126252f,-0.6942503917568379f,0f,0.9948573434126252f,0.10128606151872124f,1.7226789866598693f,-1f,1.0086058410622488e-17f,-9.906781965297151e-17f,-1.3877787807814457e-17f,0f,0f,0f,1f], start_interpolation: 0, interpolation_duration: 1 }
$data merge entity $(bone_right_close) { transformation: [-9.957992501029599e-17f,-0.10128606151872124f,0.9948573434126252f,-0.7005807706017579f,0f,0.9948573434126252f,0.10128606151872124f,1.7848575706231582f,-1f,1.0086058410622488e-17f,-9.906781965297151e-17f,-1.3877787807814457e-17f,0f,0f,0f,1f], start_interpolation: 0, interpolation_duration: 1 }
$data merge entity $(bone_left_close) { transformation: [-9.957992501029599e-17f,-0.10128606151872124f,0.9948573434126252f,-0.7005807706017579f,0f,0.9948573434126252f,0.10128606151872124f,1.7848575706231582f,-1f,1.0086058410622488e-17f,-9.906781965297151e-17f,0.25f,0f,0f,0f,1f], start_interpolation: 0, interpolation_duration: 1 }
$data merge entity $(bone_left_eyebrow) { transformation: [-9.957992501029599e-17f,-0.10128606151872124f,0.9948573434126252f,-0.6981107976477533f,0f,0.9948573434126252f,0.10128606151872124f,1.7599798066589978f,-1f,1.0086058410622488e-17f,-9.906781965297151e-17f,0.25f,0f,0f,0f,1f], start_interpolation: 0, interpolation_duration: 1 }
$data merge entity $(bone_right_eyebrow) { transformation: [-9.957992501029599e-17f,-0.10128606151872124f,0.9948573434126252f,-0.6981107976477533f,0f,0.9948573434126252f,0.10128606151872124f,1.7599798066589978f,-1f,1.0086058410622488e-17f,-9.906781965297151e-17f,-1.3877787807814457e-17f,0f,0f,0f,1f], start_interpolation: 0, interpolation_duration: 1 }
$data merge entity $(bone_talking) { transformation: [-9.957992501029599e-17f,-0.10128606151872124f,0.9948573434126252f,-0.35803595656071224f,0f,0.9948573434126252f,0.10128606151872124f,1.5056165450313133f,-1f,1.0086058410622488e-17f,-9.906781965297151e-17f,0.12499999999999996f,0f,0f,0f,1f], start_interpolation: 0, interpolation_duration: 1 }
$data merge entity $(bone_m_opened) { transformation: [-9.957992501029599e-17f,-0.10128606151872124f,0.9948573434126252f,-0.35803595656071224f,0f,0.9948573434126252f,0.10128606151872124f,1.5056165450313133f,-1f,1.0086058410622488e-17f,-9.906781965297151e-17f,0.12499999999999996f,0f,0f,0f,1f], start_interpolation: 0, interpolation_duration: 1 }
$data merge entity $(bone_head) { transformation: [-9.957992501029599e-17f,-0.10128606151872124f,0.9948573434126252f,-0.4202145405240013f,0f,0.9948573434126252f,0.10128606151872124f,1.4992861661863932f,-1f,1.0086058410622488e-17f,-9.906781965297151e-17f,0.12499999999999996f,0f,0f,0f,1f], start_interpolation: 0, interpolation_duration: 1 }
$data merge entity $(item_display_r_item) { transformation: [-4.3566217192004496e-17f,-0.436779095892798f,-0.025105206453441768f,-0.5036915638535026f,0f,-0.025105206453441768f,0.436779095892798f,0.7432620853693948f,-0.4375f,4.349442961506971e-17f,2.4999745760017307e-18f,-0.18750000000000006f,0f,0f,0f,1f], start_interpolation: 0, interpolation_duration: 1 }
$data merge entity $(bone_rightarm) { transformation: [-9.957992501029599e-17f,-0.05738332903643855f,0.9983522191835383f,-0.4147621171033343f,0f,0.9983522191835383f,0.05738332903643855f,1.374405138488661f,-1f,5.714227602289692e-18f,-9.941583912015934e-17f,-0.18750000000000006f,0f,0f,0f,1f], start_interpolation: 0, interpolation_duration: 1 }
$data merge entity $(item_display_l_item) { transformation: [-4.3566217192004496e-17f,-0.43730508248099453f,-0.013058132955769868f,-0.5210519507325184f,0f,-0.013058132955769868f,0.43730508248099453f,0.7459526969570203f,-0.4375f,4.3546807320078745e-17f,1.3003279005100382e-18f,0.43749999999999994f,0f,0f,0f,1f], start_interpolation: 0, interpolation_duration: 1 }
$data merge entity $(bone_leftarm) { transformation: [-9.957992501029599e-17f,-0.02984716104175992f,0.9995544742422733f,-0.41476211710333427f,0f,0.9995544742422733f,0.02984716104175992f,1.374405138488661f,-1f,2.9721780583086806e-18f,-9.953555958875141e-17f,0.43749999999999994f,0f,0f,0f,1f], start_interpolation: 0, interpolation_duration: 1 }
$data merge entity $(bone_body) { transformation: [-9.957992501029599e-17f,-0.043619387365336f,0.9990482215818578f,-0.3874999999999993f,0f,0.9990482215818578f,0.043619387365336f,0.75f,-1f,4.343615322835211e-18f,-9.948514698679097e-17f,0.12499999999999996f,0f,0f,0f,1f], start_interpolation: 0, interpolation_duration: 1 }
$data merge entity $(bone_leftleg) { transformation: [-9.957992501029599e-17f,-0.01745240643728252f,0.9998476951563913f,-0.3874999999999993f,0f,0.9998476951563913f,0.01745240643728252f,0.7745333333333332f,-1f,1.7379093242738002e-18f,-9.956475850539073e-17f,0.24999999999999994f,0f,0f,0f,1f], start_interpolation: 0, interpolation_duration: 1 }
$data merge entity $(bone_rightleg) { transformation: [-9.957992501029599e-17f,0.10873193285778937f,0.9940711075053983f,-0.3875299999999993f,0f,0.9940711075053983f,-0.10873193285778937f,0.8200000000000001f,-1f,-1.0827517720203203e-17f,-9.898952634028944e-17f,-4.163336342344337e-17f,0f,0f,0f,1f], start_interpolation: 0, interpolation_duration: 1 }
data modify entity @s data merge value {"locators":{},"cameras":{"camera":{"posx":6.125,"posy":0.7789567792039747,"posz":1.3877353220259512,"roty":97.85755238592265,"rotx":-16.063246379661912}}}