# This file was generated by Animated Java via MC-Build. It is not recommended to edit this file directly.
$data merge entity $(bone_left_eye) { transformation: [-9.957992501029599e-17f,-0.08560168516787439f,0.9963294392400639f,-0.7156973216259863f,0f,0.9963294392400639f,0.08560168516787439f,1.724740980270964f,-1f,8.524209389771896e-18f,-9.921441084507582e-17f,0.24999999999999997f,0f,0f,0f,1f], start_interpolation: 0, interpolation_duration: 1 }
$data merge entity $(bone_right_eye) { transformation: [-9.957992501029599e-17f,-0.08560168516787439f,0.9963294392400639f,-0.7156973216259863f,0f,0.9963294392400639f,0.08560168516787439f,1.724740980270964f,-1f,8.524209389771896e-18f,-9.921441084507582e-17f,-2.7755575615628914e-17f,0f,0f,0f,1f], start_interpolation: 0, interpolation_duration: 1 }
$data merge entity $(bone_right_close) { transformation: [-9.957992501029599e-17f,-0.08560168516787439f,0.9963294392400639f,-0.7210474269489784f,0f,0.9963294392400639f,0.08560168516787439f,1.787011570223468f,-1f,8.524209389771896e-18f,-9.921441084507582e-17f,-2.7755575615628914e-17f,0f,0f,0f,1f], start_interpolation: 0, interpolation_duration: 1 }
$data merge entity $(bone_left_close) { transformation: [-9.957992501029599e-17f,-0.08560168516787439f,0.9963294392400639f,-0.7210474269489784f,0f,0.9963294392400639f,0.08560168516787439f,1.787011570223468f,-1f,8.524209389771896e-18f,-9.921441084507582e-17f,0.24999999999999997f,0f,0f,0f,1f], start_interpolation: 0, interpolation_duration: 1 }
$data merge entity $(bone_left_eyebrow) { transformation: [-9.957992501029599e-17f,-0.08560168516787439f,0.9963294392400639f,-0.7189696554097341f,0f,0.9963294392400639f,0.08560168516787439f,1.7620979841371436f,-1f,8.524209389771896e-18f,-9.921441084507582e-17f,0.24999999999999997f,0f,0f,0f,1f], start_interpolation: 0, interpolation_duration: 1 }
$data merge entity $(bone_right_eyebrow) { transformation: [-9.957992501029599e-17f,-0.08560168516787439f,0.9963294392400639f,-0.7189696554097341f,0f,0.9963294392400639f,0.08560168516787439f,1.7620979841371436f,-1f,8.524209389771896e-18f,-9.921441084507582e-17f,-2.7755575615628914e-17f,0f,0f,0f,1f], start_interpolation: 0, interpolation_duration: 1 }
$data merge entity $(bone_talking) { transformation: [-9.957992501029599e-17f,-0.08560168516787439f,0.9963294392400639f,-0.38294395057149766f,0f,0.9963294392400639f,0.08560168516787439f,1.5024091470759087f,-1f,8.524209389771896e-18f,-9.921441084507582e-17f,0.12499999999999994f,0f,0f,0f,1f], start_interpolation: 0, interpolation_duration: 1 }
$data merge entity $(bone_m_opened) { transformation: [-9.957992501029599e-17f,-0.08560168516787439f,0.9963294392400639f,-0.38294395057149766f,0f,0.9963294392400639f,0.08560168516787439f,1.5024091470759087f,-1f,8.524209389771896e-18f,-9.921441084507582e-17f,0.12499999999999994f,0f,0f,0f,1f], start_interpolation: 0, interpolation_duration: 1 }
$data merge entity $(bone_head) { transformation: [-9.957992501029599e-17f,-0.08560168516787439f,0.9963294392400639f,-0.44521454052400167f,0f,0.9963294392400639f,0.08560168516787439f,1.4970590417529166f,-1f,8.524209389771896e-18f,-9.921441084507582e-17f,0.12499999999999994f,0f,0f,0f,1f], start_interpolation: 0, interpolation_duration: 1 }
$data merge entity $(item_display_r_item) { transformation: [-4.3566217192004496e-17f,-0.4363138725363002f,-0.03219401547457503f,-0.5184317728643131f,0f,-0.03219401547457503f,0.4363138725363002f,0.7396741917248769f,-0.4375f,4.344810270811662e-17f,3.2058776467384905e-18f,-0.18750000000000006f,0f,0f,0f,1f], start_interpolation: 0, interpolation_duration: 1 }
$data merge entity $(bone_rightarm) { transformation: [-9.957992501029599e-17f,-0.07358632108474315f,0.9972888515115433f,-0.4397621171033347f,0f,0.9972888515115433f,0.07358632108474315f,1.3721780140551845f,-1f,7.327720335402286e-18f,-9.93099490471237e-17f,-0.18750000000000006f,0f,0f,0f,1f], start_interpolation: 0, interpolation_duration: 1 }
$data merge entity $(item_display_l_item) { transformation: [-4.3566217192004496e-17f,-0.43745945985525614f,-0.005955752105952845f,-0.5562423169106179f,0f,-0.005955752105952845f,0.43745945985525614f,0.745534285088832f,-0.4375f,4.3562180207430995e-17f,5.930733480906966e-19f,0.43749999999999994f,0f,0f,0f,1f], start_interpolation: 0, interpolation_duration: 1 }
$data merge entity $(bone_leftarm) { transformation: [-9.957992501029599e-17f,-0.013613147670749583f,0.999907336812014f,-0.4397621171033346f,0f,0.999907336812014f,0.013613147670749583f,1.3721780140551845f,-1f,1.3555962242073286e-18f,-9.957069761698513e-17f,0.43749999999999994f,0f,0f,0f,1f], start_interpolation: 0, interpolation_duration: 1 }
$data merge entity $(bone_body) { transformation: [-9.957992501029599e-17f,-0.043619387365336f,0.9990482215818578f,-0.41249999999999964f,0f,0.9990482215818578f,0.043619387365336f,0.7477728755665233f,-1f,4.343615322835211e-18f,-9.948514698679097e-17f,0.12499999999999994f,0f,0f,0f,1f], start_interpolation: 0, interpolation_duration: 1 }
$data merge entity $(bone_leftleg) { transformation: [-9.957992501029599e-17f,-0.052335956242943335f,0.9986295347545739f,-0.41249999999999964f,0f,0.9986295347545739f,0.052335956242943335f,0.7782749999999999f,-1f,5.211610598014429e-18f,-9.944345418392724e-17f,0.24999999999999994f,0f,0f,0f,1f], start_interpolation: 0, interpolation_duration: 1 }
$data merge entity $(bone_rightleg) { transformation: [-9.957992501029599e-17f,0.1450469850882332f,0.9894247682956061f,-0.41250999999999965f,0f,0.9894247682956061f,-0.1450469850882332f,0.8175000000000001f,-1f,-1.444376789805578e-17f,-9.852684423020593e-17f,-5.551115123125783e-17f,0f,0f,0f,1f], start_interpolation: 0, interpolation_duration: 1 }
data modify entity @s data merge value {"locators":{},"cameras":{"camera":{"posx":6.125,"posy":0.7798946506313511,"posz":1.384555616133744,"roty":97.85703034774426,"rotx":-16.17534981461453}}}