# This file was generated by Animated Java via MC-Build. It is not recommended to edit this file directly.
$data merge entity $(bone_left_eye) { transformation: [-9.957992501029599e-17f,-0.07009057311805769f,0.9975406315333637f,-0.7371223416868573f,0f,0.9975406315333637f,0.07009057311805769f,1.7213764013922697f,-1f,6.979614015024853e-18f,-9.933502128281566e-17f,0.24999999999999997f,0f,0f,0f,1f], start_interpolation: 0, interpolation_duration: 1 }
$data merge entity $(bone_right_eye) { transformation: [-9.957992501029599e-17f,-0.07009057311805769f,0.9975406315333637f,-0.7371223416868573f,0f,0.9975406315333637f,0.07009057311805769f,1.7213764013922697f,-1f,6.979614015024853e-18f,-9.933502128281566e-17f,-2.7755575615628914e-17f,0f,0f,0f,1f], start_interpolation: 0, interpolation_duration: 1 }
$data merge entity $(bone_right_close) { transformation: [-9.957992501029599e-17f,-0.07009057311805769f,0.9975406315333637f,-0.741503002506736f,0f,0.9975406315333637f,0.07009057311805769f,1.783722690863105f,-1f,6.979614015024853e-18f,-9.933502128281566e-17f,-2.7755575615628914e-17f,0f,0f,0f,1f], start_interpolation: 0, interpolation_duration: 1 }
$data merge entity $(bone_left_close) { transformation: [-9.957992501029599e-17f,-0.07009057311805769f,0.9975406315333637f,-0.741503002506736f,0f,0.9975406315333637f,0.07009057311805769f,1.783722690863105f,-1f,6.979614015024853e-18f,-9.933502128281566e-17f,0.24999999999999997f,0f,0f,0f,1f], start_interpolation: 0, interpolation_duration: 1 }
$data merge entity $(bone_left_eyebrow) { transformation: [-9.957992501029599e-17f,-0.07009057311805769f,0.9975406315333637f,-0.7398130844682553f,0f,0.9975406315333637f,0.07009057311805769f,1.758779794413951f,-1f,6.979614015024853e-18f,-9.933502128281566e-17f,0.24999999999999997f,0f,0f,0f,1f], start_interpolation: 0, interpolation_duration: 1 }
$data merge entity $(bone_right_eyebrow) { transformation: [-9.957992501029599e-17f,-0.07009057311805769f,0.9975406315333637f,-0.7398130844682554f,0f,0.9975406315333637f,0.07009057311805769f,1.758779794413951f,-1f,6.979614015024853e-18f,-9.933502128281566e-17f,-2.7755575615628914e-17f,0f,0f,0f,1f], start_interpolation: 0, interpolation_duration: 1 }
$data merge entity $(bone_talking) { transformation: [-9.957992501029599e-17f,-0.07009057311805769f,0.9975406315333637f,-0.4078682510531668f,0f,0.9975406315333637f,0.07009057311805769f,1.4938945476083219f,-1f,6.979614015024853e-18f,-9.933502128281566e-17f,0.12499999999999994f,0f,0f,0f,1f], start_interpolation: 0, interpolation_duration: 1 }
$data merge entity $(bone_m_opened) { transformation: [-9.957992501029599e-17f,-0.07009057311805769f,0.9975406315333637f,-0.4078682510531668f,0f,0.9975406315333637f,0.07009057311805769f,1.4938945476083219f,-1f,6.979614015024853e-18f,-9.933502128281566e-17f,0.12499999999999994f,0f,0f,0f,1f], start_interpolation: 0, interpolation_duration: 1 }
$data merge entity $(bone_head) { transformation: [-9.957992501029599e-17f,-0.07009057311805769f,0.9975406315333637f,-0.470214540524002f,0f,0.9975406315333637f,0.07009057311805769f,1.4895138867884432f,-1f,6.979614015024853e-18f,-9.933502128281566e-17f,0.12499999999999994f,0f,0f,0f,1f], start_interpolation: 0, interpolation_duration: 1 }
$data merge entity $(item_display_r_item) { transformation: [-4.3566217192004496e-17f,-0.43577299047874535f,-0.03883491688173559f,-0.5337902331233542f,0f,-0.03883491688173559f,0.43577299047874535f,0.7310043250120073f,-0.4375f,4.339424171338589e-17f,3.867178110864307e-18f,-0.18750000000000006f,0f,0f,0f,1f], start_interpolation: 0, interpolation_duration: 1 }
$data merge entity $(bone_rightarm) { transformation: [-9.957992501029599e-17f,-0.08876552430111015f,0.9960525496657037f,-0.46476211710333504f,0f,0.9960525496657037f,0.08876552430111015f,1.3646328590907109f,-1f,8.839264253404153e-18f,-9.918683820202489e-17f,-0.18750000000000006f,0f,0f,0f,1f], start_interpolation: 0, interpolation_duration: 1 }
$data merge entity $(item_display_l_item) { transformation: [-4.3566217192004496e-17f,-0.4374994287118821f,0.0007070196438755875f,-0.5907719819408377f,0f,0.0007070196438755875f,0.4374994287118821f,0.7398356808291294f,-0.4375f,4.356616030317655e-17f,-7.040496311793745e-20f,0.43749999999999994f,0f,0f,0f,1f], start_interpolation: 0, interpolation_duration: 1 }
$data merge entity $(bone_leftarm) { transformation: [-9.957992501029599e-17f,0.0016160449002868352f,0.9999986941985876f,-0.464762117103335f,0f,0.9999986941985876f,-0.0016160449002868352f,1.3646328590907109f,-1f,-1.609256299838349e-19f,-9.957979497868926e-17f,0.43749999999999994f,0f,0f,0f,1f], start_interpolation: 0, interpolation_duration: 1 }
$data merge entity $(bone_body) { transformation: [-9.957992501029599e-17f,-0.043619387365336f,0.9990482215818578f,-0.4375f,0f,0.9990482215818578f,0.043619387365336f,0.7402277206020498f,-1f,4.343615322835211e-18f,-9.948514698679097e-17f,0.12499999999999994f,0f,0f,0f,1f], start_interpolation: 0, interpolation_duration: 1 }
$data merge entity $(bone_leftleg) { transformation: [-9.957992501029599e-17f,-0.08715574274765818f,0.9961946980917455f,-0.4375f,0f,0.9961946980917455f,0.08715574274765818f,0.7819444444444444f,-1f,8.67896232702845e-18f,-9.920099333163047e-17f,0.24999999999999994f,0f,0f,0f,1f], start_interpolation: 0, interpolation_duration: 1 }
$data merge entity $(bone_rightleg) { transformation: [-9.957992501029599e-17f,0.17842060093583206f,0.9839543125377807f,-0.4375f,0f,0.9839543125377807f,-0.17842060093583206f,0.8125f,-1f,-1.7767110061482102e-17f,-9.798209665606954e-17f,-5.551115123125783e-17f,0f,0f,0f,1f], start_interpolation: 0, interpolation_duration: 1 }
data modify entity @s data merge value {"locators":{},"cameras":{"camera":{"posx":6.125,"posy":0.7808260878837046,"posz":1.3814264906264475,"roty":97.85358918678403,"rotx":-16.276743153522407}}}