# This file was generated by Animated Java via MC-Build. It is not recommended to edit this file directly.
$data merge entity $(bone_left_eye) { transformation: [-9.957992501029599e-17f,-0.05665330850075228f,0.9983939115579175f,-0.7589763455386698f,0f,0.9983939115579175f,0.05665330850075228f,1.711595239429033f,-1f,5.641532212090076e-18f,-9.94199908436735e-17f,0.24999999999999997f,0f,0f,0f,1f], start_interpolation: 0, interpolation_duration: 1 }
$data merge entity $(bone_right_eye) { transformation: [-9.957992501029599e-17f,-0.05665330850075228f,0.9983939115579175f,-0.7589763455386698f,0f,0.9983939115579175f,0.05665330850075228f,1.711595239429033f,-1f,5.641532212090076e-18f,-9.94199908436735e-17f,-2.7755575615628914e-17f,0f,0f,0f,1f], start_interpolation: 0, interpolation_duration: 1 }
$data merge entity $(bone_right_close) { transformation: [-9.957992501029599e-17f,-0.05665330850075228f,0.9983939115579175f,-0.7625171773199668f,0f,0.9983939115579175f,0.05665330850075228f,1.7739948589014027f,-1f,5.641532212090076e-18f,-9.94199908436735e-17f,-2.7755575615628914e-17f,0f,0f,0f,1f], start_interpolation: 0, interpolation_duration: 1 }
$data merge entity $(bone_left_close) { transformation: [-9.957992501029599e-17f,-0.05665330850075228f,0.9983939115579175f,-0.7625171773199668f,0f,0.9983939115579175f,0.05665330850075228f,1.7739948589014027f,-1f,5.641532212090076e-18f,-9.94199908436735e-17f,0.24999999999999997f,0f,0f,0f,1f], start_interpolation: 0, interpolation_duration: 1 }
$data merge entity $(bone_left_eyebrow) { transformation: [-9.957992501029599e-17f,-0.05665330850075228f,0.9983939115579175f,-0.7611632442269204f,0f,0.9983939115579175f,0.05665330850075228f,1.7490314702806737f,-1f,5.641532212090076e-18f,-9.94199908436735e-17f,0.24999999999999997f,0f,0f,0f,1f], start_interpolation: 0, interpolation_duration: 1 }
$data merge entity $(bone_right_eyebrow) { transformation: [-9.957992501029599e-17f,-0.05665330850075228f,0.9983939115579175f,-0.7611632442269204f,0f,0.9983939115579175f,0.05665330850075228f,1.7490314702806737f,-1f,5.641532212090076e-18f,-9.94199908436735e-17f,-2.7755575615628914e-17f,0f,0f,0f,1f], start_interpolation: 0, interpolation_duration: 1 }
$data merge entity $(bone_talking) { transformation: [-9.957992501029599e-17f,-0.05665330850075228f,0.9983939115579175f,-0.43281492105163255f,0f,0.9983939115579175f,0.05665330850075228f,1.4797009204460387f,-1f,5.641532212090076e-18f,-9.94199908436735e-17f,0.12499999999999994f,0f,0f,0f,1f], start_interpolation: 0, interpolation_duration: 1 }
$data merge entity $(bone_m_opened) { transformation: [-9.957992501029599e-17f,-0.05665330850075228f,0.9983939115579175f,-0.43281492105163255f,0f,0.9983939115579175f,0.05665330850075228f,1.4797009204460387f,-1f,5.641532212090076e-18f,-9.94199908436735e-17f,0.12499999999999994f,0f,0f,0f,1f], start_interpolation: 0, interpolation_duration: 1 }
$data merge entity $(bone_head) { transformation: [-9.957992501029599e-17f,-0.05665330850075228f,0.9983939115579175f,-0.4952145405240024f,0f,0.9983939115579175f,0.05665330850075228f,1.4761600886647417f,-1f,5.641532212090076e-18f,-9.94199908436735e-17f,0.12499999999999994f,0f,0f,0f,1f], start_interpolation: 0, interpolation_duration: 1 }
$data merge entity $(item_display_r_item) { transformation: [-4.3566217192004496e-17f,-0.43520105039845636f,-0.044791692668175245f,-0.5501171419769295f,0f,-0.044791692668175245f,0.43520105039845636f,0.716765648206879f,-0.4375f,4.333728796308033e-17f,4.460353396981117e-18f,-0.18750000000000006f,0f,0f,0f,1f], start_interpolation: 0, interpolation_duration: 1 }
$data merge entity $(bone_rightarm) { transformation: [-9.957992501029599e-17f,-0.10238101181297221f,0.9947452580536145f,-0.4897621171033354f,0f,0.9947452580536145f,0.10238101181297221f,1.3512790609670096f,-1f,1.0195093478814002e-17f,-9.905665820132646e-17f,-0.18750000000000006f,0f,0f,0f,1f], start_interpolation: 0, interpolation_duration: 1 }
$data merge entity $(item_display_l_item) { transformation: [-4.3566217192004496e-17f,-0.4374488322543204f,0.006690975962552808f,-0.6243060348367879f,0f,0.006690975962552808f,0.4374488322543204f,0.7282638651644241f,-0.4375f,4.356112191172677e-17f,-6.66286884596702e-19f,0.43749999999999994f,0f,0f,0f,1f], start_interpolation: 0, interpolation_duration: 1 }
$data merge entity $(bone_leftarm) { transformation: [-9.957992501029599e-17f,0.015293659342977627f,0.9998830451527323f,-0.48976211710333534f,0f,0.9998830451527323f,-0.015293659342977627f,1.3512790609670096f,-1f,-1.5229414505067254e-18f,-9.956827865537548e-17f,0.43749999999999994f,0f,0f,0f,1f], start_interpolation: 0, interpolation_duration: 1 }
$data merge entity $(bone_body) { transformation: [-9.957992501029599e-17f,-0.043619387365336f,0.9990482215818578f,-0.46250000000000036f,0f,0.9990482215818578f,0.043619387365336f,0.7268739224783484f,-1f,4.343615322835211e-18f,-9.948514698679097e-17f,0.12499999999999994f,0f,0f,0f,1f], start_interpolation: 0, interpolation_duration: 1 }
$data merge entity $(bone_leftleg) { transformation: [-9.957992501029599e-17f,-0.12186934340514798f,0.992546151641322f,-0.46250000000000036f,0f,0.992546151641322f,0.12186934340514798f,0.785475f,-1f,1.2135740077338646e-17f,-9.883767134970071e-17f,0.24999999999999994f,0f,0f,0f,1f], start_interpolation: 0, interpolation_duration: 1 }
$data merge entity $(bone_rightleg) { transformation: [-9.957992501029599e-17f,0.20760818043742188f,0.9782120646441971f,-0.46250000000000036f,0f,0.9782120646441971f,-0.20760818043742188f,0.8029999999999998f,-1f,-2.067360703948247e-17f,-9.741028404143596e-17f,-5.551115123125783e-17f,0f,0f,0f,1f], start_interpolation: 0, interpolation_duration: 1 }
data modify entity @s data merge value {"locators":{},"cameras":{"camera":{"posx":6.125,"posy":0.7817510641705772,"posz":1.3783492314460546,"roty":97.85358918678403,"rotx":-16.276743153522407}}}