# This file was generated by Animated Java via MC-Build. It is not recommended to edit this file directly.
$data merge entity $(bone_left_eye) { transformation: [-9.957992501029599e-17f,-0.047194811882817884f,0.9988857040379272f,-0.781734669504189f,0f,0.9988857040379272f,0.047194811882817884f,1.6978349667468207f,-1f,4.699655828166031e-18f,-9.94689635019535e-17f,0.24999999999999997f,0f,0f,0f,1f], start_interpolation: 0, interpolation_duration: 1 }
$data merge entity $(bone_right_eye) { transformation: [-9.957992501029599e-17f,-0.047194811882817884f,0.9988857040379272f,-0.781734669504189f,0f,0.9988857040379272f,0.047194811882817884f,1.6978349667468207f,-1f,4.699655828166031e-18f,-9.94689635019535e-17f,-2.7755575615628914e-17f,0f,0f,0f,1f], start_interpolation: 0, interpolation_duration: 1 }
$data merge entity $(bone_right_close) { transformation: [-9.957992501029599e-17f,-0.047194811882817884f,0.9988857040379272f,-0.7846843452468651f,0f,0.9988857040379272f,0.047194811882817884f,1.7602653232491912f,-1f,4.699655828166031e-18f,-9.94689635019535e-17f,-2.7755575615628914e-17f,0f,0f,0f,1f], start_interpolation: 0, interpolation_duration: 1 }
$data merge entity $(bone_left_close) { transformation: [-9.957992501029599e-17f,-0.047194811882817884f,0.9988857040379272f,-0.7846843452468651f,0f,0.9988857040379272f,0.047194811882817884f,1.7602653232491912f,-1f,4.699655828166031e-18f,-9.94689635019535e-17f,0.24999999999999997f,0f,0f,0f,1f], start_interpolation: 0, interpolation_duration: 1 }
$data merge entity $(bone_left_eyebrow) { transformation: [-9.957992501029599e-17f,-0.047194811882817884f,0.9988857040379272f,-0.783566905306297f,0f,0.9988857040379272f,0.047194811882817884f,1.7352902309725005f,-1f,4.699655828166031e-18f,-9.94689635019535e-17f,0.24999999999999997f,0f,0f,0f,1f], start_interpolation: 0, interpolation_duration: 1 }
$data merge entity $(bone_right_eyebrow) { transformation: [-9.957992501029599e-17f,-0.047194811882817884f,0.9988857040379272f,-0.7835669053062971f,0f,0.9988857040379272f,0.047194811882817884f,1.7352902309725005f,-1f,4.699655828166031e-18f,-9.94689635019535e-17f,-2.7755575615628914e-17f,0f,0f,0f,1f], start_interpolation: 0, interpolation_duration: 1 }
$data merge entity $(bone_talking) { transformation: [-9.957992501029599e-17f,-0.047194811882817884f,0.9988857040379272f,-0.4577841840216323f,0f,0.9988857040379272f,0.047194811882817884f,1.4628619194507195f,-1f,4.699655828166031e-18f,-9.94689635019535e-17f,0.12499999999999994f,0f,0f,0f,1f], start_interpolation: 0, interpolation_duration: 1 }
$data merge entity $(bone_m_opened) { transformation: [-9.957992501029599e-17f,-0.047194811882817884f,0.9988857040379272f,-0.4577841840216323f,0f,0.9988857040379272f,0.047194811882817884f,1.4628619194507195f,-1f,4.699655828166031e-18f,-9.94689635019535e-17f,0.12499999999999994f,0f,0f,0f,1f], start_interpolation: 0, interpolation_duration: 1 }
$data merge entity $(bone_head) { transformation: [-9.957992501029599e-17f,-0.047194811882817884f,0.9988857040379272f,-0.5202145405240027f,0f,0.9988857040379272f,0.047194811882817884f,1.4599122437080434f,-1f,4.699655828166031e-18f,-9.94689635019535e-17f,0.12499999999999994f,0f,0f,0f,1f], start_interpolation: 0, interpolation_duration: 1 }
$data merge entity $(item_display_r_item) { transformation: [-4.3566217192004496e-17f,-0.4346530049764951f,-0.04982986318366606f,-0.5677631711199541f,0f,-0.04982986318366606f,0.4346530049764951f,0.6998612479914136f,-0.4375f,4.32827136410592e-17f,4.962054039102777e-18f,-0.18750000000000006f,0f,0f,0f,1f], start_interpolation: 0, interpolation_duration: 1 }
$data merge entity $(bone_rightarm) { transformation: [-9.957992501029599e-17f,-0.11389683013409407f,0.9934925828034175f,-0.5147621171033357f,0f,0.9934925828034175f,0.11389683013409407f,1.3350312160103113f,-1f,1.134183780366351e-17f,-9.89319168938496e-17f,-0.18750000000000006f,0f,0f,0f,1f], start_interpolation: 0, interpolation_duration: 1 }
$data merge entity $(item_display_l_item) { transformation: [-4.3566217192004496e-17f,-0.4373419778040162f,0.011757740023977394f,-0.6565137393673078f,0f,0.011757740023977394f,0.4373419778040162f,0.7136163162971388f,-0.4375f,4.355048135357846e-17f,-1.1708348698782247e-18f,0.43749999999999994f,0f,0f,0f,1f], start_interpolation: 0, interpolation_duration: 1 }
$data merge entity $(bone_leftarm) { transformation: [-9.957992501029599e-17f,0.026874834340519536f,0.9996388064091798f,-0.5147621171033356f,0f,0.9996388064091798f,-0.026874834340519536f,1.3350312160103113f,-1f,-2.6761939882930633e-18f,-9.954395737960791e-17f,0.43749999999999994f,0f,0f,0f,1f], start_interpolation: 0, interpolation_duration: 1 }
$data merge entity $(bone_body) { transformation: [-9.957992501029599e-17f,-0.043619387365336f,0.9990482215818578f,-0.4875000000000007f,0f,0.9990482215818578f,0.043619387365336f,0.7106260775216501f,-1f,4.343615322835211e-18f,-9.948514698679097e-17f,0.12499999999999994f,0f,0f,0f,1f], start_interpolation: 0, interpolation_duration: 1 }
$data merge entity $(bone_leftleg) { transformation: [-9.957992501029599e-17f,-0.15643446504023187f,0.9876883405951375f,-0.4875000000000007f,0f,0.9876883405951375f,0.15643446504023187f,0.7888000000000001f,-1f,1.5577732297732058e-17f,-9.835393089000749e-17f,0.24999999999999994f,0f,0f,0f,1f], start_interpolation: 0, interpolation_duration: 1 }
$data merge entity $(bone_rightleg) { transformation: [-9.957992501029599e-17f,0.23140832654298954f,0.9728567142218699f,-0.4875000000000007f,0f,0.9728567142218699f,-0.23140832654298954f,0.7889999999999996f,-1f,-2.3043623803908984e-17f,-9.687699864797676e-17f,-5.551115123125783e-17f,0f,0f,0f,1f], start_interpolation: 0, interpolation_duration: 1 }
data modify entity @s data merge value {"locators":{},"cameras":{"camera":{"posx":6.125,"posy":0.7826695527015105,"posz":1.375325124534552,"roty":97.85358918678403,"rotx":-16.276743153522407}}}