# This file was generated by Animated Java via MC-Build. It is not recommended to edit this file directly.
$data merge entity $(bone_left_eye) { transformation: [-9.957992501029599e-17f,-0.043619387365336f,0.9990482215818578f,-0.8058814427607998f,0f,0.9990482215818578f,0.043619387365336f,1.6854156541384733f,-1f,4.343615322835211e-18f,-9.948514698679097e-17f,0.24999999999999994f,0f,0f,0f,1f], start_interpolation: 0, interpolation_duration: 1 }
$data merge entity $(bone_right_eye) { transformation: [-9.957992501029599e-17f,-0.043619387365336f,0.9990482215818578f,-0.8058814427607998f,0f,0.9990482215818578f,0.043619387365336f,1.6854156541384733f,-1f,4.343615322835211e-18f,-9.948514698679097e-17f,-4.163336342344337e-17f,0f,0f,0f,1f], start_interpolation: 0, interpolation_duration: 1 }
$data merge entity $(bone_right_close) { transformation: [-9.957992501029599e-17f,-0.043619387365336f,0.9990482215818578f,-0.8086076544711333f,0f,0.9990482215818578f,0.043619387365336f,1.7478561679873392f,-1f,4.343615322835211e-18f,-9.948514698679097e-17f,-4.163336342344337e-17f,0f,0f,0f,1f], start_interpolation: 0, interpolation_duration: 1 }
$data merge entity $(bone_left_close) { transformation: [-9.957992501029599e-17f,-0.043619387365336f,0.9990482215818578f,-0.8086076544711333f,0f,0.9990482215818578f,0.043619387365336f,1.7478561679873392f,-1f,4.343615322835211e-18f,-9.948514698679097e-17f,0.24999999999999994f,0f,0f,0f,1f], start_interpolation: 0, interpolation_duration: 1 }
$data merge entity $(bone_left_eyebrow) { transformation: [-9.957992501029599e-17f,-0.043619387365336f,0.9990482215818578f,-0.8075796103008487f,0f,0.9990482215818578f,0.043619387365336f,1.7228772362360827f,-1f,4.343615322835211e-18f,-9.948514698679097e-17f,0.24999999999999994f,0f,0f,0f,1f], start_interpolation: 0, interpolation_duration: 1 }
$data merge entity $(bone_right_eyebrow) { transformation: [-9.957992501029599e-17f,-0.043619387365336f,0.9990482215818578f,-0.8075796103008487f,0f,0.9990482215818578f,0.043619387365336f,1.7228772362360827f,-1f,4.343615322835211e-18f,-9.948514698679097e-17f,-4.163336342344337e-17f,0f,0f,0f,1f], start_interpolation: 0, interpolation_duration: 1 }
$data merge entity $(bone_talking) { transformation: [-9.957992501029599e-17f,-0.043619387365336f,0.9990482215818578f,-0.4827740266751352f,0f,0.9990482215818578f,0.043619387365336f,1.4492846572946763f,-1f,4.343615322835211e-18f,-9.948514698679097e-17f,0.12499999999999993f,0f,0f,0f,1f], start_interpolation: 0, interpolation_duration: 1 }
$data merge entity $(bone_m_opened) { transformation: [-9.957992501029599e-17f,-0.043619387365336f,0.9990482215818578f,-0.4827740266751352f,0f,0.9990482215818578f,0.043619387365336f,1.4492846572946763f,-1f,4.343615322835211e-18f,-9.948514698679097e-17f,0.12499999999999993f,0f,0f,0f,1f], start_interpolation: 0, interpolation_duration: 1 }
$data merge entity $(bone_head) { transformation: [-9.957992501029599e-17f,-0.043619387365336f,0.9990482215818578f,-0.5452145405240013f,0f,0.9990482215818578f,0.043619387365336f,1.4465584455843428f,-1f,4.343615322835211e-18f,-9.948514698679097e-17f,0.12499999999999993f,0f,0f,0f,1f], start_interpolation: 0, interpolation_duration: 1 }
$data merge entity $(item_display_r_item) { transformation: [-4.3566217192004496e-17f,-0.4341898172279606f,-0.053716409183322635f,-0.5870786231922906f,0f,-0.053716409183322635f,0.4341898172279606f,0.686058704937146f,-0.4375f,4.3236589439794445e-17f,5.349075998297643e-18f,-0.18750000000000006f,0f,0f,0f,1f], start_interpolation: 0, interpolation_duration: 1 }
$data merge entity $(bone_rightarm) { transformation: [-9.957992501029599e-17f,-0.12278036384759482f,0.9924338679496242f,-0.5397621171033343f,0f,0.9924338679496242f,0.12278036384759482f,1.3216774178866104f,-1f,1.2226459424680349e-17f,-9.882649014810158e-17f,-0.18750000000000006f,0f,0f,0f,1f], start_interpolation: 0, interpolation_duration: 1 }
$data merge entity $(item_display_l_item) { transformation: [-4.3566217192004496e-17f,-0.437219287428028f,0.015669866014980098f,-0.6870674363898851f,0f,0.015669866014980098f,0.437219287428028f,0.701555540422279f,-0.4375f,4.353826385513808e-17f,-1.560404082693104e-18f,0.43749999999999994f,0f,0f,0f,1f], start_interpolation: 0, interpolation_duration: 1 }
$data merge entity $(bone_leftarm) { transformation: [-9.957992501029599e-17f,0.035816836605668576f,0.999358371264064f,-0.5397621171033342f,0f,0.999358371264064f,-0.035816836605668576f,1.3216774178866104f,-1f,-3.566637903298501e-18f,-9.951603166888704e-17f,0.43749999999999994f,0f,0f,0f,1f], start_interpolation: 0, interpolation_duration: 1 }
$data merge entity $(bone_body) { transformation: [-9.957992501029599e-17f,-0.043619387365336f,0.9990482215818578f,-0.5124999999999993f,0f,0.9990482215818578f,0.043619387365336f,0.6972722793979494f,-1f,4.343615322835211e-18f,-9.948514698679097e-17f,0.12499999999999993f,0f,0f,0f,1f], start_interpolation: 0, interpolation_duration: 1 }
$data merge entity $(bone_leftleg) { transformation: [-9.957992501029599e-17f,-0.1908089953765438f,0.9816271834476642f,-0.5124999999999993f,0f,0.9816271834476642f,0.1908089953765438f,0.7918527777777777f,-1f,1.9000745450886145e-17f,-9.775036131578646e-17f,0.24999999999999994f,0f,0f,0f,1f], start_interpolation: 0, interpolation_duration: 1 }
$data merge entity $(bone_rightleg) { transformation: [-9.957992501029599e-17f,0.24865232038838925f,0.968592805860889f,-0.5124999999999993f,0f,0.968592805860889f,-0.24865232038838925f,0.7735000000000004f,-1f,-2.4760779417911894e-17f,-9.645239897313951e-17f,-6.938893903907228e-17f,0f,0f,0f,1f], start_interpolation: 0, interpolation_duration: 1 }
data modify entity @s data merge value {"locators":{},"cameras":{"camera":{"posx":6.125,"posy":0.7835815266860467,"posz":1.3723554558339306,"roty":97.85358918678403,"rotx":-16.276743153522407}}}