# This file was generated by Animated Java via MC-Build. It is not recommended to edit this file directly.
$data merge entity $(bone_left_eye) { transformation: [-9.957992501029599e-17f,-0.04844826032043581f,0.9988256935381284f,-0.8320330289886427f,0f,0.9988256935381284f,0.04844826032043581f,1.6766076489242934f,-1f,4.824474129588296e-18f,-9.946298766088372e-17f,0.24999999999999994f,0f,0f,0f,1f], start_interpolation: 0, interpolation_duration: 1 }
$data merge entity $(bone_right_eye) { transformation: [-9.957992501029599e-17f,-0.04844826032043581f,0.9988256935381284f,-0.8320330289886427f,0f,0.9988256935381284f,0.04844826032043581f,1.6766076489242934f,-1f,4.824474129588296e-18f,-9.946298766088372e-17f,-4.163336342344337e-17f,0f,0f,0f,1f], start_interpolation: 0, interpolation_duration: 1 }
$data merge entity $(bone_right_close) { transformation: [-9.957992501029599e-17f,-0.04844826032043581f,0.9988256935381284f,-0.83506104525867f,0f,0.9988256935381284f,0.04844826032043581f,1.7390342547704265f,-1f,4.824474129588296e-18f,-9.946298766088372e-17f,-4.163336342344337e-17f,0f,0f,0f,1f], start_interpolation: 0, interpolation_duration: 1 }
$data merge entity $(bone_left_close) { transformation: [-9.957992501029599e-17f,-0.04844826032043581f,0.9988256935381284f,-0.83506104525867f,0f,0.9988256935381284f,0.04844826032043581f,1.7390342547704265f,-1f,4.824474129588296e-18f,-9.946298766088372e-17f,0.24999999999999994f,0f,0f,0f,1f], start_interpolation: 0, interpolation_duration: 1 }
$data merge entity $(bone_left_eyebrow) { transformation: [-9.957992501029599e-17f,-0.04844826032043581f,0.9988256935381284f,-0.8339122653565052f,0f,0.9988256935381284f,0.04844826032043581f,1.7140605844157033f,-1f,4.824474129588296e-18f,-9.946298766088372e-17f,0.24999999999999994f,0f,0f,0f,1f], start_interpolation: 0, interpolation_duration: 1 }
$data merge entity $(bone_right_eyebrow) { transformation: [-9.957992501029599e-17f,-0.04844826032043581f,0.9988256935381284f,-0.8339122653565052f,0f,0.9988256935381284f,0.04844826032043581f,1.7140605844157033f,-1f,4.824474129588296e-18f,-9.946298766088372e-17f,-4.163336342344337e-17f,0f,0f,0f,1f], start_interpolation: 0, interpolation_duration: 1 }
$data merge entity $(bone_talking) { transformation: [-9.957992501029599e-17f,-0.04844826032043581f,0.9988256935381284f,-0.5077879346778686f,0f,0.9988256935381284f,0.04844826032043581f,1.4420413068898974f,-1f,4.824474129588296e-18f,-9.946298766088372e-17f,0.12499999999999993f,0f,0f,0f,1f], start_interpolation: 0, interpolation_duration: 1 }
$data merge entity $(bone_m_opened) { transformation: [-9.957992501029599e-17f,-0.04844826032043581f,0.9988256935381284f,-0.5077879346778686f,0f,0.9988256935381284f,0.04844826032043581f,1.4420413068898974f,-1f,4.824474129588296e-18f,-9.946298766088372e-17f,0.12499999999999993f,0f,0f,0f,1f], start_interpolation: 0, interpolation_duration: 1 }
$data merge entity $(bone_head) { transformation: [-9.957992501029599e-17f,-0.04844826032043581f,0.9988256935381284f,-0.5702145405240017f,0f,0.9988256935381284f,0.04844826032043581f,1.4390132906198703f,-1f,4.824474129588296e-18f,-9.946298766088372e-17f,0.12499999999999993f,0f,0f,0f,1f], start_interpolation: 0, interpolation_duration: 1 }
$data merge entity $(item_display_r_item) { transformation: [-4.3566217192004496e-17f,-0.4338728695963019f,-0.05621906285478637f,-0.6084128471954403f,0f,-0.05621906285478637f,0.4338728695963019f,0.6782512883974822f,-0.4375f,4.320502781840167e-17f,5.598290063228744e-18f,-0.18750000000000006f,0f,0f,0f,1f], start_interpolation: 0, interpolation_duration: 1 }
$data merge entity $(bone_rightarm) { transformation: [-9.957992501029599e-17f,-0.12850071509665478f,0.9917094162201187f,-0.5647621171033347f,0f,0.9917094162201187f,0.12850071509665478f,1.3141322629221381f,-1f,1.2796091573094293e-17f,-9.875434929920382e-17f,-0.18750000000000006f,0f,0f,0f,1f], start_interpolation: 0, interpolation_duration: 1 }
$data merge entity $(item_display_l_item) { transformation: [-4.3566217192004496e-17f,-0.43712166651737344f,0.018190620139901442f,-0.7156406220224432f,0f,0.018190620139901442f,0.43712166651737344f,0.6948700593658622f,-0.4375f,4.352854277217566e-17f,-1.8114205894221656e-18f,0.43749999999999994f,0f,0f,0f,1f], start_interpolation: 0, interpolation_duration: 1 }
$data merge entity $(bone_leftarm) { transformation: [-9.957992501029599e-17f,0.0415785603197745f,0.9991352377539965f,-0.5647621171033346f,0f,0.9991352377539965f,-0.0415785603197745f,1.3141322629221381f,-1f,-4.140389918679214e-18f,-9.949381205068722e-17f,0.43749999999999994f,0f,0f,0f,1f], start_interpolation: 0, interpolation_duration: 1 }
$data merge entity $(bone_body) { transformation: [-9.957992501029599e-17f,-0.043619387365336f,0.9990482215818578f,-0.5374999999999996f,0f,0.9990482215818578f,0.043619387365336f,0.689727124433477f,-1f,4.343615322835211e-18f,-9.948514698679097e-17f,0.12499999999999993f,0f,0f,0f,1f], start_interpolation: 0, interpolation_duration: 1 }
$data merge entity $(bone_leftleg) { transformation: [-9.957992501029599e-17f,-0.2249510543438645f,0.9743700647852354f,-0.5374999999999996f,0f,0.9743700647852354f,0.2249510543438645f,0.7945666666666666f,-1f,2.2400609122549043e-17f,-9.702769798359098e-17f,0.24999999999999994f,0f,0f,0f,1f], start_interpolation: 0, interpolation_duration: 1 }
$data merge entity $(bone_rightleg) { transformation: [-9.957992501029599e-17f,0.25818210897392874f,0.9660962677734422f,-0.5374999999999996f,0f,0.9660962677734422f,-0.25818210897392874f,0.7595000000000002f,-1f,-2.570975505062389e-17f,-9.62037938976062e-17f,-6.938893903907228e-17f,0f,0f,0f,1f], start_interpolation: 0, interpolation_duration: 1 }
data modify entity @s data merge value {"locators":{},"cameras":{"camera":{"posx":6.125,"posy":0.7844869593337278,"posz":1.3694415112861777,"roty":97.85358918678403,"rotx":-16.276743153522407}}}