# This file was generated by Animated Java via MC-Build. It is not recommended to edit this file directly.
$data merge entity $(bone_left_eye) { transformation: [-9.957992501029599e-17f,-0.07790108233458784f,0.9969610932083057f,-0.8889300844097258f,0f,0.9969610932083057f,0.07790108233458784f,1.66862559888414f,-1f,7.757383937099151e-18f,-9.927731089986579e-17f,0.24999999999999994f,0f,0f,0f,1f], start_interpolation: 0, interpolation_duration: 1 }
$data merge entity $(bone_right_eye) { transformation: [-9.957992501029599e-17f,-0.07790108233458784f,0.9969610932083057f,-0.8889300844097258f,0f,0.9969610932083057f,0.07790108233458784f,1.66862559888414f,-1f,7.757383937099151e-18f,-9.927731089986579e-17f,-4.163336342344337e-17f,0f,0f,0f,1f], start_interpolation: 0, interpolation_duration: 1 }
$data merge entity $(bone_right_close) { transformation: [-9.957992501029599e-17f,-0.07790108233458784f,0.9969610932083057f,-0.8937989020556375f,0f,0.9969610932083057f,0.07790108233458784f,1.7309356672096592f,-1f,7.757383937099151e-18f,-9.927731089986579e-17f,-4.163336342344337e-17f,0f,0f,0f,1f], start_interpolation: 0, interpolation_duration: 1 }
$data merge entity $(bone_left_close) { transformation: [-9.957992501029599e-17f,-0.07790108233458784f,0.9969610932083057f,-0.8937989020556375f,0f,0.9969610932083057f,0.07790108233458784f,1.7309356672096592f,-1f,7.757383937099151e-18f,-9.927731089986579e-17f,0.24999999999999994f,0f,0f,0f,1f], start_interpolation: 0, interpolation_duration: 1 }
$data merge entity $(bone_left_eyebrow) { transformation: [-9.957992501029599e-17f,-0.07790108233458784f,0.9969610932083057f,-0.8919136850655984f,0f,0.9969610932083057f,0.07790108233458784f,1.7060067710618056f,-1f,7.757383937099151e-18f,-9.927731089986579e-17f,0.24999999999999994f,0f,0f,0f,1f], start_interpolation: 0, interpolation_duration: 1 }
$data merge entity $(bone_right_eyebrow) { transformation: [-9.957992501029599e-17f,-0.07790108233458784f,0.9969610932083057f,-0.8919136850655984f,0f,0.9969610932083057f,0.07790108233458784f,1.7060067710618056f,-1f,7.757383937099151e-18f,-9.927731089986579e-17f,-4.163336342344337e-17f,0f,0f,0f,1f], start_interpolation: 0, interpolation_duration: 1 }
$data merge entity $(bone_talking) { transformation: [-9.957992501029599e-17f,-0.07790108233458784f,0.9969610932083057f,-0.5579044721984833f,0f,0.9969610932083057f,0.07790108233458784f,1.4437294138116223f,-1f,7.757383937099151e-18f,-9.927731089986579e-17f,0.12499999999999993f,0f,0f,0f,1f], start_interpolation: 0, interpolation_duration: 1 }
$data merge entity $(bone_m_opened) { transformation: [-9.957992501029599e-17f,-0.07790108233458784f,0.9969610932083057f,-0.5579044721984833f,0f,0.9969610932083057f,0.07790108233458784f,1.4437294138116223f,-1f,7.757383937099151e-18f,-9.927731089986579e-17f,0.12499999999999993f,0f,0f,0f,1f], start_interpolation: 0, interpolation_duration: 1 }
$data merge entity $(bone_head) { transformation: [-9.957992501029599e-17f,-0.07790108233458784f,0.9969610932083057f,-0.6202145405240024f,0f,0.9969610932083057f,0.07790108233458784f,1.4388605961657106f,-1f,7.757383937099151e-18f,-9.927731089986579e-17f,0.12499999999999993f,0f,0f,0f,1f], start_interpolation: 0, interpolation_duration: 1 }
$data merge entity $(item_display_r_item) { transformation: [-4.3566217192004496e-17f,-0.43388303797718847f,-0.05614053219987901f,-0.6585279390969905f,0f,-0.05614053219987901f,0.43388303797718847f,0.6781065050148867f,-0.4375f,4.320604038500783e-17f,5.5904699865020595e-18f,-0.18750000000000006f,0f,0f,0f,1f], start_interpolation: 0, interpolation_duration: 1 }
$data merge entity $(bone_rightarm) { transformation: [-9.957992501029599e-17f,-0.12832121645686653f,0.9917326582335736f,-0.6147621171033354f,0f,0.9917326582335736f,0.12832121645686653f,1.3139795684679785f,-1f,1.2778217112004728e-17f,-9.875666373716076e-17f,-0.18750000000000006f,0f,0f,0f,1f], start_interpolation: 0, interpolation_duration: 1 }
$data merge entity $(item_display_l_item) { transformation: [-4.3566217192004496e-17f,-0.4371249518069439f,0.01811150208505635f,-0.7655285348839711f,0f,0.01811150208505635f,0.4371249518069439f,0.6946900664823604f,-0.4375f,4.352886992106472e-17f,-1.803542019453731e-18f,0.43749999999999994f,0f,0f,0f,1f], start_interpolation: 0, interpolation_duration: 1 }
$data merge entity $(bone_leftarm) { transformation: [-9.957992501029599e-17f,0.04139771905155715f,0.9991427469873003f,-0.6147621171033353f,0f,0.9991427469873003f,-0.04139771905155715f,1.3139795684679785f,-1f,-4.122381758751363e-18f,-9.94945598195765e-17f,0.43749999999999994f,0f,0f,0f,1f], start_interpolation: 0, interpolation_duration: 1 }
$data merge entity $(bone_body) { transformation: [-9.957992501029599e-17f,-0.043619387365336f,0.9990482215818578f,-0.5875000000000004f,0f,0.9990482215818578f,0.043619387365336f,0.6895744299793174f,-1f,4.343615322835211e-18f,-9.948514698679097e-17f,0.12499999999999993f,0f,0f,0f,1f], start_interpolation: 0, interpolation_duration: 1 }
$data merge entity $(bone_leftleg) { transformation: [-9.957992501029599e-17f,-0.2249510543438645f,0.9743700647852354f,-0.5875000000000004f,0f,0.9743700647852354f,0.2249510543438645f,0.80225f,-1f,2.2400609122549043e-17f,-9.702769798359098e-17f,0.24999999999999994f,0f,0f,0f,1f], start_interpolation: 0, interpolation_duration: 1 }
$data merge entity $(bone_rightleg) { transformation: [-9.957992501029599e-17f,0.2486898871648546f,0.9685831611286312f,-0.5875000000000004f,0f,0.9685831611286312f,-0.2486898871648546f,0.7480555555555556f,-1f,-2.476452031469519e-17f,-9.645143855142453e-17f,-6.938893903907228e-17f,0f,0f,0f,1f], start_interpolation: 0, interpolation_duration: 1 }
data modify entity @s data merge value {"locators":{},"cameras":{"camera":{"posx":6.125,"posy":0.7862780934566914,"posz":1.3637859384172393,"roty":97.85358918678403,"rotx":-16.276743153522407}}}