# This file was generated by Animated Java via MC-Build. It is not recommended to edit this file directly.
$data merge entity $(bone_left_eye) { transformation: [-9.957992501029599e-17f,-0.09640288718930978f,0.9953423950287485f,-0.9181508610785173f,0f,0.9953423950287485f,0.09640288718930978f,1.6699295085574986f,-1f,9.599792277087493e-18f,-9.911612105653119e-17f,0.24999999999999994f,0f,0f,0f,1f], start_interpolation: 0, interpolation_duration: 1 }
$data merge entity $(bone_right_eye) { transformation: [-9.957992501029599e-17f,-0.09640288718930978f,0.9953423950287485f,-0.9181508610785173f,0f,0.9953423950287485f,0.09640288718930978f,1.6699295085574986f,-1f,9.599792277087493e-18f,-9.911612105653119e-17f,-4.163336342344337e-17f,0f,0f,0f,1f], start_interpolation: 0, interpolation_duration: 1 }
$data merge entity $(bone_right_close) { transformation: [-9.957992501029599e-17f,-0.09640288718930978f,0.9953423950287485f,-0.9241760415278492f,0f,0.9953423950287485f,0.09640288718930978f,1.7321384082467954f,-1f,9.599792277087493e-18f,-9.911612105653119e-17f,-4.163336342344337e-17f,0f,0f,0f,1f], start_interpolation: 0, interpolation_duration: 1 }
$data merge entity $(bone_left_close) { transformation: [-9.957992501029599e-17f,-0.09640288718930978f,0.9953423950287485f,-0.9241760415278492f,0f,0.9953423950287485f,0.09640288718930978f,1.7321384082467954f,-1f,9.599792277087493e-18f,-9.911612105653119e-17f,0.24999999999999994f,0f,0f,0f,1f], start_interpolation: 0, interpolation_duration: 1 }
$data merge entity $(bone_left_eyebrow) { transformation: [-9.957992501029599e-17f,-0.09640288718930978f,0.9953423950287485f,-0.9218281782478058f,0f,0.9953423950287485f,0.09640288718930978f,1.7072488231906273f,-1f,9.599792277087493e-18f,-9.911612105653119e-17f,0.24999999999999994f,0f,0f,0f,1f], start_interpolation: 0, interpolation_duration: 1 }
$data merge entity $(bone_right_eyebrow) { transformation: [-9.957992501029599e-17f,-0.09640288718930978f,0.9953423950287485f,-0.9218281782478058f,0f,0.9953423950287485f,0.09640288718930978f,1.7072488231906273f,-1f,9.599792277087493e-18f,-9.911612105653119e-17f,-4.163336342344337e-17f,0f,0f,0f,1f], start_interpolation: 0, interpolation_duration: 1 }
$data merge entity $(bone_talking) { transformation: [-9.957992501029599e-17f,-0.09640288718930978f,0.9953423950287485f,-0.583005640834706f,0f,0.9953423950287485f,0.09640288718930978f,1.4512198120469708f,-1f,9.599792277087493e-18f,-9.911612105653119e-17f,0.12499999999999993f,0f,0f,0f,1f], start_interpolation: 0, interpolation_duration: 1 }
$data merge entity $(bone_m_opened) { transformation: [-9.957992501029599e-17f,-0.09640288718930978f,0.9953423950287485f,-0.583005640834706f,0f,0.9953423950287485f,0.09640288718930978f,1.4512198120469708f,-1f,9.599792277087493e-18f,-9.911612105653119e-17f,0.12499999999999993f,0f,0f,0f,1f], start_interpolation: 0, interpolation_duration: 1 }
$data merge entity $(bone_head) { transformation: [-9.957992501029599e-17f,-0.09640288718930978f,0.9953423950287485f,-0.6452145405240027f,0f,0.9953423950287485f,0.09640288718930978f,1.445194631597639f,-1f,9.599792277087493e-18f,-9.911612105653119e-17f,0.12499999999999993f,0f,0f,0f,1f], start_interpolation: 0, interpolation_duration: 1 }
$data merge entity $(item_display_r_item) { transformation: [-4.3566217192004496e-17f,-0.434225831305844f,-0.053424502119801424f,-0.6875059230195747f,0f,-0.053424502119801424f,0.434225831305844f,0.6847268442859004f,-0.4375f,4.324017571896938e-17f,5.320007914802226e-18f,-0.18750000000000006f,0f,0f,0f,1f], start_interpolation: 0, interpolation_duration: 1 }
$data merge entity $(bone_rightarm) { transformation: [-9.957992501029599e-17f,-0.12211314770240347f,0.9925161858419292f,-0.6397621171033357f,0f,0.9925161858419292f,0.12211314770240347f,1.3203136038999066f,-1f,1.2160018090976537e-17f,-9.883468735764431e-17f,-0.18750000000000006f,0f,0f,0f,1f], start_interpolation: 0, interpolation_duration: 1 }
$data merge entity $(item_display_l_item) { transformation: [-4.3566217192004496e-17f,-0.43722972308453767f,0.01537593091225744f,-0.7866505107164283f,0f,0.01537593091225744f,0.43722972308453767f,0.7000928368969264f,-0.4375f,4.3539303037030746e-17f,-1.5311340472060876e-18f,0.43749999999999994f,0f,0f,0f,1f], start_interpolation: 0, interpolation_duration: 1 }
$data merge entity $(bone_leftarm) { transformation: [-9.957992501029599e-17f,0.0351449849423025f,0.999382224193229f,-0.6397621171033356f,0f,0.999382224193229f,-0.0351449849423025f,1.3203136038999066f,-1f,-3.499734965042464e-18f,-9.951840694178456e-17f,0.43749999999999994f,0f,0f,0f,1f], start_interpolation: 0, interpolation_duration: 1 }
$data merge entity $(bone_body) { transformation: [-9.957992501029599e-17f,-0.043619387365336f,0.9990482215818578f,-0.6125000000000007f,0f,0.9990482215818578f,0.043619387365336f,0.6959084654112455f,-1f,4.343615322835211e-18f,-9.948514698679097e-17f,0.12499999999999993f,0f,0f,0f,1f], start_interpolation: 0, interpolation_duration: 1 }
$data merge entity $(bone_leftleg) { transformation: [-9.957992501029599e-17f,-0.1908089953765438f,0.9816271834476642f,-0.6125000000000007f,0f,0.9816271834476642f,0.1908089953765438f,0.8061250000000001f,-1f,1.9000745450886145e-17f,-9.775036131578646e-17f,0.24999999999999994f,0f,0f,0f,1f], start_interpolation: 0, interpolation_duration: 1 }
$data merge entity $(bone_rightleg) { transformation: [-9.957992501029599e-17f,0.22778442625225276f,0.973711587256171f,-0.6125000000000007f,0f,0.973711587256171f,-0.22778442625225276f,0.7463888888888889f,-1f,-2.2682756084712627e-17f,-9.696212684062579e-17f,-6.938893903907228e-17f,0f,0f,0f,1f], start_interpolation: 0, interpolation_duration: 1 }
data modify entity @s data merge value {"locators":{},"cameras":{"camera":{"posx":6.125,"posy":0.7871637413510578,"posz":1.361046881980031,"roty":97.85358918678403,"rotx":-16.276743153522407}}}