# This file was generated by Animated Java via MC-Build. It is not recommended to edit this file directly.
$data merge entity $(bone_left_eye) { transformation: [-9.957992501029599e-17f,-0.11335488387898045f,0.9935545633234155f,-0.9469419023246003f,0f,0.9935545633234155f,0.11335488387898045f,1.6754561286876288f,-1f,1.1287870836219682e-17f,-9.89380889093831e-17f,0.24999999999999994f,0f,0f,0f,1f], start_interpolation: 0, interpolation_duration: 1 }
$data merge entity $(bone_right_eye) { transformation: [-9.957992501029599e-17f,-0.11335488387898045f,0.9935545633234155f,-0.9469419023246003f,0f,0.9935545633234155f,0.11335488387898045f,1.6754561286876288f,-1f,1.1287870836219682e-17f,-9.89380889093831e-17f,-5.551115123125783e-17f,0f,0f,0f,1f], start_interpolation: 0, interpolation_duration: 1 }
$data merge entity $(bone_right_close) { transformation: [-9.957992501029599e-17f,-0.11335488387898045f,0.9935545633234155f,-0.9540265825670367f,0f,0.9935545633234155f,0.11335488387898045f,1.7375532888953424f,-1f,1.1287870836219682e-17f,-9.89380889093831e-17f,-5.551115123125783e-17f,0f,0f,0f,1f], start_interpolation: 0, interpolation_duration: 1 }
$data merge entity $(bone_left_close) { transformation: [-9.957992501029599e-17f,-0.11335488387898045f,0.9935545633234155f,-0.9540265825670367f,0f,0.9935545633234155f,0.11335488387898045f,1.7375532888953424f,-1f,1.1287870836219682e-17f,-9.89380889093831e-17f,0.24999999999999994f,0f,0f,0f,1f], start_interpolation: 0, interpolation_duration: 1 }
$data merge entity $(bone_left_eyebrow) { transformation: [-9.957992501029599e-17f,-0.11335488387898045f,0.9935545633234155f,-0.9512548076302698f,0f,0.9935545633234155f,0.11335488387898045f,1.7127073401320145f,-1f,1.1287870836219682e-17f,-9.89380889093831e-17f,0.24999999999999994f,0f,0f,0f,1f], start_interpolation: 0, interpolation_duration: 1 }
$data merge entity $(bone_right_eyebrow) { transformation: [-9.957992501029599e-17f,-0.11335488387898045f,0.9935545633234155f,-0.9512548076302698f,0f,0.9935545633234155f,0.11335488387898045f,1.7127073401320145f,-1f,1.1287870836219682e-17f,-9.89380889093831e-17f,-5.551115123125783e-17f,0f,0f,0f,1f], start_interpolation: 0, interpolation_duration: 1 }
$data merge entity $(bone_talking) { transformation: [-9.957992501029599e-17f,-0.11335488387898045f,0.9935545633234155f,-0.6081173803162878f,0f,0.9935545633234155f,0.11335488387898045f,1.4624908890689563f,-1f,1.1287870836219682e-17f,-9.89380889093831e-17f,0.12499999999999992f,0f,0f,0f,1f], start_interpolation: 0, interpolation_duration: 1 }
$data merge entity $(bone_m_opened) { transformation: [-9.957992501029599e-17f,-0.11335488387898045f,0.9935545633234155f,-0.6081173803162878f,0f,0.9935545633234155f,0.11335488387898045f,1.4624908890689563f,-1f,1.1287870836219682e-17f,-9.89380889093831e-17f,0.12499999999999992f,0f,0f,0f,1f], start_interpolation: 0, interpolation_duration: 1 }
$data merge entity $(bone_head) { transformation: [-9.957992501029599e-17f,-0.11335488387898045f,0.9935545633234155f,-0.6702145405240013f,0f,0.9935545633234155f,0.11335488387898045f,1.45540620882652f,-1f,1.1287870836219682e-17f,-9.89380889093831e-17f,0.12499999999999992f,0f,0f,0f,1f], start_interpolation: 0, interpolation_duration: 1 }
$data merge entity $(item_display_r_item) { transformation: [-4.3566217192004496e-17f,-0.43472215687902094f,-0.04922292472468375f,-0.718649983747792f,0f,-0.04922292472468375f,0.43472215687902094f,0.695429835665991f,-0.4375f,4.328959978232704e-17f,4.9016151528714526e-18f,-0.18750000000000008f,0f,0f,0f,1f], start_interpolation: 0, interpolation_duration: 1 }
$data merge entity $(bone_rightarm) { transformation: [-9.957992501029599e-17f,-0.1125095422278488f,0.993650644294905f,-0.6647621171033343f,0f,0.993650644294905f,0.1125095422278488f,1.3305251811287877f,-1f,1.1203691777991913e-17f,-9.894765664531896e-17f,-0.18750000000000008f,0f,0f,0f,1f], start_interpolation: 0, interpolation_duration: 1 }
$data merge entity $(item_display_l_item) { transformation: [-4.3566217192004496e-17f,-0.43735796839048063f,0.011147084163644193f,-0.8056459425915345f,0f,0.011147084163644193f,0.43735796839048063f,0.7089129646177137f,-0.4375f,4.355207369497947e-17f,-1.1100258050991468e-18f,0.4374999999999999f,0f,0f,0f,1f], start_interpolation: 0, interpolation_duration: 1 }
$data merge entity $(bone_leftarm) { transformation: [-9.957992501029599e-17f,0.02547904951690079f,0.9996753563210986f,-0.6647621171033342f,0f,0.9996753563210986f,-0.02547904951690079f,1.3305251811287877f,-1f,-2.5372018402265995e-18f,-9.954759701709592e-17f,0.4374999999999999f,0f,0f,0f,1f], start_interpolation: 0, interpolation_duration: 1 }
$data merge entity $(bone_body) { transformation: [-9.957992501029599e-17f,-0.043619387365336f,0.9990482215818578f,-0.6374999999999993f,0f,0.9990482215818578f,0.043619387365336f,0.7061200426401266f,-1f,4.343615322835211e-18f,-9.948514698679097e-17f,0.12499999999999992f,0f,0f,0f,1f], start_interpolation: 0, interpolation_duration: 1 }
$data merge entity $(bone_leftleg) { transformation: [-9.957992501029599e-17f,-0.15643446504023187f,0.9876883405951375f,-0.6374999999999993f,0f,0.9876883405951375f,0.15643446504023187f,0.8088749999999999f,-1f,1.5577732297732058e-17f,-9.835393089000749e-17f,0.24999999999999992f,0f,0f,0f,1f], start_interpolation: 0, interpolation_duration: 1 }
$data merge entity $(bone_rightleg) { transformation: [-9.957992501029599e-17f,0.1976573403791271f,0.9802711746217216f,-0.6374999999999993f,0f,0.9802711746217216f,-0.1976573403791271f,0.745f,-1f,-1.9682703132688026e-17f,-9.76153300585858e-17f,-8.326672684688674e-17f,0f,0f,0f,1f], start_interpolation: 0, interpolation_duration: 1 }
data modify entity @s data merge value {"locators":{},"cameras":{"camera":{"posx":6.125,"posy":0.7880427407467365,"posz":1.3583686934636507,"roty":97.85358918678403,"rotx":-16.276743153522407}}}