# This file was generated by Animated Java via MC-Build. It is not recommended to edit this file directly.
$data merge entity $(bone_left_eye) { transformation: [-9.957992501029599e-17f,-0.12573203910628494f,0.9920642390199215f,-0.9746636100555532f,0f,0.9920642390199215f,0.12573203910628494f,1.6846192161648024f,-1f,1.252038702559546e-17f,-9.878968252700013e-17f,0.24999999999999994f,0f,0f,0f,1f], start_interpolation: 0, interpolation_duration: 1 }
$data merge entity $(bone_right_eye) { transformation: [-9.957992501029599e-17f,-0.12573203910628494f,0.9920642390199215f,-0.9746636100555532f,0f,0.9920642390199215f,0.12573203910628494f,1.6846192161648024f,-1f,1.252038702559546e-17f,-9.878968252700013e-17f,-5.551115123125783e-17f,0f,0f,0f,1f], start_interpolation: 0, interpolation_duration: 1 }
$data merge entity $(bone_right_close) { transformation: [-9.957992501029599e-17f,-0.12573203910628494f,0.9920642390199215f,-0.9825218624996961f,0f,0.9920642390199215f,0.12573203910628494f,1.7466232311035474f,-1f,1.252038702559546e-17f,-9.878968252700013e-17f,-5.551115123125783e-17f,0f,0f,0f,1f], start_interpolation: 0, interpolation_duration: 1 }
$data merge entity $(bone_left_close) { transformation: [-9.957992501029599e-17f,-0.12573203910628494f,0.9920642390199215f,-0.9825218624996961f,0f,0.9920642390199215f,0.12573203910628494f,1.7466232311035474f,-1f,1.252038702559546e-17f,-9.878968252700013e-17f,0.24999999999999994f,0f,0f,0f,1f], start_interpolation: 0, interpolation_duration: 1 }
$data merge entity $(bone_left_eyebrow) { transformation: [-9.957992501029599e-17f,-0.12573203910628494f,0.9920642390199215f,-0.9794405655369778f,0f,0.9920642390199215f,0.12573203910628494f,1.7218137668756053f,-1f,1.252038702559546e-17f,-9.878968252700013e-17f,0.24999999999999994f,0f,0f,0f,1f], start_interpolation: 0, interpolation_duration: 1 }
$data merge entity $(bone_right_eyebrow) { transformation: [-9.957992501029599e-17f,-0.12573203910628494f,0.9920642390199215f,-0.9794405655369778f,0f,0.9920642390199215f,0.12573203910628494f,1.7218137668756053f,-1f,1.252038702559546e-17f,-9.878968252700013e-17f,-5.551115123125783e-17f,0f,0f,0f,1f], start_interpolation: 0, interpolation_duration: 1 }
$data merge entity $(bone_talking) { transformation: [-9.957992501029599e-17f,-0.12573203910628494f,0.9920642390199215f,-0.6332105255852566f,0f,0.9920642390199215f,0.12573203910628494f,1.475894418630536f,-1f,1.252038702559546e-17f,-9.878968252700013e-17f,0.12499999999999992f,0f,0f,0f,1f], start_interpolation: 0, interpolation_duration: 1 }
$data merge entity $(bone_m_opened) { transformation: [-9.957992501029599e-17f,-0.12573203910628494f,0.9920642390199215f,-0.6332105255852566f,0f,0.9920642390199215f,0.12573203910628494f,1.475894418630536f,-1f,1.252038702559546e-17f,-9.878968252700013e-17f,0.12499999999999992f,0f,0f,0f,1f], start_interpolation: 0, interpolation_duration: 1 }
$data merge entity $(bone_head) { transformation: [-9.957992501029599e-17f,-0.12573203910628494f,0.9920642390199215f,-0.6952145405240017f,0f,0.9920642390199215f,0.12573203910628494f,1.4680361661863932f,-1f,1.252038702559546e-17f,-9.878968252700013e-17f,0.12499999999999992f,0f,0f,0f,1f], start_interpolation: 0, interpolation_duration: 1 }
$data merge entity $(item_display_r_item) { transformation: [-4.3566217192004496e-17f,-0.435301842372495f,-0.043801324490380086f,-0.7515607513663616f,0f,-0.043801324490380086f,0.435301842372495f,0.7087806995307026f,-0.4375f,4.334732482029673e-17f,4.361732608103691e-18f,-0.18750000000000008f,0f,0f,0f,1f], start_interpolation: 0, interpolation_duration: 1 }
$data merge entity $(bone_rightarm) { transformation: [-9.957992501029599e-17f,-0.100117313120869f,0.99497563970856f,-0.6897621171033347f,0f,0.99497563970856f,0.100117313120869f,1.343155138488661f,-1f,9.969674532808458e-18f,-9.907959958924968e-17f,-0.18750000000000008f,0f,0f,0f,1f], start_interpolation: 0, interpolation_duration: 1 }
$data merge entity $(item_display_l_item) { transformation: [-4.3566217192004496e-17f,-0.43746292441033846f,0.005695591835314151f,-0.8228880838424514f,0f,0.005695591835314151f,0.43746292441033846f,0.7198354155696959f,-0.4375f,4.3562525207566296e-17f,-5.6716660784983745e-19f,0.4374999999999999f,0f,0f,0f,1f], start_interpolation: 0, interpolation_duration: 1 }
$data merge entity $(bone_leftarm) { transformation: [-9.957992501029599e-17f,0.013018495623574981f,0.9999152557950594f,-0.6897621171033346f,0f,0.9999152557950594f,-0.013018495623574981f,1.343155138488661f,-1f,-1.2963808179424636e-18f,-9.957148618872296e-17f,0.4374999999999999f,0f,0f,0f,1f], start_interpolation: 0, interpolation_duration: 1 }
$data merge entity $(bone_body) { transformation: [-9.957992501029599e-17f,-0.043619387365336f,0.9990482215818578f,-0.6624999999999996f,0f,0.9990482215818578f,0.043619387365336f,0.71875f,-1f,4.343615322835211e-18f,-9.948514698679097e-17f,0.12499999999999992f,0f,0f,0f,1f], start_interpolation: 0, interpolation_duration: 1 }
$data merge entity $(bone_leftleg) { transformation: [-9.957992501029599e-17f,-0.12186934340514798f,0.992546151641322f,-0.6624999999999996f,0f,0.992546151641322f,0.12186934340514798f,0.810875f,-1f,1.2135740077338646e-17f,-9.883767134970071e-17f,0.24999999999999992f,0f,0f,0f,1f], start_interpolation: 0, interpolation_duration: 1 }
$data merge entity $(bone_rightleg) { transformation: [-9.957992501029599e-17f,0.15988118769183543f,0.9871362650729878f,-0.6624999999999996f,0f,0.9871362650729878f,-0.15988118769183543f,0.7438888888888889f,-1f,-1.592095668091003e-17f,-9.829895525091179e-17f,-8.326672684688674e-17f,0f,0f,0f,1f], start_interpolation: 0, interpolation_duration: 1 }
data modify entity @s data merge value {"locators":{},"cameras":{"camera":{"posx":6.125,"posy":0.7889150648532695,"posz":1.3557526588100857,"roty":97.85358918678403,"rotx":-16.276743153522407}}}