# This file was generated by Animated Java via MC-Build. It is not recommended to edit this file directly.
$data merge entity $(bone_left_eye) { transformation: [-9.957992501029599e-17f,-0.1305261922200516f,0.9914448613738104f,-1.0007073039224674f,0f,0.9914448613738104f,0.1305261922200516f,1.6958957908347057f,-1f,1.2997788433152219e-17f,-9.872800494744735e-17f,0.24999999999999994f,0f,0f,0f,1f], start_interpolation: 0, interpolation_duration: 1 }
$data merge entity $(bone_right_eye) { transformation: [-9.957992501029599e-17f,-0.1305261922200516f,0.9914448613738104f,-1.0007073039224674f,0f,0.9914448613738104f,0.1305261922200516f,1.6958957908347057f,-1f,1.2997788433152219e-17f,-9.872800494744735e-17f,-5.551115123125783e-17f,0f,0f,0f,1f], start_interpolation: 0, interpolation_duration: 1 }
$data merge entity $(bone_right_close) { transformation: [-9.957992501029599e-17f,-0.1305261922200516f,0.9914448613738104f,-1.0088651909362207f,0f,0.9914448613738104f,0.1305261922200516f,1.7578610946705688f,-1f,1.2997788433152219e-17f,-9.872800494744735e-17f,-5.551115123125783e-17f,0f,0f,0f,1f], start_interpolation: 0, interpolation_duration: 1 }
$data merge entity $(bone_left_close) { transformation: [-9.957992501029599e-17f,-0.1305261922200516f,0.9914448613738104f,-1.0088651909362207f,0f,0.9914448613738104f,0.1305261922200516f,1.7578610946705688f,-1f,1.2997788433152219e-17f,-9.872800494744735e-17f,0.24999999999999994f,0f,0f,0f,1f], start_interpolation: 0, interpolation_duration: 1 }
$data merge entity $(bone_left_eyebrow) { transformation: [-9.957992501029599e-17f,-0.1305261922200516f,0.9914448613738104f,-1.0056640014345555f,0f,0.9914448613738104f,0.1305261922200516f,1.7330668152492097f,-1f,1.2997788433152219e-17f,-9.872800494744735e-17f,0.24999999999999994f,0f,0f,0f,1f], start_interpolation: 0, interpolation_duration: 1 }
$data merge entity $(bone_right_eyebrow) { transformation: [-9.957992501029599e-17f,-0.1305261922200516f,0.9914448613738104f,-1.0056640014345555f,0f,0.9914448613738104f,0.1305261922200516f,1.7330668152492097f,-1f,1.2997788433152219e-17f,-9.872800494744735e-17f,-5.551115123125783e-17f,0f,0f,0f,1f], start_interpolation: 0, interpolation_duration: 1 }
$data merge entity $(bone_talking) { transformation: [-9.957992501029599e-17f,-0.1305261922200516f,0.9914448613738104f,-0.6582492366881388f,0f,0.9914448613738104f,0.1305261922200516f,1.4888240105600192f,-1f,1.2997788433152219e-17f,-9.872800494744735e-17f,0.12499999999999992f,0f,0f,0f,1f], start_interpolation: 0, interpolation_duration: 1 }
$data merge entity $(bone_m_opened) { transformation: [-9.957992501029599e-17f,-0.1305261922200516f,0.9914448613738104f,-0.6582492366881388f,0f,0.9914448613738104f,0.1305261922200516f,1.4888240105600192f,-1f,1.2997788433152219e-17f,-9.872800494744735e-17f,0.12499999999999992f,0f,0f,0f,1f], start_interpolation: 0, interpolation_duration: 1 }
$data merge entity $(bone_head) { transformation: [-9.957992501029599e-17f,-0.1305261922200516f,0.9914448613738104f,-0.720214540524002f,0f,0.9914448613738104f,0.1305261922200516f,1.480666123546266f,-1f,1.2997788433152219e-17f,-9.872800494744735e-17f,0.12499999999999992f,0f,0f,0f,1f], start_interpolation: 0, interpolation_duration: 1 }
$data merge entity $(item_display_r_item) { transformation: [-4.3566217192004496e-17f,-0.4358962321231436f,-0.03742625844038463f,-0.7858378142236836f,0f,-0.03742625844038463f,0.4358962321231436f,0.7223829761182186f,-0.4375f,4.340651410709322e-17f,3.726904008909458e-18f,-0.18750000000000008f,0f,0f,0f,1f], start_interpolation: 0, interpolation_duration: 1 }
$data merge entity $(bone_rightarm) { transformation: [-9.957992501029599e-17f,-0.08554573357802223f,0.9963342448528997f,-0.714762117103335f,0f,0.9963342448528997f,0.08554573357802223f,1.3557850958485336f,-1f,8.518637734650213e-18f,-9.921488938764164e-17f,-0.18750000000000008f,0f,0f,0f,1f], start_interpolation: 0, interpolation_duration: 1 }
$data merge entity $(item_display_l_item) { transformation: [-4.3566217192004496e-17f,-0.4374994287118821f,-0.0007070196438753932f,-0.8387519258154791f,0f,-0.0007070196438753932f,0.4374994287118821f,0.7305839063618805f,-0.4375f,4.356616030317655e-17f,7.040496311791809e-20f,0.4374999999999999f,0f,0f,0f,1f], start_interpolation: 0, interpolation_duration: 1 }
$data merge entity $(bone_leftarm) { transformation: [-9.957992501029599e-17f,-0.0016160449002868352f,0.9999986941985876f,-0.7147621171033349f,0f,0.9999986941985876f,0.0016160449002868352f,1.3557850958485336f,-1f,1.609256299838349e-19f,-9.957979497868926e-17f,0.4374999999999999f,0f,0f,0f,1f], start_interpolation: 0, interpolation_duration: 1 }
$data merge entity $(bone_body) { transformation: [-9.957992501029599e-17f,-0.043619387365336f,0.9990482215818578f,-0.6875f,0f,0.9990482215818578f,0.043619387365336f,0.7313799573598725f,-1f,4.343615322835211e-18f,-9.948514698679097e-17f,0.12499999999999992f,0f,0f,0f,1f], start_interpolation: 0, interpolation_duration: 1 }
$data merge entity $(bone_leftleg) { transformation: [-9.957992501029599e-17f,-0.08715574274765818f,0.9961946980917455f,-0.6875f,0f,0.9961946980917455f,0.08715574274765818f,0.8125f,-1f,8.67896232702845e-18f,-9.920099333163047e-17f,0.24999999999999992f,0f,0f,0f,1f], start_interpolation: 0, interpolation_duration: 1 }
$data merge entity $(bone_rightleg) { transformation: [-9.957992501029599e-17f,0.11609291412523026f,0.993238357741943f,-0.6875f,0f,0.993238357741943f,-0.11609291412523026f,0.7430555555555556f,-1f,-1.1560523682817162e-17f,-9.890660118129222e-17f,-8.326672684688674e-17f,0f,0f,0f,1f], start_interpolation: 0, interpolation_duration: 1 }
data modify entity @s data merge value {"locators":{},"cameras":{"camera":{"posx":6.125,"posy":0.7897806868801983,"posz":1.353200063961326,"roty":97.85358918678403,"rotx":-16.276743153522407}}}