# This file was generated by Animated Java via MC-Build. It is not recommended to edit this file directly.
$data merge entity $(bone_left_eye) { transformation: [-9.957992501029599e-17f,-0.12723011733509693f,0.9918732263968503f,-1.0249903764569892f,0f,0.9918732263968503f,0.12723011733509693f,1.7070384780405863f,-1f,1.2669565543280111e-17f,-9.877066150431869e-17f,0.24999999999999994f,0f,0f,0f,1f], start_interpolation: 0, interpolation_duration: 1 }
$data merge entity $(bone_right_eye) { transformation: [-9.957992501029599e-17f,-0.12723011733509693f,0.9918732263968503f,-1.0249903764569892f,0f,0.9918732263968503f,0.12723011733509693f,1.7070384780405863f,-1f,1.2669565543280111e-17f,-9.877066150431869e-17f,-5.551115123125783e-17f,0f,0f,0f,1f], start_interpolation: 0, interpolation_duration: 1 }
$data merge entity $(bone_right_close) { transformation: [-9.957992501029599e-17f,-0.12723011733509693f,0.9918732263968503f,-1.0329422587904327f,0f,0.9918732263968503f,0.12723011733509693f,1.7690305546903895f,-1f,1.2669565543280111e-17f,-9.877066150431869e-17f,-5.551115123125783e-17f,0f,0f,0f,1f], start_interpolation: 0, interpolation_duration: 1 }
$data merge entity $(bone_left_close) { transformation: [-9.957992501029599e-17f,-0.12723011733509693f,0.9918732263968503f,-1.0329422587904327f,0f,0.9918732263968503f,0.12723011733509693f,1.7690305546903895f,-1f,1.2669565543280111e-17f,-9.877066150431869e-17f,0.24999999999999994f,0f,0f,0f,1f], start_interpolation: 0, interpolation_duration: 1 }
$data merge entity $(bone_left_eyebrow) { transformation: [-9.957992501029599e-17f,-0.12723011733509693f,0.9918732263968503f,-1.029823497933705f,0f,0.9918732263968503f,0.12723011733509693f,1.744225772148135f,-1f,1.2669565543280111e-17f,-9.877066150431869e-17f,0.24999999999999994f,0f,0f,0f,1f], start_interpolation: 0, interpolation_duration: 1 }
$data merge entity $(bone_right_eyebrow) { transformation: [-9.957992501029599e-17f,-0.12723011733509693f,0.9918732263968503f,-1.029823497933705f,0f,0.9918732263968503f,0.12723011733509693f,1.744225772148135f,-1f,1.2669565543280111e-17f,-9.877066150431869e-17f,-5.551115123125783e-17f,0f,0f,0f,1f], start_interpolation: 0, interpolation_duration: 1 }
$data merge entity $(bone_talking) { transformation: [-9.957992501029599e-17f,-0.12723011733509693f,0.9918732263968503f,-0.6832224638741993f,0f,0.9918732263968503f,0.12723011733509693f,1.4988295831085914f,-1f,1.2669565543280111e-17f,-9.877066150431869e-17f,0.12499999999999992f,0f,0f,0f,1f], start_interpolation: 0, interpolation_duration: 1 }
$data merge entity $(bone_m_opened) { transformation: [-9.957992501029599e-17f,-0.12723011733509693f,0.9918732263968503f,-0.6832224638741993f,0f,0.9918732263968503f,0.12723011733509693f,1.4988295831085914f,-1f,1.2669565543280111e-17f,-9.877066150431869e-17f,0.12499999999999992f,0f,0f,0f,1f], start_interpolation: 0, interpolation_duration: 1 }
$data merge entity $(bone_head) { transformation: [-9.957992501029599e-17f,-0.12723011733509693f,0.9918732263968503f,-0.7452145405240024f,0f,0.9918732263968503f,0.12723011733509693f,1.490877700775148f,-1f,1.2669565543280111e-17f,-9.877066150431869e-17f,0.12499999999999992f,0f,0f,0f,1f], start_interpolation: 0, interpolation_duration: 1 }
$data merge entity $(item_display_r_item) { transformation: [-4.3566217192004496e-17f,-0.4364448983505981f,-0.03036611110656274f,-0.8210805007655594f,0f,-0.03036611110656274f,0.4364448983505981f,0.7338279294032576f,-0.4375f,4.346115024887881e-17f,3.0238550668458338e-18f,-0.18750000000000008f,0f,0f,0f,1f], start_interpolation: 0, interpolation_duration: 1 }
$data merge entity $(bone_rightarm) { transformation: [-9.957992501029599e-17f,-0.06940825395785791f,0.9975883390870813f,-0.7397621171033354f,0f,0.9975883390870813f,0.06940825395785791f,1.3659966730774156f,-1f,6.9116687242190706e-18f,-9.933977199743728e-17f,-0.18750000000000008f,0f,0f,0f,1f], start_interpolation: 0, interpolation_duration: 1 }
$data merge entity $(item_display_l_item) { transformation: [-4.3566217192004496e-17f,-0.437430674713907f,-0.0077881203981496816f,-0.8536164235956661f,0f,-0.0077881203981496816f,0.437430674713907f,0.7388705319437914f,-0.4375f,4.3559313785214036e-17f,7.755404452189019e-19f,0.4374999999999999f,0f,0f,0f,1f], start_interpolation: 0, interpolation_duration: 1 }
$data merge entity $(bone_leftarm) { transformation: [-9.957992501029599e-17f,-0.01780141805291378f,0.999841542203216f,-0.7397621171033353f,0f,0.999841542203216f,0.01780141805291378f,1.3659966730774156f,-1f,1.7726638747860834e-18f,-9.956414579477494e-17f,0.4374999999999999f,0f,0f,0f,1f], start_interpolation: 0, interpolation_duration: 1 }
$data merge entity $(bone_body) { transformation: [-9.957992501029599e-17f,-0.043619387365336f,0.9990482215818578f,-0.7125000000000004f,0f,0.9990482215818578f,0.043619387365336f,0.7415915345887545f,-1f,4.343615322835211e-18f,-9.948514698679097e-17f,0.12499999999999992f,0f,0f,0f,1f], start_interpolation: 0, interpolation_duration: 1 }
$data merge entity $(bone_leftleg) { transformation: [-9.957992501029599e-17f,-0.052335956242943335f,0.9986295347545739f,-0.7125000000000004f,0f,0.9986295347545739f,0.052335956242943335f,0.8145f,-1f,5.211610598014429e-18f,-9.944345418392724e-17f,0.24999999999999992f,0f,0f,0f,1f], start_interpolation: 0, interpolation_duration: 1 }
$data merge entity $(bone_rightleg) { transformation: [-9.957992501029599e-17f,0.0680152906652474f,0.9976842788356053f,-0.7125000000000004f,0f,0.9976842788356053f,-0.0680152906652474f,0.7424999999999999f,-1f,-6.772957543998821e-18f,-9.934932567040081e-17f,-8.326672684688674e-17f,0f,0f,0f,1f], start_interpolation: 0, interpolation_duration: 1 }
data modify entity @s data merge value {"locators":{},"cameras":{"camera":{"posx":6.125,"posy":0.7906395800370651,"posz":1.350712194859362,"roty":97.85358918678403,"rotx":-16.276743153522407}}}