# This file was generated by Animated Java via MC-Build. It is not recommended to edit this file directly.
$data merge entity $(bone_left_eye) { transformation: [-9.957992501029599e-17f,-0.11844594054772051f,0.9929605023200903f,-1.0480661512409555f,0f,0.9929605023200903f,0.11844594054772051f,1.7158403766501686f,-1f,1.1794837877515986e-17f,-9.887893235922044e-17f,0.24999999999999994f,0f,0f,0f,1f], start_interpolation: 0, interpolation_duration: 1 }
$data merge entity $(bone_right_eye) { transformation: [-9.957992501029599e-17f,-0.11844594054772051f,0.9929605023200903f,-1.0480661512409555f,0f,0.9929605023200903f,0.11844594054772051f,1.7158403766501686f,-1f,1.1794837877515986e-17f,-9.887893235922044e-17f,-6.938893903907228e-17f,0f,0f,0f,1f], start_interpolation: 0, interpolation_duration: 1 }
$data merge entity $(bone_right_close) { transformation: [-9.957992501029599e-17f,-0.11844594054772051f,0.9929605023200903f,-1.055469022525188f,0f,0.9929605023200903f,0.11844594054772051f,1.7779004080451744f,-1f,1.1794837877515986e-17f,-9.887893235922044e-17f,-6.938893903907228e-17f,0f,0f,0f,1f], start_interpolation: 0, interpolation_duration: 1 }
$data merge entity $(bone_left_close) { transformation: [-9.957992501029599e-17f,-0.11844594054772051f,0.9929605023200903f,-1.055469022525188f,0f,0.9929605023200903f,0.11844594054772051f,1.7779004080451744f,-1f,1.1794837877515986e-17f,-9.887893235922044e-17f,0.24999999999999994f,0f,0f,0f,1f], start_interpolation: 0, interpolation_duration: 1 }
$data merge entity $(bone_left_eyebrow) { transformation: [-9.957992501029599e-17f,-0.11844594054772051f,0.9929605023200903f,-1.05256993404289f,0f,0.9929605023200903f,0.11844594054772051f,1.7530689926158878f,-1f,1.1794837877515986e-17f,-9.887893235922044e-17f,0.24999999999999994f,0f,0f,0f,1f], start_interpolation: 0, interpolation_duration: 1 }
$data merge entity $(bone_right_eyebrow) { transformation: [-9.957992501029599e-17f,-0.11844594054772051f,0.9929605023200903f,-1.05256993404289f,0f,0.9929605023200903f,0.11844594054772051f,1.7530689926158878f,-1f,1.1794837877515986e-17f,-9.887893235922044e-17f,-6.938893903907228e-17f,0f,0f,0f,1f], start_interpolation: 0, interpolation_duration: 1 }
$data merge entity $(bone_talking) { transformation: [-9.957992501029599e-17f,-0.11844594054772051f,0.9929605023200903f,-0.7081545091289971f,0f,0.9929605023200903f,0.11844594054772051f,1.5046146074913087f,-1f,1.1794837877515986e-17f,-9.887893235922044e-17f,0.1249999999999999f,0f,0f,0f,1f], start_interpolation: 0, interpolation_duration: 1 }
$data merge entity $(bone_m_opened) { transformation: [-9.957992501029599e-17f,-0.11844594054772051f,0.9929605023200903f,-0.7081545091289971f,0f,0.9929605023200903f,0.11844594054772051f,1.5046146074913087f,-1f,1.1794837877515986e-17f,-9.887893235922044e-17f,0.1249999999999999f,0f,0f,0f,1f], start_interpolation: 0, interpolation_duration: 1 }
$data merge entity $(bone_head) { transformation: [-9.957992501029599e-17f,-0.11844594054772051f,0.9929605023200903f,-0.7702145405240027f,0f,0.9929605023200903f,0.11844594054772051f,1.4972117362070763f,-1f,1.1794837877515986e-17f,-9.887893235922044e-17f,0.1249999999999999f,0f,0f,0f,1f], start_interpolation: 0, interpolation_duration: 1 }
$data merge entity $(item_display_r_item) { transformation: [-4.3566217192004496e-17f,-0.4369007174391358f,-0.022891332446331472f,-0.856888990019758f,0f,-0.022891332446331472f,0.4369007174391358f,0.7416464457544838f,-0.4375f,4.3506540679533656e-17f,2.279517168391443e-18f,-0.1875000000000001f,0f,0f,0f,1f], start_interpolation: 0, interpolation_duration: 1 }
$data merge entity $(bone_rightarm) { transformation: [-9.957992501029599e-17f,-0.05232304559161501f,0.9986302112894532f,-0.7647621171033357f,0f,0.9986302112894532f,0.05232304559161501f,1.372330708509344f,-1f,5.210324956323321e-18f,-9.944352155321978e-17f,-0.1875000000000001f,0f,0f,0f,1f], start_interpolation: 0, interpolation_duration: 1 }
$data merge entity $(item_display_l_item) { transformation: [-4.3566217192004496e-17f,-0.43723328938719047f,-0.015274182520101456f,-0.8678656533281022f,0f,-0.015274182520101456f,0.43723328938719047f,0.7433476715219f,-0.4375f,4.353965816918147e-17f,1.5210019499452764e-18f,0.4374999999999999f,0f,0f,0f,1f], start_interpolation: 0, interpolation_duration: 1 }
$data merge entity $(bone_leftarm) { transformation: [-9.957992501029599e-17f,-0.03491241718880355f,0.9993903757421496f,-0.7647621171033356f,0f,0.9993903757421496f,0.03491241718880355f,1.372330708509344f,-1f,3.4765758855892255e-18f,-9.951921867241478e-17f,0.4374999999999999f,0f,0f,0f,1f], start_interpolation: 0, interpolation_duration: 1 }
$data merge entity $(bone_body) { transformation: [-9.957992501029599e-17f,-0.043619387365336f,0.9990482215818578f,-0.7375000000000007f,0f,0.9990482215818578f,0.043619387365336f,0.7479255700206828f,-1f,4.343615322835211e-18f,-9.948514698679097e-17f,0.1249999999999999f,0f,0f,0f,1f], start_interpolation: 0, interpolation_duration: 1 }
$data merge entity $(bone_leftleg) { transformation: [-9.957992501029599e-17f,-0.01745240643728252f,0.9998476951563913f,-0.7375000000000007f,0f,0.9998476951563913f,0.01745240643728252f,0.816625f,-1f,1.7379093242738002e-18f,-9.956475850539073e-17f,0.2499999999999999f,0f,0f,0f,1f], start_interpolation: 0, interpolation_duration: 1 }
$data merge entity $(bone_rightleg) { transformation: [-9.957992501029599e-17f,0.017452406437282082f,0.9998476951563913f,-0.7375000000000007f,0f,0.9998476951563913f,-0.017452406437282082f,0.7422222222222222f,-1f,-1.7379093242737567e-18f,-9.956475850539073e-17f,-9.71445146547012e-17f,0f,0f,0f,1f], start_interpolation: 0, interpolation_duration: 1 }
data modify entity @s data merge value {"locators":{},"cameras":{"camera":{"posx":6.125,"posy":0.7914917175334117,"posz":1.348290337446181,"roty":97.85358918678403,"rotx":-16.276743153522407}}}