# This file was generated by Animated Java via MC-Build. It is not recommended to edit this file directly.
$data merge entity $(bone_left_eye) { transformation: [-9.957992501029599e-17f,-0.1058276571818606f,0.9943844864917185f,-1.0702675764423961f,0f,0.9943844864917185f,0.1058276571818606f,1.7214253735138576f,-1f,1.0538310166184991e-17f,-9.902073259624702e-17f,0.24999999999999994f,0f,0f,0f,1f], start_interpolation: 0, interpolation_duration: 1 }
$data merge entity $(bone_right_eye) { transformation: [-9.957992501029599e-17f,-0.1058276571818606f,0.9943844864917185f,-1.0702675764423961f,0f,0.9943844864917185f,0.1058276571818606f,1.7214253735138576f,-1f,1.0538310166184991e-17f,-9.902073259624702e-17f,-6.938893903907228e-17f,0f,0f,0f,1f], start_interpolation: 0, interpolation_duration: 1 }
$data merge entity $(bone_right_close) { transformation: [-9.957992501029599e-17f,-0.1058276571818606f,0.9943844864917185f,-1.0768818050162623f,0f,0.9943844864917185f,0.1058276571818606f,1.78357440391959f,-1f,1.0538310166184991e-17f,-9.902073259624702e-17f,-6.938893903907228e-17f,0f,0f,0f,1f], start_interpolation: 0, interpolation_duration: 1 }
$data merge entity $(bone_left_close) { transformation: [-9.957992501029599e-17f,-0.1058276571818606f,0.9943844864917185f,-1.0768818050162623f,0f,0.9943844864917185f,0.1058276571818606f,1.78357440391959f,-1f,1.0538310166184991e-17f,-9.902073259624702e-17f,0.24999999999999994f,0f,0f,0f,1f], start_interpolation: 0, interpolation_duration: 1 }
$data merge entity $(bone_left_eyebrow) { transformation: [-9.957992501029599e-17f,-0.1058276571818606f,0.9943844864917185f,-1.0742982626171216f,0f,0.9943844864917185f,0.1058276571818606f,1.7587081775287232f,-1f,1.0538310166184991e-17f,-9.902073259624702e-17f,0.24999999999999994f,0f,0f,0f,1f], start_interpolation: 0, interpolation_duration: 1 }
$data merge entity $(bone_right_eyebrow) { transformation: [-9.957992501029599e-17f,-0.1058276571818606f,0.9943844864917185f,-1.0742982626171218f,0f,0.9943844864917185f,0.1058276571818606f,1.7587081775287232f,-1f,1.0538310166184991e-17f,-9.902073259624702e-17f,-6.938893903907228e-17f,0f,0f,0f,1f], start_interpolation: 0, interpolation_duration: 1 }
$data merge entity $(bone_talking) { transformation: [-9.957992501029599e-17f,-0.1058276571818606f,0.9943844864917185f,-0.7330655101182689f,0f,0.9943844864917185f,0.1058276571818606f,1.5059003947602596f,-1f,1.0538310166184991e-17f,-9.902073259624702e-17f,0.1249999999999999f,0f,0f,0f,1f], start_interpolation: 0, interpolation_duration: 1 }
$data merge entity $(bone_m_opened) { transformation: [-9.957992501029599e-17f,-0.1058276571818606f,0.9943844864917185f,-0.7330655101182689f,0f,0.9943844864917185f,0.1058276571818606f,1.5059003947602596f,-1f,1.0538310166184991e-17f,-9.902073259624702e-17f,0.1249999999999999f,0f,0f,0f,1f], start_interpolation: 0, interpolation_duration: 1 }
$data merge entity $(bone_head) { transformation: [-9.957992501029599e-17f,-0.1058276571818606f,0.9943844864917185f,-0.7952145405240013f,0f,0.9943844864917185f,0.1058276571818606f,1.4992861661863932f,-1f,1.0538310166184991e-17f,-9.902073259624702e-17f,0.1249999999999999f,0f,0f,0f,1f], start_interpolation: 0, interpolation_duration: 1 }
$data merge entity $(item_display_r_item) { transformation: [-4.3566217192004496e-17f,-0.43723328938719047f,-0.015274182520101456f,-0.8928656533281008f,0f,-0.015274182520101456f,0.43723328938719047f,0.7454221015012171f,-0.4375f,4.353965816918147e-17f,1.5210019499452764e-18f,-0.1875000000000001f,0f,0f,0f,1f], start_interpolation: 0, interpolation_duration: 1 }
$data merge entity $(bone_rightarm) { transformation: [-9.957992501029599e-17f,-0.03491241718880355f,0.9993903757421496f,-0.7897621171033343f,0f,0.9993903757421496f,0.03491241718880355f,1.374405138488661f,-1f,3.4765758855892255e-18f,-9.951921867241478e-17f,-0.1875000000000001f,0f,0f,0f,1f], start_interpolation: 0, interpolation_duration: 1 }
$data merge entity $(item_display_l_item) { transformation: [-4.3566217192004496e-17f,-0.4369007174391358f,-0.022891332446331472f,-0.8818889900197565f,0f,-0.022891332446331472f,0.4369007174391358f,0.743720875733801f,-0.4375f,4.3506540679533656e-17f,2.279517168391443e-18f,0.4374999999999999f,0f,0f,0f,1f], start_interpolation: 0, interpolation_duration: 1 }
$data merge entity $(bone_leftarm) { transformation: [-9.957992501029599e-17f,-0.05232304559161501f,0.9986302112894532f,-0.7897621171033342f,0f,0.9986302112894532f,0.05232304559161501f,1.374405138488661f,-1f,5.210324956323321e-18f,-9.944352155321978e-17f,0.4374999999999999f,0f,0f,0f,1f], start_interpolation: 0, interpolation_duration: 1 }
$data merge entity $(bone_body) { transformation: [-9.957992501029599e-17f,-0.043619387365336f,0.9990482215818578f,-0.7624999999999993f,0f,0.9990482215818578f,0.043619387365336f,0.75f,-1f,4.343615322835211e-18f,-9.948514698679097e-17f,0.1249999999999999f,0f,0f,0f,1f], start_interpolation: 0, interpolation_duration: 1 }
$data merge entity $(bone_leftleg) { transformation: [-9.957992501029599e-17f,0.01745240643728252f,0.9998476951563913f,-0.7624999999999993f,0f,0.9998476951563913f,-0.01745240643728252f,0.81775f,-1f,-1.7379093242738002e-18f,-9.956475850539073e-17f,0.2499999999999999f,0f,0f,0f,1f], start_interpolation: 0, interpolation_duration: 1 }
$data merge entity $(bone_rightleg) { transformation: [-9.957992501029599e-17f,-0.03373662931074259f,0.9994307579030923f,-0.7624999999999993f,0f,0.9994307579030923f,0.03373662931074259f,0.7422222222222222f,-1f,3.3594910168639005e-18f,-9.952323992497322e-17f,-9.71445146547012e-17f,0f,0f,0f,1f], start_interpolation: 0, interpolation_duration: 1 }
data modify entity @s data merge value {"locators":{},"cameras":{"camera":{"posx":6.125,"posy":0.7923370725787802,"posz":1.345935777663774,"roty":97.85358918678403,"rotx":-16.276743153522407}}}