# This file was generated by Animated Java via MC-Build. It is not recommended to edit this file directly.
$data merge entity $(bone_left_eye) { transformation: [-9.957992501029599e-17f,-0.0910345191072853f,0.9958477375236163f,-1.0919351046817272f,0f,0.9958477375236163f,0.0910345191072853f,1.7232623463569996f,-1f,9.065210586051828e-18f,-9.916644302427463e-17f,0.24999999999999994f,0f,0f,0f,1f], start_interpolation: 0, interpolation_duration: 1 }
$data merge entity $(bone_right_eye) { transformation: [-9.957992501029599e-17f,-0.0910345191072853f,0.9958477375236163f,-1.0919351046817272f,0f,0.9958477375236163f,0.0910345191072853f,1.7232623463569996f,-1f,9.065210586051828e-18f,-9.916644302427463e-17f,-6.938893903907228e-17f,0f,0f,0f,1f], start_interpolation: 0, interpolation_duration: 1 }
$data merge entity $(bone_right_close) { transformation: [-9.957992501029599e-17f,-0.0910345191072853f,0.9958477375236163f,-1.0976247621259323f,0f,0.9958477375236163f,0.0910345191072853f,1.7855028299522258f,-1f,9.065210586051828e-18f,-9.916644302427463e-17f,-6.938893903907228e-17f,0f,0f,0f,1f], start_interpolation: 0, interpolation_duration: 1 }
$data merge entity $(bone_left_close) { transformation: [-9.957992501029599e-17f,-0.0910345191072853f,0.9958477375236163f,-1.0976247621259323f,0f,0.9958477375236163f,0.0910345191072853f,1.7855028299522258f,-1f,9.065210586051828e-18f,-9.916644302427463e-17f,0.24999999999999994f,0f,0f,0f,1f], start_interpolation: 0, interpolation_duration: 1 }
$data merge entity $(bone_left_eyebrow) { transformation: [-9.957992501029599e-17f,-0.0910345191072853f,0.9958477375236163f,-1.0954111396318453f,0f,0.9958477375236163f,0.0910345191072853f,1.760600946856691f,-1f,9.065210586051828e-18f,-9.916644302427463e-17f,0.24999999999999994f,0f,0f,0f,1f], start_interpolation: 0, interpolation_duration: 1 }
$data merge entity $(bone_right_eyebrow) { transformation: [-9.957992501029599e-17f,-0.0910345191072853f,0.9958477375236163f,-1.0954111396318453f,0f,0.9958477375236163f,0.0910345191072853f,1.760600946856691f,-1f,9.065210586051828e-18f,-9.916644302427463e-17f,-6.938893903907228e-17f,0f,0f,0f,1f], start_interpolation: 0, interpolation_duration: 1 }
$data merge entity $(bone_talking) { transformation: [-9.957992501029599e-17f,-0.0910345191072853f,0.9958477375236163f,-0.7579740569287756f,0f,0.9958477375236163f,0.0910345191072853f,1.5027486991971222f,-1f,9.065210586051828e-18f,-9.916644302427463e-17f,0.1249999999999999f,0f,0f,0f,1f], start_interpolation: 0, interpolation_duration: 1 }
$data merge entity $(bone_m_opened) { transformation: [-9.957992501029599e-17f,-0.0910345191072853f,0.9958477375236163f,-0.7579740569287756f,0f,0.9958477375236163f,0.0910345191072853f,1.5027486991971222f,-1f,9.065210586051828e-18f,-9.916644302427463e-17f,0.1249999999999999f,0f,0f,0f,1f], start_interpolation: 0, interpolation_duration: 1 }
$data merge entity $(bone_head) { transformation: [-9.957992501029599e-17f,-0.0910345191072853f,0.9958477375236163f,-0.8202145405240017f,0f,0.9958477375236163f,0.0910345191072853f,1.4970590417529168f,-1f,9.065210586051828e-18f,-9.916644302427463e-17f,0.1249999999999999f,0f,0f,0f,1f], start_interpolation: 0, interpolation_duration: 1 }
$data merge entity $(item_display_r_item) { transformation: [-4.3566217192004496e-17f,-0.437430674713907f,-0.0077881203981496686f,-0.9286164235956655f,0f,-0.0077881203981496686f,0.437430674713907f,0.7450518729215603f,-0.4375f,4.3559313785214036e-17f,7.755404452189006e-19f,-0.1875000000000001f,0f,0f,0f,1f], start_interpolation: 0, interpolation_duration: 1 }
$data merge entity $(bone_rightarm) { transformation: [-9.957992501029599e-17f,-0.01780141805291375f,0.999841542203216f,-0.8147621171033347f,0f,0.999841542203216f,0.01780141805291375f,1.3721780140551845f,-1f,1.7726638747860803e-18f,-9.956414579477494e-17f,-0.1875000000000001f,0f,0f,0f,1f], start_interpolation: 0, interpolation_duration: 1 }
$data merge entity $(item_display_l_item) { transformation: [-4.3566217192004496e-17f,-0.4364448983505981f,-0.03036611110656275f,-0.8960805007655586f,0f,-0.03036611110656275f,0.4364448983505981f,0.7400092703810265f,-0.4375f,4.346115024887881e-17f,3.023855066845835e-18f,0.4374999999999999f,0f,0f,0f,1f], start_interpolation: 0, interpolation_duration: 1 }
$data merge entity $(bone_leftarm) { transformation: [-9.957992501029599e-17f,-0.06940825395785793f,0.9975883390870813f,-0.8147621171033346f,0f,0.9975883390870813f,0.06940825395785793f,1.3721780140551845f,-1f,6.911668724219074e-18f,-9.933977199743728e-17f,0.4374999999999999f,0f,0f,0f,1f], start_interpolation: 0, interpolation_duration: 1 }
$data merge entity $(bone_body) { transformation: [-9.957992501029599e-17f,-0.043619387365336f,0.9990482215818578f,-0.7874999999999996f,0f,0.9990482215818578f,0.043619387365336f,0.7477728755665234f,-1f,4.343615322835211e-18f,-9.948514698679097e-17f,0.1249999999999999f,0f,0f,0f,1f], start_interpolation: 0, interpolation_duration: 1 }
$data merge entity $(bone_leftleg) { transformation: [-9.957992501029599e-17f,0.052335956242943335f,0.9986295347545739f,-0.7874999999999996f,0f,0.9986295347545739f,-0.052335956242943335f,0.8167500000000001f,-1f,-5.211610598014429e-18f,-9.944345418392724e-17f,0.2499999999999999f,0f,0f,0f,1f], start_interpolation: 0, interpolation_duration: 1 }
$data merge entity $(bone_rightleg) { transformation: [-9.957992501029599e-17f,-0.08367784333231489f,0.9964928592495044f,-0.7874999999999996f,0f,0.9964928592495044f,0.08367784333231489f,0.7425f,-1f,8.332633364055213e-18f,-9.923068419736108e-17f,-9.71445146547012e-17f,0f,0f,0f,1f], start_interpolation: 0, interpolation_duration: 1 }
data modify entity @s data merge value {"locators":{},"cameras":{"camera":{"posx":6.125,"posy":0.7931756183827122,"posz":1.3436498014541292,"roty":97.85358918678403,"rotx":-16.276743153522407}}}