# This file was generated by Animated Java via MC-Build. It is not recommended to edit this file directly.
$data merge entity $(bone_left_eye) { transformation: [-9.957992501029599e-17f,-0.07573588824262711f,0.9971279131746841f,-1.1134304908783297f,0f,0.9971279131746841f,0.07573588824262711f,1.7198618930214575f,-1f,7.541774071788966e-18f,-9.929392281960797e-17f,0.24999999999999994f,0f,0f,0f,1f], start_interpolation: 0, interpolation_duration: 1 }
$data merge entity $(bone_right_eye) { transformation: [-9.957992501029599e-17f,-0.07573588824262711f,0.9971279131746841f,-1.1134304908783297f,0f,0.9971279131746841f,0.07573588824262711f,1.7198618930214575f,-1f,7.541774071788966e-18f,-9.929392281960797e-17f,-6.938893903907228e-17f,0f,0f,0f,1f], start_interpolation: 0, interpolation_duration: 1 }
$data merge entity $(bone_right_close) { transformation: [-9.957992501029599e-17f,-0.07573588824262711f,0.9971279131746841f,-1.118163983893494f,0f,0.9971279131746841f,0.07573588824262711f,1.7821823875948752f,-1f,7.541774071788966e-18f,-9.929392281960797e-17f,-6.938893903907228e-17f,0f,0f,0f,1f], start_interpolation: 0, interpolation_duration: 1 }
$data merge entity $(bone_left_close) { transformation: [-9.957992501029599e-17f,-0.07573588824262711f,0.9971279131746841f,-1.118163983893494f,0f,0.9971279131746841f,0.07573588824262711f,1.7821823875948752f,-1f,7.541774071788966e-18f,-9.929392281960797e-17f,0.24999999999999994f,0f,0f,0f,1f], start_interpolation: 0, interpolation_duration: 1 }
$data merge entity $(bone_left_eyebrow) { transformation: [-9.957992501029599e-17f,-0.07573588824262711f,0.9971279131746841f,-1.1163329071820018f,0f,0.9971279131746841f,0.07573588824262711f,1.757249456272493f,-1f,7.541774071788966e-18f,-9.929392281960797e-17f,0.24999999999999994f,0f,0f,0f,1f], start_interpolation: 0, interpolation_duration: 1 }
$data merge entity $(bone_right_eyebrow) { transformation: [-9.957992501029599e-17f,-0.07573588824262711f,0.9971279131746841f,-1.1163329071820018f,0f,0.9971279131746841f,0.07573588824262711f,1.757249456272493f,-1f,7.541774071788966e-18f,-9.929392281960797e-17f,-6.938893903907228e-17f,0f,0f,0f,1f], start_interpolation: 0, interpolation_duration: 1 }
$data merge entity $(bone_talking) { transformation: [-9.957992501029599e-17f,-0.07573588824262711f,0.9971279131746841f,-0.7828940459505843f,0f,0.9971279131746841f,0.07573588824262711f,1.4942473798036073f,-1f,7.541774071788966e-18f,-9.929392281960797e-17f,0.1249999999999999f,0f,0f,0f,1f], start_interpolation: 0, interpolation_duration: 1 }
$data merge entity $(bone_m_opened) { transformation: [-9.957992501029599e-17f,-0.07573588824262711f,0.9971279131746841f,-0.7828940459505843f,0f,0.9971279131746841f,0.07573588824262711f,1.4942473798036073f,-1f,7.541774071788966e-18f,-9.929392281960797e-17f,0.1249999999999999f,0f,0f,0f,1f], start_interpolation: 0, interpolation_duration: 1 }
$data merge entity $(bone_head) { transformation: [-9.957992501029599e-17f,-0.07573588824262711f,0.9971279131746841f,-0.845214540524002f,0f,0.9971279131746841f,0.07573588824262711f,1.4895138867884432f,-1f,7.541774071788966e-18f,-9.929392281960797e-17f,0.1249999999999999f,0f,0f,0f,1f], start_interpolation: 0, interpolation_duration: 1 }
$data merge entity $(item_display_r_item) { transformation: [-4.3566217192004496e-17f,-0.4374994287118821f,-0.0007070196438754175f,-0.9637519258154792f,0f,-0.0007070196438754175f,0.4374994287118821f,0.7394316696040577f,-0.4375f,4.356616030317655e-17f,7.040496311792045e-20f,-0.1875000000000001f,0f,0f,0f,1f], start_interpolation: 0, interpolation_duration: 1 }
$data merge entity $(bone_rightarm) { transformation: [-9.957992501029599e-17f,-0.0016160449002868907f,0.9999986941985876f,-0.839762117103335f,0f,0.9999986941985876f,0.0016160449002868907f,1.3646328590907109f,-1f,1.609256299838403e-19f,-9.957979497868926e-17f,-0.1875000000000001f,0f,0f,0f,1f], start_interpolation: 0, interpolation_duration: 1 }
$data merge entity $(item_display_l_item) { transformation: [-4.3566217192004496e-17f,-0.4358962321231436f,-0.0374262584403846f,-0.9108378142236835f,0f,-0.0374262584403846f,0.4358962321231436f,0.7312307393603958f,-0.4375f,4.340651410709322e-17f,3.726904008909456e-18f,0.4374999999999999f,0f,0f,0f,1f], start_interpolation: 0, interpolation_duration: 1 }
$data merge entity $(bone_leftarm) { transformation: [-9.957992501029599e-17f,-0.08554573357802217f,0.9963342448528997f,-0.8397621171033349f,0f,0.9963342448528997f,0.08554573357802217f,1.3646328590907109f,-1f,8.518637734650209e-18f,-9.921488938764164e-17f,0.4374999999999999f,0f,0f,0f,1f], start_interpolation: 0, interpolation_duration: 1 }
$data merge entity $(bone_body) { transformation: [-9.957992501029599e-17f,-0.043619387365336f,0.9990482215818578f,-0.8125f,0f,0.9990482215818578f,0.043619387365336f,0.7402277206020498f,-1f,4.343615322835211e-18f,-9.948514698679097e-17f,0.1249999999999999f,0f,0f,0f,1f], start_interpolation: 0, interpolation_duration: 1 }
$data merge entity $(bone_leftleg) { transformation: [-9.957992501029599e-17f,0.08715574274765818f,0.9961946980917455f,-0.8125f,0f,0.9961946980917455f,-0.08715574274765818f,0.8125f,-1f,-8.67896232702845e-18f,-9.920099333163047e-17f,0.2499999999999999f,0f,0f,0f,1f], start_interpolation: 0, interpolation_duration: 1 }
$data merge entity $(bone_rightleg) { transformation: [-9.957992501029599e-17f,-0.13052619222005146f,0.9914448613738104f,-0.8125f,0f,0.9914448613738104f,0.13052619222005146f,0.7430555555555556f,-1f,1.2997788433152205e-17f,-9.872800494744734e-17f,-9.71445146547012e-17f,0f,0f,0f,1f], start_interpolation: 0, interpolation_duration: 1 }
data modify entity @s data merge value {"locators":{},"cameras":{"camera":{"posx":6.125,"posy":0.7940073281547497,"posz":1.341433694759237,"roty":97.85358918678403,"rotx":-16.276743153522407}}}