# This file was generated by Animated Java via MC-Build. It is not recommended to edit this file directly.
$data merge entity $(bone_left_eye) { transformation: [-9.957992501029599e-17f,-0.06161062084429168f,0.9981002611958285f,-1.1351422610340325f,0f,0.9981002611958285f,0.06161062084429168f,1.7102824987526253f,-1f,6.135181003512345e-18f,-9.939074916263744e-17f,0.24999999999999994f,0f,0f,0f,1f], start_interpolation: 0, interpolation_duration: 1 }
$data merge entity $(bone_right_eye) { transformation: [-9.957992501029599e-17f,-0.06161062084429168f,0.9981002611958285f,-1.1351422610340325f,0f,0.9981002611958285f,0.06161062084429168f,1.7102824987526253f,-1f,6.135181003512345e-18f,-9.939074916263744e-17f,-6.938893903907228e-17f,0f,0f,0f,1f], start_interpolation: 0, interpolation_duration: 1 }
$data merge entity $(bone_right_close) { transformation: [-9.957992501029599e-17f,-0.06161062084429168f,0.9981002611958285f,-1.1389929248368007f,0f,0.9981002611958285f,0.06161062084429168f,1.7726637650773645f,-1f,6.135181003512345e-18f,-9.939074916263744e-17f,-6.938893903907228e-17f,0f,0f,0f,1f], start_interpolation: 0, interpolation_duration: 1 }
$data merge entity $(bone_left_close) { transformation: [-9.957992501029599e-17f,-0.06161062084429168f,0.9981002611958285f,-1.1389929248368007f,0f,0.9981002611958285f,0.06161062084429168f,1.7726637650773645f,-1f,6.135181003512345e-18f,-9.939074916263744e-17f,0.24999999999999994f,0f,0f,0f,1f], start_interpolation: 0, interpolation_duration: 1 }
$data merge entity $(bone_left_eyebrow) { transformation: [-9.957992501029599e-17f,-0.06161062084429168f,0.9981002611958285f,-1.137515040582018f,0f,0.9981002611958285f,0.06161062084429168f,1.747707407883666f,-1f,6.135181003512345e-18f,-9.939074916263744e-17f,0.24999999999999994f,0f,0f,0f,1f], start_interpolation: 0, interpolation_duration: 1 }
$data merge entity $(bone_right_eyebrow) { transformation: [-9.957992501029599e-17f,-0.06161062084429168f,0.9981002611958285f,-1.137515040582018f,0f,0.9981002611958285f,0.06161062084429168f,1.747707407883666f,-1f,6.135181003512345e-18f,-9.939074916263744e-17f,-6.938893903907228e-17f,0f,0f,0f,1f], start_interpolation: 0, interpolation_duration: 1 }
$data merge entity $(bone_talking) { transformation: [-9.957992501029599e-17f,-0.06161062084429168f,0.9981002611958285f,-0.8078332741992631f,0f,0.9981002611958285f,0.06161062084429168f,1.4800107524675092f,-1f,6.135181003512345e-18f,-9.939074916263744e-17f,0.1249999999999999f,0f,0f,0f,1f], start_interpolation: 0, interpolation_duration: 1 }
$data merge entity $(bone_m_opened) { transformation: [-9.957992501029599e-17f,-0.06161062084429168f,0.9981002611958285f,-0.8078332741992631f,0f,0.9981002611958285f,0.06161062084429168f,1.4800107524675092f,-1f,6.135181003512345e-18f,-9.939074916263744e-17f,0.1249999999999999f,0f,0f,0f,1f], start_interpolation: 0, interpolation_duration: 1 }
$data merge entity $(bone_head) { transformation: [-9.957992501029599e-17f,-0.06161062084429168f,0.9981002611958285f,-0.8702145405240024f,0f,0.9981002611958285f,0.06161062084429168f,1.476160088664741f,-1f,6.135181003512345e-18f,-9.939074916263744e-17f,0.1249999999999999f,0f,0f,0f,1f], start_interpolation: 0, interpolation_duration: 1 }
$data merge entity $(item_display_r_item) { transformation: [-4.3566217192004496e-17f,-0.4374629244103385f,0.005695591835314161f,-0.9978880838424522f,0f,0.005695591835314161f,0.4374629244103385f,0.7279593380480436f,-0.4375f,4.3562525207566296e-17f,-5.671666078498381e-19f,-0.1875000000000001f,0f,0f,0f,1f], start_interpolation: 0, interpolation_duration: 1 }
$data merge entity $(bone_rightarm) { transformation: [-9.957992501029599e-17f,0.013018495623575002f,0.9999152557950595f,-0.8647621171033354f,0f,0.9999152557950595f,-0.013018495623575002f,1.351279060967009f,-1f,-1.2963808179424651e-18f,-9.957148618872296e-17f,-0.1875000000000001f,0f,0f,0f,1f], start_interpolation: 0, interpolation_duration: 1 }
$data merge entity $(item_display_l_item) { transformation: [-4.3566217192004496e-17f,-0.4353018423724949f,-0.0438013244903801f,-0.9265607513663621f,0f,-0.0438013244903801f,0.4353018423724949f,0.7169046220090504f,-0.4375f,4.334732482029673e-17f,4.361732608103692e-18f,0.4374999999999999f,0f,0f,0f,1f], start_interpolation: 0, interpolation_duration: 1 }
$data merge entity $(bone_leftarm) { transformation: [-9.957992501029599e-17f,-0.10011731312086902f,0.9949756397085598f,-0.8647621171033353f,0f,0.9949756397085598f,0.10011731312086902f,1.351279060967009f,-1f,9.96967453280846e-18f,-9.907959958924968e-17f,0.4374999999999999f,0f,0f,0f,1f], start_interpolation: 0, interpolation_duration: 1 }
$data merge entity $(bone_body) { transformation: [-9.957992501029599e-17f,-0.043619387365336f,0.9990482215818578f,-0.8375000000000004f,0f,0.9990482215818578f,0.043619387365336f,0.7268739224783478f,-1f,4.343615322835211e-18f,-9.948514698679097e-17f,0.1249999999999999f,0f,0f,0f,1f], start_interpolation: 0, interpolation_duration: 1 }
$data merge entity $(bone_leftleg) { transformation: [-9.957992501029599e-17f,0.12186934340514798f,0.992546151641322f,-0.8375000000000004f,0f,0.992546151641322f,-0.12186934340514798f,0.8022499999999998f,-1f,-1.2135740077338646e-17f,-9.883767134970071e-17f,0.2499999999999999f,0f,0f,0f,1f], start_interpolation: 0, interpolation_duration: 1 }
$data merge entity $(bone_rightleg) { transformation: [-9.957992501029599e-17f,-0.1725021845256431f,0.9850091351525025f,-0.8375000000000004f,0f,0.9850091351525025f,0.1725021845256431f,0.7438888888888889f,-1f,1.717775459917578e-17f,-9.808713581294271e-17f,-9.71445146547012e-17f,0f,0f,0f,1f], start_interpolation: 0, interpolation_duration: 1 }
data modify entity @s data merge value {"locators":{},"cameras":{"camera":{"posx":6.125,"posy":0.7948321751044345,"posz":1.3392887435210856,"roty":97.85358918678403,"rotx":-16.276743153522407}}}