# This file was generated by Animated Java via MC-Build. It is not recommended to edit this file directly.
$data merge entity $(bone_left_eye) { transformation: [-9.957992501029599e-17f,-0.050343219839849004f,0.9987319761658563f,-1.1574833395254291f,0f,0.9987319761658563f,0.050343219839849004f,1.6970094327895446f,-1f,5.013174056429009e-18f,-9.94536552919807e-17f,0.24999999999999992f,0f,0f,0f,1f], start_interpolation: 0, interpolation_duration: 1 }
$data merge entity $(bone_right_eye) { transformation: [-9.957992501029599e-17f,-0.050343219839849004f,0.9987319761658563f,-1.1574833395254291f,0f,0.9987319761658563f,0.050343219839849004f,1.6970094327895446f,-1f,5.013174056429009e-18f,-9.94536552919807e-17f,-8.326672684688674e-17f,0f,0f,0f,1f], start_interpolation: 0, interpolation_duration: 1 }
$data merge entity $(bone_right_close) { transformation: [-9.957992501029599e-17f,-0.050343219839849004f,0.9987319761658563f,-1.1606297907654195f,0f,0.9987319761658563f,0.050343219839849004f,1.7594301812999107f,-1f,5.013174056429009e-18f,-9.94536552919807e-17f,-8.326672684688674e-17f,0f,0f,0f,1f], start_interpolation: 0, interpolation_duration: 1 }
$data merge entity $(bone_left_close) { transformation: [-9.957992501029599e-17f,-0.050343219839849004f,0.9987319761658563f,-1.1606297907654195f,0f,0.9987319761658563f,0.050343219839849004f,1.7594301812999107f,-1f,5.013174056429009e-18f,-9.94536552919807e-17f,0.24999999999999992f,0f,0f,0f,1f], start_interpolation: 0, interpolation_duration: 1 }
$data merge entity $(bone_left_eyebrow) { transformation: [-9.957992501029599e-17f,-0.050343219839849004f,0.9987319761658563f,-1.1594336310179338f,0f,0.9987319761658563f,0.050343219839849004f,1.7344587354445242f,-1f,5.013174056429009e-18f,-9.94536552919807e-17f,0.24999999999999992f,0f,0f,0f,1f], start_interpolation: 0, interpolation_duration: 1 }
$data merge entity $(bone_right_eyebrow) { transformation: [-9.957992501029599e-17f,-0.050343219839849004f,0.9987319761658563f,-1.1594336310179338f,0f,0.9987319761658563f,0.050343219839849004f,1.7344587354445242f,-1f,5.013174056429009e-18f,-9.94536552919807e-17f,-8.326672684688674e-17f,0f,0f,0f,1f], start_interpolation: 0, interpolation_duration: 1 }
$data merge entity $(bone_talking) { transformation: [-9.957992501029599e-17f,-0.050343219839849004f,0.9987319761658563f,-0.8327937920136367f,0f,0.9987319761658563f,0.050343219839849004f,1.4630586949480333f,-1f,5.013174056429009e-18f,-9.94536552919807e-17f,0.12499999999999989f,0f,0f,0f,1f], start_interpolation: 0, interpolation_duration: 1 }
$data merge entity $(bone_m_opened) { transformation: [-9.957992501029599e-17f,-0.050343219839849004f,0.9987319761658563f,-0.8327937920136367f,0f,0.9987319761658563f,0.050343219839849004f,1.4630586949480333f,-1f,5.013174056429009e-18f,-9.94536552919807e-17f,0.12499999999999989f,0f,0f,0f,1f], start_interpolation: 0, interpolation_duration: 1 }
$data merge entity $(bone_head) { transformation: [-9.957992501029599e-17f,-0.050343219839849004f,0.9987319761658563f,-0.8952145405240027f,0f,0.9987319761658563f,0.050343219839849004f,1.4599122437080427f,-1f,5.013174056429009e-18f,-9.94536552919807e-17f,0.12499999999999989f,0f,0f,0f,1f], start_interpolation: 0, interpolation_duration: 1 }
$data merge entity $(item_display_r_item) { transformation: [-4.3566217192004496e-17f,-0.43735796839048063f,0.011147084163644187f,-1.030645942591536f,0f,0.011147084163644187f,0.43735796839048063f,0.7134189994992364f,-0.4375f,4.355207369497947e-17f,-1.1100258050991463e-18f,-0.18750000000000008f,0f,0f,0f,1f], start_interpolation: 0, interpolation_duration: 1 }
$data merge entity $(bone_rightarm) { transformation: [-9.957992501029599e-17f,0.025479049516900776f,0.9996753563210986f,-0.8897621171033357f,0f,0.9996753563210986f,-0.025479049516900776f,1.3350312160103104f,-1f,-2.537201840226598e-18f,-9.954759701709592e-17f,-0.1875000000000001f,0f,0f,0f,1f], start_interpolation: 0, interpolation_duration: 1 }
$data merge entity $(item_display_l_item) { transformation: [-4.3566217192004496e-17f,-0.43472215687902094f,-0.049222924724683745f,-0.9436499837477933f,0f,-0.049222924724683745f,0.43472215687902094f,0.6999358705475137f,-0.4375f,4.328959978232704e-17f,4.9016151528714526e-18f,0.4374999999999999f,0f,0f,0f,1f], start_interpolation: 0, interpolation_duration: 1 }
$data merge entity $(bone_leftarm) { transformation: [-9.957992501029599e-17f,-0.11250954222784879f,0.993650644294905f,-0.8897621171033356f,0f,0.993650644294905f,0.11250954222784879f,1.3350312160103104f,-1f,1.1203691777991913e-17f,-9.894765664531896e-17f,0.4374999999999999f,0f,0f,0f,1f], start_interpolation: 0, interpolation_duration: 1 }
$data merge entity $(bone_body) { transformation: [-9.957992501029599e-17f,-0.043619387365336f,0.9990482215818578f,-0.8625000000000007f,0f,0.9990482215818578f,0.043619387365336f,0.7106260775216494f,-1f,4.343615322835211e-18f,-9.948514698679097e-17f,0.12499999999999989f,0f,0f,0f,1f], start_interpolation: 0, interpolation_duration: 1 }
$data merge entity $(bone_leftleg) { transformation: [-9.957992501029599e-17f,0.15643446504023187f,0.9876883405951375f,-0.8625000000000007f,0f,0.9876883405951375f,-0.15643446504023187f,0.7867499999999995f,-1f,-1.5577732297732058e-17f,-9.835393089000749e-17f,0.2499999999999999f,0f,0f,0f,1f], start_interpolation: 0, interpolation_duration: 1 }
$data merge entity $(bone_rightleg) { transformation: [-9.957992501029599e-17f,-0.2079116908177603f,0.9781476007338055f,-0.8625000000000007f,0f,0.9781476007338055f,0.2079116908177603f,0.745f,-1f,2.0703830580396414e-17f,-9.740386473007329e-17f,-1.1102230246251565e-16f,0f,0f,0f,1f], start_interpolation: 0, interpolation_duration: 1 }
data modify entity @s data merge value {"locators":{},"cameras":{"camera":{"posx":6.125,"posy":0.7956501324413088,"posz":1.3372162336816642,"roty":97.85358918678403,"rotx":-16.276743153522407}}}