# This file was generated by Animated Java via MC-Build. It is not recommended to edit this file directly.
$data merge entity $(bone_left_eye) { transformation: [-9.957992501029599e-17f,-0.043619387365336f,0.9990482215818578f,-1.1808814427607999f,0f,0.9990482215818578f,0.043619387365336f,1.6854156541384733f,-1f,4.343615322835211e-18f,-9.948514698679097e-17f,0.24999999999999992f,0f,0f,0f,1f], start_interpolation: 0, interpolation_duration: 1 }
$data merge entity $(bone_right_eye) { transformation: [-9.957992501029599e-17f,-0.043619387365336f,0.9990482215818578f,-1.1808814427607999f,0f,0.9990482215818578f,0.043619387365336f,1.6854156541384733f,-1f,4.343615322835211e-18f,-9.948514698679097e-17f,-8.326672684688674e-17f,0f,0f,0f,1f], start_interpolation: 0, interpolation_duration: 1 }
$data merge entity $(bone_right_close) { transformation: [-9.957992501029599e-17f,-0.043619387365336f,0.9990482215818578f,-1.1836076544711331f,0f,0.9990482215818578f,0.043619387365336f,1.7478561679873392f,-1f,4.343615322835211e-18f,-9.948514698679097e-17f,-8.326672684688674e-17f,0f,0f,0f,1f], start_interpolation: 0, interpolation_duration: 1 }
$data merge entity $(bone_left_close) { transformation: [-9.957992501029599e-17f,-0.043619387365336f,0.9990482215818578f,-1.1836076544711331f,0f,0.9990482215818578f,0.043619387365336f,1.7478561679873392f,-1f,4.343615322835211e-18f,-9.948514698679097e-17f,0.24999999999999992f,0f,0f,0f,1f], start_interpolation: 0, interpolation_duration: 1 }
$data merge entity $(bone_left_eyebrow) { transformation: [-9.957992501029599e-17f,-0.043619387365336f,0.9990482215818578f,-1.1825796103008486f,0f,0.9990482215818578f,0.043619387365336f,1.7228772362360827f,-1f,4.343615322835211e-18f,-9.948514698679097e-17f,0.24999999999999992f,0f,0f,0f,1f], start_interpolation: 0, interpolation_duration: 1 }
$data merge entity $(bone_right_eyebrow) { transformation: [-9.957992501029599e-17f,-0.043619387365336f,0.9990482215818578f,-1.1825796103008486f,0f,0.9990482215818578f,0.043619387365336f,1.7228772362360827f,-1f,4.343615322835211e-18f,-9.948514698679097e-17f,-8.326672684688674e-17f,0f,0f,0f,1f], start_interpolation: 0, interpolation_duration: 1 }
$data merge entity $(bone_talking) { transformation: [-9.957992501029599e-17f,-0.043619387365336f,0.9990482215818578f,-0.8577740266751352f,0f,0.9990482215818578f,0.043619387365336f,1.4492846572946763f,-1f,4.343615322835211e-18f,-9.948514698679097e-17f,0.12499999999999989f,0f,0f,0f,1f], start_interpolation: 0, interpolation_duration: 1 }
$data merge entity $(bone_m_opened) { transformation: [-9.957992501029599e-17f,-0.043619387365336f,0.9990482215818578f,-0.8577740266751352f,0f,0.9990482215818578f,0.043619387365336f,1.4492846572946763f,-1f,4.343615322835211e-18f,-9.948514698679097e-17f,0.12499999999999989f,0f,0f,0f,1f], start_interpolation: 0, interpolation_duration: 1 }
$data merge entity $(bone_head) { transformation: [-9.957992501029599e-17f,-0.043619387365336f,0.9990482215818578f,-0.9202145405240013f,0f,0.9990482215818578f,0.043619387365336f,1.4465584455843428f,-1f,4.343615322835211e-18f,-9.948514698679097e-17f,0.12499999999999989f,0f,0f,0f,1f], start_interpolation: 0, interpolation_duration: 1 }
$data merge entity $(item_display_r_item) { transformation: [-4.3566217192004496e-17f,-0.43722972308453767f,0.015375930912257463f,-1.0616505107164271f,0f,0.015375930912257463f,0.43722972308453767f,0.7014566508836302f,-0.4375f,4.3539303037030746e-17f,-1.5311340472060903e-18f,-0.18750000000000008f,0f,0f,0f,1f], start_interpolation: 0, interpolation_duration: 1 }
$data merge entity $(bone_rightarm) { transformation: [-9.957992501029599e-17f,0.03514498494230255f,0.999382224193229f,-0.9147621171033343f,0f,0.999382224193229f,-0.03514498494230255f,1.3216774178866104f,-1f,-3.49973496504247e-18f,-9.951840694178456e-17f,-0.1875000000000001f,0f,0f,0f,1f], start_interpolation: 0, interpolation_duration: 1 }
$data merge entity $(item_display_l_item) { transformation: [-4.3566217192004496e-17f,-0.434225831305844f,-0.053424502119801445f,-0.9625059230195732f,0f,-0.053424502119801445f,0.434225831305844f,0.6860906582726042f,-0.4375f,4.324017571896938e-17f,5.320007914802228e-18f,0.4374999999999999f,0f,0f,0f,1f], start_interpolation: 0, interpolation_duration: 1 }
$data merge entity $(bone_leftarm) { transformation: [-9.957992501029599e-17f,-0.12211314770240353f,0.9925161858419292f,-0.9147621171033342f,0f,0.9925161858419292f,0.12211314770240353f,1.3216774178866104f,-1f,1.2160018090976543e-17f,-9.883468735764431e-17f,0.4374999999999999f,0f,0f,0f,1f], start_interpolation: 0, interpolation_duration: 1 }
$data merge entity $(bone_body) { transformation: [-9.957992501029599e-17f,-0.043619387365336f,0.9990482215818578f,-0.8874999999999993f,0f,0.9990482215818578f,0.043619387365336f,0.6972722793979494f,-1f,4.343615322835211e-18f,-9.948514698679097e-17f,0.12499999999999989f,0f,0f,0f,1f], start_interpolation: 0, interpolation_duration: 1 }
$data merge entity $(bone_leftleg) { transformation: [-9.957992501029599e-17f,0.1908089953765438f,0.9816271834476642f,-0.8874999999999993f,0f,0.9816271834476642f,-0.1908089953765438f,0.7701250000000004f,-1f,-1.9000745450886145e-17f,-9.775036131578646e-17f,0.2499999999999999f,0f,0f,0f,1f], start_interpolation: 0, interpolation_duration: 1 }
$data merge entity $(bone_rightleg) { transformation: [-9.957992501029599e-17f,-0.23514211310258945f,0.9719610005785464f,-0.8874999999999993f,0f,0.9719610005785464f,0.23514211310258945f,0.7463888888888889f,-1f,2.3415433989518394e-17f,-9.678780355054391e-17f,-1.1102230246251565e-16f,0f,0f,0f,1f], start_interpolation: 0, interpolation_duration: 1 }
data modify entity @s data merge value {"locators":{},"cameras":{"camera":{"posx":6.125,"posy":0.7964611733749141,"posz":1.3352174511829642,"roty":97.85358918678403,"rotx":-16.276743153522407}}}