# This file was generated by Animated Java via MC-Build. It is not recommended to edit this file directly.
$data merge entity $(bone_left_eye) { transformation: [-9.957992501029599e-17f,-0.046746873123450855f,0.9989067673477741f,-1.2066279506418078f,0f,0.9989067673477741f,0.046746873123450855f,1.677053264175951f,-1f,4.655050120099058e-18f,-9.947106098476853e-17f,0.24999999999999992f,0f,0f,0f,1f], start_interpolation: 0, interpolation_duration: 1 }
$data merge entity $(bone_right_eye) { transformation: [-9.957992501029599e-17f,-0.046746873123450855f,0.9989067673477741f,-1.2066279506418078f,0f,0.9989067673477741f,0.046746873123450855f,1.677053264175951f,-1f,4.655050120099058e-18f,-9.947106098476853e-17f,-8.326672684688674e-17f,0f,0f,0f,1f], start_interpolation: 0, interpolation_duration: 1 }
$data merge entity $(bone_right_close) { transformation: [-9.957992501029599e-17f,-0.046746873123450855f,0.9989067673477741f,-1.2095496302120234f,0f,0.9989067673477741f,0.046746873123450855f,1.739484937135187f,-1f,4.655050120099058e-18f,-9.947106098476853e-17f,-8.326672684688674e-17f,0f,0f,0f,1f], start_interpolation: 0, interpolation_duration: 1 }
$data merge entity $(bone_left_close) { transformation: [-9.957992501029599e-17f,-0.046746873123450855f,0.9989067673477741f,-1.2095496302120234f,0f,0.9989067673477741f,0.046746873123450855f,1.739484937135187f,-1f,4.655050120099058e-18f,-9.947106098476853e-17f,0.24999999999999992f,0f,0f,0f,1f], start_interpolation: 0, interpolation_duration: 1 }
$data merge entity $(bone_left_eyebrow) { transformation: [-9.957992501029599e-17f,-0.046746873123450855f,0.9989067673477741f,-1.2084433900568965f,0f,0.9989067673477741f,0.046746873123450855f,1.7145093462719225f,-1f,4.655050120099058e-18f,-9.947106098476853e-17f,0.24999999999999992f,0f,0f,0f,1f], start_interpolation: 0, interpolation_duration: 1 }
$data merge entity $(bone_right_eyebrow) { transformation: [-9.957992501029599e-17f,-0.046746873123450855f,0.9989067673477741f,-1.2084433900568965f,0f,0.9989067673477741f,0.046746873123450855f,1.7145093462719225f,-1f,4.655050120099058e-18f,-9.947106098476853e-17f,-8.326672684688674e-17f,0f,0f,0f,1f], start_interpolation: 0, interpolation_duration: 1 }
$data merge entity $(bone_talking) { transformation: [-9.957992501029599e-17f,-0.046746873123450855f,0.9989067673477741f,-0.8827828675647658f,0f,0.9989067673477741f,0.046746873123450855f,1.4419349701900859f,-1f,4.655050120099058e-18f,-9.947106098476853e-17f,0.12499999999999989f,0f,0f,0f,1f], start_interpolation: 0, interpolation_duration: 1 }
$data merge entity $(bone_m_opened) { transformation: [-9.957992501029599e-17f,-0.046746873123450855f,0.9989067673477741f,-0.8827828675647658f,0f,0.9989067673477741f,0.046746873123450855f,1.4419349701900859f,-1f,4.655050120099058e-18f,-9.947106098476853e-17f,0.12499999999999989f,0f,0f,0f,1f], start_interpolation: 0, interpolation_duration: 1 }
$data merge entity $(bone_head) { transformation: [-9.957992501029599e-17f,-0.046746873123450855f,0.9989067673477741f,-0.9452145405240017f,0f,0.9989067673477741f,0.046746873123450855f,1.4390132906198703f,-1f,4.655050120099058e-18f,-9.947106098476853e-17f,0.12499999999999989f,0f,0f,0f,1f], start_interpolation: 0, interpolation_duration: 1 }
$data merge entity $(item_display_r_item) { transformation: [-4.3566217192004496e-17f,-0.4371249518069439f,0.01811150208505635f,-1.0905285348839704f,0f,0.01811150208505635f,0.4371249518069439f,0.6948427609365201f,-0.4375f,4.352886992106472e-17f,-1.803542019453731e-18f,-0.18750000000000008f,0f,0f,0f,1f], start_interpolation: 0, interpolation_duration: 1 }
$data merge entity $(bone_rightarm) { transformation: [-9.957992501029599e-17f,0.04139771905155715f,0.9991427469873003f,-0.9397621171033347f,0f,0.9991427469873003f,-0.04139771905155715f,1.3141322629221381f,-1f,-4.122381758751363e-18f,-9.94945598195765e-17f,-0.1875000000000001f,0f,0f,0f,1f], start_interpolation: 0, interpolation_duration: 1 }
$data merge entity $(item_display_l_item) { transformation: [-4.3566217192004496e-17f,-0.43388303797718847f,-0.05614053219987901f,-0.9835279390969897f,0f,-0.05614053219987901f,0.43388303797718847f,0.6782591994690463f,-0.4375f,4.320604038500783e-17f,5.5904699865020595e-18f,0.4374999999999999f,0f,0f,0f,1f], start_interpolation: 0, interpolation_duration: 1 }
$data merge entity $(bone_leftarm) { transformation: [-9.957992501029599e-17f,-0.12832121645686653f,0.9917326582335736f,-0.9397621171033346f,0f,0.9917326582335736f,0.12832121645686653f,1.3141322629221381f,-1f,1.2778217112004728e-17f,-9.875666373716076e-17f,0.4374999999999999f,0f,0f,0f,1f], start_interpolation: 0, interpolation_duration: 1 }
$data merge entity $(bone_body) { transformation: [-9.957992501029599e-17f,-0.043619387365336f,0.9990482215818578f,-0.9124999999999996f,0f,0.9990482215818578f,0.043619387365336f,0.689727124433477f,-1f,4.343615322835211e-18f,-9.948514698679097e-17f,0.12499999999999989f,0f,0f,0f,1f], start_interpolation: 0, interpolation_duration: 1 }
$data merge entity $(bone_leftleg) { transformation: [-9.957992501029599e-17f,0.2249510543438645f,0.9743700647852354f,-0.9124999999999996f,0f,0.9743700647852354f,-0.2249510543438645f,0.7565000000000002f,-1f,-2.2400609122549043e-17f,-9.702769798359098e-17f,0.2499999999999999f,0f,0f,0f,1f], start_interpolation: 0, interpolation_duration: 1 }
$data merge entity $(bone_rightleg) { transformation: [-9.957992501029599e-17f,-0.25263230592740155f,0.9675623587148292f,-0.9124999999999996f,0f,0.9675623587148292f,0.25263230592740155f,0.7480555555555555f,-1f,2.51571060794288e-17f,-9.634978712360779e-17f,-1.1102230246251565e-16f,0f,0f,0f,1f], start_interpolation: 0, interpolation_duration: 1 }
data modify entity @s data merge value {"locators":{},"cameras":{"camera":{"posx":6.125,"posy":0.7972652711147924,"posz":1.3332936819669718,"roty":97.85358918678403,"rotx":-16.276743153522407}}}