# This file was generated by Animated Java via MC-Build. It is not recommended to edit this file directly.
$data merge entity $(bone_left_eye) { transformation: [-9.957992501029599e-17f,-0.08096715519111336f,0.9967167700908108f,-1.2646355218444834f,0f,0.9967167700908108f,0.08096715519111336f,1.6677979998906352f,-1f,8.062703242228067e-18f,-9.925298122214737e-17f,0.24999999999999992f,0f,0f,0f,1f], start_interpolation: 0, interpolation_duration: 1 }
$data merge entity $(bone_right_eye) { transformation: [-9.957992501029599e-17f,-0.08096715519111336f,0.9967167700908108f,-1.2646355218444834f,0f,0.9967167700908108f,0.08096715519111336f,1.6677979998906352f,-1f,8.062703242228067e-18f,-9.925298122214737e-17f,-8.326672684688674e-17f,0f,0f,0f,1f], start_interpolation: 0, interpolation_duration: 1 }
$data merge entity $(bone_right_close) { transformation: [-9.957992501029599e-17f,-0.08096715519111336f,0.9967167700908108f,-1.269695969043928f,0f,0.9967167700908108f,0.08096715519111336f,1.7300927980213108f,-1f,8.062703242228067e-18f,-9.925298122214737e-17f,-8.326672684688674e-17f,0f,0f,0f,1f], start_interpolation: 0, interpolation_duration: 1 }
$data merge entity $(bone_left_close) { transformation: [-9.957992501029599e-17f,-0.08096715519111336f,0.9967167700908108f,-1.269695969043928f,0f,0.9967167700908108f,0.08096715519111336f,1.7300927980213108f,-1f,8.062703242228067e-18f,-9.925298122214737e-17f,0.24999999999999992f,0f,0f,0f,1f], start_interpolation: 0, interpolation_duration: 1 }
$data merge entity $(bone_left_eyebrow) { transformation: [-9.957992501029599e-17f,-0.08096715519111336f,0.9967167700908108f,-1.267734084962281f,0f,0.9967167700908108f,0.08096715519111336f,1.7051698183218413f,-1f,8.062703242228067e-18f,-9.925298122214737e-17f,0.24999999999999992f,0f,0f,0f,1f], start_interpolation: 0, interpolation_duration: 1 }
$data merge entity $(bone_right_eyebrow) { transformation: [-9.957992501029599e-17f,-0.08096715519111336f,0.9967167700908108f,-1.267734084962281f,0f,0.9967167700908108f,0.08096715519111336f,1.7051698183218413f,-1f,8.062703242228067e-18f,-9.925298122214737e-17f,-8.326672684688674e-17f,0f,0f,0f,1f], start_interpolation: 0, interpolation_duration: 1 }
$data merge entity $(bone_talking) { transformation: [-9.957992501029599e-17f,-0.08096715519111336f,0.9967167700908108f,-0.9329197423933266f,0f,0.9967167700908108f,0.08096715519111336f,1.4439210433651555f,-1f,8.062703242228067e-18f,-9.925298122214737e-17f,0.12499999999999989f,0f,0f,0f,1f], start_interpolation: 0, interpolation_duration: 1 }
$data merge entity $(bone_m_opened) { transformation: [-9.957992501029599e-17f,-0.08096715519111336f,0.9967167700908108f,-0.9329197423933266f,0f,0.9967167700908108f,0.08096715519111336f,1.4439210433651555f,-1f,8.062703242228067e-18f,-9.925298122214737e-17f,0.12499999999999989f,0f,0f,0f,1f], start_interpolation: 0, interpolation_duration: 1 }
$data merge entity $(bone_head) { transformation: [-9.957992501029599e-17f,-0.08096715519111336f,0.9967167700908108f,-0.9952145405240024f,0f,0.9967167700908108f,0.08096715519111336f,1.4388605961657108f,-1f,8.062703242228067e-18f,-9.925298122214737e-17f,0.12499999999999989f,0f,0f,0f,1f], start_interpolation: 0, interpolation_duration: 1 }
$data merge entity $(item_display_r_item) { transformation: [-4.3566217192004496e-17f,-0.4371249518069439f,0.01811150208505635f,-1.140528534883971f,0f,0.01811150208505635f,0.4371249518069439f,0.6946900664823606f,-0.4375f,4.352886992106472e-17f,-1.803542019453731e-18f,-0.18750000000000008f,0f,0f,0f,1f], start_interpolation: 0, interpolation_duration: 1 }
$data merge entity $(bone_rightarm) { transformation: [-9.957992501029599e-17f,0.04139771905155715f,0.9991427469873003f,-0.9897621171033354f,0f,0.9991427469873003f,-0.04139771905155715f,1.3139795684679787f,-1f,-4.122381758751363e-18f,-9.94945598195765e-17f,-0.1875000000000001f,0f,0f,0f,1f], start_interpolation: 0, interpolation_duration: 1 }
$data merge entity $(item_display_l_item) { transformation: [-4.3566217192004496e-17f,-0.43388303797718847f,-0.05614053219987901f,-1.0335279390969905f,0f,-0.05614053219987901f,0.43388303797718847f,0.6781065050148869f,-0.4375f,4.320604038500783e-17f,5.5904699865020595e-18f,0.4374999999999999f,0f,0f,0f,1f], start_interpolation: 0, interpolation_duration: 1 }
$data merge entity $(bone_leftarm) { transformation: [-9.957992501029599e-17f,-0.12832121645686653f,0.9917326582335736f,-0.9897621171033353f,0f,0.9917326582335736f,0.12832121645686653f,1.3139795684679787f,-1f,1.2778217112004728e-17f,-9.875666373716076e-17f,0.4374999999999999f,0f,0f,0f,1f], start_interpolation: 0, interpolation_duration: 1 }
$data merge entity $(bone_body) { transformation: [-9.957992501029599e-17f,-0.043619387365336f,0.9990482215818578f,-0.9625000000000004f,0f,0.9990482215818578f,0.043619387365336f,0.6895744299793175f,-1f,4.343615322835211e-18f,-9.948514698679097e-17f,0.12499999999999989f,0f,0f,0f,1f], start_interpolation: 0, interpolation_duration: 1 }
$data merge entity $(bone_leftleg) { transformation: [-9.957992501029599e-17f,0.2249510543438645f,0.9743700647852354f,-0.9625000000000004f,0f,0.9743700647852354f,-0.2249510543438645f,0.7500138888888889f,-1f,-2.2400609122549043e-17f,-9.702769798359098e-17f,0.2499999999999999f,0f,0f,0f,1f], start_interpolation: 0, interpolation_duration: 1 }
$data merge entity $(bone_rightleg) { transformation: [-9.957992501029599e-17f,-0.2523696076373327f,0.9676309116295214f,-0.9625000000000004f,0f,0.9676309116295214f,0.2523696076373327f,0.7595000000000002f,-1f,2.513094660340341e-17f,-9.635661361771209e-17f,-1.1102230246251565e-16f,0f,0f,0f,1f], start_interpolation: 0, interpolation_duration: 1 }
data modify entity @s data merge value {"locators":{},"cameras":{"camera":{"posx":6.125,"posy":0.7988525298515359,"posz":1.3296763271510719,"roty":97.85358918678403,"rotx":-16.276743153522407}}}