# This file was generated by Animated Java via MC-Build. It is not recommended to edit this file directly.
$data merge entity $(bone_left_eye) { transformation: [-9.957992501029599e-17f,-0.09784830980849668f,0.9952013405676364f,-1.293476953118036f,0f,0.9952013405676364f,0.09784830980849668f,1.669532889287424f,-1f,9.743727353114309e-18f,-9.910207486387127e-17f,0.2499999999999999f,0f,0f,0f,1f], start_interpolation: 0, interpolation_duration: 1 }
$data merge entity $(bone_right_eye) { transformation: [-9.957992501029599e-17f,-0.09784830980849668f,0.9952013405676364f,-1.293476953118036f,0f,0.9952013405676364f,0.09784830980849668f,1.669532889287424f,-1f,9.743727353114309e-18f,-9.910207486387127e-17f,-9.71445146547012e-17f,0f,0f,0f,1f], start_interpolation: 0, interpolation_duration: 1 }
$data merge entity $(bone_right_close) { transformation: [-9.957992501029599e-17f,-0.09784830980849668f,0.9952013405676364f,-1.299592472481067f,0f,0.9952013405676364f,0.09784830980849668f,1.7317329730729012f,-1f,9.743727353114309e-18f,-9.910207486387127e-17f,-9.71445146547012e-17f,0f,0f,0f,1f], start_interpolation: 0, interpolation_duration: 1 }
$data merge entity $(bone_left_close) { transformation: [-9.957992501029599e-17f,-0.09784830980849668f,0.9952013405676364f,-1.299592472481067f,0f,0.9952013405676364f,0.09784830980849668f,1.7317329730729012f,-1f,9.743727353114309e-18f,-9.910207486387127e-17f,0.2499999999999999f,0f,0f,0f,1f], start_interpolation: 0, interpolation_duration: 1 }
$data merge entity $(bone_left_eyebrow) { transformation: [-9.957992501029599e-17f,-0.09784830980849668f,0.9952013405676364f,-1.2972084648196403f,0f,0.9952013405676364f,0.09784830980849668f,1.7068468240393473f,-1f,9.743727353114309e-18f,-9.910207486387127e-17f,0.2499999999999999f,0f,0f,0f,1f], start_interpolation: 0, interpolation_duration: 1 }
$data merge entity $(bone_right_eyebrow) { transformation: [-9.957992501029599e-17f,-0.09784830980849668f,0.9952013405676364f,-1.2972084648196403f,0f,0.9952013405676364f,0.09784830980849668f,1.7068468240393473f,-1f,9.743727353114309e-18f,-9.910207486387127e-17f,-9.71445146547012e-17f,0f,0f,0f,1f], start_interpolation: 0, interpolation_duration: 1 }
$data merge entity $(bone_talking) { transformation: [-9.957992501029599e-17f,-0.09784830980849668f,0.9952013405676364f,-0.9580144567385254f,0f,0.9952013405676364f,0.09784830980849668f,1.45131015096067f,-1f,9.743727353114309e-18f,-9.910207486387127e-17f,0.12499999999999988f,0f,0f,0f,1f], start_interpolation: 0, interpolation_duration: 1 }
$data merge entity $(bone_m_opened) { transformation: [-9.957992501029599e-17f,-0.09784830980849668f,0.9952013405676364f,-0.9580144567385254f,0f,0.9952013405676364f,0.09784830980849668f,1.45131015096067f,-1f,9.743727353114309e-18f,-9.910207486387127e-17f,0.12499999999999988f,0f,0f,0f,1f], start_interpolation: 0, interpolation_duration: 1 }
$data merge entity $(bone_head) { transformation: [-9.957992501029599e-17f,-0.09784830980849668f,0.9952013405676364f,-1.0202145405240026f,0f,0.9952013405676364f,0.09784830980849668f,1.445194631597639f,-1f,9.743727353114309e-18f,-9.910207486387127e-17f,0.12499999999999988f,0f,0f,0f,1f], start_interpolation: 0, interpolation_duration: 1 }
$data merge entity $(item_display_r_item) { transformation: [-4.3566217192004496e-17f,-0.43722972308453767f,0.01537593091225744f,-1.1616505107164283f,0f,0.01537593091225744f,0.43722972308453767f,0.7000928368969264f,-0.4375f,4.3539303037030746e-17f,-1.5311340472060876e-18f,-0.18750000000000008f,0f,0f,0f,1f], start_interpolation: 0, interpolation_duration: 1 }
$data merge entity $(bone_rightarm) { transformation: [-9.957992501029599e-17f,0.0351449849423025f,0.999382224193229f,-1.0147621171033356f,0f,0.999382224193229f,-0.0351449849423025f,1.3203136038999066f,-1f,-3.499734965042464e-18f,-9.951840694178456e-17f,-0.1875000000000001f,0f,0f,0f,1f], start_interpolation: 0, interpolation_duration: 1 }
$data merge entity $(item_display_l_item) { transformation: [-4.3566217192004496e-17f,-0.434225831305844f,-0.053424502119801424f,-1.0625059230195746f,0f,-0.053424502119801424f,0.434225831305844f,0.6847268442859004f,-0.4375f,4.324017571896938e-17f,5.320007914802226e-18f,0.4374999999999999f,0f,0f,0f,1f], start_interpolation: 0, interpolation_duration: 1 }
$data merge entity $(bone_leftarm) { transformation: [-9.957992501029599e-17f,-0.12211314770240347f,0.9925161858419292f,-1.0147621171033356f,0f,0.9925161858419292f,0.12211314770240347f,1.3203136038999066f,-1f,1.2160018090976537e-17f,-9.883468735764431e-17f,0.4374999999999999f,0f,0f,0f,1f], start_interpolation: 0, interpolation_duration: 1 }
$data merge entity $(bone_body) { transformation: [-9.957992501029599e-17f,-0.043619387365336f,0.9990482215818578f,-0.9875000000000007f,0f,0.9990482215818578f,0.043619387365336f,0.6959084654112455f,-1f,4.343615322835211e-18f,-9.948514698679097e-17f,0.12499999999999988f,0f,0f,0f,1f], start_interpolation: 0, interpolation_duration: 1 }
$data merge entity $(bone_leftleg) { transformation: [-9.957992501029599e-17f,0.1908089953765438f,0.9816271834476642f,-0.9875000000000007f,0f,0.9816271834476642f,-0.1908089953765438f,0.751013888888889f,-1f,-1.9000745450886145e-17f,-9.775036131578646e-17f,0.2499999999999999f,0f,0f,0f,1f], start_interpolation: 0, interpolation_duration: 1 }
$data merge entity $(bone_rightleg) { transformation: [-9.957992501029599e-17f,-0.23416185613079826f,0.9721976265828771f,-0.9875000000000007f,0f,0.9721976265828771f,0.23416185613079826f,0.7735000000000004f,-1f,2.3317820073776608e-17f,-9.681136675031064e-17f,-1.249000902703301e-16f,0f,0f,0f,1f], start_interpolation: 0, interpolation_duration: 1 }
data modify entity @s data merge value {"locators":{},"cameras":{"camera":{"posx":6.125,"posy":0.7996356372674848,"posz":1.3279853134351434,"roty":97.85358918678403,"rotx":-16.276743153522407}}}