# This file was generated by Animated Java via MC-Build. It is not recommended to edit this file directly.
$data merge entity $(bone_left_eye) { transformation: [-9.957992501029599e-17f,-0.11469996850273391f,0.9934001797993958f,-1.3222395775995337f,0f,0.9934001797993958f,0.11469996850273391f,1.675081261650686f,-1f,1.1421814262185554e-17f,-9.892271540963839e-17f,0.2499999999999999f,0f,0f,0f,1f], start_interpolation: 0, interpolation_duration: 1 }
$data merge entity $(bone_right_eye) { transformation: [-9.957992501029599e-17f,-0.11469996850273391f,0.9934001797993958f,-1.3222395775995337f,0f,0.9934001797993958f,0.11469996850273391f,1.675081261650686f,-1f,1.1421814262185554e-17f,-9.892271540963839e-17f,-9.71445146547012e-17f,0f,0f,0f,1f], start_interpolation: 0, interpolation_duration: 1 }
$data merge entity $(bone_right_close) { transformation: [-9.957992501029599e-17f,-0.11469996850273391f,0.9934001797993958f,-1.3294083256309546f,0f,0.9934001797993958f,0.11469996850273391f,1.7371687728881482f,-1f,1.1421814262185554e-17f,-9.892271540963839e-17f,-9.71445146547012e-17f,0f,0f,0f,1f], start_interpolation: 0, interpolation_duration: 1 }
$data merge entity $(bone_left_close) { transformation: [-9.957992501029599e-17f,-0.11469996850273391f,0.9934001797993958f,-1.3294083256309546f,0f,0.9934001797993958f,0.11469996850273391f,1.7371687728881482f,-1f,1.1421814262185554e-17f,-9.892271540963839e-17f,0.2499999999999999f,0f,0f,0f,1f], start_interpolation: 0, interpolation_duration: 1 }
$data merge entity $(bone_left_eyebrow) { transformation: [-9.957992501029599e-17f,-0.11469996850273391f,0.9934001797993958f,-1.3266029139296236f,0f,0.9934001797993958f,0.11469996850273391f,1.712326599645132f,-1f,1.1421814262185554e-17f,-9.892271540963839e-17f,0.2499999999999999f,0f,0f,0f,1f], start_interpolation: 0, interpolation_duration: 1 }
$data merge entity $(bone_right_eyebrow) { transformation: [-9.957992501029599e-17f,-0.11469996850273391f,0.9934001797993958f,-1.3266029139296238f,0f,0.9934001797993958f,0.11469996850273391f,1.712326599645132f,-1f,1.1421814262185554e-17f,-9.892271540963839e-17f,-9.71445146547012e-17f,0f,0f,0f,1f], start_interpolation: 0, interpolation_duration: 1 }
$data merge entity $(bone_talking) { transformation: [-9.957992501029599e-17f,-0.11469996850273391f,0.9934001797993958f,-0.983127029286539f,0f,0.9934001797993958f,0.11469996850273391f,1.4625749568579414f,-1f,1.1421814262185554e-17f,-9.892271540963839e-17f,0.12499999999999988f,0f,0f,0f,1f], start_interpolation: 0, interpolation_duration: 1 }
$data merge entity $(bone_m_opened) { transformation: [-9.957992501029599e-17f,-0.11469996850273391f,0.9934001797993958f,-0.983127029286539f,0f,0.9934001797993958f,0.11469996850273391f,1.4625749568579414f,-1f,1.1421814262185554e-17f,-9.892271540963839e-17f,0.12499999999999988f,0f,0f,0f,1f], start_interpolation: 0, interpolation_duration: 1 }
$data merge entity $(bone_head) { transformation: [-9.957992501029599e-17f,-0.11469996850273391f,0.9934001797993958f,-1.0452145405240012f,0f,0.9934001797993958f,0.11469996850273391f,1.4554062088265205f,-1f,1.1421814262185554e-17f,-9.892271540963839e-17f,0.12499999999999988f,0f,0f,0f,1f], start_interpolation: 0, interpolation_duration: 1 }
$data merge entity $(item_display_r_item) { transformation: [-4.3566217192004496e-17f,-0.43735796839048063f,0.011147084163644193f,-1.1806459425915345f,0f,0.011147084163644193f,0.43735796839048063f,0.7089129646177144f,-0.4375f,4.355207369497947e-17f,-1.1100258050991468e-18f,-0.18750000000000008f,0f,0f,0f,1f], start_interpolation: 0, interpolation_duration: 1 }
$data merge entity $(bone_rightarm) { transformation: [-9.957992501029599e-17f,0.02547904951690079f,0.9996753563210986f,-1.0397621171033342f,0f,0.9996753563210986f,-0.02547904951690079f,1.3305251811287884f,-1f,-2.5372018402265995e-18f,-9.954759701709592e-17f,-0.1875000000000001f,0f,0f,0f,1f], start_interpolation: 0, interpolation_duration: 1 }
$data merge entity $(item_display_l_item) { transformation: [-4.3566217192004496e-17f,-0.43472215687902094f,-0.04922292472468375f,-1.0936499837477918f,0f,-0.04922292472468375f,0.43472215687902094f,0.6954298356659917f,-0.4375f,4.328959978232704e-17f,4.9016151528714526e-18f,0.4374999999999999f,0f,0f,0f,1f], start_interpolation: 0, interpolation_duration: 1 }
$data merge entity $(bone_leftarm) { transformation: [-9.957992501029599e-17f,-0.1125095422278488f,0.993650644294905f,-1.0397621171033342f,0f,0.993650644294905f,0.1125095422278488f,1.3305251811287884f,-1f,1.1203691777991913e-17f,-9.894765664531896e-17f,0.4374999999999999f,0f,0f,0f,1f], start_interpolation: 0, interpolation_duration: 1 }
$data merge entity $(bone_body) { transformation: [-9.957992501029599e-17f,-0.043619387365336f,0.9990482215818578f,-1.0124999999999993f,0f,0.9990482215818578f,0.043619387365336f,0.7061200426401273f,-1f,4.343615322835211e-18f,-9.948514698679097e-17f,0.12499999999999988f,0f,0f,0f,1f], start_interpolation: 0, interpolation_duration: 1 }
$data merge entity $(bone_leftleg) { transformation: [-9.957992501029599e-17f,0.15643446504023187f,0.9876883405951375f,-1.0124999999999993f,0f,0.9876883405951375f,-0.15643446504023187f,0.752875f,-1f,-1.5577732297732058e-17f,-9.835393089000749e-17f,0.2499999999999999f,0f,0f,0f,1f], start_interpolation: 0, interpolation_duration: 1 }
$data merge entity $(bone_rightleg) { transformation: [-9.957992501029599e-17f,-0.20586260876988222f,0.978580904325472f,-1.0124999999999993f,0f,0.978580904325472f,0.20586260876988222f,0.7889999999999996f,-1f,2.049978314372877e-17f,-9.744701306923813e-17f,-1.249000902703301e-16f,0f,0f,0f,1f], start_interpolation: 0, interpolation_duration: 1 }
data modify entity @s data merge value {"locators":{},"cameras":{"camera":{"posx":6.125,"posy":0.8004116943278742,"posz":1.326374456769882,"roty":97.85358918678403,"rotx":-16.276743153522407}}}