# This file was generated by Animated Java via MC-Build. It is not recommended to edit this file directly.
$data merge entity $(bone_left_eye) { transformation: [-9.957992501029599e-17f,-0.12706876343796092f,0.9918939103343399f,-1.3499552089670768f,0f,0.9918939103343399f,0.12706876343796092f,1.684242452910488f,-1f,1.2653497934303192e-17f,-9.877272120926283e-17f,0.2499999999999999f,0f,0f,0f,1f], start_interpolation: 0, interpolation_duration: 1 }
$data merge entity $(bone_right_eye) { transformation: [-9.957992501029599e-17f,-0.12706876343796092f,0.9918939103343399f,-1.3499552089670768f,0f,0.9918939103343399f,0.12706876343796092f,1.684242452910488f,-1f,1.2653497934303192e-17f,-9.877272120926283e-17f,-9.71445146547012e-17f,0f,0f,0f,1f], start_interpolation: 0, interpolation_duration: 1 }
$data merge entity $(bone_right_close) { transformation: [-9.957992501029599e-17f,-0.12706876343796092f,0.9918939103343399f,-1.3578970066819493f,0f,0.9918939103343399f,0.12706876343796092f,1.7462358223063843f,-1f,1.2653497934303192e-17f,-9.877272120926283e-17f,-9.71445146547012e-17f,0f,0f,0f,1f], start_interpolation: 0, interpolation_duration: 1 }
$data merge entity $(bone_left_close) { transformation: [-9.957992501029599e-17f,-0.12706876343796092f,0.9918939103343399f,-1.3578970066819493f,0f,0.9918939103343399f,0.12706876343796092f,1.7462358223063843f,-1f,1.2653497934303192e-17f,-9.877272120926283e-17f,0.2499999999999999f,0f,0f,0f,1f], start_interpolation: 0, interpolation_duration: 1 }
$data merge entity $(bone_left_eyebrow) { transformation: [-9.957992501029599e-17f,-0.12706876343796092f,0.9918939103343399f,-1.3547822809653962f,0f,0.9918939103343399f,0.12706876343796092f,1.721430532750311f,-1f,1.2653497934303192e-17f,-9.877272120926283e-17f,0.2499999999999999f,0f,0f,0f,1f], start_interpolation: 0, interpolation_duration: 1 }
$data merge entity $(bone_right_eyebrow) { transformation: [-9.957992501029599e-17f,-0.12706876343796092f,0.9918939103343399f,-1.3547822809653962f,0f,0.9918939103343399f,0.12706876343796092f,1.721430532750311f,-1f,1.2653497934303192e-17f,-9.877272120926283e-17f,-9.71445146547012e-17f,0f,0f,0f,1f], start_interpolation: 0, interpolation_duration: 1 }
$data merge entity $(bone_talking) { transformation: [-9.957992501029599e-17f,-0.12706876343796092f,0.9918939103343399f,-1.0082211711281053f,0f,0.9918939103343399f,0.12706876343796092f,1.4759779639012658f,-1f,1.2653497934303192e-17f,-9.877272120926283e-17f,0.12499999999999988f,0f,0f,0f,1f], start_interpolation: 0, interpolation_duration: 1 }
$data merge entity $(bone_m_opened) { transformation: [-9.957992501029599e-17f,-0.12706876343796092f,0.9918939103343399f,-1.0082211711281053f,0f,0.9918939103343399f,0.12706876343796092f,1.4759779639012658f,-1f,1.2653497934303192e-17f,-9.877272120926283e-17f,0.12499999999999988f,0f,0f,0f,1f], start_interpolation: 0, interpolation_duration: 1 }
$data merge entity $(bone_head) { transformation: [-9.957992501029599e-17f,-0.12706876343796092f,0.9918939103343399f,-1.0702145405240016f,0f,0.9918939103343399f,0.12706876343796092f,1.4680361661863932f,-1f,1.2653497934303192e-17f,-9.877272120926283e-17f,0.12499999999999988f,0f,0f,0f,1f], start_interpolation: 0, interpolation_duration: 1 }
$data merge entity $(item_display_r_item) { transformation: [-4.3566217192004496e-17f,-0.43746292441033846f,0.005695591835314151f,-1.1978880838424513f,0f,0.005695591835314151f,0.43746292441033846f,0.7198354155696959f,-0.4375f,4.3562525207566296e-17f,-5.6716660784983745e-19f,-0.1875000000000001f,0f,0f,0f,1f], start_interpolation: 0, interpolation_duration: 1 }
$data merge entity $(bone_rightarm) { transformation: [-9.957992501029599e-17f,0.013018495623574981f,0.9999152557950594f,-1.0647621171033346f,0f,0.9999152557950594f,-0.013018495623574981f,1.343155138488661f,-1f,-1.2963808179424636e-18f,-9.957148618872296e-17f,-0.1875000000000001f,0f,0f,0f,1f], start_interpolation: 0, interpolation_duration: 1 }
$data merge entity $(item_display_l_item) { transformation: [-4.3566217192004496e-17f,-0.435301842372495f,-0.043801324490380086f,-1.1265607513663614f,0f,-0.043801324490380086f,0.435301842372495f,0.7087806995307026f,-0.4375f,4.334732482029673e-17f,4.361732608103691e-18f,0.4374999999999999f,0f,0f,0f,1f], start_interpolation: 0, interpolation_duration: 1 }
$data merge entity $(bone_leftarm) { transformation: [-9.957992501029599e-17f,-0.100117313120869f,0.99497563970856f,-1.0647621171033346f,0f,0.99497563970856f,0.100117313120869f,1.343155138488661f,-1f,9.969674532808458e-18f,-9.907959958924968e-17f,0.4374999999999999f,0f,0f,0f,1f], start_interpolation: 0, interpolation_duration: 1 }
$data merge entity $(bone_body) { transformation: [-9.957992501029599e-17f,-0.043619387365336f,0.9990482215818578f,-1.0374999999999996f,0f,0.9990482215818578f,0.043619387365336f,0.71875f,-1f,4.343615322835211e-18f,-9.948514698679097e-17f,0.12499999999999988f,0f,0f,0f,1f], start_interpolation: 0, interpolation_duration: 1 }
$data merge entity $(bone_leftleg) { transformation: [-9.957992501029599e-17f,0.12186934340514798f,0.992546151641322f,-1.0374999999999996f,0f,0.992546151641322f,-0.12186934340514798f,0.7554722222222222f,-1f,-1.2135740077338646e-17f,-9.883767134970071e-17f,0.2499999999999999f,0f,0f,0f,1f], start_interpolation: 0, interpolation_duration: 1 }
$data merge entity $(bone_rightleg) { transformation: [-9.957992501029599e-17f,-0.16913926313072086f,0.9855921619349439f,-1.0374999999999996f,0f,0.9855921619349439f,0.16913926313072086f,0.8029999999999998f,-1f,1.6842875138853904e-17f,-9.814519357621721e-17f,-1.249000902703301e-16f,0f,0f,0f,1f], start_interpolation: 0, interpolation_duration: 1 }
data modify entity @s data merge value {"locators":{},"cameras":{"camera":{"posx":6.125,"posy":0.8011806742422461,"posz":1.3248450430972747,"roty":97.85358918678403,"rotx":-16.276743153522407}}}