# This file was generated by Animated Java via MC-Build. It is not recommended to edit this file directly.
$data merge entity $(bone_left_eye) { transformation: [-9.957992501029599e-17f,-0.12562289364245602f,0.9920780657755196f,-1.3996397803784961f,0f,0.9920780657755196f,0.12562289364245602f,1.7074914938084138f,-1f,1.2509518328492158e-17f,-9.879105939428574e-17f,0.2499999999999999f,0f,0f,0f,1f], start_interpolation: 0, interpolation_duration: 1 }
$data merge entity $(bone_right_eye) { transformation: [-9.957992501029599e-17f,-0.12562289364245602f,0.9920780657755196f,-1.3996397803784961f,0f,0.9920780657755196f,0.12562289364245602f,1.7074914938084138f,-1f,1.2509518328492158e-17f,-9.879105939428574e-17f,-1.1102230246251565e-16f,0f,0f,0f,1f], start_interpolation: 0, interpolation_duration: 1 }
$data merge entity $(bone_right_close) { transformation: [-9.957992501029599e-17f,-0.12562289364245602f,0.9920780657755196f,-1.4074912112311497f,0f,0.9920780657755196f,0.12562289364245602f,1.7694963729193838f,-1f,1.2509518328492158e-17f,-9.879105939428574e-17f,-1.1102230246251565e-16f,0f,0f,0f,1f], start_interpolation: 0, interpolation_duration: 1 }
$data merge entity $(bone_left_close) { transformation: [-9.957992501029599e-17f,-0.12562289364245602f,0.9920780657755196f,-1.4074912112311497f,0f,0.9920780657755196f,0.12562289364245602f,1.7694963729193838f,-1f,1.2509518328492158e-17f,-9.879105939428574e-17f,0.2499999999999999f,0f,0f,0f,1f], start_interpolation: 0, interpolation_duration: 1 }
$data merge entity $(bone_left_eyebrow) { transformation: [-9.957992501029599e-17f,-0.12562289364245602f,0.9920780657755196f,-1.4044126437691993f,0f,0.9920780657755196f,0.12562289364245602f,1.7446865698441432f,-1f,1.2509518328492158e-17f,-9.879105939428574e-17f,0.2499999999999999f,0f,0f,0f,1f], start_interpolation: 0, interpolation_duration: 1 }
$data merge entity $(bone_right_eyebrow) { transformation: [-9.957992501029599e-17f,-0.12562289364245602f,0.9920780657755196f,-1.4044126437691993f,0f,0.9920780657755196f,0.12562289364245602f,1.7446865698441432f,-1f,1.2509518328492158e-17f,-9.879105939428574e-17f,-1.1102230246251565e-16f,0f,0f,0f,1f], start_interpolation: 0, interpolation_duration: 1 }
$data merge entity $(bone_talking) { transformation: [-9.957992501029599e-17f,-0.12562289364245602f,0.9920780657755196f,-1.0582096614130323f,0f,0.9920780657755196f,0.12562289364245602f,1.4987291316278015f,-1f,1.2509518328492158e-17f,-9.879105939428574e-17f,0.12499999999999986f,0f,0f,0f,1f], start_interpolation: 0, interpolation_duration: 1 }
$data merge entity $(bone_m_opened) { transformation: [-9.957992501029599e-17f,-0.12562289364245602f,0.9920780657755196f,-1.0582096614130323f,0f,0.9920780657755196f,0.12562289364245602f,1.4987291316278015f,-1f,1.2509518328492158e-17f,-9.879105939428574e-17f,0.12499999999999986f,0f,0f,0f,1f], start_interpolation: 0, interpolation_duration: 1 }
$data merge entity $(bone_head) { transformation: [-9.957992501029599e-17f,-0.12562289364245602f,0.9920780657755196f,-1.1202145405240023f,0f,0.9920780657755196f,0.12562289364245602f,1.490877700775148f,-1f,1.2509518328492158e-17f,-9.879105939428574e-17f,0.12499999999999986f,0f,0f,0f,1f], start_interpolation: 0, interpolation_duration: 1 }
$data merge entity $(item_display_r_item) { transformation: [-4.3566217192004496e-17f,-0.437430674713907f,-0.0077881203981496816f,-1.2286164235956663f,0f,-0.0077881203981496816f,0.437430674713907f,0.7388705319437914f,-0.4375f,4.3559313785214036e-17f,7.755404452189019e-19f,-0.18750000000000014f,0f,0f,0f,1f], start_interpolation: 0, interpolation_duration: 1 }
$data merge entity $(bone_rightarm) { transformation: [-9.957992501029599e-17f,-0.01780141805291378f,0.999841542203216f,-1.1147621171033353f,0f,0.999841542203216f,0.01780141805291378f,1.3659966730774156f,-1f,1.7726638747860834e-18f,-9.956414579477494e-17f,-0.18750000000000014f,0f,0f,0f,1f], start_interpolation: 0, interpolation_duration: 1 }
$data merge entity $(item_display_l_item) { transformation: [-4.3566217192004496e-17f,-0.4364448983505981f,-0.03036611110656274f,-1.1960805007655593f,0f,-0.03036611110656274f,0.4364448983505981f,0.7338279294032576f,-0.4375f,4.346115024887881e-17f,3.0238550668458338e-18f,0.4374999999999999f,0f,0f,0f,1f], start_interpolation: 0, interpolation_duration: 1 }
$data merge entity $(bone_leftarm) { transformation: [-9.957992501029599e-17f,-0.06940825395785791f,0.9975883390870813f,-1.1147621171033353f,0f,0.9975883390870813f,0.06940825395785791f,1.3659966730774156f,-1f,6.9116687242190706e-18f,-9.933977199743728e-17f,0.4374999999999999f,0f,0f,0f,1f], start_interpolation: 0, interpolation_duration: 1 }
$data merge entity $(bone_body) { transformation: [-9.957992501029599e-17f,-0.043619387365336f,0.9990482215818578f,-1.0875000000000004f,0f,0.9990482215818578f,0.043619387365336f,0.7415915345887545f,-1f,4.343615322835211e-18f,-9.948514698679097e-17f,0.12499999999999986f,0f,0f,0f,1f], start_interpolation: 0, interpolation_duration: 1 }
$data merge entity $(bone_leftleg) { transformation: [-9.957992501029599e-17f,0.052335956242943335f,0.9986295347545739f,-1.0875000000000004f,0f,0.9986295347545739f,-0.052335956242943335f,0.762375f,-1f,-5.211610598014429e-18f,-9.944345418392724e-17f,0.24999999999999986f,0f,0f,0f,1f], start_interpolation: 0, interpolation_duration: 1 }
$data merge entity $(bone_rightleg) { transformation: [-9.957992501029599e-17f,-0.07741508350801093f,0.9969989492699818f,-1.0875000000000004f,0f,0.9969989492699818f,0.07741508350801093f,0.8175000000000001f,-1f,7.70898821039353e-18f,-9.928108060364868e-17f,-1.3877787807814457e-16f,0f,0f,0f,1f], start_interpolation: 0, interpolation_duration: 1 }
data modify entity @s data merge value {"locators":{},"cameras":{"camera":{"posx":6.125,"posy":0.8026972954711052,"posz":1.322035688497986,"roty":97.85358918678403,"rotx":-16.276743153522407}}}