# This file was generated by Animated Java via MC-Build. It is not recommended to edit this file directly.
$data merge entity $(bone_left_eye) { transformation: [-9.957992501029599e-17f,-0.11525274365034163f,0.9933361994214591f,-1.422361776291953f,0f,0.9933361994214591f,0.11525274365034163f,1.7167326001498555f,-1f,1.1476859569931887e-17f,-9.891634424840133e-17f,0.2499999999999999f,0f,0f,0f,1f], start_interpolation: 0, interpolation_duration: 1 }
$data merge entity $(bone_right_eye) { transformation: [-9.957992501029599e-17f,-0.11525274365034163f,0.9933361994214591f,-1.422361776291953f,0f,0.9933361994214591f,0.11525274365034163f,1.7167326001498555f,-1f,1.1476859569931887e-17f,-9.891634424840133e-17f,-1.1102230246251565e-16f,0f,0f,0f,1f], start_interpolation: 0, interpolation_duration: 1 }
$data merge entity $(bone_right_close) { transformation: [-9.957992501029599e-17f,-0.11525274365034163f,0.9933361994214591f,-1.429565072770099f,0f,0.9933361994214591f,0.11525274365034163f,1.7788161126136968f,-1f,1.1476859569931887e-17f,-9.891634424840133e-17f,-1.1102230246251565e-16f,0f,0f,0f,1f], start_interpolation: 0, interpolation_duration: 1 }
$data merge entity $(bone_left_close) { transformation: [-9.957992501029599e-17f,-0.11525274365034163f,0.9933361994214591f,-1.429565072770099f,0f,0.9933361994214591f,0.11525274365034163f,1.7788161126136968f,-1f,1.1476859569931887e-17f,-9.891634424840133e-17f,0.2499999999999999f,0f,0f,0f,1f], start_interpolation: 0, interpolation_duration: 1 }
$data merge entity $(bone_left_eyebrow) { transformation: [-9.957992501029599e-17f,-0.11525274365034163f,0.9933361994214591f,-1.4267458376913047f,0f,0.9933361994214591f,0.11525274365034163f,1.7539755043316825f,-1f,1.1476859569931887e-17f,-9.891634424840133e-17f,0.2499999999999999f,0f,0f,0f,1f], start_interpolation: 0, interpolation_duration: 1 }
$data merge entity $(bone_right_eyebrow) { transformation: [-9.957992501029599e-17f,-0.11525274365034163f,0.9933361994214591f,-1.4267458376913047f,0f,0.9933361994214591f,0.11525274365034163f,1.7539755043316825f,-1f,1.1476859569931887e-17f,-9.891634424840133e-17f,-1.1102230246251565e-16f,0f,0f,0f,1f], start_interpolation: 0, interpolation_duration: 1 }
$data merge entity $(bone_talking) { transformation: [-9.957992501029599e-17f,-0.11525274365034163f,0.9933361994214591f,-1.0831310280601614f,0f,0.9933361994214591f,0.11525274365034163f,1.5044150326852226f,-1f,1.1476859569931887e-17f,-9.891634424840133e-17f,0.12499999999999986f,0f,0f,0f,1f], start_interpolation: 0, interpolation_duration: 1 }
$data merge entity $(bone_m_opened) { transformation: [-9.957992501029599e-17f,-0.11525274365034163f,0.9933361994214591f,-1.0831310280601614f,0f,0.9933361994214591f,0.11525274365034163f,1.5044150326852226f,-1f,1.1476859569931887e-17f,-9.891634424840133e-17f,0.12499999999999986f,0f,0f,0f,1f], start_interpolation: 0, interpolation_duration: 1 }
$data merge entity $(bone_head) { transformation: [-9.957992501029599e-17f,-0.11525274365034163f,0.9933361994214591f,-1.1452145405240026f,0f,0.9933361994214591f,0.11525274365034163f,1.4972117362070763f,-1f,1.1476859569931887e-17f,-9.891634424840133e-17f,0.12499999999999986f,0f,0f,0f,1f], start_interpolation: 0, interpolation_duration: 1 }
$data merge entity $(item_display_r_item) { transformation: [-4.3566217192004496e-17f,-0.43723328938719047f,-0.015274182520101456f,-1.2428656533281022f,0f,-0.015274182520101456f,0.43723328938719047f,0.7433476715219f,-0.4375f,4.353965816918147e-17f,1.5210019499452764e-18f,-0.18750000000000014f,0f,0f,0f,1f], start_interpolation: 0, interpolation_duration: 1 }
$data merge entity $(bone_rightarm) { transformation: [-9.957992501029599e-17f,-0.03491241718880355f,0.9993903757421496f,-1.1397621171033356f,0f,0.9993903757421496f,0.03491241718880355f,1.372330708509344f,-1f,3.4765758855892255e-18f,-9.951921867241478e-17f,-0.18750000000000014f,0f,0f,0f,1f], start_interpolation: 0, interpolation_duration: 1 }
$data merge entity $(item_display_l_item) { transformation: [-4.3566217192004496e-17f,-0.4369007174391358f,-0.022891332446331472f,-1.2318889900197578f,0f,-0.022891332446331472f,0.4369007174391358f,0.7416464457544838f,-0.4375f,4.3506540679533656e-17f,2.279517168391443e-18f,0.4374999999999999f,0f,0f,0f,1f], start_interpolation: 0, interpolation_duration: 1 }
$data merge entity $(bone_leftarm) { transformation: [-9.957992501029599e-17f,-0.05232304559161501f,0.9986302112894532f,-1.1397621171033356f,0f,0.9986302112894532f,0.05232304559161501f,1.372330708509344f,-1f,5.210324956323321e-18f,-9.944352155321978e-17f,0.4374999999999999f,0f,0f,0f,1f], start_interpolation: 0, interpolation_duration: 1 }
$data merge entity $(bone_body) { transformation: [-9.957992501029599e-17f,-0.043619387365336f,0.9990482215818578f,-1.1125000000000007f,0f,0.9990482215818578f,0.043619387365336f,0.7479255700206828f,-1f,4.343615322835211e-18f,-9.948514698679097e-17f,0.12499999999999986f,0f,0f,0f,1f], start_interpolation: 0, interpolation_duration: 1 }
$data merge entity $(bone_leftleg) { transformation: [-9.957992501029599e-17f,0.01745240643728252f,0.9998476951563913f,-1.1125000000000007f,0f,0.9998476951563913f,-0.01745240643728252f,0.7664305555555557f,-1f,-1.7379093242738002e-18f,-9.956475850539073e-17f,0.24999999999999986f,0f,0f,0f,1f], start_interpolation: 0, interpolation_duration: 1 }
$data merge entity $(bone_rightleg) { transformation: [-9.957992501029599e-17f,-0.02613817648438707f,0.9996583394990866f,-1.1125000000000007f,0f,0.9996583394990866f,0.02613817648438707f,0.8200000000000001f,-1f,2.6028376542211467e-18f,-9.954590248323605e-17f,-1.3877787807814457e-16f,0f,0f,0f,1f], start_interpolation: 0, interpolation_duration: 1 }
data modify entity @s data merge value {"locators":{},"cameras":{"camera":{"posx":6.125,"posy":0.8034448832046761,"posz":1.3207583194552812,"roty":97.85358918678403,"rotx":-16.276743153522407}}}