# This file was generated by Animated Java via MC-Build. It is not recommended to edit this file directly.
$data merge entity $(bone_left_eye) { transformation: [-9.957992501029599e-17f,-0.08560168516787439f,0.9963294392400639f,-1.465697321625986f,0f,0.9963294392400639f,0.08560168516787439f,1.724740980270964f,-1f,8.524209389771896e-18f,-9.921441084507582e-17f,0.2499999999999999f,0f,0f,0f,1f], start_interpolation: 0, interpolation_duration: 1 }
$data merge entity $(bone_right_eye) { transformation: [-9.957992501029599e-17f,-0.08560168516787439f,0.9963294392400639f,-1.465697321625986f,0f,0.9963294392400639f,0.08560168516787439f,1.724740980270964f,-1f,8.524209389771896e-18f,-9.921441084507582e-17f,-1.1102230246251565e-16f,0f,0f,0f,1f], start_interpolation: 0, interpolation_duration: 1 }
$data merge entity $(bone_right_close) { transformation: [-9.957992501029599e-17f,-0.08560168516787439f,0.9963294392400639f,-1.4710474269489784f,0f,0.9963294392400639f,0.08560168516787439f,1.787011570223468f,-1f,8.524209389771896e-18f,-9.921441084507582e-17f,-1.1102230246251565e-16f,0f,0f,0f,1f], start_interpolation: 0, interpolation_duration: 1 }
$data merge entity $(bone_left_close) { transformation: [-9.957992501029599e-17f,-0.08560168516787439f,0.9963294392400639f,-1.4710474269489784f,0f,0.9963294392400639f,0.08560168516787439f,1.787011570223468f,-1f,8.524209389771896e-18f,-9.921441084507582e-17f,0.2499999999999999f,0f,0f,0f,1f], start_interpolation: 0, interpolation_duration: 1 }
$data merge entity $(bone_left_eyebrow) { transformation: [-9.957992501029599e-17f,-0.08560168516787439f,0.9963294392400639f,-1.4689696554097338f,0f,0.9963294392400639f,0.08560168516787439f,1.7620979841371436f,-1f,8.524209389771896e-18f,-9.921441084507582e-17f,0.2499999999999999f,0f,0f,0f,1f], start_interpolation: 0, interpolation_duration: 1 }
$data merge entity $(bone_right_eyebrow) { transformation: [-9.957992501029599e-17f,-0.08560168516787439f,0.9963294392400639f,-1.468969655409734f,0f,0.9963294392400639f,0.08560168516787439f,1.7620979841371436f,-1f,8.524209389771896e-18f,-9.921441084507582e-17f,-1.1102230246251565e-16f,0f,0f,0f,1f], start_interpolation: 0, interpolation_duration: 1 }
$data merge entity $(bone_talking) { transformation: [-9.957992501029599e-17f,-0.08560168516787439f,0.9963294392400639f,-1.1329439505714975f,0f,0.9963294392400639f,0.08560168516787439f,1.5024091470759087f,-1f,8.524209389771896e-18f,-9.921441084507582e-17f,0.12499999999999986f,0f,0f,0f,1f], start_interpolation: 0, interpolation_duration: 1 }
$data merge entity $(bone_m_opened) { transformation: [-9.957992501029599e-17f,-0.08560168516787439f,0.9963294392400639f,-1.1329439505714975f,0f,0.9963294392400639f,0.08560168516787439f,1.5024091470759087f,-1f,8.524209389771896e-18f,-9.921441084507582e-17f,0.12499999999999986f,0f,0f,0f,1f], start_interpolation: 0, interpolation_duration: 1 }
$data merge entity $(bone_head) { transformation: [-9.957992501029599e-17f,-0.08560168516787439f,0.9963294392400639f,-1.1952145405240016f,0f,0.9963294392400639f,0.08560168516787439f,1.4970590417529166f,-1f,8.524209389771896e-18f,-9.921441084507582e-17f,0.12499999999999986f,0f,0f,0f,1f], start_interpolation: 0, interpolation_duration: 1 }
$data merge entity $(item_display_r_item) { transformation: [-4.3566217192004496e-17f,-0.4364448983505981f,-0.03036611110656275f,-1.2710805007655586f,0f,-0.03036611110656275f,0.4364448983505981f,0.7400092703810265f,-0.4375f,4.346115024887881e-17f,3.023855066845835e-18f,-0.18750000000000014f,0f,0f,0f,1f], start_interpolation: 0, interpolation_duration: 1 }
$data merge entity $(bone_rightarm) { transformation: [-9.957992501029599e-17f,-0.06940825395785793f,0.9975883390870813f,-1.1897621171033346f,0f,0.9975883390870813f,0.06940825395785793f,1.3721780140551845f,-1f,6.911668724219074e-18f,-9.933977199743728e-17f,-0.18750000000000014f,0f,0f,0f,1f], start_interpolation: 0, interpolation_duration: 1 }
$data merge entity $(item_display_l_item) { transformation: [-4.3566217192004496e-17f,-0.437430674713907f,-0.0077881203981496686f,-1.3036164235956655f,0f,-0.0077881203981496686f,0.437430674713907f,0.7450518729215603f,-0.4375f,4.3559313785214036e-17f,7.755404452189006e-19f,0.4374999999999999f,0f,0f,0f,1f], start_interpolation: 0, interpolation_duration: 1 }
$data merge entity $(bone_leftarm) { transformation: [-9.957992501029599e-17f,-0.01780141805291375f,0.999841542203216f,-1.1897621171033346f,0f,0.999841542203216f,0.01780141805291375f,1.3721780140551845f,-1f,1.7726638747860803e-18f,-9.956414579477494e-17f,0.4374999999999999f,0f,0f,0f,1f], start_interpolation: 0, interpolation_duration: 1 }
$data merge entity $(bone_body) { transformation: [-9.957992501029599e-17f,-0.043619387365336f,0.9990482215818578f,-1.1624999999999996f,0f,0.9990482215818578f,0.043619387365336f,0.7477728755665233f,-1f,4.343615322835211e-18f,-9.948514698679097e-17f,0.12499999999999986f,0f,0f,0f,1f], start_interpolation: 0, interpolation_duration: 1 }
$data merge entity $(bone_leftleg) { transformation: [-9.957992501029599e-17f,-0.052335956242943335f,0.9986295347545739f,-1.1624999999999996f,0f,0.9986295347545739f,0.052335956242943335f,0.775125f,-1f,5.211610598014429e-18f,-9.944345418392724e-17f,0.24999999999999986f,0f,0f,0f,1f], start_interpolation: 0, interpolation_duration: 1 }
$data merge entity $(bone_rightleg) { transformation: [-9.957992501029599e-17f,0.07741508350801111f,0.9969989492699818f,-1.1624999999999996f,0f,0.9969989492699818f,-0.07741508350801111f,0.8175000000000001f,-1f,-7.708988210393549e-18f,-9.928108060364868e-17f,-1.3877787807814457e-16f,0f,0f,0f,1f], start_interpolation: 0, interpolation_duration: 1 }
data modify entity @s data merge value {"locators":{},"cameras":{"camera":{"posx":6.125,"posy":0.8049184789578097,"posz":1.3184646275937009,"roty":97.85358918678403,"rotx":-16.276743153522407}}}