# This file was generated by Animated Java via MC-Build. It is not recommended to edit this file directly.
$data merge entity $(bone_left_eye) { transformation: [-9.957992501029599e-17f,-0.07009057311805769f,0.9975406315333637f,-1.4871223416868573f,0f,0.9975406315333637f,0.07009057311805769f,1.7213764013922703f,-1f,6.979614015024853e-18f,-9.933502128281566e-17f,0.2499999999999999f,0f,0f,0f,1f], start_interpolation: 0, interpolation_duration: 1 }
$data merge entity $(bone_right_eye) { transformation: [-9.957992501029599e-17f,-0.07009057311805769f,0.9975406315333637f,-1.4871223416868573f,0f,0.9975406315333637f,0.07009057311805769f,1.7213764013922703f,-1f,6.979614015024853e-18f,-9.933502128281566e-17f,-1.1102230246251565e-16f,0f,0f,0f,1f], start_interpolation: 0, interpolation_duration: 1 }
$data merge entity $(bone_right_close) { transformation: [-9.957992501029599e-17f,-0.07009057311805769f,0.9975406315333637f,-1.491503002506736f,0f,0.9975406315333637f,0.07009057311805769f,1.7837226908631056f,-1f,6.979614015024853e-18f,-9.933502128281566e-17f,-1.1102230246251565e-16f,0f,0f,0f,1f], start_interpolation: 0, interpolation_duration: 1 }
$data merge entity $(bone_left_close) { transformation: [-9.957992501029599e-17f,-0.07009057311805769f,0.9975406315333637f,-1.491503002506736f,0f,0.9975406315333637f,0.07009057311805769f,1.7837226908631056f,-1f,6.979614015024853e-18f,-9.933502128281566e-17f,0.2499999999999999f,0f,0f,0f,1f], start_interpolation: 0, interpolation_duration: 1 }
$data merge entity $(bone_left_eyebrow) { transformation: [-9.957992501029599e-17f,-0.07009057311805769f,0.9975406315333637f,-1.4898130844682553f,0f,0.9975406315333637f,0.07009057311805769f,1.7587797944139516f,-1f,6.979614015024853e-18f,-9.933502128281566e-17f,0.2499999999999999f,0f,0f,0f,1f], start_interpolation: 0, interpolation_duration: 1 }
$data merge entity $(bone_right_eyebrow) { transformation: [-9.957992501029599e-17f,-0.07009057311805769f,0.9975406315333637f,-1.4898130844682553f,0f,0.9975406315333637f,0.07009057311805769f,1.7587797944139516f,-1f,6.979614015024853e-18f,-9.933502128281566e-17f,-1.1102230246251565e-16f,0f,0f,0f,1f], start_interpolation: 0, interpolation_duration: 1 }
$data merge entity $(bone_talking) { transformation: [-9.957992501029599e-17f,-0.07009057311805769f,0.9975406315333637f,-1.1578682510531666f,0f,0.9975406315333637f,0.07009057311805769f,1.4938945476083225f,-1f,6.979614015024853e-18f,-9.933502128281566e-17f,0.12499999999999986f,0f,0f,0f,1f], start_interpolation: 0, interpolation_duration: 1 }
$data merge entity $(bone_m_opened) { transformation: [-9.957992501029599e-17f,-0.07009057311805769f,0.9975406315333637f,-1.1578682510531666f,0f,0.9975406315333637f,0.07009057311805769f,1.4938945476083225f,-1f,6.979614015024853e-18f,-9.933502128281566e-17f,0.12499999999999986f,0f,0f,0f,1f], start_interpolation: 0, interpolation_duration: 1 }
$data merge entity $(bone_head) { transformation: [-9.957992501029599e-17f,-0.07009057311805769f,0.9975406315333637f,-1.220214540524002f,0f,0.9975406315333637f,0.07009057311805769f,1.4895138867884439f,-1f,6.979614015024853e-18f,-9.933502128281566e-17f,0.12499999999999986f,0f,0f,0f,1f], start_interpolation: 0, interpolation_duration: 1 }
$data merge entity $(item_display_r_item) { transformation: [-4.3566217192004496e-17f,-0.4358962321231436f,-0.0374262584403846f,-1.2858378142236835f,0f,-0.0374262584403846f,0.4358962321231436f,0.7312307393603967f,-0.4375f,4.340651410709322e-17f,3.726904008909456e-18f,-0.18750000000000014f,0f,0f,0f,1f], start_interpolation: 0, interpolation_duration: 1 }
$data merge entity $(bone_rightarm) { transformation: [-9.957992501029599e-17f,-0.08554573357802217f,0.9963342448528997f,-1.214762117103335f,0f,0.9963342448528997f,0.08554573357802217f,1.3646328590907117f,-1f,8.518637734650209e-18f,-9.921488938764164e-17f,-0.18750000000000014f,0f,0f,0f,1f], start_interpolation: 0, interpolation_duration: 1 }
$data merge entity $(item_display_l_item) { transformation: [-4.3566217192004496e-17f,-0.4374994287118821f,-0.0007070196438754175f,-1.338751925815479f,0f,-0.0007070196438754175f,0.4374994287118821f,0.7394316696040586f,-0.4375f,4.356616030317655e-17f,7.040496311792045e-20f,0.4374999999999999f,0f,0f,0f,1f], start_interpolation: 0, interpolation_duration: 1 }
$data merge entity $(bone_leftarm) { transformation: [-9.957992501029599e-17f,-0.0016160449002868907f,0.9999986941985876f,-1.214762117103335f,0f,0.9999986941985876f,0.0016160449002868907f,1.3646328590907117f,-1f,1.609256299838403e-19f,-9.957979497868926e-17f,0.4374999999999999f,0f,0f,0f,1f], start_interpolation: 0, interpolation_duration: 1 }
$data merge entity $(bone_body) { transformation: [-9.957992501029599e-17f,-0.043619387365336f,0.9990482215818578f,-1.1875f,0f,0.9990482215818578f,0.043619387365336f,0.7402277206020506f,-1f,4.343615322835211e-18f,-9.948514698679097e-17f,0.12499999999999986f,0f,0f,0f,1f], start_interpolation: 0, interpolation_duration: 1 }
$data merge entity $(bone_leftleg) { transformation: [-9.957992501029599e-17f,-0.08715574274765818f,0.9961946980917455f,-1.1875f,0f,0.9961946980917455f,0.08715574274765818f,0.7795138888888888f,-1f,8.67896232702845e-18f,-9.920099333163047e-17f,0.24999999999999986f,0f,0f,0f,1f], start_interpolation: 0, interpolation_duration: 1 }
$data merge entity $(bone_rightleg) { transformation: [-9.957992501029599e-17f,0.12571801675216263f,0.9920660160815423f,-1.1875f,0f,0.9920660160815423f,-0.12571801675216263f,0.8125f,-1f,-1.251899068062349e-17f,-9.878985948666308e-17f,-1.3877787807814457e-16f,0f,0f,0f,1f], start_interpolation: 0, interpolation_duration: 1 }
data modify entity @s data merge value {"locators":{},"cameras":{"camera":{"posx":6.125,"posy":0.8056444333964564,"posz":1.3174508766588031,"roty":97.85358918678403,"rotx":-16.276743153522407}}}