# This file was generated by Animated Java via MC-Build. It is not recommended to edit this file directly.
$data merge entity $(bone_left_eye) { transformation: [-9.957992501029599e-17f,-0.05665330850075228f,0.9983939115579175f,-1.5089763455386698f,0f,0.9983939115579175f,0.05665330850075228f,1.711595239429033f,-1f,5.641532212090076e-18f,-9.94199908436735e-17f,0.2499999999999999f,0f,0f,0f,1f], start_interpolation: 0, interpolation_duration: 1 }
$data merge entity $(bone_right_eye) { transformation: [-9.957992501029599e-17f,-0.05665330850075228f,0.9983939115579175f,-1.5089763455386698f,0f,0.9983939115579175f,0.05665330850075228f,1.711595239429033f,-1f,5.641532212090076e-18f,-9.94199908436735e-17f,-1.249000902703301e-16f,0f,0f,0f,1f], start_interpolation: 0, interpolation_duration: 1 }
$data merge entity $(bone_right_close) { transformation: [-9.957992501029599e-17f,-0.05665330850075228f,0.9983939115579175f,-1.5125171773199666f,0f,0.9983939115579175f,0.05665330850075228f,1.7739948589014027f,-1f,5.641532212090076e-18f,-9.94199908436735e-17f,-1.249000902703301e-16f,0f,0f,0f,1f], start_interpolation: 0, interpolation_duration: 1 }
$data merge entity $(bone_left_close) { transformation: [-9.957992501029599e-17f,-0.05665330850075228f,0.9983939115579175f,-1.5125171773199666f,0f,0.9983939115579175f,0.05665330850075228f,1.7739948589014027f,-1f,5.641532212090076e-18f,-9.94199908436735e-17f,0.2499999999999999f,0f,0f,0f,1f], start_interpolation: 0, interpolation_duration: 1 }
$data merge entity $(bone_left_eyebrow) { transformation: [-9.957992501029599e-17f,-0.05665330850075228f,0.9983939115579175f,-1.5111632442269203f,0f,0.9983939115579175f,0.05665330850075228f,1.7490314702806737f,-1f,5.641532212090076e-18f,-9.94199908436735e-17f,0.2499999999999999f,0f,0f,0f,1f], start_interpolation: 0, interpolation_duration: 1 }
$data merge entity $(bone_right_eyebrow) { transformation: [-9.957992501029599e-17f,-0.05665330850075228f,0.9983939115579175f,-1.5111632442269203f,0f,0.9983939115579175f,0.05665330850075228f,1.7490314702806737f,-1f,5.641532212090076e-18f,-9.94199908436735e-17f,-1.249000902703301e-16f,0f,0f,0f,1f], start_interpolation: 0, interpolation_duration: 1 }
$data merge entity $(bone_talking) { transformation: [-9.957992501029599e-17f,-0.05665330850075228f,0.9983939115579175f,-1.1828149210516323f,0f,0.9983939115579175f,0.05665330850075228f,1.4797009204460387f,-1f,5.641532212090076e-18f,-9.94199908436735e-17f,0.12499999999999985f,0f,0f,0f,1f], start_interpolation: 0, interpolation_duration: 1 }
$data merge entity $(bone_m_opened) { transformation: [-9.957992501029599e-17f,-0.05665330850075228f,0.9983939115579175f,-1.1828149210516323f,0f,0.9983939115579175f,0.05665330850075228f,1.4797009204460387f,-1f,5.641532212090076e-18f,-9.94199908436735e-17f,0.12499999999999985f,0f,0f,0f,1f], start_interpolation: 0, interpolation_duration: 1 }
$data merge entity $(bone_head) { transformation: [-9.957992501029599e-17f,-0.05665330850075228f,0.9983939115579175f,-1.2452145405240023f,0f,0.9983939115579175f,0.05665330850075228f,1.4761600886647417f,-1f,5.641532212090076e-18f,-9.94199908436735e-17f,0.12499999999999985f,0f,0f,0f,1f], start_interpolation: 0, interpolation_duration: 1 }
$data merge entity $(item_display_r_item) { transformation: [-4.3566217192004496e-17f,-0.4353018423724949f,-0.0438013244903801f,-1.301560751366362f,0f,-0.0438013244903801f,0.4353018423724949f,0.716904622009051f,-0.4375f,4.334732482029673e-17f,4.361732608103692e-18f,-0.18750000000000017f,0f,0f,0f,1f], start_interpolation: 0, interpolation_duration: 1 }
$data merge entity $(bone_rightarm) { transformation: [-9.957992501029599e-17f,-0.10011731312086902f,0.9949756397085598f,-1.2397621171033353f,0f,0.9949756397085598f,0.10011731312086902f,1.3512790609670096f,-1f,9.96967453280846e-18f,-9.907959958924968e-17f,-0.18750000000000017f,0f,0f,0f,1f], start_interpolation: 0, interpolation_duration: 1 }
$data merge entity $(item_display_l_item) { transformation: [-4.3566217192004496e-17f,-0.4374629244103385f,0.005695591835314161f,-1.3728880838424522f,0f,0.005695591835314161f,0.4374629244103385f,0.7279593380480442f,-0.4375f,4.3562525207566296e-17f,-5.671666078498381e-19f,0.43749999999999983f,0f,0f,0f,1f], start_interpolation: 0, interpolation_duration: 1 }
$data merge entity $(bone_leftarm) { transformation: [-9.957992501029599e-17f,0.013018495623575002f,0.9999152557950595f,-1.2397621171033353f,0f,0.9999152557950595f,-0.013018495623575002f,1.3512790609670096f,-1f,-1.2963808179424651e-18f,-9.957148618872296e-17f,0.43749999999999983f,0f,0f,0f,1f], start_interpolation: 0, interpolation_duration: 1 }
$data merge entity $(bone_body) { transformation: [-9.957992501029599e-17f,-0.043619387365336f,0.9990482215818578f,-1.2125000000000004f,0f,0.9990482215818578f,0.043619387365336f,0.7268739224783484f,-1f,4.343615322835211e-18f,-9.948514698679097e-17f,0.12499999999999985f,0f,0f,0f,1f], start_interpolation: 0, interpolation_duration: 1 }
$data merge entity $(bone_leftleg) { transformation: [-9.957992501029599e-17f,-0.12186934340514798f,0.992546151641322f,-1.2125000000000004f,0f,0.992546151641322f,0.12186934340514798f,0.7837638888888889f,-1f,1.2135740077338646e-17f,-9.883767134970071e-17f,0.24999999999999983f,0f,0f,0f,1f], start_interpolation: 0, interpolation_duration: 1 }
$data merge entity $(bone_rightleg) { transformation: [-9.957992501029599e-17f,0.1691392631307208f,0.9855921619349439f,-1.2125000000000004f,0f,0.9855921619349439f,-0.1691392631307208f,0.8029999999999998f,-1f,-1.6842875138853897e-17f,-9.814519357621721e-17f,-1.5265566588595902e-16f,0f,0f,0f,1f], start_interpolation: 0, interpolation_duration: 1 }
data modify entity @s data merge value {"locators":{},"cameras":{"camera":{"posx":6.125,"posy":0.8063631231558788,"posz":1.316527570310486,"roty":97.85358918678403,"rotx":-16.276743153522407}}}