# This file was generated by Animated Java via MC-Build. It is not recommended to edit this file directly.
$data merge entity $(bone_left_eye) { transformation: [-9.957992501029599e-17f,-0.047194811882817884f,0.9988857040379272f,-1.531734669504189f,0f,0.9988857040379272f,0.047194811882817884f,1.6978349667468207f,-1f,4.699655828166031e-18f,-9.94689635019535e-17f,0.2499999999999999f,0f,0f,0f,1f], start_interpolation: 0, interpolation_duration: 1 }
$data merge entity $(bone_right_eye) { transformation: [-9.957992501029599e-17f,-0.047194811882817884f,0.9988857040379272f,-1.531734669504189f,0f,0.9988857040379272f,0.047194811882817884f,1.6978349667468207f,-1f,4.699655828166031e-18f,-9.94689635019535e-17f,-1.249000902703301e-16f,0f,0f,0f,1f], start_interpolation: 0, interpolation_duration: 1 }
$data merge entity $(bone_right_close) { transformation: [-9.957992501029599e-17f,-0.047194811882817884f,0.9988857040379272f,-1.534684345246865f,0f,0.9988857040379272f,0.047194811882817884f,1.7602653232491912f,-1f,4.699655828166031e-18f,-9.94689635019535e-17f,-1.249000902703301e-16f,0f,0f,0f,1f], start_interpolation: 0, interpolation_duration: 1 }
$data merge entity $(bone_left_close) { transformation: [-9.957992501029599e-17f,-0.047194811882817884f,0.9988857040379272f,-1.534684345246865f,0f,0.9988857040379272f,0.047194811882817884f,1.7602653232491912f,-1f,4.699655828166031e-18f,-9.94689635019535e-17f,0.2499999999999999f,0f,0f,0f,1f], start_interpolation: 0, interpolation_duration: 1 }
$data merge entity $(bone_left_eyebrow) { transformation: [-9.957992501029599e-17f,-0.047194811882817884f,0.9988857040379272f,-1.533566905306297f,0f,0.9988857040379272f,0.047194811882817884f,1.7352902309725005f,-1f,4.699655828166031e-18f,-9.94689635019535e-17f,0.2499999999999999f,0f,0f,0f,1f], start_interpolation: 0, interpolation_duration: 1 }
$data merge entity $(bone_right_eyebrow) { transformation: [-9.957992501029599e-17f,-0.047194811882817884f,0.9988857040379272f,-1.533566905306297f,0f,0.9988857040379272f,0.047194811882817884f,1.7352902309725005f,-1f,4.699655828166031e-18f,-9.94689635019535e-17f,-1.249000902703301e-16f,0f,0f,0f,1f], start_interpolation: 0, interpolation_duration: 1 }
$data merge entity $(bone_talking) { transformation: [-9.957992501029599e-17f,-0.047194811882817884f,0.9988857040379272f,-1.2077841840216321f,0f,0.9988857040379272f,0.047194811882817884f,1.4628619194507195f,-1f,4.699655828166031e-18f,-9.94689635019535e-17f,0.12499999999999985f,0f,0f,0f,1f], start_interpolation: 0, interpolation_duration: 1 }
$data merge entity $(bone_m_opened) { transformation: [-9.957992501029599e-17f,-0.047194811882817884f,0.9988857040379272f,-1.2077841840216321f,0f,0.9988857040379272f,0.047194811882817884f,1.4628619194507195f,-1f,4.699655828166031e-18f,-9.94689635019535e-17f,0.12499999999999985f,0f,0f,0f,1f], start_interpolation: 0, interpolation_duration: 1 }
$data merge entity $(bone_head) { transformation: [-9.957992501029599e-17f,-0.047194811882817884f,0.9988857040379272f,-1.2702145405240026f,0f,0.9988857040379272f,0.047194811882817884f,1.4599122437080434f,-1f,4.699655828166031e-18f,-9.94689635019535e-17f,0.12499999999999985f,0f,0f,0f,1f], start_interpolation: 0, interpolation_duration: 1 }
$data merge entity $(item_display_r_item) { transformation: [-4.3566217192004496e-17f,-0.43472215687902094f,-0.049222924724683745f,-1.3186499837477932f,0f,-0.049222924724683745f,0.43472215687902094f,0.6999358705475146f,-0.4375f,4.328959978232704e-17f,4.9016151528714526e-18f,-0.18750000000000017f,0f,0f,0f,1f], start_interpolation: 0, interpolation_duration: 1 }
$data merge entity $(bone_rightarm) { transformation: [-9.957992501029599e-17f,-0.11250954222784879f,0.993650644294905f,-1.2647621171033356f,0f,0.993650644294905f,0.11250954222784879f,1.3350312160103113f,-1f,1.1203691777991913e-17f,-9.894765664531896e-17f,-0.18750000000000017f,0f,0f,0f,1f], start_interpolation: 0, interpolation_duration: 1 }
$data merge entity $(item_display_l_item) { transformation: [-4.3566217192004496e-17f,-0.43735796839048063f,0.011147084163644187f,-1.405645942591536f,0f,0.011147084163644187f,0.43735796839048063f,0.7134189994992373f,-0.4375f,4.355207369497947e-17f,-1.1100258050991463e-18f,0.43749999999999983f,0f,0f,0f,1f], start_interpolation: 0, interpolation_duration: 1 }
$data merge entity $(bone_leftarm) { transformation: [-9.957992501029599e-17f,0.025479049516900776f,0.9996753563210986f,-1.2647621171033356f,0f,0.9996753563210986f,-0.025479049516900776f,1.3350312160103113f,-1f,-2.537201840226598e-18f,-9.954759701709592e-17f,0.43749999999999983f,0f,0f,0f,1f], start_interpolation: 0, interpolation_duration: 1 }
$data merge entity $(bone_body) { transformation: [-9.957992501029599e-17f,-0.043619387365336f,0.9990482215818578f,-1.2375000000000007f,0f,0.9990482215818578f,0.043619387365336f,0.7106260775216501f,-1f,4.343615322835211e-18f,-9.948514698679097e-17f,0.12499999999999985f,0f,0f,0f,1f], start_interpolation: 0, interpolation_duration: 1 }
$data merge entity $(bone_leftleg) { transformation: [-9.957992501029599e-17f,-0.15643446504023187f,0.9876883405951375f,-1.2375000000000007f,0f,0.9876883405951375f,0.15643446504023187f,0.7877500000000002f,-1f,1.5577732297732058e-17f,-9.835393089000749e-17f,0.24999999999999983f,0f,0f,0f,1f], start_interpolation: 0, interpolation_duration: 1 }
$data merge entity $(bone_rightleg) { transformation: [-9.957992501029599e-17f,0.20586260876988233f,0.9785809043254718f,-1.2375000000000007f,0f,0.9785809043254718f,-0.20586260876988233f,0.7889999999999996f,-1f,-2.0499783143728784e-17f,-9.744701306923812e-17f,-1.5265566588595902e-16f,0f,0f,0f,1f], start_interpolation: 0, interpolation_duration: 1 }
data modify entity @s data merge value {"locators":{},"cameras":{"camera":{"posx":6.125,"posy":0.8070745214456189,"posz":1.31569599449074,"roty":97.85358918678403,"rotx":-16.276743153522407}}}