# This file was generated by Animated Java via MC-Build. It is not recommended to edit this file directly.
$data merge entity $(bone_left_eye) { transformation: [-9.957992501029599e-17f,-0.043619387365336f,0.9990482215818578f,-1.5558814427607996f,0f,0.9990482215818578f,0.043619387365336f,1.6854156541384742f,-1f,4.343615322835211e-18f,-9.948514698679097e-17f,0.2499999999999999f,0f,0f,0f,1f], start_interpolation: 0, interpolation_duration: 1 }
$data merge entity $(bone_right_eye) { transformation: [-9.957992501029599e-17f,-0.043619387365336f,0.9990482215818578f,-1.5558814427607996f,0f,0.9990482215818578f,0.043619387365336f,1.6854156541384742f,-1f,4.343615322835211e-18f,-9.948514698679097e-17f,-1.249000902703301e-16f,0f,0f,0f,1f], start_interpolation: 0, interpolation_duration: 1 }
$data merge entity $(bone_right_close) { transformation: [-9.957992501029599e-17f,-0.043619387365336f,0.9990482215818578f,-1.5586076544711331f,0f,0.9990482215818578f,0.043619387365336f,1.7478561679873401f,-1f,4.343615322835211e-18f,-9.948514698679097e-17f,-1.249000902703301e-16f,0f,0f,0f,1f], start_interpolation: 0, interpolation_duration: 1 }
$data merge entity $(bone_left_close) { transformation: [-9.957992501029599e-17f,-0.043619387365336f,0.9990482215818578f,-1.5586076544711331f,0f,0.9990482215818578f,0.043619387365336f,1.7478561679873401f,-1f,4.343615322835211e-18f,-9.948514698679097e-17f,0.2499999999999999f,0f,0f,0f,1f], start_interpolation: 0, interpolation_duration: 1 }
$data merge entity $(bone_left_eyebrow) { transformation: [-9.957992501029599e-17f,-0.043619387365336f,0.9990482215818578f,-1.5575796103008486f,0f,0.9990482215818578f,0.043619387365336f,1.7228772362360836f,-1f,4.343615322835211e-18f,-9.948514698679097e-17f,0.2499999999999999f,0f,0f,0f,1f], start_interpolation: 0, interpolation_duration: 1 }
$data merge entity $(bone_right_eyebrow) { transformation: [-9.957992501029599e-17f,-0.043619387365336f,0.9990482215818578f,-1.5575796103008486f,0f,0.9990482215818578f,0.043619387365336f,1.7228772362360836f,-1f,4.343615322835211e-18f,-9.948514698679097e-17f,-1.249000902703301e-16f,0f,0f,0f,1f], start_interpolation: 0, interpolation_duration: 1 }
$data merge entity $(bone_talking) { transformation: [-9.957992501029599e-17f,-0.043619387365336f,0.9990482215818578f,-1.232774026675135f,0f,0.9990482215818578f,0.043619387365336f,1.4492846572946771f,-1f,4.343615322835211e-18f,-9.948514698679097e-17f,0.12499999999999985f,0f,0f,0f,1f], start_interpolation: 0, interpolation_duration: 1 }
$data merge entity $(bone_m_opened) { transformation: [-9.957992501029599e-17f,-0.043619387365336f,0.9990482215818578f,-1.232774026675135f,0f,0.9990482215818578f,0.043619387365336f,1.4492846572946771f,-1f,4.343615322835211e-18f,-9.948514698679097e-17f,0.12499999999999985f,0f,0f,0f,1f], start_interpolation: 0, interpolation_duration: 1 }
$data merge entity $(bone_head) { transformation: [-9.957992501029599e-17f,-0.043619387365336f,0.9990482215818578f,-1.2952145405240012f,0f,0.9990482215818578f,0.043619387365336f,1.4465584455843437f,-1f,4.343615322835211e-18f,-9.948514698679097e-17f,0.12499999999999985f,0f,0f,0f,1f], start_interpolation: 0, interpolation_duration: 1 }
$data merge entity $(item_display_r_item) { transformation: [-4.3566217192004496e-17f,-0.434225831305844f,-0.053424502119801445f,-1.3375059230195732f,0f,-0.053424502119801445f,0.434225831305844f,0.6860906582726051f,-0.4375f,4.324017571896938e-17f,5.320007914802228e-18f,-0.18750000000000017f,0f,0f,0f,1f], start_interpolation: 0, interpolation_duration: 1 }
$data merge entity $(bone_rightarm) { transformation: [-9.957992501029599e-17f,-0.12211314770240353f,0.9925161858419292f,-1.2897621171033342f,0f,0.9925161858419292f,0.12211314770240353f,1.3216774178866113f,-1f,1.2160018090976543e-17f,-9.883468735764431e-17f,-0.18750000000000017f,0f,0f,0f,1f], start_interpolation: 0, interpolation_duration: 1 }
$data merge entity $(item_display_l_item) { transformation: [-4.3566217192004496e-17f,-0.43722972308453767f,0.015375930912257463f,-1.436650510716427f,0f,0.015375930912257463f,0.43722972308453767f,0.7014566508836311f,-0.4375f,4.3539303037030746e-17f,-1.5311340472060903e-18f,0.43749999999999983f,0f,0f,0f,1f], start_interpolation: 0, interpolation_duration: 1 }
$data merge entity $(bone_leftarm) { transformation: [-9.957992501029599e-17f,0.03514498494230255f,0.999382224193229f,-1.2897621171033342f,0f,0.999382224193229f,-0.03514498494230255f,1.3216774178866113f,-1f,-3.49973496504247e-18f,-9.951840694178456e-17f,0.43749999999999983f,0f,0f,0f,1f], start_interpolation: 0, interpolation_duration: 1 }
$data merge entity $(bone_body) { transformation: [-9.957992501029599e-17f,-0.043619387365336f,0.9990482215818578f,-1.2624999999999993f,0f,0.9990482215818578f,0.043619387365336f,0.6972722793979502f,-1f,4.343615322835211e-18f,-9.948514698679097e-17f,0.12499999999999985f,0f,0f,0f,1f], start_interpolation: 0, interpolation_duration: 1 }
$data merge entity $(bone_leftleg) { transformation: [-9.957992501029599e-17f,-0.1908089953765438f,0.9816271834476642f,-1.2624999999999993f,0f,0.9816271834476642f,0.1908089953765438f,0.7913472222222221f,-1f,1.9000745450886145e-17f,-9.775036131578646e-17f,0.24999999999999983f,0f,0f,0f,1f], start_interpolation: 0, interpolation_duration: 1 }
$data merge entity $(bone_rightleg) { transformation: [-9.957992501029599e-17f,0.23416185613079835f,0.9721976265828771f,-1.2624999999999993f,0f,0.9721976265828771f,-0.23416185613079835f,0.7735000000000004f,-1f,-2.3317820073776617e-17f,-9.681136675031064e-17f,-1.5265566588595902e-16f,0f,0f,0f,1f], start_interpolation: 0, interpolation_duration: 1 }
data modify entity @s data merge value {"locators":{},"cameras":{"camera":{"posx":6.125,"posy":0.8077786014752183,"posz":1.3149574351415512,"roty":97.85358918678403,"rotx":-16.276743153522407}}}