# This file was generated by Animated Java via MC-Build. It is not recommended to edit this file directly.
$data merge entity $(bone_left_eye) { transformation: [-9.957992501029599e-17f,-0.06089617084795536f,0.9981441060167899f,-1.6099746097401884f,0f,0.9981441060167899f,0.06089617084795536f,1.6710981499786017f,-1f,6.064036126453568e-18f,-9.939511522662087e-17f,0.24999999999999986f,0f,0f,0f,1f], start_interpolation: 0, interpolation_duration: 1 }
$data merge entity $(bone_right_eye) { transformation: [-9.957992501029599e-17f,-0.06089617084795536f,0.9981441060167899f,-1.6099746097401884f,0f,0.9981441060167899f,0.06089617084795536f,1.6710981499786017f,-1f,6.064036126453568e-18f,-9.939511522662087e-17f,-1.3877787807814457e-16f,0f,0f,0f,1f], start_interpolation: 0, interpolation_duration: 1 }
$data merge entity $(bone_right_close) { transformation: [-9.957992501029599e-17f,-0.06089617084795536f,0.9981441060167899f,-1.6137806204181855f,0f,0.9981441060167899f,0.06089617084795536f,1.7334821566046512f,-1f,6.064036126453568e-18f,-9.939511522662087e-17f,-1.3877787807814457e-16f,0f,0f,0f,1f], start_interpolation: 0, interpolation_duration: 1 }
$data merge entity $(bone_left_close) { transformation: [-9.957992501029599e-17f,-0.06089617084795536f,0.9981441060167899f,-1.6137806204181855f,0f,0.9981441060167899f,0.06089617084795536f,1.7334821566046512f,-1f,6.064036126453568e-18f,-9.939511522662087e-17f,0.24999999999999986f,0f,0f,0f,1f], start_interpolation: 0, interpolation_duration: 1 }
$data merge entity $(bone_left_eyebrow) { transformation: [-9.957992501029599e-17f,-0.06089617084795536f,0.9981441060167899f,-1.6123206001536126f,0f,0.9981441060167899f,0.06089617084795536f,1.7085247479435535f,-1f,6.064036126453568e-18f,-9.939511522662087e-17f,0.24999999999999986f,0f,0f,0f,1f], start_interpolation: 0, interpolation_duration: 1 }
$data merge entity $(bone_right_eyebrow) { transformation: [-9.957992501029599e-17f,-0.06089617084795536f,0.9981441060167899f,-1.6123206001536126f,0f,0.9981441060167899f,0.06089617084795536f,1.7085247479435535f,-1f,6.064036126453568e-18f,-9.939511522662087e-17f,-1.3877787807814457e-16f,0f,0f,0f,1f], start_interpolation: 0, interpolation_duration: 1 }
$data merge entity $(bone_talking) { transformation: [-9.957992501029599e-17f,-0.06089617084795536f,0.9981441060167899f,-1.2828305338979527f,0f,0.9981441060167899f,0.06089617084795536f,1.4405921768643903f,-1f,6.064036126453568e-18f,-9.939511522662087e-17f,0.12499999999999983f,0f,0f,0f,1f], start_interpolation: 0, interpolation_duration: 1 }
$data merge entity $(bone_m_opened) { transformation: [-9.957992501029599e-17f,-0.06089617084795536f,0.9981441060167899f,-1.2828305338979527f,0f,0.9981441060167899f,0.06089617084795536f,1.4405921768643903f,-1f,6.064036126453568e-18f,-9.939511522662087e-17f,0.12499999999999983f,0f,0f,0f,1f], start_interpolation: 0, interpolation_duration: 1 }
$data merge entity $(bone_head) { transformation: [-9.957992501029599e-17f,-0.06089617084795536f,0.9981441060167899f,-1.345214540524002f,0f,0.9981441060167899f,0.06089617084795536f,1.4367861661863932f,-1f,6.064036126453568e-18f,-9.939511522662087e-17f,0.12499999999999983f,0f,0f,0f,1f], start_interpolation: 0, interpolation_duration: 1 }
$data merge entity $(item_display_r_item) { transformation: [-4.3566217192004496e-17f,-0.43375712685104206f,-0.05710520909627248f,-1.382113854637529f,0f,-0.05710520909627248f,0.43375712685104206f,0.6759363261025231f,-0.4375f,4.3193502164508215e-17f,5.686532439504086e-18f,-0.18750000000000017f,0f,0f,0f,1f], start_interpolation: 0, interpolation_duration: 1 }
$data merge entity $(bone_rightarm) { transformation: [-9.957992501029599e-17f,-0.1305261922200516f,0.9914448613738104f,-1.339762117103335f,0f,0.9914448613738104f,0.1305261922200516f,1.311905138488661f,-1f,1.2997788433152219e-17f,-9.872800494744735e-17f,-0.18750000000000017f,0f,0f,0f,1f], start_interpolation: 0, interpolation_duration: 1 }
$data merge entity $(item_display_l_item) { transformation: [-4.3566217192004496e-17f,-0.4370835969420628f,0.019083481972334605f,-1.4919052619044022f,0f,0.019083481972334605f,0.4370835969420628f,0.692952423420667f,-0.4375f,4.352475180672105e-17f,-1.900331703740415e-18f,0.43749999999999983f,0f,0f,0f,1f], start_interpolation: 0, interpolation_duration: 1 }
$data merge entity $(bone_leftarm) { transformation: [-9.957992501029599e-17f,0.043619387365336014f,0.9990482215818578f,-1.339762117103335f,0f,0.9990482215818578f,-0.043619387365336014f,1.311905138488661f,-1f,-4.343615322835213e-18f,-9.948514698679097e-17f,0.43749999999999983f,0f,0f,0f,1f], start_interpolation: 0, interpolation_duration: 1 }
$data merge entity $(bone_body) { transformation: [-9.957992501029599e-17f,-0.043619387365336f,0.9990482215818578f,-1.3125f,0f,0.9990482215818578f,0.043619387365336f,0.6875f,-1f,4.343615322835211e-18f,-9.948514698679097e-17f,0.12499999999999983f,0f,0f,0f,1f], start_interpolation: 0, interpolation_duration: 1 }
$data merge entity $(bone_leftleg) { transformation: [-9.957992501029599e-17f,-0.25881904510252074f,0.9659258262890683f,-1.3125f,0f,0.9659258262890683f,0.25881904510252074f,0.796875f,-1f,2.577318110254543e-17f,-9.618682134737361e-17f,0.24999999999999983f,0f,0f,0f,1f], start_interpolation: 0, interpolation_duration: 1 }
$data merge entity $(bone_rightleg) { transformation: [-9.957992501029599e-17f,0.25881904510252074f,0.9659258262890683f,-1.3125f,0f,0.9659258262890683f,-0.25881904510252074f,0.75f,-1f,-2.577318110254543e-17f,-9.618682134737361e-17f,-1.6653345369377348e-16f,0f,0f,0f,1f], start_interpolation: 0, interpolation_duration: 1 }
data modify entity @s data merge value {"locators":{},"cameras":{"camera":{"posx":6.125,"posy":0.8091646995921635,"posz":1.313764509622812,"roty":97.85358918678403,"rotx":-16.276743153522407}}}