# This file was generated by Animated Java via MC-Build. It is not recommended to edit this file directly.
$data merge entity $(bone_left_eye) { transformation: [-9.957992501029599e-17f,-0.07790108233458784f,0.9969610932083057f,-1.6389300844097257f,0f,0.9969610932083057f,0.07790108233458784f,1.66862559888414f,-1f,7.757383937099151e-18f,-9.927731089986579e-17f,0.24999999999999986f,0f,0f,0f,1f], start_interpolation: 0, interpolation_duration: 1 }
$data merge entity $(bone_right_eye) { transformation: [-9.957992501029599e-17f,-0.07790108233458784f,0.9969610932083057f,-1.6389300844097257f,0f,0.9969610932083057f,0.07790108233458784f,1.66862559888414f,-1f,7.757383937099151e-18f,-9.927731089986579e-17f,-1.3877787807814457e-16f,0f,0f,0f,1f], start_interpolation: 0, interpolation_duration: 1 }
$data merge entity $(bone_right_close) { transformation: [-9.957992501029599e-17f,-0.07790108233458784f,0.9969610932083057f,-1.6437989020556374f,0f,0.9969610932083057f,0.07790108233458784f,1.7309356672096592f,-1f,7.757383937099151e-18f,-9.927731089986579e-17f,-1.3877787807814457e-16f,0f,0f,0f,1f], start_interpolation: 0, interpolation_duration: 1 }
$data merge entity $(bone_left_close) { transformation: [-9.957992501029599e-17f,-0.07790108233458784f,0.9969610932083057f,-1.6437989020556374f,0f,0.9969610932083057f,0.07790108233458784f,1.7309356672096592f,-1f,7.757383937099151e-18f,-9.927731089986579e-17f,0.24999999999999986f,0f,0f,0f,1f], start_interpolation: 0, interpolation_duration: 1 }
$data merge entity $(bone_left_eyebrow) { transformation: [-9.957992501029599e-17f,-0.07790108233458784f,0.9969610932083057f,-1.6419136850655982f,0f,0.9969610932083057f,0.07790108233458784f,1.7060067710618056f,-1f,7.757383937099151e-18f,-9.927731089986579e-17f,0.24999999999999986f,0f,0f,0f,1f], start_interpolation: 0, interpolation_duration: 1 }
$data merge entity $(bone_right_eyebrow) { transformation: [-9.957992501029599e-17f,-0.07790108233458784f,0.9969610932083057f,-1.6419136850655982f,0f,0.9969610932083057f,0.07790108233458784f,1.7060067710618056f,-1f,7.757383937099151e-18f,-9.927731089986579e-17f,-1.3877787807814457e-16f,0f,0f,0f,1f], start_interpolation: 0, interpolation_duration: 1 }
$data merge entity $(bone_talking) { transformation: [-9.957992501029599e-17f,-0.07790108233458784f,0.9969610932083057f,-1.3079044721984832f,0f,0.9969610932083057f,0.07790108233458784f,1.4437294138116223f,-1f,7.757383937099151e-18f,-9.927731089986579e-17f,0.12499999999999983f,0f,0f,0f,1f], start_interpolation: 0, interpolation_duration: 1 }
$data merge entity $(bone_m_opened) { transformation: [-9.957992501029599e-17f,-0.07790108233458784f,0.9969610932083057f,-1.3079044721984832f,0f,0.9969610932083057f,0.07790108233458784f,1.4437294138116223f,-1f,7.757383937099151e-18f,-9.927731089986579e-17f,0.12499999999999983f,0f,0f,0f,1f], start_interpolation: 0, interpolation_duration: 1 }
$data merge entity $(bone_head) { transformation: [-9.957992501029599e-17f,-0.07790108233458784f,0.9969610932083057f,-1.3702145405240023f,0f,0.9969610932083057f,0.07790108233458784f,1.4388605961657106f,-1f,7.757383937099151e-18f,-9.927731089986579e-17f,0.12499999999999983f,0f,0f,0f,1f], start_interpolation: 0, interpolation_duration: 1 }
$data merge entity $(item_display_r_item) { transformation: [-4.3566217192004496e-17f,-0.4338626870017606f,-0.05629759166795991f,-1.4082977538638954f,0f,-0.05629759166795991f,0.4338626870017606f,0.6780907037031888f,-0.4375f,4.320401383640084e-17f,5.606109956555713e-18f,-0.18750000000000017f,0f,0f,0f,1f], start_interpolation: 0, interpolation_duration: 1 }
$data merge entity $(bone_rightarm) { transformation: [-9.957992501029599e-17f,-0.12868020952676573f,0.9916861417183099f,-1.3647621171033353f,0f,0.9916861417183099f,0.12868020952676573f,1.3139795684679783f,-1f,1.2813965614984508e-17f,-9.875203162605906e-17f,-0.18750000000000017f,0f,0f,0f,1f], start_interpolation: 0, interpolation_duration: 1 }
$data merge entity $(item_display_l_item) { transformation: [-4.3566217192004496e-17f,-0.43711836690771777f,0.018269737598822708f,-1.515752704218144f,0f,0.018269737598822708f,0.43711836690771777f,0.694744683628045f,-0.4375f,4.352821419729359e-17f,-1.819299100048551e-18f,0.43749999999999983f,0f,0f,0f,1f], start_interpolation: 0, interpolation_duration: 1 }
$data merge entity $(bone_leftarm) { transformation: [-9.957992501029599e-17f,0.041759400225880254f,0.9991276957890692f,-1.3647621171033353f,0f,0.9991276957890692f,-0.041759400225880254f,1.3139795684679783f,-1f,-4.158397942968094e-18f,-9.949306102238535e-17f,0.43749999999999983f,0f,0f,0f,1f], start_interpolation: 0, interpolation_duration: 1 }
$data merge entity $(bone_body) { transformation: [-9.957992501029599e-17f,-0.043619387365336f,0.9990482215818578f,-1.3375000000000004f,0f,0.9990482215818578f,0.043619387365336f,0.6895744299793172f,-1f,4.343615322835211e-18f,-9.948514698679097e-17f,0.12499999999999983f,0f,0f,0f,1f], start_interpolation: 0, interpolation_duration: 1 }
$data merge entity $(bone_leftleg) { transformation: [-9.957992501029599e-17f,-0.2249510543438645f,0.9743700647852354f,-1.3375000000000004f,0f,0.9743700647852354f,0.2249510543438645f,0.80225f,-1f,2.2400609122549043e-17f,-9.702769798359098e-17f,0.24999999999999983f,0f,0f,0f,1f], start_interpolation: 0, interpolation_duration: 1 }
$data merge entity $(bone_rightleg) { transformation: [-9.957992501029599e-17f,0.2534202889911582f,0.9673562720774791f,-1.3375000000000004f,0f,0.9673562720774791f,-0.2534202889911582f,0.75f,-1f,-2.523557337382707e-17f,-9.632926503171485e-17f,-1.6653345369377348e-16f,0f,0f,0f,1f], start_interpolation: 0, interpolation_duration: 1 }
data modify entity @s data merge value {"locators":{},"cameras":{"camera":{"posx":6.125,"posy":0.8098466640985928,"posz":1.313312715337238,"roty":97.85358918678403,"rotx":-16.276743153522407}}}