# This file was generated by Animated Java via MC-Build. It is not recommended to edit this file directly.
$data merge entity $(bone_left_eye) { transformation: [-9.957992501029599e-17f,-0.09640288718930978f,0.9953423950287485f,-1.6681508610785172f,0f,0.9953423950287485f,0.09640288718930978f,1.6699295085574986f,-1f,9.599792277087493e-18f,-9.911612105653119e-17f,0.24999999999999986f,0f,0f,0f,1f], start_interpolation: 0, interpolation_duration: 1 }
$data merge entity $(bone_right_eye) { transformation: [-9.957992501029599e-17f,-0.09640288718930978f,0.9953423950287485f,-1.6681508610785172f,0f,0.9953423950287485f,0.09640288718930978f,1.6699295085574986f,-1f,9.599792277087493e-18f,-9.911612105653119e-17f,-1.3877787807814457e-16f,0f,0f,0f,1f], start_interpolation: 0, interpolation_duration: 1 }
$data merge entity $(bone_right_close) { transformation: [-9.957992501029599e-17f,-0.09640288718930978f,0.9953423950287485f,-1.674176041527849f,0f,0.9953423950287485f,0.09640288718930978f,1.7321384082467954f,-1f,9.599792277087493e-18f,-9.911612105653119e-17f,-1.3877787807814457e-16f,0f,0f,0f,1f], start_interpolation: 0, interpolation_duration: 1 }
$data merge entity $(bone_left_close) { transformation: [-9.957992501029599e-17f,-0.09640288718930978f,0.9953423950287485f,-1.674176041527849f,0f,0.9953423950287485f,0.09640288718930978f,1.7321384082467954f,-1f,9.599792277087493e-18f,-9.911612105653119e-17f,0.24999999999999986f,0f,0f,0f,1f], start_interpolation: 0, interpolation_duration: 1 }
$data merge entity $(bone_left_eyebrow) { transformation: [-9.957992501029599e-17f,-0.09640288718930978f,0.9953423950287485f,-1.6718281782478055f,0f,0.9953423950287485f,0.09640288718930978f,1.7072488231906273f,-1f,9.599792277087493e-18f,-9.911612105653119e-17f,0.24999999999999986f,0f,0f,0f,1f], start_interpolation: 0, interpolation_duration: 1 }
$data merge entity $(bone_right_eyebrow) { transformation: [-9.957992501029599e-17f,-0.09640288718930978f,0.9953423950287485f,-1.6718281782478055f,0f,0.9953423950287485f,0.09640288718930978f,1.7072488231906273f,-1f,9.599792277087493e-18f,-9.911612105653119e-17f,-1.3877787807814457e-16f,0f,0f,0f,1f], start_interpolation: 0, interpolation_duration: 1 }
$data merge entity $(bone_talking) { transformation: [-9.957992501029599e-17f,-0.09640288718930978f,0.9953423950287485f,-1.3330056408347057f,0f,0.9953423950287485f,0.09640288718930978f,1.4512198120469708f,-1f,9.599792277087493e-18f,-9.911612105653119e-17f,0.12499999999999983f,0f,0f,0f,1f], start_interpolation: 0, interpolation_duration: 1 }
$data merge entity $(bone_m_opened) { transformation: [-9.957992501029599e-17f,-0.09640288718930978f,0.9953423950287485f,-1.3330056408347057f,0f,0.9953423950287485f,0.09640288718930978f,1.4512198120469708f,-1f,9.599792277087493e-18f,-9.911612105653119e-17f,0.12499999999999983f,0f,0f,0f,1f], start_interpolation: 0, interpolation_duration: 1 }
$data merge entity $(bone_head) { transformation: [-9.957992501029599e-17f,-0.09640288718930978f,0.9953423950287485f,-1.3952145405240026f,0f,0.9953423950287485f,0.09640288718930978f,1.445194631597639f,-1f,9.599792277087493e-18f,-9.911612105653119e-17f,0.12499999999999983f,0f,0f,0f,1f], start_interpolation: 0, interpolation_duration: 1 }
$data merge entity $(item_display_r_item) { transformation: [-4.3566217192004496e-17f,-0.43415360691641763f,-0.054008291969518285f,-1.436651301980143f,0f,-0.054008291969518285f,0.43415360691641763f,0.6846632248851618f,-0.4375f,4.323298361968639e-17f,5.378141664258802e-18f,-0.18750000000000017f,0f,0f,0f,1f], start_interpolation: 0, interpolation_duration: 1 }
$data merge entity $(bone_rightarm) { transformation: [-9.957992501029599e-17f,-0.1234475245017563f,0.9923511015232404f,-1.3897621171033356f,0f,0.9923511015232404f,0.1234475245017563f,1.3203136038999066f,-1f,1.2292895232591568e-17f,-9.881824827356889e-17f,-0.18750000000000017f,0f,0f,0f,1f], start_interpolation: 0, interpolation_duration: 1 }
$data merge entity $(item_display_l_item) { transformation: [-4.3566217192004496e-17f,-0.4372086541686788f,0.015963794035650104f,-1.5374842954881724f,0f,0.015963794035650104f,0.4372086541686788f,0.7002908962405512f,-0.4375f,4.353720499596947e-17f,-1.5896734129498473e-18f,0.43749999999999983f,0f,0f,0f,1f], start_interpolation: 0, interpolation_duration: 1 }
$data merge entity $(bone_leftarm) { transformation: [-9.957992501029599e-17f,0.036488672081485735f,0.9993340666712659f,-1.3897621171033356f,0f,0.9993340666712659f,-0.036488672081485735f,1.3203136038999066f,-1f,-3.633539229599629e-18f,-9.951361141935879e-17f,0.43749999999999983f,0f,0f,0f,1f], start_interpolation: 0, interpolation_duration: 1 }
$data merge entity $(bone_body) { transformation: [-9.957992501029599e-17f,-0.043619387365336f,0.9990482215818578f,-1.3625000000000007f,0f,0.9990482215818578f,0.043619387365336f,0.6959084654112455f,-1f,4.343615322835211e-18f,-9.948514698679097e-17f,0.12499999999999983f,0f,0f,0f,1f], start_interpolation: 0, interpolation_duration: 1 }
$data merge entity $(bone_leftleg) { transformation: [-9.957992501029599e-17f,-0.1908089953765438f,0.9816271834476642f,-1.3625000000000007f,0f,0.9816271834476642f,0.1908089953765438f,0.8061250000000001f,-1f,1.9000745450886145e-17f,-9.775036131578646e-17f,0.24999999999999983f,0f,0f,0f,1f], start_interpolation: 0, interpolation_duration: 1 }
$data merge entity $(bone_rightleg) { transformation: [-9.957992501029599e-17f,0.23808144534202694f,0.9712451932359055f,-1.3625000000000007f,0f,0.9712451932359055f,-0.23808144534202694f,0.75f,-1f,-2.3708132473501926e-17f,-9.671652350904191e-17f,-1.6653345369377348e-16f,0f,0f,0f,1f], start_interpolation: 0, interpolation_duration: 1 }
data modify entity @s data merge value {"locators":{},"cameras":{"camera":{"posx":6.125,"posy":0.8105212031830493,"posz":1.3129590812901808,"roty":97.85358918678403,"rotx":-16.276743153522407}}}