# This file was generated by Animated Java via MC-Build. It is not recommended to edit this file directly.
$data merge entity $(bone_left_eye) { transformation: [-9.957992501029599e-17f,-0.11335488387898045f,0.9935545633234155f,-1.6969419023246002f,0f,0.9935545633234155f,0.11335488387898045f,1.6754561286876297f,-1f,1.1287870836219682e-17f,-9.89380889093831e-17f,0.24999999999999986f,0f,0f,0f,1f], start_interpolation: 0, interpolation_duration: 1 }
$data merge entity $(bone_right_eye) { transformation: [-9.957992501029599e-17f,-0.11335488387898045f,0.9935545633234155f,-1.6969419023246002f,0f,0.9935545633234155f,0.11335488387898045f,1.6754561286876297f,-1f,1.1287870836219682e-17f,-9.89380889093831e-17f,-1.3877787807814457e-16f,0f,0f,0f,1f], start_interpolation: 0, interpolation_duration: 1 }
$data merge entity $(bone_right_close) { transformation: [-9.957992501029599e-17f,-0.11335488387898045f,0.9935545633234155f,-1.7040265825670364f,0f,0.9935545633234155f,0.11335488387898045f,1.7375532888953433f,-1f,1.1287870836219682e-17f,-9.89380889093831e-17f,-1.3877787807814457e-16f,0f,0f,0f,1f], start_interpolation: 0, interpolation_duration: 1 }
$data merge entity $(bone_left_close) { transformation: [-9.957992501029599e-17f,-0.11335488387898045f,0.9935545633234155f,-1.7040265825670364f,0f,0.9935545633234155f,0.11335488387898045f,1.7375532888953433f,-1f,1.1287870836219682e-17f,-9.89380889093831e-17f,0.24999999999999986f,0f,0f,0f,1f], start_interpolation: 0, interpolation_duration: 1 }
$data merge entity $(bone_left_eyebrow) { transformation: [-9.957992501029599e-17f,-0.11335488387898045f,0.9935545633234155f,-1.7012548076302698f,0f,0.9935545633234155f,0.11335488387898045f,1.7127073401320154f,-1f,1.1287870836219682e-17f,-9.89380889093831e-17f,0.24999999999999986f,0f,0f,0f,1f], start_interpolation: 0, interpolation_duration: 1 }
$data merge entity $(bone_right_eyebrow) { transformation: [-9.957992501029599e-17f,-0.11335488387898045f,0.9935545633234155f,-1.7012548076302698f,0f,0.9935545633234155f,0.11335488387898045f,1.7127073401320154f,-1f,1.1287870836219682e-17f,-9.89380889093831e-17f,-1.3877787807814457e-16f,0f,0f,0f,1f], start_interpolation: 0, interpolation_duration: 1 }
$data merge entity $(bone_talking) { transformation: [-9.957992501029599e-17f,-0.11335488387898045f,0.9935545633234155f,-1.3581173803162878f,0f,0.9935545633234155f,0.11335488387898045f,1.4624908890689572f,-1f,1.1287870836219682e-17f,-9.89380889093831e-17f,0.12499999999999983f,0f,0f,0f,1f], start_interpolation: 0, interpolation_duration: 1 }
$data merge entity $(bone_m_opened) { transformation: [-9.957992501029599e-17f,-0.11335488387898045f,0.9935545633234155f,-1.3581173803162878f,0f,0.9935545633234155f,0.11335488387898045f,1.4624908890689572f,-1f,1.1287870836219682e-17f,-9.89380889093831e-17f,0.12499999999999983f,0f,0f,0f,1f], start_interpolation: 0, interpolation_duration: 1 }
$data merge entity $(bone_head) { transformation: [-9.957992501029599e-17f,-0.11335488387898045f,0.9935545633234155f,-1.4202145405240012f,0f,0.9935545633234155f,0.11335488387898045f,1.455406208826521f,-1f,1.1287870836219682e-17f,-9.89380889093831e-17f,0.12499999999999983f,0f,0f,0f,1f], start_interpolation: 0, interpolation_duration: 1 }
$data merge entity $(item_display_r_item) { transformation: [-4.3566217192004496e-17f,-0.43458300569569497f,-0.05043670449678029f,-1.4668762551638466f,0f,-0.05043670449678029f,0.43458300569569497f,0.6952818288501442f,-0.4375f,4.327574311792634e-17f,5.02248325155584e-18f,-0.18750000000000017f,0f,0f,0f,1f], start_interpolation: 0, interpolation_duration: 1 }
$data merge entity $(bone_rightarm) { transformation: [-9.957992501029599e-17f,-0.11528389599264088f,0.9933325844473028f,-1.4147621171033342f,0f,0.9933325844473028f,0.11528389599264088f,1.3305251811287886f,-1f,1.1479961717841942e-17f,-9.891598426954592e-17f,-0.18750000000000017f,0f,0f,0f,1f], start_interpolation: 0, interpolation_duration: 1 }
$data merge entity $(item_display_l_item) { transformation: [-4.3566217192004496e-17f,-0.43732513459698724f,0.012368372961994766f,-1.5573812597910373f,0f,0.012368372961994766f,0.43732513459698724f,0.7093088096936624f,-0.4375f,4.3548804108285585e-17f,-1.231641652054811e-18f,0.43749999999999983f,0f,0f,0f,1f], start_interpolation: 0, interpolation_duration: 1 }
$data merge entity $(bone_leftarm) { transformation: [-9.957992501029599e-17f,0.02827056677027353f,0.9996003076502565f,-1.4147621171033342f,0f,0.9996003076502565f,-0.02827056677027353f,1.3305251811287886f,-1f,-2.815180918982403e-18f,-9.954012367608134e-17f,0.43749999999999983f,0f,0f,0f,1f], start_interpolation: 0, interpolation_duration: 1 }
$data merge entity $(bone_body) { transformation: [-9.957992501029599e-17f,-0.043619387365336f,0.9990482215818578f,-1.3874999999999993f,0f,0.9990482215818578f,0.043619387365336f,0.7061200426401275f,-1f,4.343615322835211e-18f,-9.948514698679097e-17f,0.12499999999999983f,0f,0f,0f,1f], start_interpolation: 0, interpolation_duration: 1 }
$data merge entity $(bone_leftleg) { transformation: [-9.957992501029599e-17f,-0.15643446504023187f,0.9876883405951375f,-1.3874999999999993f,0f,0.9876883405951375f,0.15643446504023187f,0.8088749999999999f,-1f,1.5577732297732058e-17f,-9.835393089000749e-17f,0.24999999999999983f,0f,0f,0f,1f], start_interpolation: 0, interpolation_duration: 1 }
$data merge entity $(bone_rightleg) { transformation: [-9.957992501029599e-17f,0.21405342901396085f,0.9768219538520647f,-1.3874999999999993f,0f,0.9768219538520647f,-0.21405342901396085f,0.75f,-1f,-2.1315424409406937e-17f,-9.727185691299942e-17f,-1.6653345369377348e-16f,0f,0f,0f,1f], start_interpolation: 0, interpolation_duration: 1 }
data modify entity @s data merge value {"locators":{},"cameras":{"camera":{"posx":6.125,"posy":0.8111882900550748,"posz":1.3127048934236292,"roty":97.85358918678403,"rotx":-16.276743153522407}}}