# This file was generated by Animated Java via MC-Build. It is not recommended to edit this file directly.
$data merge entity $(bone_left_eye) { transformation: [-9.957992501029599e-17f,-0.12573203910628494f,0.9920642390199215f,-1.7246636100555532f,0f,0.9920642390199215f,0.12573203910628494f,1.6846192161648024f,-1f,1.252038702559546e-17f,-9.878968252700013e-17f,0.24999999999999986f,0f,0f,0f,1f], start_interpolation: 0, interpolation_duration: 1 }
$data merge entity $(bone_right_eye) { transformation: [-9.957992501029599e-17f,-0.12573203910628494f,0.9920642390199215f,-1.7246636100555532f,0f,0.9920642390199215f,0.12573203910628494f,1.6846192161648024f,-1f,1.252038702559546e-17f,-9.878968252700013e-17f,-1.3877787807814457e-16f,0f,0f,0f,1f], start_interpolation: 0, interpolation_duration: 1 }
$data merge entity $(bone_right_close) { transformation: [-9.957992501029599e-17f,-0.12573203910628494f,0.9920642390199215f,-1.7325218624996959f,0f,0.9920642390199215f,0.12573203910628494f,1.7466232311035474f,-1f,1.252038702559546e-17f,-9.878968252700013e-17f,-1.3877787807814457e-16f,0f,0f,0f,1f], start_interpolation: 0, interpolation_duration: 1 }
$data merge entity $(bone_left_close) { transformation: [-9.957992501029599e-17f,-0.12573203910628494f,0.9920642390199215f,-1.7325218624996959f,0f,0.9920642390199215f,0.12573203910628494f,1.7466232311035474f,-1f,1.252038702559546e-17f,-9.878968252700013e-17f,0.24999999999999986f,0f,0f,0f,1f], start_interpolation: 0, interpolation_duration: 1 }
$data merge entity $(bone_left_eyebrow) { transformation: [-9.957992501029599e-17f,-0.12573203910628494f,0.9920642390199215f,-1.7294405655369776f,0f,0.9920642390199215f,0.12573203910628494f,1.7218137668756053f,-1f,1.252038702559546e-17f,-9.878968252700013e-17f,0.24999999999999986f,0f,0f,0f,1f], start_interpolation: 0, interpolation_duration: 1 }
$data merge entity $(bone_right_eyebrow) { transformation: [-9.957992501029599e-17f,-0.12573203910628494f,0.9920642390199215f,-1.7294405655369776f,0f,0.9920642390199215f,0.12573203910628494f,1.7218137668756053f,-1f,1.252038702559546e-17f,-9.878968252700013e-17f,-1.3877787807814457e-16f,0f,0f,0f,1f], start_interpolation: 0, interpolation_duration: 1 }
$data merge entity $(bone_talking) { transformation: [-9.957992501029599e-17f,-0.12573203910628494f,0.9920642390199215f,-1.3832105255852565f,0f,0.9920642390199215f,0.12573203910628494f,1.475894418630536f,-1f,1.252038702559546e-17f,-9.878968252700013e-17f,0.12499999999999983f,0f,0f,0f,1f], start_interpolation: 0, interpolation_duration: 1 }
$data merge entity $(bone_m_opened) { transformation: [-9.957992501029599e-17f,-0.12573203910628494f,0.9920642390199215f,-1.3832105255852565f,0f,0.9920642390199215f,0.12573203910628494f,1.475894418630536f,-1f,1.252038702559546e-17f,-9.878968252700013e-17f,0.12499999999999983f,0f,0f,0f,1f], start_interpolation: 0, interpolation_duration: 1 }
$data merge entity $(bone_head) { transformation: [-9.957992501029599e-17f,-0.12573203910628494f,0.9920642390199215f,-1.4452145405240016f,0f,0.9920642390199215f,0.12573203910628494f,1.4680361661863932f,-1f,1.252038702559546e-17f,-9.878968252700013e-17f,0.12499999999999983f,0f,0f,0f,1f], start_interpolation: 0, interpolation_duration: 1 }
$data merge entity $(item_display_r_item) { transformation: [-4.3566217192004496e-17f,-0.4350980052112461f,-0.045781828941125945f,-1.498673220104939f,0f,-0.045781828941125945f,0.4350980052112461f,0.708506037060845f,-0.4375f,4.332702673106526e-17f,4.55895109279152e-18f,-0.18750000000000017f,0f,0f,0f,1f], start_interpolation: 0, interpolation_duration: 1 }
$data merge entity $(bone_rightarm) { transformation: [-9.957992501029599e-17f,-0.10464418043685952f,0.9945097261971338f,-1.4397621171033346f,0f,0.9945097261971338f,0.10464418043685952f,1.343155138488661f,-1f,1.0420459640666353e-17f,-9.903320395672059e-17f,-0.18750000000000017f,0f,0f,0f,1f], start_interpolation: 0, interpolation_duration: 1 }
$data merge entity $(item_display_l_item) { transformation: [-4.3566217192004496e-17f,-0.43743247524744805f,0.007686325447882495f,-1.5757232892424375f,0f,0.007686325447882495f,0.43743247524744805f,0.7204476954059874f,-0.4375f,4.355949308220904e-17f,-7.654037117048688e-19f,0.43749999999999983f,0f,0f,0f,1f], start_interpolation: 0, interpolation_duration: 1 }
$data merge entity $(bone_leftarm) { transformation: [-9.957992501029599e-17f,0.017568743880874052f,0.9998456577084527f,-1.4397621171033346f,0f,0.9998456577084527f,-0.017568743880874052f,1.343155138488661f,-1f,-1.749494198182535e-18f,-9.95645556164778e-17f,0.43749999999999983f,0f,0f,0f,1f], start_interpolation: 0, interpolation_duration: 1 }
$data merge entity $(bone_body) { transformation: [-9.957992501029599e-17f,-0.043619387365336f,0.9990482215818578f,-1.4124999999999996f,0f,0.9990482215818578f,0.043619387365336f,0.71875f,-1f,4.343615322835211e-18f,-9.948514698679097e-17f,0.12499999999999983f,0f,0f,0f,1f], start_interpolation: 0, interpolation_duration: 1 }
$data merge entity $(bone_leftleg) { transformation: [-9.957992501029599e-17f,-0.12186934340514798f,0.992546151641322f,-1.4124999999999996f,0f,0.992546151641322f,0.12186934340514798f,0.810875f,-1f,1.2135740077338646e-17f,-9.883767134970071e-17f,0.24999999999999983f,0f,0f,0f,1f], start_interpolation: 0, interpolation_duration: 1 }
$data merge entity $(bone_rightleg) { transformation: [-9.957992501029599e-17f,0.18257873509322253f,0.9831912354632535f,-1.4124999999999996f,0f,0.9831912354632535f,-0.18257873509322253f,0.75f,-1f,-1.8181176749057797e-17f,-9.790610949821105e-17f,-1.6653345369377348e-16f,0f,0f,0f,1f], start_interpolation: 0, interpolation_duration: 1 }
data modify entity @s data merge value {"locators":{},"cameras":{"camera":{"posx":6.125,"posy":0.811847897924211,"posz":1.3125514376795728,"roty":97.85358918678403,"rotx":-16.276743153522407}}}