# This file was generated by Animated Java via MC-Build. It is not recommended to edit this file directly.
$data merge entity $(bone_left_eye) { transformation: [-9.957992501029599e-17f,-0.1305261922200516f,0.9914448613738104f,-1.7507073039224674f,0f,0.9914448613738104f,0.1305261922200516f,1.6958957908347057f,-1f,1.2997788433152219e-17f,-9.872800494744735e-17f,0.24999999999999983f,0f,0f,0f,1f], start_interpolation: 0, interpolation_duration: 1 }
$data merge entity $(bone_right_eye) { transformation: [-9.957992501029599e-17f,-0.1305261922200516f,0.9914448613738104f,-1.7507073039224674f,0f,0.9914448613738104f,0.1305261922200516f,1.6958957908347057f,-1f,1.2997788433152219e-17f,-9.872800494744735e-17f,-1.5265566588595902e-16f,0f,0f,0f,1f], start_interpolation: 0, interpolation_duration: 1 }
$data merge entity $(bone_right_close) { transformation: [-9.957992501029599e-17f,-0.1305261922200516f,0.9914448613738104f,-1.7588651909362207f,0f,0.9914448613738104f,0.1305261922200516f,1.7578610946705688f,-1f,1.2997788433152219e-17f,-9.872800494744735e-17f,-1.5265566588595902e-16f,0f,0f,0f,1f], start_interpolation: 0, interpolation_duration: 1 }
$data merge entity $(bone_left_close) { transformation: [-9.957992501029599e-17f,-0.1305261922200516f,0.9914448613738104f,-1.7588651909362207f,0f,0.9914448613738104f,0.1305261922200516f,1.7578610946705688f,-1f,1.2997788433152219e-17f,-9.872800494744735e-17f,0.24999999999999983f,0f,0f,0f,1f], start_interpolation: 0, interpolation_duration: 1 }
$data merge entity $(bone_left_eyebrow) { transformation: [-9.957992501029599e-17f,-0.1305261922200516f,0.9914448613738104f,-1.7556640014345553f,0f,0.9914448613738104f,0.1305261922200516f,1.7330668152492097f,-1f,1.2997788433152219e-17f,-9.872800494744735e-17f,0.24999999999999983f,0f,0f,0f,1f], start_interpolation: 0, interpolation_duration: 1 }
$data merge entity $(bone_right_eyebrow) { transformation: [-9.957992501029599e-17f,-0.1305261922200516f,0.9914448613738104f,-1.7556640014345553f,0f,0.9914448613738104f,0.1305261922200516f,1.7330668152492097f,-1f,1.2997788433152219e-17f,-9.872800494744735e-17f,-1.5265566588595902e-16f,0f,0f,0f,1f], start_interpolation: 0, interpolation_duration: 1 }
$data merge entity $(bone_talking) { transformation: [-9.957992501029599e-17f,-0.1305261922200516f,0.9914448613738104f,-1.4082492366881387f,0f,0.9914448613738104f,0.1305261922200516f,1.4888240105600192f,-1f,1.2997788433152219e-17f,-9.872800494744735e-17f,0.12499999999999982f,0f,0f,0f,1f], start_interpolation: 0, interpolation_duration: 1 }
$data merge entity $(bone_m_opened) { transformation: [-9.957992501029599e-17f,-0.1305261922200516f,0.9914448613738104f,-1.4082492366881387f,0f,0.9914448613738104f,0.1305261922200516f,1.4888240105600192f,-1f,1.2997788433152219e-17f,-9.872800494744735e-17f,0.12499999999999982f,0f,0f,0f,1f], start_interpolation: 0, interpolation_duration: 1 }
$data merge entity $(bone_head) { transformation: [-9.957992501029599e-17f,-0.1305261922200516f,0.9914448613738104f,-1.470214540524002f,0f,0.9914448613738104f,0.1305261922200516f,1.480666123546266f,-1f,1.2997788433152219e-17f,-9.872800494744735e-17f,0.12499999999999982f,0f,0f,0f,1f], start_interpolation: 0, interpolation_duration: 1 }
$data merge entity $(item_display_r_item) { transformation: [-4.3566217192004496e-17f,-0.43564519657342743f,-0.040243169637836904f,-1.5317419309274043f,0f,-0.040243169637836904f,0.43564519657342743f,0.721936766561398f,-0.4375f,4.3381516005877564e-17f,4.0074118147124194e-18f,-0.18750000000000017f,0f,0f,0f,1f], start_interpolation: 0, interpolation_duration: 1 }
$data merge entity $(bone_rightarm) { transformation: [-9.957992501029599e-17f,-0.09198438774362744f,0.9957604493106913f,-1.464762117103335f,0f,0.9957604493106913f,0.09198438774362744f,1.3557850958485336f,-1f,9.15979843362841e-18f,-9.915775087057728e-17f,-0.18750000000000017f,0f,0f,0f,1f], start_interpolation: 0, interpolation_duration: 1 }
$data merge entity $(item_display_l_item) { transformation: [-4.3566217192004496e-17f,-0.4374948584158904f,0.0021210515458134163f,-1.5927907217161799f,0f,0.0021210515458134163f,0.4374948584158904f,0.7313984556960653f,-0.4375f,4.356570519344443e-17f,-2.1121415387507252e-19f,0.43749999999999983f,0f,0f,0f,1f], start_interpolation: 0, interpolation_duration: 1 }
$data merge entity $(bone_leftarm) { transformation: [-9.957992501029599e-17f,0.004848117819001872f,0.9999882478077495f,-1.464762117103335f,0f,0.9999882478077495f,-0.004848117819001872f,1.3557850958485336f,-1f,-4.827752088572865e-19f,-9.957875472787297e-17f,0.43749999999999983f,0f,0f,0f,1f], start_interpolation: 0, interpolation_duration: 1 }
$data merge entity $(bone_body) { transformation: [-9.957992501029599e-17f,-0.043619387365336f,0.9990482215818578f,-1.4375f,0f,0.9990482215818578f,0.043619387365336f,0.7313799573598725f,-1f,4.343615322835211e-18f,-9.948514698679097e-17f,0.12499999999999982f,0f,0f,0f,1f], start_interpolation: 0, interpolation_duration: 1 }
$data merge entity $(bone_leftleg) { transformation: [-9.957992501029599e-17f,-0.08715574274765818f,0.9961946980917455f,-1.4375f,0f,0.9961946980917455f,0.08715574274765818f,0.8125f,-1f,8.67896232702845e-18f,-9.920099333163047e-17f,0.24999999999999983f,0f,0f,0f,1f], start_interpolation: 0, interpolation_duration: 1 }
$data merge entity $(bone_rightleg) { transformation: [-9.957992501029599e-17f,0.14493185930724678f,0.9894416385809445f,-1.4375f,0f,0.9894416385809445f,-0.14493185930724678f,0.75f,-1f,-1.4432303681418404e-17f,-9.852852417195484e-17f,-1.8041124150158794e-16f,0f,0f,0f,1f], start_interpolation: 0, interpolation_duration: 1 }
data modify entity @s data merge value {"locators":{},"cameras":{"camera":{"posx":6.125,"posy":0.8125,"posz":1.3125000000000007,"roty":97.85358918678403,"rotx":-16.276743153522407}}}