# This file was generated by Animated Java via MC-Build. It is not recommended to edit this file directly.
$data merge entity $(bone_left_eye) { transformation: [-9.957992501029599e-17f,-0.12723011733509693f,0.9918732263968503f,-1.7499903764569886f,0f,0.9918732263968503f,0.12723011733509693f,1.7070384780405863f,-1f,1.2669565543280111e-17f,-9.877066150431869e-17f,0.24999999999999983f,0f,0f,0f,1f], start_interpolation: 0, interpolation_duration: 1 }
$data merge entity $(bone_right_eye) { transformation: [-9.957992501029599e-17f,-0.12723011733509693f,0.9918732263968503f,-1.7499903764569886f,0f,0.9918732263968503f,0.12723011733509693f,1.7070384780405863f,-1f,1.2669565543280111e-17f,-9.877066150431869e-17f,-1.5265566588595902e-16f,0f,0f,0f,1f], start_interpolation: 0, interpolation_duration: 1 }
$data merge entity $(bone_right_close) { transformation: [-9.957992501029599e-17f,-0.12723011733509693f,0.9918732263968503f,-1.7579422587904323f,0f,0.9918732263968503f,0.12723011733509693f,1.7690305546903895f,-1f,1.2669565543280111e-17f,-9.877066150431869e-17f,-1.5265566588595902e-16f,0f,0f,0f,1f], start_interpolation: 0, interpolation_duration: 1 }
$data merge entity $(bone_left_close) { transformation: [-9.957992501029599e-17f,-0.12723011733509693f,0.9918732263968503f,-1.7579422587904323f,0f,0.9918732263968503f,0.12723011733509693f,1.7690305546903895f,-1f,1.2669565543280111e-17f,-9.877066150431869e-17f,0.24999999999999983f,0f,0f,0f,1f], start_interpolation: 0, interpolation_duration: 1 }
$data merge entity $(bone_left_eyebrow) { transformation: [-9.957992501029599e-17f,-0.12723011733509693f,0.9918732263968503f,-1.7548234979337047f,0f,0.9918732263968503f,0.12723011733509693f,1.744225772148135f,-1f,1.2669565543280111e-17f,-9.877066150431869e-17f,0.24999999999999983f,0f,0f,0f,1f], start_interpolation: 0, interpolation_duration: 1 }
$data merge entity $(bone_right_eyebrow) { transformation: [-9.957992501029599e-17f,-0.12723011733509693f,0.9918732263968503f,-1.7548234979337047f,0f,0.9918732263968503f,0.12723011733509693f,1.744225772148135f,-1f,1.2669565543280111e-17f,-9.877066150431869e-17f,-1.5265566588595902e-16f,0f,0f,0f,1f], start_interpolation: 0, interpolation_duration: 1 }
$data merge entity $(bone_talking) { transformation: [-9.957992501029599e-17f,-0.12723011733509693f,0.9918732263968503f,-1.4082224638741987f,0f,0.9918732263968503f,0.12723011733509693f,1.4988295831085914f,-1f,1.2669565543280111e-17f,-9.877066150431869e-17f,0.12499999999999982f,0f,0f,0f,1f], start_interpolation: 0, interpolation_duration: 1 }
$data merge entity $(bone_m_opened) { transformation: [-9.957992501029599e-17f,-0.12723011733509693f,0.9918732263968503f,-1.4082224638741987f,0f,0.9918732263968503f,0.12723011733509693f,1.4988295831085914f,-1f,1.2669565543280111e-17f,-9.877066150431869e-17f,0.12499999999999982f,0f,0f,0f,1f], start_interpolation: 0, interpolation_duration: 1 }
$data merge entity $(bone_head) { transformation: [-9.957992501029599e-17f,-0.12723011733509693f,0.9918732263968503f,-1.470214540524002f,0f,0.9918732263968503f,0.12723011733509693f,1.490877700775148f,-1f,1.2669565543280111e-17f,-9.877066150431869e-17f,0.12499999999999982f,0f,0f,0f,1f], start_interpolation: 0, interpolation_duration: 1 }
$data merge entity $(item_display_r_item) { transformation: [-4.3566217192004496e-17f,-0.4361751911859664f,-0.03402135496839665f,-1.540781664630187f,0f,-0.03402135496839665f,0.4361751911859664f,0.733168869963636f,-0.4375f,4.3434292829650053e-17f,3.3878439765015996e-18f,-0.18750000000000017f,0f,0f,0f,1f], start_interpolation: 0, interpolation_duration: 1 }
$data merge entity $(bone_rightarm) { transformation: [-9.957992501029599e-17f,-0.07776309707062114f,0.9969718655679233f,-1.464762117103335f,0f,0.9969718655679233f,0.07776309707062114f,1.3659966730774156f,-1f,7.743643374860821e-18f,-9.927838361062869e-17f,-0.18750000000000017f,0f,0f,0f,1f], start_interpolation: 0, interpolation_duration: 1 }
$data merge entity $(item_display_l_item) { transformation: [-4.3566217192004496e-17f,-0.4374805693601656f,-0.004123279314500509f,-1.5838661664712386f,0f,-0.004123279314500509f,0.4374805693601656f,0.7398463513301787f,-0.4375f,4.356428229034688e-17f,4.1059584493446503e-19f,0.43749999999999983f,0f,0f,0f,1f], start_interpolation: 0, interpolation_duration: 1 }
$data merge entity $(bone_leftarm) { transformation: [-9.957992501029599e-17f,-0.009424638433144242f,0.9999555871089499f,-1.464762117103335f,0f,0.9999555871089499f,0.009424638433144242f,1.3659966730774156f,-1f,9.385047884216565e-19f,-9.957550237793574e-17f,0.43749999999999983f,0f,0f,0f,1f], start_interpolation: 0, interpolation_duration: 1 }
$data merge entity $(bone_body) { transformation: [-9.957992501029599e-17f,-0.043619387365336f,0.9990482215818578f,-1.4375f,0f,0.9990482215818578f,0.043619387365336f,0.7415915345887545f,-1f,4.343615322835211e-18f,-9.948514698679097e-17f,0.12499999999999982f,0f,0f,0f,1f], start_interpolation: 0, interpolation_duration: 1 }
$data merge entity $(bone_leftleg) { transformation: [-9.957992501029599e-17f,-0.052335956242943335f,0.9986295347545739f,-1.4375f,0f,0.9986295347545739f,0.052335956242943335f,0.8145f,-1f,5.211610598014429e-18f,-9.944345418392724e-17f,0.24999999999999983f,0f,0f,0f,1f], start_interpolation: 0, interpolation_duration: 1 }
$data merge entity $(bone_rightleg) { transformation: [-9.957992501029599e-17f,0.10244531374706681f,0.9947386378799534f,-1.4375f,0f,0.9947386378799534f,-0.10244531374706681f,0.75f,-1f,-1.0201496660589157e-17f,-9.905599896492973e-17f,-1.8041124150158794e-16f,0f,0f,0f,1f], start_interpolation: 0, interpolation_duration: 1 }
data modify entity @s data merge value {"locators":{},"cameras":{"camera":{"posx":6.125,"posy":0.8125,"posz":1.3125000000000007,"roty":97.85358918678403,"rotx":-16.276743153522407}}}