# This file was generated by Animated Java via MC-Build. It is not recommended to edit this file directly.
$data merge entity $(bone_left_eye) { transformation: [-9.957992501029599e-17f,-0.11844594054772051f,0.9929605023200903f,-1.7480661512409545f,0f,0.9929605023200903f,0.11844594054772051f,1.7158403766501686f,-1f,1.1794837877515986e-17f,-9.887893235922044e-17f,0.24999999999999983f,0f,0f,0f,1f], start_interpolation: 0, interpolation_duration: 1 }
$data merge entity $(bone_right_eye) { transformation: [-9.957992501029599e-17f,-0.11844594054772051f,0.9929605023200903f,-1.7480661512409545f,0f,0.9929605023200903f,0.11844594054772051f,1.7158403766501686f,-1f,1.1794837877515986e-17f,-9.887893235922044e-17f,-1.5265566588595902e-16f,0f,0f,0f,1f], start_interpolation: 0, interpolation_duration: 1 }
$data merge entity $(bone_right_close) { transformation: [-9.957992501029599e-17f,-0.11844594054772051f,0.9929605023200903f,-1.7554690225251872f,0f,0.9929605023200903f,0.11844594054772051f,1.7779004080451744f,-1f,1.1794837877515986e-17f,-9.887893235922044e-17f,-1.5265566588595902e-16f,0f,0f,0f,1f], start_interpolation: 0, interpolation_duration: 1 }
$data merge entity $(bone_left_close) { transformation: [-9.957992501029599e-17f,-0.11844594054772051f,0.9929605023200903f,-1.7554690225251872f,0f,0.9929605023200903f,0.11844594054772051f,1.7779004080451744f,-1f,1.1794837877515986e-17f,-9.887893235922044e-17f,0.24999999999999983f,0f,0f,0f,1f], start_interpolation: 0, interpolation_duration: 1 }
$data merge entity $(bone_left_eyebrow) { transformation: [-9.957992501029599e-17f,-0.11844594054772051f,0.9929605023200903f,-1.752569934042889f,0f,0.9929605023200903f,0.11844594054772051f,1.7530689926158878f,-1f,1.1794837877515986e-17f,-9.887893235922044e-17f,0.24999999999999983f,0f,0f,0f,1f], start_interpolation: 0, interpolation_duration: 1 }
$data merge entity $(bone_right_eyebrow) { transformation: [-9.957992501029599e-17f,-0.11844594054772051f,0.9929605023200903f,-1.752569934042889f,0f,0.9929605023200903f,0.11844594054772051f,1.7530689926158878f,-1f,1.1794837877515986e-17f,-9.887893235922044e-17f,-1.5265566588595902e-16f,0f,0f,0f,1f], start_interpolation: 0, interpolation_duration: 1 }
$data merge entity $(bone_talking) { transformation: [-9.957992501029599e-17f,-0.11844594054772051f,0.9929605023200903f,-1.4081545091289962f,0f,0.9929605023200903f,0.11844594054772051f,1.5046146074913087f,-1f,1.1794837877515986e-17f,-9.887893235922044e-17f,0.12499999999999982f,0f,0f,0f,1f], start_interpolation: 0, interpolation_duration: 1 }
$data merge entity $(bone_m_opened) { transformation: [-9.957992501029599e-17f,-0.11844594054772051f,0.9929605023200903f,-1.4081545091289962f,0f,0.9929605023200903f,0.11844594054772051f,1.5046146074913087f,-1f,1.1794837877515986e-17f,-9.887893235922044e-17f,0.12499999999999982f,0f,0f,0f,1f], start_interpolation: 0, interpolation_duration: 1 }
$data merge entity $(bone_head) { transformation: [-9.957992501029599e-17f,-0.11844594054772051f,0.9929605023200903f,-1.470214540524002f,0f,0.9929605023200903f,0.11844594054772051f,1.4972117362070763f,-1f,1.1794837877515986e-17f,-9.887893235922044e-17f,0.12499999999999982f,0f,0f,0f,1f], start_interpolation: 0, interpolation_duration: 1 }
$data merge entity $(item_display_r_item) { transformation: [-4.3566217192004496e-17f,-0.4366462562221629f,-0.027318435664752186f,-1.5504918536457353f,0f,-0.027318435664752186f,0.4366462562221629f,0.7407450751448962f,-0.4375f,4.348120145062948e-17f,2.7203677748946184e-18f,-0.18750000000000017f,0f,0f,0f,1f], start_interpolation: 0, interpolation_duration: 1 }
$data merge entity $(bone_rightarm) { transformation: [-9.957992501029599e-17f,-0.06244213866229093f,0.9980485856506581f,-1.464762117103335f,0f,0.9980485856506581f,0.06244213866229093f,1.372330708509344f,-1f,6.217983485473435e-18f,-9.938560331572452e-17f,-0.18750000000000017f,0f,0f,0f,1f], start_interpolation: 0, interpolation_duration: 1 }
$data merge entity $(item_display_l_item) { transformation: [-4.3566217192004496e-17f,-0.4373656439411942f,-0.0108417480096401f,-1.5742355182156187f,0f,-0.0108417480096401f,0.4373656439411942f,0.7444250034477407f,-0.4375f,4.355283802574393e-17f,1.079620453780487e-18f,0.43749999999999983f,0f,0f,0f,1f], start_interpolation: 0, interpolation_duration: 1 }
$data merge entity $(bone_leftarm) { transformation: [-9.957992501029599e-17f,-0.024781138307749022f,0.9996929004370153f,-1.464762117103335f,0f,0.9996929004370153f,0.024781138307749022f,1.372330708509344f,-1f,2.467703894355421e-18f,-9.954934405884328e-17f,0.43749999999999983f,0f,0f,0f,1f], start_interpolation: 0, interpolation_duration: 1 }
$data merge entity $(bone_body) { transformation: [-9.957992501029599e-17f,-0.043619387365336f,0.9990482215818578f,-1.4375f,0f,0.9990482215818578f,0.043619387365336f,0.7479255700206828f,-1f,4.343615322835211e-18f,-9.948514698679097e-17f,0.12499999999999982f,0f,0f,0f,1f], start_interpolation: 0, interpolation_duration: 1 }
$data merge entity $(bone_leftleg) { transformation: [-9.957992501029599e-17f,-0.01745240643728252f,0.9998476951563913f,-1.4375f,0f,0.9998476951563913f,0.01745240643728252f,0.816625f,-1f,1.7379093242738002e-18f,-9.956475850539073e-17f,0.24999999999999983f,0f,0f,0f,1f], start_interpolation: 0, interpolation_duration: 1 }
$data merge entity $(bone_rightleg) { transformation: [-9.957992501029599e-17f,0.05651853448202314f,0.9984015501089751f,-1.4375f,0f,0.9984015501089751f,-0.05651853448202314f,0.75f,-1f,-5.628111425411692e-18f,-9.942075149001502e-17f,-1.8041124150158794e-16f,0f,0f,0f,1f], start_interpolation: 0, interpolation_duration: 1 }
data modify entity @s data merge value {"locators":{},"cameras":{"camera":{"posx":6.125,"posy":0.8125,"posz":1.3125000000000007,"roty":97.85358918678403,"rotx":-16.276743153522407}}}