# This file was generated by Animated Java via MC-Build. It is not recommended to edit this file directly.
$data merge entity $(bone_left_eye) { transformation: [-9.957992501029599e-17f,-0.1058276571818606f,0.9943844864917185f,-1.7452675764423966f,0f,0.9943844864917185f,0.1058276571818606f,1.7214253735138576f,-1f,1.0538310166184991e-17f,-9.902073259624702e-17f,0.24999999999999983f,0f,0f,0f,1f], start_interpolation: 0, interpolation_duration: 1 }
$data merge entity $(bone_right_eye) { transformation: [-9.957992501029599e-17f,-0.1058276571818606f,0.9943844864917185f,-1.7452675764423966f,0f,0.9943844864917185f,0.1058276571818606f,1.7214253735138576f,-1f,1.0538310166184991e-17f,-9.902073259624702e-17f,-1.5265566588595902e-16f,0f,0f,0f,1f], start_interpolation: 0, interpolation_duration: 1 }
$data merge entity $(bone_right_close) { transformation: [-9.957992501029599e-17f,-0.1058276571818606f,0.9943844864917185f,-1.751881805016263f,0f,0.9943844864917185f,0.1058276571818606f,1.78357440391959f,-1f,1.0538310166184991e-17f,-9.902073259624702e-17f,-1.5265566588595902e-16f,0f,0f,0f,1f], start_interpolation: 0, interpolation_duration: 1 }
$data merge entity $(bone_left_close) { transformation: [-9.957992501029599e-17f,-0.1058276571818606f,0.9943844864917185f,-1.751881805016263f,0f,0.9943844864917185f,0.1058276571818606f,1.78357440391959f,-1f,1.0538310166184991e-17f,-9.902073259624702e-17f,0.24999999999999983f,0f,0f,0f,1f], start_interpolation: 0, interpolation_duration: 1 }
$data merge entity $(bone_left_eyebrow) { transformation: [-9.957992501029599e-17f,-0.1058276571818606f,0.9943844864917185f,-1.749298262617122f,0f,0.9943844864917185f,0.1058276571818606f,1.7587081775287232f,-1f,1.0538310166184991e-17f,-9.902073259624702e-17f,0.24999999999999983f,0f,0f,0f,1f], start_interpolation: 0, interpolation_duration: 1 }
$data merge entity $(bone_right_eyebrow) { transformation: [-9.957992501029599e-17f,-0.1058276571818606f,0.9943844864917185f,-1.7492982626171223f,0f,0.9943844864917185f,0.1058276571818606f,1.7587081775287232f,-1f,1.0538310166184991e-17f,-9.902073259624702e-17f,-1.5265566588595902e-16f,0f,0f,0f,1f], start_interpolation: 0, interpolation_duration: 1 }
$data merge entity $(bone_talking) { transformation: [-9.957992501029599e-17f,-0.1058276571818606f,0.9943844864917185f,-1.4080655101182695f,0f,0.9943844864917185f,0.1058276571818606f,1.5059003947602596f,-1f,1.0538310166184991e-17f,-9.902073259624702e-17f,0.12499999999999982f,0f,0f,0f,1f], start_interpolation: 0, interpolation_duration: 1 }
$data merge entity $(bone_m_opened) { transformation: [-9.957992501029599e-17f,-0.1058276571818606f,0.9943844864917185f,-1.4080655101182695f,0f,0.9943844864917185f,0.1058276571818606f,1.5059003947602596f,-1f,1.0538310166184991e-17f,-9.902073259624702e-17f,0.12499999999999982f,0f,0f,0f,1f], start_interpolation: 0, interpolation_duration: 1 }
$data merge entity $(bone_head) { transformation: [-9.957992501029599e-17f,-0.1058276571818606f,0.9943844864917185f,-1.470214540524002f,0f,0.9943844864917185f,0.1058276571818606f,1.4992861661863932f,-1f,1.0538310166184991e-17f,-9.902073259624702e-17f,0.12499999999999982f,0f,0f,0f,1f], start_interpolation: 0, interpolation_duration: 1 }
$data merge entity $(item_display_r_item) { transformation: [-4.3566217192004496e-17f,-0.4370270253456741f,-0.0203378739673433f,-1.5605728758201798f,0f,-0.0203378739673433f,0.4370270253456741f,0.7442699954327427f,-0.4375f,4.3519118411394954e-17f,2.0252439645368962e-18f,-0.18750000000000017f,0f,0f,0f,1f], start_interpolation: 0, interpolation_duration: 1 }
$data merge entity $(bone_rightarm) { transformation: [-9.957992501029599e-17f,-0.046486569068213475f,0.9989189150758265f,-1.464762117103335f,0f,0.9989189150758265f,0.046486569068213475f,1.374405138488661f,-1f,4.629129061798642e-18f,-9.947227065461703e-17f,-0.18750000000000017f,0f,0f,0f,1f], start_interpolation: 0, interpolation_duration: 1 }
$data merge entity $(item_display_l_item) { transformation: [-4.3566217192004496e-17f,-0.4371365680836995f,-0.017828932778076137f,-1.564188375444283f,0f,-0.017828932778076137f,0.4371365680836995f,0.7448303461467829f,-0.4375f,4.353002666903294e-17f,1.77540378905443e-18f,0.43749999999999983f,0f,0f,0f,1f], start_interpolation: 0, interpolation_duration: 1 }
$data merge entity $(bone_leftarm) { transformation: [-9.957992501029599e-17f,-0.040751846349888536f,0.9991692984770274f,-1.464762117103335f,0f,0.9991692984770274f,0.040751846349888536f,1.374405138488661f,-1f,4.0580658035530045e-18f,-9.949720381493244e-17f,0.43749999999999983f,0f,0f,0f,1f], start_interpolation: 0, interpolation_duration: 1 }
$data merge entity $(bone_body) { transformation: [-9.957992501029599e-17f,-0.043619387365336f,0.9990482215818578f,-1.4375f,0f,0.9990482215818578f,0.043619387365336f,0.75f,-1f,4.343615322835211e-18f,-9.948514698679097e-17f,0.12499999999999982f,0f,0f,0f,1f], start_interpolation: 0, interpolation_duration: 1 }
$data merge entity $(bone_leftleg) { transformation: [-9.957992501029599e-17f,0.01745240643728252f,0.9998476951563913f,-1.4375f,0f,0.9998476951563913f,-0.01745240643728252f,0.81775f,-1f,-1.7379093242738002e-18f,-9.956475850539073e-17f,0.24999999999999983f,0f,0f,0f,1f], start_interpolation: 0, interpolation_duration: 1 }
$data merge entity $(bone_rightleg) { transformation: [-9.957992501029599e-17f,0.008610184586551863f,0.9999629316736623f,-1.4375f,0f,0.9999629316736623f,-0.008610184586551863f,0.75f,-1f,-8.574015354536408e-19f,-9.957623374913903e-17f,-1.8041124150158794e-16f,0f,0f,0f,1f], start_interpolation: 0, interpolation_duration: 1 }
data modify entity @s data merge value {"locators":{},"cameras":{"camera":{"posx":6.125,"posy":0.8125,"posz":1.3125000000000007,"roty":97.85358918678403,"rotx":-16.276743153522407}}}