# This file was generated by Animated Java via MC-Build. It is not recommended to edit this file directly.
$data merge entity $(bone_left_eye) { transformation: [-9.957992501029599e-17f,-0.0910345191072853f,0.9958477375236163f,-1.7419351046817273f,0f,0.9958477375236163f,0.0910345191072853f,1.7232623463569998f,-1f,9.065210586051828e-18f,-9.916644302427463e-17f,0.24999999999999983f,0f,0f,0f,1f], start_interpolation: 0, interpolation_duration: 1 }
$data merge entity $(bone_right_eye) { transformation: [-9.957992501029599e-17f,-0.0910345191072853f,0.9958477375236163f,-1.7419351046817273f,0f,0.9958477375236163f,0.0910345191072853f,1.7232623463569998f,-1f,9.065210586051828e-18f,-9.916644302427463e-17f,-1.5265566588595902e-16f,0f,0f,0f,1f], start_interpolation: 0, interpolation_duration: 1 }
$data merge entity $(bone_right_close) { transformation: [-9.957992501029599e-17f,-0.0910345191072853f,0.9958477375236163f,-1.7476247621259327f,0f,0.9958477375236163f,0.0910345191072853f,1.7855028299522258f,-1f,9.065210586051828e-18f,-9.916644302427463e-17f,-1.5265566588595902e-16f,0f,0f,0f,1f], start_interpolation: 0, interpolation_duration: 1 }
$data merge entity $(bone_left_close) { transformation: [-9.957992501029599e-17f,-0.0910345191072853f,0.9958477375236163f,-1.7476247621259327f,0f,0.9958477375236163f,0.0910345191072853f,1.7855028299522258f,-1f,9.065210586051828e-18f,-9.916644302427463e-17f,0.24999999999999983f,0f,0f,0f,1f], start_interpolation: 0, interpolation_duration: 1 }
$data merge entity $(bone_left_eyebrow) { transformation: [-9.957992501029599e-17f,-0.0910345191072853f,0.9958477375236163f,-1.7454111396318457f,0f,0.9958477375236163f,0.0910345191072853f,1.7606009468566912f,-1f,9.065210586051828e-18f,-9.916644302427463e-17f,0.24999999999999983f,0f,0f,0f,1f], start_interpolation: 0, interpolation_duration: 1 }
$data merge entity $(bone_right_eyebrow) { transformation: [-9.957992501029599e-17f,-0.0910345191072853f,0.9958477375236163f,-1.7454111396318457f,0f,0.9958477375236163f,0.0910345191072853f,1.7606009468566912f,-1f,9.065210586051828e-18f,-9.916644302427463e-17f,-1.5265566588595902e-16f,0f,0f,0f,1f], start_interpolation: 0, interpolation_duration: 1 }
$data merge entity $(bone_talking) { transformation: [-9.957992501029599e-17f,-0.0910345191072853f,0.9958477375236163f,-1.407974056928776f,0f,0.9958477375236163f,0.0910345191072853f,1.5027486991971224f,-1f,9.065210586051828e-18f,-9.916644302427463e-17f,0.12499999999999982f,0f,0f,0f,1f], start_interpolation: 0, interpolation_duration: 1 }
$data merge entity $(bone_m_opened) { transformation: [-9.957992501029599e-17f,-0.0910345191072853f,0.9958477375236163f,-1.407974056928776f,0f,0.9958477375236163f,0.0910345191072853f,1.5027486991971224f,-1f,9.065210586051828e-18f,-9.916644302427463e-17f,0.12499999999999982f,0f,0f,0f,1f], start_interpolation: 0, interpolation_duration: 1 }
$data merge entity $(bone_head) { transformation: [-9.957992501029599e-17f,-0.0910345191072853f,0.9958477375236163f,-1.470214540524002f,0f,0.9958477375236163f,0.0910345191072853f,1.497059041752917f,-1f,9.065210586051828e-18f,-9.916644302427463e-17f,0.12499999999999982f,0f,0f,0f,1f], start_interpolation: 0, interpolation_duration: 1 }
$data merge entity $(item_display_r_item) { transformation: [-4.3566217192004496e-17f,-0.43729827119517023f,-0.013284276785559636f,-1.5707269420368697f,0f,-0.013284276785559636f,0.43729827119517023f,0.7436706904090675f,-0.4375f,4.354612905274713e-17f,1.3228472861220447e-18f,-0.18750000000000017f,0f,0f,0f,1f], start_interpolation: 0, interpolation_duration: 1 }
$data merge entity $(bone_rightarm) { transformation: [-9.957992501029599e-17f,-0.030364061224136533f,0.9995389055889605f,-1.464762117103335f,0f,0.9995389055889605f,0.030364061224136533f,1.372178014055185f,-1f,3.023650939707553e-18f,-9.9534009263422e-17f,-0.18750000000000017f,0f,0f,0f,1f], start_interpolation: 0, interpolation_duration: 1 }
$data merge entity $(item_display_l_item) { transformation: [-4.3566217192004496e-17f,-0.43679202025942576f,-0.02487932952652395f,-1.5540179378538508f,0f,-0.02487932952652395f,0.43679202025942576f,0.7410810338198555f,-0.4375f,4.3495716622529306e-17f,2.4774817685576976e-18f,0.43749999999999983f,0f,0f,0f,1f], start_interpolation: 0, interpolation_duration: 1 }
$data merge entity $(bone_leftarm) { transformation: [-9.957992501029599e-17f,-0.05686703891776925f,0.9983817605929732f,-1.464762117103335f,0f,0.9983817605929732f,0.05686703891776925f,1.372178014055185f,-1f,5.662815470989045e-18f,-9.941878085149556e-17f,0.43749999999999983f,0f,0f,0f,1f], start_interpolation: 0, interpolation_duration: 1 }
$data merge entity $(bone_body) { transformation: [-9.957992501029599e-17f,-0.043619387365336f,0.9990482215818578f,-1.4375f,0f,0.9990482215818578f,0.043619387365336f,0.7477728755665237f,-1f,4.343615322835211e-18f,-9.948514698679097e-17f,0.12499999999999982f,0f,0f,0f,1f], start_interpolation: 0, interpolation_duration: 1 }
$data merge entity $(bone_leftleg) { transformation: [-9.957992501029599e-17f,0.052335956242943335f,0.9986295347545739f,-1.4375f,0f,0.9986295347545739f,-0.052335956242943335f,0.8167500000000001f,-1f,-5.211610598014429e-18f,-9.944345418392724e-17f,0.24999999999999983f,0f,0f,0f,1f], start_interpolation: 0, interpolation_duration: 1 }
$data merge entity $(bone_rightleg) { transformation: [-9.957992501029599e-17f,-0.03978300545342919f,0.9992083428780468f,-1.4375f,0f,0.9992083428780468f,0.03978300545342919f,0.75f,-1f,3.961588699736675e-18f,-9.950109185345802e-17f,-1.8041124150158794e-16f,0f,0f,0f,1f], start_interpolation: 0, interpolation_duration: 1 }
data modify entity @s data merge value {"locators":{},"cameras":{"camera":{"posx":6.125,"posy":0.8125,"posz":1.3125000000000007,"roty":97.85358918678403,"rotx":-16.276743153522407}}}