# This file was generated by Animated Java via MC-Build. It is not recommended to edit this file directly.
$data merge entity $(bone_left_eye) { transformation: [-9.957992501029599e-17f,-0.07573588824262711f,0.9971279131746841f,-1.7384304908783297f,0f,0.9971279131746841f,0.07573588824262711f,1.7198618930214582f,-1f,7.541774071788966e-18f,-9.929392281960797e-17f,0.24999999999999983f,0f,0f,0f,1f], start_interpolation: 0, interpolation_duration: 1 }
$data merge entity $(bone_right_eye) { transformation: [-9.957992501029599e-17f,-0.07573588824262711f,0.9971279131746841f,-1.7384304908783297f,0f,0.9971279131746841f,0.07573588824262711f,1.7198618930214582f,-1f,7.541774071788966e-18f,-9.929392281960797e-17f,-1.5265566588595902e-16f,0f,0f,0f,1f], start_interpolation: 0, interpolation_duration: 1 }
$data merge entity $(bone_right_close) { transformation: [-9.957992501029599e-17f,-0.07573588824262711f,0.9971279131746841f,-1.7431639838934938f,0f,0.9971279131746841f,0.07573588824262711f,1.782182387594876f,-1f,7.541774071788966e-18f,-9.929392281960797e-17f,-1.5265566588595902e-16f,0f,0f,0f,1f], start_interpolation: 0, interpolation_duration: 1 }
$data merge entity $(bone_left_close) { transformation: [-9.957992501029599e-17f,-0.07573588824262711f,0.9971279131746841f,-1.7431639838934938f,0f,0.9971279131746841f,0.07573588824262711f,1.782182387594876f,-1f,7.541774071788966e-18f,-9.929392281960797e-17f,0.24999999999999983f,0f,0f,0f,1f], start_interpolation: 0, interpolation_duration: 1 }
$data merge entity $(bone_left_eyebrow) { transformation: [-9.957992501029599e-17f,-0.07573588824262711f,0.9971279131746841f,-1.7413329071820018f,0f,0.9971279131746841f,0.07573588824262711f,1.7572494562724936f,-1f,7.541774071788966e-18f,-9.929392281960797e-17f,0.24999999999999983f,0f,0f,0f,1f], start_interpolation: 0, interpolation_duration: 1 }
$data merge entity $(bone_right_eyebrow) { transformation: [-9.957992501029599e-17f,-0.07573588824262711f,0.9971279131746841f,-1.7413329071820018f,0f,0.9971279131746841f,0.07573588824262711f,1.7572494562724936f,-1f,7.541774071788966e-18f,-9.929392281960797e-17f,-1.5265566588595902e-16f,0f,0f,0f,1f], start_interpolation: 0, interpolation_duration: 1 }
$data merge entity $(bone_talking) { transformation: [-9.957992501029599e-17f,-0.07573588824262711f,0.9971279131746841f,-1.4078940459505842f,0f,0.9971279131746841f,0.07573588824262711f,1.494247379803608f,-1f,7.541774071788966e-18f,-9.929392281960797e-17f,0.12499999999999982f,0f,0f,0f,1f], start_interpolation: 0, interpolation_duration: 1 }
$data merge entity $(bone_m_opened) { transformation: [-9.957992501029599e-17f,-0.07573588824262711f,0.9971279131746841f,-1.4078940459505842f,0f,0.9971279131746841f,0.07573588824262711f,1.494247379803608f,-1f,7.541774071788966e-18f,-9.929392281960797e-17f,0.12499999999999982f,0f,0f,0f,1f], start_interpolation: 0, interpolation_duration: 1 }
$data merge entity $(bone_head) { transformation: [-9.957992501029599e-17f,-0.07573588824262711f,0.9971279131746841f,-1.470214540524002f,0f,0.9971279131746841f,0.07573588824262711f,1.4895138867884439f,-1f,7.541774071788966e-18f,-9.929392281960797e-17f,0.12499999999999982f,0f,0f,0f,1f], start_interpolation: 0, interpolation_duration: 1 }
$data merge entity $(item_display_r_item) { transformation: [-4.3566217192004496e-17f,-0.43745372646810954f,-0.00636295522256733f,-1.5806589600619843f,0f,-0.00636295522256733f,0.43745372646810954f,0.7378809769298216f,-0.4375f,4.3561609277168884e-17f,6.336226039071258e-19f,-0.18750000000000017f,0f,0f,0f,1f], start_interpolation: 0, interpolation_duration: 1 }
$data merge entity $(bone_rightarm) { transformation: [-9.957992501029599e-17f,-0.01454389765158269f,0.9998942319271076f,-1.464762117103335f,0f,0.9998942319271076f,0.01454389765158269f,1.3646328590907117f,-1f,1.4482802375020238e-18f,-9.956939263352888e-17f,-0.18750000000000017f,0f,0f,0f,1f], start_interpolation: 0, interpolation_duration: 1 }
$data merge entity $(item_display_l_item) { transformation: [-4.3566217192004496e-17f,-0.43634365105650036f,-0.03178786219114203f,-1.5440204999892748f,0f,-0.03178786219114203f,0.43634365105650036f,0.7322025398125278f,-0.4375f,4.3451068050925074e-17f,3.1654329332315466e-18f,0.43749999999999983f,0f,0f,0f,1f], start_interpolation: 0, interpolation_duration: 1 }
$data merge entity $(bone_leftarm) { transformation: [-9.957992501029599e-17f,-0.07265797072261058f,0.9973569167005722f,-1.464762117103335f,0f,0.9973569167005722f,0.07265797072261058f,1.3646328590907117f,-1f,7.235275275957843e-18f,-9.931672697354303e-17f,0.43749999999999983f,0f,0f,0f,1f], start_interpolation: 0, interpolation_duration: 1 }
$data merge entity $(bone_body) { transformation: [-9.957992501029599e-17f,-0.043619387365336f,0.9990482215818578f,-1.4375f,0f,0.9990482215818578f,0.043619387365336f,0.7402277206020506f,-1f,4.343615322835211e-18f,-9.948514698679097e-17f,0.12499999999999982f,0f,0f,0f,1f], start_interpolation: 0, interpolation_duration: 1 }
$data merge entity $(bone_leftleg) { transformation: [-9.957992501029599e-17f,0.08715574274765818f,0.9961946980917455f,-1.4375f,0f,0.9961946980917455f,-0.08715574274765818f,0.8125f,-1f,-8.67896232702845e-18f,-9.920099333163047e-17f,0.24999999999999983f,0f,0f,0f,1f], start_interpolation: 0, interpolation_duration: 1 }
$data merge entity $(bone_rightleg) { transformation: [-9.957992501029599e-17f,-0.08715574274765811f,0.9961946980917455f,-1.4375f,0f,0.9961946980917455f,0.08715574274765811f,0.75f,-1f,8.678962327028443e-18f,-9.920099333163047e-17f,-1.8041124150158794e-16f,0f,0f,0f,1f], start_interpolation: 0, interpolation_duration: 1 }
data modify entity @s data merge value {"locators":{},"cameras":{"camera":{"posx":6.125,"posy":0.8125,"posz":1.3125000000000007,"roty":97.85358918678403,"rotx":-16.276743153522407}}}