# This file was generated by Animated Java via MC-Build. It is not recommended to edit this file directly.
$data merge entity $(bone_left_eye) { transformation: [-9.957992501029599e-17f,-0.06161062084429168f,0.9981002611958285f,-1.735142261034032f,0f,0.9981002611958285f,0.06161062084429168f,1.710282498752626f,-1f,6.135181003512345e-18f,-9.939074916263744e-17f,0.24999999999999983f,0f,0f,0f,1f], start_interpolation: 0, interpolation_duration: 1 }
$data merge entity $(bone_right_eye) { transformation: [-9.957992501029599e-17f,-0.06161062084429168f,0.9981002611958285f,-1.735142261034032f,0f,0.9981002611958285f,0.06161062084429168f,1.710282498752626f,-1f,6.135181003512345e-18f,-9.939074916263744e-17f,-1.5265566588595902e-16f,0f,0f,0f,1f], start_interpolation: 0, interpolation_duration: 1 }
$data merge entity $(bone_right_close) { transformation: [-9.957992501029599e-17f,-0.06161062084429168f,0.9981002611958285f,-1.7389929248368001f,0f,0.9981002611958285f,0.06161062084429168f,1.7726637650773651f,-1f,6.135181003512345e-18f,-9.939074916263744e-17f,-1.5265566588595902e-16f,0f,0f,0f,1f], start_interpolation: 0, interpolation_duration: 1 }
$data merge entity $(bone_left_close) { transformation: [-9.957992501029599e-17f,-0.06161062084429168f,0.9981002611958285f,-1.7389929248368001f,0f,0.9981002611958285f,0.06161062084429168f,1.7726637650773651f,-1f,6.135181003512345e-18f,-9.939074916263744e-17f,0.24999999999999983f,0f,0f,0f,1f], start_interpolation: 0, interpolation_duration: 1 }
$data merge entity $(bone_left_eyebrow) { transformation: [-9.957992501029599e-17f,-0.06161062084429168f,0.9981002611958285f,-1.7375150405820177f,0f,0.9981002611958285f,0.06161062084429168f,1.7477074078836667f,-1f,6.135181003512345e-18f,-9.939074916263744e-17f,0.24999999999999983f,0f,0f,0f,1f], start_interpolation: 0, interpolation_duration: 1 }
$data merge entity $(bone_right_eyebrow) { transformation: [-9.957992501029599e-17f,-0.06161062084429168f,0.9981002611958285f,-1.7375150405820177f,0f,0.9981002611958285f,0.06161062084429168f,1.7477074078836667f,-1f,6.135181003512345e-18f,-9.939074916263744e-17f,-1.5265566588595902e-16f,0f,0f,0f,1f], start_interpolation: 0, interpolation_duration: 1 }
$data merge entity $(bone_talking) { transformation: [-9.957992501029599e-17f,-0.06161062084429168f,0.9981002611958285f,-1.4078332741992625f,0f,0.9981002611958285f,0.06161062084429168f,1.48001075246751f,-1f,6.135181003512345e-18f,-9.939074916263744e-17f,0.12499999999999982f,0f,0f,0f,1f], start_interpolation: 0, interpolation_duration: 1 }
$data merge entity $(bone_m_opened) { transformation: [-9.957992501029599e-17f,-0.06161062084429168f,0.9981002611958285f,-1.4078332741992625f,0f,0.9981002611958285f,0.06161062084429168f,1.48001075246751f,-1f,6.135181003512345e-18f,-9.939074916263744e-17f,0.12499999999999982f,0f,0f,0f,1f], start_interpolation: 0, interpolation_duration: 1 }
$data merge entity $(bone_head) { transformation: [-9.957992501029599e-17f,-0.06161062084429168f,0.9981002611958285f,-1.470214540524002f,0f,0.9981002611958285f,0.06161062084429168f,1.4761600886647417f,-1f,6.135181003512345e-18f,-9.939074916263744e-17f,0.12499999999999982f,0f,0f,0f,1f], start_interpolation: 0, interpolation_duration: 1 }
$data merge entity $(item_display_r_item) { transformation: [-4.3566217192004496e-17f,-0.4374999443885185f,0.00022059021555847482f,-1.5900772300937094f,0f,0.00022059021555847482f,0.4374999443885185f,0.7263421661878569f,-0.4375f,4.356621165421734e-17f,-2.1966357123318202e-20f,-0.18750000000000017f,0f,0f,0f,1f], start_interpolation: 0, interpolation_duration: 1 }
$data merge entity $(bone_rightarm) { transformation: [-9.957992501029599e-17f,0.0005042062069905776f,0.9999998728880424f,-1.464762117103335f,0f,0.9999998728880424f,-0.0005042062069905776f,1.3512790609670096f,-1f,-5.020881628184806e-20f,-9.957991235249678e-17f,-0.18750000000000017f,0f,0f,0f,1f], start_interpolation: 0, interpolation_duration: 1 }
$data merge entity $(item_display_l_item) { transformation: [-4.3566217192004496e-17f,-0.43581589931119585f,-0.03835038340843055f,-1.5344946834659186f,0f,-0.03835038340843055f,0.43581589931119585f,0.7177276666914639f,-0.4375f,4.339851457170359e-17f,3.818928303927613e-18f,0.43749999999999983f,0f,0f,0f,1f], start_interpolation: 0, interpolation_duration: 1 }
$data merge entity $(bone_leftarm) { transformation: [-9.957992501029599e-17f,-0.08765801921927005f,0.9961506269970191f,-1.464762117103335f,0f,0.9961506269970191f,0.08765801921927005f,1.3512790609670096f,-1f,8.728978980405997e-18f,-9.91966047353225e-17f,0.43749999999999983f,0f,0f,0f,1f], start_interpolation: 0, interpolation_duration: 1 }
$data merge entity $(bone_body) { transformation: [-9.957992501029599e-17f,-0.043619387365336f,0.9990482215818578f,-1.4375f,0f,0.9990482215818578f,0.043619387365336f,0.7268739224783484f,-1f,4.343615322835211e-18f,-9.948514698679097e-17f,0.12499999999999982f,0f,0f,0f,1f], start_interpolation: 0, interpolation_duration: 1 }
$data merge entity $(bone_leftleg) { transformation: [-9.957992501029599e-17f,0.12186934340514798f,0.992546151641322f,-1.4375f,0f,0.992546151641322f,-0.12186934340514798f,0.8029999999999998f,-1f,-1.2135740077338646e-17f,-9.883767134970071e-17f,0.24999999999999983f,0f,0f,0f,1f], start_interpolation: 0, interpolation_duration: 1 }
$data merge entity $(bone_rightleg) { transformation: [-9.957992501029599e-17f,-0.1320257203477606f,0.9912462908715749f,-1.4375f,0f,0.9912462908715749f,0.1320257203477606f,0.75f,-1f,1.314711133166031e-17f,-9.870823131172547e-17f,-1.8041124150158794e-16f,0f,0f,0f,1f], start_interpolation: 0, interpolation_duration: 1 }
data modify entity @s data merge value {"locators":{},"cameras":{"camera":{"posx":6.125,"posy":0.8125,"posz":1.3125000000000007,"roty":97.85358918678403,"rotx":-16.276743153522407}}}