# This file was generated by Animated Java via MC-Build. It is not recommended to edit this file directly.
$data merge entity $(bone_left_eye) { transformation: [-9.957992501029599e-17f,-0.050343219839849004f,0.9987319761658563f,-1.7324833395254282f,0f,0.9987319761658563f,0.050343219839849004f,1.6970094327895453f,-1f,5.013174056429009e-18f,-9.94536552919807e-17f,0.24999999999999983f,0f,0f,0f,1f], start_interpolation: 0, interpolation_duration: 1 }
$data merge entity $(bone_right_eye) { transformation: [-9.957992501029599e-17f,-0.050343219839849004f,0.9987319761658563f,-1.7324833395254282f,0f,0.9987319761658563f,0.050343219839849004f,1.6970094327895453f,-1f,5.013174056429009e-18f,-9.94536552919807e-17f,-1.5265566588595902e-16f,0f,0f,0f,1f], start_interpolation: 0, interpolation_duration: 1 }
$data merge entity $(bone_right_close) { transformation: [-9.957992501029599e-17f,-0.050343219839849004f,0.9987319761658563f,-1.7356297907654188f,0f,0.9987319761658563f,0.050343219839849004f,1.7594301812999111f,-1f,5.013174056429009e-18f,-9.94536552919807e-17f,-1.5265566588595902e-16f,0f,0f,0f,1f], start_interpolation: 0, interpolation_duration: 1 }
$data merge entity $(bone_left_close) { transformation: [-9.957992501029599e-17f,-0.050343219839849004f,0.9987319761658563f,-1.7356297907654188f,0f,0.9987319761658563f,0.050343219839849004f,1.7594301812999111f,-1f,5.013174056429009e-18f,-9.94536552919807e-17f,0.24999999999999983f,0f,0f,0f,1f], start_interpolation: 0, interpolation_duration: 1 }
$data merge entity $(bone_left_eyebrow) { transformation: [-9.957992501029599e-17f,-0.050343219839849004f,0.9987319761658563f,-1.734433631017933f,0f,0.9987319761658563f,0.050343219839849004f,1.734458735444525f,-1f,5.013174056429009e-18f,-9.94536552919807e-17f,0.24999999999999983f,0f,0f,0f,1f], start_interpolation: 0, interpolation_duration: 1 }
$data merge entity $(bone_right_eyebrow) { transformation: [-9.957992501029599e-17f,-0.050343219839849004f,0.9987319761658563f,-1.734433631017933f,0f,0.9987319761658563f,0.050343219839849004f,1.734458735444525f,-1f,5.013174056429009e-18f,-9.94536552919807e-17f,-1.5265566588595902e-16f,0f,0f,0f,1f], start_interpolation: 0, interpolation_duration: 1 }
$data merge entity $(bone_talking) { transformation: [-9.957992501029599e-17f,-0.050343219839849004f,0.9987319761658563f,-1.4077937920136359f,0f,0.9987319761658563f,0.050343219839849004f,1.463058694948034f,-1f,5.013174056429009e-18f,-9.94536552919807e-17f,0.12499999999999982f,0f,0f,0f,1f], start_interpolation: 0, interpolation_duration: 1 }
$data merge entity $(bone_m_opened) { transformation: [-9.957992501029599e-17f,-0.050343219839849004f,0.9987319761658563f,-1.4077937920136359f,0f,0.9987319761658563f,0.050343219839849004f,1.463058694948034f,-1f,5.013174056429009e-18f,-9.94536552919807e-17f,0.12499999999999982f,0f,0f,0f,1f], start_interpolation: 0, interpolation_duration: 1 }
$data merge entity $(bone_head) { transformation: [-9.957992501029599e-17f,-0.050343219839849004f,0.9987319761658563f,-1.470214540524002f,0f,0.9987319761658563f,0.050343219839849004f,1.4599122437080434f,-1f,5.013174056429009e-18f,-9.94536552919807e-17f,0.12499999999999982f,0f,0f,0f,1f], start_interpolation: 0, interpolation_duration: 1 }
$data merge entity $(item_display_r_item) { transformation: [-4.3566217192004496e-17f,-0.4374551953500334f,0.006261154946502949f,-1.5986938228412058f,0f,0.006261154946502949f,0.4374551953500334f,0.7118841240664072f,-0.4375f,4.356175554832071e-17f,-6.234853400506075e-19f,-0.18750000000000017f,0f,0f,0f,1f], start_interpolation: 0, interpolation_duration: 1 }
$data merge entity $(bone_rightarm) { transformation: [-9.957992501029599e-17f,0.014311211306292232f,0.999897589371505f,-1.464762117103335f,0f,0.999897589371505f,-0.014311211306292232f,1.3350312160103113f,-1f,-1.4251093486870808e-18f,-9.956972696759019e-17f,-0.18750000000000017f,0f,0f,0f,1f], start_interpolation: 0, interpolation_duration: 1 }
$data merge entity $(item_display_l_item) { transformation: [-4.3566217192004496e-17f,-0.4352448506505715f,-0.04436406183119101f,-1.525740557530368f,0f,-0.04436406183119101f,0.4352448506505715f,0.7005774117005832f,-0.4375f,4.334164958890139e-17f,4.4177699503021356e-18f,0.43749999999999983f,0f,0f,0f,1f], start_interpolation: 0, interpolation_duration: 1 }
$data merge entity $(bone_leftarm) { transformation: [-9.957992501029599e-17f,-0.10140356989986539f,0.9948453729155919f,-1.464762117103335f,0f,0.9948453729155919f,0.10140356989986539f,1.3350312160103113f,-1f,1.0097759886404903e-17f,-9.90666276317746e-17f,0.43749999999999983f,0f,0f,0f,1f], start_interpolation: 0, interpolation_duration: 1 }
$data merge entity $(bone_body) { transformation: [-9.957992501029599e-17f,-0.043619387365336f,0.9990482215818578f,-1.4375f,0f,0.9990482215818578f,0.043619387365336f,0.7106260775216501f,-1f,4.343615322835211e-18f,-9.948514698679097e-17f,0.12499999999999982f,0f,0f,0f,1f], start_interpolation: 0, interpolation_duration: 1 }
$data merge entity $(bone_leftleg) { transformation: [-9.957992501029599e-17f,0.15643446504023187f,0.9876883405951375f,-1.4375f,0f,0.9876883405951375f,-0.15643446504023187f,0.7889999999999996f,-1f,-1.5577732297732058e-17f,-9.835393089000749e-17f,0.24999999999999983f,0f,0f,0f,1f], start_interpolation: 0, interpolation_duration: 1 }
$data merge entity $(bone_rightleg) { transformation: [-9.957992501029599e-17f,-0.1729606098942047f,0.9849287423083076f,-1.4375f,0f,0.9849287423083076f,0.1729606098942047f,0.75f,-1f,1.7223404562999962e-17f,-9.807913029954642e-17f,-1.8041124150158794e-16f,0f,0f,0f,1f], start_interpolation: 0, interpolation_duration: 1 }
data modify entity @s data merge value {"locators":{},"cameras":{"camera":{"posx":6.125,"posy":0.8125,"posz":1.3125000000000007,"roty":97.85358918678403,"rotx":-16.276743153522407}}}