# This file was generated by Animated Java via MC-Build. It is not recommended to edit this file directly.
$data merge entity $(bone_left_eye) { transformation: [-9.957992501029599e-17f,-0.043619387365336f,0.9990482215818578f,-1.7308814427608004f,0f,0.9990482215818578f,0.043619387365336f,1.6854156541384742f,-1f,4.343615322835211e-18f,-9.948514698679097e-17f,0.24999999999999983f,0f,0f,0f,1f], start_interpolation: 0, interpolation_duration: 1 }
$data merge entity $(bone_right_eye) { transformation: [-9.957992501029599e-17f,-0.043619387365336f,0.9990482215818578f,-1.7308814427608004f,0f,0.9990482215818578f,0.043619387365336f,1.6854156541384742f,-1f,4.343615322835211e-18f,-9.948514698679097e-17f,-1.5265566588595902e-16f,0f,0f,0f,1f], start_interpolation: 0, interpolation_duration: 1 }
$data merge entity $(bone_right_close) { transformation: [-9.957992501029599e-17f,-0.043619387365336f,0.9990482215818578f,-1.7336076544711339f,0f,0.9990482215818578f,0.043619387365336f,1.7478561679873401f,-1f,4.343615322835211e-18f,-9.948514698679097e-17f,-1.5265566588595902e-16f,0f,0f,0f,1f], start_interpolation: 0, interpolation_duration: 1 }
$data merge entity $(bone_left_close) { transformation: [-9.957992501029599e-17f,-0.043619387365336f,0.9990482215818578f,-1.7336076544711339f,0f,0.9990482215818578f,0.043619387365336f,1.7478561679873401f,-1f,4.343615322835211e-18f,-9.948514698679097e-17f,0.24999999999999983f,0f,0f,0f,1f], start_interpolation: 0, interpolation_duration: 1 }
$data merge entity $(bone_left_eyebrow) { transformation: [-9.957992501029599e-17f,-0.043619387365336f,0.9990482215818578f,-1.7325796103008493f,0f,0.9990482215818578f,0.043619387365336f,1.7228772362360836f,-1f,4.343615322835211e-18f,-9.948514698679097e-17f,0.24999999999999983f,0f,0f,0f,1f], start_interpolation: 0, interpolation_duration: 1 }
$data merge entity $(bone_right_eyebrow) { transformation: [-9.957992501029599e-17f,-0.043619387365336f,0.9990482215818578f,-1.7325796103008493f,0f,0.9990482215818578f,0.043619387365336f,1.7228772362360836f,-1f,4.343615322835211e-18f,-9.948514698679097e-17f,-1.5265566588595902e-16f,0f,0f,0f,1f], start_interpolation: 0, interpolation_duration: 1 }
$data merge entity $(bone_talking) { transformation: [-9.957992501029599e-17f,-0.043619387365336f,0.9990482215818578f,-1.4077740266751357f,0f,0.9990482215818578f,0.043619387365336f,1.4492846572946771f,-1f,4.343615322835211e-18f,-9.948514698679097e-17f,0.12499999999999982f,0f,0f,0f,1f], start_interpolation: 0, interpolation_duration: 1 }
$data merge entity $(bone_m_opened) { transformation: [-9.957992501029599e-17f,-0.043619387365336f,0.9990482215818578f,-1.4077740266751357f,0f,0.9990482215818578f,0.043619387365336f,1.4492846572946771f,-1f,4.343615322835211e-18f,-9.948514698679097e-17f,0.12499999999999982f,0f,0f,0f,1f], start_interpolation: 0, interpolation_duration: 1 }
$data merge entity $(bone_head) { transformation: [-9.957992501029599e-17f,-0.043619387365336f,0.9990482215818578f,-1.470214540524002f,0f,0.9990482215818578f,0.043619387365336f,1.4465584455843437f,-1f,4.343615322835211e-18f,-9.948514698679097e-17f,0.12499999999999982f,0f,0f,0f,1f], start_interpolation: 0, interpolation_duration: 1 }
$data merge entity $(item_display_r_item) { transformation: [-4.3566217192004496e-17f,-0.43734740273669626f,0.011554190558667235f,-1.6062245043976298f,0f,0.011554190558667235f,0.43734740273669626f,0.7001966112795215f,-0.4375f,4.3551021567967935e-17f,-1.1505654293867527e-18f,-0.18750000000000014f,0f,0f,0f,1f], start_interpolation: 0, interpolation_duration: 1 }
$data merge entity $(bone_rightarm) { transformation: [-9.957992501029599e-17f,0.0264095784198106f,0.9996512062553058f,-1.464762117103335f,0f,0.9996512062553058f,-0.0264095784198106f,1.3216774178866113f,-1f,-2.62986383859827e-18f,-9.954519215535527e-17f,-0.18750000000000017f,0f,0f,0f,1f], start_interpolation: 0, interpolation_duration: 1 }
$data merge entity $(item_display_l_item) { transformation: [-4.3566217192004496e-17f,-0.4346761497705036f,-0.04962756109956176f,-1.5180587868955333f,0f,-0.04962756109956176f,0.4346761497705036f,0.6865321864717314f,-0.4375f,4.3285018397910936e-17f,4.9419088127382424e-18f,0.43749999999999983f,0f,0f,0f,1f], start_interpolation: 0, interpolation_duration: 1 }
$data merge entity $(bone_leftarm) { transformation: [-9.957992501029599e-17f,-0.11343442537042711f,0.9935454851897225f,-1.464762117103335f,0f,0.9935454851897225f,0.11343442537042711f,1.3216774178866113f,-1f,1.1295791571973147e-17f,-9.893718490951072e-17f,0.43749999999999983f,0f,0f,0f,1f], start_interpolation: 0, interpolation_duration: 1 }
$data merge entity $(bone_body) { transformation: [-9.957992501029599e-17f,-0.043619387365336f,0.9990482215818578f,-1.4375f,0f,0.9990482215818578f,0.043619387365336f,0.6972722793979502f,-1f,4.343615322835211e-18f,-9.948514698679097e-17f,0.12499999999999982f,0f,0f,0f,1f], start_interpolation: 0, interpolation_duration: 1 }
$data merge entity $(bone_leftleg) { transformation: [-9.957992501029599e-17f,0.1908089953765438f,0.9816271834476642f,-1.4375f,0f,0.9816271834476642f,-0.1908089953765438f,0.7735000000000004f,-1f,-1.9000745450886145e-17f,-9.775036131578646e-17f,0.24999999999999983f,0f,0f,0f,1f], start_interpolation: 0, interpolation_duration: 1 }
$data merge entity $(bone_rightleg) { transformation: [-9.957992501029599e-17f,-0.20859451594360304f,0.9780022126346412f,-1.4375f,0f,0.9780022126346412f,0.20859451594360304f,0.75f,-1f,2.077182625522298e-17f,-9.738938699406112e-17f,-1.8041124150158794e-16f,0f,0f,0f,1f], start_interpolation: 0, interpolation_duration: 1 }
data modify entity @s data merge value {"locators":{},"cameras":{"camera":{"posx":6.125,"posy":0.8125,"posz":1.3125000000000007,"roty":97.85358918678403,"rotx":-16.276743153522407}}}