# This file was generated by Animated Java via MC-Build. It is not recommended to edit this file directly.
$data merge entity $(bone_left_eye) { transformation: [-9.957992501029599e-17f,-0.05608289425802165f,0.9984261159302894f,-1.7338417930710797f,0f,0.9984261159302894f,0.05608289425802165f,1.6745990960379369f,-1f,5.584730404574155e-18f,-9.94231977526593e-17f,0.24999999999999983f,0f,0f,0f,1f], start_interpolation: 0, interpolation_duration: 1 }
$data merge entity $(bone_right_eye) { transformation: [-9.957992501029599e-17f,-0.05608289425802165f,0.9984261159302894f,-1.7338417930710797f,0f,0.9984261159302894f,0.05608289425802165f,1.6745990960379369f,-1f,5.584730404574155e-18f,-9.94231977526593e-17f,-1.5265566588595902e-16f,0f,0f,0f,1f], start_interpolation: 0, interpolation_duration: 1 }
$data merge entity $(bone_right_close) { transformation: [-9.957992501029599e-17f,-0.05608289425802165f,0.9984261159302894f,-1.737346973962206f,0f,0.9984261159302894f,0.05608289425802165f,1.7370007282835802f,-1f,5.584730404574155e-18f,-9.94231977526593e-17f,-1.5265566588595902e-16f,0f,0f,0f,1f], start_interpolation: 0, interpolation_duration: 1 }
$data merge entity $(bone_left_close) { transformation: [-9.957992501029599e-17f,-0.05608289425802165f,0.9984261159302894f,-1.737346973962206f,0f,0.9984261159302894f,0.05608289425802165f,1.7370007282835802f,-1f,5.584730404574155e-18f,-9.94231977526593e-17f,0.24999999999999983f,0f,0f,0f,1f], start_interpolation: 0, interpolation_duration: 1 }
$data merge entity $(bone_left_eyebrow) { transformation: [-9.957992501029599e-17f,-0.05608289425802165f,0.9984261159302894f,-1.736007303238001f,0f,0.9984261159302894f,0.05608289425802165f,1.7120365702044318f,-1f,5.584730404574155e-18f,-9.94231977526593e-17f,0.24999999999999983f,0f,0f,0f,1f], start_interpolation: 0, interpolation_duration: 1 }
$data merge entity $(bone_right_eyebrow) { transformation: [-9.957992501029599e-17f,-0.05608289425802165f,0.9984261159302894f,-1.736007303238001f,0f,0.9984261159302894f,0.05608289425802165f,1.7120365702044318f,-1f,5.584730404574155e-18f,-9.94231977526593e-17f,-1.5265566588595902e-16f,0f,0f,0f,1f], start_interpolation: 0, interpolation_duration: 1 }
$data merge entity $(bone_talking) { transformation: [-9.957992501029599e-17f,-0.05608289425802165f,0.9984261159302894f,-1.4078129082783588f,0f,0.9984261159302894f,0.05608289425802165f,1.4425184715109964f,-1f,5.584730404574155e-18f,-9.94231977526593e-17f,0.12499999999999982f,0f,0f,0f,1f], start_interpolation: 0, interpolation_duration: 1 }
$data merge entity $(bone_m_opened) { transformation: [-9.957992501029599e-17f,-0.05608289425802165f,0.9984261159302894f,-1.4078129082783588f,0f,0.9984261159302894f,0.05608289425802165f,1.4425184715109964f,-1f,5.584730404574155e-18f,-9.94231977526593e-17f,0.12499999999999982f,0f,0f,0f,1f], start_interpolation: 0, interpolation_duration: 1 }
$data merge entity $(bone_head) { transformation: [-9.957992501029599e-17f,-0.05608289425802165f,0.9984261159302894f,-1.470214540524002f,0f,0.9984261159302894f,0.05608289425802165f,1.43901329061987f,-1f,5.584730404574155e-18f,-9.94231977526593e-17f,0.12499999999999982f,0f,0f,0f,1f], start_interpolation: 0, interpolation_duration: 1 }
$data merge entity $(item_display_r_item) { transformation: [-4.3566217192004496e-17f,-0.4372111255362228f,0.015895965127956685f,-1.6123881031536222f,0f,0.015895965127956685f,0.4372111255362228f,0.694086645049807f,-0.4375f,4.353745109456418e-17f,-1.5829190154082073e-18f,-0.18750000000000014f,0f,0f,0f,1f], start_interpolation: 0, interpolation_duration: 1 }
$data merge entity $(bone_rightarm) { transformation: [-9.957992501029599e-17f,0.03633363457818649f,0.9993397155113665f,-1.464762117103335f,0f,0.9993397155113665f,-0.03633363457818649f,1.3141322629221377f,-1f,-3.618100606647309e-18f,-9.951417393043241e-17f,-0.18750000000000017f,0f,0f,0f,1f], start_interpolation: 0, interpolation_duration: 1 }
$data merge entity $(item_display_l_item) { transformation: [-4.3566217192004496e-17f,-0.43416198055849187f,-0.05394093656517065f,-1.5117499164555173f,0f,-0.05394093656517065f,0.43416198055849187f,0.6784891659628148f,-0.4375f,4.3233817466336204e-17f,5.3714344181448264e-18f,0.43749999999999983f,0f,0f,0f,1f], start_interpolation: 0, interpolation_duration: 1 }
$data merge entity $(bone_leftarm) { transformation: [-9.957992501029599e-17f,-0.12329356929181885f,0.9923702412765528f,-1.464762117103335f,0f,0.9923702412765528f,0.12329356929181885f,1.3141322629221377f,-1f,1.2277564384331054e-17f,-9.882015420876846e-17f,0.43749999999999983f,0f,0f,0f,1f], start_interpolation: 0, interpolation_duration: 1 }
$data merge entity $(bone_body) { transformation: [-9.957992501029599e-17f,-0.043619387365336f,0.9990482215818578f,-1.4375f,0f,0.9990482215818578f,0.043619387365336f,0.6897271244334767f,-1f,4.343615322835211e-18f,-9.948514698679097e-17f,0.12499999999999982f,0f,0f,0f,1f], start_interpolation: 0, interpolation_duration: 1 }
$data merge entity $(bone_leftleg) { transformation: [-9.957992501029599e-17f,0.2249510543438645f,0.9743700647852354f,-1.4375f,0f,0.9743700647852354f,-0.2249510543438645f,0.7595000000000002f,-1f,-2.2400609122549043e-17f,-9.702769798359098e-17f,0.24999999999999983f,0f,0f,0f,1f], start_interpolation: 0, interpolation_duration: 1 }
$data merge entity $(bone_rightleg) { transformation: [-9.957992501029599e-17f,-0.23762938153302635f,0.9713558961741219f,-1.4375f,0f,0.9713558961741219f,0.23762938153302635f,0.75f,-1f,2.366311599330178e-17f,-9.672754729932792e-17f,-1.8041124150158794e-16f,0f,0f,0f,1f], start_interpolation: 0, interpolation_duration: 1 }
data modify entity @s data merge value {"locators":{},"cameras":{"camera":{"posx":6.125,"posy":0.8125,"posz":1.3125000000000007,"roty":97.85358918678403,"rotx":-16.276743153522407}}}