# This file was generated by Animated Java via MC-Build. It is not recommended to edit this file directly.
$data merge entity $(bone_left_eye) { transformation: [-0.9999999992085725f,0.000003157942059839188f,-0.0000396595822230007f,4.18751200583377f,0f,0.996844829388473f,0.07937497163127952f,0.668228060605009f,0.000039785111036118206f,0.07937497156845999f,-0.9968448285995426f,-4.8526997683130535f,0f,0f,0f,1f], start_interpolation: 0, interpolation_duration: 1 }
$data merge entity $(bone_right_eye) { transformation: [-0.9999999992085725f,0.000003157942059839188f,-0.0000396595822230007f,3.937512006031627f,0f,0.996844829388473f,0.07937497163127952f,0.668228060605009f,0.000039785111036118206f,0.07937497156845999f,-0.9968448285995426f,-4.852689822035295f,0f,0f,0f,1f], start_interpolation: 0, interpolation_duration: 1 }
$data merge entity $(bone_right_close) { transformation: [-0.9999999992085725f,0.000003157942059839188f,-0.0000396595822230007f,3.937512203403006f,0f,0.996844829388473f,0.07937497163127952f,0.7305308624417887f,0.000039785111036118206f,0.07937497156845999f,-0.9968448285995426f,-4.847728886312265f,0f,0f,0f,1f], start_interpolation: 0, interpolation_duration: 1 }
$data merge entity $(bone_left_close) { transformation: [-0.9999999992085725f,0.000003157942059839188f,-0.0000396595822230007f,4.187512203205149f,0f,0.996844829388473f,0.07937497163127952f,0.7305308624417887f,0.000039785111036118206f,0.07937497156845999f,-0.9968448285995426f,-4.847738832590024f,0f,0f,0f,1f], start_interpolation: 0, interpolation_duration: 1 }
$data merge entity $(bone_left_eyebrow) { transformation: [-0.9999999992085725f,0.000003157942059839188f,-0.0000396595822230007f,4.187512126735322f,0f,0.996844829388473f,0.07937497163127952f,0.7056047807713499f,0.000039785111036118206f,0.07937497156845999f,-0.9968448285995426f,-4.8496609040774485f,0f,0f,0f,1f], start_interpolation: 0, interpolation_duration: 1 }
$data merge entity $(bone_right_eyebrow) { transformation: [-0.9999999992085725f,0.000003157942059839188f,-0.0000396595822230007f,3.9375121269331785f,0f,0.996844829388473f,0.07937497163127952f,0.7056047807713499f,0.000039785111036118206f,0.07937497156845999f,-0.9968448285995426f,-4.84965095779969f,0f,0f,0f,1f], start_interpolation: 0, interpolation_duration: 1 }
$data merge entity $(bone_talking) { transformation: [-0.9999999992085725f,0.000003157942059839188f,-0.0000396595822230007f,4.062498822827739f,0f,0.996844829388473f,0.07937497163127952f,0.4438215318926657f,0.000039785111036118206f,0.07937497156845999f,-0.9968448285995426f,-5.184052547003646f,0f,0f,0f,1f], start_interpolation: 0, interpolation_duration: 1 }
$data merge entity $(bone_m_opened) { transformation: [-0.9999999992085725f,0.000003157942059839188f,-0.0000396595822230007f,4.062498822827739f,0f,0.996844829388473f,0.07937497163127952f,0.4438215318926657f,0.000039785111036118206f,0.07937497156845999f,-0.9968448285995426f,-5.184052547003646f,0f,0f,0f,1f], start_interpolation: 0, interpolation_duration: 1 }
$data merge entity $(bone_head) { transformation: [-0.9999999992085725f,0.000003157942059839188f,-0.0000396595822230007f,4.062501301551628f,0f,0.996844829388473f,0.07937497163127952f,0.4388605961657107f,0.000039785111036118206f,0.07937497156845999f,-0.9968448285995426f,-5.121749745216174f,0f,0f,0f,1f], start_interpolation: 0, interpolation_duration: 1 }
$data merge entity $(item_display_r_item) { transformation: [-0.43749999965375047f,0.00001739449317568484f,-6.32422737642023e-7f,3.7500069581899247f,0f,0.01589596512795677f,0.4372111255362228f,-0.3060660494043522f,0.000017405986078301715f,0.43721112519020194f,-0.015895965115376266f,-4.979563749851875f,0f,0f,0f,1f], start_interpolation: 0, interpolation_duration: 1 }
$data merge entity $(bone_rightarm) { transformation: [-0.9999999992085725f,-0.000001445537686038901f,-0.000039758841544422494f,3.750001084873678f,0f,0.9993397155113665f,-0.03633363457818668f,0.3139795684679785f,0.000039785111036118206f,-0.03633363454943124f,-0.9993397147204616f,-5.127189735785327f,0f,0f,0f,1f], start_interpolation: 0, interpolation_duration: 1 }
$data merge entity $(item_display_l_item) { transformation: [-0.43749999965375047f,0.00001727318260418059f,0.0000021460461506375263f,4.37500295379385f,0f,-0.05394093656517074f,0.43416198055849187f,-0.3216635284913445f,0.000017405986078301715f,0.4341619802148841f,0.053940936522480394f,-5.08022680216473f,0f,0f,0f,1f], start_interpolation: 0, interpolation_duration: 1 }
$data merge entity $(bone_leftarm) { transformation: [-0.9999999992085725f,0.000004905248344314354f,-0.00003948156023812706f,4.3750010843790355f,0f,0.9923702412765528f,0.12329356929181905f,0.3139795684679785f,0.000039785111036118206f,0.12329356919424113f,-0.9923702404911637f,-5.127214601479725f,0f,0f,0f,1f], start_interpolation: 0, interpolation_duration: 1 }
$data merge entity $(bone_body) { transformation: [-0.9999999992085725f,0.0000017354021696573444f,-0.000039747244426070635f,4.062500000000001f,0f,0.9990482215818578f,0.043619387365336f,-0.3104255700206826f,0.000039785111036118206f,0.04361938733081442f,-0.9990482207911836f,-5.154464285714285f,0f,0f,0f,1f], start_interpolation: 0, interpolation_duration: 1 }
$data merge entity $(bone_leftleg) { transformation: [-0.9999999992085725f,-0.000008949702674762533f,-0.000038765421217750274f,4.187499999901072f,0f,0.9743700647852352f,-0.2249510543438651f,-0.2481712962962963f,0.000039785111036118206f,-0.22495105416583264f,-0.974370064014092f,-5.154469258853164f,0f,0f,0f,1f], start_interpolation: 0, interpolation_duration: 1 }
$data merge entity $(bone_rightleg) { transformation: [-0.9999999992085725f,0.000009454111329735567f,-0.000038645502184875546f,3.9375000000989293f,0f,0.9713558961741218f,0.23762938153302676f,-0.24050000000000005f,0.000039785111036118206f,0.23762938134496034f,-0.971355895405364f,-5.154459312575406f,0f,0f,0f,1f], start_interpolation: 0, interpolation_duration: 1 }
data modify entity @s data merge value {"locators":{},"cameras":{"camera":{"posx":6.125000000000001,"posy":0.0021425648855686536,"posz":-4.661657928124289,"roty":115.70838491200706,"rotx":-78.47242089940907}}}