# This file was generated by Animated Java via MC-Build. It is not recommended to edit this file directly.
$data merge entity $(bone_left_eye) { transformation: [-0.9999999875187033f,0.000015177018385545474f,-0.00015726490828845557f,4.187548277673274f,0f,0.9953755661648538f,0.0960597849362411f,0.6700235769047922f,0.00015799554824757412f,0.09605978373729043f,-0.995375553741276f,-4.815874946386778f,0f,0f,0f,1f], start_interpolation: 0, interpolation_duration: 1 }
$data merge entity $(bone_right_eye) { transformation: [-0.9999999875187033f,0.000015177018385545474f,-0.00015726490828845557f,3.937548280793598f,0f,0.9953755661648538f,0.0960597849362411f,0.6700235769047922f,0.00015799554824757412f,0.09605978373729043f,-0.995375553741276f,-4.815835447499715f,0f,0f,0f,1f], start_interpolation: 0, interpolation_duration: 1 }
$data merge entity $(bone_right_close) { transformation: [-0.9999999875187033f,0.000015177018385545474f,-0.00015726490828845557f,3.937549229357247f,0f,0.9953755661648538f,0.0960597849362411f,0.7322345497900956f,0.00015799554824757412f,0.09605978373729043f,-0.995375553741276f,-4.809831711016134f,0f,0f,0f,1f], start_interpolation: 0, interpolation_duration: 1 }
$data merge entity $(bone_left_close) { transformation: [-0.9999999875187033f,0.000015177018385545474f,-0.00015726490828845557f,4.187549226236923f,0f,0.9953755661648538f,0.0960597849362411f,0.7322345497900956f,0.00015799554824757412f,0.09605978373729043f,-0.995375553741276f,-4.809871209903196f,0f,0f,0f,1f], start_interpolation: 0, interpolation_duration: 1 }
$data merge entity $(bone_left_eyebrow) { transformation: [-0.9999999875187033f,0.000015177018385545474f,-0.00015726490828845557f,4.18754885664052f,0f,0.9953755661648538f,0.0960597849362411f,0.7073441568994159f,0.00015799554824757412f,0.09605978373729043f,-0.995375553741276f,-4.812210493524519f,0f,0f,0f,1f], start_interpolation: 0, interpolation_duration: 1 }
$data merge entity $(bone_right_eyebrow) { transformation: [-0.9999999875187033f,0.000015177018385545474f,-0.00015726490828845557f,3.937548859760844f,0f,0.9953755661648538f,0.0960597849362411f,0.7073441568994159f,0.00015799554824757412f,0.09605978373729043f,-0.995375553741276f,-4.812170994637458f,0f,0f,0f,1f], start_interpolation: 0, interpolation_duration: 1 }
$data merge entity $(bone_talking) { transformation: [-0.9999999875187033f,0.000015177018385545474f,-0.00015726490828845557f,4.062495339694999f,0f,0.9953755661648538f,0.0960597849362411f,0.4511983681561541f,0.00015799554824757412f,0.09605978373729043f,-0.995375553741276f,-5.150925003421717f,0f,0f,0f,1f], start_interpolation: 0, interpolation_duration: 1 }
$data merge entity $(bone_m_opened) { transformation: [-0.9999999875187033f,0.000015177018385545474f,-0.00015726490828845557f,4.062495339694999f,0f,0.9953755661648538f,0.0960597849362411f,0.4511983681561541f,0.00015799554824757412f,0.09605978373729043f,-0.995375553741276f,-5.150925003421717f,0f,0f,0f,1f], start_interpolation: 0, interpolation_duration: 1 }
$data merge entity $(bone_head) { transformation: [-0.9999999875187033f,0.000015177018385545474f,-0.00015726490828845557f,4.062505168751767f,0f,0.9953755661648538f,0.0960597849362411f,0.44519463159763906f,0.00015799554824757412f,0.09605978373729043f,-0.995375553741276f,-5.088714031312888f,0f,0f,0f,1f], start_interpolation: 0, interpolation_duration: 1 }
$data merge entity $(item_display_r_item) { transformation: [-0.4374999945394327f,0.00006909894267003693f,-0.0000018255106718735936f,3.750026661620981f,0f,0.011554190558667356f,0.43734740273669626f,-0.301167202707183f,0.00006912305235831368f,0.4373473972780336f,-0.011554190414456074f,-4.952654695528013f,0f,0f,0f,1f], start_interpolation: 0, interpolation_duration: 1 }
$data merge entity $(bone_rightarm) { transformation: [-0.9999999875187033f,-0.000004172595821425322f,-0.00015794044038865582f,3.7500043111935444f,0f,0.9996512062553058f,-0.026409578419810877f,0.3203136038999068f,0.00015799554824757412f,-0.02640957809018509f,-0.9996511937783625f,-5.094117081056674f,0f,0f,0f,1f], start_interpolation: 0, interpolation_duration: 1 }
$data merge entity $(item_display_l_item) { transformation: [-0.4374999945394327f,0.00006867689659313535f,0.000007840933724115263f,4.375012724029297f,0f,-0.04962756109956189f,0.4346761497705036f,-0.3148316275149732f,0.00006912305235831368f,0.4346761443451816f,0.04962756048014557f,-5.040919159147343f,0f,0f,0f,1f], start_interpolation: 0, interpolation_duration: 1 }
$data merge entity $(bone_leftarm) { transformation: [-0.9999999875187033f,0.000017922134226549206f,-0.00015697576364145224f,4.375004303392734f,0f,0.9935454851897225f,0.11343442537042739f,0.3203136038999068f,0.00015799554824757412f,0.11343442395461867f,-0.9935454727889865f,-5.094215828274329f,0f,0f,0f,1f], start_interpolation: 0, interpolation_duration: 1 }
$data merge entity $(bone_body) { transformation: [-0.9999999875187033f,0.0000068916690210095695f,-0.00015784517149458954f,4.062500000000001f,0f,0.9990482215818578f,0.043619387365336f,-0.30409153458875426f,0.00015799554824757412f,0.04361938682090949f,-0.9990482091124405f,-5.12142857142857f,0f,0f,0f,1f], start_interpolation: 0, interpolation_duration: 1 }
$data merge entity $(bone_leftleg) { transformation: [-0.9999999875187033f,-0.00003014697183508602f,-0.00015509272502353569f,4.187499998439839f,0f,0.981627183447664f,-0.19080899537654472f,-0.24585648148148143f,0.00015799554824757412f,-0.19080899299500104f,-0.9816271711956839f,-5.121448320872101f,0f,0f,0f,1f], start_interpolation: 0, interpolation_duration: 1 }
$data merge entity $(bone_rightleg) { transformation: [-0.9999999875187033f,0.00003295700490794701f,-0.00015451999577255067f,3.937500001560163f,0f,0.978002212634641f,0.2085945159436037f,-0.22649999999999992f,0.00015799554824757412f,0.20859451334007367f,-0.9780022004279053f,-5.121408821985039f,0f,0f,0f,1f], start_interpolation: 0, interpolation_duration: 1 }
data modify entity @s data merge value {"locators":{},"cameras":{"camera":{"posx":6.125000000000001,"posy":0.00436776292326125,"posz":-4.634566122543925,"roty":117.039853045916,"rotx":-77.64358142635403}}}