# This file was generated by Animated Java via MC-Build. It is not recommended to edit this file directly.
$data merge entity $(bone_left_eye) { transformation: [-0.9999999377258653f,0.00004005919305051566f,-0.0003506330368956262f,4.187609210691376f,0f,0.9935368767817016f,0.11350979902573191f,0.6754129782655132f,0.0003529139633260606f,0.11350979195700742f,-0.9935368149100522f,-4.778960781184775f,0f,0f,0f,1f], start_interpolation: 0, interpolation_duration: 1 }
$data merge entity $(bone_right_eye) { transformation: [-0.9999999377258653f,0.00004005919305051566f,-0.0003506330368956262f,3.937609226259909f,0f,0.9935368767817016f,0.11350979902573191f,0.6754129782655132f,0.0003529139633260606f,0.11350979195700742f,-0.9935368149100522f,-4.778872552693944f,0f,0f,0f,1f], start_interpolation: 0, interpolation_duration: 1 }
$data merge entity $(bone_right_close) { transformation: [-0.9999999377258653f,0.00004005919305051566f,-0.0003506330368956262f,3.937611729959475f,0f,0.9935368767817016f,0.11350979902573191f,0.7375090330643694f,0.0003529139633260606f,0.11350979195700742f,-0.9935368149100522f,-4.77177819069663f,0f,0f,0f,1f], start_interpolation: 0, interpolation_duration: 1 }
$data merge entity $(bone_left_close) { transformation: [-0.9999999377258653f,0.00004005919305051566f,-0.0003506330368956262f,4.1876117143909415f,0f,0.9935368767817016f,0.11350979902573191f,0.7375090330643694f,0.0003529139633260606f,0.11350979195700742f,-0.9935368149100522f,-4.771866419187462f,0f,0f,0f,1f], start_interpolation: 0, interpolation_duration: 1 }
$data merge entity $(bone_left_eyebrow) { transformation: [-0.9999999377258653f,0.00004005919305051566f,-0.0003506330368956262f,4.18761073482568f,0f,0.9935368767817016f,0.11350979902573191f,0.7126635167823879f,0.0003529139633260606f,0.11350979195700742f,-0.9935368149100522f,-4.774642067935455f,0f,0f,0f,1f], start_interpolation: 0, interpolation_duration: 1 }
$data merge entity $(bone_right_eyebrow) { transformation: [-0.9999999377258653f,0.00004005919305051566f,-0.0003506330368956262f,3.9376107503942133f,0f,0.9935368767817016f,0.11350979902573191f,0.7126635167823879f,0.0003529139633260606f,0.11350979195700742f,-0.9935368149100522f,-4.774553839444623f,0f,0f,0f,1f], start_interpolation: 0, interpolation_duration: 1 }
$data merge entity $(bone_talking) { transformation: [-0.9999999377258653f,0.00004005919305051566f,-0.0003506330368956262f,4.062489630853349f,0f,0.9935368767817016f,0.11350979902573191f,0.462500571265629f,0.0003529139633260606f,0.11350979195700742f,-0.9935368149100522f,-5.117774369588003f,0f,0f,0f,1f], start_interpolation: 0, interpolation_duration: 1 }
$data merge entity $(bone_m_opened) { transformation: [-0.9999999377258653f,0.00004005919305051566f,-0.0003506330368956262f,4.062489630853349f,0f,0.9935368767817016f,0.11350979902573191f,0.462500571265629f,0.0003529139633260606f,0.11350979195700742f,-0.9935368149100522f,-5.117774369588003f,0f,0f,0f,1f], start_interpolation: 0, interpolation_duration: 1 }
$data merge entity $(bone_head) { transformation: [-0.9999999377258653f,0.00004005919305051566f,-0.0003506330368956262f,4.062511545418156f,0f,0.9935368767817016f,0.11350979902573191f,0.4554062088265207f,0.0003529139633260606f,0.11350979195700742f,-0.9935368149100522f,-5.055678318656124f,0f,0f,0f,1f], start_interpolation: 0, interpolation_duration: 1 }
$data merge entity $(item_display_r_item) { transformation: [-0.437499972755066f,0.00015438404676855637f,-0.0000022096490071688653f,3.7500569070115506f,0f,0.006261154946502782f,0.4374551953500334f,-0.2926219108151157f,0.0001543998589551515f,0.43745516810788954f,-0.006261154556594772f,-4.927088758726317f,0f,0f,0f,1f], start_interpolation: 0, interpolation_duration: 1 }
$data merge entity $(bone_rightarm) { transformation: [-0.9999999377258653f,-0.000005050626302100186f,-0.0003528778211852717f,3.7500096406424634f,0f,0.999897589371505f,-0.01431121130629185f,0.3305251811287885f,0.0003529139633260606f,-0.014311210415073543f,-0.9998975271037476f,-5.061020456123706f,0f,0f,0f,1f], start_interpolation: 0, interpolation_duration: 1 }
$data merge entity $(item_display_l_item) { transformation: [-0.437499972755066f,0.0001536039852603525f,0.00001565669689008797f,4.375031121864218f,0f,-0.04436406183119085f,0.4352448506505715f,-0.3039286231809396f,0.0001543998589551515f,0.43524482354607497f,0.04436405906845728f,-5.000262590721132f,0f,0f,0f,1f], start_interpolation: 0, interpolation_duration: 1 }
$data merge entity $(bone_leftarm) { transformation: [-0.9999999377258653f,0.000035786735748772575f,-0.0003510948234522343f,4.375009601721129f,0f,0.9948453729155919f,0.10140356989986501f,0.3305251811287885f,0.0003529139633260606f,0.10140356358504543f,-0.9948453109624571f,-5.0612410273507855f,0f,0f,0f,1f], start_interpolation: 0, interpolation_duration: 1 }
$data merge entity $(bone_body) { transformation: [-0.9999999377258653f,0.00001539389087295542f,-0.0003525780674323058f,4.062500000000001f,0f,0.9990482215818578f,0.043619387365336f,-0.2938799573598726f,0.0003529139633260606f,0.0436193846489764f,-0.9990481593669942f,-5.088392857142856f,0f,0f,0f,1f], start_interpolation: 0, interpolation_duration: 1 }
$data merge entity $(bone_leftleg) { transformation: [-0.9999999377258653f,-0.000055207907058139965f,-0.0003485690068103701f,4.187499992215734f,0f,0.9876883405951378f,-0.15643446504023092f,-0.24312500000000004f,0.0003529139633260606f,-0.15643445529840996f,-0.987688279087701f,-5.088436971388272f,0f,0f,0f,1f], start_interpolation: 0, interpolation_duration: 1 }
$data merge entity $(bone_rightleg) { transformation: [-0.9999999377258653f,0.00006104021433705608f,-0.0003475951060417771f,3.937500007784268f,0f,0.9849287423083078f,0.1729606098942037f,-0.21100000000000008f,0.0003529139633260606f,0.17296059912323136f,-0.9849286809727227f,-5.08834874289744f,0f,0f,0f,1f], start_interpolation: 0, interpolation_duration: 1 }
data modify entity @s data merge value {"locators":{},"cameras":{"camera":{"posx":6.125000000000001,"posy":0.006674370192961016,"posz":-4.606245946228219,"roty":118.30348783493417,"rotx":-76.73013893734458}}}