# This file was generated by Animated Java via MC-Build. It is not recommended to edit this file directly.
$data merge entity $(bone_left_eye) { transformation: [-0.9999998060457408f,0.00007889464462189138f,-0.0006178058884324568f,4.1876945262570295f,0f,0.9919445737852246f,0.12667265899967978f,0.6843541448827797f,0.0006228229930982252f,0.12667263443097804f,-0.9919443813933495f,-4.74306620759632f,0f,0f,0f,1f], start_interpolation: 0, interpolation_duration: 1 }
$data merge entity $(bone_right_eye) { transformation: [-0.9999998060457408f,0.00007889464462189138f,-0.0006178058884324568f,3.9376945747455943f,0f,0.9919445737852246f,0.12667265899967978f,0.6843541448827797f,0.0006228229930982252f,0.12667263443097804f,-0.9919443813933495f,-4.742910501848045f,0f,0f,0f,1f], start_interpolation: 0, interpolation_duration: 1 }
$data merge entity $(bone_right_close) { transformation: [-0.9999998060457408f,0.00007889464462189138f,-0.0006178058884324568f,3.937699505660883f,0f,0.9919445737852246f,0.12667265899967978f,0.7463506807443562f,0.0006228229930982252f,0.12667263443097804f,-0.9919443813933495f,-4.734993462196109f,0f,0f,0f,1f], start_interpolation: 0, interpolation_duration: 1 }
$data merge entity $(bone_left_close) { transformation: [-0.9999998060457408f,0.00007889464462189138f,-0.0006178058884324568f,4.187699457172318f,0f,0.9919445737852246f,0.12667265899967978f,0.7463506807443562f,0.0006228229930982252f,0.12667263443097804f,-0.9919443813933495f,-4.7351491679443845f,0f,0f,0f,1f], start_interpolation: 0, interpolation_duration: 1 }
$data merge entity $(bone_left_eyebrow) { transformation: [-0.9999998060457408f,0.00007889464462189138f,-0.0006178058884324568f,4.18769752341907f,0f,0.9919445737852246f,0.12667265899967978f,0.7215441493585382f,0.0006228229930982252f,0.12667263443097804f,-0.9919443813933495f,-4.738253987281321f,0f,0f,0f,1f], start_interpolation: 0, interpolation_duration: 1 }
$data merge entity $(bone_right_eyebrow) { transformation: [-0.9999998060457408f,0.00007889464462189138f,-0.0006178058884324568f,3.937697571907635f,0f,0.9919445737852246f,0.12667265899967978f,0.7215441493585382f,0.0006228229930982252f,0.12667263443097804f,-0.9919443813933495f,-4.738098281533047f,0f,0f,0f,1f], start_interpolation: 0, interpolation_duration: 1 }
$data merge entity $(bone_talking) { transformation: [-0.9999998060457408f,0.00007889464462189138f,-0.0006178058884324568f,4.0624817625000205f,0f,0.9919445737852246f,0.12667265899967978f,0.4759532073738734f,0.0006228229930982252f,0.12667263443097804f,-0.9919443813933495f,-5.084639132515349f,0f,0f,0f,1f], start_interpolation: 0, interpolation_duration: 1 }
$data merge entity $(bone_m_opened) { transformation: [-0.9999998060457408f,0.00007889464462189138f,-0.0006178058884324568f,4.0624817625000205f,0f,0.9919445737852246f,0.12667265899967978f,0.4759532073738734f,0.0006228229930982252f,0.12667263443097804f,-0.9919443813933495f,-5.084639132515349f,0f,0f,0f,1f], start_interpolation: 0, interpolation_duration: 1 }
$data merge entity $(bone_head) { transformation: [-0.9999998060457408f,0.00007889464462189138f,-0.0006178058884324568f,4.062520375368048f,0f,0.9919445737852246f,0.12667265899967978f,0.46803616618639343f,0.0006228229930982252f,0.12667263443097804f,-0.9919443813933495f,-5.0226426086782645f,0f,0f,0f,1f], start_interpolation: 0, interpolation_duration: 1 }
$data merge entity $(item_display_r_item) { transformation: [-0.4374999151450116f,0.0002724850248443642f,-1.373886583022413e-7f,3.7500950892178326f,0f,0.0002205902155583625f,0.4374999443885185f,-0.2817817562904915f,0.0002724850594804735f,0.43749985953354087f,-0.0002205901727739541f,-4.902585310171093f,0f,0f,0f,1f], start_interpolation: 0, interpolation_duration: 1 }
$data merge entity $(bone_rightarm) { transformation: [-0.9999998060457408f,-3.1403121897641324e-7f,-0.0006228229139299753f,3.7500170400840793f,0f,0.9999998728880424f,-0.0005042062069903208f,0.3431551384886612f,0.0006228229930982252f,-0.0005042061091973873f,-0.9999996789338077f,-5.027900398856067f,0f,0f,0f,1f], start_interpolation: 0, interpolation_duration: 1 }
$data merge entity $(item_display_l_item) { transformation: [-0.4374999151450116f,0.0002714361628487937f,0.00002388550058090316f,4.375060349908366f,0f,-0.038350383408430444f,0.43581589931119585f,-0.29039625578688444f,0.0002724850594804735f,0.4358158147828459f,0.03835037597021024f,-4.958557110389098f,0f,0f,0f,1f], start_interpolation: 0, interpolation_duration: 1 }
$data merge entity $(bone_leftarm) { transformation: [-0.9999998060457408f,0.000054595429899207366f,-0.000620425515082957f,4.375016918862667f,0f,0.9961506269970191f,0.0876580192192698f,0.3431551384886612f,0.0006228229930982252f,0.08765800221762363f,-0.9961504337893621f,-5.0282896632267535f,0f,0f,0f,1f], start_interpolation: 0, interpolation_duration: 1 }
$data merge entity $(bone_body) { transformation: [-0.9999998060457408f,0.000027167157395989474f,-0.0006222302036150715f,4.062500000000001f,0f,0.9990482215818578f,0.043619387365336f,-0.2812499999999999f,0.0006228229930982252f,0.043619378905170036f,-0.9990480278122f,-5.055357142857142f,0f,0f,0f,1f], start_interpolation: 0, interpolation_duration: 1 }
$data merge entity $(bone_leftleg) { transformation: [-0.9999998060457408f,-0.00007590302922650932f,-0.0006181805649533731f,4.187499975755719f,0f,0.9925461516413221f,-0.12186934340514737f,-0.24004629629629626f,0.0006228229930982252f,-0.12186931976806914f,-0.9925459591327686f,-5.05543499573128f,0f,0f,0f,1f], start_interpolation: 0, interpolation_duration: 1 }
$data merge entity $(bone_rightleg) { transformation: [-0.9999998060457408f,0.00008222865431294107f,-0.0006173709817781483f,3.9375000242442835f,0f,0.991246290871575f,0.1320257203477599f,-0.19699999999999995f,0.0006228229930982252f,0.1320256947408091f,-0.991246098615135f,-5.055279289983004f,0f,0f,0f,1f], start_interpolation: 0, interpolation_duration: 1 }
data modify entity @s data merge value {"locators":{},"cameras":{"camera":{"posx":6.125000000000001,"posy":0.009061162774551252,"posz":-4.576718762146479,"roty":119.48587588596756,"rotx":-75.73526036353583}}}