# This file was generated by Animated Java via MC-Build. It is not recommended to edit this file directly.
$data merge entity $(bone_left_eye) { transformation: [-0.9999995334168256f,0.00012608898614821374f,-0.000957740935104639f,4.187802501575114f,0f,0.9914448613738104f,0.1305261922200516f,0.6958957908347058f,0.0009660052438796554f,0.13052613131872648f,-0.9914443987823197f,-4.709235021441704f,0f,0f,0f,1f], start_interpolation: 0, interpolation_duration: 1 }
$data merge entity $(bone_right_eye) { transformation: [-0.9999995334168256f,0.00012608898614821374f,-0.000957740935104639f,3.937802618220908f,0f,0.9914448613738104f,0.1305261922200516f,0.6958957908347058f,0.0009660052438796554f,0.13052613131872648f,-0.9914443987823197f,-4.708993520130734f,0f,0f,0f,1f], start_interpolation: 0, interpolation_duration: 1 }
$data merge entity $(bone_right_close) { transformation: [-0.9999995334168256f,0.00012608898614821374f,-0.000957740935104639f,3.937810498782542f,0f,0.9914448613738104f,0.1305261922200516f,0.7578610946705688f,0.0009660052438796554f,0.13052613131872648f,-0.9914443987823197f,-4.700835636923313f,0f,0f,0f,1f], start_interpolation: 0, interpolation_duration: 1 }
$data merge entity $(bone_left_close) { transformation: [-0.9999995334168256f,0.00012608898614821374f,-0.000957740935104639f,4.187810382136749f,0f,0.9914448613738104f,0.1305261922200516f,0.7578610946705688f,0.0009660052438796554f,0.13052613131872648f,-0.9914443987823197f,-4.701077138234283f,0f,0f,0f,1f], start_interpolation: 0, interpolation_duration: 1 }
$data merge entity $(bone_left_eyebrow) { transformation: [-0.9999995334168256f,0.00012608898614821374f,-0.000957740935104639f,4.1878072897709036f,0f,0.9914448613738104f,0.1305261922200516f,0.7330668152492099f,0.0009660052438796554f,0.13052613131872648f,-0.9914443987823197f,-4.704278326242328f,0f,0f,0f,1f], start_interpolation: 0, interpolation_duration: 1 }
$data merge entity $(bone_right_eyebrow) { transformation: [-0.9999995334168256f,0.00012608898614821374f,-0.000957740935104639f,3.937807406416697f,0f,0.9914448613738104f,0.1305261922200516f,0.7330668152492099f,0.0009660052438796554f,0.13052613131872648f,-0.9914443987823197f,-4.704036824931357f,0f,0f,0f,1f], start_interpolation: 0, interpolation_duration: 1 }
$data merge entity $(bone_talking) { transformation: [-0.9999995334168256f,0.00012608898614821374f,-0.000957740935104639f,4.062471743609254f,0f,0.9914448613738104f,0.1305261922200516f,0.4888240105600193f,0.0009660052438796554f,0.13052613131872648f,-0.9914443987823197f,-5.051572178235375f,0f,0f,0f,1f], start_interpolation: 0, interpolation_duration: 1 }
$data merge entity $(bone_m_opened) { transformation: [-0.9999995334168256f,0.00012608898614821374f,-0.000957740935104639f,4.062471743609254f,0f,0.9914448613738104f,0.1305261922200516f,0.4888240105600193f,0.0009660052438796554f,0.13052613131872648f,-0.9914443987823197f,-5.051572178235375f,0f,0f,0f,1f], start_interpolation: 0, interpolation_duration: 1 }
$data merge entity $(bone_head) { transformation: [-0.9999995334168256f,0.00012608898614821374f,-0.000957740935104639f,4.062531602417698f,0f,0.9914448613738104f,0.1305261922200516f,0.48066612354626603f,0.0009660052438796554f,0.13052613131872648f,-0.9914443987823197f,-4.98960690331148f,0f,0f,0f,1f], start_interpolation: 0, interpolation_duration: 1 }
$data merge entity $(item_display_r_item) { transformation: [-0.4374997958698612f,0.0004225825937228903f,0.000006146648111571464f,3.750138438113371f,0f,-0.006362955222567316f,0.43745372646810954f,-0.2709667863123564f,0.0004226272941973493f,0.43745352235956114f,0.006362952253719469f,-4.8788606586662935f,0f,0f,0f,1f], start_interpolation: 0, interpolation_duration: 1 }
$data merge entity $(bone_rightarm) { transformation: [-0.9999995334168256f,0.000014049481397877846f,-0.0009659030713666064f,3.750026481155324f,0f,0.9998942319271076f,0.01454389765158266f,0.3557850958485338f,0.0009660052438796554f,0.014543890865644723f,-0.9998937653932827f,-4.994757447549426f,0f,0f,0f,1f], start_interpolation: 0, interpolation_duration: 1 }
$data merge entity $(item_display_l_item) { transformation: [-0.4374997958698612f,0.0004215102550541739f,0.00003070724156836705f,4.375102753554329f,0f,-0.03178786219114205f,0.43634365105650036f,-0.27664522342965014f,0.0004226272941973493f,0.43634344746589454f,0.03178784735946039f,-4.916102854921538f,0f,0f,0f,1f], start_interpolation: 0, interpolation_duration: 1 }
$data merge entity $(bone_leftarm) { transformation: [-0.9999995334168256f,0.00007018798072769633f,-0.0009634520115523976f,4.37502618954084f,0f,0.9973569167005722f,0.07265797072261061f,0.3557850958485338f,0.0009660052438796554f,0.07265793682162398f,-0.9973564513506161f,-4.99536120082685f,0f,0f,0f,1f], start_interpolation: 0, interpolation_duration: 1 }
$data merge entity $(bone_body) { transformation: [-0.9999995334168256f,0.00004213655692973256f,-0.0009650858209367186f,4.062500000000001f,0f,0.9990482215818578f,0.043619387365336f,-0.2686200426401273f,0.0009660052438796554f,0.04361936701326378f,-0.9990477554427671f,-5.022321428571428f,0f,0f,0f,1f], start_interpolation: 0, interpolation_duration: 1 }
$data merge entity $(bone_leftleg) { transformation: [-0.9999995334168256f,-0.00008419290452846405f,-0.0009623293022817364f,4.187499941677104f,0f,0.9961946980917455f,-0.08715574274765818f,-0.23668981481481477f,0.0009660052438796554f,-0.08715570208225507f,-0.996194233284061f,-5.022442179226913f,0f,0f,0f,1f], start_interpolation: 0, interpolation_duration: 1 }
$data merge entity $(bone_rightleg) { transformation: [-0.9999995334168256f,0.00008419290452846405f,-0.0009623293022817364f,3.9375000583228976f,0f,0.9961946980917455f,0.08715574274765818f,-0.1875f,0.0009660052438796554f,0.08715570208225507f,-0.996194233284061f,-5.022200677915943f,0f,0f,0f,1f], start_interpolation: 0, interpolation_duration: 1 }
data modify entity @s data merge value {"locators":{},"cameras":{"camera":{"posx":6.125000000000001,"posy":0.011526916747915181,"posz":-4.546005933268018,"roty":120.58042017286115,"rotx":-74.66234390018373}}}