# This file was generated by Animated Java via MC-Build. It is not recommended to edit this file directly.
$data merge entity $(bone_left_eye) { transformation: [-0.9999990467735551f,0.00017345296511497572f,-0.0013698051138995339f,4.18793086574815f,0f,0.9920780657755196f,0.1256228936424562f,0.7074914938084134f,0.0013807432712754722f,0.1256227738953919f,-0.9920771201004719f,-4.677318824356021f,0f,0f,0f,1f], start_interpolation: 0, interpolation_duration: 1 }
$data merge entity $(bone_right_eye) { transformation: [-0.9999990467735551f,0.00017345296511497572f,-0.0013698051138995339f,3.9379311040547615f,0f,0.9920780657755196f,0.1256228936424562f,0.7074914938084134f,0.0013807432712754722f,0.1256227738953919f,-0.9920771201004719f,-4.676973638538202f,0f,0f,0f,1f], start_interpolation: 0, interpolation_duration: 1 }
$data merge entity $(bone_right_close) { transformation: [-0.9999990467735551f,0.00017345296511497572f,-0.0013698051138995339f,3.937941944865081f,0f,0.9920780657755196f,0.1256228936424562f,0.7694963729193834f,0.0013807432712754722f,0.1256227738953919f,-0.9920771201004719f,-4.66912221516974f,0f,0f,0f,1f], start_interpolation: 0, interpolation_duration: 1 }
$data merge entity $(bone_left_close) { transformation: [-0.9999990467735551f,0.00017345296511497572f,-0.0013698051138995339f,4.18794170655847f,0f,0.9920780657755196f,0.1256228936424562f,0.7694963729193834f,0.0013807432712754722f,0.1256227738953919f,-0.9920771201004719f,-4.669467400987559f,0f,0f,0f,1f], start_interpolation: 0, interpolation_duration: 1 }
$data merge entity $(bone_left_eyebrow) { transformation: [-0.9999990467735551f,0.00017345296511497572f,-0.0013698051138995339f,4.187937455847162f,0f,0.9920780657755196f,0.1256228936424562f,0.7446865698441428f,0.0013807432712754722f,0.1256227738953919f,-0.9920771201004719f,-4.672545965514937f,0f,0f,0f,1f], start_interpolation: 0, interpolation_duration: 1 }
$data merge entity $(bone_right_eyebrow) { transformation: [-0.9999990467735551f,0.00017345296511497572f,-0.0013698051138995339f,3.9379376941537734f,0f,0.9920780657755196f,0.1256228936424562f,0.7446865698441428f,0.0013807432712754722f,0.1256227738953919f,-0.9920771201004719f,-4.6722007796971186f,0f,0f,0f,1f], start_interpolation: 0, interpolation_duration: 1 }
$data merge entity $(bone_talking) { transformation: [-0.9999990467735551f,0.00017345296511497572f,-0.0013698051138995339f,4.062459557562084f,0f,0.9920780657755196f,0.1256228936424562f,0.4987291316278011f,0.0013807432712754722f,0.1256227738953919f,-0.9920771201004719f,-5.018576024952357f,0f,0f,0f,1f], start_interpolation: 0, interpolation_duration: 1 }
$data merge entity $(bone_m_opened) { transformation: [-0.9999990467735551f,0.00017345296511497572f,-0.0013698051138995339f,4.062459557562084f,0f,0.9920780657755196f,0.1256228936424562f,0.4987291316278011f,0.0013807432712754722f,0.1256227738953919f,-0.9920771201004719f,-5.018576024952357f,0f,0f,0f,1f], start_interpolation: 0, interpolation_duration: 1 }
$data merge entity $(bone_head) { transformation: [-0.9999990467735551f,0.00017345296511497572f,-0.0013698051138995339f,4.062545170381703f,0f,0.9920780657755196f,0.1256228936424562f,0.4908777007751476f,0.0013807432712754722f,0.1256227738953919f,-0.9920771201004719f,-4.956571204946077f,0f,0f,0f,1f], start_interpolation: 0, interpolation_duration: 1 }
$data merge entity $(item_display_r_item) { transformation: [-0.4374995829634304f,0.0006037966454931279f,0.00001834217578542229f,3.750184250087035f,0f,-0.013284276785559535f,0.43729827119517023f,-0.26251065056870204f,0.000604075181183019f,0.43729785435089386f,0.013284264122635602f,-4.855627416972015f,0f,0f,0f,1f], start_interpolation: 0, interpolation_duration: 1 }
$data merge entity $(bone_rightarm) { transformation: [-0.9999990467735551f,0.000041924973223822685f,-0.0013801066182700067f,3.750037939868016f,0f,0.9995389055889605f,0.030364061224136304f,0.36599667307741535f,0.0013807432712754722f,0.03036403228031017f,-0.999537952802043f,-4.961592140897077f,0f,0f,0f,1f], start_interpolation: 0, interpolation_duration: 1 }
$data merge entity $(item_display_l_item) { transformation: [-0.4374995829634304f,0.0006030976429200219f,0.000034351966837593266f,4.375160583475411f,0f,-0.024879329526524052f,0.43679202025942576f,-0.2651003071579142f,0.000604075181183019f,0.4367916038977212f,0.024879305810889218f,-4.8731993697721165f,0f,0f,0f,1f], start_interpolation: 0, interpolation_duration: 1 }
$data merge entity $(bone_leftarm) { transformation: [-0.9999990467735551f,0.00007851878134307063f,-0.0013785088981029072f,4.375037344101488f,0f,0.9983817605929732f,0.05686703891776948f,0.36599667307741535f,0.0013807432712754722f,0.05686698471060415f,-0.998380808909077f,-4.962455105441624f,0f,0f,0f,1f], start_interpolation: 0, interpolation_duration: 1 }
$data merge entity $(bone_body) { transformation: [-0.9999990467735551f,0.00006022717560184603f,-0.001379429109628877f,4.062500000000001f,0f,0.9990482215818578f,0.043619387365336f,-0.25840846541124574f,0.0013807432712754722f,0.043619345786182456f,-0.9990472692626733f,-4.989285714285714f,0f,0f,0f,1f], start_interpolation: 0, interpolation_duration: 1 }
$data merge entity $(bone_leftleg) { transformation: [-0.9999990467735551f,-0.0000722625194282124f,-0.001378851010609333f,4.187499880846695f,0f,0.9986295347545738f,-0.05233595624294395f,-0.23312500000000003f,0.0013807432712754722f,-0.052335906354926444f,-0.9986285828344926f,-4.9894583071946235f,0f,0f,0f,1f], start_interpolation: 0, interpolation_duration: 1 }
$data merge entity $(bone_rightleg) { transformation: [-0.9999990467735551f,0.000054930117090938797f,-0.0013796501960311781f,3.9375001191533063f,0f,0.9992083428780468f,0.039783005453429936f,-0.1825f,0.0013807432712754722f,0.03978296753121708f,-0.9992073904062304f,-4.989113121376804f,0f,0f,0f,1f], start_interpolation: 0, interpolation_duration: 1 }
data modify entity @s data merge value {"locators":{},"cameras":{"camera":{"posx":6.125000000000001,"posy":0.014070408192936087,"posz":-4.514128822562143,"roty":121.5854660341248,"rotx":-73.51495224291848}}}