# This file was generated by Animated Java via MC-Build. It is not recommended to edit this file directly.
$data merge entity $(bone_left_eye) { transformation: [-0.9999982602899631f,0.00021498319665547622f,-0.001852889438824158f,4.188077773767333f,0f,0.9933361994214591f,0.11525274365034208f,0.7167326001498552f,0.0018653195563630137f,0.11525254314398717f,-0.9933344713045029f,-4.646621927722235f,0f,0f,0f,1f], start_interpolation: 0, interpolation_duration: 1 }
$data merge entity $(bone_right_eye) { transformation: [-0.9999982602899631f,0.00021498319665547622f,-0.001852889438824158f,3.938078208694842f,0f,0.9933361994214591f,0.11525274365034208f,0.7167326001498552f,0.0018653195563630137f,0.11525254314398717f,-0.9933344713045029f,-4.646155597833143f,0f,0f,0f,1f], start_interpolation: 0, interpolation_duration: 1 }
$data merge entity $(bone_right_close) { transformation: [-0.9999982602899631f,0.00021498319665547622f,-0.001852889438824158f,3.938091645144633f,0f,0.9933361994214591f,0.11525274365034208f,0.7788161126136963f,0.0018653195563630137f,0.11525254314398717f,-0.9933344713045029f,-4.6389523138866435f,0f,0f,0f,1f], start_interpolation: 0, interpolation_duration: 1 }
$data merge entity $(bone_left_close) { transformation: [-0.9999982602899631f,0.00021498319665547622f,-0.001852889438824158f,4.188091210217124f,0f,0.9933361994214591f,0.11525274365034208f,0.7788161126136963f,0.0018653195563630137f,0.11525254314398717f,-0.9933344713045029f,-4.639418643775735f,0f,0f,0f,1f], start_interpolation: 0, interpolation_duration: 1 }
$data merge entity $(bone_left_eyebrow) { transformation: [-0.9999982602899631f,0.00021498319665547622f,-0.001852889438824158f,4.1880859514427975f,0f,0.9933361994214591f,0.11525274365034208f,0.7539755043316818f,0.0018653195563630137f,0.11525254314398717f,-0.9933344713045029f,-4.6422378739498775f,0f,0f,0f,1f], start_interpolation: 0, interpolation_duration: 1 }
$data merge entity $(bone_right_eyebrow) { transformation: [-0.9999982602899631f,0.00021498319665547622f,-0.001852889438824158f,3.9380863863703066f,0f,0.9933361994214591f,0.11525274365034208f,0.7539755043316818f,0.0018653195563630137f,0.11525254314398717f,-0.9933344713045029f,-4.641771544060787f,0f,0f,0f,1f], start_interpolation: 0, interpolation_duration: 1 }
$data merge entity $(bone_talking) { transformation: [-0.9999982602899631f,0.00021498319665547622f,-0.001852889438824158f,4.062445217482291f,0f,0.9933361994214591f,0.11525274365034208f,0.5044150326852223f,0.0018653195563630137f,0.11525254314398717f,-0.9933344713045029f,-4.985618920846343f,0f,0f,0f,1f], start_interpolation: 0, interpolation_duration: 1 }
$data merge entity $(bone_m_opened) { transformation: [-0.9999982602899631f,0.00021498319665547622f,-0.001852889438824158f,4.062445217482291f,0f,0.9933361994214591f,0.11525274365034208f,0.5044150326852223f,0.0018653195563630137f,0.11525254314398717f,-0.9933344713045029f,-4.985618920846343f,0f,0f,0f,1f], start_interpolation: 0, interpolation_duration: 1 }
$data merge entity $(bone_head) { transformation: [-0.9999982602899631f,0.00021498319665547622f,-0.001852889438824158f,4.062561023072218f,0f,0.9933361994214591f,0.11525274365034208f,0.4972117362070759f,0.0018653195563630137f,0.11525254314398717f,-0.9933344713045029f,-4.923535516389811f,0f,0f,0f,1f], start_interpolation: 0, interpolation_duration: 1 }
$data merge entity $(item_display_r_item) { transformation: [-0.4374992388768588f,0.0008151950570364402f,0.000037936634046131344f,3.750230113901513f,0f,-0.020337873967343115f,0.4370270253456741f,-0.25780443454657453f,0.0008160773059088185f,0.4370262650453717f,0.020337838585339642f,-4.832594425929573f,0f,0f,0f,1f], start_interpolation: 0, interpolation_duration: 1 }
$data merge entity $(bone_rightarm) { transformation: [-0.9999982602899631f,0.00008671230639115777f,-0.0018633029875118634f,3.7500513962195683f,0f,0.9989189150758265f,0.04648656906821306f,0.3723307085093437f,0.0018653195563630137f,0.046486488195062264f,-0.9989171772465638f,-4.928405017963479f,0f,0f,0f,1f], start_interpolation: 0, interpolation_duration: 1 }
$data merge entity $(item_display_l_item) { transformation: [-0.4374992388768588f,0.0008153993892479366f,0.00003325665698002731f,4.3752357706448946f,0f,-0.01782893277807632f,0.4371365680836995f,-0.2572440838325346f,0.0008160773059088185f,0.4371358075928245f,0.017828901760903015f,-4.830144757318118f,0f,0f,0f,1f], start_interpolation: 0, interpolation_duration: 1 }
$data merge entity $(bone_leftarm) { transformation: [-0.9999982602899631f,0.00007601521595434856f,-0.0018637700325667122f,4.3750503089007955f,0f,0.9991692984770274f,0.04075184634988895f,0.3723307085093437f,0.0018653195563630137f,0.04075177545349283f,-0.9991675602121702f,-4.929570842686206f,0f,0f,0f,1f], start_interpolation: 0, interpolation_duration: 1 }
$data merge entity $(bone_body) { transformation: [-0.9999982602899631f,0.00008136409628913499f,-0.0018635441854663287f,4.062500000000001f,0f,0.9990482215818578f,0.043619387365336f,-0.2520744299793174f,0.0018653195563630137f,0.04361931148024999f,-0.9990464835276394f,-4.956249999999999f,0f,0f,0f,1f], start_interpolation: 0, interpolation_duration: 1 }
$data merge entity $(bone_leftleg) { transformation: [-0.9999982602899631f,-0.000032554315033060565f,-0.0018650354591597015f,4.187499782536246f,0f,0.9998476951563913f,-0.01745240643728345f,-0.22942129629629626f,0.0018653195563630137f,-0.017452376075156803f,-0.9998459557113206f,-4.956483164944545f,0f,0f,0f,1f], start_interpolation: 0, interpolation_duration: 1 }
$data merge entity $(bone_rightleg) { transformation: [-0.9999982602899631f,-0.000016060745693188206f,-0.0018652504120889744f,3.9375002174637554f,0f,0.9999629316736623f,-0.008610184586550591f,-0.17999999999999994f,0.0018653195563630137f,-0.008610169607326046f,-0.9999611920281136f,-4.956016835055453f,0f,0f,0f,1f], start_interpolation: 0, interpolation_duration: 1 }
data modify entity @s data merge value {"locators":{},"cameras":{"camera":{"posx":6.125000000000001,"posy":0.016690413189497256,"posz":-4.4811087929981674,"roty":122.50272434834469,"rotx":-72.29675795813522}}}