# This file was generated by Animated Java via MC-Build. It is not recommended to edit this file directly.
$data merge entity $(bone_left_eye) { transformation: [-0.9999970765938802f,0.00024491136585862275f,-0.0024055814507569933f,4.188241362076484f,0f,0.9948573434126252f,0.10128606151872101f,0.7226789866598694f,0.002418016479131781f,0.10128576541842892f,-0.994854435040579f,-4.6167670427733105f,0f,0f,0f,1f], start_interpolation: 0, interpolation_duration: 1 }
$data merge entity $(bone_right_eye) { transformation: [-0.9999970765938802f,0.00024491136585862275f,-0.0024055814507569933f,3.9382420929280144f,0f,0.9948573434126252f,0.10128606151872101f,0.7226789866598694f,0.002418016479131781f,0.10128576541842892f,-0.994854435040579f,-4.616162538653527f,0f,0f,0f,1f], start_interpolation: 0, interpolation_duration: 1 }
$data merge entity $(bone_right_close) { transformation: [-0.9999970765938802f,0.00024491136585862275f,-0.0024055814507569933f,3.9382573998883803f,0f,0.9948573434126252f,0.10128606151872101f,0.7848575706231584f,0.002418016479131781f,0.10128576541842892f,-0.994854435040579f,-4.609832178314876f,0f,0f,0f,1f], start_interpolation: 0, interpolation_duration: 1 }
$data merge entity $(bone_left_close) { transformation: [-0.9999970765938802f,0.00024491136585862275f,-0.0024055814507569933f,4.18825666903685f,0f,0.9948573434126252f,0.10128606151872101f,0.7848575706231584f,0.002418016479131781f,0.10128576541842892f,-0.994854435040579f,-4.610436682434659f,0f,0f,0f,1f], start_interpolation: 0, interpolation_duration: 1 }
$data merge entity $(bone_left_eyebrow) { transformation: [-0.9999970765938802f,0.00024491136585862275f,-0.0024055814507569933f,4.1882506966015445f,0f,0.9948573434126252f,0.10128606151872101f,0.759979806658998f,0.002418016479131781f,0.10128576541842892f,-0.994854435040579f,-4.612906648167929f,0f,0f,0f,1f], start_interpolation: 0, interpolation_duration: 1 }
$data merge entity $(bone_right_eyebrow) { transformation: [-0.9999970765938802f,0.00024491136585862275f,-0.0024055814507569933f,3.9382514274530744f,0f,0.9948573434126252f,0.10128606151872101f,0.759979806658998f,0.002418016479131781f,0.10128576541842892f,-0.994854435040579f,-4.612302144048146f,0f,0f,0f,1f], start_interpolation: 0, interpolation_duration: 1 }
$data merge entity $(bone_talking) { transformation: [-0.9999970765938802f,0.00024491136585862275f,-0.0024055814507569933f,4.0624287554574225f,0f,0.9948573434126252f,0.10128606151872101f,0.5056165450313134f,0.002418016479131781f,0.10128576541842892f,-0.994854435040579f,-4.952678243018207f,0f,0f,0f,1f], start_interpolation: 0, interpolation_duration: 1 }
$data merge entity $(bone_m_opened) { transformation: [-0.9999970765938802f,0.00024491136585862275f,-0.0024055814507569933f,4.0624287554574225f,0f,0.9948573434126252f,0.10128606151872101f,0.5056165450313134f,0.002418016479131781f,0.10128576541842892f,-0.994854435040579f,-4.952678243018207f,0f,0f,0f,1f], start_interpolation: 0, interpolation_duration: 1 }
$data merge entity $(bone_head) { transformation: [-0.9999970765938802f,0.00024491136585862275f,-0.0024055814507569933f,4.062579104298095f,0f,0.9948573434126252f,0.10128606151872101f,0.4992861661863933f,0.002418016479131781f,0.10128576541842892f,-0.994854435040579f,-4.890499840828171f,0f,0f,0f,1f], start_interpolation: 0, interpolation_duration: 1 }
$data merge entity $(item_display_r_item) { transformation: [-0.43749872100982257f,0.001055817843096388f,0.00006605642762147261f,3.7502741297285365f,0f,-0.027318435664752366f,0.4366462562221629f,-0.25718049487578665f,0.0010578822096201541f,0.4366449797278253f,0.027318355801870357f,-4.809467132239897f,0f,0f,0f,1f], start_interpolation: 0, interpolation_duration: 1 }
$data merge entity $(bone_rightarm) { transformation: [-0.9999970765938802f,0.00015098612027765218f,-0.002413297927077458f,3.7500668338128254f,0f,0.9980485856506581f,0.06244213866229134f,0.3744051384886611f,0.002418016479131781f,0.06244195611856104f,-0.9980456679493149f,-4.895196618159461f,0f,0f,0f,1f], start_interpolation: 0, interpolation_duration: 1 }
$data merge entity $(item_display_l_item) { transformation: [-0.43749872100982257f,0.0010575573344558905f,0.000026215525349903515f,4.375329715171916f,0f,-0.01084174800963992f,0.4373656439411942f,-0.25350056657294207f,0.0010578822096201541f,0.4373643653437941f,0.01084171631480744f,-4.787234797381845f,0f,0f,0f,1f], start_interpolation: 0, interpolation_duration: 1 }
$data merge entity $(bone_leftarm) { transformation: [-0.9999970765938802f,0.00005992120079978f,-0.0024172739073277496f,4.375065006684f,0f,0.9996929004370153f,0.024781138307748612f,0.3744051384886611f,0.002418016479131781f,0.02478106586241723f,-0.9996899779286722f,-4.896707878458918f,0f,0f,0f,1f], start_interpolation: 0, interpolation_duration: 1 }
$data merge entity $(bone_body) { transformation: [-0.9999970765938802f,0.00010547239745901505f,-0.0024157150632322312f,4.062500000000001f,0f,0.9990482215818578f,0.043619387365336f,-0.25f,0.002418016479131781f,0.043619259848152035f,-0.9990453009581728f,-4.923214285714285f,0f,0f,0f,1f], start_interpolation: 0, interpolation_duration: 1 }
$data merge entity $(bone_leftleg) { transformation: [-0.9999970765938802f,0.000042200206365856955f,-0.0024176482035100835f,4.187499634574236f,0f,0.9998476951563913f,0.01745240643728345f,-0.22564814814814815f,0.002418016479131781f,0.017452355416811664f,-0.9998447721955204f,-4.9235165377741765f,0f,0f,0f,1f], start_interpolation: 0, interpolation_duration: 1 }
$data merge entity $(bone_rightleg) { transformation: [-0.9999970765938802f,-0.0001366627477539129f,-0.0024141514009542162f,3.937500365425766f,0f,0.998401550108975f,-0.056518534482024436f,-0.17999999999999994f,0.002418016479131781f,-0.05651836925539485f,-0.9983986313757733f,-4.922912033654393f,0f,0f,0f,1f], start_interpolation: 0, interpolation_duration: 1 }
data modify entity @s data merge value {"locators":{},"cameras":{"camera":{"posx":6.125000000000001,"posy":0.019385707817481904,"posz":-4.4469672075454,"roty":123.33603828316872,"rotx":-71.01150170353361}}}