# This file was generated by Animated Java via MC-Build. It is not recommended to edit this file directly.
$data merge entity $(bone_left_eye) { transformation: [-0.9999953879516851f,0.00025998227247452793f,-0.0030259683701193683f,4.188420269018555f,0f,0.9963294392400639f,0.08560168516787432f,0.724740980270964f,0.003037116289996793f,0.08560129036876649f,-0.9963248441205526f,-4.58736228769953f,0f,0f,0f,1f], start_interpolation: 0, interpolation_duration: 1 }
$data merge entity $(bone_right_eye) { transformation: [-0.9999953879516851f,0.00025998227247452793f,-0.0030259683701193683f,3.9384214220306335f,0f,0.9963294392400639f,0.08560168516787432f,0.724740980270964f,0.003037116289996793f,0.08560129036876649f,-0.9963248441205526f,-4.586603008627031f,0f,0f,0f,1f], start_interpolation: 0, interpolation_duration: 1 }
$data merge entity $(bone_right_close) { transformation: [-0.9999953879516851f,0.00025998227247452793f,-0.0030259683701193683f,3.9384376709226636f,0f,0.9963294392400639f,0.08560168516787432f,0.787011570223468f,0.003037116289996793f,0.08560129036876649f,-0.9963248441205526f,-4.581252927978983f,0f,0f,0f,1f], start_interpolation: 0, interpolation_duration: 1 }
$data merge entity $(bone_left_close) { transformation: [-0.9999953879516851f,0.00025998227247452793f,-0.0030259683701193683f,4.188436517910585f,0f,0.9963294392400639f,0.08560168516787432f,0.787011570223468f,0.003037116289996793f,0.08560129036876649f,-0.9963248441205526f,-4.5820122070514815f,0f,0f,0f,1f], start_interpolation: 0, interpolation_duration: 1 }
$data merge entity $(bone_left_eyebrow) { transformation: [-0.9999953879516851f,0.00025998227247452793f,-0.0030259683701193683f,4.188430207476796f,0f,0.9963294392400639f,0.08560168516787432f,0.7620979841371435f,0.003037116289996793f,0.08560129036876649f,-0.9963248441205526f,-4.584089969007944f,0f,0f,0f,1f], start_interpolation: 0, interpolation_duration: 1 }
$data merge entity $(bone_right_eyebrow) { transformation: [-0.9999953879516851f,0.00025998227247452793f,-0.0030259683701193683f,3.938431360488875f,0f,0.9963294392400639f,0.08560168516787432f,0.7620979841371435f,0.003037116289996793f,0.08560129036876649f,-0.9963248441205526f,-4.583330689935444f,0f,0f,0f,1f], start_interpolation: 0, interpolation_duration: 1 }
$data merge entity $(bone_talking) { transformation: [-0.9999953879516851f,0.00025998227247452793f,-0.0030259683701193683f,4.062410234840813f,0f,0.9963294392400639f,0.08560168516787432f,0.5024091470759088f,0.003037116289996793f,0.08560129036876649f,-0.9963248441205526f,-4.919734484543144f,0f,0f,0f,1f], start_interpolation: 0, interpolation_duration: 1 }
$data merge entity $(bone_m_opened) { transformation: [-0.9999953879516851f,0.00025998227247452793f,-0.0030259683701193683f,4.062410234840813f,0f,0.9963294392400639f,0.08560168516787432f,0.5024091470759088f,0.003037116289996793f,0.08560129036876649f,-0.9963248441205526f,-4.919734484543144f,0f,0f,0f,1f], start_interpolation: 0, interpolation_duration: 1 }
$data merge entity $(bone_head) { transformation: [-0.9999953879516851f,0.00025998227247452793f,-0.0030259683701193683f,4.062599357863946f,0f,0.9963294392400639f,0.08560168516787432f,0.4970590417529166f,0.003037116289996793f,0.08560129036876649f,-0.9963248441205526f,-4.85746418178561f,0f,0f,0f,1f], start_interpolation: 0, interpolation_duration: 1 }
$data merge entity $(item_display_r_item) { transformation: [-0.4374979822288622f,0.0013247147784433643f,0.00010332681138228118f,3.750315119691206f,0f,-0.03402135496839677f,0.4361751911859664f,-0.26064978905859537f,0.0013287383768735969f,0.4361731795249109f,0.034021198060263914f,-4.785948284297787f,0f,0f,0f,1f], start_interpolation: 0, interpolation_duration: 1 }
$data merge entity $(bone_rightarm) { transformation: [-0.9999953879516851f,0.00023617556887378622f,-0.0030279194935848327f,3.7500842394850538f,0f,0.9969718655679233f,0.07776309707062141f,0.37217801405518436f,0.003037116289996793f,0.0777627384234606f,-0.9969672674855107f,-4.861967481218813f,0f,0f,0f,1f], start_interpolation: 0, interpolation_duration: 1 }
$data merge entity $(item_display_l_item) { transformation: [-0.4374979822288622f,0.0013286793637608306f,0.000012522878774275936f,4.3754430898033965f,0f,-0.004123279314500387f,0.4374805693601656f,-0.25397230769205237f,0.0013287383768735969f,0.4374785516786428f,0.004123260297736972f,-4.744762178845788f,0f,0f,0f,1f], start_interpolation: 0, interpolation_duration: 1 }
$data merge entity $(bone_leftarm) { transformation: [-0.9999953879516851f,0.000028623722912631382f,-0.0030369814028818986f,4.375081356954857f,0f,0.9999555871089499f,0.009424638433143964f,0.37217801405518436f,0.003037116289996793f,0.00942459496625616f,-0.9999509752654693f,-4.863865678900061f,0f,0f,0f,1f], start_interpolation: 0, interpolation_duration: 1 }
$data merge entity $(bone_body) { transformation: [-0.9999953879516851f,0.00013247715192694226f,-0.003034225628258586f,4.062500000000001f,0f,0.9990482215818578f,0.043619387365336f,-0.2522271244334767f,0.003037116289996793f,0.043619186190614f,-0.999043613923191f,-4.890178571428571f,0f,0f,0f,1f], start_interpolation: 0, interpolation_duration: 1 }
$data merge entity $(bone_leftleg) { transformation: [-0.9999953879516851f,0.00015895038525800444f,-0.0030329540276750346f,4.1874994234939615f,0f,0.9986295347545738f,0.05233595624294395f,-0.22187500000000004f,0.003037116289996793f,0.052335714866985156f,-0.9986249290269108f,-4.89055821096482f,0f,0f,0f,1f], start_interpolation: 0, interpolation_duration: 1 }
$data merge entity $(bone_rightleg) { transformation: [-0.9999953879516851f,-0.0003111383312150515f,-0.003021136921394427f,3.9375005765060402f,0f,0.9947386378799533f,-0.10244531374706764f,-0.1825f,0.003037116289996793f,-0.102444841264331f,-0.9947340500972947f,-4.889798931892321f,0f,0f,0f,1f], start_interpolation: 0, interpolation_duration: 1 }
data modify entity @s data merge value {"locators":{},"cameras":{"camera":{"posx":6.125000000000001,"posy":0.022155068156773344,"posz":-4.411725429173151,"roty":124.09047167357619,"rotx":-69.66296193067919}}}