# This file was generated by Animated Java via MC-Build. It is not recommended to edit this file directly.
$data merge entity $(bone_left_eye) { transformation: [-0.9999930774236149f,0.0002608000892228711f,-0.0037117500133596964f,4.1886139997727705f,0f,0.9975406315333637f,0.07009057311805797f,0.7213764013922701f,0.0037209010801436747f,0.07009008791071168f,-0.9975337259821446f,-4.557987702249564f,0f,0f,0f,1f], start_interpolation: 0, interpolation_duration: 1 }
$data merge entity $(bone_right_eye) { transformation: [-0.9999930774236149f,0.0002608000892228711f,-0.0037117500133596964f,3.9386157304168665f,0f,0.9975406315333637f,0.07009057311805797f,0.7213764013922701f,0.0037209010801436747f,0.07009008791071168f,-0.9975337259821446f,-4.557057476979528f,0f,0f,0f,1f], start_interpolation: 0, interpolation_duration: 1 }
$data merge entity $(bone_right_close) { transformation: [-0.9999930774236149f,0.0002608000892228711f,-0.0037117500133596964f,3.938632030422443f,0f,0.9975406315333637f,0.07009057311805797f,0.7837226908631053f,0.0037209010801436747f,0.07009008791071168f,-0.9975337259821446f,-4.552676846485109f,0f,0f,0f,1f], start_interpolation: 0, interpolation_duration: 1 }
$data merge entity $(bone_left_close) { transformation: [-0.9999930774236149f,0.0002608000892228711f,-0.0037117500133596964f,4.188630299778347f,0f,0.9975406315333637f,0.07009057311805797f,0.7837226908631053f,0.0037209010801436747f,0.07009008791071168f,-0.9975337259821446f,-4.5536070717551445f,0f,0f,0f,1f], start_interpolation: 0, interpolation_duration: 1 }
$data merge entity $(bone_left_eyebrow) { transformation: [-0.9999930774236149f,0.0002608000892228711f,-0.0037117500133596964f,4.188624011760492f,0f,0.9975406315333637f,0.07009057311805797f,0.7587797944139515f,0.0037209010801436747f,0.07009008791071168f,-0.9975337259821446f,-4.555296978095038f,0f,0f,0f,1f], start_interpolation: 0, interpolation_duration: 1 }
$data merge entity $(bone_right_eyebrow) { transformation: [-0.9999930774236149f,0.0002608000892228711f,-0.0037117500133596964f,3.938625742404588f,0f,0.9975406315333637f,0.07009057311805797f,0.7587797944139515f,0.0037209010801436747f,0.07009008791071168f,-0.9975337259821446f,-4.554366752825002f,0f,0f,0f,1f], start_interpolation: 0, interpolation_duration: 1 }
$data merge entity $(bone_talking) { transformation: [-0.9999930774236149f,0.0002608000892228711f,-0.0037117500133596964f,4.062389743193338f,0f,0.9975406315333637f,0.07009057311805797f,0.4938945476083223f,0.0037209010801436747f,0.07009008791071168f,-0.9975337259821446f,-4.886774400961644f,0f,0f,0f,1f], start_interpolation: 0, interpolation_duration: 1 }
$data merge entity $(bone_m_opened) { transformation: [-0.9999930774236149f,0.0002608000892228711f,-0.0037117500133596964f,4.062389743193338f,0f,0.9975406315333637f,0.07009057311805797f,0.4938945476083223f,0.0037209010801436747f,0.07009008791071168f,-0.9975337259821446f,-4.886774400961644f,0f,0f,0f,1f], start_interpolation: 0, interpolation_duration: 1 }
$data merge entity $(bone_head) { transformation: [-0.9999930774236149f,0.0002608000892228711f,-0.0037117500133596964f,4.062621727569173f,0f,0.9975406315333637f,0.07009057311805797f,0.48951388678844365f,0.0037209010801436747f,0.07009008791071168f,-0.9975337259821446f,-4.82442854308776f,0f,0f,0f,1f], start_interpolation: 0, interpolation_duration: 1 }
$data merge entity $(item_display_r_item) { transformation: [-0.4374969713728315f,0.0016209926824894698f,0.00014974085337383247f,3.750352828207704f,0f,-0.040243169637836904f,0.43564519657342743f,-0.2692154701964241f,0.0016278942225628576f,0.43564218078627737f,0.040242891051421106f,-4.761738797024872f,0f,0f,0f,1f], start_interpolation: 0, interpolation_duration: 1 }
$data merge entity $(bone_rightarm) { transformation: [-0.9999930774236149f,0.00034226480771161786f,-0.0037051261314045023f,3.750103602946098f,0f,0.9957604493106913f,0.09198438774362744f,0.3646328590907114f,0.0037209010801436747f,0.09198375097467704f,-0.9957535560829197f,-4.828718147176064f,0f,0f,0f,1f], start_interpolation: 0, interpolation_duration: 1 }
$data merge entity $(item_display_l_item) { transformation: [-0.4374969713728315f,0.0016278750912369906f,-0.000007892222987857534f,4.37557565810905f,0f,0.00212105154581341f,0.4374948584158904f,-0.25975378106175684f,0.0016278942225628576f,0.4374918298243149f,-0.0021210368626720646f,-4.7030159920261045f,0f,0f,0f,1f], start_interpolation: 0, interpolation_duration: 1 }
$data merge entity $(bone_leftarm) { transformation: [-0.9999930774236149f,-0.000018039366829387824f,-0.0037208573513988355f,4.375099276335857f,0f,0.9999882478077495f,-0.004848117819001858f,0.3646328590907114f,0.0037209010801436747f,-0.004848084257535926f,-0.9999813253127198f,-4.831043710351154f,0f,0f,0f,1f], start_interpolation: 0, interpolation_duration: 1 }
$data merge entity $(bone_body) { transformation: [-0.9999930774236149f,0.00016230342556288407f,-0.003717359606799552f,4.062500000000001f,0f,0.9990482215818578f,0.043619387365336f,-0.25977227939794967f,0.0037209010801436747f,0.04361908540679509f,-0.9990413055942314f,-4.857142857142856f,0f,0f,0f,1f], start_interpolation: 0, interpolation_duration: 1 }
$data merge entity $(bone_leftleg) { transformation: [-0.9999930774236149f,0.00032429789733048555f,-0.003706741928162978f,4.187499134677953f,0f,0.9961946980917455f,0.08715574274765818f,-0.21817129629629628f,0.0037209010801436747f,0.0871551394053716f,-0.9961878018578535f,-4.857607969777874f,0f,0f,0f,1f], start_interpolation: 0, interpolation_duration: 1 }
$data merge entity $(bone_rightleg) { transformation: [-0.9999930774236149f,-0.0005392771118435654f,-0.003681614461734964f,3.937500865322049f,0f,0.9894416385809445f,-0.14493185930724672f,-0.1875f,0.0037209010801436747f,-0.14493085600538003f,-0.9894347890956228f,-4.856677744507838f,0f,0f,0f,1f], start_interpolation: 0, interpolation_duration: 1 }
data modify entity @s data merge value {"locators":{},"cameras":{"camera":{"posx":6.125000000000001,"posy":0.02499727028725479,"posz":-4.375404820850732,"roty":124.77166684518403,"rotx":-68.25493390926252}}}