# This file was generated by Animated Java via MC-Build. It is not recommended to edit this file directly.
$data merge entity $(bone_left_eye) { transformation: [-0.9999900199896461f,0.00025310730959974436f,-0.004460477305960551f,4.1888233058595805f,0f,0.9983939115579175f,0.056653308500752744f,0.7115952394290335f,0.004467652751407826f,0.05665274310014732f,-0.9983839475763429f,-4.5281922127493965f,0f,0f,0f,1f], start_interpolation: 0, interpolation_duration: 1 }
$data merge entity $(bone_right_eye) { transformation: [-0.9999900199896461f,0.00025310730959974436f,-0.004460477305960551f,3.938825800862169f,0f,0.9983939115579175f,0.056653308500752744f,0.7115952394290335f,0.004467652751407826f,0.05665274310014732f,-0.9983839475763429f,-4.527075299561544f,0f,0f,0f,1f], start_interpolation: 0, interpolation_duration: 1 }
$data merge entity $(bone_right_close) { transformation: [-0.9999900199896461f,0.00025310730959974436f,-0.004460477305960551f,3.9388416200690184f,0f,0.9983939115579175f,0.056653308500752744f,0.7739948589014034f,0.004467652751407826f,0.05665274310014732f,-0.9983839475763429f,-4.523534503117785f,0f,0f,0f,1f], start_interpolation: 0, interpolation_duration: 1 }
$data merge entity $(bone_left_close) { transformation: [-0.9999900199896461f,0.00025310730959974436f,-0.004460477305960551f,4.18883912506643f,0f,0.9983939115579175f,0.056653308500752744f,0.7739948589014034f,0.004467652751407826f,0.05665274310014732f,-0.9983839475763429f,-4.5246514163056375f,0f,0f,0f,1f], start_interpolation: 0, interpolation_duration: 1 }
$data merge entity $(bone_left_eyebrow) { transformation: [-0.9999900199896461f,0.00025310730959974436f,-0.004460477305960551f,4.1888330761635215f,0f,0.9983939115579175f,0.056653308500752744f,0.7490314702806742f,0.004467652751407826f,0.05665274310014732f,-0.9983839475763429f,-4.526005335886418f,0f,0f,0f,1f], start_interpolation: 0, interpolation_duration: 1 }
$data merge entity $(bone_right_eyebrow) { transformation: [-0.9999900199896461f,0.00025310730959974436f,-0.004460477305960551f,3.93883557116611f,0f,0.9983939115579175f,0.056653308500752744f,0.7490314702806742f,0.004467652751407826f,0.05665274310014732f,-0.9983839475763429f,-4.524888422698566f,0f,0f,0f,1f], start_interpolation: 0, interpolation_duration: 1 }
$data merge entity $(bone_talking) { transformation: [-0.9999900199896461f,0.00025310730959974436f,-0.004460477305960551f,4.062367377375362f,0f,0.9983939115579175f,0.056653308500752744f,0.4797009204460394f,0.004467652751407826f,0.05665274310014732f,-0.9983839475763429f,-4.853791925548115f,0f,0f,0f,1f], start_interpolation: 0, interpolation_duration: 1 }
$data merge entity $(bone_m_opened) { transformation: [-0.9999900199896461f,0.00025310730959974436f,-0.004460477305960551f,4.062367377375362f,0f,0.9983939115579175f,0.056653308500752744f,0.4797009204460394f,0.004467652751407826f,0.05665274310014732f,-0.9983839475763429f,-4.853791925548115f,0f,0f,0f,1f], start_interpolation: 0, interpolation_duration: 1 }
$data merge entity $(bone_head) { transformation: [-0.9999900199896461f,0.00025310730959974436f,-0.004460477305960551f,4.062646157206984f,0f,0.9983939115579175f,0.056653308500752744f,0.47616008866474235f,0.004467652751407826f,0.05665274310014732f,-0.9983839475763429f,-4.791392928824593f,0f,0f,0f,1f], start_interpolation: 0, interpolation_duration: 1 }
$data merge entity $(item_display_r_item) { transformation: [-0.4374956337454702f,0.0019438668001140798f,0.00020453731403330332f,3.750388110777136f,0f,-0.045781828941125854f,0.4350980052112461f,-0.28337004046080594f,0.0019545980787409236f,0.4350936629286491f,0.045781372037999f,-4.736538641277017f,0f,0f,0f,1f], start_interpolation: 0, interpolation_duration: 1 }
$data merge entity $(bone_rightarm) { transformation: [-0.9999900199896461f,0.00046751386064755146f,-0.004443124114546468f,3.7501249164257224f,0f,0.9945097261971338f,0.10464418043685932f,0.3512790609670101f,0.004467652751407826f,0.10464313608685508f,-0.9944998009797693f,-4.795449156345203f,0f,0f,0f,1f], start_interpolation: 0, interpolation_duration: 1 }
$data merge entity $(item_display_l_item) { transformation: [-0.4374956337454702f,0.001954296401594397f,-0.0000343398330354478f,4.375726106224043f,0f,0.007686325447882404f,0.43743247524744805f,-0.27142838211566356f,0.0019545980787409236f,0.437428109666816f,-0.007686248738274854f,-4.662281624069635f,0f,0f,0f,1f], start_interpolation: 0, interpolation_duration: 1 }
$data merge entity $(bone_leftarm) { transformation: [-0.9999900199896461f,-0.00007849104693816541f,-0.004466963203644336f,4.375118678919251f,0f,0.9998456577084527f,-0.017568743880873844f,0.3512790609670101f,0.004467652751407826f,-0.017568568544628016f,-0.9998356792384365f,-4.7982414393148325f,0f,0f,0f,1f], start_interpolation: 0, interpolation_duration: 1 }
$data merge entity $(bone_body) { transformation: [-0.9999900199896461f,0.00019487627597746714f,-0.004463400535939282f,4.062500000000001f,0f,0.9990482215818578f,0.043619387365336f,-0.27312607752165097f,0.004467652751407826f,0.04361895204339846f,-0.9990382510702623f,-4.824107142857142f,0f,0f,0f,1f], start_interpolation: 0, interpolation_duration: 1 }
$data merge entity $(bone_leftleg) { transformation: [-0.9999900199896461f,0.0005444699073762718f,-0.004434351545279601f,4.187498752498707f,0f,0.9925461516413221f,0.12186934340514737f,-0.21460648148148154f,0.004467652751407826f,0.12186812714783836f,-0.992536246020452f,-4.824665599451068f,0f,0f,0f,1f], start_interpolation: 0, interpolation_duration: 1 }
$data merge entity $(bone_rightleg) { transformation: [-0.9999900199896461f,-0.0008156983881877934f,-0.004392557028277465f,3.937501247501295f,0f,0.9831912354632537f,-0.18257873509322192f,-0.19699999999999995f,0.004467652751407826f,-0.18257691295555528f,-0.9831814232045439f,-4.823548686263216f,0f,0f,0f,1f], start_interpolation: 0, interpolation_duration: 1 }
data modify entity @s data merge value {"locators":{},"cameras":{"camera":{"posx":6.125000000000001,"posy":0.027911090288809528,"posz":-4.338026745547452,"roty":125.38541270380348,"rotx":-66.79121585246217}}}