# This file was generated by Animated Java via MC-Build. It is not recommended to edit this file directly.
$data merge entity $(bone_left_eye) { transformation: [-0.9999860836459514f,0.0002489834502491062f,-0.005269774347514979f,4.189050540468598f,0f,0.9988857040379272f,0.04719481188281824f,0.6978349667468216f,0.00527565298633495f,0.047194155103106816f,-0.9988718031908157f,-4.497500310364365f,0f,0f,0f,1f], start_interpolation: 0, interpolation_duration: 1 }
$data merge entity $(bone_right_eye) { transformation: [-0.9999860836459514f,0.0002489834502491062f,-0.005269774347514979f,3.93905401955711f,0f,0.9988857040379272f,0.04719481188281824f,0.6978349667468216f,0.00527565298633495f,0.047194155103106816f,-0.9988718031908157f,-4.496181397117781f,0f,0f,0f,1f], start_interpolation: 0, interpolation_duration: 1 }
$data merge entity $(bone_right_close) { transformation: [-0.9999860836459514f,0.0002489834502491062f,-0.005269774347514979f,3.9390695810227507f,0f,0.9988857040379272f,0.04719481188281824f,0.760265323249192f,0.00527565298633495f,0.047194155103106816f,-0.9988718031908157f,-4.493231762423838f,0f,0f,0f,1f], start_interpolation: 0, interpolation_duration: 1 }
$data merge entity $(bone_left_close) { transformation: [-0.9999860836459514f,0.0002489834502491062f,-0.005269774347514979f,4.189066101934238f,0f,0.9988857040379272f,0.04719481188281824f,0.760265323249192f,0.00527565298633495f,0.047194155103106816f,-0.9988718031908157f,-4.494550675670421f,0f,0f,0f,1f], start_interpolation: 0, interpolation_duration: 1 }
$data merge entity $(bone_left_eyebrow) { transformation: [-0.9999860836459514f,0.0002489834502491062f,-0.005269774347514979f,4.18906020670888f,0f,0.9988857040379272f,0.04719481188281824f,0.7352902309725012f,0.00527565298633495f,0.047194155103106816f,-0.9988718031908157f,-4.495668100060299f,0f,0f,0f,1f], start_interpolation: 0, interpolation_duration: 1 }
$data merge entity $(bone_right_eyebrow) { transformation: [-0.9999860836459514f,0.0002489834502491062f,-0.005269774347514979f,3.9390636857973917f,0f,0.9988857040379272f,0.04719481188281824f,0.7352902309725012f,0.00527565298633495f,0.047194155103106816f,-0.9988718031908157f,-4.494349186813715f,0f,0f,0f,1f], start_interpolation: 0, interpolation_duration: 1 }
$data merge entity $(bone_talking) { transformation: [-0.9999860836459514f,0.0002489834502491062f,-0.005269774347514979f,4.062343229666694f,0f,0.9988857040379272f,0.04719481188281824f,0.4628619194507204f,0.00527565298633495f,0.047194155103106816f,-0.9988718031908157f,-4.820786831013979f,0f,0f,0f,1f], start_interpolation: 0, interpolation_duration: 1 }
$data merge entity $(bone_m_opened) { transformation: [-0.9999860836459514f,0.0002489834502491062f,-0.005269774347514979f,4.062343229666694f,0f,0.9988857040379272f,0.04719481188281824f,0.4628619194507204f,0.00527565298633495f,0.047194155103106816f,-0.9988718031908157f,-4.820786831013979f,0f,0f,0f,1f], start_interpolation: 0, interpolation_duration: 1 }
$data merge entity $(bone_head) { transformation: [-0.9999860836459514f,0.0002489834502491062f,-0.005269774347514979f,4.062672590563413f,0f,0.9988857040379272f,0.04719481188281824f,0.4599122437080443f,0.00527565298633495f,0.047194155103106816f,-0.9988718031908157f,-4.758357343314554f,0f,0f,0f,1f], start_interpolation: 0, interpolation_duration: 1 }
$data merge entity $(item_display_r_item) { transformation: [-0.43749391159510376f,0.0022927091318089123f,0.0002660865506993318f,3.7504231104382404f,0f,-0.050436704496780185f,0.434583005695695f,-0.3002121362683323f,0.0023080981815215406f,0.4345769578847243f,0.050436002601743364f,-4.71004763647742f,0f,0f,0f,1f], start_interpolation: 0, interpolation_duration: 1 }
$data merge entity $(bone_rightarm) { transformation: [-0.9999860836459514f,0.0006081978301699024f,-0.005240478015563228f,3.750148174330151f,0f,0.9933325844473029f,0.11528389599264065f,0.33503121601031205f,0.00527565298633495f,0.11528229166112791f,-0.9933187608793698f,-4.762161049299137f,0f,0f,0f,1f], start_interpolation: 0, interpolation_duration: 1 }
$data merge entity $(item_display_l_item) { transformation: [-0.43749391159510376f,0.00230717565233593f,-0.00006525124375305155f,4.375891885714899f,0f,0.012368372961994653f,0.4373251345969873f,-0.28618515542481415f,0.0023080981815215406f,0.43731904862557985f,-0.012368200839337512f,-4.622841174466377f,0f,0f,0f,1f], start_interpolation: 0, interpolation_duration: 1 }
$data merge entity $(bone_leftarm) { transformation: [-0.9999860836459514f,-0.0001491457000069738f,-0.005273544348196411f,4.3751394766088705f,0f,0.9996003076502566f,-0.028270566770273273f,0.33503121601031205f,0.00527565298633495f,-0.02827017334705695f,-0.9995863968584683f,-4.765458332415596f,0f,0f,0f,1f], start_interpolation: 0, interpolation_duration: 1 }
$data merge entity $(bone_body) { transformation: [-0.9999860836459514f,0.00023012075121603585f,-0.005270631733680949f,4.062500000000001f,0f,0.9990482215818578f,0.043619387365336f,-0.28937392247834903f,0.00527565298633495f,0.04361878034249804f,-0.9990343184730947f,-4.791071428571428f,0f,0f,0f,1f], start_interpolation: 0, interpolation_duration: 1 }
$data merge entity $(bone_leftleg) { transformation: [-0.9999860836459514f,0.0008252939526552046f,-0.00521070094362895f,4.187498260455745f,0f,0.9876883405951378f,0.15643446504023092f,-0.21124999999999994f,0.00527565298633495f,0.15643228804283002f,-0.9876745955745004f,-4.79173088519472f,0f,0f,0f,1f], start_interpolation: 0, interpolation_duration: 1 }
$data merge entity $(bone_rightleg) { transformation: [-0.9999860836459514f,-0.0011292716120127355f,-0.005153373657957186f,3.937501739544257f,0f,0.9768219538520648f,-0.2140534290139602f,-0.21100000000000008f,0.00527565298633495f,-0.21405045017065674f,-0.9768083600519126f,-4.790411971948136f,0f,0f,0f,1f], start_interpolation: 0, interpolation_duration: 1 }
data modify entity @s data merge value {"locators":{},"cameras":{"camera":{"posx":6.125000000000001,"posy":0.030895304241320854,"posz":-4.2996125662326214,"roty":125.93736878379417,"rotx":-65.27560020314212}}}