# This file was generated by Animated Java via MC-Build. It is not recommended to edit this file directly.
$data merge entity $(bone_left_eye) { transformation: [-0.9999811304719393f,0.0002679618884865339f,-0.006137336269810438f,4.1892999372649316f,0f,0.9990482215818578f,0.043619387365336f,0.6854156541384735f,0.006143183219016992f,0.04361856428808212f,-0.9990293700134066f,-4.465427705396657f,0f,0f,0f,1f], start_interpolation: 0, interpolation_duration: 1 }
$data merge entity $(bone_right_eye) { transformation: [-0.9999811304719393f,0.0002679618884865339f,-0.006137336269810438f,3.939304654646947f,0f,0.9990482215818578f,0.043619387365336f,0.6854156541384735f,0.006143183219016992f,0.04361856428808212f,-0.9990293700134066f,-4.4638919095919025f,0f,0f,0f,1f], start_interpolation: 0, interpolation_duration: 1 }
$data merge entity $(bone_right_close) { transformation: [-0.9999811304719393f,0.0002679618884865339f,-0.006137336269810438f,3.939321402264978f,0f,0.9990482215818578f,0.043619387365336f,0.7478561679873394f,0.006143183219016992f,0.04361856428808212f,-0.9990293700134066f,-4.461165749323897f,0f,0f,0f,1f], start_interpolation: 0, interpolation_duration: 1 }
$data merge entity $(bone_left_close) { transformation: [-0.9999811304719393f,0.0002679618884865339f,-0.006137336269810438f,4.189316684882963f,0f,0.9990482215818578f,0.043619387365336f,0.7478561679873394f,0.006143183219016992f,0.04361856428808212f,-0.9990293700134066f,-4.462701545128652f,0f,0f,0f,1f], start_interpolation: 0, interpolation_duration: 1 }
$data merge entity $(bone_left_eyebrow) { transformation: [-0.9999811304719393f,0.0002679618884865339f,-0.006137336269810438f,4.189310369419267f,0f,0.9990482215818578f,0.043619387365336f,0.7228772362360828f,0.006143183219016992f,0.04361856428808212f,-0.9990293700134066f,-4.463729569900227f,0f,0f,0f,1f], start_interpolation: 0, interpolation_duration: 1 }
$data merge entity $(bone_right_eyebrow) { transformation: [-0.9999811304719393f,0.0002679618884865339f,-0.006137336269810438f,3.9393150868012823f,0f,0.9990482215818578f,0.043619387365336f,0.7228772362360828f,0.006143183219016992f,0.04361856428808212f,-0.9990293700134066f,-4.462193774095473f,0f,0f,0f,1f], start_interpolation: 0, interpolation_duration: 1 }
$data merge entity $(bone_talking) { transformation: [-0.9999811304719393f,0.0002679618884865339f,-0.006137336269810438f,4.062317387899502f,0f,0.9990482215818578f,0.043619387365336f,0.4492846572946765f,0.006143183219016992f,0.04361856428808212f,-0.9990293700134066f,-4.787761126695489f,0f,0f,0f,1f], start_interpolation: 0, interpolation_duration: 1 }
$data merge entity $(bone_m_opened) { transformation: [-0.9999811304719393f,0.0002679618884865339f,-0.006137336269810438f,4.062317387899502f,0f,0.9990482215818578f,0.043619387365336f,0.4492846572946765f,0.006143183219016992f,0.04361856428808212f,-0.9990293700134066f,-4.787761126695489f,0f,0f,0f,1f], start_interpolation: 0, interpolation_duration: 1 }
$data merge entity $(bone_head) { transformation: [-0.9999811304719393f,0.0002679618884865339f,-0.006137336269810438f,4.0627009714163655f,0f,0.9990482215818578f,0.043619387365336f,0.446558445584343f,0.006143183219016992f,0.04361856428808212f,-0.9990293700134066f,-4.725321791069652f,0f,0f,0f,1f], start_interpolation: 0, interpolation_duration: 1 }
$data merge entity $(item_display_r_item) { transformation: [-0.43749174458147344f,0.002667085152484636f,0.0003317828329149154f,3.7504614217615124f,0f,-0.054008291969518375f,0.4341536069164176f,-0.313972961128134f,0.002687642658319934f,0.43414541464274925f,0.05400727285853755f,-4.681966066749702f,0f,0f,0f,1f], start_interpolation: 0, interpolation_duration: 1 }
$data merge entity $(bone_rightarm) { transformation: [-0.9999811304719393f,0.0007583607609483794f,-0.006096194634250597f,3.750173372907824f,0f,0.9923511015232402f,0.12344752450175651f,0.32167741788661075f,0.006143183219016992f,0.1234451951052289f,-0.992332376326284f,-4.72885436684972f,0f,0f,0f,1f], start_interpolation: 0, interpolation_duration: 1 }
$data merge entity $(item_display_l_item) { transformation: [-0.43749174458147344f,0.0026858528674980307f,-0.00009806851163164982f,4.376069063860116f,0f,0.015963794035650198f,0.43720865416867877f,-0.29834528977274466f,0.002687642658319934f,0.4372004042477105f,-0.015963492806390686f,-4.584974465424558f,0f,0f,0f,1f], start_interpolation: 0, interpolation_duration: 1 }
$data merge entity $(bone_leftarm) { transformation: [-0.9999811304719393f,-0.00022415659801519822f,-0.006139092268566927f,4.375161579452786f,0f,0.9993340666712658f,-0.03648867208148594f,0.32167741788661075f,0.006143183219016992f,-0.0364879835574642f,-0.9993152097090526f,-4.732693856361605f,0f,0f,0f,1f], start_interpolation: 0, interpolation_duration: 1 }
$data merge entity $(bone_body) { transformation: [-0.9999811304719393f,0.0002679618884865339f,-0.006137336269810438f,4.062500000000001f,0f,0.9990482215818578f,0.043619387365336f,-0.30272772060205033f,0.006143183219016992f,0.04361856428808212f,-0.9990293700134066f,-4.758035714285714f,0f,0f,0f,1f], start_interpolation: 0, interpolation_duration: 1 }
$data merge entity $(bone_leftleg) { transformation: [-0.9999811304719393f,0.0011721746184346804f,-0.006030315640686604f,4.187497641308993f,0f,0.981627183447664f,0.19080899537654472f,-0.20817129629629627f,0.006143183219016992f,0.19080539490085222f,-0.9816086606059807f,-4.758803612188091f,0f,0f,0f,1f], start_interpolation: 0, interpolation_duration: 1 }
$data merge entity $(bone_rightleg) { transformation: [-0.9999811304719393f,-0.0014625779397844547f,-0.00596653717263773f,3.9375023586910083f,0f,0.9712451932359054f,-0.23808144534202752f,-0.22649999999999992f,0.006143183219016992f,-0.2380769528575139f,-0.9712268662974778f,-4.757267816383337f,0f,0f,0f,1f], start_interpolation: 0, interpolation_duration: 1 }
data modify entity @s data merge value {"locators":{},"cameras":{"camera":{"posx":6.125000000000001,"posy":0.033948688224671966,"posz":-4.260183645875552,"roty":126.4329004512606,"rotx":-63.71186852959834}}}