# This file was generated by Animated Java via MC-Build. It is not recommended to edit this file directly.
$data merge entity $(bone_left_eye) { transformation: [-0.9999750176678799f,0.0003424577202532401f,-0.007060223993123399f,4.189578791171538f,0f,0.9988256935381284f,0.04844826032043576f,0.6766076489242931f,0.007068524607245585f,0.048447049969905794f,-0.9988007405429223f,-4.431357894709213f,0f,0f,0f,1f], start_interpolation: 0, interpolation_duration: 1 }
$data merge entity $(bone_right_eye) { transformation: [-0.9999750176678799f,0.0003424577202532401f,-0.007060223993123399f,3.9395850367545684f,0f,0.9988256935381284f,0.04844826032043576f,0.6766076489242931f,0.007068524607245585f,0.048447049969905794f,-0.9988007405429223f,-4.429590763557401f,0f,0f,0f,1f], start_interpolation: 0, interpolation_duration: 1 }
$data merge entity $(bone_right_close) { transformation: [-0.9999750176678799f,0.0003424577202532401f,-0.007060223993123399f,3.939606440362084f,0f,0.9988256935381284f,0.04844826032043576f,0.7390342547704263f,0.007068524607245585f,0.048447049969905794f,-0.9988007405429223f,-4.426562822934281f,0f,0f,0f,1f], start_interpolation: 0, interpolation_duration: 1 }
$data merge entity $(bone_left_close) { transformation: [-0.9999750176678799f,0.0003424577202532401f,-0.007060223993123399f,4.189600194779054f,0f,0.9988256935381284f,0.04844826032043576f,0.7390342547704263f,0.007068524607245585f,0.048447049969905794f,-0.9988007405429223f,-4.428329954086093f,0f,0f,0f,1f], start_interpolation: 0, interpolation_duration: 1 }
$data merge entity $(bone_left_eyebrow) { transformation: [-0.9999750176678799f,0.0003424577202532401f,-0.007060223993123399f,4.189592074600047f,0f,0.9988256935381284f,0.04844826032043576f,0.7140605844157031f,0.007068524607245585f,0.048447049969905794f,-0.9988007405429223f,-4.429478705289056f,0f,0f,0f,1f], start_interpolation: 0, interpolation_duration: 1 }
$data merge entity $(bone_right_eyebrow) { transformation: [-0.9999750176678799f,0.0003424577202532401f,-0.007060223993123399f,3.9395983201830775f,0f,0.9988256935381284f,0.04844826032043576f,0.7140605844157031f,0.007068524607245585f,0.048447049969905794f,-0.9988007405429223f,-4.427711574137245f,0f,0f,0f,1f], start_interpolation: 0, interpolation_duration: 1 }
$data merge entity $(bone_talking) { transformation: [-0.9999750176678799f,0.0003424577202532401f,-0.007060223993123399f,4.062289979535139f,0f,0.9988256935381284f,0.04844826032043576f,0.4420413068898973f,0.007068524607245585f,0.048447049969905794f,-0.9988007405429223f,-4.754711323045446f,0f,0f,0f,1f], start_interpolation: 0, interpolation_duration: 1 }
$data merge entity $(bone_m_opened) { transformation: [-0.9999750176678799f,0.0003424577202532401f,-0.007060223993123399f,4.062289979535139f,0f,0.9988256935381284f,0.04844826032043576f,0.4420413068898973f,0.007068524607245585f,0.048447049969905794f,-0.9988007405429223f,-4.754711323045446f,0f,0f,0f,1f], start_interpolation: 0, interpolation_duration: 1 }
$data merge entity $(bone_head) { transformation: [-0.9999750176678799f,0.0003424577202532401f,-0.007060223993123399f,4.062731243534709f,0f,0.9988256935381284f,0.04844826032043576f,0.43901329061987004f,0.007068524607245585f,0.048447049969905794f,-0.9988007405429223f,-4.692286276761513f,0f,0f,0f,1f], start_interpolation: 0, interpolation_duration: 1 }
$data merge entity $(item_display_r_item) { transformation: [-0.43748907022969746f,0.003066769079237634f,0.0003979409120336389f,3.750508242644113f,0f,-0.056297591667959945f,0.4338626870017606f,-0.32175660184265165f,0.0030924795156699434f,0.43385184810001937f,0.05629618522282734f,-4.65199510088934f,0f,0f,0f,1f], start_interpolation: 0, interpolation_duration: 1 }
$data merge entity $(bone_rightarm) { transformation: [-0.9999750176678799f,0.0009095792275054619f,-0.007009757895400306f,3.750200509924379f,0f,0.9916861417183099f,0.12868020952676582f,0.3141322629221378f,0.007068524607245585f,0.12867699479503414f,-0.9916613670857586f,-4.695529650028163f,0f,0f,0f,1f], start_interpolation: 0, interpolation_duration: 1 }
$data merge entity $(item_display_l_item) { transformation: [-0.43748907022969746f,0.0030897819327662074f,-0.00012914008978519843f,4.376252176647287f,0f,0.018269737598822746f,0.43711836690771777f,-0.30510262191779536f,0.0030924795156699434f,0.4371074466714999f,-0.018269281178170303f,-4.548960662889877f,0f,0f,0f,1f], start_interpolation: 0, interpolation_duration: 1 }
$data merge entity $(bone_leftarm) { transformation: [-0.9999750176678799f,-0.000295177348080452f,-0.007062358703465617f,4.375184895966804f,0f,0.9991276957890692f,-0.04175940022588034f,0.3141322629221378f,0.007068524607245585f,-0.041758356978674756f,-0.9991027352491426f,-4.699947477907692f,0f,0f,0f,1f], start_interpolation: 0, interpolation_duration: 1 }
$data merge entity $(bone_body) { transformation: [-0.9999750176678799f,0.0003083247129448547f,-0.007061796938076302f,4.062500000000001f,0f,0.9990482215818578f,0.043619387365336f,-0.3102728755665233f,0.007068524607245585f,0.04361829765131396f,-0.9990232630273822f,-4.724999999999999f,0f,0f,0f,1f], start_interpolation: 0, interpolation_duration: 1 }
$data merge entity $(bone_leftleg) { transformation: [-0.9999750176678799f,0.0015900720630554492f,-0.00688735877949791f,4.187496877208486f,0f,0.9743700647852352f,0.2249510543438651f,-0.20543981481481477f,0.007068524607245585f,0.2249454345419147f,-0.9743457227486689f,-4.725883565575905f,0f,0f,0f,1f], start_interpolation: 0, interpolation_duration: 1 }
$data merge entity $(bone_rightleg) { transformation: [-0.9999750176678799f,-0.0017913075487092905f,-0.0068377816131530164f,3.937503122791516f,0f,0.9673562720774791f,-0.25342028899115837f,-0.24050000000000005f,0.007068524607245585f,-0.2534139579613328f,-0.9673321052618116f,-4.724116434424093f,0f,0f,0f,1f], start_interpolation: 0, interpolation_duration: 1 }
data modify entity @s data merge value {"locators":{},"cameras":{"camera":{"posx":6.125000000000001,"posy":0.03707001831874619,"posz":-4.2197613474455515,"roty":126.87699064049093,"rotx":-62.10378885929301}}}