# This file was generated by Animated Java via MC-Build. It is not recommended to edit this file directly.
$data merge entity $(bone_left_eye) { transformation: [-0.9999675985631205f,0.0004902116180811236f,-0.008035018137845002f,4.189890607936791f,0f,0.99814410601679f,0.06089617084795508f,0.6710981499786021f,0.008049958006474312f,0.06089419772451914f,-0.9981117647135422f,-4.395505559329696f,0f,0f,0f,1f], start_interpolation: 0, interpolation_duration: 1 }
$data merge entity $(bone_right_eye) { transformation: [-0.9999675985631205f,0.0004902116180811236f,-0.008035018137845002f,3.939898708296011f,0f,0.99814410601679f,0.06089617084795508f,0.6710981499786021f,0.008049958006474312f,0.06089419772451914f,-0.9981117647135422f,-4.393493069828078f,0f,0f,0f,1f], start_interpolation: 0, interpolation_duration: 1 }
$data merge entity $(bone_right_close) { transformation: [-0.9999675985631205f,0.0004902116180811236f,-0.008035018137845002f,3.9399293465221414f,0f,0.99814410601679f,0.06089617084795508f,0.7334821566046514f,0.008049958006474312f,0.06089419772451914f,-0.9981117647135422f,-4.389687182470295f,0f,0f,0f,1f], start_interpolation: 0, interpolation_duration: 1 }
$data merge entity $(bone_left_close) { transformation: [-0.9999675985631205f,0.0004902116180811236f,-0.008035018137845002f,4.189921246162921f,0f,0.99814410601679f,0.06089617084795508f,0.7334821566046514f,0.008049958006474312f,0.06089419772451914f,-0.9981117647135422f,-4.391699671971914f,0f,0f,0f,1f], start_interpolation: 0, interpolation_duration: 1 }
$data merge entity $(bone_left_eyebrow) { transformation: [-0.9999675985631205f,0.0004902116180811236f,-0.008035018137845002f,4.189909493061103f,0f,0.99814410601679f,0.06089617084795508f,0.7085247479435538f,0.008049958006474312f,0.06089419772451914f,-0.9981117647135422f,-4.3931596449297325f,0f,0f,0f,1f], start_interpolation: 0, interpolation_duration: 1 }
$data merge entity $(bone_right_eyebrow) { transformation: [-0.9999675985631205f,0.0004902116180811236f,-0.008035018137845002f,3.939917593420323f,0f,0.99814410601679f,0.06089617084795508f,0.7085247479435538f,0.008049958006474312f,0.06089419772451914f,-0.9981117647135422f,-4.391147155428114f,0f,0f,0f,1f], start_interpolation: 0, interpolation_duration: 1 }
$data merge entity $(bone_talking) { transformation: [-0.9999675985631205f,0.0004902116180811236f,-0.008035018137845002f,4.0622611620438045f,0f,0.99814410601679f,0.06089617084795508f,0.4405921768643905f,0.008049958006474312f,0.06089419772451914f,-0.9981117647135422f,-4.721632790482999f,0f,0f,0f,1f], start_interpolation: 0, interpolation_duration: 1 }
$data merge entity $(bone_m_opened) { transformation: [-0.9999675985631205f,0.0004902116180811236f,-0.008035018137845002f,4.0622611620438045f,0f,0.99814410601679f,0.06089617084795508f,0.4405921768643905f,0.008049958006474312f,0.06089419772451914f,-0.9981117647135422f,-4.721632790482999f,0f,0f,0f,1f], start_interpolation: 0, interpolation_duration: 1 }
$data merge entity $(bone_head) { transformation: [-0.9999675985631205f,0.0004902116180811236f,-0.008035018137845002f,4.06276335067742f,0f,0.99814410601679f,0.06089617084795508f,0.4367861661863933f,0.008049958006474312f,0.06089419772451914f,-0.9981117647135422f,-4.659250805188402f,0f,0f,0f,1f], start_interpolation: 0, interpolation_duration: 1 }
$data merge entity $(item_display_r_item) { transformation: [-0.4374858243713652f,0.0034917266561598393f,0.0004596945351759284f,3.7505705140555263f,0f,-0.05710520909627248f,0.43375712685104206f,-0.3240636738974769f,0.0035218566278325115f,0.4337430724968754f,0.057103358805444454f,-4.619837074788649f,0f,0f,0f,1f], start_interpolation: 0, interpolation_duration: 1 }
$data merge entity $(bone_rightarm) { transformation: [-0.9999675985631205f,0.0010507303661164095f,-0.007981089499793918f,3.750229584346875f,0f,0.9914448613738104f,0.1305261922200516f,0.3119051384886611f,0.008049958006474312f,0.13052196298387325f,-0.9914127371357151f,-4.662187440065693f,0f,0f,0f,1f], start_interpolation: 0, interpolation_duration: 1 }
$data merge entity $(item_display_l_item) { transformation: [-0.4374858243713652f,0.0035185046007023494f,-0.00015362122849460312f,4.376434079375447f,0f,0.019083481972334605f,0.4370835969420628f,-0.307047576579333f,0.0035218566278325115f,0.4370694348054854f,-0.019082863640098032f,-4.515080448675175f,0f,0f,0f,1f], start_interpolation: 0, interpolation_duration: 1 }
$data merge entity $(bone_leftarm) { transformation: [-0.9999675985631205f,-0.00035113423655909107f,-0.008042296230176799f,4.375209333448826f,0f,0.9990482215818578f,-0.043619387365336014f,0.3119051384886611f,0.008049958006474312f,-0.043617974034509566f,-0.9990158509839666f,-4.66721866381974f,0f,0f,0f,1f], start_interpolation: 0, interpolation_duration: 1 }
$data merge entity $(bone_body) { transformation: [-0.9999675985631205f,0.00035113423655909096f,-0.008042296230176799f,4.062500000000001f,0f,0.9990482215818578f,0.043619387365336f,-0.3125f,0.008049958006474312f,0.04361797403450956f,-0.9990158509839666f,-4.691964285714285f,0f,0f,0f,1f], start_interpolation: 0, interpolation_duration: 1 }
$data merge entity $(bone_leftleg) { transformation: [-0.9999675985631205f,0.0020834824443510726f,-0.007775662338996001f,4.1874959498203905f,0f,0.9659258262890683f,0.25881904510252074f,-0.203125f,0.008049958006474312f,0.25881065899356764f,-0.9658945289043774f,-4.692970530465094f,0f,0f,0f,1f], start_interpolation: 0, interpolation_duration: 1 }
$data merge entity $(bone_rightleg) { transformation: [-0.9999675985631205f,-0.0020834824443510726f,-0.007775662338996001f,3.937504050179611f,0f,0.9659258262890683f,-0.25881904510252074f,-0.25f,0.008049958006474312f,-0.25881065899356764f,-0.9658945289043774f,-4.6909580409634755f,0f,0f,0f,1f], start_interpolation: 0, interpolation_duration: 1 }
data modify entity @s data merge value {"locators":{},"cameras":{"camera":{"posx":6.125000000000001,"posy":0.04025807060342674,"posz":-4.1783670339119325,"roty":127.2742025484007,"rotx":-60.45511460091548}}}
execute on vehicle unless entity @s[tag=aj.transforms_only] at @s run function animated_java:humanentity/animations/000_mur_0/zzz/frames/zzz/2