# This file was generated by Animated Java via MC-Build. It is not recommended to edit this file directly.
$data merge entity $(bone_left_eye) { transformation: [-0.9999587235948877f,0.000707790845232488f,-0.00905815315626899f,4.190233563042541f,0f,0.9969610932083057f,0.07790108233458726f,0.6686255988841403f,0.009085763946032319f,0.07789786685795412f,-0.9969199422383412f,-4.358646649462377f,0f,0f,0f,1f], start_interpolation: 0, interpolation_duration: 1 }
$data merge entity $(bone_right_eye) { transformation: [-0.9999587235948877f,0.000707790845232488f,-0.00905815315626899f,3.940243882143819f,0f,0.9969610932083057f,0.07790108233458726f,0.6686255988841403f,0.009085763946032319f,0.07789786685795412f,-0.9969199422383412f,-4.3563752084758685f,0f,0f,0f,1f], start_interpolation: 0, interpolation_duration: 1 }
$data merge entity $(bone_right_close) { transformation: [-0.9999587235948877f,0.000707790845232488f,-0.00905815315626899f,3.9402881190716466f,0f,0.9969610932083057f,0.07790108233458726f,0.7309356672096594f,0.009085763946032319f,0.07789786685795412f,-0.9969199422383412f,-4.351506591797246f,0f,0f,0f,1f], start_interpolation: 0, interpolation_duration: 1 }
$data merge entity $(bone_left_close) { transformation: [-0.9999587235948877f,0.000707790845232488f,-0.00905815315626899f,4.190277799970368f,0f,0.9969610932083057f,0.07790108233458726f,0.7309356672096594f,0.009085763946032319f,0.07789786685795412f,-0.9969199422383412f,-4.3537780327837545f,0f,0f,0f,1f], start_interpolation: 0, interpolation_duration: 1 }
$data merge entity $(bone_left_eyebrow) { transformation: [-0.9999587235948877f,0.000707790845232488f,-0.00905815315626899f,4.190260671333809f,0f,0.9969610932083057f,0.07790108233458726f,0.706006771061806f,0.009085763946032319f,0.07789786685795412f,-0.9969199422383412f,-4.355663171958813f,0f,0f,0f,1f], start_interpolation: 0, interpolation_duration: 1 }
$data merge entity $(bone_right_eyebrow) { transformation: [-0.9999587235948877f,0.000707790845232488f,-0.00905815315626899f,3.9402709904350877f,0f,0.9969610932083057f,0.07790108233458726f,0.706006771061806f,0.009085763946032319f,0.07789786685795412f,-0.9969199422383412f,-4.353391730972305f,0f,0f,0f,1f], start_interpolation: 0, interpolation_duration: 1 }
$data merge entity $(bone_talking) { transformation: [-0.9999587235948877f,0.000707790845232488f,-0.00905815315626899f,4.0622311020205375f,0f,0.9969610932083057f,0.07790108233458726f,0.4437294138116224f,0.009085763946032319f,0.07789786685795412f,-0.9969199422383412f,-4.688522877633092f,0f,0f,0f,1f], start_interpolation: 0, interpolation_duration: 1 }
$data merge entity $(bone_m_opened) { transformation: [-0.9999587235948877f,0.000707790845232488f,-0.00905815315626899f,4.0622311020205375f,0f,0.9969610932083057f,0.07790108233458726f,0.4437294138116224f,0.009085763946032319f,0.07789786685795412f,-0.9969199422383412f,-4.688522877633092f,0f,0f,0f,1f], start_interpolation: 0, interpolation_duration: 1 }
$data merge entity $(bone_head) { transformation: [-0.9999587235948877f,0.000707790845232488f,-0.00905815315626899f,4.062797236592805f,0f,0.9969610932083057f,0.07790108233458726f,0.4388605961657107f,0.009085763946032319f,0.07789786685795412f,-0.9969199422383412f,-4.626215381243196f,0f,0f,0f,1f], start_interpolation: 0, interpolation_duration: 1 }
$data merge entity $(item_display_r_item) { transformation: [-0.4374819415727634f,0.0039421588632481104f,0.0005100796233727275f,3.750658241964807f,0f,-0.05614053219987905f,0.43388303797718847f,-0.3218934949851133f,0.003975021726389139f,0.4338651288451415f,0.056138214920528756f,-4.5850642628764335f,0f,0f,0f,1f], start_interpolation: 0, interpolation_duration: 1 }
$data merge entity $(bone_rightarm) { transformation: [-0.9999587235948877f,0.0011658962819948077f,-0.009010648830281395f,3.7502605960372684f,0f,0.9917326582335736f,0.12832121645686662f,0.3139795684679785f,0.009085763946032319f,0.12831591981835166f,-0.9916917230746092f,-4.62882827837429f,0f,0f,0f,1f], start_interpolation: 0, interpolation_duration: 1 }
$data merge entity $(item_display_l_item) { transformation: [-0.4374819415727634f,0.003971614127038645f,-0.00016455683265289452f,4.376604626367017f,0f,0.018111502085056387f,0.4371249518069439f,-0.3053099335176396f,0.003975021726389139f,0.4371069088603484f,-0.018110754507359134f,-4.483746686155662f,0f,0f,0f,1f], start_interpolation: 0, interpolation_duration: 1 }
$data merge entity $(bone_leftarm) { transformation: [-0.9999587235948877f,-0.000376129903206614f,-0.009077975147516903f,4.375234798284073f,0f,0.9991427469873003f,-0.04139771905155723f,0.3139795684679785f,0.009085763946032319f,-0.04139601030253494f,-0.9991015059665107f,-4.6345068808405605f,0f,0f,0f,1f], start_interpolation: 0, interpolation_duration: 1 }
$data merge entity $(bone_body) { transformation: [-0.9999587235948877f,0.00039631545707198747f,-0.00907711631199615f,4.062500000000001f,0f,0.9990482215818578f,0.043619387365336f,-0.3104255700206826f,0.009085763946032319f,0.04361758691383236f,-0.9990069844627371f,-4.658928571428571f,0f,0f,0f,1f], start_interpolation: 0, interpolation_duration: 1 }
$data merge entity $(bone_leftleg) { transformation: [-0.9999587235948877f,0.002043852179179446f,-0.008852896404718865f,4.187494840449362f,0f,0.9743700647852352f,0.2249510543438651f,-0.19774999999999998f,0.009085763946032319f,0.22494176917301556f,-0.9743298462917118f,-4.660064291921825f,0f,0f,0f,1f], start_interpolation: 0, interpolation_duration: 1 }
$data merge entity $(bone_rightleg) { transformation: [-0.9999587235948877f,-0.002292970682145602f,-0.00879166604994989f,3.93750515955064f,0f,0.9676309116295214f,-0.2523696076373329f,-0.2519444444444444f,0.009085763946032319f,-0.25235919072717006f,-0.9675909713040138f,-4.657792850935317f,0f,0f,0f,1f], start_interpolation: 0, interpolation_duration: 1 }
data modify entity @s data merge value {"locators":{},"cameras":{"camera":{"posx":6.125000000000001,"posy":0.043511621158596886,"posz":-4.136022068244005,"roty":127.62867502136402,"rotx":-58.769584457611536}}}