# This file was generated by Animated Java via MC-Build. It is not recommended to edit this file directly.
$data merge entity $(bone_left_eye) { transformation: [-0.9999482412576779f,0.0009808244343163662f,-0.01012683509818609f,4.190603290058145f,0f,0.9953423950287485f,0.09640288718930907f,0.6699295085574988f,0.010174222607983655f,0.09639789749711195f,-0.995290877358202f,-4.321529593994497f,0f,0f,0f,1f], start_interpolation: 0, interpolation_duration: 1 }
$data merge entity $(bone_right_eye) { transformation: [-0.9999482412576779f,0.0009808244343163662f,-0.01012683509818609f,3.9406162297437257f,0f,0.9953423950287485f,0.09640288718930907f,0.6699295085574988f,0.010174222607983655f,0.09639789749711195f,-0.995290877358202f,-4.3189860383425005f,0f,0f,0f,1f], start_interpolation: 0, interpolation_duration: 1 }
$data merge entity $(bone_right_close) { transformation: [-0.9999482412576779f,0.0009808244343163662f,-0.01012683509818609f,3.940677531270871f,0f,0.9953423950287485f,0.09640288718930907f,0.7321384082467957f,0.010174222607983655f,0.09639789749711195f,-0.995290877358202f,-4.312961169748931f,0f,0f,0f,1f], start_interpolation: 0, interpolation_duration: 1 }
$data merge entity $(bone_left_close) { transformation: [-0.9999482412576779f,0.0009808244343163662f,-0.01012683509818609f,4.19066459158529f,0f,0.9953423950287485f,0.09640288718930907f,0.7321384082467957f,0.010174222607983655f,0.09639789749711195f,-0.995290877358202f,-4.3155047254009276f,0f,0f,0f,1f], start_interpolation: 0, interpolation_duration: 1 }
$data merge entity $(bone_left_eyebrow) { transformation: [-0.9999482412576779f,0.0009808244343163662f,-0.01012683509818609f,4.190640703901625f,0f,0.9953423950287485f,0.09640288718930907f,0.7072488231906277f,0.010174222607983655f,0.09639789749711195f,-0.995290877358202f,-4.31785246715852f,0f,0f,0f,1f], start_interpolation: 0, interpolation_duration: 1 }
$data merge entity $(bone_right_eyebrow) { transformation: [-0.9999482412576779f,0.0009808244343163662f,-0.01012683509818609f,3.940653643587206f,0f,0.9953423950287485f,0.09640288718930907f,0.7072488231906277f,0.010174222607983655f,0.09639789749711195f,-0.995290877358202f,-4.315308911506524f,0f,0f,0f,1f], start_interpolation: 0, interpolation_duration: 1 }
$data merge entity $(bone_talking) { transformation: [-0.9999482412576779f,0.0009808244343163662f,-0.01012683509818609f,4.062199917824173f,0f,0.9953423950287485f,0.09640288718930907f,0.45121981204697076f,0.010174222607983655f,0.09639789749711195f,-0.995290877358202f,-4.655385689717215f,0f,0f,0f,1f], start_interpolation: 0, interpolation_duration: 1 }
$data merge entity $(bone_m_opened) { transformation: [-0.9999482412576779f,0.0009808244343163662f,-0.01012683509818609f,4.062199917824173f,0f,0.9953423950287485f,0.09640288718930907f,0.45121981204697076f,0.010174222607983655f,0.09639789749711195f,-0.995290877358202f,-4.655385689717215f,0f,0f,0f,1f], start_interpolation: 0, interpolation_duration: 1 }
$data merge entity $(bone_head) { transformation: [-0.9999482412576779f,0.0009808244343163662f,-0.01012683509818609f,4.06283284501781f,0f,0.9953423950287485f,0.09640288718930907f,0.44519463159763895f,0.010174222607983655f,0.09639789749711195f,-0.995290877358202f,-4.593180009882327f,0f,0f,0f,1f], start_interpolation: 0, interpolation_duration: 1 }
$data merge entity $(item_display_r_item) { transformation: [-0.4374773555502341f,0.004417910269842415f,0.0005435527772875554f,3.750779301564695f,0f,-0.05342450211980152f,0.434225831305844f,-0.31527315571409953f,0.004451222390992849f,0.4342033563229319f,0.05342173693476262f,-4.5477113717705295f,0f,0f,0f,1f], start_interpolation: 0, interpolation_duration: 1 }
$data merge entity $(bone_rightarm) { transformation: [-0.9999482412576779f,0.001242406348085843f,-0.010098080616782662f,3.750293545455151f,0f,0.9925161858419292f,0.1221131477024037f,0.3203136038999067f,0.010174222607983655f,0.12210682727945764f,-0.9924648144524157f,-4.59545270652742f,0f,0f,0f,1f], start_interpolation: 0, interpolation_duration: 1 }
$data merge entity $(item_display_l_item) { transformation: [-0.4374773555502341f,0.004448472533489137f,-0.00015643814390628536f,4.3767556714563485f,0f,0.015375930912257536f,0.43722972308453767f,-0.2999071631030735f,0.004451222390992849f,0.43720709262396495f,-0.015375135073411487f,-4.454930804802832f,0f,0f,0f,1f], start_interpolation: 0, interpolation_duration: 1 }
$data merge entity $(bone_leftarm) { transformation: [-0.9999482412576779f,-0.00035757290035722146f,-0.01016793721940374f,4.375261196241199f,0f,0.999382224193229f,-0.03514498494230272f,0.3203136038999067f,0.010174222607983655f,-0.035143165882083174f,-0.9993304974262056f,-4.60181159565741f,0f,0f,0f,1f], start_interpolation: 0, interpolation_duration: 1 }
$data merge entity $(bone_body) { transformation: [-0.9999482412576779f,0.0004437933570787981f,-0.010164539002484001f,4.062500000000001f,0f,0.9990482215818578f,0.043619387365336f,-0.3040915345887544f,0.010174222607983655f,0.04361712968070511f,-0.9989965121023896f,-4.625892857142856f,0f,0f,0f,1f], start_interpolation: 0, interpolation_duration: 1 }
$data merge entity $(bone_leftleg) { transformation: [-0.9999482412576779f,0.00194133319456669f,-0.009987293482444542f,4.1874935301572105f,0f,0.981627183447664f,0.19080899537654472f,-0.19387500000000002f,0.010174222607983655f,0.1907991193429203f,-0.9815763756592195f,-4.627164634968854f,0f,0f,0f,1f], start_interpolation: 0, interpolation_duration: 1 }
$data merge entity $(bone_rightleg) { transformation: [-0.9999482412576779f,-0.00238241485057339f,-0.009891355071807557f,3.9375064698427913f,0f,0.9721976265828769f,-0.2341618561307989f,-0.2536111111111111f,0.010174222607983655f,-0.23414973620762577f,-0.9721473068564365f,-4.624621079316857f,0f,0f,0f,1f], start_interpolation: 0, interpolation_duration: 1 }
data modify entity @s data merge value {"locators":{},"cameras":{"camera":{"posx":6.125000000000001,"posy":0.04682944606413995,"posz":-4.092747813411077,"roty":127.94413794344186,"rotx":-57.050922922765096}}}