# This file was generated by Animated Java via MC-Build. It is not recommended to edit this file directly.
$data merge entity $(bone_left_eye) { transformation: [-0.999935999023228f,0.0012824533795686452f,-0.011240692627591628f,4.190992906057121f,0f,0.9935545633234155f,0.11335488387898073f,0.6754561286876293f,0.011313613808980745f,0.1133476290556906f,-0.9934909748608867f,-4.284849246842667f,0f,0f,0f,1f], start_interpolation: 0, interpolation_duration: 1 }
$data merge entity $(bone_right_eye) { transformation: [-0.999935999023228f,0.0012824533795686452f,-0.011240692627591628f,3.941008906301314f,0f,0.9935545633234155f,0.11335488387898073f,0.6754561286876293f,0.011313613808980745f,0.1133476290556906f,-0.9934909748608867f,-4.282020843390422f,0f,0f,0f,1f], start_interpolation: 0, interpolation_duration: 1 }
$data merge entity $(bone_right_close) { transformation: [-0.999935999023228f,0.0012824533795686452f,-0.011240692627591628f,3.9410890596375365f,0f,0.9935545633234155f,0.11335488387898073f,0.7375532888953429f,0.011313613808980745f,0.1133476290556906f,-0.9934909748608867f,-4.274936616574442f,0f,0f,0f,1f], start_interpolation: 0, interpolation_duration: 1 }
$data merge entity $(bone_left_close) { transformation: [-0.999935999023228f,0.0012824533795686452f,-0.011240692627591628f,4.191073059393344f,0f,0.9935545633234155f,0.11335488387898073f,0.7375532888953429f,0.011313613808980745f,0.1133476290556906f,-0.9934909748608867f,-4.277765020026687f,0f,0f,0f,1f], start_interpolation: 0, interpolation_duration: 1 }
$data merge entity $(bone_left_eyebrow) { transformation: [-0.999935999023228f,0.0012824533795686452f,-0.011240692627591628f,4.191041700602144f,0f,0.9935545633234155f,0.11335488387898073f,0.7127073401320151f,0.011313613808980745f,0.1133476290556906f,-0.9934909748608867f,-4.28053661756715f,0f,0f,0f,1f], start_interpolation: 0, interpolation_duration: 1 }
$data merge entity $(bone_right_eyebrow) { transformation: [-0.999935999023228f,0.0012824533795686452f,-0.011240692627591628f,3.9410577008463368f,0f,0.9935545633234155f,0.11335488387898073f,0.7127073401320151f,0.011313613808980745f,0.1133476290556906f,-0.9934909748608867f,-4.277708214114905f,0f,0f,0f,1f], start_interpolation: 0, interpolation_duration: 1 }
$data merge entity $(bone_talking) { transformation: [-0.999935999023228f,0.0012824533795686452f,-0.011240692627591628f,4.062167576388203f,0f,0.9935545633234155f,0.11335488387898073f,0.4624908890689569f,0.011313613808980745f,0.1133476290556906f,-0.9934909748608867f,-4.6222378820244945f,0f,0f,0f,1f], start_interpolation: 0, interpolation_duration: 1 }
$data merge entity $(bone_m_opened) { transformation: [-0.999935999023228f,0.0012824533795686452f,-0.011240692627591628f,4.062167576388203f,0f,0.9935545633234155f,0.11335488387898073f,0.4624908890689569f,0.011313613808980745f,0.1133476290556906f,-0.9934909748608867f,-4.6222378820244945f,0f,0f,0f,1f], start_interpolation: 0, interpolation_duration: 1 }
$data merge entity $(bone_head) { transformation: [-0.999935999023228f,0.0012824533795686452f,-0.011240692627591628f,4.062870119677427f,0f,0.9935545633234155f,0.11335488387898073f,0.4554062088265206f,0.011313613808980745f,0.1133476290556906f,-0.9934909748608867f,-4.560144696095689f,0f,0f,0f,1f], start_interpolation: 0, interpolation_duration: 1 }
$data merge entity $(item_display_r_item) { transformation: [-0.43747199957266225f,0.004918278597136385f,0.0005568891608836004f,3.75093809988197f,0f,-0.04922292472468363f,0.434722156879021f,-0.3045701643340084f,0.004949706041429076f,0.4346943342363564f,0.04921977440942167f,-4.508176848472267f,0f,0f,0f,1f], start_interpolation: 0, interpolation_duration: 1 }
$data merge entity $(bone_rightarm) { transformation: [-0.999935999023228f,0.001272889510591089f,-0.011241779650597453f,3.7503284333697646f,0f,0.9936506442949051f,0.11250954222784851f,0.33052518112878837f,0.011313613808980745f,0.11250234150724976f,-0.9935870496831003f,-4.562061266240624f,0f,0f,0f,1f], start_interpolation: 0, interpolation_duration: 1 }
$data merge entity $(item_display_l_item) { transformation: [-0.43747199957266225f,0.004948099150650306f,-0.0001261138053236741f,4.376882337952788f,0f,0.011147084163644065f,0.4373579683904806f,-0.29108703538228564f,0.004949706041429076f,0.4373299770533047f,-0.011146370739369433f,-4.42825746608548f,0f,0f,0f,1f], start_interpolation: 0, interpolation_duration: 1 }
$data merge entity $(bone_leftarm) { transformation: [-0.999935999023228f,-0.0002882601264541097f,-0.011309940915772127f,4.375288432759282f,0f,0.9996753563210985f,-0.025479049516900498f,0.33052518112878837f,0.011313613808980745f,-0.025477418832844198f,-0.9996113761218393f,-4.5691322748712375f,0f,0f,0f,1f], start_interpolation: 0, interpolation_duration: 1 }
$data merge entity $(bone_body) { transformation: [-0.999935999023228f,0.0004934929032357456f,-0.011302845755526161f,4.062500000000001f,0f,0.9990482215818578f,0.043619387365336f,-0.2938799573598727f,0.011313613808980745f,0.04361659568193842f,-0.9989842815198343f,-4.5928571428571425f,0f,0f,0f,1f], start_interpolation: 0, interpolation_duration: 1 }
$data merge entity $(bone_leftleg) { transformation: [-0.999935999023228f,0.0017698391238796722f,-0.011174324449126428f,4.1874919998779045f,0f,0.9876883405951378f,0.15643446504023092f,-0.191125f,0.011313613808980745f,0.15642445308166755f,-0.9876251275765934f,-4.594271344583265f,0f,0f,0f,1f], start_interpolation: 0, interpolation_duration: 1 }
$data merge entity $(bone_rightleg) { transformation: [-0.999935999023228f,-0.00232905005333173f,-0.011071286432381526f,3.9375080001220972f,0f,0.9785809043254721f,-0.20586260876988133f,-0.255f,0.011313613808980745f,-0.20584943336183922f,-0.9785182741917449f,-4.59144294113102f,0f,0f,0f,1f], start_interpolation: 0, interpolation_duration: 1 }
data modify entity @s data merge value {"locators":{},"cameras":{"camera":{"posx":6.125000000000001,"posy":0.05021032139993911,"posz":-4.048565632382463,"roty":128.2239390235413,"rotx":-55.302841085747424}}}