# This file was generated by Animated Java via MC-Build. It is not recommended to edit this file directly.
$data merge entity $(bone_left_eye) { transformation: [-0.9999218442310627f,0.001571929234925502f,-0.012403002379697995f,4.191392967716748f,0f,0.9920642390199215f,0.1257320391062851f,0.6846192161648026f,0.01250221698541533f,0.1257222124220887f,-0.9919867034764857f,-4.249244993026029f,0f,0f,0f,1f], start_interpolation: 0, interpolation_duration: 1 }
$data merge entity $(bone_right_eye) { transformation: [-0.9999218442310627f,0.001571929234925502f,-0.012403002379697995f,3.9414125066589825f,0f,0.9920642390199215f,0.1257320391062851f,0.6846192161648026f,0.01250221698541533f,0.1257222124220887f,-0.9919867034764857f,-4.246119438779675f,0f,0f,0f,1f], start_interpolation: 0, interpolation_duration: 1 }
$data merge entity $(bone_right_close) { transformation: [-0.9999218442310627f,0.001571929234925502f,-0.012403002379697995f,3.9415107522361654f,0f,0.9920642390199215f,0.1257320391062851f,0.7466232311035477f,0.01250221698541533f,0.1257222124220887f,-0.9919867034764857f,-4.238261800503294f,0f,0f,0f,1f], start_interpolation: 0, interpolation_duration: 1 }
$data merge entity $(bone_left_close) { transformation: [-0.9999218442310627f,0.001571929234925502f,-0.012403002379697995f,4.191491213293931f,0f,0.9920642390199215f,0.1257320391062851f,0.7466232311035477f,0.01250221698541533f,0.1257222124220887f,-0.9919867034764857f,-4.241387354749649f,0f,0f,0f,1f], start_interpolation: 0, interpolation_duration: 1 }
$data merge entity $(bone_left_eyebrow) { transformation: [-0.9999218442310627f,0.001571929234925502f,-0.012403002379697995f,4.191452690250707f,0f,0.9920642390199215f,0.1257320391062851f,0.7218137668756056f,0.01250221698541533f,0.1257222124220887f,-0.9919867034764857f,-4.244468410891233f,0f,0f,0f,1f], start_interpolation: 0, interpolation_duration: 1 }
$data merge entity $(bone_right_eyebrow) { transformation: [-0.9999218442310627f,0.001571929234925502f,-0.012403002379697995f,3.941472229192941f,0f,0.9920642390199215f,0.1257320391062851f,0.7218137668756056f,0.01250221698541533f,0.1257222124220887f,-0.9919867034764857f,-4.24134285664488f,0f,0f,0f,1f], start_interpolation: 0, interpolation_duration: 1 }
$data merge entity $(bone_talking) { transformation: [-0.9999218442310627f,0.001571929234925502f,-0.012403002379697995f,4.062133816635479f,0f,0.9920642390199215f,0.1257320391062851f,0.4758944186305363f,0.01250221698541533f,0.1257222124220887f,-0.9919867034764857f,-4.589108613844776f,0f,0f,0f,1f], start_interpolation: 0, interpolation_duration: 1 }
$data merge entity $(bone_m_opened) { transformation: [-0.9999218442310627f,0.001571929234925502f,-0.012403002379697995f,4.062133816635479f,0f,0.9920642390199215f,0.1257320391062851f,0.4758944186305363f,0.01250221698541533f,0.1257222124220887f,-0.9919867034764857f,-4.589108613844776f,0f,0f,0f,1f], start_interpolation: 0, interpolation_duration: 1 }
$data merge entity $(bone_head) { transformation: [-0.9999218442310627f,0.001571929234925502f,-0.012403002379697995f,4.06290900428421f,0f,0.9920642390199215f,0.1257320391062851f,0.46803616618639343f,0.01250221698541533f,0.1257222124220887f,-0.9919867034764857f,-4.527109444877496f,0f,0f,0f,1f], start_interpolation: 0, interpolation_duration: 1 }
$data merge entity $(item_display_r_item) { transformation: [-0.43746580685108993f,0.005442238087491992f,0.0005476136630273171f,3.75113788051626f,0f,-0.04380132449037999f,0.435301842372495f,-0.29121930046929734f,0.0054697199311192065f,0.4352678210222845f,0.04379790116418397f,-4.466860695008628f,0f,0f,0f,1f], start_interpolation: 0, interpolation_duration: 1 }
$data merge entity $(bone_rightarm) { transformation: [-0.9999218442310627f,0.0012516883726338705f,-0.01243940134283884f,3.7503652605813014f,0f,0.99497563970856f,0.10011731312086877f,0.3431551384886612f,0.01250221698541533f,0.10010948837527787f,-0.9948978766223646f,-4.528654499351875f,0f,0f,0f,1f], start_interpolation: 0, interpolation_duration: 1 }
$data merge entity $(item_display_l_item) { transformation: [-0.43746580685108993f,0.005469256404052396f,-0.0000712075249854562f,4.376980782948281f,0f,0.005695591835314051f,0.43746292441033846f,-0.280164584430304f,0.0054697199311192065f,0.4374287341590996f,-0.00569514669195461f,-4.403352822790939f,0f,0f,0f,1f], start_interpolation: 0, interpolation_duration: 1 }
$data merge entity $(bone_leftarm) { transformation: [-0.9999218442310627f,-0.00016276005710961139f,-0.012501157494976906f,4.375316413225716f,0f,0.9999152557950594f,-0.013018495623574752f,0.3431551384886612f,0.01250221698541533f,-0.013017478153038886f,-0.9998371066493705f,-4.53646838496776f,0f,0f,0f,1f], start_interpolation: 0, interpolation_duration: 1 }
$data merge entity $(bone_body) { transformation: [-0.9999218442310627f,0.0005453390456123145f,-0.01249031764510968f,4.062500000000001f,0f,0.9990482215818578f,0.043619387365336f,-0.2812499999999999f,0.01250221698541533f,0.04361597825857589f,-0.9989701401998946f,-4.559821428571428f,0f,0f,0f,1f], start_interpolation: 0, interpolation_duration: 1 }
$data merge entity $(bone_leftleg) { transformation: [-0.9999218442310627f,0.001523636975121247f,-0.012409027355858757f,4.1874902305288835f,0f,0.9925461516413221f,0.12186934340514737f,-0.189125f,0.01250221698541533f,0.12185981861290365f,-0.9924685784336348f,-4.561384205694605f,0f,0f,0f,1f], start_interpolation: 0, interpolation_duration: 1 }
$data merge entity $(bone_rightleg) { transformation: [-0.9999218442310627f,-0.0021146157684135223f,-0.012322087067635273f,3.937509769471118f,0f,0.985592161934944f,-0.16913926313072017f,-0.25611111111111107f,0.01250221698541533f,-0.1691260439215527f,-0.9855151322216694f,-4.55825865144825f,0f,0f,0f,1f], start_interpolation: 0, interpolation_duration: 1 }
data modify entity @s data merge value {"locators":{},"cameras":{"camera":{"posx":6.125000000000001,"posy":0.053653023245877694,"posz":-4.0034968881274695,"roty":128.47107629327783,"rotx":-53.52903757069982}}}