# This file was generated by Animated Java via MC-Build. It is not recommended to edit this file directly.
$data merge entity $(bone_left_eye) { transformation: [-0.9999056249496064f,0.0017932094461371412f,-0.01362077802547378f,4.191791142524504f,0f,0.9914448613738104f,0.1305261922200516f,0.6958957908347058f,0.013738311182126602f,0.13051387380408316f,-0.9913512937150558f,-4.215325258216103f,0f,0f,0f,1f], start_interpolation: 0, interpolation_duration: 1 }
$data merge entity $(bone_right_eye) { transformation: [-0.9999056249496064f,0.0017932094461371412f,-0.01362077802547378f,3.9418147362871023f,0f,0.9914448613738104f,0.1305261922200516f,0.6958957908347058f,0.013738311182126602f,0.13051387380408316f,-0.9913512937150558f,-4.211890680420572f,0f,0f,0f,1f], start_interpolation: 0, interpolation_duration: 1 }
$data merge entity $(bone_right_close) { transformation: [-0.9999056249496064f,0.0017932094461371412f,-0.01362077802547378f,3.9419268118774857f,0f,0.9914448613738104f,0.1305261922200516f,0.7578610946705688f,0.013738311182126602f,0.13051387380408316f,-0.9913512937150558f,-4.203733563307817f,0f,0f,0f,1f], start_interpolation: 0, interpolation_duration: 1 }
$data merge entity $(bone_left_close) { transformation: [-0.9999056249496064f,0.0017932094461371412f,-0.01362077802547378f,4.191903218114887f,0f,0.9914448613738104f,0.1305261922200516f,0.7578610946705688f,0.013738311182126602f,0.13051387380408316f,-0.9913512937150558f,-4.207168141103348f,0f,0f,0f,1f], start_interpolation: 0, interpolation_duration: 1 }
$data merge entity $(bone_left_eyebrow) { transformation: [-0.9999056249496064f,0.0017932094461371412f,-0.01362077802547378f,4.191859239177361f,0f,0.9914448613738104f,0.1305261922200516f,0.7330668152492099f,0.013738311182126602f,0.13051387380408316f,-0.9913512937150558f,-4.210369028492593f,0f,0f,0f,1f], start_interpolation: 0, interpolation_duration: 1 }
$data merge entity $(bone_right_eyebrow) { transformation: [-0.9999056249496064f,0.0017932094461371412f,-0.01362077802547378f,3.941882832939959f,0f,0.9914448613738104f,0.1305261922200516f,0.7330668152492099f,0.013738311182126602f,0.13051387380408316f,-0.9913512937150558f,-4.206934450697061f,0f,0f,0f,1f], start_interpolation: 0, interpolation_duration: 1 }
$data merge entity $(bone_talking) { transformation: [-0.9999056249496064f,0.0017932094461371412f,-0.01362077802547378f,4.062098143911308f,0f,0.9914448613738104f,0.1305261922200516f,0.4888240105600193f,0.013738311182126602f,0.13051387380408316f,-0.9913512937150558f,-4.556033717055313f,0f,0f,0f,1f], start_interpolation: 0, interpolation_duration: 1 }
$data merge entity $(bone_m_opened) { transformation: [-0.9999056249496064f,0.0017932094461371412f,-0.01362077802547378f,4.062098143911308f,0f,0.9914448613738104f,0.1305261922200516f,0.4888240105600193f,0.013738311182126602f,0.13051387380408316f,-0.9913512937150558f,-4.556033717055313f,0f,0f,0f,1f], start_interpolation: 0, interpolation_duration: 1 }
$data merge entity $(bone_head) { transformation: [-0.9999056249496064f,0.0017932094461371412f,-0.01362077802547378f,4.0629494425379f,0f,0.9914448613738104f,0.1305261922200516f,0.48066612354626603f,0.013738311182126602f,0.13051387380408316f,-0.9913512937150558f,-4.494074261198122f,0f,0f,0f,1f], start_interpolation: 0, interpolation_duration: 1 }
$data merge entity $(item_display_r_item) { transformation: [-0.4374587109154528f,0.0059884780800242374f,0.0005141735848366964f,3.751380487696024f,0f,-0.03742625844038463f,0.4358962321231436f,-0.2776170238817812f,0.006010511142180389f,0.4358550943942706f,0.03742272633535828f,-4.424163958453788f,0f,0f,0f,1f], start_interpolation: 0, interpolation_duration: 1 }
$data merge entity $(bone_rightarm) { transformation: [-0.9999056249496064f,0.001175253908198166f,-0.013687949897198256f,3.750404027651498f,0f,0.9963342448528997f,0.08554573357802223f,0.3557850958485338f,0.013738311182126602f,0.08553766019510486f,-0.9962402157583329f,-4.4952329478016395f,0f,0f,0f,1f], start_interpolation: 0, interpolation_duration: 1 }
$data merge entity $(item_display_l_item) { transformation: [-0.4374587109154528f,0.0060105032936464495f,0.000009713255879436454f,4.3770484538205015f,0f,-0.0007070196438753932f,0.4374994287118821f,-0.26941609363811925f,0.006010511142180389f,0.43745813968125025f,0.0007069529188608761f,-4.37984128512277f,0f,0f,0f,1f], start_interpolation: 0, interpolation_duration: 1 }
$data merge entity $(bone_leftarm) { transformation: [-0.9999056249496064f,0.000022201727724429233f,-0.013738293242620455f,4.375345043245002f,0f,0.9999986941985876f,0.0016160449002868352f,0.3557850958485338f,0.013738311182126602f,0.0016158923859679389f,-0.9999043192714291f,-4.503819392290469f,0f,0f,0f,1f], start_interpolation: 0, interpolation_duration: 1 }
$data merge entity $(bone_body) { transformation: [-0.9999056249496064f,0.0005992567171987074f,-0.013725235354041732f,4.062500000000001f,0f,0.9990482215818578f,0.043619387365336f,-0.2686200426401273f,0.013738311182126602f,0.043615270783455264f,-0.9989539363556004f,-4.5267857142857135f,0f,0f,0f,1f], start_interpolation: 0, interpolation_duration: 1 }
$data merge entity $(bone_leftleg) { transformation: [-0.9999056249496064f,0.0011973727151767019f,-0.013686032760369062f,4.1874882031187015f,0f,0.9961946980917455f,0.08715574274765818f,-0.1875f,0.013738311182126602f,0.08714751742004428f,-0.9961006821669114f,-4.528503003183479f,0f,0f,0f,1f], start_interpolation: 0, interpolation_duration: 1 }
$data merge entity $(bone_rightleg) { transformation: [-0.9999056249496064f,-0.0017271532353410168f,-0.013629311642140842f,3.9375117968813003f,0f,0.9920660160815423f,-0.12571801675216274f,-0.2569444444444444f,0.013738311182126602f,-0.12570615210799638f,-0.9919723898012809f,-4.525068425387948f,0f,0f,0f,1f], start_interpolation: 0, interpolation_duration: 1 }
data modify entity @s data merge value {"locators":{},"cameras":{"camera":{"posx":6.125000000000001,"posy":0.05715632768183892,"posz":-3.9575629436154087,"roty":128.68823265846075,"rotx":-51.733199497294926}}}