# This file was generated by Animated Java via MC-Build. It is not recommended to edit this file directly.
$data merge entity $(bone_left_eye) { transformation: [-0.9998871908078536f,0.0019110186333543566f,-0.014898109482815083f,4.192179559005209f,0f,0.9918732263968503f,0.12723011733509704f,0.7070384780405858f,0.015020175044884539f,0.12721576460834377f,-0.9917613339794689f,-4.183172397210543f,0f,0f,0f,1f], start_interpolation: 0, interpolation_duration: 1 }
$data merge entity $(bone_right_eye) { transformation: [-0.9998871908078536f,0.0019110186333543566f,-0.014898109482815083f,3.942207761303245f,0f,0.9918732263968503f,0.12723011733509704f,0.7070384780405858f,0.015020175044884539f,0.12721576460834377f,-0.9917613339794689f,-4.179417353449322f,0f,0f,0f,1f], start_interpolation: 0, interpolation_duration: 1 }
$data merge entity $(bone_right_close) { transformation: [-0.9998871908078536f,0.0019110186333543566f,-0.014898109482815083f,3.9423271999678295f,0f,0.9918732263968503f,0.12723011733509704f,0.7690305546903891f,0.015020175044884539f,0.12721576460834377f,-0.9917613339794689f,-4.171466368161301f,0f,0f,0f,1f], start_interpolation: 0, interpolation_duration: 1 }
$data merge entity $(bone_left_close) { transformation: [-0.9998871908078536f,0.0019110186333543566f,-0.014898109482815083f,4.192298997669793f,0f,0.9918732263968503f,0.12723011733509704f,0.7690305546903891f,0.015020175044884539f,0.12721576460834377f,-0.9917613339794689f,-4.1752214119225215f,0f,0f,0f,1f], start_interpolation: 0, interpolation_duration: 1 }
$data merge entity $(bone_left_eyebrow) { transformation: [-0.9998871908078536f,0.0019110186333543566f,-0.014898109482815083f,4.192252153335803f,0f,0.9918732263968503f,0.12723011733509704f,0.7442257721481345f,0.015020175044884539f,0.12721576460834377f,-0.9917613339794689f,-4.178339820954356f,0f,0f,0f,1f], start_interpolation: 0, interpolation_duration: 1 }
$data merge entity $(bone_right_eyebrow) { transformation: [-0.9998871908078536f,0.0019110186333543566f,-0.014898109482815083f,3.9422803556338386f,0f,0.9918732263968503f,0.12723011733509704f,0.7442257721481345f,0.015020175044884539f,0.12721576460834377f,-0.9917613339794689f,-4.174584777193135f,0f,0f,0f,1f], start_interpolation: 0, interpolation_duration: 1 }
$data merge entity $(bone_talking) { transformation: [-0.9998871908078536f,0.0019110186333543566f,-0.014898109482815083f,4.062060246282509f,0f,0.9918732263968503f,0.12723011733509704f,0.49882958310859116f,0.015020175044884539f,0.12721576460834377f,-0.9917613339794689f,-4.523024233350602f,0f,0f,0f,1f], start_interpolation: 0, interpolation_duration: 1 }
$data merge entity $(bone_m_opened) { transformation: [-0.9998871908078536f,0.0019110186333543566f,-0.014898109482815083f,4.062060246282509f,0f,0.9918732263968503f,0.12723011733509704f,0.49882958310859116f,0.015020175044884539f,0.12721576460834377f,-0.9917613339794689f,-4.523024233350602f,0f,0f,0f,1f], start_interpolation: 0, interpolation_duration: 1 }
$data merge entity $(bone_head) { transformation: [-0.9998871908078536f,0.0019110186333543566f,-0.014898109482815083f,4.062991378125185f,0f,0.9918732263968503f,0.12723011733509704f,0.4908777007751476f,0.015020175044884539f,0.12721576460834377f,-0.9917613339794689f,-4.4610391499768856f,0f,0f,0f,1f], start_interpolation: 0, interpolation_duration: 1 }
$data merge entity $(item_display_r_item) { transformation: [-0.43745064597843597f,0.0065554787706728216f,0.00045610430425298694f,3.7516661510005065f,0f,-0.03036611110656287f,0.4364448983505981f,-0.26617207059674275f,0.006571326582136986f,0.43639566335419866f,0.030362685530100315f,-4.380487943411489f,0f,0f,0f,1f], start_interpolation: 0, interpolation_duration: 1 }
$data merge entity $(bone_rightarm) { transformation: [-0.9998871908078536f,0.0010425241240068306f,-0.014983951475823593f,3.750444734643533f,0f,0.9975883390870813f,0.06940825395785821f,0.36599667307741535f,0.015020175044884539f,0.06940042406880094f,-0.9974758019524541f,-4.461797153612545f,0f,0f,0f,1f], start_interpolation: 0, interpolation_duration: 1 }
$data merge entity $(item_display_l_item) { transformation: [-0.43745064597843597f,0.006570285304204833f,0.00011697893165084209f,4.37708434051157f,0f,-0.007788120398149547f,0.437430674713907f,-0.26112946805620885f,0.006571326582136986f,0.4373813285128724f,0.007787241826579093f,-4.357343300335605f,0f,0f,0f,1f], start_interpolation: 0, interpolation_duration: 1 }
$data merge entity $(bone_leftarm) { transformation: [-0.9998871908078536f,0.00026738041520192813f,-0.015017794981039617f,4.375374228898441f,0f,0.999841542203216f,0.01780141805291347f,0.36599667307741535f,0.015020175044884539f,0.017799409889323863f,-0.9997287508865655f,-4.471184763015597f,0f,0f,0f,1f], start_interpolation: 0, interpolation_duration: 1 }
$data merge entity $(bone_body) { transformation: [-0.9998871908078536f,0.0006551708335779718f,-0.0150058791664401f,4.062500000000001f,0f,0.9990482215818578f,0.043619387365336f,-0.25840846541124574f,0.015020175044884539f,0.04361446669748539f,-0.9989355197590658f,-4.4937499999999995f,0f,0f,0f,1f], start_interpolation: 0, interpolation_duration: 1 }
$data merge entity $(bone_leftleg) { transformation: [-0.9998871908078536f,0.000786095223910436f,-0.014999590417005307f,4.187485898850983f,0f,0.9986295347545738f,0.05233595624294395f,-0.1855f,0.015020175044884539f,0.052330052265999974f,-0.9985168801635046f,-4.49562752188061f,0f,0f,0f,1f], start_interpolation: 0, interpolation_duration: 1 }
$data merge entity $(bone_rightleg) { transformation: [-0.9998871908078536f,-0.001162788105404694f,-0.014975098737601085f,3.937514101149019f,0f,0.9969989492699817f,-0.07741508350801196f,-0.25749999999999995f,0.015020175044884539f,-0.07740635037498148f,-0.9968864786239438f,-4.491872478119389f,0f,0f,0f,1f], start_interpolation: 0, interpolation_duration: 1 }
data modify entity @s data merge value {"locators":{},"cameras":{"camera":{"posx":6.125000000000001,"posy":0.06071901078770607,"posz":-3.910785161815591,"roty":128.8778102359226,"rotx":-49.91900339696115}}}