# This file was generated by Animated Java via MC-Build. It is not recommended to edit this file directly.
$data merge entity $(bone_left_eye) { transformation: [-0.9998663937975797f,0.0019361276272935627f,-0.01623101857660256f,4.19255984049525f,0f,0.99296050232009f,0.11844594054772088f,0.7158403766501682f,0.016346086816825207f,0.1184301154354122f,-0.9928278366382217f,-4.1522328888895f,0f,0f,0f,1f], start_interpolation: 0, interpolation_duration: 1 }
$data merge entity $(bone_right_eye) { transformation: [-0.9998663937975797f,0.0019361276272935627f,-0.01623101857660256f,3.9425932420458554f,0f,0.99296050232009f,0.11844594054772088f,0.7158403766501682f,0.016346086816825207f,0.1184301154354122f,-0.9928278366382217f,-4.148146367185294f,0f,0f,0f,1f], start_interpolation: 0, interpolation_duration: 1 }
$data merge entity $(bone_right_close) { transformation: [-0.9998663937975797f,0.0019361276272935627f,-0.01623101857660256f,3.942714250022561f,0f,0.99296050232009f,0.11844594054772088f,0.7779004080451738f,0.016346086816825207f,0.1184301154354122f,-0.9928278366382217f,-4.140744484970581f,0f,0f,0f,1f], start_interpolation: 0, interpolation_duration: 1 }
$data merge entity $(bone_left_close) { transformation: [-0.9998663937975797f,0.0019361276272935627f,-0.01623101857660256f,4.192680848471956f,0f,0.99296050232009f,0.11844594054772088f,0.7779004080451738f,0.016346086816825207f,0.1184301154354122f,-0.9928278366382217f,-4.144831006674787f,0f,0f,0f,1f], start_interpolation: 0, interpolation_duration: 1 }
$data merge entity $(bone_left_eyebrow) { transformation: [-0.9998663937975797f,0.0019361276272935627f,-0.01623101857660256f,4.192633459719935f,0f,0.99296050232009f,0.11844594054772088f,0.7530689926158874f,0.016346086816825207f,0.1184301154354122f,-0.9928278366382217f,-4.147729707820882f,0f,0f,0f,1f], start_interpolation: 0, interpolation_duration: 1 }
$data merge entity $(bone_right_eyebrow) { transformation: [-0.9998663937975797f,0.0019361276272935627f,-0.01623101857660256f,3.94266686127054f,0f,0.99296050232009f,0.11844594054772088f,0.7530689926158874f,0.016346086816825207f,0.1184301154354122f,-0.9928278366382217f,-4.143643186116676f,0f,0f,0f,1f], start_interpolation: 0, interpolation_duration: 1 }
$data merge entity $(bone_talking) { transformation: [-0.9998663937975797f,0.0019361276272935627f,-0.01623101857660256f,4.062020316058541f,0f,0.99296050232009f,0.11844594054772088f,0.5046146074913085f,0.016346086816825207f,0.1184301154354122f,-0.9928278366382217f,-4.490055855845695f,0f,0f,0f,1f], start_interpolation: 0, interpolation_duration: 1 }
$data merge entity $(bone_m_opened) { transformation: [-0.9998663937975797f,0.0019361276272935627f,-0.01623101857660256f,4.062020316058541f,0f,0.99296050232009f,0.11844594054772088f,0.5046146074913085f,0.016346086816825207f,0.1184301154354122f,-0.9928278366382217f,-4.490055855845695f,0f,0f,0f,1f], start_interpolation: 0, interpolation_duration: 1 }
$data merge entity $(bone_head) { transformation: [-0.9998663937975797f,0.0019361276272935627f,-0.01623101857660256f,4.063034754719578f,0f,0.99296050232009f,0.11844594054772088f,0.4972117362070759f,0.016346086816825207f,0.1184301154354122f,-0.9928278366382217f,-4.4280041160558055f,0f,0f,0f,1f], start_interpolation: 0, interpolation_duration: 1 }
$data merge entity $(item_display_r_item) { transformation: [-0.43744154728644113f,0.007141617057593331f,0.0003741837075205453f,3.7519932947340933f,0f,-0.022891332446331673f,0.4369007174391358f,-0.2583535542455164f,0.007151412982361029f,0.4368423447934439f,0.02288827402233518f,-4.336233094673837f,0f,0f,0f,1f], start_interpolation: 0, interpolation_duration: 1 }
$data merge entity $(bone_rightarm) { transformation: [-0.9998663937975797f,0.00085527704576125f,-0.0163236961316419f,3.7504873808712387f,0f,0.9986302112894532f,0.05232304559161548f,0.3723307085093437f,0.016346086816825207f,0.052316054908194916f,-0.9984967880993004f,-4.428347658868628f,0f,0f,0f,1f], start_interpolation: 0, interpolation_duration: 1 }
$data merge entity $(item_display_l_item) { transformation: [-0.43744154728644113f,0.007147053307529075f,0.0002496731135296091f,4.377089216348978f,0f,-0.015274182520101253f,0.43723328938719047f,-0.25665232847810016f,0.007151412982361029f,0.4371748723078237f,0.015272141794579669f,-4.335474202176308f,0f,0f,0f,1f], start_interpolation: 0, interpolation_duration: 1 }
$data merge entity $(bone_leftarm) { transformation: [-0.9998663937975797f,0.0005706814023533958f,-0.016336121845780743f,4.375403876994726f,0f,0.9993903757421496f,0.034912417188803085f,0.3723307085093437f,0.016346086816825207f,0.03490775267332518f,-0.9992568509893113f,-4.438563963129144f,0f,0f,0f,1f], start_interpolation: 0, interpolation_duration: 1 }
$data merge entity $(bone_body) { transformation: [-0.9998663937975797f,0.0007130062927705108f,-0.016330528964171875f,4.062500000000001f,0f,0.9990482215818578f,0.043619387365336f,-0.2520744299793174f,0.016346086816825207f,0.04361355954463822f,-0.9989147425429374f,-4.4607142857142845f,0f,0f,0f,1f], start_interpolation: 0, interpolation_duration: 1 }
$data merge entity $(bone_leftleg) { transformation: [-0.9998663937975797f,0.0002852785507863544f,-0.016343597228628957f,4.187483299224699f,0f,0.9998476951563913f,0.01745240643728345f,-0.18337499999999995f,0.016346086816825207f,0.017450074687536267f,-0.9997141093028428f,-4.462757546566388f,0f,0f,0f,1f], start_interpolation: 0, interpolation_duration: 1 }
$data merge entity $(bone_rightleg) { transformation: [-0.9998663937975797f,-0.000427256902047313f,-0.016340502004615395f,3.9375167007753036f,0f,0.9996583394990866f,-0.026138176484388466f,-0.2577777777777778f,0.016346086816825207f,-0.026134684261890195f,-0.9995247789446283f,-4.4586710248621815f,0f,0f,0f,1f], start_interpolation: 0, interpolation_duration: 1 }
data modify entity @s data merge value {"locators":{},"cameras":{"camera":{"posx":6.125000000000001,"posy":0.06433984864336244,"posz":-3.863184905697325,"roty":129.04196314003974,"rotx":-48.09011604763688}}}