# This file was generated by Animated Java via MC-Build. It is not recommended to edit this file directly.
$data merge entity $(bone_left_eye) { transformation: [-0.9998430890460831f,0.0018746654433534349f,-0.017614849311360373f,4.192932280800882f,0f,0.9943844864917185f,0.10582765718186038f,0.7214253735138578f,0.017714324338975972f,0.10581105166322119f,-0.9942284566733828f,-4.12217357763255f,0f,0f,0f,1f], start_interpolation: 0, interpolation_duration: 1 }
$data merge entity $(bone_right_eye) { transformation: [-0.9998430890460831f,0.0018746654433534349f,-0.017614849311360373f,3.9429715085393613f,0f,0.9943844864917185f,0.10582765718186038f,0.7214253735138578f,0.017714324338975972f,0.10581105166322119f,-0.9942284566733828f,-4.117744996547806f,0f,0f,0f,1f], start_interpolation: 0, interpolation_duration: 1 }
$data merge entity $(bone_right_close) { transformation: [-0.9998430890460831f,0.0018746654433534349f,-0.017614849311360373f,3.943088675129571f,0f,0.9943844864917185f,0.10582765718186038f,0.7835744039195902f,0.017714324338975972f,0.10581105166322119f,-0.9942284566733828f,-4.111131805818855f,0f,0f,0f,1f], start_interpolation: 0, interpolation_duration: 1 }
$data merge entity $(bone_left_close) { transformation: [-0.9998430890460831f,0.0018746654433534349f,-0.017614849311360373f,4.1930494473910915f,0f,0.9943844864917185f,0.10582765718186038f,0.7835744039195902f,0.017714324338975972f,0.10581105166322119f,-0.9942284566733828f,-4.115560386903598f,0f,0f,0f,1f], start_interpolation: 0, interpolation_duration: 1 }
$data merge entity $(bone_left_eyebrow) { transformation: [-0.9998430890460831f,0.0018746654433534349f,-0.017614849311360373f,4.19300368168309f,0f,0.9943844864917185f,0.10582765718186038f,0.7587081775287235f,0.017714324338975972f,0.10581105166322119f,-0.9942284566733828f,-4.118143523916637f,0f,0f,0f,1f], start_interpolation: 0, interpolation_duration: 1 }
$data merge entity $(bone_right_eyebrow) { transformation: [-0.9998430890460831f,0.0018746654433534349f,-0.017614849311360373f,3.943042909421569f,0f,0.9943844864917185f,0.10582765718186038f,0.7587081775287235f,0.017714324338975972f,0.10581105166322119f,-0.9942284566733828f,-4.113714942831893f,0f,0f,0f,1f], start_interpolation: 0, interpolation_duration: 1 }
$data merge entity $(bone_talking) { transformation: [-0.9998430890460831f,0.0018746654433534349f,-0.017614849311360373f,4.061978587899484f,0f,0.9943844864917185f,0.10582765718186038f,0.5059003947602596f,0.017714324338975972f,0.10581105166322119f,-0.9942284566733828f,-4.457108442716415f,0f,0f,0f,1f], start_interpolation: 0, interpolation_duration: 1 }
$data merge entity $(bone_m_opened) { transformation: [-0.9998430890460831f,0.0018746654433534349f,-0.017614849311360373f,4.061978587899484f,0f,0.9943844864917185f,0.10582765718186038f,0.5059003947602596f,0.017714324338975972f,0.10581105166322119f,-0.9942284566733828f,-4.457108442716415f,0f,0f,0f,1f], start_interpolation: 0, interpolation_duration: 1 }
$data merge entity $(bone_head) { transformation: [-0.9998430890460831f,0.0018746654433534349f,-0.017614849311360373f,4.0630795159814435f,0f,0.9943844864917185f,0.10582765718186038f,0.4992861661863933f,0.017714324338975972f,0.10581105166322119f,-0.9942284566733828f,-4.394969164174329f,0f,0f,0f,1f], start_interpolation: 0, interpolation_duration: 1 }
$data merge entity $(item_display_r_item) { transformation: [-0.4374313514576614f,0.007745292300002033f,0.000270571823173791f,3.7523583741388165f,0f,-0.015274182520101258f,0.43723328938719047f,-0.25457789849878276f,0.007750016898301988f,0.43716468269466846f,0.015271785833551729f,-4.291797647543561f,0f,0f,0f,1f], start_interpolation: 0, interpolation_duration: 1 }
$data merge entity $(bone_rightarm) { transformation: [-0.9998430890460831f,0.0006184498815400977f,-0.017703525257147502f,3.7505319646576356f,0f,0.9993903757421496f,0.0349124171888031f,0.3744051384886611f,0.017714324338975972f,0.03490693904811846f,-0.9992335604449565f,-4.394885005694106f,0f,0f,0f,1f], start_interpolation: 0, interpolation_duration: 1 }
$data merge entity $(item_display_l_item) { transformation: [-0.4374313514576614f,0.007739401012648146f,0.00040550448750564344f,4.377065860618615f,0f,-0.022891332446331666f,0.4369007174391358f,-0.25627912426619903f,0.007750016898301988f,0.43683216293079535f,0.022887740545521087f,-4.313844041205055f,0f,0f,0f,1f], start_interpolation: 0, interpolation_duration: 1 }
$data merge entity $(bone_leftarm) { transformation: [-0.9998430890460831f,0.0009268674000129033f,-0.017690059457481477f,4.375433895311438f,0f,0.9986302112894532f,0.052323045591615464f,0.3744051384886611f,0.017714324338975972f,0.05231483553261985f,-0.9984735152703894f,-4.405956458405966f,0f,0f,0f,1f], start_interpolation: 0, interpolation_duration: 1 }
$data merge entity $(bone_body) { transformation: [-0.9998430890460831f,0.0007726879752569926f,-0.017697464227378164f,4.062500000000001f,0f,0.9990482215818578f,0.043619387365336f,-0.25f,0.017714324338975972f,0.04361254300565524f,-0.9988914599724004f,-4.4276785714285705f,0f,0f,0f,1f], start_interpolation: 0, interpolation_duration: 1 }
$data merge entity $(bone_leftleg) { transformation: [-0.9998430890460831f,-0.00030915758812567116f,-0.01771162636157789f,4.187480386130761f,0f,0.9998476951563913f,-0.01745240643728345f,-0.18225000000000002f,0.017714324338975972f,-0.017449667963541228f,-0.9996908081007727f,-4.429892861970942f,0f,0f,0f,1f], start_interpolation: 0, interpolation_duration: 1 }
$data merge entity $(bone_rightleg) { transformation: [-0.9998430890460831f,0.000463020135873852f,-0.017708272054048974f,3.9375196138692403f,0f,0.9996583394990866f,0.026138176484388466f,-0.2577777777777778f,0.017714324338975972f,0.02613407511818265f,-0.9995014821554448f,-4.425464280886199f,0f,0f,0f,1f], start_interpolation: 0, interpolation_duration: 1 }
data modify entity @s data merge value {"locators":{},"cameras":{"camera":{"posx":6.125000000000001,"posy":0.06801761732869123,"posz":-3.814783538229923,"roty":129.18262799783602,"rotx":-46.25019520938659}}}