# This file was generated by Animated Java via MC-Build. It is not recommended to edit this file directly.
$data merge entity $(bone_left_eye) { transformation: [-0.9998171355594384f,0.0017408681345885023f,-0.01904376065428328f,4.193298904700287f,0f,0.9958477375236163f,0.09103451910728524f,0.7232623463569994f,0.019123165054970727f,0.09101787213087689f,-0.9956656323842095f,-4.092653818448105f,0f,0f,0f,1f], start_interpolation: 0, interpolation_duration: 1 }
$data merge entity $(bone_right_eye) { transformation: [-0.9998171355594384f,0.0017408681345885023f,-0.01904376065428328f,3.943344620810427f,0f,0.9958477375236163f,0.09103451910728524f,0.7232623463569994f,0.019123165054970727f,0.09101787213087689f,-0.9956656323842095f,-4.087873027184362f,0f,0f,0f,1f], start_interpolation: 0, interpolation_duration: 1 }
$data merge entity $(bone_right_close) { transformation: [-0.9998171355594384f,0.0017408681345885023f,-0.01904376065428328f,3.9434534250688387f,0f,0.9958477375236163f,0.09103451910728524f,0.7855028299522254f,0.019123165054970727f,0.09101787213087689f,-0.9956656323842095f,-4.082184410176183f,0f,0f,0f,1f], start_interpolation: 0, interpolation_duration: 1 }
$data merge entity $(bone_left_close) { transformation: [-0.9998171355594384f,0.0017408681345885023f,-0.01904376065428328f,4.1934077089586985f,0f,0.9958477375236163f,0.09103451910728524f,0.7855028299522254f,0.019123165054970727f,0.09101787213087689f,-0.9956656323842095f,-4.086965201439925f,0f,0f,0f,1f], start_interpolation: 0, interpolation_duration: 1 }
$data merge entity $(bone_left_eyebrow) { transformation: [-0.9998171355594384f,0.0017408681345885023f,-0.01904376065428328f,4.193365377490374f,0f,0.9958477375236163f,0.09103451910728524f,0.7606009468566908f,0.019123165054970727f,0.09101787213087689f,-0.9956656323842095f,-4.089178419141174f,0f,0f,0f,1f], start_interpolation: 0, interpolation_duration: 1 }
$data merge entity $(bone_right_eyebrow) { transformation: [-0.9998171355594384f,0.0017408681345885023f,-0.01904376065428328f,3.943411093600515f,0f,0.9958477375236163f,0.09103451910728524f,0.7606009468566908f,0.019123165054970727f,0.09101787213087689f,-0.9956656323842095f,-4.084397627877431f,0f,0f,0f,1f], start_interpolation: 0, interpolation_duration: 1 }
$data merge entity $(bone_talking) { transformation: [-0.9998171355594384f,0.0017408681345885023f,-0.01904376065428328f,4.061935370517246f,0f,0.9958477375236163f,0.09103451910728524f,0.502748699197122f,0.019123165054970727f,0.09101787213087689f,-0.9956656323842095f,-4.424163400969018f,0f,0f,0f,1f], start_interpolation: 0, interpolation_duration: 1 }
$data merge entity $(bone_m_opened) { transformation: [-0.9998171355594384f,0.0017408681345885023f,-0.01904376065428328f,4.061935370517246f,0f,0.9958477375236163f,0.09103451910728524f,0.502748699197122f,0.019123165054970727f,0.09101787213087689f,-0.9956656323842095f,-4.424163400969018f,0f,0f,0f,1f], start_interpolation: 0, interpolation_duration: 1 }
$data merge entity $(bone_head) { transformation: [-0.9998171355594384f,0.0017408681345885023f,-0.01904376065428328f,4.063125605558139f,0f,0.9958477375236163f,0.09103451910728524f,0.4970590417529166f,0.019123165054970727f,0.09101787213087689f,-0.9956656323842095f,-4.361934298945005f,0f,0f,0f,1f], start_interpolation: 0, interpolation_duration: 1 }
$data merge entity $(item_display_r_item) { transformation: [-0.4374199968072543f,0.008365058992661253f,0.00014893351184179867f,3.7527557377980636f,0f,-0.007788120398149574f,0.437430674713907f,-0.25494812707843983f,0.008366384711549693f,0.43735068419829093f,0.00778669622786994f,-4.247576249643367f,0f,0f,0f,1f], start_interpolation: 0, interpolation_duration: 1 }
$data merge entity $(bone_rightarm) { transformation: [-0.9998171355594384f,0.00034041945563840126f,-0.01912013484036858f,3.7505784831027915f,0f,0.999841542203216f,0.017801418052913534f,0.37217801405518436f,0.019123165054970727f,0.017798162806560085f,-0.9996587067389507f,-4.361409736231636f,0f,0f,0f,1f], start_interpolation: 0, interpolation_duration: 1 }
$data merge entity $(item_display_l_item) { transformation: [-0.4374199968072543f,0.008346207828558409f,0.0005806961547683812f,4.3770192577002165f,0f,-0.030366111106562847f,0.4364448983505981f,-0.25999072961897374f,0.008366384711549693f,0.4363650880984252f,0.030360558224643314f,-4.292058200969505f,0f,0f,0f,1f], start_interpolation: 0, interpolation_duration: 1 }
$data merge entity $(bone_leftarm) { transformation: [-0.9998171355594384f,0.001327305496613447f,-0.019077046465276363f,4.37546419282744f,0f,0.9975883390870813f,0.06940825395785816f,0.37217801405518436f,0.019123165054970727f,0.06939556165632779f,-0.9974059156535434f,-4.373361714390993f,0f,0f,0f,1f], start_interpolation: 0, interpolation_duration: 1 }
$data merge entity $(bone_body) { transformation: [-0.9998171355594384f,0.0008341407441840251f,-0.019104964039184835f,4.062500000000001f,0f,0.9990482215818578f,0.043619387365336f,-0.2522271244334767f,0.019123165054970727f,0.043611410930467796f,-0.9988655311877241f,-4.394642857142856f,0f,0f,0f,1f], start_interpolation: 0, interpolation_duration: 1 }
$data merge entity $(bone_leftleg) { transformation: [-0.9998171355594384f,-0.001000829129543543f,-0.01909695742188034f,4.187477141944931f,0f,0.9986295347545738f,-0.05233595624294395f,-0.18325000000000002f,0.019123165054970727f,-0.05232638585758433f,-0.9984469209233726f,-4.397033252774728f,0f,0f,0f,1f], start_interpolation: 0, interpolation_duration: 1 }
$data merge entity $(bone_rightleg) { transformation: [-0.9998171355594384f,0.0014804214196680507f,-0.019065775466522245f,3.937522858055071f,0f,0.9969989492699817f,0.07741508350801174f,-0.25749999999999995f,0.019123165054970727f,0.07740092704207502f,-0.9968166336148829f,-4.392252461510985f,0f,0f,0f,1f], start_interpolation: 0, interpolation_duration: 1 }
data modify entity @s data merge value {"locators":{},"cameras":{"camera":{"posx":6.125000000000001,"posy":0.07175109292357577,"posz":-3.765602422382694,"roty":129.30155186762045,"rotx":-44.402890255464776}}}