# This file was generated by Animated Java via MC-Build. It is not recommended to edit this file directly.
$data merge entity $(bone_left_eye) { transformation: [-0.9997883969362474f,0.0015579543246639215f,-0.02051180464929499f,4.193663956444838f,0f,0.9971279131746841f,0.07573588824262739f,0.7198618930214578f,0.020570886020018157f,0.07571986229663924f,-0.9969169178533032f,-4.06331169054516f,0f,0f,0f,1f], start_interpolation: 0, interpolation_duration: 1 }
$data merge entity $(bone_right_eye) { transformation: [-0.9997883969362474f,0.0015579543246639215f,-0.02051180464929499f,3.9437168572107764f,0f,0.9971279131746841f,0.07573588824262739f,0.7198618930214578f,0.020570886020018157f,0.07571986229663924f,-0.9969169178533032f,-4.058168969040156f,0f,0f,0f,1f], start_interpolation: 0, interpolation_duration: 1 }
$data merge entity $(bone_right_close) { transformation: [-0.9997883969362474f,0.0015579543246639215f,-0.02051180464929499f,3.943814229356068f,0f,0.9971279131746841f,0.07573588824262739f,0.7821823875948756f,0.020570886020018157f,0.07571986229663924f,-0.9969169178533032f,-4.053436477646616f,0f,0f,0f,1f], start_interpolation: 0, interpolation_duration: 1 }
$data merge entity $(bone_left_close) { transformation: [-0.9997883969362474f,0.0015579543246639215f,-0.02051180464929499f,4.19376132859013f,0f,0.9971279131746841f,0.07573588824262739f,0.7821823875948756f,0.020570886020018157f,0.07571986229663924f,-0.9969169178533032f,-4.0585791991516205f,0f,0f,0f,1f], start_interpolation: 0, interpolation_duration: 1 }
$data merge entity $(bone_left_eyebrow) { transformation: [-0.9997883969362474f,0.0015579543246639215f,-0.02051180464929499f,4.193723661719804f,0f,0.9971279131746841f,0.07573588824262739f,0.7572494562724935f,0.020570886020018157f,0.07571986229663924f,-0.9969169178533032f,-4.06040988840167f,0f,0f,0f,1f], start_interpolation: 0, interpolation_duration: 1 }
$data merge entity $(bone_right_eyebrow) { transformation: [-0.9997883969362474f,0.0015579543246639215f,-0.02051180464929499f,3.9437765624857413f,0f,0.9971279131746841f,0.07573588824262739f,0.7572494562724935f,0.020570886020018157f,0.07571986229663924f,-0.9969169178533032f,-4.055267166896666f,0f,0f,0f,1f], start_interpolation: 0, interpolation_duration: 1 }
$data merge entity $(bone_talking) { transformation: [-0.9997883969362474f,0.0015579543246639215f,-0.02051180464929499f,4.061890979293737f,0f,0.9971279131746841f,0.07573588824262739f,0.4942473798036079f,0.020570886020018157f,0.07571986229663924f,-0.9969169178533032f,-4.391206832195975f,0f,0f,0f,1f], start_interpolation: 0, interpolation_duration: 1 }
$data merge entity $(bone_m_opened) { transformation: [-0.9997883969362474f,0.0015579543246639215f,-0.02051180464929499f,4.061890979293737f,0f,0.9971279131746841f,0.07573588824262739f,0.4942473798036079f,0.020570886020018157f,0.07571986229663924f,-0.9969169178533032f,-4.391206832195975f,0f,0f,0f,1f], start_interpolation: 0, interpolation_duration: 1 }
$data merge entity $(bone_head) { transformation: [-0.9997883969362474f,0.0015579543246639215f,-0.02051180464929499f,4.063172967084317f,0f,0.9971279131746841f,0.07573588824262739f,0.48951388678844365f,0.020570886020018157f,0.07571986229663924f,-0.9969169178533032f,-4.328899524830144f,0f,0f,0f,1f], start_interpolation: 0, interpolation_duration: 1 }
$data merge entity $(item_display_r_item) { transformation: [-0.4374074236596083f,0.008999750881855185f,0.000014544020508075058f,3.753177512083682f,0f,-0.0007070196438754175f,0.4374994287118821f,-0.26056833039594174f,0.008999762633757943f,0.43740685249237665f,0.0007068700363526415f,-4.203958820531307f,0f,0f,0f,1f], start_interpolation: 0, interpolation_duration: 1 }
$data merge entity $(bone_rightarm) { transformation: [-0.9997883969362474f,0.00003324347544703327f,-0.020570859158526137f,3.750626931861021f,0f,0.9999986941985876f,0.0016160449002868907f,0.3646328590907114f,0.020570886020018157f,0.001615702940234831f,-0.9997870914111466f,-4.327922392620054f,0f,0f,0f,1f], start_interpolation: 0, interpolation_duration: 1 }
$data merge entity $(item_display_l_item) { transformation: [-0.4374074236596083f,0.008966771707560564f,0.0007698912965328944f,4.376956770010431f,0f,-0.0374262584403846f,0.4358962321231436f,-0.2687692606396036f,0.008999762633757943f,0.4358039951449482f,0.037418338929433824f,-4.269718539097486f,0f,0f,0f,1f], start_interpolation: 0, interpolation_duration: 1 }
$data merge entity $(bone_leftarm) { transformation: [-0.9997883969362474f,0.0017597515349323345f,-0.02049547818870986f,4.375494679946176f,0f,0.9963342448528997f,0.08554573357802217f,0.3646328590907114f,0.020570886020018157f,0.08552763183870611f,-0.9961234174741673f,-4.340779196382566f,0f,0f,0f,1f], start_interpolation: 0, interpolation_duration: 1 }
$data merge entity $(bone_body) { transformation: [-0.9997883969362474f,0.0008972894457553469f,-0.02055130709466224f,4.062500000000001f,0f,0.9990482215818578f,0.043619387365336f,-0.25977227939794967f,0.020570886020018157f,0.043610157369330486f,-0.9988368199173345f,-4.3616071428571415f,0f,0f,0f,1f], start_interpolation: 0, interpolation_duration: 1 }
$data merge entity $(bone_leftleg) { transformation: [-0.9997883969362474f,-0.0017928708500521006f,-0.020492607588191696f,4.187473549617032f,0f,0.9961946980917455f,-0.08715574274765818f,-0.1875f,0.020570886020018157f,-0.08713730032546914f,-0.9959839002415353f,-4.364178503609644f,0f,0f,0f,1f], start_interpolation: 0, interpolation_duration: 1 }
$data merge entity $(bone_rightleg) { transformation: [-0.9997883969362474f,0.0025861309932714706f,-0.020407676941146907f,3.93752645038297f,0f,0.9920660160815423f,0.12571801675216263f,-0.2569444444444444f,0.020570886020018157f,0.12569141443464898f,-0.9918560918730946f,-4.359035782104639f,0f,0f,0f,1f], start_interpolation: 0, interpolation_duration: 1 }
data modify entity @s data merge value {"locators":{},"cameras":{"camera":{"posx":6.125000000000001,"posy":0.07553905150789925,"posz":-3.7156629211249492,"roty":129.40031748407614,"rotx":-42.55184270097394}}}