# This file was generated by Animated Java via MC-Build. It is not recommended to edit this file directly.
$data merge entity $(bone_left_eye) { transformation: [-0.9997567420518669f,0.0013588693079460378f,-0.022013863723588586f,4.194034320196725f,0f,0.9981002611958285f,0.061610620844292203f,0.7102824987526264f,0.022055763914151948f,0.061595633571082414f,-0.9978574653742589f,-4.033758541872362f,0f,0f,0f,1f], start_interpolation: 0, interpolation_duration: 1 }
$data merge entity $(bone_right_eye) { transformation: [-0.9997567420518669f,0.0013588693079460378f,-0.022013863723588586f,3.9440951346837587f,0f,0.9981002611958285f,0.061610620844292203f,0.7102824987526264f,0.022055763914151948f,0.061595633571082414f,-0.9978574653742589f,-4.0282446008938235f,0f,0f,0f,1f], start_interpolation: 0, interpolation_duration: 1 }
$data merge entity $(bone_right_close) { transformation: [-0.9997567420518669f,0.0013588693079460378f,-0.022013863723588586f,3.9441800640155047f,0f,0.9981002611958285f,0.061610620844292203f,0.7726637650773658f,0.022055763914151948f,0.061595633571082414f,-0.9978574653742589f,-4.0243948737956305f,0f,0f,0f,1f], start_interpolation: 0, interpolation_duration: 1 }
$data merge entity $(bone_left_close) { transformation: [-0.9997567420518669f,0.0013588693079460378f,-0.022013863723588586f,4.194119249528471f,0f,0.9981002611958285f,0.061610620844292203f,0.7726637650773658f,0.022055763914151948f,0.061595633571082414f,-0.9978574653742589f,-4.029908814774169f,0f,0f,0f,1f], start_interpolation: 0, interpolation_duration: 1 }
$data merge entity $(bone_left_eyebrow) { transformation: [-0.9997567420518669f,0.0013588693079460378f,-0.022013863723588586f,4.194086653662256f,0f,0.9981002611958285f,0.061610620844292203f,0.7477074078836673f,0.022055763914151948f,0.061595633571082414f,-0.9978574653742589f,-4.03138633952186f,0f,0f,0f,1f], start_interpolation: 0, interpolation_duration: 1 }
$data merge entity $(bone_right_eyebrow) { transformation: [-0.9997567420518669f,0.0013588693079460378f,-0.022013863723588586f,3.9441474681492896f,0f,0.9981002611958285f,0.061610620844292203f,0.7477074078836673f,0.022055763914151948f,0.061595633571082414f,-0.9978574653742589f,-4.025872398543322f,0f,0f,0f,1f], start_interpolation: 0, interpolation_duration: 1 }
$data merge entity $(bone_talking) { transformation: [-0.9997567420518669f,0.0013588693079460378f,-0.022013863723588586f,4.061845677699634f,0f,0.9981002611958285f,0.061610620844292203f,0.4800107524675106f,0.022055763914151948f,0.061595633571082414f,-0.9978574653742589f,-4.3582309377053186f,0f,0f,0f,1f], start_interpolation: 0, interpolation_duration: 1 }
$data merge entity $(bone_m_opened) { transformation: [-0.9997567420518669f,0.0013588693079460378f,-0.022013863723588586f,4.061845677699634f,0f,0.9981002611958285f,0.061610620844292203f,0.4800107524675106f,0.022055763914151948f,0.061595633571082414f,-0.9978574653742589f,-4.3582309377053186f,0f,0f,0f,1f], start_interpolation: 0, interpolation_duration: 1 }
$data merge entity $(bone_head) { transformation: [-0.9997567420518669f,0.0013588693079460378f,-0.022013863723588586f,4.063221544182358f,0f,0.9981002611958285f,0.061610620844292203f,0.47616008866474235f,0.022055763914151948f,0.061595633571082414f,-0.9978574653742589f,-4.295864846119428f,0f,0f,0f,1f], start_interpolation: 0, interpolation_duration: 1 }
$data merge entity $(item_display_r_item) { transformation: [-0.4373935746476918f,0.009648578981988924f,-0.00012562062887105805f,3.753613499820665f,0f,0.005695591835314051f,0.43746292441033846f,-0.2720406619519551f,0.009649396712441477f,0.43735650807696214f,-0.005694206337330787f,-4.161329934181984f,0f,0f,0f,1f], start_interpolation: 0, interpolation_duration: 1 }
$data merge entity $(bone_rightarm) { transformation: [-0.9997567420518669f,-0.0002871328659909849f,-0.022053894815974685f,3.750677304927424f,0f,0.9999152557950594f,-0.013018495623574752f,0.3512790609670101f,0.022055763914151948f,-0.013015328771041577f,-0.9996720184616277f,-4.294423516971588f,0f,0f,0f,1f], start_interpolation: 0, interpolation_duration: 1 }
$data merge entity $(item_display_l_item) { transformation: [-0.4373935746476918f,0.009600914666763133f,0.0009660716720869828f,4.376888284797363f,0f,-0.04380132449037999f,0.435301842372495f,-0.2830953779909484f,0.009649396712441477f,0.4351959517395009f,0.04379066947005895f,-4.246424768163874f,0f,0f,0f,1f], start_interpolation: 0, interpolation_duration: 1 }
$data merge entity $(bone_leftarm) { transformation: [-0.9997567420518669f,0.0022081638219131087f,-0.021944947809744302f,4.375525268709841f,0f,0.99497563970856f,0.10011731312086877f,0.3512790609670101f,0.022055763914151948f,0.10009295878870639f,-0.994733603976002f,-4.308208369417933f,0f,0f,0f,1f], start_interpolation: 0, interpolation_duration: 1 }
$data merge entity $(bone_body) { transformation: [-0.9997567420518669f,0.0009620589098097932f,-0.022034771714062817f,4.062500000000001f,0f,0.9990482215818578f,0.043619387365336f,-0.27312607752165097f,0.022055763914151948f,0.04360877660266669f,-0.9988051951613898f,-4.328571428571427f,0f,0f,0f,1f], start_interpolation: 0, interpolation_duration: 1 }
$data merge entity $(bone_leftleg) { transformation: [-0.9997567420518669f,-0.002687921466516641f,-0.02189136359450106f,4.187469592756484f,0f,0.9925461516413221f,-0.12186934340514737f,-0.19774999999999998f,0.022055763914151948f,-0.12183969771873031f,-0.9923047069010464f,-4.3313283990606966f,0f,0f,0f,1f], start_interpolation: 0, interpolation_duration: 1 }
$data merge entity $(bone_rightleg) { transformation: [-0.9997567420518669f,0.003730495656224786f,-0.021737988039275746f,3.9375304072435173f,0f,0.9855921619349441f,0.16913926313072003f,-0.25611111111111107f,0.022055763914151948f,0.1690981186606221f,-0.9853524088079358f,-4.325814458082158f,0f,0f,0f,1f], start_interpolation: 0, interpolation_duration: 1 }
data modify entity @s data merge value {"locators":{},"cameras":{"camera":{"posx":6.125000000000001,"posy":0.07938026916154498,"posz":-3.6649863974259986,"roty":129.4803659015843,"rotx":-40.700686635716146}}}