# This file was generated by Animated Java via MC-Build. It is not recommended to edit this file directly.
$data merge entity $(bone_left_eye) { transformation: [-0.9997220457130955f,0.0011868955296941612f,-0.02354618003466612f,4.194419805068167f,0f,0.9987319761658563f,0.050343219839849455f,0.6970094327895459f,0.02357607505975745f,0.0503292267260784f,-0.9984543743316125f,-4.003581376026541f,0f,0f,0f,1f], start_interpolation: 0, interpolation_duration: 1 }
$data merge entity $(bone_right_eye) { transformation: [-0.9997220457130955f,0.0011868955296941612f,-0.02354618003466612f,3.944489293639893f,0f,0.9987319761658563f,0.050343219839849455f,0.6970094327895459f,0.02357607505975745f,0.0503292267260784f,-0.9984543743316125f,-3.9976873572616016f,0f,0f,0f,1f], start_interpolation: 0, interpolation_duration: 1 }
$data merge entity $(bone_right_close) { transformation: [-0.9997220457130955f,0.0011868955296941612f,-0.02354618003466612f,3.9445634746104994f,0f,0.9987319761658563f,0.050343219839849455f,0.7594301812999119f,0.02357607505975745f,0.0503292267260784f,-0.9984543743316125f,-3.9945417805912222f,0f,0f,0f,1f], start_interpolation: 0, interpolation_duration: 1 }
$data merge entity $(bone_left_close) { transformation: [-0.9997220457130955f,0.0011868955296941612f,-0.02354618003466612f,4.194493986038773f,0f,0.9987319761658563f,0.050343219839849455f,0.7594301812999119f,0.02357607505975745f,0.0503292267260784f,-0.9984543743316125f,-4.000435799356161f,0f,0f,0f,1f], start_interpolation: 0, interpolation_duration: 1 }
$data merge entity $(bone_left_eyebrow) { transformation: [-0.9997220457130955f,0.0011868955296941612f,-0.02354618003466612f,4.194465785286783f,0f,0.9987319761658563f,0.050343219839849455f,0.7344587354445256f,0.02357607505975745f,0.0503292267260784f,-0.9984543743316125f,-4.001631626625918f,0f,0f,0f,1f], start_interpolation: 0, interpolation_duration: 1 }
$data merge entity $(bone_right_eyebrow) { transformation: [-0.9997220457130955f,0.0011868955296941612f,-0.02354618003466612f,3.9445352738585093f,0f,0.9987319761658563f,0.050343219839849455f,0.7344587354445256f,0.02357607505975745f,0.0503292267260784f,-0.9984543743316125f,-3.9957376078609785f,0f,0f,0f,1f], start_interpolation: 0, interpolation_duration: 1 }
$data merge entity $(bone_talking) { transformation: [-0.9997220457130955f,0.0011868955296941612f,-0.02354618003466612f,4.061799644210773f,0f,0.9987319761658563f,0.050343219839849455f,0.46305869494803475f,0.02357607505975745f,0.0503292267260784f,-0.9984543743316125f,-4.3252336653042205f,0f,0f,0f,1f], start_interpolation: 0, interpolation_duration: 1 }
$data merge entity $(bone_m_opened) { transformation: [-0.9997220457130955f,0.0011868955296941612f,-0.02354618003466612f,4.061799644210773f,0f,0.9987319761658563f,0.050343219839849455f,0.46305869494803475f,0.02357607505975745f,0.0503292267260784f,-0.9984543743316125f,-4.3252336653042205f,0f,0f,0f,1f], start_interpolation: 0, interpolation_duration: 1 }
$data merge entity $(bone_head) { transformation: [-0.9997220457130955f,0.0011868955296941612f,-0.02354618003466612f,4.06327128046294f,0f,0.9987319761658563f,0.050343219839849455f,0.4599122437080442f,0.02357607505975745f,0.0503292267260784f,-0.9984543743316125f,-4.2628302669084945f,0f,0f,0f,1f], start_interpolation: 0, interpolation_duration: 1 }
$data merge entity $(item_display_r_item) { transformation: [-0.4373783949994793f,0.010311184290756998f,-0.0002628044929395064f,3.7540510820781905f,0f,0.011147084163644077f,0.4373579683904806f,-0.2865810005007621f,0.010314532838643885f,0.43723640286825466f,-0.01114398578381431f,-4.120068985123573f,0f,0f,0f,1f], start_interpolation: 0, interpolation_duration: 1 }
$data merge entity $(bone_rightarm) { transformation: [-0.9997220457130955f,-0.0006006959838617237f,-0.023568421236015994f,3.750729594433775f,0f,0.9996753563210985f,-0.025479049516900526f,0.33503121601031194f,0.02357607505975745f,-0.02547196750586106f,-0.9993974922702964f,-4.260913651348523f,0f,0f,0f,1f], start_interpolation: 0, interpolation_duration: 1 }
$data merge entity $(item_display_l_item) { transformation: [-0.4373783949994793f,0.010249042200719453f,0.0011604833679699324f,4.376826337393279f,0f,-0.049222924724683634f,0.434722156879021f,-0.30006412945248484f,0.010314532838643885f,0.43460132399190415f,0.04920924300174244f,-4.22177580997996f,0f,0f,0f,1f], start_interpolation: 0, interpolation_duration: 1 }
$data merge entity $(bone_leftarm) { transformation: [-0.9997220457130955f,0.0026525334125027077f,-0.023426382173073034f,4.375555873004459f,0f,0.9936506442949051f,0.11250954222784854f,0.33503121601031194f,0.02357607505975745f,0.11247826971826866f,-0.9933744548386381f,-4.275648698260872f,0f,0f,0f,1f], start_interpolation: 0, interpolation_duration: 1 }
$data merge entity $(bone_body) { transformation: [-0.9997220457130955f,0.0010283739505857973f,-0.023553635860331074f,4.062500000000001f,0f,0.9990482215818578f,0.043619387365336f,-0.28937392247834914f,0.02357607505975745f,0.04360726316962566f,-0.9987705318458449f,-4.295535714285713f,0f,0f,0f,1f], start_interpolation: 0, interpolation_duration: 1 }
$data merge entity $(bone_leftleg) { transformation: [-0.9997220457130955f,-0.003688110689721487f,-0.02328581445351825f,4.187465255714137f,0f,0.9876883405951378f,-0.15643446504023092f,-0.21325000000000005f,0.02357607505975745f,-0.1563909834100534f,-0.9874138083867438f,-4.298482723668183f,0f,0f,0f,1f], start_interpolation: 0, interpolation_duration: 1 }
$data merge entity $(bone_rightleg) { transformation: [-0.9997220457130955f,0.004853432316356208f,-0.023071096852422653f,3.937534744285864f,0f,0.9785809043254721f,0.20586260876988147f,-0.255f,0.02357607505975745f,0.20580538837526055f,-0.9783089035680319f,-4.292588704903244f,0f,0f,0f,1f], start_interpolation: 0, interpolation_duration: 1 }
data modify entity @s data merge value {"locators":{},"cameras":{"camera":{"posx":6.125,"posy":0.08327352196439625,"posz":-3.6135942142551523,"roty":129.5430166910227,"rotx":-38.85304907028099}}}