# This file was generated by Animated Java via MC-Build. It is not recommended to edit this file directly.
$data merge entity $(bone_left_eye) { transformation: [-0.9996841892832999f,0.0010961593676707972f,-0.025106177160848533f,4.194833227318297f,0f,0.9990482215818578f,0.043619387365336f,0.6854156541384735f,0.025130095443337355f,0.04360561189535014f,-0.9987327114469821f,-3.9723524721733208f,0f,0f,0f,1f], start_interpolation: 0, interpolation_duration: 1 }
$data merge entity $(bone_right_eye) { transformation: [-0.9996841892832999f,0.0010961593676707972f,-0.025106177160848533f,3.9449121799974716f,0f,0.9990482215818578f,0.043619387365336f,0.6854156541384735f,0.025130095443337355f,0.04360561189535014f,-0.9987327114469821f,-3.9660699483124864f,0f,0f,0f,1f], start_interpolation: 0, interpolation_duration: 1 }
$data merge entity $(bone_right_close) { transformation: [-0.9996841892832999f,0.0010961593676707972f,-0.025106177160848533f,3.9449806899579505f,0f,0.9990482215818578f,0.043619387365336f,0.7478561679873394f,0.025130095443337355f,0.04360561189535014f,-0.9987327114469821f,-3.963344597569027f,0f,0f,0f,1f], start_interpolation: 0, interpolation_duration: 1 }
$data merge entity $(bone_left_close) { transformation: [-0.9996841892832999f,0.0010961593676707972f,-0.025106177160848533f,4.194901737278776f,0f,0.9990482215818578f,0.043619387365336f,0.7478561679873394f,0.025130095443337355f,0.04360561189535014f,-0.9987327114469821f,-3.9696271214298613f,0f,0f,0f,1f], start_interpolation: 0, interpolation_duration: 1 }
$data merge entity $(bone_left_eyebrow) { transformation: [-0.9996841892832999f,0.0010961593676707972f,-0.025106177160848533f,4.194875902430657f,0f,0.9990482215818578f,0.043619387365336f,0.7228772362360828f,0.025130095443337355f,0.04360561189535014f,-0.9987327114469821f,-3.9706548409327795f,0f,0f,0f,1f], start_interpolation: 0, interpolation_duration: 1 }
$data merge entity $(bone_right_eyebrow) { transformation: [-0.9996841892832999f,0.0010961593676707972f,-0.025106177160848533f,3.944954855109832f,0f,0.9990482215818578f,0.043619387365336f,0.7228772362360828f,0.025130095443337355f,0.04360561189535014f,-0.9987327114469821f,-3.964372317071945f,0f,0f,0f,1f], start_interpolation: 0, interpolation_duration: 1 }
$data merge entity $(bone_talking) { transformation: [-0.9996841892832999f,0.0010961593676707972f,-0.025106177160848533f,4.061752983453201f,0f,0.9990482215818578f,0.043619387365336f,0.4492846572946765f,0.025130095443337355f,0.04360561189535014f,-0.9987327114469821f,-4.2922165855439225f,0f,0f,0f,1f], start_interpolation: 0, interpolation_duration: 1 }
$data merge entity $(bone_m_opened) { transformation: [-0.9996841892832999f,0.0010961593676707972f,-0.025106177160848533f,4.061752983453201f,0f,0.9990482215818578f,0.043619387365336f,0.4492846572946765f,0.025130095443337355f,0.04360561189535014f,-0.9987327114469821f,-4.2922165855439225f,0f,0f,0f,1f], start_interpolation: 0, interpolation_duration: 1 }
$data merge entity $(bone_head) { transformation: [-0.9996841892832999f,0.0010961593676707972f,-0.025106177160848533f,4.063322119525754f,0f,0.9990482215818578f,0.043619387365336f,0.446558445584343f,0.025130095443337355f,0.04360561189535014f,-0.9987327114469821f,-4.2297957910784865f,0f,0f,0f,1f], start_interpolation: 0, interpolation_duration: 1 }
$data merge entity $(item_display_r_item) { transformation: [-0.4373618328114437f,0.010987624671778395f,-0.0003863986113551932f,3.7544751098047797f,0f,0.015375930912257543f,0.43722972308453767f,-0.2985433491163695f,0.010994416756460092f,0.4370916412523278f,-0.015371075028496212f,-4.080551333055132f,0f,0f,0f,1f], start_interpolation: 0, interpolation_duration: 1 }
$data merge entity $(bone_rightarm) { transformation: [-0.9996841892832999f,-0.0008831968259547217f,-0.025114570678350615f,3.750783790453764f,0f,0.999382224193229f,-0.03514498494230273f,0.32167741788661075f,0.025130095443337355f,-0.03513388577941969f,-0.9990666085767492f,-4.227393337739363f,0f,0f,0f,1f], start_interpolation: 0, interpolation_duration: 1 }
$data merge entity $(item_display_l_item) { transformation: [-0.4373618328114437f,0.010912136584678366f,0.0013425628372833915f,4.37678621515533f,0f,-0.05342450211980153f,0.434225831305844f,-0.3139093417273955f,0.010994416756460092f,0.4340886981348496f,0.053407630089497726f,-4.195370919480774f,0f,0f,0f,1f], start_interpolation: 0, interpolation_duration: 1 }
$data merge entity $(bone_leftarm) { transformation: [-0.9996841892832999f,0.0030687150566477573f,-0.024942026479264835f,4.375586408755827f,0f,0.9925161858419292f,0.12211314770240372f,0.32167741788661075f,0.025130095443337355f,0.12207458306170932f,-0.992202738593942f,-4.243099647391448f,0f,0f,0f,1f], start_interpolation: 0, interpolation_duration: 1 }
$data merge entity $(bone_body) { transformation: [-0.9996841892832999f,0.0010961593676707972f,-0.025106177160848533f,4.062500000000001f,0f,0.9990482215818578f,0.043619387365336f,-0.30272772060205033f,0.025130095443337355f,0.04360561189535014f,-0.9987327114469821f,-4.262499999999999f,0f,0f,0f,1f], start_interpolation: 0, interpolation_duration: 1 }
$data merge entity $(bone_leftleg) { transformation: [-0.9996841892832999f,-0.004795048265259885f,-0.02466838480981422f,4.187460523660413f,0f,0.981627183447664f,-0.19080899537654472f,-0.22987499999999994f,0.025130095443337355f,-0.19074873585096203f,-0.9813171750633272f,-4.2656412619304165f,0f,0f,0f,1f], start_interpolation: 0, interpolation_duration: 1 }
$data merge entity $(bone_rightleg) { transformation: [-0.9996841892832999f,0.005884509793756008f,-0.024431419145813746f,3.9375394763395883f,0f,0.9721976265828769f,0.23416185613079896f,-0.2536111111111111f,0.025130095443337355f,0.23408790530719048f,-0.9718905961536517f,-4.259358738069582f,0f,0f,0f,1f], start_interpolation: 0, interpolation_duration: 1 }
data modify entity @s data merge value {"locators":{},"cameras":{"camera":{"posx":6.125,"posy":0.08721758599633624,"posz":-3.5615077345817214,"roty":129.58948588623943,"rotx":-37.01255020557939}}}