# This file was generated by Animated Java via MC-Build. It is not recommended to edit this file directly.
$data merge entity $(bone_left_eye) { transformation: [-0.9996430612779608f,0.0012488941717138209f,-0.026686893827777673f,4.195313334619968f,0f,0.9989067673477741f,0.04674687312345094f,0.6770532641759508f,0.02671610074144838f,0.04673018735429892f,-0.9985502188428006f,-3.938780833319976f,0f,0f,0f,1f], start_interpolation: 0, interpolation_duration: 1 }
$data merge entity $(bone_right_eye) { transformation: [-0.9996430612779608f,0.0012488941717138209f,-0.026686893827777673f,3.945402569300478f,0f,0.9989067673477741f,0.04674687312345094f,0.6770532641759508f,0.02671610074144838f,0.04673018735429892f,-0.9985502188428006f,-3.9321018081346137f,0f,0f,0f,1f], start_interpolation: 0, interpolation_duration: 1 }
$data merge entity $(bone_right_close) { transformation: [-0.9996430612779608f,0.0012488941717138209f,-0.026686893827777673f,3.94548062518621f,0f,0.9989067673477741f,0.04674687312345094f,0.7394849371351867f,0.02671610074144838f,0.04673018735429892f,-0.9985502188428006f,-3.92918117142497f,0f,0f,0f,1f], start_interpolation: 0, interpolation_duration: 1 }
$data merge entity $(bone_left_close) { transformation: [-0.9996430612779608f,0.0012488941717138209f,-0.026686893827777673f,4.1953913905057f,0f,0.9989067673477741f,0.04674687312345094f,0.7394849371351867f,0.02671610074144838f,0.04673018735429892f,-0.9985502188428006f,-3.9358601966103324f,0f,0f,0f,1f], start_interpolation: 0, interpolation_duration: 1 }
$data merge entity $(bone_left_eyebrow) { transformation: [-0.9996430612779608f,0.0012488941717138209f,-0.026686893827777673f,4.195361836082271f,0f,0.9989067673477741f,0.04674687312345094f,0.7145093462719222f,0.02671610074144838f,0.04673018735429892f,-0.9985502188428006f,-3.936966041905512f,0f,0f,0f,1f], start_interpolation: 0, interpolation_duration: 1 }
$data merge entity $(bone_right_eyebrow) { transformation: [-0.9996430612779608f,0.0012488941717138209f,-0.026686893827777673f,3.9454510707627812f,0f,0.9989067673477741f,0.04674687312345094f,0.7145093462719222f,0.02671610074144838f,0.04673018735429892f,-0.9985502188428006f,-3.93028701672015f,0f,0f,0f,1f], start_interpolation: 0, interpolation_duration: 1 }
$data merge entity $(bone_talking) { transformation: [-0.9996430612779608f,0.0012488941717138209f,-0.026686893827777673f,4.061706074096114f,0f,0.9989067673477741f,0.04674687312345094f,0.4419349701900857f,0.02671610074144838f,0.04673018735429892f,-0.9985502188428006f,-4.259170810954244f,0f,0f,0f,1f], start_interpolation: 0, interpolation_duration: 1 }
$data merge entity $(bone_m_opened) { transformation: [-0.9996430612779608f,0.0012488941717138209f,-0.026686893827777673f,4.061706074096114f,0f,0.9989067673477741f,0.04674687312345094f,0.4419349701900857f,0.02671610074144838f,0.04673018735429892f,-0.9985502188428006f,-4.259170810954244f,0f,0f,0f,1f], start_interpolation: 0, interpolation_duration: 1 }
$data merge entity $(bone_head) { transformation: [-0.9996430612779608f,0.0012488941717138209f,-0.026686893827777673f,4.06337400496035f,0f,0.9989067673477741f,0.04674687312345094f,0.43901329061987004f,0.02671610074144838f,0.04673018735429892f,-0.9985502188428006f,-4.19676142227657f,0f,0f,0f,1f], start_interpolation: 0, interpolation_duration: 1 }
$data merge entity $(item_display_r_item) { transformation: [-0.4373438393091078f,0.011678274249075082f,-0.00048386871428331856f,3.7548677716234504f,0f,0.018111502085056373f,0.4371249518069439f,-0.30515723906348025f,0.011688294074383668f,0.4369689249852744f,-0.018105037388647924f,-4.04315051462634f,0f,0f,0f,1f], start_interpolation: 0, interpolation_duration: 1 }
$data merge entity $(bone_rightarm) { transformation: [-0.9996430612779608f,-0.0011059856326475794f,-0.026693198283600186f,3.750839880817596f,0f,0.9991427469873003f,-0.0413977190515572f,0.3141322629221378f,0.02671610074144838f,-0.0413829426026236f,-0.9987861142520558f,-4.1938631180344865f,0f,0f,0f,1f], start_interpolation: 0, interpolation_duration: 1 }
$data merge entity $(item_display_l_item) { transformation: [-0.4373438393091078f,0.01159166295260424f,0.0014998561139304952f,4.376786046225737f,0f,-0.05614053219987904f,0.43388303797718847f,-0.321740800530954f,0.011688294074383668f,0.43372816832009836f,0.05612049347006101f,-4.166810480720808f,0f,0f,0f,1f], start_interpolation: 0, interpolation_duration: 1 }
$data merge entity $(bone_leftarm) { transformation: [-0.9996430612779608f,0.003428242546126852f,-0.026495229605952547f,4.375616794116322f,0f,0.9917326582335736f,0.1283212164568666f,0.3141322629221378f,0.02671610074144838f,0.12827541364585396f,-0.9913786704459391f,-4.210560680997892f,0f,0f,0f,1f], start_interpolation: 0, interpolation_duration: 1 }
$data merge entity $(bone_body) { transformation: [-0.9996430612779608f,0.0011653399471325773f,-0.026690672933345757f,4.062500000000001f,0f,0.9990482215818578f,0.043619387365336f,-0.3102728755665233f,0.02671610074144838f,0.04360381791695368f,-0.9986916225863908f,-4.229464285714285f,0f,0f,0f,1f], start_interpolation: 0, interpolation_duration: 1 }
$data merge entity $(bone_leftleg) { transformation: [-0.9996430612779608f,-0.006009815029745729f,-0.02603136881025393f,4.187455382659746f,0f,0.9743700647852352f,-0.2249510543438651f,-0.24350000000000005f,0.02671610074144838f,-0.2248707606020062f,-0.9740222743795175f,-4.232803798306966f,0f,0f,0f,1f], start_interpolation: 0, interpolation_duration: 1 }
$data merge entity $(bone_rightleg) { transformation: [-0.9996430612779608f,0.0067423318617187864f,-0.02585132491563383f,3.9375446173402557f,0f,0.9676309116295214f,0.2523696076373329f,-0.2519444444444444f,0.02671610074144838f,0.2522795271521013f,-0.9672855266885187f,-4.2261247731216045f,0f,0f,0f,1f], start_interpolation: 0, interpolation_duration: 1 }
data modify entity @s data merge value {"locators":{},"cameras":{"camera":{"posx":6.125,"posy":0.09121123733724831,"posz":-3.508748321375015,"roty":129.62090189029277,"rotx":-35.18280363641283}}}