# This file was generated by Animated Java via MC-Build. It is not recommended to edit this file directly.
$data merge entity $(bone_left_eye) { transformation: [-0.999598557930617f,0.001941834306836435f,-0.028265743622903287f,4.195928594570884f,0f,0.9976485293539166f,0.06853766758482212f,0.6690638816286669f,0.02833236635071107f,0.06851015368171619f,-0.9972480312637758f,-3.900829163454881f,0f,0f,0f,1f], start_interpolation: 0, interpolation_duration: 1 }
$data merge entity $(bone_right_eye) { transformation: [-0.999598557930617f,0.001941834306836435f,-0.028265743622903287f,3.94602895508823f,0f,0.9976485293539166f,0.06853766758482212f,0.6690638816286669f,0.02833236635071107f,0.06851015368171619f,-0.9972480312637758f,-3.8937460718672035f,0f,0f,0f,1f], start_interpolation: 0, interpolation_duration: 1 }
$data merge entity $(bone_right_close) { transformation: [-0.999598557930617f,0.001941834306836435f,-0.028265743622903287f,3.946150319732407f,0f,0.9976485293539166f,0.06853766758482212f,0.7314169147132867f,0.02833236635071107f,0.06851015368171619f,-0.9972480312637758f,-3.8894641872620963f,0f,0f,0f,1f], start_interpolation: 0, interpolation_duration: 1 }
$data merge entity $(bone_left_close) { transformation: [-0.999598557930617f,0.001941834306836435f,-0.028265743622903287f,4.1960499592150615f,0f,0.9976485293539166f,0.06853766758482212f,0.7314169147132867f,0.02833236635071107f,0.06851015368171619f,-0.9972480312637758f,-3.896547278849774f,0f,0f,0f,1f], start_interpolation: 0, interpolation_duration: 1 }
$data merge entity $(bone_left_eyebrow) { transformation: [-0.999598557930617f,0.001941834306836435f,-0.028265743622903287f,4.196003179966366f,0f,0.9976485293539166f,0.06853766758482212f,0.7064714178752148f,0.02833236635071107f,0.06851015368171619f,-0.9972480312637758f,-3.898197704689863f,0f,0f,0f,1f], start_interpolation: 0, interpolation_duration: 1 }
$data merge entity $(bone_right_eyebrow) { transformation: [-0.999598557930617f,0.001941834306836435f,-0.028265743622903287f,3.9461035404837124f,0f,0.9976485293539166f,0.06853766758482212f,0.7064714178752148f,0.02833236635071107f,0.06851015368171619f,-0.9972480312637758f,-3.891114613102185f,0f,0f,0f,1f], start_interpolation: 0, interpolation_duration: 1 }
$data merge entity $(bone_talking) { transformation: [-0.999598557930617f,0.001941834306836435f,-0.028265743622903287f,4.06166027137069f,0f,0.9976485293539166f,0.06853766758482212f,0.4410697704104447f,0.02833236635071107f,0.06851015368171619f,-0.9972480312637758f,-4.226055165851402f,0f,0f,0f,1f], start_interpolation: 0, interpolation_duration: 1 }
$data merge entity $(bone_m_opened) { transformation: [-0.999598557930617f,0.001941834306836435f,-0.028265743622903287f,4.06166027137069f,0f,0.9976485293539166f,0.06853766758482212f,0.4410697704104447f,0.02833236635071107f,0.06851015368171619f,-0.9972480312637758f,-4.226055165851402f,0f,0f,0f,1f], start_interpolation: 0, interpolation_duration: 1 }
$data merge entity $(bone_head) { transformation: [-0.999598557930617f,0.001941834306836435f,-0.028265743622903287f,4.063426880347122f,0f,0.9976485293539166f,0.06853766758482212f,0.4367861661863933f,0.02833236635071107f,0.06851015368171619f,-0.9972480312637758f,-4.163727163897415f,0f,0f,0f,1f], start_interpolation: 0, interpolation_duration: 1 }
$data merge entity $(item_display_r_item) { transformation: [-0.43732436909464495f,0.012383612594449058f,-0.000540680202487374f,3.755208426252204f,0f,0.019083481972334605f,0.4370835969420628f,-0.307047576579333f,0.012395410278436093f,0.436908133198413f,-0.01907582105984059f,-4.008241465859168f,0f,0f,0f,1f], start_interpolation: 0, interpolation_duration: 1 }
$data merge entity $(bone_rightarm) { transformation: [-0.999598557930617f,-0.0012358404628282772f,-0.028305400215883562f,3.7508978509359507f,0f,0.9990482215818578f,-0.043619387365336014f,0.3119051384886611f,0.02833236635071107f,-0.043601876708206845f,-0.9986471615963726f,-4.160323534001344f,0f,0f,0f,1f], start_interpolation: 0, interpolation_duration: 1 }
$data merge entity $(item_display_l_item) { transformation: [-0.43732436909464495f,0.012289365825175577f,0.0016179257046495497f,4.376846874585994f,0f,-0.05710520909627248f,0.43375712685104206f,-0.3240636738974769f,0.012395410278436093f,0.4335829984924294f,0.05708228466296032f,-4.135696527205502f,0f,0f,0f,1f], start_interpolation: 0, interpolation_duration: 1 }
$data merge entity $(bone_leftarm) { transformation: [-0.999598557930617f,0.0036981158963418346f,-0.02808997902897275f,4.3756469496425865f,0f,0.9914448613738104f,0.1305261922200516f,0.3119051384886611f,0.02833236635071107f,0.1304737935153381f,-0.9910468536969814f,-4.1780312629705385f,0f,0f,0f,1f], start_interpolation: 0, interpolation_duration: 1 }
$data merge entity $(bone_body) { transformation: [-0.999598557930617f,0.0012358404628282772f,-0.028305400215883562f,4.062500000000001f,0f,0.9990482215818578f,0.043619387365336f,-0.3125f,0.02833236635071107f,0.043601876708206845f,-0.9986471615963726f,-4.19642857142857f,0f,0f,0f,1f], start_interpolation: 0, interpolation_duration: 1 }
$data merge entity $(bone_leftleg) { transformation: [-0.999598557930617f,-0.007332956004385829f,-0.027366964378035184f,4.187449819741328f,0f,0.9659258262890683f,-0.25881904510252074f,-0.25f,0.02833236635071107f,-0.2587151442494591f,-0.9655380630264924f,-4.199970117222409f,0f,0f,0f,1f], start_interpolation: 0, interpolation_duration: 1 }
$data merge entity $(bone_rightleg) { transformation: [-0.999598557930617f,0.007332956004385829f,-0.027366964378035184f,3.9375501802586736f,0f,0.9659258262890683f,0.25881904510252074f,-0.25f,0.02833236635071107f,0.2587151442494591f,-0.9655380630264924f,-4.1928870256347315f,0f,0f,0f,1f], start_interpolation: 0, interpolation_duration: 1 }
data modify entity @s data merge value {"locators":{},"cameras":{"camera":{"posx":6.125,"posy":0.09525325206701563,"posz":-3.4553373376043437,"roty":129.63831954865694,"rotx":-33.36741649959545}}}
execute on vehicle unless entity @s[tag=aj.transforms_only] at @s run function animated_java:humanentity/animations/000_mur_0/zzz/frames/zzz/3