# This file was generated by Animated Java via MC-Build. It is not recommended to edit this file directly.
$data merge entity $(bone_left_eye) { transformation: [-0.9995505837291915f,0.002427165966828213f,-0.029878745489095394f,4.196500990088545f,0f,0.9967167700908108f,0.08096715519111308f,0.6677979998906352f,0.029977167421767315f,0.08093076723416912f,-0.9962688293569444f,-3.8651402658456f,0f,0f,0f,1f], start_interpolation: 0, interpolation_duration: 1 }
$data merge entity $(bone_right_eye) { transformation: [-0.9995505837291915f,0.002427165966828213f,-0.029878745489095394f,3.946613344156247f,0f,0.9967167700908108f,0.08096715519111308f,0.6677979998906352f,0.029977167421767315f,0.08093076723416912f,-0.9962688293569444f,-3.8576459739901585f,0f,0f,0f,1f], start_interpolation: 0, interpolation_duration: 1 }
$data merge entity $(bone_right_close) { transformation: [-0.9995505837291915f,0.002427165966828213f,-0.029878745489095394f,3.9467650420291736f,0f,0.9967167700908108f,0.08096715519111308f,0.7300927980213108f,0.029977167421767315f,0.08093076723416912f,-0.9962688293569444f,-3.852587801038023f,0f,0f,0f,1f], start_interpolation: 0, interpolation_duration: 1 }
$data merge entity $(bone_left_close) { transformation: [-0.9995505837291915f,0.002427165966828213f,-0.029878745489095394f,4.196652687961471f,0f,0.9967167700908108f,0.08096715519111308f,0.7300927980213108f,0.029977167421767315f,0.08093076723416912f,-0.9962688293569444f,-3.8600820928934643f,0f,0f,0f,1f], start_interpolation: 0, interpolation_duration: 1 }
$data merge entity $(bone_left_eyebrow) { transformation: [-0.9995505837291915f,0.002427165966828213f,-0.029878745489095394f,4.1965938762338935f,0f,0.9967167700908108f,0.08096715519111308f,0.7051698183218412f,0.029977167421767315f,0.08093076723416912f,-0.9962688293569444f,-3.862043095272484f,0f,0f,0f,1f], start_interpolation: 0, interpolation_duration: 1 }
$data merge entity $(bone_right_eyebrow) { transformation: [-0.9995505837291915f,0.002427165966828213f,-0.029878745489095394f,3.946706230301596f,0f,0.9967167700908108f,0.08096715519111308f,0.7051698183218412f,0.029977167421767315f,0.08093076723416912f,-0.9962688293569444f,-3.854548803417042f,0f,0f,0f,1f], start_interpolation: 0, interpolation_duration: 1 }
$data merge entity $(bone_talking) { transformation: [-0.9995505837291915f,0.002427165966828213f,-0.029878745489095394f,4.061613267665346f,0f,0.9967167700908108f,0.08096715519111308f,0.44392104336515525f,0.029977167421767315f,0.08093076723416912f,-0.9962688293569444f,-4.192959820900467f,0f,0f,0f,1f], start_interpolation: 0, interpolation_duration: 1 }
$data merge entity $(bone_m_opened) { transformation: [-0.9995505837291915f,0.002427165966828213f,-0.029878745489095394f,4.061613267665346f,0f,0.9967167700908108f,0.08096715519111308f,0.44392104336515525f,0.029977167421767315f,0.08093076723416912f,-0.9962688293569444f,-4.192959820900467f,0f,0f,0f,1f], start_interpolation: 0, interpolation_duration: 1 }
$data merge entity $(bone_head) { transformation: [-0.9995505837291915f,0.002427165966828213f,-0.029878745489095394f,4.063480689258415f,0f,0.9967167700908108f,0.08096715519111308f,0.4388605961657107f,0.029977167421767315f,0.08093076723416912f,-0.9962688293569444f,-4.1306930190656574f,0f,0f,0f,1f], start_interpolation: 0, interpolation_duration: 1 }
$data merge entity $(item_display_r_item) { transformation: [-0.4373033803815213f,0.013103767864548725f,-0.0005429315302634231f,3.755477233780697f,0f,0.018111502085056387f,0.4371249518069439f,-0.3053099335176396f,0.0131150107470232f,0.43692850074122547f,-0.018103362481330584f,-3.9760764663598285f,0f,0f,0f,1f], start_interpolation: 0, interpolation_duration: 1 }
$data merge entity $(bone_rightarm) { transformation: [-0.9995505837291915f,-0.0012409863548878176f,-0.0299514694046828f,3.750957683633307f,0f,0.9991427469873003f,-0.04139771905155723f,0.3139795684679785f,0.029977167421767315f,-0.04137911424304111f,-0.9986937159799439f,-4.126775127259222f,0f,0f,0f,1f], start_interpolation: 0, interpolation_duration: 1 }
$data merge entity $(item_display_l_item) { transformation: [-0.4373033803815213f,0.013006584470907202f,0.0016829341329028934f,4.376988773837307f,0f,-0.05614053219987905f,0.43388303797718847f,-0.3218934949851133f,0.0131150107470232f,0.43368804388029364f,0.056115301731256576f,-4.101764703976681f,0f,0f,0f,1f], start_interpolation: 0, interpolation_duration: 1 }
$data merge entity $(bone_leftarm) { transformation: [-0.9995505837291915f,0.0038467065894923344f,-0.029729335933502177f,4.375676798464052f,0f,0.9917326582335736f,0.12832121645686662f,0.3139795684679785f,0.029977167421767315f,0.12826354681430097f,-0.9912869574406712f,-4.145510856897826f,0f,0f,0f,1f], start_interpolation: 0, interpolation_duration: 1 }
$data merge entity $(bone_body) { transformation: [-0.9995505837291915f,0.0013075856778855992f,-0.02994863580077824f,4.062500000000001f,0f,0.9990482215818578f,0.043619387365336f,-0.3104255700206826f,0.029977167421767315f,0.04359978410293132f,-0.9985992330557566f,-4.163392857142856f,0f,0f,0f,1f], start_interpolation: 0, interpolation_duration: 1 }
$data merge entity $(bone_leftleg) { transformation: [-0.9995505837291915f,-0.0067433954177691215f,-0.02920885456282526f,4.1874438229661495f,0f,0.9743700647852352f,-0.2249510543438651f,-0.24998611111111113f,0.029977167421767315f,-0.22484995767990743f,-0.973932167024332f,-4.167140003070577f,0f,0f,0f,1f], start_interpolation: 0, interpolation_duration: 1 }
$data merge entity $(bone_rightleg) { transformation: [-0.9995505837291915f,0.007565325980310056f,-0.029006833840395495f,3.937556177033852f,0f,0.9676309116295214f,0.2523696076373329f,-0.24050000000000005f,0.029977167421767315f,0.25225618862940313f,-0.9671960425536978f,-4.159645711215135f,0f,0f,0f,1f], start_interpolation: 0, interpolation_duration: 1 }
data modify entity @s data merge value {"locators":{},"cameras":{"camera":{"posx":6.125,"posy":0.09934240626552152,"posz":-3.401296146239019,"roty":129.64273258368104,"rotx":-31.56998957682883}}}