# This file was generated by Animated Java via MC-Build. It is not recommended to edit this file directly.
$data merge entity $(bone_left_eye) { transformation: [-0.9994990519226753f,0.003096779522577514f,-0.03149690718565629f,4.197121178427156f,0f,0.9952013405676364f,0.09784830980849622f,0.6695328892874239f,0.031648778897033325f,0.09779929288582818f,-0.994702796369528f,-3.8284895656676063f,0f,0f,0f,1f], start_interpolation: 0, interpolation_duration: 1 }
$data merge entity $(bone_right_eye) { transformation: [-0.9994990519226753f,0.003096779522577514f,-0.03149690718565629f,3.947246415446487f,0f,0.9952013405676364f,0.09784830980849622f,0.6695328892874239f,0.031648778897033325f,0.09779929288582818f,-0.994702796369528f,-3.820577370943348f,0f,0f,0f,1f], start_interpolation: 0, interpolation_duration: 1 }
$data merge entity $(bone_right_close) { transformation: [-0.9994990519226753f,0.003096779522577514f,-0.03149690718565629f,3.947439964166648f,0f,0.9952013405676364f,0.09784830980849622f,0.7317329730729013f,0.031648778897033325f,0.09779929288582818f,-0.994702796369528f,-3.814464915137984f,0f,0f,0f,1f], start_interpolation: 0, interpolation_duration: 1 }
$data merge entity $(bone_left_close) { transformation: [-0.9994990519226753f,0.003096779522577514f,-0.03149690718565629f,4.197314727147317f,0f,0.9952013405676364f,0.09784830980849622f,0.7317329730729013f,0.031648778897033325f,0.09779929288582818f,-0.994702796369528f,-3.8223771098622423f,0f,0f,0f,1f], start_interpolation: 0, interpolation_duration: 1 }
$data merge entity $(bone_left_eyebrow) { transformation: [-0.9994990519226753f,0.003096779522577514f,-0.03149690718565629f,4.197239276215951f,0f,0.9952013405676364f,0.09784830980849622f,0.7068468240393474f,0.031648778897033325f,0.09779929288582818f,-0.994702796369528f,-3.824759923259615f,0f,0f,0f,1f], start_interpolation: 0, interpolation_duration: 1 }
$data merge entity $(bone_right_eyebrow) { transformation: [-0.9994990519226753f,0.003096779522577514f,-0.03149690718565629f,3.9473645132352826f,0f,0.9952013405676364f,0.09784830980849622f,0.7068468240393474f,0.031648778897033325f,0.09779929288582818f,-0.994702796369528f,-3.816847728535356f,0f,0f,0f,1f], start_interpolation: 0, interpolation_duration: 1 }
$data merge entity $(bone_talking) { transformation: [-0.9994990519226753f,0.003096779522577514f,-0.03149690718565629f,4.061566818560659f,0f,0.9952013405676364f,0.09784830980849622f,0.45131015096066995f,0.031648778897033325f,0.09779929288582818f,-0.994702796369528f,-4.159827915392412f,0f,0f,0f,1f], start_interpolation: 0, interpolation_duration: 1 }
$data merge entity $(bone_m_opened) { transformation: [-0.9994990519226753f,0.003096779522577514f,-0.03149690718565629f,4.061566818560659f,0f,0.9952013405676364f,0.09784830980849622f,0.45131015096066995f,0.031648778897033325f,0.09779929288582818f,-0.994702796369528f,-4.159827915392412f,0f,0f,0f,1f], start_interpolation: 0, interpolation_duration: 1 }
$data merge entity $(bone_head) { transformation: [-0.9994990519226753f,0.003096779522577514f,-0.03149690718565629f,4.063535375259763f,0f,0.9952013405676364f,0.09784830980849622f,0.44519463159763895f,0.031648778897033325f,0.09779929288582818f,-0.994702796369528f,-4.097658990619316f,0f,0f,0f,1f], start_interpolation: 0, interpolation_duration: 1 }
$data merge entity $(item_display_r_item) { transformation: [-0.43728083521617045f,0.013837786833113638f,-0.00048662943777809874f,3.7556681972826342f,0f,0.015375930912257536f,0.43722972308453767f,-0.2999071631030735f,0.01384634076745208f,0.43701069369540924f,-0.015368228369229959f,-3.9464036290989f,0f,0f,0f,1f], start_interpolation: 0, interpolation_duration: 1 }
$data merge entity $(bone_rightarm) { transformation: [-0.9994990519226753f,-0.0011122958577785044f,-0.03162922704711689f,3.751019358990633f,0f,0.999382224193229f,-0.03514498494230272f,0.3203136038999067f,0.031648778897033325f,-0.035127379129668256f,-0.9988815855895068f,-4.093218439253631f,0f,0f,0f,1f], start_interpolation: 0, interpolation_duration: 1 }
$data merge entity $(item_display_l_item) { transformation: [-0.43728083521617045f,0.01374271732637915f,0.0016908202552736865f,4.377217299599452f,0f,-0.05342450211980152f,0.434225831305844f,-0.31527315571409953f,0.01384634076745208f,0.43400830671052665f,0.053397739218182576f,-4.065279037315816f,0f,0f,0f,1f], start_interpolation: 0, interpolation_duration: 1 }
$data merge entity $(bone_leftarm) { transformation: [-0.9994990519226753f,0.0038647320120541477f,-0.031411925317438055f,4.375706266442306f,0f,0.9925161858419292f,0.1221131477024037f,0.3203136038999067f,0.031648778897033325f,0.12205197535584611f,-0.992018986766918f,-4.112998926064277f,0f,0f,0f,1f], start_interpolation: 0, interpolation_duration: 1 }
$data merge entity $(bone_body) { transformation: [-0.9994990519226753f,0.001380500346349568f,-0.03161865627231857f,4.062500000000001f,0f,0.9990482215818578f,0.043619387365336f,-0.3040915345887544f,0.031648778897033325f,0.043597536317101254f,-0.9985477502961017f,-4.130357142857142f,0f,0f,0f,1f], start_interpolation: 0, interpolation_duration: 1 }
$data merge entity $(bone_leftleg) { transformation: [-0.9994990519226753f,-0.006038871706237318f,-0.03106730168825269f,4.187437381490335f,0f,0.981627183447664f,-0.19080899537654472f,-0.24898611111111113f,0.031648778897033325f,-0.1907134099771746f,-0.9811354391974662f,-4.134313240219272f,0f,0f,0f,1f], start_interpolation: 0, interpolation_duration: 1 }
$data merge entity $(bone_rightleg) { transformation: [-0.9994990519226753f,0.007410936810802582f,-0.03076886772794204f,3.9375626185096664f,0f,0.9721976265828769f,0.2341618561307989f,-0.22649999999999992f,0.031648778897033325f,0.2340445531991874f,-0.9717106060510605f,-4.126401045495013f,0f,0f,0f,1f], start_interpolation: 0, interpolation_duration: 1 }
data modify entity @s data merge value {"locators":{},"cameras":{"camera":{"posx":6.125,"posy":0.10347747601264926,"posz":-3.34664611024835,"roty":129.63508456606044,"rotx":-29.794117362108775}}}