# This file was generated by Animated Java via MC-Build. It is not recommended to edit this file directly.
$data merge entity $(bone_left_eye) { transformation: [-0.9994438849981555f,0.003824724995531217f,-0.03312540140892349f,4.197758899137125f,0f,0.9934001797993958f,0.11469996850273431f,0.6750812616506859f,0.0333454755520708f,0.11463618212953886f,-0.9928477350565743f,-3.7919222862416695f,0f,0f,0f,1f], start_interpolation: 0, interpolation_duration: 1 }
$data merge entity $(bone_right_eye) { transformation: [-0.9994438849981555f,0.003824724995531217f,-0.03312540140892349f,3.947897927887586f,0f,0.9934001797993958f,0.11469996850273431f,0.6750812616506859f,0.0333454755520708f,0.11463618212953886f,-0.9928477350565743f,-3.7835859173536517f,0f,0f,0f,1f], start_interpolation: 0, interpolation_duration: 1 }
$data merge entity $(bone_right_close) { transformation: [-0.9994438849981555f,0.003824724995531217f,-0.03312540140892349f,3.9481369731998064f,0f,0.9934001797993958f,0.11469996850273431f,0.7371687728881482f,0.0333454755520708f,0.11463618212953886f,-0.9928477350565743f,-3.776421155970555f,0f,0f,0f,1f], start_interpolation: 0, interpolation_duration: 1 }
$data merge entity $(bone_left_close) { transformation: [-0.9994438849981555f,0.003824724995531217f,-0.03312540140892349f,4.197997944449345f,0f,0.9934001797993958f,0.11469996850273431f,0.7371687728881482f,0.0333454755520708f,0.11463618212953886f,-0.9928477350565743f,-3.784757524858573f,0f,0f,0f,1f], start_interpolation: 0, interpolation_duration: 1 }
$data merge entity $(bone_left_eyebrow) { transformation: [-0.9994438849981555f,0.003824724995531217f,-0.03312540140892349f,4.197904396662045f,0f,0.9934001797993958f,0.11469996850273431f,0.712326599645132f,0.0333454755520708f,0.11463618212953886f,-0.9928477350565743f,-3.7875613764283704f,0f,0f,0f,1f], start_interpolation: 0, interpolation_duration: 1 }
$data merge entity $(bone_right_eyebrow) { transformation: [-0.9994438849981555f,0.003824724995531217f,-0.03312540140892349f,3.9480434254125063f,0f,0.9934001797993958f,0.11469996850273431f,0.712326599645132f,0.0333454755520708f,0.11463618212953886f,-0.9928477350565743f,-3.7792250075403526f,0f,0f,0f,1f], start_interpolation: 0, interpolation_duration: 1 }
$data merge entity $(bone_talking) { transformation: [-0.9994438849981555f,0.003824724995531217f,-0.03312540140892349f,4.061520544323184f,0f,0.9934001797993958f,0.11469996850273431f,0.4625749568579415f,0.0333454755520708f,0.11463618212953886f,-0.9928477350565743f,-4.126678064535224f,0f,0f,0f,1f], start_interpolation: 0, interpolation_duration: 1 }
$data merge entity $(bone_m_opened) { transformation: [-0.9994438849981555f,0.003824724995531217f,-0.03312540140892349f,4.061520544323184f,0f,0.9934001797993958f,0.11469996850273431f,0.4625749568579415f,0.0333454755520708f,0.11463618212953886f,-0.9928477350565743f,-4.126678064535224f,0f,0f,0f,1f], start_interpolation: 0, interpolation_duration: 1 }
$data merge entity $(bone_head) { transformation: [-0.9994438849981555f,0.003824724995531217f,-0.03312540140892349f,4.063590881911241f,0f,0.9934001797993958f,0.11469996850273431f,0.4554062088265206f,0.0333454755520708f,0.11463618212953886f,-0.9928477350565743f,-4.064625081094189f,0f,0f,0f,1f], start_interpolation: 0, interpolation_duration: 1 }
$data merge entity $(item_display_r_item) { transformation: [-0.437256699686693f,0.014583909442468122f,-0.00037170482245566866f,3.755780692355943f,0f,0.011147084163644065f,0.4373579683904806f,-0.29108703538228564f,0.014588645554030975f,0.4371147470630825f,-0.01114088510291384f,-3.9188485333510443f,0f,0f,0f,1f], start_interpolation: 0, interpolation_duration: 1 }
$data merge entity $(bone_rightarm) { transformation: [-0.9994438849981555f,-0.0008496110227558067f,-0.03333465015421285f,3.751082854197444f,0f,0.9996753563210985f,-0.025479049516900498f,0.33052518112878837f,0.0333454755520708f,-0.025464880235231413f,-0.9991194218584742f,-4.059654011230373f,0f,0f,0f,1f], start_interpolation: 0, interpolation_duration: 1 }
$data merge entity $(item_display_l_item) { transformation: [-0.437256699686693f,0.01449601705415288f,0.0016413618330083587f,4.377532198861037f,0f,-0.04922292472468363f,0.434722156879021f,-0.3045701643340084f,0.014588645554030975f,0.4344804013659464f,0.04919555111780957f,-4.026637034657018f,0f,0f,0f,1f], start_interpolation: 0, interpolation_duration: 1 }
$data merge entity $(bone_leftarm) { transformation: [-0.9994438849981555f,0.003751684189733399f,-0.03313375326663515f,4.375735282321291f,0f,0.9936506442949051f,0.11250954222784851f,0.33052518112878837f,0.0333454755520708f,0.11244697398356496f,-0.9930980602650203f,-4.080494933450417f,0f,0f,0f,1f], start_interpolation: 0, interpolation_duration: 1 }
$data merge entity $(bone_body) { transformation: [-0.9994438849981555f,0.0014545092149871174f,-0.033313738048097646f,4.062500000000001f,0f,0.9990482215818578f,0.043619387365336f,-0.2938799573598727f,0.0333454755520708f,0.04359512996965087f,-0.9984926358782701f,-4.097321428571427f,0f,0f,0f,1f], start_interpolation: 0, interpolation_duration: 1 }
$data merge entity $(bone_leftleg) { transformation: [-0.9994438849981555f,-0.005216381629500294f,-0.03293493741438054f,4.187430485624771f,0f,0.9876883405951378f,-0.15643446504023092f,-0.24712500000000004f,0.0333454755520708f,-0.15634746948741654f,-0.9871390722917859f,-4.101489613015436f,0f,0f,0f,1f], start_interpolation: 0, interpolation_duration: 1 }
$data merge entity $(bone_rightleg) { transformation: [-0.9994438849981555f,0.006864586587821593f,-0.03263124562090836f,3.9375695143752316f,0f,0.9785809043254721f,0.20586260876988133f,-0.21100000000000008f,0.0333454755520708f,0.20574812548482554f,-0.9780367008040581f,-4.093153244127419f,0f,0f,0f,1f], start_interpolation: 0, interpolation_duration: 1 }
data modify entity @s data merge value {"locators":{},"cameras":{"camera":{"posx":6.125,"posy":0.10765723738828203,"posz":-3.291408592601647,"roty":129.61627857773806,"rotx":-28.043388103004713}}}