# This file was generated by Animated Java via MC-Build. It is not recommended to edit this file directly.
$data merge entity $(bone_left_eye) { transformation: [-0.9993850151281665f,0.0044557337956646955f,-0.03478128769348195f,4.198379535032239f,0f,0.9918939103343398f,0.12706876343796109f,0.684242452910488f,0.03506553204037532f,0.12699061807076412f,-0.9912839105850204f,-3.756405852050323f,0f,0f,0f,1f], start_interpolation: 0, interpolation_duration: 1 }
$data merge entity $(bone_right_eye) { transformation: [-0.9993850151281665f,0.0044557337956646955f,-0.03478128769348195f,3.948533281250197f,0f,0.9918939103343398f,0.12706876343796109f,0.684242452910488f,0.03506553204037532f,0.12699061807076412f,-0.9912839105850204f,-3.7476394690402297f,0f,0f,0f,1f], start_interpolation: 0, interpolation_duration: 1 }
$data merge entity $(bone_right_close) { transformation: [-0.9993850151281665f,0.0044557337956646955f,-0.03478128769348195f,3.9488117646124263f,0f,0.9918939103343398f,0.12706876343796109f,0.7462358223063843f,0.03506553204037532f,0.12699061807076412f,-0.9912839105850204f,-3.739702555410807f,0f,0f,0f,1f], start_interpolation: 0, interpolation_duration: 1 }
$data merge entity $(bone_left_close) { transformation: [-0.9993850151281665f,0.0044557337956646955f,-0.03478128769348195f,4.198658018394468f,0f,0.9918939103343398f,0.12706876343796109f,0.7462358223063843f,0.03506553204037532f,0.12699061807076412f,-0.9912839105850204f,-3.7484689384209005f,0f,0f,0f,1f], start_interpolation: 0, interpolation_duration: 1 }
$data merge entity $(bone_left_eyebrow) { transformation: [-0.9993850151281665f,0.0044557337956646955f,-0.03478128769348195f,4.198548798880057f,0f,0.9918939103343398f,0.12706876343796109f,0.721430532750311f,0.03506553204037532f,0.12699061807076412f,-0.9912839105850204f,-3.7515817486282588f,0f,0f,0f,1f], start_interpolation: 0, interpolation_duration: 1 }
$data merge entity $(bone_right_eyebrow) { transformation: [-0.9993850151281665f,0.0044557337956646955f,-0.03478128769348195f,3.948702545098015f,0f,0.9918939103343398f,0.12706876343796109f,0.721430532750311f,0.03506553204037532f,0.12699061807076412f,-0.9912839105850204f,-3.742815365618165f,0f,0f,0f,1f], start_interpolation: 0, interpolation_duration: 1 }
$data merge entity $(bone_talking) { transformation: [-0.9993850151281665f,0.0044557337956646955f,-0.03478128769348195f,4.061473322288089f,0f,0.9918939103343398f,0.12706876343796109f,0.4759779639012659f,0.03506553204037532f,0.12699061807076412f,-0.9912839105850204f,-4.093546537120787f,0f,0f,0f,1f], start_interpolation: 0, interpolation_duration: 1 }
$data merge entity $(bone_m_opened) { transformation: [-0.9993850151281665f,0.0044557337956646955f,-0.03478128769348195f,4.061473322288089f,0f,0.9918939103343398f,0.12706876343796109f,0.4759779639012659f,0.03506553204037532f,0.12699061807076412f,-0.9912839105850204f,-4.093546537120787f,0f,0f,0f,1f], start_interpolation: 0, interpolation_duration: 1 }
$data merge entity $(bone_head) { transformation: [-0.9993850151281665f,0.0044557337956646955f,-0.03478128769348195f,4.063647152768931f,0f,0.9918939103343398f,0.12706876343796109f,0.4680361661863933f,0.03506553204037532f,0.12699061807076412f,-0.9912839105850204f,-4.031591292709223f,0f,0f,0f,1f], start_interpolation: 0, interpolation_duration: 1 }
$data merge entity $(item_display_r_item) { transformation: [-0.43723094411857283f,0.01533987019238701f,-0.00019971895799010482f,3.7558162762653207f,0f,0.005695591835314051f,0.43746292441033846f,-0.2801645844303041f,0.015341170267664201f,0.4371938913298381f,-0.005692089132499192f,-3.89303828792583f,0f,0f,0f,1f], start_interpolation: 0, interpolation_duration: 1 }
$data merge entity $(bone_rightarm) { transformation: [-0.9993850151281665f,-0.00045650047540594604f,-0.035062560439741736f,3.751148143413224f,0f,0.9999152557950594f,-0.013018495623574752f,0.3431551384886611f,0.03506553204037532f,-0.013010489445712217f,-0.9993003230396299f,-4.026082384209354f,0f,0f,0f,1f], start_interpolation: 0, interpolation_duration: 1 }
$data merge entity $(item_display_l_item) { transformation: [-0.43723094411857283f,0.015264090700947126f,0.0015359167473282956f,4.377930779858129f,0f,-0.04380132449037999f,0.435301842372495f,-0.29121930046929745f,0.015341170267664201f,0.4350341383247546f,0.04377438733845213f,-3.9862377126967328f,0f,0f,0f,1f], start_interpolation: 0, interpolation_duration: 1 }
$data merge entity $(bone_leftarm) { transformation: [-0.9993850151281665f,0.003510666851036112f,-0.03488935017359343f,4.375763777868328f,0f,0.99497563970856f,0.10011731312086877f,0.3431551384886611f,0.03506553204037532f,0.10005574248789081f,-0.9943637447422963f,-4.047998341734588f,0f,0f,0f,1f], start_interpolation: 0, interpolation_duration: 1 }
$data merge entity $(bone_body) { transformation: [-0.9993850151281665f,0.001529537025240732f,-0.03503215742375861f,4.062500000000001f,0f,0.9990482215818578f,0.043619387365336f,-0.28125f,0.03506553204037532f,0.04359256210198767f,-0.9984338220393527f,-4.064285714285713f,0f,0f,0f,1f], start_interpolation: 0, interpolation_duration: 1 }
$data merge entity $(bone_leftleg) { transformation: [-0.9993850151281665f,-0.004273413365912697f,-0.034804158881929996f,4.187423126891022f,0f,0.9925461516413221f,-0.12186934340514737f,-0.2445277777777778f,0.03506553204037532f,-0.12179439560261292f,-0.9919357507734661f,-4.06866890579076f,0f,0f,0f,1f], start_interpolation: 0, interpolation_duration: 1 }
$data merge entity $(bone_rightleg) { transformation: [-0.9993850151281665f,0.0059309582505957395f,-0.03456031353307256f,3.93757687310898f,0f,0.985592161934944f,0.16913926313072017f,-0.19699999999999995f,0.03506553204037532f,0.1690352450426617f,-0.9849860376655564f,-4.059902522780666f,0f,0f,0f,1f], start_interpolation: 0, interpolation_duration: 1 }
data modify entity @s data merge value {"locators":{},"cameras":{"camera":{"posx":6.125,"posy":0.11188046647230322,"posz":-3.2356049562682205,"roty":129.58718569825814,"rotx":-26.321383824745798}}}