# This file was generated by Animated Java via MC-Build. It is not recommended to edit this file directly.
$data merge entity $(bone_left_eye) { transformation: [-0.9993223845883495f,0.0048043066567300795f,-0.03649233204665032f,4.19894358913588f,0f,0.9914448613738104f,0.1305261922200516f,0.6958957908347057f,0.03680722294135871f,0.13043774566057925f,-0.9907730430559419f,-3.722855833041381f,0f,0f,0f,1f], start_interpolation: 0, interpolation_duration: 1 }
$data merge entity $(bone_right_eye) { transformation: [-0.9993223845883495f,0.0048043066567300795f,-0.03649233204665032f,3.9491129929887934f,0f,0.9914448613738104f,0.1305261922200516f,0.6958957908347057f,0.03680722294135871f,0.13043774566057925f,-0.9907730430559419f,-3.713654027306041f,0f,0f,0f,1f], start_interpolation: 0, interpolation_duration: 1 }
$data merge entity $(bone_right_close) { transformation: [-0.9993223845883495f,0.0048043066567300795f,-0.03649233204665032f,3.9494132621548395f,0f,0.9914448613738104f,0.1305261922200516f,0.7578610946705688f,0.03680722294135871f,0.13043774566057925f,-0.9907730430559419f,-3.705501668202255f,0f,0f,0f,1f], start_interpolation: 0, interpolation_duration: 1 }
$data merge entity $(bone_left_close) { transformation: [-0.9993223845883495f,0.0048043066567300795f,-0.03649233204665032f,4.1992438583019265f,0f,0.9914448613738104f,0.1305261922200516f,0.7578610946705688f,0.03680722294135871f,0.13043774566057925f,-0.9907730430559419f,-3.7147034739375946f,0f,0f,0f,1f], start_interpolation: 0, interpolation_duration: 1 }
$data merge entity $(bone_left_eyebrow) { transformation: [-0.9993223845883495f,0.0048043066567300795f,-0.03649233204665032f,4.199126031406261f,0f,0.9914448613738104f,0.1305261922200516f,0.7330668152492098f,0.03680722294135871f,0.13043774566057925f,-0.9907730430559419f,-3.717902494263918f,0f,0f,0f,1f], start_interpolation: 0, interpolation_duration: 1 }
$data merge entity $(bone_right_eyebrow) { transformation: [-0.9993223845883495f,0.0048043066567300795f,-0.03649233204665032f,3.949295435259174f,0f,0.9914448613738104f,0.1305261922200516f,0.7330668152492098f,0.03680722294135871f,0.13043774566057925f,-0.9907730430559419f,-3.7087006885285785f,0f,0f,0f,1f], start_interpolation: 0, interpolation_duration: 1 }
$data merge entity $(bone_talking) { transformation: [-0.9993223845883495f,0.0048043066567300795f,-0.03649233204665032f,4.061423360633577f,0f,0.9914448613738104f,0.1305261922200516f,0.4888240105600192f,0.03680722294135871f,0.13043774566057925f,-0.9907730430559419f,-4.060480942543838f,0f,0f,0f,1f], start_interpolation: 0, interpolation_duration: 1 }
$data merge entity $(bone_m_opened) { transformation: [-0.9993223845883495f,0.0048043066567300795f,-0.03649233204665032f,4.061423360633577f,0f,0.9914448613738104f,0.1305261922200516f,0.4888240105600192f,0.03680722294135871f,0.13043774566057925f,-0.9907730430559419f,-4.060480942543838f,0f,0f,0f,1f], start_interpolation: 0, interpolation_duration: 1 }
$data merge entity $(bone_head) { transformation: [-0.9993223845883495f,0.0048043066567300795f,-0.03649233204665032f,4.063704131386492f,0f,0.9914448613738104f,0.1305261922200516f,0.4806661235462659f,0.03680722294135871f,0.13043774566057925f,-0.9907730430559419f,-3.998557627352841f,0f,0f,0f,1f], start_interpolation: 0, interpolation_duration: 1 }
$data merge entity $(item_display_r_item) { transformation: [-0.4372035432574029f,0.016103139009315315f,0.000026023429656041697f,3.7557789181699417f,0f,-0.0007070196438753932f,0.4374994287118821f,-0.26941609363811936f,0.016103160036844436f,0.43720297235639866f,0.0007065405564683627f,-3.86859830765132f,0f,0f,0f,1f], start_interpolation: 0, interpolation_duration: 1 }
$data merge entity $(bone_rightarm) { transformation: [-0.9993223845883495f,0.00005948212492810348f,-0.036807174878435f,3.7512151976382175f,0f,0.9999986941985876f,0.0016160449002868352f,0.3557850958485337f,0.03680722294135871f,0.0016149498433564793f,-0.9993210796717683f,-3.992504098958193f,0f,0f,0f,1f], start_interpolation: 0, interpolation_duration: 1 }
$data merge entity $(item_display_l_item) { transformation: [-0.4372035432574029f,0.01604412979505479f,0.0013775566382761453f,4.378407787035558f,0f,-0.03742625844038463f,0.4358962321231436f,-0.27761702388178133f,0.016103160036844436f,0.4356008621183767f,0.03740089783086501f,-3.944481078163956f,0f,0f,0f,1f], start_interpolation: 0, interpolation_duration: 1 }
$data merge entity $(bone_leftarm) { transformation: [-0.9993223845883495f,0.00314870088748834f,-0.03667229667441095f,4.375791688005936f,0f,0.9963342448528997f,0.08554573357802223f,0.3557850958485337f,0.03680722294135871f,0.08548776647054881f,-0.9956591134134324f,-4.015508613296542f,0f,0f,0f,1f], start_interpolation: 0, interpolation_duration: 1 }
$data merge entity $(bone_body) { transformation: [-0.9993223845883495f,0.0016055085153214074f,-0.03677219062093137f,4.062500000000001f,0f,0.9990482215818578f,0.043619387365336f,-0.2686200426401274f,0.03680722294135871f,0.043589830196210495f,-0.998371251109932f,-4.031249999999999f,0f,0f,0f,1f], start_interpolation: 0, interpolation_duration: 1 }
$data merge entity $(bone_leftleg) { transformation: [-0.9993223845883495f,-0.003207960853932762f,-0.036667160345662406f,4.187415298073544f,0f,0.9961946980917455f,-0.08715574274765818f,-0.24131944444444442f,0.03680722294135871f,-0.08709668467315852f,-0.9955196612113141f,-4.035850902867669f,0f,0f,0f,1f], start_interpolation: 0, interpolation_duration: 1 }
$data merge entity $(bone_rightleg) { transformation: [-0.9993223845883495f,0.004627331070342322f,-0.03651519502645888f,3.937584701926457f,0f,0.9920660160815423f,0.12571801675216274f,-0.1875f,0.03680722294135871f,0.12563282828648933f,-0.9913937768596708f,-4.02664909713233f,0f,0f,0f,1f], start_interpolation: 0, interpolation_duration: 1 }
data modify entity @s data merge value {"locators":{},"cameras":{"camera":{"posx":6.125,"posy":0.11614593934459597,"posz":-3.179256564217382,"roty":129.5486524242232,"rotx":-24.631680345701678}}}