# This file was generated by Animated Java via MC-Build. It is not recommended to edit this file directly.
$data merge entity $(bone_left_eye) { transformation: [-0.9992559461454067f,0.004845127125936315f,-0.03826328313385458f,4.1994458571499464f,0f,0.9920780657755196f,0.1256228936424562f,0.7074914938084134f,0.038568822811281184f,0.12552942344421636f,-0.9913399062666219f,-3.6911278569939623f,0f,0f,0f,1f], start_interpolation: 0, interpolation_duration: 1 }
$data merge entity $(bone_right_eye) { transformation: [-0.9992559461454067f,0.004845127125936315f,-0.03826328313385458f,3.949631870613595f,0f,0.9920780657755196f,0.1256228936424562f,0.7074914938084134f,0.038568822811281184f,0.12552942344421636f,-0.9913399062666219f,-3.681485651291142f,0f,0f,0f,1f], start_interpolation: 0, interpolation_duration: 1 }
$data merge entity $(bone_right_close) { transformation: [-0.9992559461454067f,0.004845127125936315f,-0.03826328313385458f,3.949934691058966f,0f,0.9920780657755196f,0.1256228936424562f,0.7694963729193834f,0.038568822811281184f,0.12552942344421636f,-0.9913399062666219f,-3.673640062325878f,0f,0f,0f,1f], start_interpolation: 0, interpolation_duration: 1 }
$data merge entity $(bone_left_close) { transformation: [-0.9992559461454067f,0.004845127125936315f,-0.03826328313385458f,4.199748677595317f,0f,0.9920780657755196f,0.1256228936424562f,0.7694963729193834f,0.038568822811281184f,0.12552942344421636f,-0.9913399062666219f,-3.6832822680286985f,0f,0f,0f,1f], start_interpolation: 0, interpolation_duration: 1 }
$data merge entity $(bone_left_eyebrow) { transformation: [-0.9992559461454067f,0.004845127125936315f,-0.03826328313385458f,4.199629940872365f,0f,0.9920780657755196f,0.1256228936424562f,0.7446865698441428f,0.038568822811281184f,0.12552942344421636f,-0.9913399062666219f,-3.686358544870662f,0f,0f,0f,1f], start_interpolation: 0, interpolation_duration: 1 }
$data merge entity $(bone_right_eyebrow) { transformation: [-0.9992559461454067f,0.004845127125936315f,-0.03826328313385458f,3.9498159543360134f,0f,0.9920780657755196f,0.1256228936424562f,0.7446865698441428f,0.038568822811281184f,0.12552942344421636f,-0.9913399062666219f,-3.6767163391678417f,0f,0f,0f,1f], start_interpolation: 0, interpolation_duration: 1 }
$data merge entity $(bone_talking) { transformation: [-0.9992559461454067f,0.004845127125936315f,-0.03826328313385458f,4.061370306120957f,0f,0.9920780657755196f,0.1256228936424562f,0.4987291316278011f,0.038568822811281184f,0.12552942344421636f,-0.9913399062666219f,-4.027482830711925f,0f,0f,0f,1f], start_interpolation: 0, interpolation_duration: 1 }
$data merge entity $(bone_m_opened) { transformation: [-0.9992559461454067f,0.004845127125936315f,-0.03826328313385458f,4.061370306120957f,0f,0.9920780657755196f,0.1256228936424562f,0.4987291316278011f,0.038568822811281184f,0.12552942344421636f,-0.9913399062666219f,-4.027482830711925f,0f,0f,0f,1f], start_interpolation: 0, interpolation_duration: 1 }
$data merge entity $(bone_head) { transformation: [-0.9992559461454067f,0.004845127125936315f,-0.03826328313385458f,4.063761761316823f,0f,0.9920780657755196f,0.1256228936424562f,0.4908777007751476f,0.038568822811281184f,0.12552942344421636f,-0.9913399062666219f,-3.9655240865702615f,0f,0f,0f,1f], start_interpolation: 0, interpolation_duration: 1 }
$data merge entity $(item_display_r_item) { transformation: [-0.4371744764386154f,0.016871186185259856f,0.0003003786356691546f,3.7556752111669844f,0f,-0.007788120398149547f,0.437430674713907f,-0.26112946805620885f,0.01687385997993552f,0.4371052027342688f,0.007782325617147264f,-3.845150103209017f,0f,0f,0f,1f], start_interpolation: 0, interpolation_duration: 1 }
$data merge entity $(bone_rightarm) { transformation: [-0.9992559461454067f,0.0006865797386723619f,-0.03856271128059396f,3.7512839845935804f,0f,0.999841542203216f,0.01780141805291347f,0.36599667307741535f,0.038568822811281184f,0.01778817283919397f,-0.9990976062497572f,-3.9589196959657404f,0f,0f,0f,1f], start_interpolation: 0, interpolation_duration: 1 }
$data merge entity $(item_display_l_item) { transformation: [-0.4371744764386154f,0.016833165951371847f,0.0011711851587367012f,4.378955305265228f,0f,-0.03036611110656287f,0.4364448983505981f,-0.26617207059674275f,0.01687385997993552f,0.43612015984166275f,0.030343517084545028f,-3.9017673318173802f,0f,0f,0f,1f], start_interpolation: 0, interpolation_duration: 1 }
$data merge entity $(bone_leftarm) { transformation: [-0.9992559461454067f,0.0026769946485410397f,-0.03847580788884993f,4.37581895093446f,0f,0.9975883390870813f,0.06940825395785821f,0.36599667307741535f,0.038568822811281184f,0.06935661047896029f,-0.9968460796380862f,-3.9830252102227908f,0f,0f,0f,1f], start_interpolation: 0, interpolation_duration: 1 }
$data merge entity $(bone_body) { transformation: [-0.9992559461454067f,0.0016823484224302815f,-0.03853211383811626f,4.062500000000001f,0f,0.9990482215818578f,0.043619387365336f,-0.25840846541124574f,0.038568822811281184f,0.04358693219203182f,-0.9983048759016653f,-3.9982142857142855f,0f,0f,0f,1f], start_interpolation: 0, interpolation_duration: 1 }
$data merge entity $(bone_leftleg) { transformation: [-0.9992559461454067f,-0.0020185362229930707f,-0.038515965580061325f,4.187406993268176f,0f,0.9986295347545738f,-0.05233595624294395f,-0.23762499999999998f,0.038568822811281184f,-0.05229701547296756f,-0.997886500599929f,-4.003035388565696f,0f,0f,0f,1f], start_interpolation: 0, interpolation_duration: 1 }
$data merge entity $(bone_rightleg) { transformation: [-0.9992559461454067f,0.0029858086387410496f,-0.03845307581742744f,3.937593006731825f,0f,0.9969989492699817f,0.07741508350801196f,-0.1825f,0.038568822811281184f,0.07735748251672417f,-0.9962571283587519f,-3.9933931828628753f,0f,0f,0f,1f], start_interpolation: 0, interpolation_duration: 1 }
data modify entity @s data merge value {"locators":{},"cameras":{"camera":{"posx":6.125,"posy":0.12045243208504361,"posz":-3.12238477941844,"roty":129.50150710979673,"rotx":-22.97784729256884}}}