# This file was generated by Animated Java via MC-Build. It is not recommended to edit this file directly.
$data merge entity $(bone_left_eye) { transformation: [-0.9991856634153344f,0.004650287571266539f,-0.04007973117128513f,4.1999006987263785f,0f,0.9933361994214591f,0.1152527436503421f,0.7167326001498552f,0.04034860623686971f,0.11515888912470454f,-0.9925272894133974f,-3.660612702696851f,0f,0f,0f,1f], start_interpolation: 0, interpolation_duration: 1 }
$data merge entity $(bone_right_eye) { transformation: [-0.9991856634153344f,0.004650287571266539f,-0.04007973117128513f,3.950104282872545f,0f,0.9933361994214591f,0.1152527436503421f,0.7167326001498552f,0.04034860623686971f,0.11515888912470454f,-0.9925272894133974f,-3.6505255511376338f,0f,0f,0f,1f], start_interpolation: 0, interpolation_duration: 1 }
$data merge entity $(bone_right_close) { transformation: [-0.9991856634153344f,0.004650287571266539f,-0.04007973117128513f,3.950394925845749f,0f,0.9933361994214591f,0.1152527436503421f,0.7788161126136963f,0.04034860623686971f,0.11515888912470454f,-0.9925272894133974f,-3.64332812056734f,0f,0f,0f,1f], start_interpolation: 0, interpolation_duration: 1 }
$data merge entity $(bone_left_close) { transformation: [-0.9991856634153344f,0.004650287571266539f,-0.04007973117128513f,4.200191341699583f,0f,0.9933361994214591f,0.1152527436503421f,0.7788161126136963f,0.04034860623686971f,0.11515888912470454f,-0.9925272894133974f,-3.653415272126557f,0f,0f,0f,1f], start_interpolation: 0, interpolation_duration: 1 }
$data merge entity $(bone_left_eyebrow) { transformation: [-0.9991856634153344f,0.004650287571266539f,-0.04007973117128513f,4.200077589493499f,0f,0.9933361994214591f,0.1152527436503421f,0.7539755043316818f,0.04034860623686971f,0.11515888912470454f,-0.9925272894133974f,-3.6562322113990864f,0f,0f,0f,1f], start_interpolation: 0, interpolation_duration: 1 }
$data merge entity $(bone_right_eyebrow) { transformation: [-0.9991856634153344f,0.004650287571266539f,-0.04007973117128513f,3.9502811736396652f,0f,0.9933361994214591f,0.1152527436503421f,0.7539755043316818f,0.04034860623686971f,0.11515888912470454f,-0.9925272894133974f,-3.646145059839869f,0f,0f,0f,1f], start_interpolation: 0, interpolation_duration: 1 }
$data merge entity $(bone_talking) { transformation: [-0.9991856634153344f,0.004650287571266539f,-0.04007973117128513f,4.061315002915618f,0f,0.9933361994214591f,0.1152527436503421f,0.5044150326852224f,0.04034860623686971f,0.11515888912470454f,-0.9925272894133974f,-3.9945236271401052f,0f,0f,0f,1f], start_interpolation: 0, interpolation_duration: 1 }
$data merge entity $(bone_m_opened) { transformation: [-0.9991856634153344f,0.004650287571266539f,-0.04007973117128513f,4.061315002915618f,0f,0.9933361994214591f,0.1152527436503421f,0.5044150326852224f,0.04034860623686971f,0.11515888912470454f,-0.9925272894133974f,-3.9945236271401052f,0f,0f,0f,1f], start_interpolation: 0, interpolation_duration: 1 }
$data merge entity $(bone_head) { transformation: [-0.9991856634153344f,0.004650287571266539f,-0.04007973117128513f,4.063819986113824f,0f,0.9933361994214591f,0.1152527436503421f,0.4972117362070759f,0.04034860623686971f,0.11515888912470454f,-0.9925272894133974f,-3.932490671551768f,0f,0f,0f,1f], start_interpolation: 0, interpolation_duration: 1 }
$data merge entity $(item_display_r_item) { transformation: [-0.43714372774420884f,0.01764175382713505f,0.0006162919760936436f,3.7555145525956566f,0f,-0.015274182520101253f,0.43723328938719047f,-0.25665232847810016f,0.017652515228630497f,0.43687723432360875f,0.015261744194474274f,-3.8223101401723363f,0f,0f,0f,1f], start_interpolation: 0, interpolation_duration: 1 }
$data merge entity $(bone_rightarm) { transformation: [-0.9991856634153344f,0.001408667373928337f,-0.040324008747737256f,3.7513544686108946f,0f,0.9993903757421496f,0.034912417188803085f,0.3723307085093437f,0.04034860623686971f,0.034883986730227134f,-0.99857653559682f,-3.925329715415547f,0f,0f,0f,1f], start_interpolation: 0, interpolation_duration: 1 }
$data merge entity $(item_display_l_item) { transformation: [-0.43714372774420884f,0.01762833501255756f,0.0009236333591143159f,4.379562699164618f,0f,-0.022891332446331673f,0.4369007174391358f,-0.2583535542455164f,0.017652515228630497f,0.43654493320105836f,0.022872691196848885f,-3.858495743680215f,0f,0f,0f,1f], start_interpolation: 0, interpolation_duration: 1 }
$data merge entity $(bone_leftarm) { transformation: [-0.9991856634153344f,0.002111161963689874f,-0.04029333717156014f,4.375845508245479f,0f,0.9986302112894532f,0.05232304559161548f,0.3723307085093437f,0.04034860623686971f,0.0522804370213691f,-0.9978169901738477f,-3.9505475943135906f,0f,0f,0f,1f], start_interpolation: 0, interpolation_duration: 1 }
$data merge entity $(bone_body) { transformation: [-0.9991856634153344f,0.0017599814850974317f,-0.040310203304251335f,4.062500000000001f,0f,0.9990482215818578f,0.043619387365336f,-0.2520744299793174f,0.04034860623686971f,0.04358386650240371f,-0.9982346600651786f,-3.965178571428571f,0f,0f,0f,1f], start_interpolation: 0, interpolation_duration: 1 }
$data merge entity $(bone_leftleg) { transformation: [-0.9991856634153344f,-0.00070418027522376f,-0.04034246094870697f,4.187398207926917f,0f,0.9998476951563913f,-0.01745240643728345f,-0.23356944444444439f,0.04034860623686971f,-0.017438194304231117f,-0.9990334825991318f,-3.9702221472081796f,0f,0f,0f,1f], start_interpolation: 0, interpolation_duration: 1 }
$data merge entity $(bone_rightleg) { transformation: [-0.9991856634153344f,0.0010546389907183976f,-0.04033482071185166f,3.937601792073084f,0f,0.9996583394990866f,0.026138176484388466f,-0.17999999999999994f,0.04034860623686971f,0.026116891211020784f,-0.9988442811410664f,-3.9601349956489624f,0f,0f,0f,1f], start_interpolation: 0, interpolation_duration: 1 }
data modify entity @s data merge value {"locators":{},"cameras":{"camera":{"posx":6.125,"posy":0.12479872077352938,"posz":-3.0650109648407056,"roty":129.4465654955465,"rotx":-21.363448123363128}}}