# This file was generated by Animated Java via MC-Build. It is not recommended to edit this file directly.
$data merge entity $(bone_left_eye) { transformation: [-0.9991115111919269f,0.0042686856562195f,-0.04192811141170863f,4.200316887500193f,0f,0.9948573434126252f,0.10128606151872104f,0.7226789866598694f,0.04214484789134095f,0.10119606998664785f,-0.9939734237973737f,-3.6309331156623834f,0f,0f,0f,1f], start_interpolation: 0, interpolation_duration: 1 }
$data merge entity $(bone_right_eye) { transformation: [-0.9991115111919269f,0.0042686856562195f,-0.04192811141170863f,3.9505390097022115f,0f,0.9948573434126252f,0.10128606151872104f,0.7226789866598694f,0.04214484789134095f,0.10119606998664785f,-0.9939734237973737f,-3.6203969036895485f,0f,0f,0f,1f], start_interpolation: 0, interpolation_duration: 1 }
$data merge entity $(bone_right_close) { transformation: [-0.9991115111919269f,0.0042686856562195f,-0.04192811141170863f,3.950805802555725f,0f,0.9948573434126252f,0.10128606151872104f,0.7848575706231584f,0.04214484789134095f,0.10119606998664785f,-0.9939734237973737f,-3.614072149315383f,0f,0f,0f,1f], start_interpolation: 0, interpolation_duration: 1 }
$data merge entity $(bone_left_close) { transformation: [-0.9991115111919269f,0.0042686856562195f,-0.04192811141170863f,4.200583680353707f,0f,0.9948573434126252f,0.10128606151872104f,0.7848575706231584f,0.04214484789134095f,0.10119606998664785f,-0.9939734237973737f,-3.624608361288218f,0f,0f,0f,1f], start_interpolation: 0, interpolation_duration: 1 }
$data merge entity $(bone_left_eyebrow) { transformation: [-0.9991115111919269f,0.0042686856562195f,-0.04192811141170863f,4.2004795837192646f,0f,0.9948573434126252f,0.10128606151872104f,0.759979806658998f,0.04214484789134095f,0.10119606998664785f,-0.9939734237973737f,-3.627076139698897f,0f,0f,0f,1f], start_interpolation: 0, interpolation_duration: 1 }
$data merge entity $(bone_right_eyebrow) { transformation: [-0.9991115111919269f,0.0042686856562195f,-0.04192811141170863f,3.9507017059212832f,0f,0.9948573434126252f,0.10128606151872104f,0.759979806658998f,0.04214484789134095f,0.10119606998664785f,-0.9939734237973737f,-3.6165399277260617f,0f,0f,0f,1f], start_interpolation: 0, interpolation_duration: 1 }
$data merge entity $(bone_talking) { transformation: [-0.9991115111919269f,0.0042686856562195f,-0.04192811141170863f,4.061258242370989f,0f,0.9948573434126252f,0.10128606151872104f,0.5056165450313134f,0.04214484789134095f,0.10119606998664785f,-0.9939734237973737f,-3.961580722109307f,0f,0f,0f,1f], start_interpolation: 0, interpolation_duration: 1 }
$data merge entity $(bone_m_opened) { transformation: [-0.9991115111919269f,0.0042686856562195f,-0.04192811141170863f,4.061258242370989f,0f,0.9948573434126252f,0.10128606151872104f,0.5056165450313134f,0.04214484789134095f,0.10119606998664785f,-0.9939734237973737f,-3.961580722109307f,0f,0f,0f,1f], start_interpolation: 0, interpolation_duration: 1 }
$data merge entity $(bone_head) { transformation: [-0.9991115111919269f,0.0042686856562195f,-0.04192811141170863f,4.06387874933422f,0f,0.9948573434126252f,0.10128606151872104f,0.4992861661863933f,0.04214484789134095f,0.10119606998664785f,-0.9939734237973737f,-3.8994573831219714f,0f,0f,0f,1f], start_interpolation: 0, interpolation_duration: 1 }
$data merge entity $(item_display_r_item) { transformation: [-0.437111286146468f,0.018413114280090105f,0.000964751723980766f,3.7553092835768074f,0f,-0.022891332446331666f,0.4369007174391358f,-0.25627912426619903f,0.018438370952461668f,0.436512536041452f,0.02287099375365122f,-3.799689677938495f,0f,0f,0f,1f], start_interpolation: 0, interpolation_duration: 1 }
$data merge entity $(bone_rightarm) { transformation: [-0.9991115111919269f,0.0022051467976703315f,-0.04208711835449167f,3.75142661053104f,0f,0.9986302112894532f,0.052323045591615464f,0.3744051384886611f,0.04214484789134095f,0.05227655715120301f,-0.9977429395233188f,-3.891734697159408f,0f,0f,0f,1f], start_interpolation: 0, interpolation_duration: 1 }
$data merge entity $(item_display_l_item) { transformation: [-0.437111286146468f,0.0184271304742538f,0.0006437280989742463f,4.380216587877246f,0f,-0.015274182520101258f,0.43723328938719047f,-0.25457789849878276f,0.018438370952461668f,0.43684481250305296f,0.01526061157987968f,-3.815063297204738f,0f,0f,0f,1f], start_interpolation: 0, interpolation_duration: 1 }
$data merge entity $(bone_leftarm) { transformation: [-0.9991115111919269f,0.001471378511941144f,-0.04211915536972297f,4.375871305025994f,0f,0.9993903757421496f,0.0349124171888031f,0.3744051384886611f,0.04214484789134095f,0.03488139789686806f,-0.9985024285784068f,-3.9180752270914962f,0f,0f,0f,1f], start_interpolation: 0, interpolation_duration: 1 }
$data merge entity $(bone_body) { transformation: [-0.9991115111919269f,0.0018383324456255651f,-0.042104735334682085f,4.062500000000001f,0f,0.9990482215818578f,0.043619387365336f,-0.25f,0.04214484789134095f,0.04358063202784689f,-0.998160578418257f,-3.9321428571428565f,0f,0f,0f,1f], start_interpolation: 0, interpolation_duration: 1 }
$data merge entity $(bone_leftleg) { transformation: [-0.9991115111919269f,0.0007355290146371707f,-0.042138429026873946f,4.187388938898992f,0f,0.9998476951563913f,0.01745240643728345f,-0.2292777777777778f,0.04214484789134095f,0.01743690016948998f,-0.9989593416694671f,-3.937410963129274f,0f,0f,0f,1f], start_interpolation: 0, interpolation_duration: 1 }
$data merge entity $(bone_rightleg) { transformation: [-0.9991115111919269f,-0.0011015894720915768f,-0.042130448661499474f,3.93761106110101f,0f,0.9996583394990866f,-0.026138176484388466f,-0.17999999999999994f,0.04214484789134095f,-0.026114953007118646f,-0.9987701542525447f,-3.926874751156439f,0f,0f,0f,1f], start_interpolation: 0, interpolation_duration: 1 }
data modify entity @s data merge value {"locators":{},"cameras":{"camera":{"posx":6.125,"posy":0.12918358148993656,"posz":-3.0071564834534894,"roty":129.38463537357347,"rotx":-19.79204016616419}}}