# This file was generated by Animated Java via MC-Build. It is not recommended to edit this file directly.
$data merge entity $(bone_left_eye) { transformation: [-0.9990334757455397f,0.003762692486860777f,-0.043794480074952125f,4.200706472148116f,0f,0.9963294392400639f,0.08560168516787439f,0.724740980270964f,0.04395582259253098f,0.08551894906293694f,-0.9953664626716056f,-3.601697346620461f,0f,0f,0f,1f], start_interpolation: 0, interpolation_duration: 1 }
$data merge entity $(bone_right_eye) { transformation: [-0.9990334757455397f,0.003762692486860777f,-0.043794480074952125f,3.950948103211731f,0f,0.9963294392400639f,0.08560168516787439f,0.724740980270964f,0.04395582259253098f,0.08551894906293694f,-0.9953664626716056f,-3.5907083909723285f,0f,0f,0f,1f], start_interpolation: 0, interpolation_duration: 1 }
$data merge entity $(bone_right_close) { transformation: [-0.9990334757455397f,0.003762692486860777f,-0.043794480074952125f,3.9511832714921598f,0f,0.9963294392400639f,0.08560168516787439f,0.7870115702234679f,0.04395582259253098f,0.08551894906293694f,-0.9953664626716056f,-3.585363456655895f,0f,0f,0f,1f], start_interpolation: 0, interpolation_duration: 1 }
$data merge entity $(bone_left_close) { transformation: [-0.9990334757455397f,0.003762692486860777f,-0.043794480074952125f,4.200941640428545f,0f,0.9963294392400639f,0.08560168516787439f,0.7870115702234679f,0.04395582259253098f,0.08551894906293694f,-0.9953664626716056f,-3.5963524123040274f,0f,0f,0f,1f], start_interpolation: 0, interpolation_duration: 1 }
$data merge entity $(bone_left_eyebrow) { transformation: [-0.9990334757455397f,0.003762692486860777f,-0.043794480074952125f,4.200850310271378f,0f,0.9963294392400639f,0.08560168516787439f,0.7620979841371435f,0.04395582259253098f,0.08551894906293694f,-0.9953664626716056f,-3.5984281756266836f,0f,0f,0f,1f], start_interpolation: 0, interpolation_duration: 1 }
$data merge entity $(bone_right_eyebrow) { transformation: [-0.9990334757455397f,0.003762692486860777f,-0.043794480074952125f,3.9510919413349934f,0f,0.9963294392400639f,0.08560168516787439f,0.7620979841371435f,0.04395582259253098f,0.08551894906293694f,-0.9953664626716056f,-3.587439219978551f,0f,0f,0f,1f], start_interpolation: 0, interpolation_duration: 1 }
$data merge entity $(bone_talking) { transformation: [-0.9990334757455397f,0.003762692486860777f,-0.043794480074952125f,4.061200839534786f,0f,0.9963294392400639f,0.08560168516787439f,0.5024091470759088f,0.04395582259253098f,0.08551894906293694f,-0.9953664626716056f,-3.9286346256470055f,0f,0f,0f,1f], start_interpolation: 0, interpolation_duration: 1 }
$data merge entity $(bone_m_opened) { transformation: [-0.9990334757455397f,0.003762692486860777f,-0.043794480074952125f,4.061200839534786f,0f,0.9963294392400639f,0.08560168516787439f,0.5024091470759088f,0.04395582259253098f,0.08551894906293694f,-0.9953664626716056f,-3.9286346256470055f,0f,0f,0f,1f], start_interpolation: 0, interpolation_duration: 1 }
$data merge entity $(bone_head) { transformation: [-0.9990334757455397f,0.003762692486860777f,-0.043794480074952125f,4.0639379945394705f,0f,0.9963294392400639f,0.08560168516787439f,0.4970590417529166f,0.04395582259253098f,0.08551894906293694f,-0.9953664626716056f,-3.86642422173003f,0f,0f,0f,1f], start_interpolation: 0, interpolation_duration: 1 }
$data merge entity $(item_display_r_item) { transformation: [-0.4370771456386736f,0.019184294523314105f,0.0013347673926251613f,3.755074784058179f,0f,-0.030366111106562847f,0.4364448983505981f,-0.25999072961897374f,0.019230672384232303f,0.43602306377060673f,0.030336761523664716f,-3.776895393218969f,0f,0f,0f,1f], start_interpolation: 0, interpolation_duration: 1 }
$data merge entity $(bone_rightarm) { transformation: [-0.9990334757455397f,0.0030508968974289497f,-0.04384981605328939f,3.751500367612411f,0f,0.9975883390870813f,0.06940825395785816f,0.37217801405518436f,0.04395582259253098f,0.06934116919694815f,-0.9966241457613868f,-3.85813518069105f,0f,0f,0f,1f], start_interpolation: 0, interpolation_duration: 1 }
$data merge entity $(item_display_l_item) { transformation: [-0.4370771456386736f,0.019227625134255622f,0.00034233323855033444f,4.380900849650946f,0f,-0.007788120398149574f,0.437430674713907f,-0.25494812707843983f,0.019230672384232303f,0.437007887357151f,0.0077805929908881044f,-3.7718633062677505f,0f,0f,0f,1f], start_interpolation: 0, interpolation_duration: 1 }
$data merge entity $(bone_leftarm) { transformation: [-0.9990334757455397f,0.0007824759738293456f,-0.04394885744972714f,4.375896289953373f,0f,0.999841542203216f,0.017801418052913534f,0.37217801405518436f,0.04395582259253098f,0.017784212550601603f,-0.9988751711020595f,-3.885607569811382f,0f,0f,0f,1f], start_interpolation: 0, interpolation_duration: 1 }
$data merge entity $(bone_body) { transformation: [-0.9990334757455397f,0.0019173260526255966f,-0.04391398638923572f,4.062500000000001f,0f,0.9990482215818578f,0.043619387365336f,-0.2522271244334767f,0.04395582259253098f,0.0435772281694827f,-0.9980826172443235f,-3.8991071428571424f,0f,0f,0f,1f], start_interpolation: 0, interpolation_duration: 1 }
$data merge entity $(bone_leftleg) { transformation: [-0.9990334757455397f,0.0023004700078253087f,-0.0438955826653338f,4.187379184468194f,0f,0.9986295347545738f,0.05233595624294395f,-0.22487500000000005f,0.04395582259253098f,0.05228537227185477f,-0.9976643350880131f,-3.9046016206812086f,0f,0f,0f,1f], start_interpolation: 0, interpolation_duration: 1 }
$data merge entity $(bone_rightleg) { transformation: [-0.9990334757455397f,-0.003402843676664135f,-0.04382390893905111f,3.937620815531808f,0f,0.9969989492699817f,-0.07741508350801174f,-0.1825f,0.04395582259253098f,-0.07734025995214018f,-0.9960353256038408f,-3.8936126650330762f,0f,0f,0f,1f], start_interpolation: 0, interpolation_duration: 1 }
data modify entity @s data merge value {"locators":{},"cameras":{"camera":{"posx":6.125,"posy":0.1336057903141484,"posz":-2.948842698226101,"roty":129.31652041902316,"rotx":-18.267174681433218}}}