# This file was generated by Animated Java via MC-Build. It is not recommended to edit this file directly.
$data merge entity $(bone_left_eye) { transformation: [-0.9989515550921088f,0.0032087327951130567f,-0.04566721595309991f,4.20108559687129f,0f,0.9975406315333637f,0.07009057311805801f,0.7213764013922701f,0.04577980536281796f,0.0700170870135812f,-0.996494765137818f,-3.5724857000733556f,0f,0f,0f,1f], start_interpolation: 0, interpolation_duration: 1 }
$data merge entity $(bone_right_eye) { transformation: [-0.9989515550921088f,0.0032087327951130567f,-0.04566721595309991f,3.9513477080982633f,0f,0.9975406315333637f,0.07009057311805801f,0.7213764013922701f,0.04577980536281796f,0.0700170870135812f,-0.996494765137818f,-3.5610407487326508f,0f,0f,0f,1f], start_interpolation: 0, interpolation_duration: 1 }
$data merge entity $(bone_right_close) { transformation: [-0.9989515550921088f,0.0032087327951130567f,-0.04566721595309991f,3.951548253897958f,0f,0.9975406315333637f,0.07009057311805801f,0.7837226908631052f,0.04577980536281796f,0.0700170870135812f,-0.996494765137818f,-3.556664680794302f,0f,0f,0f,1f], start_interpolation: 0, interpolation_duration: 1 }
$data merge entity $(bone_left_close) { transformation: [-0.9989515550921088f,0.0032087327951130567f,-0.04566721595309991f,4.201286142670985f,0f,0.9975406315333637f,0.07009057311805801f,0.7837226908631052f,0.04577980536281796f,0.0700170870135812f,-0.996494765137818f,-3.5681096321350068f,0f,0f,0f,1f], start_interpolation: 0, interpolation_duration: 1 }
$data merge entity $(bone_left_eyebrow) { transformation: [-0.9989515550921088f,0.0032087327951130567f,-0.04566721595309991f,4.201208778552105f,0f,0.9975406315333637f,0.07009057311805801f,0.7587797944139515f,0.04577980536281796f,0.0700170870135812f,-0.996494765137818f,-3.569797778387525f,0f,0f,0f,1f], start_interpolation: 0, interpolation_duration: 1 }
$data merge entity $(bone_right_eyebrow) { transformation: [-0.9989515550921088f,0.0032087327951130567f,-0.04566721595309991f,3.9514708897790776f,0f,0.9975406315333637f,0.07009057311805801f,0.7587797944139515f,0.04577980536281796f,0.0700170870135812f,-0.996494765137818f,-3.5583528270468205f,0f,0f,0f,1f], start_interpolation: 0, interpolation_duration: 1 }
$data merge entity $(bone_talking) { transformation: [-0.9989515550921088f,0.0032087327951130567f,-0.04566721595309991f,4.061143464300655f,0f,0.9975406315333637f,0.07009057311805801f,0.4938945476083223f,0.04577980536281796f,0.0700170870135812f,-0.996494765137818f,-3.8956721102619665f,0f,0f,0f,1f], start_interpolation: 0, interpolation_duration: 1 }
$data merge entity $(bone_m_opened) { transformation: [-0.9989515550921088f,0.0032087327951130567f,-0.04566721595309991f,4.061143464300655f,0f,0.9975406315333637f,0.07009057311805801f,0.4938945476083223f,0.04577980536281796f,0.0700170870135812f,-0.996494765137818f,-3.8956721102619665f,0f,0f,0f,1f], start_interpolation: 0, interpolation_duration: 1 }
$data merge entity $(bone_head) { transformation: [-0.9989515550921088f,0.0032087327951130567f,-0.04566721595309991f,4.063997665297724f,0f,0.9975406315333637f,0.07009057311805801f,0.48951388678844365f,0.04577980536281796f,0.0700170870135812f,-0.996494765137818f,-3.833391187440853f,0f,0f,0f,1f], start_interpolation: 0, interpolation_duration: 1 }
$data merge entity $(item_display_r_item) { transformation: [-0.43704130535279756f,0.019955244664983236f,0.0017133668268593306f,3.7548295250286823f,0f,-0.0374262584403846f,0.4358962321231436f,-0.2687692606396036f,0.02002866484623286f,0.4354392189382052f,0.03738701907030136f,-3.75353052695244f,0f,0f,0f,1f], start_interpolation: 0, interpolation_duration: 1 }
$data merge entity $(bone_rightarm) { transformation: [-0.9989515550921088f,0.003916267032821337f,-0.04561198780567597f,3.751575693448486f,0f,0.9963342448528997f,0.08554573357802217f,0.3646328590907114f,0.04577980536281796f,0.08545604358926048f,-0.9952896432873262f,-3.824531705120068f,0f,0f,0f,1f], start_interpolation: 0, interpolation_duration: 1 }
$data merge entity $(item_display_l_item) { transformation: [-0.43704130535279756f,0.020028638692774013f,0.00003236722168430543f,4.381596644690869f,0f,-0.0007070196438754175f,0.4374994287118821f,-0.26056833039594174f,0.02002866484623286f,0.4370407346636438f,0.0007062783727300183f,-3.7292842712432597f,0f,0f,0f,1f], start_interpolation: 0, interpolation_duration: 1 }
$data merge entity $(bone_leftarm) { transformation: [-0.9989515550921088f,0.00007398222099270829f,-0.04577974558348346f,4.375920415381054f,0f,0.9999986941985876f,0.0016160449002868907f,0.3646328590907114f,0.04577980536281796f,0.0016143505662402635f,-0.9989502506597572f,-3.8531440834718294f,0f,0f,0f,1f], start_interpolation: 0, interpolation_duration: 1 }
$data merge entity $(bone_body) { transformation: [-0.9989515550921088f,0.001996887063630443f,-0.045736233132086884f,4.062500000000001f,0f,0.9990482215818578f,0.043619387365336f,-0.25977227939794967f,0.04577980536281796f,0.04357365484076748f,-0.9980007745612025f,-3.8660714285714284f,0f,0f,0f,1f], start_interpolation: 0, interpolation_duration: 1 }
$data merge entity $(bone_leftleg) { transformation: [-0.9989515550921088f,0.003989972939239625f,-0.04560559938211131f,4.187368944386514f,0f,0.9961946980917455f,0.08715574274765818f,-0.22048611111111116f,0.04577980536281796f,0.08706436475298092f,-0.995150242833263f,-3.871793904241781f,0f,0f,0f,1f], start_interpolation: 0, interpolation_duration: 1 }
$data merge entity $(bone_rightleg) { transformation: [-0.9989515550921088f,-0.0057553463375134934f,-0.04541658912327924f,3.9376310556134873f,0f,0.9920660160815423f,-0.12571801675216263f,-0.1875f,0.04577980536281796f,-0.12558620833766865f,-0.9910258895186896f,-3.860348952901076f,0f,0f,0f,1f], start_interpolation: 0, interpolation_duration: 1 }
data modify entity @s data merge value {"locators":{},"cameras":{"camera":{"posx":6.125,"posy":0.13806412332604817,"posz":-2.890090972127852,"roty":129.24302320190066,"rotx":-16.792396955609522}}}