# This file was generated by Animated Java via MC-Build. It is not recommended to edit this file directly.
$data merge entity $(bone_left_eye) { transformation: [-0.9988657592324173f,0.002697551334437334f,-0.0475385974745214f,4.201474962292123f,0f,0.9983939115579175f,0.05665330850075282f,0.7115952394290335f,0.04761507149051125f,0.056589050008632825f,-0.997261492481322f,-3.5428475282410927f,0f,0f,0f,1f], start_interpolation: 0, interpolation_duration: 1 }
$data merge entity $(bone_right_eye) { transformation: [-0.9988657592324173f,0.002697551334437334f,-0.0475385974745214f,3.9517585224840186f,0f,0.9983939115579175f,0.05665330850075282f,0.7115952394290335f,0.04761507149051125f,0.056589050008632825f,-0.997261492481322f,-3.530943760368465f,0f,0f,0f,1f], start_interpolation: 0, interpolation_duration: 1 }
$data merge entity $(bone_right_close) { transformation: [-0.9988657592324173f,0.002697551334437334f,-0.0475385974745214f,3.951927119442421f,0f,0.9983939115579175f,0.05665330850075282f,0.7739948589014034f,0.04761507149051125f,0.056589050008632825f,-0.997261492481322f,-3.527406944742925f,0f,0f,0f,1f], start_interpolation: 0, interpolation_duration: 1 }
$data merge entity $(bone_left_close) { transformation: [-0.9988657592324173f,0.002697551334437334f,-0.0475385974745214f,4.201643559250525f,0f,0.9983939115579175f,0.05665330850075282f,0.7739948589014034f,0.04761507149051125f,0.056589050008632825f,-0.997261492481322f,-3.5393107126155527f,0f,0f,0f,1f], start_interpolation: 0, interpolation_duration: 1 }
$data merge entity $(bone_left_eyebrow) { transformation: [-0.9988657592324173f,0.002697551334437334f,-0.0475385974745214f,4.201579091629506f,0f,0.9983939115579175f,0.05665330850075282f,0.7490314702806742f,0.04761507149051125f,0.056589050008632825f,-0.997261492481322f,-3.540663110022489f,0f,0f,0f,1f], start_interpolation: 0, interpolation_duration: 1 }
$data merge entity $(bone_right_eyebrow) { transformation: [-0.9988657592324173f,0.002697551334437334f,-0.0475385974745214f,3.951862651821402f,0f,0.9983939115579175f,0.05665330850075282f,0.7490314702806742f,0.04761507149051125f,0.056589050008632825f,-0.997261492481322f,-3.528759342149861f,0f,0f,0f,1f], start_interpolation: 0, interpolation_duration: 1 }
$data merge entity $(bone_talking) { transformation: [-0.9988657592324173f,0.002697551334437334f,-0.0475385974745214f,4.061086542843673f,0f,0.9983939115579175f,0.05665330850075282f,0.4797009204460394f,0.04761507149051125f,0.056589050008632825f,-0.997261492481322f,-3.86268712320735f,0f,0f,0f,1f], start_interpolation: 0, interpolation_duration: 1 }
$data merge entity $(bone_m_opened) { transformation: [-0.9988657592324173f,0.002697551334437334f,-0.0475385974745214f,4.061086542843673f,0f,0.9983939115579175f,0.05665330850075282f,0.4797009204460394f,0.04761507149051125f,0.056589050008632825f,-0.997261492481322f,-3.86268712320735f,0f,0f,0f,1f], start_interpolation: 0, interpolation_duration: 1 }
$data merge entity $(bone_head) { transformation: [-0.9988657592324173f,0.002697551334437334f,-0.0475385974745214f,4.064057705185831f,0f,0.9983939115579175f,0.05665330850075282f,0.47616008866474235f,0.04761507149051125f,0.056589050008632825f,-0.997261492481322f,-3.8003582799272673f,0f,0f,0f,1f], start_interpolation: 0, interpolation_duration: 1 }
$data merge entity $(item_display_r_item) { transformation: [-0.43700376966418253f,0.020726928344517608f,0.0020856031969885246f,3.7545950842831783f,0f,-0.04380132449037999f,0.435301842372495f,-0.2830953779909484f,0.020831593777098673f,0.43480810527667224f,0.043751643242468885f,-3.729196269413559f,0f,0f,0f,1f], start_interpolation: 0, interpolation_duration: 1 }
$data merge entity $(bone_rightarm) { transformation: [-0.9988657592324173f,0.004767093021688067f,-0.047375836216040246f,3.7516525378947283f,0f,0.99497563970856f,0.10011731312086877f,0.3512790609670101f,0.04761507149051125f,0.10000375598278624f,-0.9938470977752508f,-3.7909248091462238f,0f,0f,0f,1f], start_interpolation: 0, interpolation_duration: 1 }
$data merge entity $(item_display_l_item) { transformation: [-0.43700376966418253f,0.020829828420246384f,-0.0002711960124192507f,4.382282439838516f,0f,0.005695591835314051f,0.43746292441033846f,-0.2720406619519551f,0.020831593777098673f,0.43696673612716636f,-0.005689131662858926f,-3.687709258987376f,0f,0f,0f,1f], start_interpolation: 0, interpolation_duration: 1 }
$data merge entity $(bone_leftarm) { transformation: [-0.9988657592324173f,-0.0006198765998154197f,-0.047611036389134595f,4.37594363741499f,0f,0.9999152557950594f,-0.013018495623574752f,0.3512790609670101f,0.04761507149051125f,-0.013003729515105894f,-0.9987811111478088f,-3.820684228827793f,0f,0f,0f,1f], start_interpolation: 0, interpolation_duration: 1 }
$data merge entity $(bone_body) { transformation: [-0.9988657592324173f,0.002076940247772777f,-0.047569752493088285f,4.062500000000001f,0f,0.9990482215818578f,0.043619387365336f,-0.27312607752165097f,0.04761507149051125f,0.043569912477929254f,-0.9979150603601586f,-3.8330357142857143f,0f,0f,0f,1f], start_interpolation: 0, interpolation_duration: 1 }
$data merge entity $(bone_leftleg) { transformation: [-0.9988657592324173f,0.005802817498737758f,-0.047260155968033374f,4.187358219904053f,0f,0.9925461516413221f,0.12186934340514737f,-0.21623611111111107f,0.04761507149051125f,0.12173111422753871f,-0.9914203653324232f,-3.8389875982220283f,0f,0f,0f,1f], start_interpolation: 0, interpolation_duration: 1 }
$data merge entity $(bone_rightleg) { transformation: [-0.9988657592324173f,-0.008053578105821628f,-0.04692904125101991f,3.937641780095949f,0f,0.9855921619349441f,-0.16913926313072003f,-0.19699999999999995f,0.04761507149051125f,-0.16894741848307826f,-0.9844742631246676f,-3.8270838303494004f,0f,0f,0f,1f], start_interpolation: 0, interpolation_duration: 1 }
data modify entity @s data merge value {"locators":{},"cameras":{"camera":{"posx":6.125,"posy":0.1425573566055191,"posz":-2.8309226681280517,"roty":129.16494737883716,"rotx":-15.37124643354114}}}