# This file was generated by Animated Java via MC-Build. It is not recommended to edit this file directly.
$data merge entity $(bone_left_eye) { transformation: [-0.9987761103616126f,0.002334250515420431f,-0.04940478362931005f,4.201899830122769f,0f,0.9988857040379271f,0.04719481188281835f,0.6978349667468217f,0.049459896592367464f,0.047137050641569325f,-0.9976631781748218f,-3.512307928333118f,0f,0f,0f,1f], start_interpolation: 0, interpolation_duration: 1 }
$data merge entity $(bone_right_eye) { transformation: [-0.9987761103616126f,0.002334250515420431f,-0.04940478362931005f,3.952205802532366f,0f,0.9988857040379271f,0.04719481188281835f,0.6978349667468217f,0.049459896592367464f,0.047137050641569325f,-0.9976631781748218f,-3.499942954185026f,0f,0f,0f,1f], start_interpolation: 0, interpolation_duration: 1 }
$data merge entity $(bone_right_close) { transformation: [-0.9987761103616126f,0.002334250515420431f,-0.04940478362931005f,3.9523516931895797f,0f,0.9988857040379271f,0.04719481188281835f,0.7602653232491922f,0.049459896592367464f,0.047137050641569325f,-0.9976631781748218f,-3.496996888519928f,0f,0f,0f,1f], start_interpolation: 0, interpolation_duration: 1 }
$data merge entity $(bone_left_close) { transformation: [-0.9987761103616126f,0.002334250515420431f,-0.04940478362931005f,4.202045720779982f,0f,0.9988857040379271f,0.04719481188281835f,0.7602653232491922f,0.049459896592367464f,0.047137050641569325f,-0.9976631781748218f,-3.50936186266802f,0f,0f,0f,1f], start_interpolation: 0, interpolation_duration: 1 }
$data merge entity $(bone_left_eyebrow) { transformation: [-0.9987761103616126f,0.002334250515420431f,-0.04940478362931005f,4.201990452316074f,0f,0.9988857040379271f,0.04719481188281835f,0.7352902309725015f,0.049459896592367464f,0.047137050641569325f,-0.9976631781748218f,-3.510477934985423f,0f,0f,0f,1f], start_interpolation: 0, interpolation_duration: 1 }
$data merge entity $(bone_right_eyebrow) { transformation: [-0.9987761103616126f,0.002334250515420431f,-0.04940478362931005f,3.95229642472567f,0f,0.9988857040379271f,0.04719481188281835f,0.7352902309725015f,0.049459896592367464f,0.047137050641569325f,-0.9976631781748218f,-3.4981129608373314f,0f,0f,0f,1f], start_interpolation: 0, interpolation_duration: 1 }
$data merge entity $(bone_talking) { transformation: [-0.9987761103616126f,0.002334250515420431f,-0.04940478362931005f,4.061030258814553f,0f,0.9988857040379271f,0.04719481188281835f,0.46286191945072064f,0.049459896592367464f,0.047137050641569325f,-0.9976631781748218f,-3.829679447099096f,0f,0f,0f,1f], start_interpolation: 0, interpolation_duration: 1 }
$data merge entity $(bone_m_opened) { transformation: [-0.9987761103616126f,0.002334250515420431f,-0.04940478362931005f,4.061030258814553f,0f,0.9988857040379271f,0.04719481188281835f,0.46286191945072064f,0.049459896592367464f,0.047137050641569325f,-0.9976631781748218f,-3.829679447099096f,0f,0f,0f,1f], start_interpolation: 0, interpolation_duration: 1 }
$data merge entity $(bone_head) { transformation: [-0.9987761103616126f,0.002334250515420431f,-0.04940478362931005f,4.064118057791385f,0f,0.9988857040379271f,0.04719481188281835f,0.4599122437080445f,0.049459896592367464f,0.047137050641569325f,-0.9976631781748218f,-3.76732549846317f,0f,0f,0f,1f], start_interpolation: 0, interpolation_duration: 1 }
$data merge entity $(item_display_r_item) { transformation: [-0.4369645482832055f,0.021501312925647324f,0.002434560766856738f,3.754396135316635f,0f,-0.049222924724683585f,0.434722156879021f,-0.3000641294524845f,0.021638704759160764f,0.4341901049356393f,0.04916268129714192f,-3.703493117191356f,0f,0f,0f,1f], start_interpolation: 0, interpolation_duration: 1 }
$data merge entity $(bone_rightarm) { transformation: [-0.9987761103616126f,0.005564710324243984f,-0.049145858115765315f,3.7517308470048167f,0f,0.9936506442949051f,0.11250954222784841f,0.33503121601031227f,0.049459896592367464f,0.11237184296489605f,-0.9924345255671756f,-3.757315031034193f,0f,0f,0f,1f], start_interpolation: 0, interpolation_duration: 1 }
$data merge entity $(item_display_l_item) { transformation: [-0.4369645482832055f,0.02163167989044109f,-0.0005513336300402503f,4.382934015421008f,0f,0.011147084163644023f,0.4373579683904806f,-0.28658100050076174f,0.021638704759160764f,0.4368226905047014f,-0.011133441362837905f,-3.6475160671704545f,0f,0f,0f,1f], start_interpolation: 0, interpolation_duration: 1 }
$data merge entity $(bone_leftarm) { transformation: [-0.9987761103616126f,-0.0012601911543777041f,-0.04944383974957964f,4.375965915980824f,0f,0.9996753563210985f,-0.0254790495169004f,0.33503121601031227f,0.049459896592367464f,-0.025447865972200702f,-0.998451864010746f,-3.788227466404423f,0f,0f,0f,1f], start_interpolation: 0, interpolation_duration: 1 }
$data merge entity $(bone_body) { transformation: [-0.9987761103616126f,0.0021574103885119386f,-0.049412821730227305f,4.062500000000001f,0f,0.9990482215818578f,0.043619387365336f,-0.2893739224783488f,0.049459896592367464f,0.04356600204910676f,-0.9978254968152144f,-3.8f,0f,0f,0f,1f], start_interpolation: 0, interpolation_duration: 1 }
$data merge entity $(bone_leftleg) { transformation: [-0.9987761103616126f,0.007737232464372129f,-0.04885096319132253f,4.187347013795202f,0f,0.9876883405951378f,0.15643446504023062f,-0.21225000000000005f,0.049459896592367464f,0.15624300651938122f,-0.9864795190691273f,-3.8061824870740457f,0f,0f,0f,1f], start_interpolation: 0, interpolation_duration: 1 }
$data merge entity $(bone_rightleg) { transformation: [-0.9987761103616126f,-0.010181943341993313f,-0.04840051033520329f,3.9376529862047995f,0f,0.9785809043254722f,-0.205862608769881f,-0.21099999999999985f,0.049459896592367464f,-0.20561065565607614f,-0.9773832292963445f,-3.793817512925954f,0f,0f,0f,1f], start_interpolation: 0, interpolation_duration: 1 }
data modify entity @s data merge value {"locators":{},"cameras":{"camera":{"posx":6.125,"posy":0.1470842662324445,"posz":-2.7713591491960106,"roty":129.08309905234418,"rotx":-14.007256897084106}}}