# This file was generated by Animated Java via MC-Build. It is not recommended to edit this file directly.
$data merge entity $(bone_left_eye) { transformation: [-0.9986826430489726f,0.0022382222863947415f,-0.05126371849285879f,4.202389482290732f,0f,0.9990482215818578f,0.043619387365336f,0.6854156541384733f,0.051312556676883544f,0.04356192506219072f,-0.9977321184627453f,-3.4803834006210184f,0f,0f,0f,1f], start_interpolation: 0, interpolation_duration: 1 }
$data merge entity $(bone_right_eye) { transformation: [-0.9986826430489726f,0.0022382222863947415f,-0.05126371849285879f,3.9527188215284887f,0f,0.9990482215818578f,0.043619387365336f,0.6854156541384733f,0.051312556676883544f,0.04356192506219072f,-0.9977321184627453f,-3.4675552614517975f,0f,0f,0f,1f], start_interpolation: 0, interpolation_duration: 1 }
$data merge entity $(bone_right_close) { transformation: [-0.9986826430489726f,0.0022382222863947415f,-0.05126371849285879f,3.9528587104213884f,0f,0.9990482215818578f,0.043619387365336f,0.7478561679873392f,0.051312556676883544f,0.04356192506219072f,-0.9977321184627453f,-3.4648326411354105f,0f,0f,0f,1f], start_interpolation: 0, interpolation_duration: 1 }
$data merge entity $(bone_left_close) { transformation: [-0.9986826430489726f,0.0022382222863947415f,-0.05126371849285879f,4.202529371183632f,0f,0.9990482215818578f,0.043619387365336f,0.7478561679873392f,0.051312556676883544f,0.04356192506219072f,-0.9977321184627453f,-3.4776607803046313f,0f,0f,0f,1f], start_interpolation: 0, interpolation_duration: 1 }
$data merge entity $(bone_left_eyebrow) { transformation: [-0.9986826430489726f,0.0022382222863947415f,-0.05126371849285879f,4.202476619608878f,0f,0.9990482215818578f,0.043619387365336f,0.7228772362360826f,0.051312556676883544f,0.04356192506219072f,-0.9977321184627453f,-3.478687470173782f,0f,0f,0f,1f], start_interpolation: 0, interpolation_duration: 1 }
$data merge entity $(bone_right_eyebrow) { transformation: [-0.9986826430489726f,0.0022382222863947415f,-0.05126371849285879f,3.952805958846635f,0f,0.9990482215818578f,0.043619387365336f,0.7228772362360826f,0.051312556676883544f,0.04356192506219072f,-0.9977321184627453f,-3.465859331004561f,0f,0f,0f,1f], start_interpolation: 0, interpolation_duration: 1 }
$data merge entity $(bone_talking) { transformation: [-0.9986826430489726f,0.0022382222863947415f,-0.05126371849285879f,4.060974684308993f,0f,0.9990482215818578f,0.043619387365336f,0.44928465729467626f,0.051312556676883544f,0.04356192506219072f,-0.9977321184627453f,-3.796651099321563f,0f,0f,0f,1f], start_interpolation: 0, interpolation_duration: 1 }
$data merge entity $(bone_m_opened) { transformation: [-0.9986826430489726f,0.0022382222863947415f,-0.05126371849285879f,4.060974684308993f,0f,0.9990482215818578f,0.043619387365336f,0.44928465729467626f,0.051312556676883544f,0.04356192506219072f,-0.9977321184627453f,-3.796651099321563f,0f,0f,0f,1f], start_interpolation: 0, interpolation_duration: 1 }
$data merge entity $(bone_head) { transformation: [-0.9986826430489726f,0.0022382222863947415f,-0.05126371849285879f,4.064178666714797f,0f,0.9990482215818578f,0.043619387365336f,0.44655844558434277f,0.051312556676883544f,0.04356192506219072f,-0.9977321184627453f,-3.7342928419176418f,0f,0f,0f,1f], start_interpolation: 0, interpolation_duration: 1 }
$data merge entity $(item_display_r_item) { transformation: [-0.4369236563339255f,0.022281237579447992f,0.0027413477929566026f,3.7542604197232405f,0f,-0.053424502119801556f,0.434225831305844f,-0.3139093417273957f,0.02244924354613655f,0.43365380088865757f,0.05335412298057886f,-3.676021998307243f,0f,0f,0f,1f], start_interpolation: 0, interpolation_duration: 1 }
$data merge entity $(bone_rightarm) { transformation: [-0.9986826430489726f,0.006265937812472246f,-0.05092854303873827f,3.7518105629761935f,0f,0.9925161858419292f,0.12211314770240378f,0.32167741788661053f,0.051312556676883544f,0.12195228109846618f,-0.9912086877455031f,-3.7237029085888897f,0f,0f,0f,1f], start_interpolation: 0, interpolation_duration: 1 }
$data merge entity $(item_display_l_item) { transformation: [-0.4369236563339255f,0.022435374946593437f,-0.0007889783263950623f,4.38352443390425f,0f,0.015375930912257568f,0.43722972308453767f,-0.2985433491163697f,0.02244924354613655f,0.43665373546963643f,-0.015355675322791786f,-3.6090783673452007f,0f,0f,0f,1f], start_interpolation: 0, interpolation_duration: 1 }
$data merge entity $(bone_leftarm) { transformation: [-0.9986826430489726f,-0.001803379031760131f,-0.051280857020785f,4.3759872148818015f,0f,0.999382224193229f,-0.03514498494230279f,0.32167741788661053f,0.051312556676883544f,-0.03509868645209529f,-0.9980656810734547f,-3.755773256511942f,0f,0f,0f,1f], start_interpolation: 0, interpolation_duration: 1 }
$data merge entity $(bone_body) { transformation: [-0.9986826430489726f,0.0022382222863947415f,-0.05126371849285879f,4.062500000000001f,0f,0.9990482215818578f,0.043619387365336f,-0.30272772060205055f,0.051312556676883544f,0.04356192506219072f,-0.9977321184627453f,-3.766964285714285f,0f,0f,0f,1f], start_interpolation: 0, interpolation_duration: 1 }
$data merge entity $(bone_leftleg) { transformation: [-0.9986826430489726f,0.009790897389718178f,-0.050369800486227814f,4.1873353303811225f,0f,0.9816271834476639f,0.19080899537654503f,-0.2086527777777778f,0.051312556676883544f,0.1905576318201672f,-0.9803340300542316f,-3.7733783552988953f,0f,0f,0f,1f], start_interpolation: 0, interpolation_duration: 1 }
$data merge entity $(bone_rightleg) { transformation: [-0.9986826430489726f,-0.012015443514275885f,-0.04988594581516553f,3.9376646696188793f,0f,0.9721976265828769f,-0.2341618561307992f,-0.22650000000000015f,0.051312556676883544f,-0.23385338138195982f,-0.9709168952817255f,-3.7605502161296744f,0f,0f,0f,1f], start_interpolation: 0, interpolation_duration: 1 }
data modify entity @s data merge value {"locators":{},"cameras":{"camera":{"posx":6.125,"posy":0.1516436282867077,"posz":-2.7114217783010375,"roty":128.99828727547057,"rotx":-12.703956696866447}}}