# This file was generated by Animated Java via MC-Build. It is not recommended to edit this file directly.
$data merge entity $(bone_left_eye) { transformation: [-0.9985854043879253f,0.0025760583506048464f,-0.053108888773706f,4.202983887900945f,0f,0.9988256935381284f,0.04844826032043569f,0.6766076489242933f,0.053171328208006956f,0.04837972562397376f,-0.9974127590948221f,-3.446458603596347f,0f,0f,0f,1f], start_interpolation: 0, interpolation_duration: 1 }
$data merge entity $(bone_right_eye) { transformation: [-0.9985854043879253f,0.0025760583506048464f,-0.053108888773706f,3.9533375368039643f,0f,0.9988256935381284f,0.04844826032043569f,0.6766076489242933f,0.053171328208006956f,0.04837972562397376f,-0.9974127590948221f,-3.4331657715443455f,0f,0f,0f,1f], start_interpolation: 0, interpolation_duration: 1 }
$data merge entity $(bone_right_close) { transformation: [-0.9985854043879253f,0.0025760583506048464f,-0.053108888773706f,3.9534985404508767f,0f,0.9988256935381284f,0.04844826032043569f,0.7390342547704263f,0.053171328208006956f,0.04837972562397376f,-0.9974127590948221f,-3.430142038692847f,0f,0f,0f,1f], start_interpolation: 0, interpolation_duration: 1 }
$data merge entity $(bone_left_close) { transformation: [-0.9985854043879253f,0.0025760583506048464f,-0.053108888773706f,4.203144891547858f,0f,0.9988256935381284f,0.04844826032043569f,0.7390342547704263f,0.053171328208006956f,0.04837972562397376f,-0.9974127590948221f,-3.4434348707448486f,0f,0f,0f,1f], start_interpolation: 0, interpolation_duration: 1 }
$data merge entity $(bone_left_eyebrow) { transformation: [-0.9985854043879253f,0.0025760583506048464f,-0.053108888773706f,4.203083809394641f,0f,0.9988256935381284f,0.04844826032043569f,0.7140605844157032f,0.053171328208006956f,0.04837972562397376f,-0.9974127590948221f,-3.4445820255880046f,0f,0f,0f,1f], start_interpolation: 0, interpolation_duration: 1 }
$data merge entity $(bone_right_eyebrow) { transformation: [-0.9985854043879253f,0.0025760583506048464f,-0.053108888773706f,3.9534374582976604f,0f,0.9988256935381284f,0.04844826032043569f,0.7140605844157032f,0.053171328208006956f,0.04837972562397376f,-0.9974127590948221f,-3.431289193536003f,0f,0f,0f,1f], start_interpolation: 0, interpolation_duration: 1 }
$data merge entity $(bone_talking) { transformation: [-0.9985854043879253f,0.0025760583506048464f,-0.053108888773706f,4.06092017002302f,0f,0.9988256935381284f,0.04844826032043569f,0.4420413068898973f,0.053171328208006956f,0.04837972562397376f,-0.9974127590948221f,-3.7635986061934714f,0f,0f,0f,1f], start_interpolation: 0, interpolation_duration: 1 }
$data merge entity $(bone_m_opened) { transformation: [-0.9985854043879253f,0.0025760583506048464f,-0.053108888773706f,4.06092017002302f,0f,0.9988256935381284f,0.04844826032043569f,0.4420413068898973f,0.053171328208006956f,0.04837972562397376f,-0.9974127590948221f,-3.7635986061934714f,0f,0f,0f,1f], start_interpolation: 0, interpolation_duration: 1 }
$data merge entity $(bone_head) { transformation: [-0.9985854043879253f,0.0025760583506048464f,-0.053108888773706f,4.064239475571377f,0f,0.9988256935381284f,0.04844826032043569f,0.43901329061987004f,0.053171328208006956f,0.04837972562397376f,-0.9974127590948221f,-3.701260308750045f,0f,0f,0f,1f], start_interpolation: 0, interpolation_duration: 1 }
$data merge entity $(item_display_r_item) { transformation: [-0.43688111441971733f,0.023070137416172233f,0.002985066663371951f,3.7542187109904384f,0f,-0.05614053219987904f,0.43388303797718847f,-0.321740800530954f,0.023262456091003043f,0.4332692689355123f,0.05606111604936956f,-3.6463850680775596f,0f,0f,0f,1f], start_interpolation: 0, interpolation_duration: 1 }
$data merge entity $(bone_rightarm) { transformation: [-0.9985854043879253f,0.006823009516278756f,-0.052731742665536534f,3.7518916241049207f,0f,0.9917326582335736f,0.1283212164568666f,0.3141322629221378f,0.053171328208006956f,0.12813969382713064f,-0.9903297575668852f,-3.6900889791314637f,0f,0f,0f,1f], start_interpolation: 0, interpolation_duration: 1 }
$data merge entity $(item_display_l_item) { transformation: [-0.43688111441971733f,0.023242514280436236f,-0.0009630126217045349f,4.384023952529933f,0f,0.018111502085056373f,0.4371249518069439f,-0.30515723906348025f,0.023262456091003043f,0.4365065967681894f,-0.01808588163367877f,-3.572767914993873f,0f,0f,0f,1f], start_interpolation: 0, interpolation_duration: 1 }
$data merge entity $(bone_leftarm) { transformation: [-0.9985854043879253f,-0.0022011717067532107f,-0.0531257469267114f,4.376007501847374f,0f,0.9991427469873003f,-0.0413977190515572f,0.3141322629221378f,0.053171328208006956f,-0.041339158019836966f,-0.9977293640415759f,-3.723321059261468f,0f,0f,0f,1f], start_interpolation: 0, interpolation_duration: 1 }
$data merge entity $(bone_body) { transformation: [-0.9985854043879253f,0.002319300761834472f,-0.05312072088535462f,4.062500000000001f,0f,0.9990482215818578f,0.043619387365336f,-0.3102728755665233f,0.053171328208006956f,0.04355768357136761f,-0.9976349723513571f,-3.733928571428571f,0f,0f,0f,1f], start_interpolation: 0, interpolation_duration: 1 }
$data merge entity $(bone_leftleg) { transformation: [-0.9985854043879253f,0.01196094634125486f,-0.05180855051075274f,4.187323175548491f,0f,0.9743700647852352f,0.2249510543438651f,-0.20556944444444447f,0.053171328208006956f,0.22463283956945868f,-0.9729917251670531f,-3.7405749874545715f,0f,0f,0f,1f], start_interpolation: 0, interpolation_duration: 1 }
$data merge entity $(bone_rightleg) { transformation: [-0.9985854043879253f,-0.013418827237410566f,-0.05145022078646626f,3.9376768244515103f,0f,0.9676309116295214f,-0.2523696076373329f,-0.24050000000000005f,0.053171328208006956f,-0.2520126066977481f,-0.9662621051878225f,-3.72728215540257f,0f,0f,0f,1f], start_interpolation: 0, interpolation_duration: 1 }
data modify entity @s data merge value {"locators":{},"cameras":{"camera":{"posx":6.125,"posy":0.15623421884819177,"posz":-2.6511319184124456,"roty":128.91132367302114,"rotx":-11.464869043698442}}}