# This file was generated by Animated Java via MC-Build. It is not recommended to edit this file directly.
$data merge entity $(bone_left_eye) { transformation: [-0.998484454116331f,0.003351389594062876f,-0.054932349993434784f,4.203681919654835f,0f,0.99814410601679f,0.060896170847954956f,0.6710981499786021f,0.05503448816889649f,0.060803879906895134f,-0.9966313728256078f,-3.410748394844068f,0f,0f,0f,1f], start_interpolation: 0, interpolation_duration: 1 }
$data merge entity $(bone_right_eye) { transformation: [-0.998484454116331f,0.003351389594062876f,-0.054932349993434784f,3.954060806125753f,0f,0.99814410601679f,0.060896170847954956f,0.6710981499786021f,0.05503448816889649f,0.060803879906895134f,-0.9966313728256078f,-3.396989772801844f,0f,0f,0f,1f], start_interpolation: 0, interpolation_duration: 1 }
$data merge entity $(bone_right_close) { transformation: [-0.998484454116331f,0.003351389594062876f,-0.054932349993434784f,3.9542702679753816f,0f,0.99814410601679f,0.060896170847954956f,0.7334821566046514f,0.05503448816889649f,0.060803879906895134f,-0.9966313728256078f,-3.393189530307663f,0f,0f,0f,1f], start_interpolation: 0, interpolation_duration: 1 }
$data merge entity $(bone_left_close) { transformation: [-0.998484454116331f,0.003351389594062876f,-0.054932349993434784f,4.203891381504464f,0f,0.99814410601679f,0.060896170847954956f,0.7334821566046514f,0.05503448816889649f,0.060803879906895134f,-0.9966313728256078f,-3.4069481523498872f,0f,0f,0f,1f], start_interpolation: 0, interpolation_duration: 1 }
$data merge entity $(bone_left_eyebrow) { transformation: [-0.998484454116331f,0.003351389594062876f,-0.054932349993434784f,4.203811030036487f,0f,0.99814410601679f,0.060896170847954956f,0.7085247479435538f,0.05503448816889649f,0.060803879906895134f,-0.9966313728256078f,-3.408405959886758f,0f,0f,0f,1f], start_interpolation: 0, interpolation_duration: 1 }
$data merge entity $(bone_right_eyebrow) { transformation: [-0.998484454116331f,0.003351389594062876f,-0.054932349993434784f,3.954189916507404f,0f,0.99814410601679f,0.060896170847954956f,0.7085247479435538f,0.05503448816889649f,0.060803879906895134f,-0.9966313728256078f,-3.394647337844534f,0f,0f,0f,1f], start_interpolation: 0, interpolation_duration: 1 }
$data merge entity $(bone_talking) { transformation: [-0.998484454116331f,0.003351389594062876f,-0.054932349993434784f,4.06086715611883f,0f,0.99814410601679f,0.060896170847954956f,0.4405921768643905f,0.05503448816889649f,0.060803879906895134f,-0.9966313728256078f,-3.7305173578076825f,0f,0f,0f,1f], start_interpolation: 0, interpolation_duration: 1 }
$data merge entity $(bone_m_opened) { transformation: [-0.998484454116331f,0.003351389594062876f,-0.054932349993434784f,4.06086715611883f,0f,0.99814410601679f,0.060896170847954956f,0.4405921768643905f,0.05503448816889649f,0.060803879906895134f,-0.9966313728256078f,-3.7305173578076825f,0f,0f,0f,1f], start_interpolation: 0, interpolation_duration: 1 }
$data merge entity $(bone_head) { transformation: [-0.998484454116331f,0.003351389594062876f,-0.054932349993434784f,4.06430042799342f,0f,0.99814410601679f,0.060896170847954956f,0.4367861661863933f,0.05503448816889649f,0.060803879906895134f,-0.9966313728256078f,-3.6682278970060818f,0f,0f,0f,1f], start_interpolation: 0, interpolation_duration: 1 }
$data merge entity $(item_display_r_item) { transformation: [-0.43683694867589484f,0.023871601465858205f,0.0031427559543911678f,3.7543047709480875f,0f,-0.05710520909627248f,0.43375712685104206f,-0.3240636738974769f,0.024077588573892212f,0.4330997480229309f,0.057018663531690564f,-3.614186227943389f,0f,0f,0f,1f], start_interpolation: 0, interpolation_duration: 1 }
$data merge entity $(bone_rightarm) { transformation: [-0.998484454116331f,0.007183442181465538f,-0.05456366049339018f,3.75197396474983f,0f,0.9914448613738104f,0.1305261922200516f,0.3119051384886611f,0.05503448816889649f,0.13032837378672152f,-0.9899422811952706f,-3.656473779476097f,0f,0f,0f,1f], start_interpolation: 0, interpolation_duration: 1 }
$data merge entity $(item_display_l_item) { transformation: [-0.43683694867589484f,0.024054672044726673f,-0.001050249662827798f,4.38439986867507f,0f,0.019083481972334605f,0.4370835969420628f,-0.307047576579333f,0.024077588573892212f,0.436421176695898f,-0.01905456007978536f,-3.5389577696974217f,0f,0f,0f,1f], start_interpolation: 0, interpolation_duration: 1 }
$data merge entity $(bone_leftarm) { transformation: [-0.998484454116331f,-0.002400570657892097f,-0.05498210753080383f,4.376026748572537f,0f,0.9990482215818578f,-0.043619387365336014f,0.3119051384886611f,0.05503448816889649f,-0.043553280182366316f,-0.9975341181620526f,-3.6908703345816574f,0f,0f,0f,1f], start_interpolation: 0, interpolation_duration: 1 }
$data merge entity $(bone_body) { transformation: [-0.998484454116331f,0.002400570657892097f,-0.05498210753080383f,4.062500000000001f,0f,0.9990482215818578f,0.043619387365336f,-0.3125f,0.05503448816889649f,0.0435532801823663f,-0.9975341181620526f,-3.7008928571428563f,0f,0f,0f,1f], start_interpolation: 0, interpolation_duration: 1 }
$data merge entity $(bone_leftleg) { transformation: [-0.998484454116331f,0.014243973675579764f,-0.05315923345893729f,4.187310556764542f,0f,0.9659258262890683f,0.25881904510252074f,-0.203125f,0.05503448816889649f,0.2584267929641005f,-0.9644619213791064f,-3.7077721681639684f,0f,0f,0f,1f], start_interpolation: 0, interpolation_duration: 1 }
$data merge entity $(bone_rightleg) { transformation: [-0.998484454116331f,-0.014243973675579764f,-0.05315923345893729f,3.9376894432354597f,0f,0.9659258262890683f,-0.25881904510252074f,-0.25f,0.05503448816889649f,-0.2584267929641005f,-0.9644619213791064f,-3.6940135461217443f,0f,0f,0f,1f], start_interpolation: 0, interpolation_duration: 1 }
data modify entity @s data merge value {"locators":{},"cameras":{"camera":{"posx":6.125,"posy":0.16085481399678012,"posz":-2.590510932499544,"roty":128.82302114702145,"rotx":-10.293512365379486}}}
execute on vehicle unless entity @s[tag=aj.transforms_only] at @s run function animated_java:humanentity/animations/000_mur_0/zzz/frames/zzz/4