# This file was generated by Animated Java via MC-Build. It is not recommended to edit this file directly.
$data merge entity $(bone_left_eye) { transformation: [-0.998379864707034f,0.0044325960555434175f,-0.05672739937431331f,4.2044489495781265f,0f,0.9969610932083057f,0.07790108233458716f,0.6686255988841403f,0.056900314125358405f,0.07777487204173664f,-0.9953458813554849f,-3.3740279552312007f,0f,0f,0f,1f], start_interpolation: 0, interpolation_duration: 1 }
$data merge entity $(bone_right_eye) { transformation: [-0.998379864707034f,0.0044325960555434175f,-0.05672739937431331f,3.9548539834013683f,0f,0.9969610932083057f,0.07790108233458716f,0.6686255988841403f,0.056900314125358405f,0.07777487204173664f,-0.9953458813554849f,-3.3598028766998613f,0f,0f,0f,1f], start_interpolation: 0, interpolation_duration: 1 }
$data merge entity $(bone_right_close) { transformation: [-0.998379864707034f,0.0044325960555434175f,-0.05672739937431331f,3.9551310206548393f,0f,0.9969610932083057f,0.07790108233458716f,0.7309356672096594f,0.056900314125358405f,0.07777487204173664f,-0.9953458813554849f,-3.354941947197253f,0f,0f,0f,1f], start_interpolation: 0, interpolation_duration: 1 }
$data merge entity $(bone_left_close) { transformation: [-0.998379864707034f,0.0044325960555434175f,-0.05672739937431331f,4.204725986831598f,0f,0.9969610932083057f,0.07790108233458716f,0.7309356672096594f,0.056900314125358405f,0.07777487204173664f,-0.9953458813554849f,-3.369167025728592f,0f,0f,0f,1f], start_interpolation: 0, interpolation_duration: 1 }
$data merge entity $(bone_left_eyebrow) { transformation: [-0.998379864707034f,0.0044325960555434175f,-0.05672739937431331f,4.20461871739267f,0f,0.9969610932083057f,0.07790108233458716f,0.706006771061806f,0.056900314125358405f,0.07777487204173664f,-0.9953458813554849f,-3.371049188412051f,0f,0f,0f,1f], start_interpolation: 0, interpolation_duration: 1 }
$data merge entity $(bone_right_eyebrow) { transformation: [-0.998379864707034f,0.0044325960555434175f,-0.05672739937431331f,3.9550237512159114f,0f,0.9969610932083057f,0.07790108233458716f,0.706006771061806f,0.056900314125358405f,0.07777487204173664f,-0.9953458813554849f,-3.3568241098807112f,0f,0f,0f,1f], start_interpolation: 0, interpolation_duration: 1 }
$data merge entity $(bone_talking) { transformation: [-0.998379864707034f,0.0044325960555434175f,-0.05672739937431331f,4.060816005171389f,0f,0.9969610932083057f,0.07790108233458716f,0.4437294138116224f,0.056900314125358405f,0.07777487204173664f,-0.9953458813554849f,-3.697404721899554f,0f,0f,0f,1f], start_interpolation: 0, interpolation_duration: 1 }
$data merge entity $(bone_m_opened) { transformation: [-0.998379864707034f,0.0044325960555434175f,-0.05672739937431331f,4.060816005171389f,0f,0.9969610932083057f,0.07790108233458716f,0.4437294138116224f,0.056900314125358405f,0.07777487204173664f,-0.9953458813554849f,-3.697404721899554f,0f,0f,0f,1f], start_interpolation: 0, interpolation_duration: 1 }
$data merge entity $(bone_head) { transformation: [-0.998379864707034f,0.0044325960555434175f,-0.05672739937431331f,4.064361467632283f,0f,0.9969610932083057f,0.07790108233458716f,0.4388605961657107f,0.056900314125358405f,0.07777487204173664f,-0.9953458813554849f,-3.6351956043148363f,0f,0f,0f,1f], start_interpolation: 0, interpolation_duration: 1 }
$data merge entity $(item_display_r_item) { transformation: [-0.4367911908093274f,0.024688081154566832f,0.0031944139173379162f,3.7545478043253486f,0f,-0.05614053219987905f,0.43388303797718847f,-0.3218934949851133f,0.024893887429844302f,0.4331800887543423f,0.056049576942296134f,-3.5791629304668957f,0f,0f,0f,1f], start_interpolation: 0, interpolation_duration: 1 }
$data merge entity $(bone_rightarm) { transformation: [-0.998379864707034f,0.007301517525343821f,-0.05642989978186705f,3.752057515305955f,0f,0.9917326582335736f,0.12832121645686662f,0.3139795684679785f,0.056900314125358405f,0.12811331872524853f,-0.9901259171527823f,-3.622857845907713f,0f,0f,0f,1f], start_interpolation: 0, interpolation_duration: 1 }
$data merge entity $(item_display_l_item) { transformation: [-0.4367911908093274f,0.02487254706984726f,-0.0010305501579217918f,4.384623587279124f,0f,0.018111502085056387f,0.4371249518069439f,-0.3053099335176396f,0.024893887429844302f,0.43641675024508536f,-0.018082159001319757f,-3.5078983864498667f,0f,0f,0f,1f], start_interpolation: 0, interpolation_duration: 1 }
$data merge entity $(bone_leftarm) { transformation: [-0.998379864707034f,-0.0023555432181069404f,-0.056851536159650884f,4.3760449307478515f,0f,0.9991427469873003f,-0.04139771905155723f,0.3139795684679785f,0.056900314125358405f,-0.04133064914587351f,-0.9975240005601951f,-3.658420542236062f,0f,0f,0f,1f], start_interpolation: 0, interpolation_duration: 1 }
$data merge entity $(bone_body) { transformation: [-0.998379864707034f,0.002481956843043308f,-0.056846157634388376f,4.062500000000001f,0f,0.9990482215818578f,0.043619387365336f,-0.3104255700206826f,0.056900314125358405f,0.043548718056407865f,-0.9974296282986981f,-3.6678571428571423f,0f,0f,0f,1f], start_interpolation: 0, interpolation_duration: 1 }
$data merge entity $(bone_leftleg) { transformation: [-0.998379864707034f,0.012799785654996492f,-0.055441962760625706f,4.18729748308838f,0f,0.9743700647852352f,0.2249510543438651f,-0.19774999999999998f,0.056900314125358405f,0.22458660320153268f,-0.9727914534548671f,-3.674969682122812f,0f,0f,0f,1f], start_interpolation: 0, interpolation_duration: 1 }
$data merge entity $(bone_rightleg) { transformation: [-0.998379864707034f,-0.014359909950257693f,-0.055058502829126686f,3.9377025169116218f,0f,0.9676309116295214f,-0.2523696076373329f,-0.2519444444444444f,0.056900314125358405f,-0.25196073472912767f,-0.9660632186390256f,-3.6607446035914726f,0f,0f,0f,1f], start_interpolation: 0, interpolation_duration: 1 }
data modify entity @s data merge value {"locators":{},"cameras":{"camera":{"posx":6.125,"posy":0.16550418981235596,"posz":-2.5295801835316425,"roty":128.73419163432848,"rotx":-9.193400733638544}}}