# This file was generated by Animated Java via MC-Build. It is not recommended to edit this file directly.
$data merge entity $(bone_left_eye) { transformation: [-0.9982717214286995f,0.005665316597116583f,-0.05849337042465158f,4.205246175094466f,0f,0.9953423950287485f,0.09640288718930881f,0.669929508557499f,0.058767084288580025f,0.09623627614516803f,-0.9936221660963135f,-3.3370447028624857f,0f,0f,0f,1f], start_interpolation: 0, interpolation_duration: 1 }
$data merge entity $(bone_right_eye) { transformation: [-0.9982717214286995f,0.005665316597116583f,-0.05849337042465158f,3.9556782447372907f,0f,0.9953423950287485f,0.09640288718930881f,0.669929508557499f,0.058767084288580025f,0.09623627614516803f,-0.9936221660963135f,-3.322352931790341f,0f,0f,0f,1f], start_interpolation: 0, interpolation_duration: 1 }
$data merge entity $(bone_right_close) { transformation: [-0.9982717214286995f,0.005665316597116583f,-0.05849337042465158f,3.9560323270246105f,0f,0.9953423950287485f,0.09640288718930881f,0.7321384082467958f,0.058767084288580025f,0.09623627614516803f,-0.9936221660963135f,-3.316338164531268f,0f,0f,0f,1f], start_interpolation: 0, interpolation_duration: 1 }
$data merge entity $(bone_left_close) { transformation: [-0.9982717214286995f,0.005665316597116583f,-0.05849337042465158f,4.205600257381786f,0f,0.9953423950287485f,0.09640288718930881f,0.7321384082467958f,0.058767084288580025f,0.09623627614516803f,-0.9936221660963135f,-3.331029935603413f,0f,0f,0f,1f], start_interpolation: 0, interpolation_duration: 1 }
$data merge entity $(bone_left_eyebrow) { transformation: [-0.9982717214286995f,0.005665316597116583f,-0.05849337042465158f,4.205462280302509f,0f,0.9953423950287485f,0.09640288718930881f,0.7072488231906279f,0.058767084288580025f,0.09623627614516803f,-0.9936221660963135f,-3.333373741121661f,0f,0f,0f,1f], start_interpolation: 0, interpolation_duration: 1 }
$data merge entity $(bone_right_eyebrow) { transformation: [-0.9982717214286995f,0.005665316597116583f,-0.05849337042465158f,3.9558943499453343f,0f,0.9953423950287485f,0.09640288718930881f,0.7072488231906279f,0.058767084288580025f,0.09623627614516803f,-0.9936221660963135f,-3.318681970049516f,0f,0f,0f,1f], start_interpolation: 0, interpolation_duration: 1 }
$data merge entity $(bone_talking) { transformation: [-0.9982717214286995f,0.005665316597116583f,-0.05849337042465158f,4.060766702508896f,0f,0.9953423950287485f,0.09640288718930881f,0.45121981204697087f,0.058767084288580025f,0.09623627614516803f,-0.9936221660963135f,-3.6642648132678035f,0f,0f,0f,1f], start_interpolation: 0, interpolation_duration: 1 }
$data merge entity $(bone_m_opened) { transformation: [-0.9982717214286995f,0.005665316597116583f,-0.05849337042465158f,4.060766702508896f,0f,0.9953423950287485f,0.09640288718930881f,0.45121981204697087f,0.058767084288580025f,0.09623627614516803f,-0.9936221660963135f,-3.6642648132678035f,0f,0f,0f,1f], start_interpolation: 0, interpolation_duration: 1 }
$data merge entity $(bone_head) { transformation: [-0.9982717214286995f,0.005665316597116583f,-0.05849337042465158f,4.064422538160437f,0f,0.9953423950287485f,0.09640288718930881f,0.44519463159763906f,0.058767084288580025f,0.09623627614516803f,-0.9936221660963135f,-3.602163427886784f,0f,0f,0f,1f], start_interpolation: 0, interpolation_duration: 1 }
$data merge entity $(item_display_r_item) { transformation: [-0.436743878125056f,0.025518186028629267f,0.0031396022191498003f,3.7549479664537664f,0f,-0.053424502119801556f,0.434225831305844f,-0.3152731557140994f,0.02571059937625376f,0.433475368106493f,0.0533321696976055f,-3.5415804228411485f,0f,0f,0f,1f], start_interpolation: 0, interpolation_duration: 1 }
$data merge entity $(bone_rightarm) { transformation: [-0.9982717214286995f,0.007176233643770985f,-0.05832728235115261f,3.7521422021872293f,0f,0.9925161858419292f,0.12211314770240378f,0.3203136038999068f,0.058767084288580025f,0.12190210216595565f,-0.9908008413862697f,-3.58924171416071f,0f,0f,0f,1f], start_interpolation: 0, interpolation_duration: 1 }
$data merge entity $(item_display_l_item) { transformation: [-0.436743878125056f,0.02569471598998153f,-0.0009035986279360234f,4.384694230688641f,0f,0.015375930912257568f,0.43722972308453767f,-0.2999071631030734f,0.02571059937625376f,0.436474068323395f,-0.015349357020348115f,-3.479336612291034f,0f,0f,0f,1f], start_interpolation: 0, interpolation_duration: 1 }
$data merge entity $(bone_leftarm) { transformation: [-0.9982717214286995f,-0.002065368292425183f,-0.05873077940567207f,4.376062028080167f,0f,0.999382224193229f,-0.03514498494230279f,0.3203136038999068f,0.058767084288580025f,-0.035084244617938326f,-0.9976550133106172f,-3.6259711418410725f,0f,0f,0f,1f], start_interpolation: 0, interpolation_duration: 1 }
$data merge entity $(bone_body) { transformation: [-0.9982717214286995f,0.0025633842139149233f,-0.05871115104605701f,4.062500000000001f,0f,0.9990482215818578f,0.043619387365336f,-0.30409153458875426f,0.058767084288580025f,0.04354400091285923f,-0.997321587948802f,-3.634821428571428f,0f,0f,0f,1f], start_interpolation: 0, interpolation_duration: 1 }
$data merge entity $(bone_leftleg) { transformation: [-0.9982717214286995f,0.011213288314312697f,-0.05768736742963027f,4.1872839651785885f,0f,0.9816271834476639f,0.19080899537654503f,-0.19387500000000002f,0.058767084288580025f,0.19047922427862435f,-0.9799306582215052f,-3.6421673141075006f,0f,0f,0f,1f], start_interpolation: 0, interpolation_duration: 1 }
$data merge entity $(bone_rightleg) { transformation: [-0.9982717214286995f,-0.013761009536409022f,-0.05713321986655338f,3.9377160348214133f,0f,0.9721976265828769f,-0.23416185613079915f,-0.2536111111111111f,0.058767084288580025f,-0.23375715921263232f,-0.9705173982577845f,-3.627475543035356f,0f,0f,0f,1f], start_interpolation: 0, interpolation_duration: 1 }
data modify entity @s data merge value {"locators":{},"cameras":{"camera":{"posx":6.125,"posy":0.1701811223748026,"posz":-2.4683610344780518,"roty":128.6456428885707,"rotx":-8.168044364609495}}}