# This file was generated by Animated Java via MC-Build. It is not recommended to edit this file directly.
$data merge entity $(bone_left_eye) { transformation: [-0.9981601223769504f,0.0068730554679408105f,-0.06024227091474961f,4.206032430166272f,0f,0.9935545633234155f,0.11335488387898081f,0.6754561286876294f,0.06063307757677716f,0.11314632476466849f,-0.991726544515078f,-3.3004922818899303f,0f,0f,0f,1f], start_interpolation: 0, interpolation_duration: 1 }
$data merge entity $(bone_right_eye) { transformation: [-0.9981601223769504f,0.0068730554679408105f,-0.06024227091474961f,3.956492399572034f,0f,0.9935545633234155f,0.11335488387898081f,0.6754561286876294f,0.06063307757677716f,0.11314632476466849f,-0.991726544515078f,-3.2853340124957358f,0f,0f,0f,1f], start_interpolation: 0, interpolation_duration: 1 }
$data merge entity $(bone_right_close) { transformation: [-0.9981601223769504f,0.0068730554679408105f,-0.06024227091474961f,3.95692196553878f,0f,0.9935545633234155f,0.11335488387898081f,0.7375532888953429f,0.06063307757677716f,0.11314632476466849f,-0.991726544515078f,-3.2782623671979443f,0f,0f,0f,1f], start_interpolation: 0, interpolation_duration: 1 }
$data merge entity $(bone_left_close) { transformation: [-0.9981601223769504f,0.0068730554679408105f,-0.06024227091474961f,4.206461996133018f,0f,0.9935545633234155f,0.11335488387898081f,0.7375532888953429f,0.06063307757677716f,0.11314632476466849f,-0.991726544515078f,-3.293420636592139f,0f,0f,0f,1f], start_interpolation: 0, interpolation_duration: 1 }
$data merge entity $(bone_left_eyebrow) { transformation: [-0.9981601223769504f,0.0068730554679408105f,-0.06024227091474961f,4.206293934888252f,0f,0.9935545633234155f,0.11335488387898081f,0.7127073401320151f,0.06063307757677716f,0.11314632476466849f,-0.991726544515078f,-3.296187311802223f,0f,0f,0f,1f], start_interpolation: 0, interpolation_duration: 1 }
$data merge entity $(bone_right_eyebrow) { transformation: [-0.9981601223769504f,0.0068730554679408105f,-0.06024227091474961f,3.956753904294014f,0f,0.9935545633234155f,0.11335488387898081f,0.7127073401320151f,0.06063307757677716f,0.11314632476466849f,-0.991726544515078f,-3.281029042408029f,0f,0f,0f,1f], start_interpolation: 0, interpolation_duration: 1 }
$data merge entity $(bone_talking) { transformation: [-0.9981601223769504f,0.0068730554679408105f,-0.06024227091474961f,4.060718441341308f,0f,0.9935545633234155f,0.11335488387898081f,0.462490889068957f,0.06063307757677716f,0.11314632476466849f,-0.991726544515078f,-3.631114273544962f,0f,0f,0f,1f], start_interpolation: 0, interpolation_duration: 1 }
$data merge entity $(bone_m_opened) { transformation: [-0.9981601223769504f,0.0068730554679408105f,-0.06024227091474961f,4.060718441341308f,0f,0.9935545633234155f,0.11335488387898081f,0.462490889068957f,0.06063307757677716f,0.11314632476466849f,-0.991726544515078f,-3.631114273544962f,0f,0f,0f,1f], start_interpolation: 0, interpolation_duration: 1 }
$data merge entity $(bone_head) { transformation: [-0.9981601223769504f,0.0068730554679408105f,-0.06024227091474961f,4.06448358327348f,0f,0.9935545633234155f,0.11335488387898081f,0.4554062088265207f,0.06063307757677716f,0.11314632476466849f,-0.991726544515078f,-3.56913136451277f,0f,0f,0f,1f], start_interpolation: 0, interpolation_duration: 1 }
$data merge entity $(item_display_r_item) { transformation: [-0.4366950535399158f,0.026358542262389567f,0.002984537413387603f,3.755495335017137f,0f,-0.04922292472468359f,0.434722156879021f,-0.3045701643340083f,0.026526971439840008f,0.4339223213103355f,0.0491323605669416f,-3.501837199834386f,0f,0f,0f,1f], start_interpolation: 0, interpolation_duration: 1 }
$data merge entity $(bone_rightarm) { transformation: [-0.9981601223769504f,0.00682179980202882f,-0.060248096599747586f,3.7522279478184366f,0f,0.9936506442949051f,0.11250954222784842f,0.3305251811287885f,0.06063307757677716f,0.11230253843872387f,-0.9918224487093382f,-3.555625919398851f,0f,0f,0f,1f], start_interpolation: 0, interpolation_duration: 1 }
$data merge entity $(item_display_l_item) { transformation: [-0.4366950535399158f,0.026518359626241664f,-0.0006758820188490923f,4.38462024422417f,0f,0.011147084163644029f,0.4373579683904806f,-0.29108703538228553f,0.026526971439840008f,0.4365532832511766f,-0.011126574892929094f,-3.452896976394102f,0f,0f,0f,1f], start_interpolation: 0, interpolation_duration: 1 }
$data merge entity $(bone_leftarm) { transformation: [-0.9981601223769504f,-0.0015448731859407689f,-0.06061339343140952f,4.3760780243040305f,0f,0.9996753563210985f,-0.025479049516900415f,0.3305251811287885f,0.06063307757677716f,-0.025432171183837705f,-0.9978360760026893f,-3.5935215928843367f,0f,0f,0f,1f], start_interpolation: 0, interpolation_duration: 1 }
$data merge entity $(bone_body) { transformation: [-0.9981601223769504f,0.0026447776979739114f,-0.06057536832211404f,4.0625f,0f,0.9990482215818578f,0.043619387365336f,-0.2938799573598726f,0.06063307757677716f,0.043539133030591384f,-0.9972100951146219f,-3.6017857142857133f,0f,0f,0f,1f], start_interpolation: 0, interpolation_duration: 1 }
$data merge entity $(bone_leftleg) { transformation: [-0.9981601223769504f,0.009485103054465939f,-0.05988658377698329f,4.187270015297119f,0f,0.9876883405951378f,0.15643446504023062f,-0.191125f,0.06063307757677716f,0.15614664476852935f,-0.9858711149187298f,-3.6093648489828105f,0f,0f,0f,1f], start_interpolation: 0, interpolation_duration: 1 }
$data merge entity $(bone_rightleg) { transformation: [-0.9981601223769504f,-0.012482083527701927f,-0.059334371887119104f,3.937729984702881f,0f,0.9785809043254722f,-0.2058626087698811f,-0.255f,0.06063307757677716f,-0.2054838467625828f,-0.9767804352172601f,-3.594206579588616f,0f,0f,0f,1f], start_interpolation: 0, interpolation_duration: 1 }
data modify entity @s data merge value {"locators":{},"cameras":{"camera":{"posx":6.125,"posy":0.17488438776400334,"posz":-2.406874848308081,"roty":128.55817426723152,"rotx":-7.220950194547282}}}