# This file was generated by Animated Java via MC-Build. It is not recommended to edit this file directly.
$data merge entity $(bone_left_eye) { transformation: [-0.9980451784758237f,0.0078578216453606f,-0.06200061580460958f,4.206764803364084f,0f,0.9920642390199215f,0.1257320391062851f,0.6846192161648024f,0.0624965736753712f,0.12548625540996156f,-0.9901249304921197f,-3.265008685797868f,0f,0f,0f,1f], start_interpolation: 0, interpolation_duration: 1 }
$data merge entity $(bone_right_eye) { transformation: [-0.9980451784758237f,0.0078578216453606f,-0.06200061580460958f,3.957253508745129f,0f,0.9920642390199215f,0.1257320391062851f,0.6846192161648024f,0.0624965736753712f,0.12548625540996156f,-0.9901249304921197f,-3.2493845423790253f,0f,0f,0f,1f], start_interpolation: 0, interpolation_duration: 1 }
$data merge entity $(bone_right_close) { transformation: [-0.9980451784758237f,0.0078578216453606f,-0.06200061580460958f,3.957744622597964f,0f,0.9920642390199215f,0.1257320391062851f,0.7466232311035474f,0.0624965736753712f,0.12548625540996156f,-0.9901249304921197f,-3.241541651415903f,0f,0f,0f,1f], start_interpolation: 0, interpolation_duration: 1 }
$data merge entity $(bone_left_close) { transformation: [-0.9980451784758237f,0.0078578216453606f,-0.06200061580460958f,4.207255917216919f,0f,0.9920642390199215f,0.1257320391062851f,0.7466232311035474f,0.0624965736753712f,0.12548625540996156f,-0.9901249304921197f,-3.2571657948347457f,0f,0f,0f,1f], start_interpolation: 0, interpolation_duration: 1 }
$data merge entity $(bone_left_eyebrow) { transformation: [-0.9980451784758237f,0.0078578216453606f,-0.06200061580460958f,4.207063346714274f,0f,0.9920642390199215f,0.1257320391062851f,0.7218137668756054f,0.0624965736753712f,0.12548625540996156f,-0.9901249304921197f,-3.2602410684118386f,0f,0f,0f,1f], start_interpolation: 0, interpolation_duration: 1 }
$data merge entity $(bone_right_eyebrow) { transformation: [-0.9980451784758237f,0.0078578216453606f,-0.06200061580460958f,3.957552052095318f,0f,0.9920642390199215f,0.1257320391062851f,0.7218137668756054f,0.0624965736753712f,0.12548625540996156f,-0.9901249304921197f,-3.2446169249929957f,0f,0f,0f,1f], start_interpolation: 0, interpolation_duration: 1 }
$data merge entity $(bone_talking) { transformation: [-0.9980451784758237f,0.0078578216453606f,-0.06200061580460958f,4.0606695082043265f,0f,0.9920642390199215f,0.1257320391062851f,0.47589441863053616f,0.0624965736753712f,0.12548625540996156f,-0.9901249304921197f,-3.5979822187197246f,0f,0f,0f,1f], start_interpolation: 0, interpolation_duration: 1 }
$data merge entity $(bone_m_opened) { transformation: [-0.9980451784758237f,0.0078578216453606f,-0.06200061580460958f,4.0606695082043265f,0f,0.9920642390199215f,0.1257320391062851f,0.47589441863053616f,0.0624965736753712f,0.12548625540996156f,-0.9901249304921197f,-3.5979822187197246f,0f,0f,0f,1f], start_interpolation: 0, interpolation_duration: 1 }
$data merge entity $(bone_head) { transformation: [-0.9980451784758237f,0.0078578216453606f,-0.06200061580460958f,4.064544546692114f,0f,0.9920642390199215f,0.1257320391062851f,0.4680361661863933f,0.0624965736753712f,0.12548625540996156f,-0.9901249304921197f,-3.536099410563967f,0f,0f,0f,1f], start_interpolation: 0, interpolation_duration: 1 }
$data merge entity $(item_display_r_item) { transformation: [-0.4366447655831729f,0.02720487366285745f,0.0027374327030918744f,3.756176873535657f,0f,-0.04380132449037999f,0.435301842372495f,-0.29121930046929745f,0.0273422509829749f,0.4344509049615116f,0.043715700718478766f,-3.4603331672338142f,0f,0f,0f,1f], start_interpolation: 0, interpolation_duration: 1 }
$data merge entity $(bone_rightarm) { transformation: [-0.9980451784758237f,0.006256989035638583f,-0.0621825683722456f,3.7523146706364003f,0f,0.99497563970856f,0.10011731312086877f,0.3431551384886611f,0.0624965736753712f,0.0999216016422374f,-0.9930306399120266f,-3.522010996196419f,0f,0f,0f,1f], start_interpolation: 0, interpolation_duration: 1 }
$data merge entity $(item_display_l_item) { transformation: [-0.4366447655831729f,0.02733993388565406f,-0.00035595497476054736f,4.384412823972206f,0f,0.005695591835314051f,0.43746292441033846f,-0.2801645844303041f,0.0273422509829749f,0.4366077624696721f,-0.0056844579698014566f,-3.4282056255096176f,0f,0f,0f,1f], start_interpolation: 0, interpolation_duration: 1 }
$data merge entity $(bone_leftarm) { transformation: [-0.9980451784758237f,-0.0008136113708812373f,-0.06249127745292357f,4.37609290718379f,0f,0.9999152557950594f,-0.013018495623574752f,0.3431551384886611f,0.0624965736753712f,-0.012993046788117392f,-0.9979605999306791f,-3.5610713547435258f,0f,0f,0f,1f], start_interpolation: 0, interpolation_duration: 1 }
$data merge entity $(bone_body) { transformation: [-0.9980451784758237f,0.002726062256152277f,-0.06243709078533915f,4.0625f,0f,0.9990482215818578f,0.043619387365336f,-0.28125f,0.0624965736753712f,0.04353411924804286f,-0.9970952606146196f,-3.568749999999999f,0f,0f,0f,1f], start_interpolation: 0, interpolation_duration: 1 }
$data merge entity $(bone_leftleg) { transformation: [-0.9980451784758237f,0.007616416398888906f,-0.06203073369225805f,4.1872556473094775f,0f,0.9925461516413221f,0.12186934340514737f,-0.189125f,0.0624965736753712f,0.12163111058952175f,-0.9906059010603553f,-3.5765620717094206f,0f,0f,0f,1f], start_interpolation: 0, interpolation_duration: 1 }
$data merge entity $(bone_rightleg) { transformation: [-0.9980451784758237f,-0.010570624419647049f,-0.06159613316223562f,3.937744352690522f,0f,0.985592161934944f,-0.16913926313072017f,-0.25611111111111107f,0.0624965736753712f,-0.16880862605856892f,-0.9836655051627342f,-3.5609379282905778f,0f,0f,0f,1f], start_interpolation: 0, interpolation_duration: 1 }
data modify entity @s data merge value {"locators":{},"cameras":{"camera":{"posx":6.125,"posy":0.17961276205984125,"posz":-2.3451429879910433,"roty":128.4725715177785,"rotx":-6.3556225304063245}}}