# This file was generated by Animated Java via MC-Build. It is not recommended to edit this file directly.
$data merge entity $(bone_left_eye) { transformation: [-0.9979270134495684f,0.008400124451603774f,-0.06380527985067246f,4.207397599920808f,0f,0.9914448613738104f,0.1305261922200516f,0.6958957908347055f,0.06435585309530951f,0.1302556131791004f,-0.9893896095106881f,-3.2312007379572596f,0f,0f,0f,1f], start_interpolation: 0, interpolation_duration: 1 }
$data merge entity $(bone_right_eye) { transformation: [-0.9979270134495684f,0.008400124451603774f,-0.06380527985067246f,3.957915846558416f,0f,0.9914448613738104f,0.1305261922200516f,0.6958957908347055f,0.06435585309530951f,0.1302556131791004f,-0.9893896095106881f,-3.215111774683432f,0f,0f,0f,1f], start_interpolation: 0, interpolation_duration: 1 }
$data merge entity $(bone_right_close) { transformation: [-0.9979270134495684f,0.008400124451603774f,-0.06380527985067246f,3.958440854336641f,0f,0.9914448613738104f,0.1305261922200516f,0.7578610946705686f,0.06435585309530951f,0.1302556131791004f,-0.9893896095106881f,-3.206970798859738f,0f,0f,0f,1f], start_interpolation: 0, interpolation_duration: 1 }
$data merge entity $(bone_left_close) { transformation: [-0.9979270134495684f,0.008400124451603774f,-0.06380527985067246f,4.207922607699033f,0f,0.9914448613738104f,0.1305261922200516f,0.7578610946705686f,0.06435585309530951f,0.1302556131791004f,-0.9893896095106881f,-3.2230597621335657f,0f,0f,0f,1f], start_interpolation: 0, interpolation_duration: 1 }
$data merge entity $(bone_left_eyebrow) { transformation: [-0.9979270134495684f,0.008400124451603774f,-0.06380527985067246f,4.207716592417734f,0f,0.9914448613738104f,0.1305261922200516f,0.7330668152492097f,0.06435585309530951f,0.1302556131791004f,-0.9893896095106881f,-3.2262543156124486f,0f,0f,0f,1f], start_interpolation: 0, interpolation_duration: 1 }
$data merge entity $(bone_right_eyebrow) { transformation: [-0.9979270134495684f,0.008400124451603774f,-0.06380527985067246f,3.9582348390553417f,0f,0.9914448613738104f,0.1305261922200516f,0.7330668152492097f,0.06435585309530951f,0.1302556131791004f,-0.9893896095106881f,-3.2101653523386213f,0f,0f,0f,1f], start_interpolation: 0, interpolation_duration: 1 }
$data merge entity $(bone_talking) { transformation: [-0.9979270134495684f,0.008400124451603774f,-0.06380527985067246f,4.060617542173376f,0f,0.9914448613738104f,0.1305261922200516f,0.48882401056001906f,0.06435585309530951f,0.1302556131791004f,-0.9893896095106881f,-3.564904412587211f,0f,0f,0f,1f], start_interpolation: 0, interpolation_duration: 1 }
$data merge entity $(bone_m_opened) { transformation: [-0.9979270134495684f,0.008400124451603774f,-0.06380527985067246f,4.060617542173376f,0f,0.9914448613738104f,0.1305261922200516f,0.48882401056001906f,0.06435585309530951f,0.1302556131791004f,-0.9893896095106881f,-3.564904412587211f,0f,0f,0f,1f], start_interpolation: 0, interpolation_duration: 1 }
$data merge entity $(bone_head) { transformation: [-0.9979270134495684f,0.008400124451603774f,-0.06380527985067246f,4.064605372164043f,0f,0.9914448613738104f,0.1305261922200516f,0.4806661235462658f,0.06435585309530951f,0.1302556131791004f,-0.9893896095106881f,-3.503067561992793f,0f,0f,0f,1f], start_interpolation: 0, interpolation_duration: 1 }
$data merge entity $(item_display_r_item) { transformation: [-0.43659306838418616f,0.02805247387931597f,0.0024085987900964814f,3.756976422222903f,0f,-0.03742625844038463f,0.4358962321231436f,-0.27761702388178144f,0.028155685729197914f,0.43499262509656855f,0.03734867431000474f,-3.4174691203646015f,0f,0f,0f,1f], start_interpolation: 0, interpolation_duration: 1 }
$data merge entity $(bone_rightarm) { transformation: [-0.9979270134495684f,0.005505368663077686f,-0.06411994029557935f,3.7524022851003793f,0f,0.9963342448528997f,0.08554573357802223f,0.3557850958485336f,0.06435585309530951f,0.0853683984228682f,-0.9942688573635853f,-3.488397478520757f,0f,0f,0f,1f], start_interpolation: 0, interpolation_duration: 1 }
$data merge entity $(item_display_l_item) { transformation: [-0.43659306838418616f,0.02815564896346372f,0.000045500852336742636f,4.384086138421154f,0f,-0.0007070196438753932f,0.4374994287118821f,-0.26941609363811947f,0.028155685729197914f,0.43659249828034086f,0.0007055540016627458f,-3.4048871071990328f,0f,0f,0f,1f], start_interpolation: 0, interpolation_duration: 1 }
$data merge entity $(bone_leftarm) { transformation: [-0.9979270134495684f,0.00010400194819828318f,-0.06435576905934565f,4.37610666850636f,0f,0.9999986941985876f,0.0016160449002868352f,0.3557850958485336f,0.06435585309530951f,0.0016126948609436406f,-0.9979257103550648f,-3.528619886705326f,0f,0f,0f,1f], start_interpolation: 0, interpolation_duration: 1 }
$data merge entity $(bone_body) { transformation: [-0.9979270134495684f,0.0028071628853909634f,-0.06429460058325227f,4.0625f,0f,0.9990482215818578f,0.043619387365336f,-0.2686200426401275f,0.06435585309530951f,0.04352896496198959f,-0.996977208055286f,-3.535714285714285f,0f,0f,0f,1f], start_interpolation: 0, interpolation_duration: 1 }
$data merge entity $(bone_leftleg) { transformation: [-0.9979270134495684f,0.005608982176680878f,-0.0641109596447186f,4.187240876681196f,0f,0.9961946980917455f,0.08715574274765818f,-0.1875f,0.06435585309530951f,0.0869750700651494f,-0.99412959988099f,-3.543758767351199f,0f,0f,0f,1f], start_interpolation: 0, interpolation_duration: 1 }
$data merge entity $(bone_rightleg) { transformation: [-0.9979270134495684f,-0.008090690217535846f,-0.0638452547917927f,3.937759123318804f,0f,0.9920660160815423f,-0.12571801675216274f,-0.2569444444444444f,0.06435585309530951f,-0.12545740499428856f,-0.9900094765730649f,-3.5276698040773713f,0f,0f,0f,1f], start_interpolation: 0, interpolation_duration: 1 }
data modify entity @s data merge value {"locators":{},"cameras":{"camera":{"posx":6.125,"posy":0.18436502134219976,"posz":-2.2831868164962463,"roty":128.38960057417626,"rotx":-5.575563772433409}}}