# This file was generated by Animated Java via MC-Build. It is not recommended to edit this file directly.
$data merge entity $(bone_left_eye) { transformation: [-0.9978057637648082f,0.00842380393212662f,-0.06567113007281683f,4.207915457437651f,0f,0.9918732263968503f,0.12723011733509704f,0.7070384780405858f,0.06620919722914435f,0.12695094440143267f,-0.9896968222227738f,-3.1991500223323963f,0f,0f,0f,1f], start_interpolation: 0, interpolation_duration: 1 }
$data merge entity $(bone_right_eye) { transformation: [-0.9978057637648082f,0.00842380393212662f,-0.06567113007281683f,3.958464016496449f,0f,0.9918732263968503f,0.12723011733509704f,0.7070384780405858f,0.06620919722914435f,0.12695094440143267f,-0.9896968222227738f,-3.18259772302511f,0f,0f,0f,1f], start_interpolation: 0, interpolation_duration: 1 }
$data merge entity $(bone_right_close) { transformation: [-0.9978057637648082f,0.00842380393212662f,-0.06567113007281683f,3.958990504242207f,0f,0.9918732263968503f,0.12723011733509704f,0.769030554690389f,0.06620919722914435f,0.12695094440143267f,-0.9896968222227738f,-3.17466328900002f,0f,0f,0f,1f], start_interpolation: 0, interpolation_duration: 1 }
$data merge entity $(bone_left_close) { transformation: [-0.9978057637648082f,0.00842380393212662f,-0.06567113007281683f,4.208441945183409f,0f,0.9918732263968503f,0.12723011733509704f,0.769030554690389f,0.06620919722914435f,0.12695094440143267f,-0.9896968222227738f,-3.1912155883073066f,0f,0f,0f,1f], start_interpolation: 0, interpolation_duration: 1 }
$data merge entity $(bone_left_eyebrow) { transformation: [-0.9978057637648082f,0.00842380393212662f,-0.06567113007281683f,4.208235454530735f,0f,0.9918732263968503f,0.12723011733509704f,0.7442257721481343f,0.06620919722914435f,0.12695094440143267f,-0.9896968222227738f,-3.194327505865953f,0f,0f,0f,1f], start_interpolation: 0, interpolation_duration: 1 }
$data merge entity $(bone_right_eyebrow) { transformation: [-0.9978057637648082f,0.00842380393212662f,-0.06567113007281683f,3.958784013589533f,0f,0.9918732263968503f,0.12723011733509704f,0.7442257721481343f,0.06620919722914435f,0.12695094440143267f,-0.9896968222227738f,-3.177775206558667f,0f,0f,0f,1f], start_interpolation: 0, interpolation_duration: 1 }
$data merge entity $(bone_talking) { transformation: [-0.9978057637648082f,0.00842380393212662f,-0.06567113007281683f,4.060561557836263f,0f,0.9918732263968503f,0.12723011733509704f,0.49882958310859105f,0.06620919722914435f,0.12695094440143267f,-0.9896968222227738f,-3.531891865723728f,0f,0f,0f,1f], start_interpolation: 0, interpolation_duration: 1 }
$data merge entity $(bone_m_opened) { transformation: [-0.9978057637648082f,0.00842380393212662f,-0.06567113007281683f,4.060561557836263f,0f,0.9918732263968503f,0.12723011733509704f,0.49882958310859105f,0.06620919722914435f,0.12695094440143267f,-0.9896968222227738f,-3.531891865723728f,0f,0f,0f,1f], start_interpolation: 0, interpolation_duration: 1 }
$data merge entity $(bone_head) { transformation: [-0.9978057637648082f,0.00842380393212662f,-0.06567113007281683f,4.064666003465814f,0f,0.9918732263968503f,0.12723011733509704f,0.4908777007751475f,0.06620919722914435f,0.12695094440143267f,-0.9896968222227738f,-3.4700358143348047f,0f,0f,0f,1f], start_interpolation: 0, interpolation_duration: 1 }
$data merge entity $(item_display_r_item) { transformation: [-0.4365400216471036f,0.028896666354548607f,0.002010515839336532f,3.7578747266139234f,0f,-0.03036611110656287f,0.4364448983505981f,-0.26617207059674286f,0.028966523787750654f,0.43548723513997256f,0.030299480685251f,-3.3736459477981198f,0f,0f,0f,1f], start_interpolation: 0, interpolation_duration: 1 }
$data merge entity $(bone_rightarm) { transformation: [-0.9978057637648082f,0.004595464775626374f,-0.0660495230961111f,3.752490701711676f,0f,0.9975883390870813f,0.06940825395785821f,0.36599667307741524f,0.06620919722914435f,0.0692559558520025f,-0.9953993946056516f,-3.4547858997163248f,0f,0f,0f,1f], start_interpolation: 0, interpolation_duration: 1 }
$data merge entity $(item_display_l_item) { transformation: [-0.4365400216471036f,0.028961933816210754f,0.0005156451994854055f,4.383657506298619f,0f,-0.007788120398149547f,0.437430674713907f,-0.26112946805620896f,0.028966523787750654f,0.43647084847706535f,0.007771031422167892f,-3.3825621647370467f,0f,0f,0f,1f], start_interpolation: 0, interpolation_duration: 1 }
$data merge entity $(bone_leftarm) { transformation: [-0.9978057637648082f,0.0011786175988237988f,-0.06619870586562458f,4.376119304064681f,0f,0.999841542203216f,0.01780141805291347f,0.36599667307741524f,0.06620919722914435f,0.017762357536383975f,-0.9976476536618637f,-3.49616664798454f,0f,0f,0f,1f], start_interpolation: 0, interpolation_duration: 1 }
$data merge entity $(bone_body) { transformation: [-0.9978057637648082f,0.0028880046210859787f,-0.06614618074413914f,4.0625f,0f,0.9990482215818578f,0.043619387365336f,-0.25840846541124585f,0.06620919722914435f,0.043523676125022115f,-0.9968560737733589f,-3.502678571428571f,0f,0f,0f,1f], start_interpolation: 0, interpolation_duration: 1 }
$data merge entity $(bone_leftleg) { transformation: [-0.9978057637648082f,0.003465121649064945f,-0.06611845982541424f,4.187225720470601f,0f,0.9986295347545738f,0.05233595624294395f,-0.1855f,0.06620919722914435f,0.05222111879135227f,-0.9964383056438827f,-3.5109547210822143f,0f,0f,0f,1f], start_interpolation: 0, interpolation_duration: 1 }
$data merge entity $(bone_rightleg) { transformation: [-0.9978057637648082f,-0.005125590532492644f,-0.0660105000694659f,3.937774279529399f,0f,0.9969989492699817f,-0.07741508350801196f,-0.25749999999999995f,0.06620919722914435f,-0.07724521652662829f,-0.9948112980490453f,-3.494402421774928f,0f,0f,0f,1f], start_interpolation: 0, interpolation_duration: 1 }
data modify entity @s data merge value {"locators":{},"cameras":{"camera":{"posx":6.125,"posy":0.1891399416909621,"posz":-2.2210276967930023,"roty":128.332477087215,"rotx":-5.057387601681965}}}