# This file was generated by Animated Java via MC-Build. It is not recommended to edit this file directly.
$data merge entity $(bone_left_eye) { transformation: [-0.9976815785431005f,0.008060825265939703f,-0.06757581617545748f,4.208345742082803f,0f,0.99296050232009f,0.11844594054772101f,0.7158403766501681f,0.06805488840448741f,0.11817133293767251f,-0.9906584013856575f,-3.168303590181287f,0f,0f,0f,1f], start_interpolation: 0, interpolation_duration: 1 }
$data merge entity $(bone_right_eye) { transformation: [-0.9976815785431005f,0.008060825265939703f,-0.06757581617545748f,3.9589253474470274f,0f,0.99296050232009f,0.11844594054772101f,0.7158403766501681f,0.06805488840448741f,0.11817133293767251f,-0.9906584013856575f,-3.1512898680801653f,0f,0f,0f,1f], start_interpolation: 0, interpolation_duration: 1 }
$data merge entity $(bone_right_close) { transformation: [-0.9976815785431005f,0.008060825265939703f,-0.06757581617545748f,3.959429149026148f,0f,0.99296050232009f,0.11844594054772101f,0.7779004080451737f,0.06805488840448741f,0.11817133293767251f,-0.9906584013856575f,-3.1439041597715605f,0f,0f,0f,1f], start_interpolation: 0, interpolation_duration: 1 }
$data merge entity $(bone_left_close) { transformation: [-0.9976815785431005f,0.008060825265939703f,-0.06757581617545748f,4.208849543661923f,0f,0.99296050232009f,0.11844594054772101f,0.7779004080451737f,0.06805488840448741f,0.11817133293767251f,-0.9906584013856575f,-3.160917881872682f,0f,0f,0f,1f], start_interpolation: 0, interpolation_duration: 1 }
$data merge entity $(bone_left_eyebrow) { transformation: [-0.9976815785431005f,0.008060825265939703f,-0.06757581617545748f,4.208652246518786f,0f,0.99296050232009f,0.11844594054772101f,0.7530689926158873f,0.06805488840448741f,0.11817133293767251f,-0.9906584013856575f,-3.163810249046038f,0f,0f,0f,1f], start_interpolation: 0, interpolation_duration: 1 }
$data merge entity $(bone_right_eyebrow) { transformation: [-0.9976815785431005f,0.008060825265939703f,-0.06757581617545748f,3.9592318518830103f,0f,0.99296050232009f,0.11844594054772101f,0.7530689926158873f,0.06805488840448741f,0.11817133293767251f,-0.9906584013856575f,-3.146796526944916f,0f,0f,0f,1f], start_interpolation: 0, interpolation_duration: 1 }
$data merge entity $(bone_talking) { transformation: [-0.9976815785431005f,0.008060825265939703f,-0.06757581617545748f,4.060502895893599f,0f,0.99296050232009f,0.11844594054772101f,0.5046146074913084f,0.06805488840448741f,0.11817133293767251f,-0.9906584013856575f,-3.498920312798162f,0f,0f,0f,1f], start_interpolation: 0, interpolation_duration: 1 }
$data merge entity $(bone_m_opened) { transformation: [-0.9976815785431005f,0.008060825265939703f,-0.06757581617545748f,4.060502895893599f,0f,0.99296050232009f,0.11844594054772101f,0.5046146074913084f,0.06805488840448741f,0.11817133293767251f,-0.9906584013856575f,-3.498920312798162f,0f,0f,0f,1f], start_interpolation: 0, interpolation_duration: 1 }
$data merge entity $(bone_head) { transformation: [-0.9976815785431005f,0.008060825265939703f,-0.06757581617545748f,4.064726384404565f,0f,0.99296050232009f,0.11844594054772101f,0.4972117362070758f,0.06805488840448741f,0.11817133293767251f,-0.9906584013856575f,-3.4370041627115584f,0f,0f,0f,1f], start_interpolation: 0, interpolation_duration: 1 }
$data merge entity $(item_display_r_item) { transformation: [-0.43648569061260645f,0.029733229569160868f,0.0015578670750651287f,3.7588495110977997f,0f,-0.022891332446331743f,0.4369007174391358f,-0.25835355424551654f,0.02977401367696324f,0.43588779744129f,0.022838260690011148f,-3.329263508492877f,0f,0f,0f,1f], start_interpolation: 0, interpolation_duration: 1 }
$data merge entity $(bone_rightarm) { transformation: [-0.9976815785431005f,0.003560839028720309f,-0.06796166758665341f,3.7525798270424184f,0f,0.9986302112894532f,0.05232304559161563f,0.3723307085093436f,0.06805488840448741f,0.0522017387200257f,-0.9963149655800915f,-3.4211767924903724f,0f,0f,0f,1f], start_interpolation: 0, interpolation_duration: 1 }
$data merge entity $(item_display_l_item) { transformation: [-0.43648569061260645f,0.02975586271597219f,0.0010394827868752583f,4.383147513283741f,0f,-0.015274182520101185f,0.43723328938719047f,-0.25665232847810027f,0.02977401367696324f,0.4362195983474044f,0.015238770527609982f,-3.360846598969076f,0f,0f,0f,1f], start_interpolation: 0, interpolation_duration: 1 }
$data merge entity $(bone_leftarm) { transformation: [-0.9976815785431005f,0.002375960655714891f,-0.06801340049365072f,4.376130813631857f,0f,0.9993903757421496f,0.03491241718880293f,0.3723307085093436f,0.06805488840448741f,0.03483147549168018f,-0.9970733676512101f,-3.463711097743177f,0f,0f,0f,1f], start_interpolation: 0, interpolation_duration: 1 }
$data merge entity $(bone_body) { transformation: [-0.9976815785431005f,0.0029685125394200494f,-0.06799011523045494f,4.0625f,0f,0.9990482215818578f,0.043619387365336f,-0.2520744299793175f,0.06805488840448741f,0.043518259241731395f,-0.9967320067484651f,-3.469642857142857f,0f,0f,0f,1f], start_interpolation: 0, interpolation_duration: 1 }
$data merge entity $(bone_leftleg) { transformation: [-0.9976815785431005f,0.001187721572479104f,-0.06804452331535216f,4.187210197317888f,0f,0.9998476951563913f,0.017452406437283758f,-0.18337500000000007f,0.06805488840448741f,0.017411944403725028f,-0.9975296268063092f,-3.478149718193418f,0f,0f,0f,1f], start_interpolation: 0, interpolation_duration: 1 }
$data merge entity $(bone_rightleg) { transformation: [-0.9976815785431005f,-0.0017788306837418857f,-0.06803163673722552f,3.9377898026821123f,0f,0.9996583394990866f,-0.02613817648438893f,-0.2577777777777778f,0.06805488840448741f,-0.026077577175183296f,-0.9973407101552233f,-3.4611359960922963f,0f,0f,0f,1f], start_interpolation: 0, interpolation_duration: 1 }
data modify entity @s data merge value {"locators":{},"cameras":{"camera":{"posx":6.125,"posy":0.19393629918601152,"posz":-2.15868699185062,"roty":128.27904985367132,"rotx":-4.56944510318627}}}