# This file was generated by Animated Java via MC-Build. It is not recommended to edit this file directly.
$data merge entity $(bone_left_eye) { transformation: [-0.9975546194439165f,0.007396423004969463f,-0.06949873490096291f,4.208704575726646f,0f,0.9943844864917185f,0.10582765718186031f,0.7214253735138578f,0.06989120993446f,0.10556886828669192f,-0.9919528380031806f,-3.138328576503778f,0f,0f,0f,1f], start_interpolation: 0, interpolation_duration: 1 }
$data merge entity $(bone_right_eye) { transformation: [-0.9975546194439165f,0.007396423004969463f,-0.06949873490096291f,3.9593159208656665f,0f,0.9943844864917185f,0.10582765718186031f,0.7214253735138578f,0.06989120993446f,0.10556886828669192f,-0.9919528380031806f,-3.120855774020163f,0f,0f,0f,1f], start_interpolation: 0, interpolation_duration: 1 }
$data merge entity $(bone_right_close) { transformation: [-0.9975546194439165f,0.007396423004969463f,-0.06949873490096291f,3.9597781973034767f,0f,0.9943844864917185f,0.10582765718186031f,0.7835744039195902f,0.06989120993446f,0.10556886828669192f,-0.9919528380031806f,-3.1142577197522447f,0f,0f,0f,1f], start_interpolation: 0, interpolation_duration: 1 }
$data merge entity $(bone_left_close) { transformation: [-0.9975546194439165f,0.007396423004969463f,-0.06949873490096291f,4.209166852164456f,0f,0.9943844864917185f,0.10582765718186031f,0.7835744039195902f,0.06989120993446f,0.10556886828669192f,-0.9919528380031806f,-3.13173052223586f,0f,0f,0f,1f], start_interpolation: 0, interpolation_duration: 1 }
$data merge entity $(bone_left_eyebrow) { transformation: [-0.9975546194439165f,0.007396423004969463f,-0.06949873490096291f,4.208986285260263f,0f,0.9943844864917185f,0.10582765718186031f,0.7587081775287235f,0.06989120993446f,0.10556886828669192f,-0.9919528380031806f,-3.1343077468906517f,0f,0f,0f,1f], start_interpolation: 0, interpolation_duration: 1 }
$data merge entity $(bone_right_eyebrow) { transformation: [-0.9975546194439165f,0.007396423004969463f,-0.06949873490096291f,3.959597630399284f,0f,0.9943844864917185f,0.10582765718186031f,0.7587081775287235f,0.06989120993446f,0.10556886828669192f,-0.9919528380031806f,-3.116834944407037f,0f,0f,0f,1f], start_interpolation: 0, interpolation_duration: 1 }
$data merge entity $(bone_talking) { transformation: [-0.9975546194439165f,0.007396423004969463f,-0.06949873490096291f,4.060442787888363f,0f,0.9943844864917185f,0.10582765718186031f,0.5059003947602596f,0.06989120993446f,0.10556886828669192f,-0.9919528380031806f,-3.4659696542096374f,0f,0f,0f,1f], start_interpolation: 0, interpolation_duration: 1 }
$data merge entity $(bone_m_opened) { transformation: [-0.9975546194439165f,0.007396423004969463f,-0.06949873490096291f,4.060442787888363f,0f,0.9943844864917185f,0.10582765718186031f,0.5059003947602596f,0.06989120993446f,0.10556886828669192f,-0.9919528380031806f,-3.4659696542096374f,0f,0f,0f,1f], start_interpolation: 0, interpolation_duration: 1 }
$data merge entity $(bone_head) { transformation: [-0.9975546194439165f,0.007396423004969463f,-0.06949873490096291f,4.064786458819673f,0f,0.9943844864917185f,0.10582765718186031f,0.4992861661863933f,0.06989120993446f,0.10556886828669192f,-0.9919528380031806f,-3.4039726018344387f,0f,0f,0f,1f], start_interpolation: 0, interpolation_duration: 1 }
$data merge entity $(item_display_r_item) { transformation: [-0.4364301460067135f,0.030558763618894636f,0.0010675310970896528f,3.7598755946687734f,0f,-0.015274182520101204f,0.43723328938719047f,-0.25457789849878276f,0.03057740434632625f,0.4361640876028506f,0.015236831331156477f,-3.2847192800583516f,0f,0f,0f,1f], start_interpolation: 0, interpolation_duration: 1 }
$data merge entity $(bone_rightarm) { transformation: [-0.9975546194439165f,0.0024400710790620788f,-0.06984860255747345f,3.752669563773503f,0f,0.9993903757421496f,0.034912417188802974f,0.3744051384886611f,0.06989120993446f,0.0348270430426436f,-0.9969464859493727f,-3.3875706889003707f,0f,0f,0f,1f], start_interpolation: 0, interpolation_duration: 1 }
$data merge entity $(item_display_l_item) { transformation: [-0.4364301460067135f,0.03053551976305483f,0.0015999029216860862f,4.382580059541558f,0f,-0.022891332446331722f,0.4369007174391358f,-0.25627912426619903f,0.03057740434632625f,0.4358323289197711f,0.02283535442706462f,-3.3393511074567086f,0f,0f,0f,1f], start_interpolation: 0, interpolation_duration: 1 }
$data merge entity $(bone_leftarm) { transformation: [-0.9975546194439165f,0.003656920963853927f,-0.06979547374412533f,4.376141200925951f,0f,0.9986302112894532f,0.05232304559161559f,0.3744051384886611f,0.06989120993446f,0.05219509583329078f,-0.9961881803880482f,-3.431252695109408f,0f,0f,0f,1f], start_interpolation: 0, interpolation_duration: 1 }
$data merge entity $(bone_body) { transformation: [-0.9975546194439165f,0.0030486117595632306f,-0.06982468898922654f,4.0625f,0f,0.9990482215818578f,0.043619387365336f,-0.25f,0.06989120993446f,0.04351272136360453f,-0.9966051684862117f,-3.436607142857142f,0f,0f,0f,1f], start_interpolation: 0, interpolation_duration: 1 }
$data merge entity $(bone_leftleg) { transformation: [-0.9975546194439165f,-0.0012197698021697203f,-0.06988056516466132f,4.18719432743049f,0f,0.9998476951563913f,-0.017452406437283758f,-0.18225000000000002f,0.06989120993446f,-0.01740972866192516f,-0.997402687043611f,-3.4453435440989497f,0f,0f,0f,1f], start_interpolation: 0, interpolation_duration: 1 }
$data merge entity $(bone_rightleg) { transformation: [-0.9975546194439165f,0.0018268287799743817f,-0.06986733086866435f,3.9378056725695103f,0f,0.9996583394990866f,0.026138176484388775f,-0.2577777777777778f,0.06989120993446f,0.026074258695842373f,-0.9972137944329488f,-3.4278707416153344f,0f,0f,0f,1f], start_interpolation: 0, interpolation_duration: 1 }
data modify entity @s data merge value {"locators":{},"cameras":{"camera":{"posx":6.125,"posy":0.19875286990723134,"posz":-2.0961860646384096,"roty":128.22925724524856,"rotx":-4.111057262194972}}}