# This file was generated by Animated Java via MC-Build. It is not recommended to edit this file directly.
$data merge entity $(bone_left_eye) { transformation: [-0.9974250605180804f,0.006528672188692889f,-0.07141866065641536f,4.209011136360332f,0f,0.9958477375236163f,0.0910345191072853f,0.7232623463569994f,0.07171644616476491f,0.09080011072981839f,-0.9932834898662865f,-3.1088847816310237f,0f,0f,0f,1f], start_interpolation: 0, interpolation_duration: 1 }
$data merge entity $(bone_right_eye) { transformation: [-0.9974250605180804f,0.006528672188692889f,-0.07141866065641536f,3.959654871230812f,0f,0.9958477375236163f,0.0910345191072853f,0.7232623463569994f,0.07171644616476491f,0.09080011072981839f,-0.9932834898662865f,-3.0909556700898326f,0f,0f,0f,1f], start_interpolation: 0, interpolation_duration: 1 }
$data merge entity $(bone_right_close) { transformation: [-0.9974250605180804f,0.006528672188692889f,-0.07141866065641536f,3.9600629132426053f,0f,0.9958477375236163f,0.0910345191072853f,0.7855028299522254f,0.07171644616476491f,0.09080011072981839f,-0.9932834898662865f,-3.0852806631692187f,0f,0f,0f,1f], start_interpolation: 0, interpolation_duration: 1 }
$data merge entity $(bone_left_close) { transformation: [-0.9974250605180804f,0.006528672188692889f,-0.07141866065641536f,4.2094191783721255f,0f,0.9958477375236163f,0.0910345191072853f,0.7855028299522254f,0.07171644616476491f,0.09080011072981839f,-0.9932834898662865f,-3.1032097747104097f,0f,0f,0f,1f], start_interpolation: 0, interpolation_duration: 1 }
$data merge entity $(bone_left_eyebrow) { transformation: [-0.9974250605180804f,0.006528672188692889f,-0.07141866065641536f,4.2092604252336985f,0f,0.9958477375236163f,0.0910345191072853f,0.7606009468566908f,0.07171644616476491f,0.09080011072981839f,-0.9932834898662865f,-3.1054176972605387f,0f,0f,0f,1f], start_interpolation: 0, interpolation_duration: 1 }
$data merge entity $(bone_right_eyebrow) { transformation: [-0.9974250605180804f,0.006528672188692889f,-0.07141866065641536f,3.9599041601041782f,0f,0.9958477375236163f,0.0910345191072853f,0.7606009468566908f,0.07171644616476491f,0.09080011072981839f,-0.9932834898662865f,-3.0874885857193477f,0f,0f,0f,1f], start_interpolation: 0, interpolation_duration: 1 }
$data merge entity $(bone_talking) { transformation: [-0.9974250605180804f,0.006528672188692889f,-0.07141866065641536f,4.060382504293268f,0f,0.9958477375236163f,0.0910345191072853f,0.502748699197122f,0.07171644616476491f,0.09080011072981839f,-0.9932834898662865f,-3.433021344126097f,0f,0f,0f,1f], start_interpolation: 0, interpolation_duration: 1 }
$data merge entity $(bone_m_opened) { transformation: [-0.9974250605180804f,0.006528672188692889f,-0.07141866065641536f,4.060382504293268f,0f,0.9958477375236163f,0.0910345191072853f,0.502748699197122f,0.07171644616476491f,0.09080011072981839f,-0.9932834898662865f,-3.433021344126097f,0f,0f,0f,1f], start_interpolation: 0, interpolation_duration: 1 }
$data merge entity $(bone_head) { transformation: [-0.9974250605180804f,0.006528672188692889f,-0.07141866065641536f,4.064846170584294f,0f,0.9958477375236163f,0.0910345191072853f,0.4970590417529166f,0.07171644616476491f,0.09080011072981839f,-0.9932834898662865f,-3.370941126009454f,0f,0f,0f,1f], start_interpolation: 0, interpolation_duration: 1 }
$data merge entity $(item_display_r_item) { transformation: [-0.4363734639766602f,0.0313709734339367f,0.0005585363172586015f,3.760925036983863f,0f,-0.007788120398149574f,0.437430674713907f,-0.25494812707843983f,0.03137594519708465f,0.43630431719898344f,0.007768066459446435f,-3.2404069817999366f,0f,0f,0f,1f], start_interpolation: 0, interpolation_duration: 1 }
$data merge entity $(bone_rightarm) { transformation: [-0.9974250605180804f,0.0012766544394482479f,-0.07170508213471247f,3.752759810741679f,0f,0.999841542203216f,0.017801418052913534f,0.37217801405518436f,0.07171644616476491f,0.01775558047873493f,-0.9972670107405336f,-3.353968120343294f,0f,0f,0f,1f], start_interpolation: 0, interpolation_duration: 1 }
$data merge entity $(item_display_l_item) { transformation: [-0.4363734639766602f,0.03130027705644696f,0.002177749572407084f,4.381982339049597f,0f,-0.030366111106562847f,0.4364448983505981f,-0.25999072961897374f,0.03137594519708465f,0.4353210791501527f,0.0302879202081622f,-3.317681905450746f,0f,0f,0f,1f], start_interpolation: 0, interpolation_duration: 1 }
$data merge entity $(bone_leftarm) { transformation: [-0.9974250605180804f,0.004977713308359066f,-0.0715434904147359f,4.376150473565479f,0f,0.9975883390870813f,0.06940825395785816f,0.37217801405518436f,0.07171644616476491f,0.06922953190437096f,-0.9950196094860634f,-3.398790899196272f,0f,0f,0f,1f], start_interpolation: 0, interpolation_duration: 1 }
$data merge entity $(bone_body) { transformation: [-0.9974250605180804f,0.003128227445726146f,-0.07164818799907943f,4.0625f,0f,0.9990482215818578f,0.043619387365336f,-0.2522271244334767f,0.07171644616476491f,0.043507070082631855f,-0.9964757328717652f,-3.403571428571428f,0f,0f,0f,1f], start_interpolation: 0, interpolation_duration: 1 }
$data merge entity $(bone_leftleg) { transformation: [-0.9974250605180804f,-0.003753348788378582f,-0.07161816126777062f,4.18717813256476f,0f,0.9986295347545738f,-0.05233595624294395f,-0.18325000000000002f,0.07171644616476491f,-0.052201194322889985f,-0.9960581241377233f,-3.4125359843420235f,0f,0f,0f,1f], start_interpolation: 0, interpolation_duration: 1 }
$data merge entity $(bone_rightleg) { transformation: [-0.9974250605180804f,0.005551934668743104f,-0.07150122147164782f,3.93782186743524f,0f,0.9969989492699817f,0.07741508350801174f,-0.25749999999999995f,0.07171644616476491f,0.07721574435299086f,-0.9944317373120741f,-3.3946068728008325f,0f,0f,0f,1f], start_interpolation: 0, interpolation_duration: 1 }
data modify entity @s data merge value {"locators":{},"cameras":{"camera":{"posx":6.125,"posy":0.2035884299345047,"posz":-2.0335462781256837,"roty":128.18302903548235,"rotx":-3.6815463552893783}}}