# This file was generated by Animated Java via MC-Build. It is not recommended to edit this file directly.
$data merge entity $(bone_left_eye) { transformation: [-0.9972930880316977f,0.005568775228913655f,-0.07331770118225407f,4.209288718713541f,0f,0.9971279131746841f,0.07573588824262745f,0.7198618930214578f,0.07352888251701137f,0.07553087786031347f,-0.9944287756925834f,-3.079610926069396f,0f,0f,0f,1f], start_interpolation: 0, interpolation_duration: 1 }
$data merge entity $(bone_right_eye) { transformation: [-0.9972930880316977f,0.005568775228913655f,-0.07331770118225407f,3.959965446705617f,0f,0.9971279131746841f,0.07573588824262745f,0.7198618930214578f,0.07352888251701137f,0.07553087786031347f,-0.9944287756925834f,-3.0612287054401435f,0f,0f,0f,1f], start_interpolation: 0, interpolation_duration: 1 }
$data merge entity $(bone_right_close) { transformation: [-0.9972930880316977f,0.005568775228913655f,-0.07331770118225407f,3.9603134951574237f,0f,0.9971279131746841f,0.07573588824262745f,0.7821823875948756f,0.07352888251701137f,0.07553087786031347f,-0.9944287756925834f,-3.0565080255738737f,0f,0f,0f,1f], start_interpolation: 0, interpolation_duration: 1 }
$data merge entity $(bone_left_close) { transformation: [-0.9972930880316977f,0.005568775228913655f,-0.07331770118225407f,4.209636767165348f,0f,0.9971279131746841f,0.07573588824262745f,0.7821823875948756f,0.07352888251701137f,0.07553087786031347f,-0.9944287756925834f,-3.0748902462031262f,0f,0f,0f,1f], start_interpolation: 0, interpolation_duration: 1 }
$data merge entity $(bone_left_eyebrow) { transformation: [-0.9972930880316977f,0.005568775228913655f,-0.07331770118225407f,4.20950213014095f,0f,0.9971279131746841f,0.07573588824262745f,0.7572494562724934f,0.07352888251701137f,0.07553087786031347f,-0.9944287756925834f,-3.076716366351153f,0f,0f,0f,1f], start_interpolation: 0, interpolation_duration: 1 }
$data merge entity $(bone_right_eyebrow) { transformation: [-0.9972930880316977f,0.005568775228913655f,-0.07331770118225407f,3.960178858133025f,0f,0.9971279131746841f,0.07573588824262745f,0.7572494562724934f,0.07352888251701137f,0.07553087786031347f,-0.9944287756925834f,-3.0583341457219007f,0f,0f,0f,1f], start_interpolation: 0, interpolation_duration: 1 }
$data merge entity $(bone_talking) { transformation: [-0.9972930880316977f,0.005568775228913655f,-0.07331770118225407f,4.060323107282897f,0f,0.9971279131746841f,0.07573588824262745f,0.4942473798036079f,0.07352888251701137f,0.07553087786031347f,-0.9944287756925834f,-3.40006152762378f,0f,0f,0f,1f], start_interpolation: 0, interpolation_duration: 1 }
$data merge entity $(bone_m_opened) { transformation: [-0.9972930880316977f,0.005568775228913655f,-0.07331770118225407f,4.060323107282897f,0f,0.9971279131746841f,0.07573588824262745f,0.4942473798036079f,0.07352888251701137f,0.07553087786031347f,-0.9944287756925834f,-3.40006152762378f,0f,0f,0f,1f], start_interpolation: 0, interpolation_duration: 1 }
$data merge entity $(bone_head) { transformation: [-0.9972930880316977f,0.005568775228913655f,-0.07331770118225407f,4.064905463606787f,0f,0.9971279131746841f,0.07573588824262745f,0.48951388678844365f,0.07352888251701137f,0.07553087786031347f,-0.9944287756925834f,-3.3379097291429938f,0f,0f,0f,1f], start_interpolation: 0, interpolation_duration: 1 }
$data merge entity $(item_display_r_item) { transformation: [-0.43631572601386776f,0.03216884409501557f,0.00005198636433173473f,3.7619672950738527f,0f,-0.0007070196438754175f,0.4374994287118821f,-0.26056833039594174f,0.03216888610119247f,0.4363151562721765f,0.0007051058039395871f,-3.1967154383318874f,0f,0f,0f,1f], start_interpolation: 0, interpolation_duration: 1 }
$data merge entity $(bone_rightarm) { transformation: [-0.9972930880316977f,0.00011882597561541f,-0.07352878650289273f,3.7528504629957506f,0f,0.9999986941985876f,0.0016160449002868907f,0.3646328590907114f,0.07352888251701137f,0.0016116704090049921f,-0.9972917857649748f,-3.320369617546881f,0f,0f,0f,1f], start_interpolation: 0, interpolation_duration: 1 }
$data merge entity $(item_display_l_item) { transformation: [-0.43631572601386776f,0.03205096284139054f,0.0027519109599143453f,4.381384759598939f,0f,-0.0374262584403846f,0.4358962321231436f,-0.2687692606396036f,0.03216888610119247f,0.43471629939547163f,0.03732494885348356f,-3.2954418676548554f,0f,0f,0f,1f], start_interpolation: 0, interpolation_duration: 1 }
$data merge entity $(bone_leftarm) { transformation: [-0.9972930880316977f,0.006290082194089948f,-0.0732593436374641f,4.376158643015562f,0f,0.9963342448528997f,0.08554573357802217f,0.3646328590907114f,0.07352888251701137f,0.08531416880796264f,-0.993637255761078f,-3.3663251691200133f,0f,0f,0f,1f], start_interpolation: 0, interpolation_duration: 1 }
$data merge entity $(bone_body) { transformation: [-0.9972930880316977f,0.0032072848090498006f,-0.07345889931352156f,4.0625f,0f,0.9990482215818578f,0.043619387365336f,-0.25977227939794967f,0.07352888251701137f,0.04350131352362676f,-0.9963438859939467f,-3.370535714285714f,0f,0f,0f,1f], start_interpolation: 0, interpolation_duration: 1 }
$data merge entity $(bone_leftleg) { transformation: [-0.9972930880316977f,-0.006408464369175424f,-0.07324908292005756f,4.187161636003962f,0f,0.9961946980917455f,-0.08715574274765818f,-0.1875f,0.07352888251701137f,-0.08691981982450826f,-0.9934980867407217f,-3.3797268246003402f,0f,0f,0f,1f], start_interpolation: 0, interpolation_duration: 1 }
$data merge entity $(bone_rightleg) { transformation: [-0.9972930880316977f,0.009243905284041433f,-0.07294550554557924f,3.937838363996038f,0f,0.9920660160815423f,0.12571801675216263f,-0.2569444444444444f,0.07352888251701137f,0.12537770914798496f,-0.9893805807092652f,-3.3613446039710877f,0f,0f,0f,1f], start_interpolation: 0, interpolation_duration: 1 }
data modify entity @s data merge value {"locators":{},"cameras":{"camera":{"posx":6.125,"posy":0.20844175534771492,"posz":-1.9707889952817503,"roty":128.14028682762824,"rotx":-3.28023588795833}}}