# This file was generated by Animated Java via MC-Build. It is not recommended to edit this file directly.
$data merge entity $(bone_left_eye) { transformation: [-0.9971589002606139f,0.004640931254793197f,-0.0751837042724769f,4.209565303246381f,0f,0.9981002611958285f,0.0616106208442923f,0.7102824987526264f,0.0753268055279326f,0.061435578925468165f,-0.9952645588038639f,-3.0501192210072134f,0f,0f,0f,1f], start_interpolation: 0, interpolation_duration: 1 }
$data merge entity $(bone_right_eye) { transformation: [-0.9971589002606139f,0.004640931254793197f,-0.0751837042724769f,3.9602755781812276f,0f,0.9981002611958285f,0.0616106208442923f,0.7102824987526264f,0.0753268055279326f,0.061435578925468165f,-0.9952645588038639f,-3.0312875196252302f,0f,0f,0f,1f], start_interpolation: 0, interpolation_duration: 1 }
$data merge entity $(bone_right_close) { transformation: [-0.9971589002606139f,0.004640931254793197f,-0.0751837042724769f,3.9605656363846524f,0f,0.9981002611958285f,0.0616106208442923f,0.7726637650773657f,0.0753268055279326f,0.061435578925468165f,-0.9952645588038639f,-3.0274477959423884f,0f,0f,0f,1f], start_interpolation: 0, interpolation_duration: 1 }
$data merge entity $(bone_left_close) { transformation: [-0.9971589002606139f,0.004640931254793197f,-0.0751837042724769f,4.209855361449806f,0f,0.9981002611958285f,0.0616106208442923f,0.7726637650773657f,0.0753268055279326f,0.061435578925468165f,-0.9952645588038639f,-3.0462794973243716f,0f,0f,0f,1f], start_interpolation: 0, interpolation_duration: 1 }
$data merge entity $(bone_left_eyebrow) { transformation: [-0.9971589002606139f,0.004640931254793197f,-0.0751837042724769f,4.209744037149952f,0f,0.9981002611958285f,0.0616106208442923f,0.7477074078836673f,0.0753268055279326f,0.061435578925468165f,-0.9952645588038639f,-3.047753182762583f,0f,0f,0f,1f], start_interpolation: 0, interpolation_duration: 1 }
$data merge entity $(bone_right_eyebrow) { transformation: [-0.9971589002606139f,0.004640931254793197f,-0.0751837042724769f,3.9604543120847993f,0f,0.9981002611958285f,0.0616106208442923f,0.7477074078836673f,0.0753268055279326f,0.061435578925468165f,-0.9952645588038639f,-3.0289214813806f,0f,0f,0f,1f], start_interpolation: 0, interpolation_duration: 1 }
$data merge entity $(bone_talking) { transformation: [-0.9971589002606139f,0.004640931254793197f,-0.0751837042724769f,4.060265300314957f,0f,0.9981002611958285f,0.0616106208442923f,0.4800107524675106f,0.0753268055279326f,0.061435578925468165f,-0.9952645588038639f,-3.367082439673796f,0f,0f,0f,1f], start_interpolation: 0, interpolation_duration: 1 }
$data merge entity $(bone_m_opened) { transformation: [-0.9971589002606139f,0.004640931254793197f,-0.0751837042724769f,4.060265300314957f,0f,0.9981002611958285f,0.0616106208442923f,0.4800107524675106f,0.0753268055279326f,0.061435578925468165f,-0.9952645588038639f,-3.367082439673796f,0f,0f,0f,1f], start_interpolation: 0, interpolation_duration: 1 }
$data merge entity $(bone_head) { transformation: [-0.9971589002606139f,0.004640931254793197f,-0.0751837042724769f,4.064964281831987f,0f,0.9981002611958285f,0.0616106208442923f,0.47616008866474235f,0.0753268055279326f,0.061435578925468165f,-0.9952645588038639f,-3.3048784047485547f,0f,0f,0f,1f], start_interpolation: 0, interpolation_duration: 1 }
$data merge entity $(item_display_r_item) { transformation: [-0.4362570188640186f,0.03295268463273825f,-0.0004290307385451821f,3.7629693656691563f,0f,0.005695591835314051f,0.43746292441033846f,-0.2720406619519551f,0.03295547741847051f,0.43622004860980523f,-0.005679410090835092f,-3.154027967973275f,0f,0f,0f,1f], start_interpolation: 0, interpolation_duration: 1 }
$data merge entity $(bone_rightarm) { transformation: [-0.9971589002606139f,-0.0009806416881032566f,-0.07532042201768742f,3.752941411861881f,0f,0.9999152557950594f,-0.013018495623574752f,0.3512790609670101f,0.0753268055279326f,-0.012981508779051416f,-0.997074396822412f,-3.2867757105629836f,0f,0f,0f,1f], start_interpolation: 0, interpolation_duration: 1 }
$data merge entity $(item_display_l_item) { transformation: [-0.4362570188640186f,0.032789897226343706f,0.003299413851752725f,4.380820818229787f,0f,-0.04380132449037999f,0.435301842372495f,-0.2830953779909484f,0.03295547741847051f,0.4340651064215762f,0.043676880558785616f,-3.272231905838613f,0f,0f,0f,1f], start_interpolation: 0, interpolation_duration: 1 }
$data merge entity $(bone_leftarm) { transformation: [-0.9971589002606139f,0.007541517375434817f,-0.07494833651735704f,4.376165724524764f,0f,0.99497563970856f,0.10011731312086877f,0.3512790609670101f,0.0753268055279326f,0.09983286984865306f,-0.9921488146778884f,-3.333854964017941f,0f,0f,0f,1f], start_interpolation: 0, interpolation_duration: 1 }
$data merge entity $(bone_body) { transformation: [-0.9971589002606139f,0.0032857091093162253f,-0.07525511110012352f,4.0625f,0f,0.9990482215818578f,0.043619387365336f,-0.27312607752165097f,0.0753268055279326f,0.043495460335260167f,-0.9962098259398875f,-3.3375f,0f,0f,0f,1f], start_interpolation: 0, interpolation_duration: 1 }
$data merge entity $(bone_leftleg) { transformation: [-0.9971589002606139f,-0.009180028330496371f,-0.07476533094218377f,4.187144862532577f,0f,0.9925461516413221f,-0.12186934340514737f,-0.19774999999999998f,0.0753268055279326f,-0.12152310044535986f,-0.9897262290285653f,-3.3469158506909915f,0f,0f,0f,1f], start_interpolation: 0, interpolation_duration: 1 }
$data merge entity $(bone_rightleg) { transformation: [-0.9971589002606139f,0.012740720380985568f,-0.07424150911192819f,3.937855137467423f,0f,0.9855921619349441f,0.16913926313072003f,-0.25611111111111107f,0.0753268055279326f,0.16865872161431938f,-0.9827919963005298f,-3.3280841493090083f,0f,0f,0f,1f], start_interpolation: 0, interpolation_duration: 1 }
data modify entity @s data merge value {"locators":{},"cameras":{"camera":{"posx":6.125,"posy":0.21331162222674532,"posz":-1.907935579075921,"roty":128.10094445536612,"rotx":-2.9064505324101537}}}