# This file was generated by Animated Java via MC-Build. It is not recommended to edit this file directly.
$data merge entity $(bone_left_eye) { transformation: [-0.9970227072554395f,0.0038818903122181843f,-0.07701072746467265f,4.209873562093501f,0f,0.9987319761658563f,0.05034321983984962f,0.6970094327895462f,0.07710850288414488f,0.050193333336682626f,-0.9957584586994571f,-3.0199977608059103f,0f,0f,0f,1f], start_interpolation: 0, interpolation_duration: 1 }
$data merge entity $(bone_right_eye) { transformation: [-0.9970227072554395f,0.0038818903122181843f,-0.07701072746467265f,3.9606178852796408f,0f,0.9987319761658563f,0.05034321983984962f,0.6970094327895462f,0.07710850288414488f,0.050193333336682626f,-0.9957584586994571f,-3.0007206350848743f,0f,0f,0f,1f], start_interpolation: 0, interpolation_duration: 1 }
$data merge entity $(bone_right_close) { transformation: [-0.9970227072554395f,0.0038818903122181843f,-0.07701072746467265f,3.960860503424155f,0f,0.9987319761658563f,0.05034321983984962f,0.7594301812999122f,0.07710850288414488f,0.050193333336682626f,-0.9957584586994571f,-2.997583551751332f,0f,0f,0f,1f], start_interpolation: 0, interpolation_duration: 1 }
$data merge entity $(bone_left_close) { transformation: [-0.9970227072554395f,0.0038818903122181843f,-0.07701072746467265f,4.210116180238015f,0f,0.9987319761658563f,0.05034321983984962f,0.7594301812999122f,0.07710850288414488f,0.050193333336682626f,-0.9957584586994571f,-3.016860677472368f,0f,0f,0f,1f], start_interpolation: 0, interpolation_duration: 1 }
$data merge entity $(bone_left_eyebrow) { transformation: [-0.9970227072554395f,0.0038818903122181843f,-0.07701072746467265f,4.210023946150676f,0f,0.9987319761658563f,0.05034321983984962f,0.7344587354445259f,0.07710850288414488f,0.050193333336682626f,-0.9957584586994571f,-3.0180532759021164f,0f,0f,0f,1f], start_interpolation: 0, interpolation_duration: 1 }
$data merge entity $(bone_right_eyebrow) { transformation: [-0.9970227072554395f,0.0038818903122181843f,-0.07701072746467265f,3.960768269336816f,0f,0.9987319761658563f,0.05034321983984962f,0.7344587354445259f,0.07710850288414488f,0.050193333336682626f,-0.9957584586994571f,-2.9987761501810803f,0f,0f,0f,1f], start_interpolation: 0, interpolation_duration: 1 }
$data merge entity $(bone_talking) { transformation: [-0.9970227072554395f,0.0038818903122181843f,-0.07701072746467265f,4.0602093987758066f,0f,0.9987319761658563f,0.05034321983984962f,0.4630586949480351f,0.07710850288414488f,0.050193333336682626f,-0.9957584586994571f,-3.3340820496231434f,0f,0f,0f,1f], start_interpolation: 0, interpolation_duration: 1 }
$data merge entity $(bone_m_opened) { transformation: [-0.9970227072554395f,0.0038818903122181843f,-0.07701072746467265f,4.0602093987758066f,0f,0.9987319761658563f,0.05034321983984962f,0.4630586949480351f,0.07710850288414488f,0.050193333336682626f,-0.9957584586994571f,-3.3340820496231434f,0f,0f,0f,1f], start_interpolation: 0, interpolation_duration: 1 }
$data merge entity $(bone_head) { transformation: [-0.9970227072554395f,0.0038818903122181843f,-0.07701072746467265f,4.065022569242348f,0f,0.9987319761658563f,0.05034321983984962f,0.4599122437080445f,0.07710850288414488f,0.050193333336682626f,-0.9957584586994571f,-3.2718471459544274f,0f,0f,0f,1f], start_interpolation: 0, interpolation_duration: 1 }
$data merge entity $(item_display_r_item) { transformation: [-0.4361974344242548f,0.03372401816704112f,-0.0008595349713821505f,3.763895885881952f,0f,0.011147084163644023f,0.4373579683904806f,-0.28658100050076174f,0.03373497001181339f,0.4360558256844159f,-0.011113896030840602f,-3.1127225556663602f,0f,0f,0f,1f], start_interpolation: 0, interpolation_duration: 1 }
$data merge entity $(bone_rightarm) { transformation: [-0.9970227072554395f,-0.001964651363159184f,-0.07708347009609398f,3.7530325450179656f,0f,0.9996753563210985f,-0.0254790495169004f,0.33503121601031227f,0.07710850288414488f,-0.02540319092763544f,-0.9966990301358079f,-3.2531869287631086f,0f,0f,0f,1f], start_interpolation: 0, interpolation_duration: 1 }
$data merge entity $(item_display_l_item) { transformation: [-0.4361974344242548f,0.033520774687507665f,0.00379550603309931f,4.38032694977319f,0f,-0.049222924724683585f,0.434722156879021f,-0.3000641294524845f,0.03373497001181339f,0.4334278617554454f,0.049076373668034745f,-3.2476523163756217f,0f,0f,0f,1f], start_interpolation: 0, interpolation_duration: 1 }
$data merge entity $(bone_leftarm) { transformation: [-0.9970227072554395f,0.008675442361369868f,-0.0766189135714461f,4.376171737052616f,0f,0.9936506442949051f,0.11250954222784841f,0.33503121601031227f,0.07710850288414488f,0.11217456838407963f,-0.990692255441018f,-3.301379743065699f,0f,0f,0f,1f], start_interpolation: 0, interpolation_duration: 1 }
$data merge entity $(bone_body) { transformation: [-0.9970227072554395f,0.0033634256564646437f,-0.07703511267524449f,4.0625f,0f,0.9990482215818578f,0.043619387365336f,-0.2893739224783488f,0.07710850288414488f,0.04348951967981101f,-0.996073762560276f,-3.304464285714286f,0f,0f,0f,1f], start_interpolation: 0, interpolation_duration: 1 }
$data merge entity $(bone_leftleg) { transformation: [-0.9970227072554395f,-0.012062427398734284f,-0.07615916925941645f,4.18712783840693f,0f,0.9876883405951378f,-0.15643446504023062f,-0.21324999999999994f,0.07710850288414488f,-0.15596871384246713f,-0.9847477032647969f,-3.314102848574804f,0f,0f,0f,1f], start_interpolation: 0, interpolation_duration: 1 }
$data merge entity $(bone_rightleg) { transformation: [-0.9970227072554395f,0.01587375756206996f,-0.07545690848354977f,3.93787216159307f,0f,0.9785809043254722f,0.205862608769881f,-0.255f,0.07710850288414488f,0.20524969551841413f,-0.9756673824990585f,-3.294825722853768f,0f,0f,0f,1f], start_interpolation: 0, interpolation_duration: 1 }
data modify entity @s data merge value {"locators":{},"cameras":{"camera":{"posx":6.125,"posy":0.2181968066514791,"posz":-1.8450073924775048,"roty":128.06490836089284,"rotx":-2.559516065711336}}}