# This file was generated by Animated Java via MC-Build. It is not recommended to edit this file directly.
$data merge entity $(bone_left_eye) { transformation: [-0.9968847305771823f,0.003440359811898319f,-0.07879719453396396f,4.210250249767537f,0f,0.9990482215818578f,0.043619387365336f,0.6854156541384735f,0.0788722634521077f,0.043483501221634725f,-0.9959359172052434f,-2.988820123837139f,0f,0f,0f,1f], start_interpolation: 0, interpolation_duration: 1 }
$data merge entity $(bone_right_eye) { transformation: [-0.9968847305771823f,0.003440359811898319f,-0.07879719453396396f,3.9610290671232415f,0f,0.9990482215818578f,0.043619387365336f,0.6854156541384735f,0.0788722634521077f,0.043483501221634725f,-0.9959359172052434f,-2.9691020579741116f,0f,0f,0f,1f], start_interpolation: 0, interpolation_duration: 1 }
$data merge entity $(bone_right_close) { transformation: [-0.9968847305771823f,0.003440359811898319f,-0.07879719453396396f,3.9612440896114847f,0f,0.9990482215818578f,0.043619387365336f,0.7478561679873394f,0.0788722634521077f,0.043483501221634725f,-0.9959359172052434f,-2.9663843391477593f,0f,0f,0f,1f], start_interpolation: 0, interpolation_duration: 1 }
$data merge entity $(bone_left_close) { transformation: [-0.9968847305771823f,0.003440359811898319f,-0.07879719453396396f,4.21046527225578f,0f,0.9990482215818578f,0.043619387365336f,0.7478561679873394f,0.0788722634521077f,0.043483501221634725f,-0.9959359172052434f,-2.9861024050107865f,0f,0f,0f,1f], start_interpolation: 0, interpolation_duration: 1 }
$data merge entity $(bone_left_eyebrow) { transformation: [-0.9968847305771823f,0.003440359811898319f,-0.07879719453396396f,4.210384188085142f,0f,0.9990482215818578f,0.043619387365336f,0.7228772362360828f,0.0788722634521077f,0.043483501221634725f,-0.9959359172052434f,-2.987127246546502f,0f,0f,0f,1f], start_interpolation: 0, interpolation_duration: 1 }
$data merge entity $(bone_right_eyebrow) { transformation: [-0.9968847305771823f,0.003440359811898319f,-0.07879719453396396f,3.961163005440846f,0f,0.9990482215818578f,0.043619387365336f,0.7228772362360828f,0.0788722634521077f,0.043483501221634725f,-0.9959359172052434f,-2.9674091806834753f,0f,0f,0f,1f], start_interpolation: 0, interpolation_duration: 1 }
$data merge entity $(bone_talking) { transformation: [-0.9968847305771823f,0.003440359811898319f,-0.07879719453396396f,4.060155445200551f,0f,0.9990482215818578f,0.043619387365336f,0.4492846572946765f,0.0788722634521077f,0.043483501221634725f,-0.9959359172052434f,-3.3010619403376724f,0f,0f,0f,1f], start_interpolation: 0, interpolation_duration: 1 }
$data merge entity $(bone_m_opened) { transformation: [-0.9968847305771823f,0.003440359811898319f,-0.07879719453396396f,4.060155445200551f,0f,0.9990482215818578f,0.043619387365336f,0.4492846572946765f,0.0788722634521077f,0.043483501221634725f,-0.9959359172052434f,-3.3010619403376724f,0f,0f,0f,1f], start_interpolation: 0, interpolation_duration: 1 }
$data merge entity $(bone_head) { transformation: [-0.9968847305771823f,0.003440359811898319f,-0.07879719453396396f,4.065080269858924f,0f,0.9990482215818578f,0.043619387365336f,0.446558445584343f,0.0788722634521077f,0.043483501221634725f,-0.9959359172052434f,-3.2388159455123446f,0f,0f,0f,1f], start_interpolation: 0, interpolation_duration: 1 }
$data merge entity $(item_display_r_item) { transformation: [-0.43613706962751725f,0.03448529790821575f,-0.0012127344737329856f,3.7647091666561754f,0f,0.015375930912257568f,0.43722972308453767f,-0.2985433491163695f,0.034506615260297115f,0.43586763469746537f,-0.015328030744839254f,-3.0731730041443623f,0f,0f,0f,1f], start_interpolation: 0, interpolation_duration: 1 }
$data merge entity $(bone_rightarm) { transformation: [-0.9968847305771823f,-0.002771964511389664f,-0.07882353807592171f,3.753123746577067f,0f,0.999382224193229f,-0.03514498494230279f,0.32167741788661075f,0.0788722634521077f,-0.035035498845346645f,-0.9962688793084923f,-3.2196038008362655f,0f,0f,0f,1f], start_interpolation: 0, interpolation_duration: 1 }
$data merge entity $(item_display_l_item) { transformation: [-0.43613706962751725f,0.034248374164465f,0.004213711405990674f,4.3799423652262375f,0f,-0.053424502119801556f,0.434225831305844f,-0.3139093417273955f,0.034506615260297115f,0.43287310085097935f,0.05325807040191847f,-3.221303894396294f,0f,0f,0f,1f], start_interpolation: 0, interpolation_duration: 1 }
$data merge entity $(bone_leftarm) { transformation: [-0.9968847305771823f,0.009631340356550132f,-0.07828199809020572f,4.376176703187806f,0f,0.9925161858419292f,0.12211314770240378f,0.32167741788661075f,0.0788722634521077f,0.12173273234724244f,-0.9894242305165243f,-3.268898965493833f,0f,0f,0f,1f], start_interpolation: 0, interpolation_duration: 1 }
$data merge entity $(bone_body) { transformation: [-0.9968847305771823f,0.003440359811898319f,-0.07879719453396396f,4.0625f,0f,0.9990482215818578f,0.043619387365336f,-0.30272772060205033f,0.0788722634521077f,0.043483501221634725f,-0.9959359172052434f,-3.271428571428571f,0f,0f,0f,1f], start_interpolation: 0, interpolation_duration: 1 }
$data merge entity $(bone_leftleg) { transformation: [-0.9968847305771823f,-0.015049537352370858f,-0.07742315782463459f,4.187110591322147f,0f,0.9816271834476639f,-0.19080899537654503f,-0.22987500000000005f,0.0788722634521077f,-0.1902145739476499f,-0.9785691502984627f,-3.2812876043600845f,0f,0f,0f,1f], start_interpolation: 0, interpolation_duration: 1 }
$data merge entity $(bone_rightleg) { transformation: [-0.9968847305771823f,0.018468875607182935f,-0.07667942733135849f,3.937889408677852f,0f,0.9721976265828769f,0.2341618561307992f,-0.2536111111111111f,0.0788722634521077f,0.2334323788604047f,-0.9691689690438473f,-3.2615695384970573f,0f,0f,0f,1f], start_interpolation: 0, interpolation_duration: 1 }
data modify entity @s data merge value {"locators":{},"cameras":{"camera":{"posx":6.125,"posy":0.2230960847017997,"posz":-1.7820257984558128,"roty":128.03207795426104,"rotx":-2.238759308333891}}}