# This file was generated by Animated Java via MC-Build. It is not recommended to edit this file directly.
$data merge entity $(bone_left_eye) { transformation: [-0.9967452030035296f,0.0037685635614535056f,-0.08052824484698377f,4.210804680219726f,0f,0.9989067673477741f,0.046746873123450855f,0.6770532641759508f,0.08061637730295552f,0.04659472154121427f,-0.9956555286016566f,-2.955299280434245f,0f,0f,0f,1f], start_interpolation: 0, interpolation_duration: 1 }
$data merge entity $(bone_right_eye) { transformation: [-0.9967452030035296f,0.0037685635614535056f,-0.08052824484698377f,3.961618379468844f,0f,0.9989067673477741f,0.046746873123450855f,0.6770532641759508f,0.08061637730295552f,0.04659472154121427f,-0.9956555286016566f,-2.935145186108506f,0f,0f,0f,1f], start_interpolation: 0, interpolation_duration: 1 }
$data merge entity $(bone_right_close) { transformation: [-0.9967452030035296f,0.0037685635614535056f,-0.08052824484698377f,3.9618539146914347f,0f,0.9989067673477741f,0.046746873123450855f,0.7394849371351868f,0.08061637730295552f,0.04659472154121427f,-0.9956555286016566f,-2.93223301601218f,0f,0f,0f,1f], start_interpolation: 0, interpolation_duration: 1 }
$data merge entity $(bone_left_close) { transformation: [-0.9967452030035296f,0.0037685635614535056f,-0.08052824484698377f,4.211040215442317f,0f,0.9989067673477741f,0.046746873123450855f,0.7394849371351868f,0.08061637730295552f,0.04659472154121427f,-0.9956555286016566f,-2.952387110337919f,0f,0f,0f,1f], start_interpolation: 0, interpolation_duration: 1 }
$data merge entity $(bone_left_eyebrow) { transformation: [-0.9967452030035296f,0.0037685635614535056f,-0.08052824484698377f,4.210951034368584f,0f,0.9989067673477741f,0.046746873123450855f,0.7145093462719223f,0.08061637730295552f,0.04659472154121427f,-0.9956555286016566f,-2.9534897499059114f,0f,0f,0f,1f], start_interpolation: 0, interpolation_duration: 1 }
$data merge entity $(bone_right_eyebrow) { transformation: [-0.9967452030035296f,0.0037685635614535056f,-0.08052824484698377f,3.9617647336177013f,0f,0.9989067673477741f,0.046746873123450855f,0.7145093462719223f,0.08061637730295552f,0.04659472154121427f,-0.9956555286016566f,-2.9333356555801724f,0f,0f,0f,1f], start_interpolation: 0, interpolation_duration: 1 }
$data merge entity $(bone_talking) { transformation: [-0.9967452030035296f,0.0037685635614535056f,-0.08052824484698377f,4.060104312439239f,0f,0.9989067673477741f,0.046746873123450855f,0.4419349701900857f,0.08061637730295552f,0.04659472154121427f,-0.9956555286016566f,-3.268013266344697f,0f,0f,0f,1f], start_interpolation: 0, interpolation_duration: 1 }
$data merge entity $(bone_m_opened) { transformation: [-0.9967452030035296f,0.0037685635614535056f,-0.08052824484698377f,4.060104312439239f,0f,0.9989067673477741f,0.046746873123450855f,0.4419349701900857f,0.08061637730295552f,0.04659472154121427f,-0.9956555286016566f,-3.268013266344697f,0f,0f,0f,1f], start_interpolation: 0, interpolation_duration: 1 }
$data merge entity $(bone_head) { transformation: [-0.9967452030035296f,0.0037685635614535056f,-0.08052824484698377f,4.065137327742176f,0f,0.9989067673477741f,0.046746873123450855f,0.43901329061987004f,0.08061637730295552f,0.04659472154121427f,-0.9956555286016566f,-3.205784795807093f,0f,0f,0f,1f], start_interpolation: 0, interpolation_duration: 1 }
$data merge entity $(item_display_r_item) { transformation: [-0.43607602631404424f,0.03523943004340484f,-0.0014600836856121704f,3.7653691396002955f,0f,0.018111502085056373f,0.4371249518069439f,-0.30515723906348025f,0.03526966507004304f,0.43570219882672034f,-0.018052552822468367f,-3.035751151092339f,0f,0f,0f,1f], start_interpolation: 0, interpolation_duration: 1 }
$data merge entity $(bone_rightarm) { transformation: [-0.9967452030035296f,-0.0033373341385420857f,-0.08054726867063963f,3.753214897179877f,0f,0.9991427469873003f,-0.0413977190515572f,0.3141322629221378f,0.08061637730295552f,-0.04126297787992748f,-0.9958907401753608f,-3.1860268547892137f,0f,0f,0f,1f], start_interpolation: 0, interpolation_duration: 1 }
$data merge entity $(item_display_l_item) { transformation: [-0.43607602631404424f,0.03497807869492161f,0.0045258463258141726f,4.379708891075897f,0f,-0.05614053219987904f,0.43388303797718847f,-0.321740800530954f,0.03526966507004304f,0.43247083676836084f,0.05595780616429463f,-3.1927887174758784f,0f,0f,0f,1f], start_interpolation: 0, interpolation_duration: 1 }
$data merge entity $(bone_leftarm) { transformation: [-0.9967452030035296f,0.010344791601860984f,-0.07994989415982082f,4.3761806490570825f,0f,0.9917326582335736f,0.1283212164568666f,0.3141322629221378f,0.08061637730295552f,0.12790355694695937f,-0.9885047697562533f,-3.2364120906035607f,0f,0f,0f,1f], start_interpolation: 0, interpolation_duration: 1 }
$data merge entity $(bone_body) { transformation: [-0.9967452030035296f,0.003516436989567698f,-0.08053964837488976f,4.0625f,0f,0.9990482215818578f,0.043619387365336f,-0.3102728755665233f,0.08061637730295552f,0.04347741511435143f,-0.9957965224309241f,-3.238392857142857f,0f,0f,0f,1f], start_interpolation: 0, interpolation_duration: 1 }
$data merge entity $(bone_leftleg) { transformation: [-0.9967452030035296f,-0.01813473907168268f,-0.07855018477543174f,4.187093150375441f,0f,0.9743700647852352f,-0.2249510543438651f,-0.24350000000000005f,0.08061637730295552f,-0.22421888432783382f,-0.9711986880249216f,-3.2484699043057264f,0f,0f,0f,1f], start_interpolation: 0, interpolation_duration: 1 }
$data merge entity $(bone_rightleg) { transformation: [-0.9967452030035296f,0.020345123509090075f,-0.07800689866192831f,3.9379068496245586f,0f,0.9676309116295214f,0.2523696076373329f,-0.2519444444444444f,0.08061637730295552f,0.25154819579639454f,-0.9644814694446577f,-3.2283158099799873f,0f,0f,0f,1f], start_interpolation: 0, interpolation_duration: 1 }
data modify entity @s data merge value {"locators":{},"cameras":{"camera":{"posx":6.125,"posy":0.22800823245759008,"posz":-1.7190121599801553,"roty":128.00234595719215,"rotx":-1.9435080631856265}}}