# This file was generated by Animated Java via MC-Build. It is not recommended to edit this file directly.
$data merge entity $(bone_left_eye) { transformation: [0.7259748765320232f,0.3696438190029848f,0.5799344150136311f,-0.10630693429534714f,0.518991535870695f,0.2588190132783921f,-0.8146536098613795f,-0.2965057861988938f,-0.4512297245737375f,0.8923991065876793f,-0.003945912140547541f,1.285899619637239f,0f,0f,0f,1f], start_interpolation: 0, interpolation_duration: 1 }
$data merge entity $(bone_right_eye) { transformation: [0.7259748765320232f,0.3696438190029848f,0.5799344150136311f,0.07518678483765866f,0.518991535870695f,0.2588190132783921f,-0.8146536098613795f,-0.16675790223122f,-0.4512297245737375f,0.8923991065876793f,-0.003945912140547541f,1.1730921884938046f,0f,0f,0f,1f], start_interpolation: 0, interpolation_duration: 1 }
$data merge entity $(bone_right_close) { transformation: [0.7259748765320232f,0.3696438190029848f,0.5799344150136311f,0.0774970587064273f,0.518991535870695f,0.2588190132783921f,-0.8146536098613795f,-0.16514028339823006f,-0.4512297245737375f,0.8923991065876793f,-0.003945912140547541f,1.1786696829099774f,0f,0f,0f,1f], start_interpolation: 0, interpolation_duration: 1 }
$data merge entity $(bone_left_close) { transformation: [0.7259748765320232f,0.3696438190029848f,0.5799344150136311f,-0.1039966604265785f,0.518991535870695f,0.2588190132783921f,-0.8146536098613795f,-0.29488816736590384f,-0.4512297245737375f,0.8923991065876793f,-0.003945912140547541f,1.2914771140534118f,0f,0f,0f,1f], start_interpolation: 0, interpolation_duration: 1 }
$data merge entity $(bone_left_eyebrow) { transformation: [0.7259748765320232f,0.3696438190029848f,0.5799344150136311f,-0.09248153698367355f,0.518991535870695f,0.2588190132783921f,-0.8146536098613795f,-0.28674915735033774f,-0.4512297245737375f,0.8923991065876793f,-0.003945912140547541f,1.3193648327537857f,0f,0f,0f,1f], start_interpolation: 0, interpolation_duration: 1 }
$data merge entity $(bone_right_eyebrow) { transformation: [0.7259748765320232f,0.3696438190029848f,0.5799344150136311f,0.08901218214933225f,0.518991535870695f,0.2588190132783921f,-0.8146536098613795f,-0.15700127338266395f,-0.4512297245737375f,0.8923991065876793f,-0.003945912140547541f,1.2065574016103515f,0f,0f,0f,1f], start_interpolation: 0, interpolation_duration: 1 }
$data merge entity $(bone_talking) { transformation: [0.7259748765320232f,0.3696438190029848f,0.5799344150136311f,0.07325847521216927f,0.518991535870695f,0.2588190132783921f,-0.8146536098613795f,-0.550915850616336f,-0.4512297245737375f,0.8923991065876793f,-0.003945912140547541f,1.0051630298746808f,0f,0f,0f,1f], start_interpolation: 0, interpolation_duration: 1 }
$data merge entity $(bone_m_opened) { transformation: [0.7259748765320232f,0.3696438190029848f,0.5799344150136311f,0.07325847521216927f,0.518991535870695f,0.2588190132783921f,-0.8146536098613795f,-0.550915850616336f,-0.4512297245737375f,0.8923991065876793f,-0.003945912140547541f,1.0051630298746808f,0f,0f,0f,1f], start_interpolation: 0, interpolation_duration: 1 }
$data merge entity $(bone_head) { transformation: [0.7259748765320232f,0.3696438190029848f,0.5799344150136311f,0.03701257427381732f,0.518991535870695f,0.2588190132783921f,-0.8146536098613795f,-0.4999999999999998f,-0.4512297245737375f,0.8923991065876793f,-0.003945912140547541f,1.005409649383465f,0f,0f,0f,1f], start_interpolation: 0, interpolation_duration: 1 }
$data merge entity $(item_display_r_item) { transformation: [0.05710520909627259f,-1.3348902616855815e-16f,-0.43375712685104206f,0.8975425374965897f,9.383439558729276e-17f,0.4375f,-1.222873651745788e-16f,0.4375000000000002f,0.43375712685104206f,-7.706992519227803e-17f,0.05710520909627259f,0.6887572650679313f,0f,0f,0f,1f], start_interpolation: 0, interpolation_duration: 1 }
$data merge entity $(bone_rightarm) { transformation: [0.13052619222005163f,-0.9914448613738105f,8.49727915508613e-17f,0.2778894991379582f,2.144786184852406e-16f,-5.746937261686308e-17f,-1f,0.18750000000000014f,0.9914448613738105f,0.13052619222005163f,2.0514246579479128e-16f,0.7703361352054636f,0f,0f,0f,1f], start_interpolation: 0, interpolation_duration: 1 }
$data merge entity $(item_display_l_item) { transformation: [-0.3689837575431375f,1.5020113373511406e-17f,0.23506857865173536f,-0.6353474638983608f,-7.95761277708604e-17f,0.4375f,-1.5286431918139667e-16f,0.4375000000000002f,-0.23506857865173536f,-1.716806814526407e-16f,-0.3689837575431375f,1.5366329340666984f,0f,0f,0f,1f], start_interpolation: 0, interpolation_duration: 1 }
$data merge entity $(bone_leftarm) { transformation: [-0.8433914458128857f,0.5372996083468237f,8.49727915508613e-17f,-0.29953520868159605f,-1.818882920476809e-16f,-1.2735955320387539e-16f,-1f,0.18750000000000014f,-0.5372996083468237f,-0.8433914458128857f,2.0514246579479128e-16f,1.0095132804336449f,0f,0f,0f,1f], start_interpolation: 0, interpolation_duration: 1 }
$data merge entity $(bone_body) { transformation: [0.9238795325112867f,0.3826834323650898f,8.49727915508613e-17f,-0.25000000000000006f,0f,2.220446049250313e-16f,-1f,0.1875f,-0.3826834323650898f,0.9238795325112867f,2.0514246579479128e-16f,0.31249999999999994f,0f,0f,0f,1f], start_interpolation: 0, interpolation_duration: 1 }
$data merge entity $(bone_leftleg) { transformation: [0.7544065467457687f,0.642787572958617f,0.133022172125909f,-0.36548494156391087f,0.17364817693963297f,-8.566523534980774e-8f,-0.9848077531404466f,0.1875f,-0.6330221740766007f,0.7660444739373581f,-0.11161895483012943f,0.36033542904563615f,0f,0f,0f,1f], start_interpolation: 0, interpolation_duration: 1 }
$data merge entity $(bone_rightleg) { transformation: [0.9902035521634447f,0.1291196483930063f,-0.05315112117126529f,-0.1345150584360892f,-0.0643523637530191f,0.08418598082984097f,-0.9943698979309041f,0.1875f,-0.12391811232541919f,0.9880490053790774f,0.09167041184112093f,0.26466457095436374f,0f,0f,0f,1f], start_interpolation: 0, interpolation_duration: 1 }
$data merge entity $(text_display_text) { transformation: [1f,0f,-2.4492935982947064e-16f,0f,0f,1f,0f,-0.3125f,2.4492935982947064e-16f,0f,1f,0f,0f,0f,0f,1f], start_interpolation: 0, interpolation_duration: 1 }
data modify entity @s data merge value {"locators":{},"cameras":{"camera":{"posx":0,"posy":0,"posz":0,"roty":0,"rotx":0}}}