# This file was generated by Animated Java via MC-Build. It is not recommended to edit this file directly.
$data merge entity $(bone_left_eye) { transformation: [-0.9990482215818578f,0f,-0.043619387365335875f,0.19828587453906632f,0f,1f,0f,1.6875f,0.043619387365335875f,0f,-0.9990482215818578f,-0.6306903680252025f,0f,0f,0f,1f], start_interpolation: 0, interpolation_duration: 1 }
$data merge entity $(bone_right_eye) { transformation: [-0.9990482215818578f,0f,-0.043619387365335875f,-0.05147618085639814f,0f,1f,0f,1.6875f,0.043619387365335875f,0f,-0.9990482215818578f,-0.6197855211838685f,0f,0f,0f,1f], start_interpolation: 0, interpolation_duration: 1 }
$data merge entity $(bone_right_close) { transformation: [-0.9990482215818578f,0f,-0.043619387365335875f,-0.05147618085639814f,0f,1f,0f,1.75f,0.043619387365335875f,0f,-0.9990482215818578f,-0.6197855211838685f,0f,0f,0f,1f], start_interpolation: 0, interpolation_duration: 1 }
$data merge entity $(bone_left_close) { transformation: [-0.9990482215818578f,0f,-0.043619387365335875f,0.19828587453906632f,0f,1f,0f,1.75f,0.043619387365335875f,0f,-0.9990482215818578f,-0.6306903680252025f,0f,0f,0f,1f], start_interpolation: 0, interpolation_duration: 1 }
$data merge entity $(bone_left_eyebrow) { transformation: [-0.9990482215818578f,0f,-0.043619387365335875f,0.19828860075077664f,0f,1f,0f,1.725f,0.043619387365335875f,0f,-0.9990482215818578f,-0.6306279275113537f,0f,0f,0f,1f], start_interpolation: 0, interpolation_duration: 1 }
$data merge entity $(bone_right_eyebrow) { transformation: [-0.9990482215818578f,0f,-0.043619387365335875f,-0.051473454644687805f,0f,1f,0f,1.725f,0.043619387365335875f,0f,-0.9990482215818578f,-0.6197230806700197f,0f,0f,0f,1f], start_interpolation: 0, interpolation_duration: 1 }
$data merge entity $(bone_talking) { transformation: [-0.9990482215818578f,0f,-0.043619387365335875f,0.05977378828966662f,0f,1f,0f,1.4375f,0.043619387365335875f,0f,-0.9990482215818578f,-0.9374405138488661f,0f,0f,0f,1f], start_interpolation: 0, interpolation_duration: 1 }
$data merge entity $(bone_m_opened) { transformation: [-0.9990482215818578f,0f,-0.043619387365335875f,0.05977378828966662f,0f,1f,0f,1.4375f,0.043619387365335875f,0f,-0.9990482215818578f,-0.9374405138488661f,0f,0f,0f,1f], start_interpolation: 0, interpolation_duration: 1 }
$data merge entity $(bone_head) { transformation: [-0.9990482215818578f,0f,-0.043619387365335875f,0.06250000000000011f,0f,1f,0f,1.4375f,0.043619387365335875f,0f,-0.9990482215818578f,-0.875f,0f,0f,0f,1f], start_interpolation: 0, interpolation_duration: 1 }
$data merge entity $(item_display_r_item) { transformation: [-0.4370835969420628f,0.019083481972334445f,-4.237384215140959e-18f,-0.24425014582366344f,0f,9.71445146547012e-17f,0.4375f,0.6875f,0.019083481972334445f,0.4370835969420628f,-9.705205460221195e-17f,-0.7364879137506003f,0f,0f,0f,1f], start_interpolation: 0, interpolation_duration: 1 }
$data merge entity $(bone_rightarm) { transformation: [-0.9990482215818578f,0f,-0.043619387365335875f,-0.24970256924433043f,0f,1f,0f,1.3125f,0.043619387365335875f,0f,-0.9990482215818578f,-0.8613689414483325f,0f,0f,0f,1f], start_interpolation: 0, interpolation_duration: 1 }
$data merge entity $(item_display_l_item) { transformation: [-0.4370835969420628f,0.019083481972334445f,-4.237384215140959e-18f,0.38015499266499764f,0f,9.71445146547012e-17f,0.4375f,0.6875f,0.019083481972334445f,0.4370835969420628f,-9.705205460221195e-17f,-0.7637500308539352f,0f,0f,0f,1f], start_interpolation: 0, interpolation_duration: 1 }
$data merge entity $(bone_leftarm) { transformation: [-0.9990482215818578f,0f,-0.043619387365335875f,0.37470256924433065f,0f,1f,0f,1.3125f,0.043619387365335875f,0f,-0.9990482215818578f,-0.8886310585516675f,0f,0f,0f,1f], start_interpolation: 0, interpolation_duration: 1 }
$data merge entity $(bone_body) { transformation: [-0.9990482215818578f,0f,-0.043619387365335875f,0.06250000000000011f,0f,1f,0f,0.6875f,0.043619387365335875f,0f,-0.9990482215818578f,-0.875f,0f,0f,0f,1f], start_interpolation: 0, interpolation_duration: 1 }
$data merge entity $(bone_leftleg) { transformation: [-0.9952465390275879f,-0.04345342161151017f,-0.0871557611627618f,0.18738102769773235f,-0.043619410209978775f,0.9990482205844381f,4.023395993387087e-8f,0.75f,0.08707280635503623f,0.003801722941030819f,-0.9961946964806317f,-0.880452423420667f,0f,0f,0f,1f], start_interpolation: 0, interpolation_duration: 1 }
$data merge entity $(bone_rightleg) { transformation: [-0.9990482205844388f,0.04361941020997806f,1.848544667337748e-8f,-0.062381027697732114f,0.043619410209978775f,0.9990482205844381f,4.023395993387087e-8f,0.75f,-1.671287099686003e-8f,4.1001990360020266e-8f,-0.999999999999999f,-0.869547576579333f,0f,0f,0f,1f], start_interpolation: 0, interpolation_duration: 1 }
$data merge entity $(text_display_text) { transformation: [-2f,0f,7.347880794884119e-16f,6.888638245203862e-17f,0f,2f,0f,2.9375f,-7.347880794884119e-16f,0f,-2f,-0.5625f,0f,0f,0f,1f], start_interpolation: 0, interpolation_duration: 1 }
data modify entity @s data merge value {"locators":{},"cameras":{"camera":{"posx":-0.9999999999999996,"posy":1.25,"posz":-3.25,"roty":342.5,"rotx":0}}}
execute on vehicle unless entity @s[tag=aj.transforms_only] at @s run function animated_java:humanentity/animations/000_mur_1/zzz/frames/zzz/0