# This file was generated by Animated Java via MC-Build. It is not recommended to edit this file directly.
$data merge entity $(bone_left_eye) { transformation: [-0.9990482215818578f,0.00038064613226092704f,-0.04361772647272228f,0.19838062084897812f,0f,0.9999619230641713f,0.008726535498373935f,1.6853088468914494f,0.043619387365335875f,0.008718229770221431f,-0.9990101808868349f,-0.6285203207564027f,0f,0f,0f,1f], start_interpolation: 0, interpolation_duration: 1 }
$data merge entity $(bone_right_eye) { transformation: [-0.9990482215818578f,0.00038064613226092704f,-0.04361772647272228f,-0.05138143454648632f,0f,0.9999619230641713f,0.008726535498373935f,1.6853088468914494f,0.043619387365335875f,0.008718229770221431f,-0.9990101808868349f,-0.6176154739150688f,0f,0f,0f,1f], start_interpolation: 0, interpolation_duration: 1 }
$data merge entity $(bone_right_close) { transformation: [-0.9990482215818578f,0.00038064613226092704f,-0.04361772647272228f,-0.05135764416322f,0f,0.9999619230641713f,0.008726535498373935f,1.74780646708296f,0.043619387365335875f,0.008718229770221431f,-0.9990101808868349f,-0.6170705845544299f,0f,0f,0f,1f], start_interpolation: 0, interpolation_duration: 1 }
$data merge entity $(bone_left_close) { transformation: [-0.9990482215818578f,0.00038064613226092704f,-0.04361772647272228f,0.19840441123224445f,0f,0.9999619230641713f,0.008726535498373935f,1.74780646708296f,0.043619387365335875f,0.008718229770221431f,-0.9990101808868349f,-0.6279754313957638f,0f,0f,0f,1f], start_interpolation: 0, interpolation_duration: 1 }
$data merge entity $(bone_left_eyebrow) { transformation: [-0.9990482215818578f,0.00038064613226092704f,-0.04361772647272228f,0.19839762118684245f,0f,0.9999619230641713f,0.008726535498373935f,1.7228068735978872f,0.043619387365335875f,0.008718229770221431f,-0.9990101808868349f,-0.6281309490037139f,0f,0f,0f,1f], start_interpolation: 0, interpolation_duration: 1 }
$data merge entity $(bone_right_eyebrow) { transformation: [-0.9990482215818578f,0.00038064613226092704f,-0.04361772647272228f,-0.05136443420862198f,0f,0.9999619230641713f,0.008726535498373935f,1.7228068735978872f,0.043619387365335875f,0.008718229770221431f,-0.9990101808868349f,-0.6172261021623799f,0f,0f,0f,1f], start_interpolation: 0, interpolation_duration: 1 }
$data merge entity $(bone_talking) { transformation: [-0.9990482215818578f,0.00038064613226092704f,-0.04361772647272228f,0.059773892095454965f,0f,0.9999619230641713f,0.008726535498373935f,1.4380454084686485f,0.043619387365335875f,0.008718229770221431f,-0.9990101808868349f,-0.9374381363054269f,0f,0f,0f,1f], start_interpolation: 0, interpolation_duration: 1 }
$data merge entity $(bone_m_opened) { transformation: [-0.9990482215818578f,0.00038064613226092704f,-0.04361772647272228f,0.059773892095454965f,0f,0.9999619230641713f,0.008726535498373935f,1.4380454084686485f,0.043619387365335875f,0.008718229770221431f,-0.9990101808868349f,-0.9374381363054269f,0f,0f,0f,1f], start_interpolation: 0, interpolation_duration: 1 }
$data merge entity $(bone_head) { transformation: [-0.9990482215818578f,0.00038064613226092704f,-0.04361772647272228f,0.06250000000000011f,0f,0.9999619230641713f,0.008726535498373935f,1.4375f,0.043619387365335875f,0.008718229770221431f,-0.9990101808868349f,-0.8749999999999998f,0f,0f,0f,1f], start_interpolation: 0, interpolation_duration: 1 }
$data merge entity $(item_display_r_item) { transformation: [-0.437126788334514f,0.018022686208667704f,0.0012663736324216527f,-0.24636233551674203f,0.001179175182693487f,-0.002140677511312779f,0.4374931737132376f,0.6868981296921427f,0.018028601339025545f,0.4371233810740584f,0.0020902756138910686f,-0.7394626548755887f,0f,0f,0f,1f], start_interpolation: 0, interpolation_duration: 1 }
$data merge entity $(bone_rightarm) { transformation: [-0.9991469447646035f,0.0028945683026780724f,-0.04119471133409761f,-0.24970256924433043f,0.002695257560442256f,0.9999843970588288f,0.004892977168715146f,1.3125f,0.04120823163205839f,0.004777772831751236f,-0.999139156740705f,-0.8613689414483323f,0f,0f,0f,1f], start_interpolation: 0, interpolation_duration: 1 }
$data merge entity $(item_display_l_item) { transformation: [-0.4370768987073755f,0.019236208718091247f,-0.000053763339579400854f,0.3802754336488987f,-0.00007476417336984153f,-0.0004759901685245581f,0.4374997346784085f,0.6873643818398378f,0.01923613855899964f,0.43707664282996583f,0.0004788171106685547f,-0.764436042186918f,0f,0f,0f,1f], start_interpolation: 0, interpolation_duration: 1 }
$data merge entity $(bone_leftarm) { transformation: [-0.9990329113311439f,-0.00012288763332433505f,-0.04396847706992285f,0.37470256924433065f,-0.00017088953913106637f,0.999999393550648f,0.0010879775280563549f,1.3125f,0.04396831670628489f,0.0010944391100997754f,-0.9990323264684933f,-0.8886310585516672f,0f,0f,0f,1f], start_interpolation: 0, interpolation_duration: 1 }
$data merge entity $(bone_body) { transformation: [-0.9990482215818578f,0f,-0.043619387365335875f,0.06250000000000011f,0f,1f,0f,0.6875f,0.043619387365335875f,0f,-0.9990482215818578f,-0.8749999999999998f,0f,0f,0f,1f], start_interpolation: 0, interpolation_duration: 1 }
$data merge entity $(bone_leftleg) { transformation: [-0.9952465390275879f,-0.04345342161151017f,-0.0871557611627618f,0.18738102769773235f,-0.043619410209978775f,0.9990482205844381f,4.023395993387087e-8f,0.75f,0.08707280635503623f,0.003801722941030819f,-0.9961946964806317f,-0.8804524234206668f,0f,0f,0f,1f], start_interpolation: 0, interpolation_duration: 1 }
$data merge entity $(bone_rightleg) { transformation: [-0.9990482205844388f,0.04361941020997806f,1.848544667337748e-8f,-0.062381027697732114f,0.043619410209978775f,0.9990482205844381f,4.023395993387087e-8f,0.75f,-1.671287099686003e-8f,4.1001990360020266e-8f,-0.999999999999999f,-0.8695475765793328f,0f,0f,0f,1f], start_interpolation: 0, interpolation_duration: 1 }
$data merge entity $(text_display_text) { transformation: [-2f,0f,7.347880794884119e-16f,6.888638245203862e-17f,0f,2f,0f,2.9359831000122867f,-7.347880794884119e-16f,0f,-2f,-0.5625f,0f,0f,0f,1f], start_interpolation: 0, interpolation_duration: 1 }
data modify entity @s data merge value {"locators":{},"cameras":{"camera":{"posx":-0.9999999999999996,"posy":1.2557291666666666,"posz":-3.25,"roty":342.4956303170801,"rotx":0.043324296841098134}}}