# This file was generated by Animated Java via MC-Build. It is not recommended to edit this file directly.
$data merge entity $(bone_left_eye) { transformation: [-0.9990482215818578f,0.003801680104023665f,-0.04345340242735767f,0.19919479833057768f,0f,0.9961946980917455f,0.08715574274765818f,1.6647597388360218f,0.043619387365335875f,0.08707278979269381f,-0.9952465414778341f,-0.609872590603035f,0f,0f,0f,1f], start_interpolation: 0, interpolation_duration: 1 }
$data merge entity $(bone_right_eye) { transformation: [-0.9990482215818578f,0.003801680104023665f,-0.04345340242735767f,-0.05056725706488678f,0f,0.9961946980917455f,0.08715574274765818f,1.6647597388360218f,0.043619387365335875f,0.08707278979269381f,-0.9952465414778341f,-0.598967743761701f,0f,0f,0f,1f], start_interpolation: 0, interpolation_duration: 1 }
$data merge entity $(bone_right_close) { transformation: [-0.9990482215818578f,0.003801680104023665f,-0.04345340242735767f,-0.0503296520583853f,0f,0.9961946980917455f,0.08715574274765818f,1.7270219074667559f,0.043619387365335875f,0.08707278979269381f,-0.9952465414778341f,-0.5935256943996576f,0f,0f,0f,1f], start_interpolation: 0, interpolation_duration: 1 }
$data merge entity $(bone_left_close) { transformation: [-0.9990482215818578f,0.003801680104023665f,-0.04345340242735767f,0.19943240333707915f,0f,0.9961946980917455f,0.08715574274765818f,1.7270219074667559f,0.043619387365335875f,0.08707278979269381f,-0.9952465414778341f,-0.6044305412409916f,0f,0f,0f,1f], start_interpolation: 0, interpolation_duration: 1 }
$data merge entity $(bone_left_eyebrow) { transformation: [-0.9990482215818578f,0.003801680104023665f,-0.04345340242735767f,0.19934007717213026f,0f,0.9961946980917455f,0.08715574274765818f,1.7021115927805406f,0.043619387365335875f,0.08707278979269381f,-0.9952465414778341f,-0.6065451580769666f,0f,0f,0f,1f], start_interpolation: 0, interpolation_duration: 1 }
$data merge entity $(bone_right_eyebrow) { transformation: [-0.9990482215818578f,0.003801680104023665f,-0.04345340242735767f,-0.05042197822333419f,0f,0.9961946980917455f,0.08715574274765818f,1.7021115927805406f,0.043619387365335875f,0.08707278979269381f,-0.9952465414778341f,-0.5956403112356327f,0f,0f,0f,1f], start_interpolation: 0, interpolation_duration: 1 }
$data merge entity $(bone_talking) { transformation: [-0.9990482215818578f,0.003801680104023665f,-0.04345340242735767f,0.05978416234829026f,0f,0.9961946980917455f,0.08715574274765818f,1.4429472339217286f,0.043619387365335875f,0.08707278979269381f,-0.9952465414778341f,-0.9372029088423647f,0f,0f,0f,1f], start_interpolation: 0, interpolation_duration: 1 }
$data merge entity $(bone_m_opened) { transformation: [-0.9990482215818578f,0.003801680104023665f,-0.04345340242735767f,0.05978416234829026f,0f,0.9961946980917455f,0.08715574274765818f,1.4429472339217286f,0.043619387365335875f,0.08707278979269381f,-0.9952465414778341f,-0.9372029088423647f,0f,0f,0f,1f], start_interpolation: 0, interpolation_duration: 1 }
$data merge entity $(bone_head) { transformation: [-0.9990482215818578f,0.003801680104023665f,-0.04345340242735767f,0.06250000000000011f,0f,0.9961946980917455f,0.08715574274765818f,1.4375f,0.043619387365335875f,0.08707278979269381f,-0.9952465414778341f,-0.875f,0f,0f,0f,1f], start_interpolation: 0, interpolation_duration: 1 }
$data merge entity $(item_display_r_item) { transformation: [-0.43640183342199484f,0.028413290230158903f,-0.012344015724966793f,-0.2239501781429039f,-0.01103585040840321f,0.020303960189338218f,0.4368892413488722f,0.694173643841422f,0.02894649878111026f,0.4361039831725073f,-0.019536275729745856f,-0.7088588380708365f,0f,0f,0f,1f], start_interpolation: 0, interpolation_duration: 1 }
$data merge entity $(bone_rightarm) { transformation: [-0.9974899049645597f,-0.02821489308563837f,-0.06494466338322036f,-0.24970256924433043f,-0.025224800933493052f,0.9986039802259936f,-0.04640905186134427f,1.3125f,0.06616342578539489f,-0.044654344525133165f,-0.9968091043943025f,-0.8613689414483325f,0f,0f,0f,1f], start_interpolation: 0, interpolation_duration: 1 }
$data merge entity $(item_display_l_item) { transformation: [-0.43659487163258154f,0.028013477185998083f,-0.0025324217814605946f,0.38632416527098806f,-0.004271320040219308f,-0.02709702538221296f,0.4366391611394353f,0.6809877625487458f,0.027801508758405032f,0.43576053780876634f,0.02731446135970937f,-0.803148706834462f,0f,0f,0f,1f], start_interpolation: 0, interpolation_duration: 1 }
$data merge entity $(bone_leftarm) { transformation: [-0.9979311351601864f,-0.005788392643338488f,-0.06403080499656705f,0.37470256924433065f,-0.00976301723478699f,0.9980323683187092f,0.06193605801648699f,1.3125f,0.06354630573349722f,0.06243305453647879f,-0.9960240864200374f,-0.8886310585516675f,0f,0f,0f,1f], start_interpolation: 0, interpolation_duration: 1 }
$data merge entity $(bone_body) { transformation: [-0.9990482215818578f,0f,-0.043619387365335875f,0.06250000000000011f,0f,1f,0f,0.6875f,0.043619387365335875f,0f,-0.9990482215818578f,-0.875f,0f,0f,0f,1f], start_interpolation: 0, interpolation_duration: 1 }
$data merge entity $(bone_rightleg) { transformation: [-0.9990482205844388f,0.04361941020997806f,1.848544667337748e-8f,-0.062381027697732114f,0.043619410209978775f,0.9990482205844381f,4.023395993387087e-8f,0.75f,-1.671287099686003e-8f,4.1001990360020266e-8f,-0.999999999999999f,-0.869547576579333f,0f,0f,0f,1f], start_interpolation: 0, interpolation_duration: 1 }
$data merge entity $(text_display_text) { transformation: [-2f,0f,7.347880794884119e-16f,6.888638245203862e-17f,0f,2f,0f,2.8711686860806753f,-7.347880794884119e-16f,0f,-2f,-0.5625f,0f,0f,0f,1f], start_interpolation: 0, interpolation_duration: 1 }
data modify entity @s data merge value {"locators":{},"cameras":{"camera":{"posx":-0.9999999999999996,"posy":1.3072916666666667,"posz":-3.25,"roty":342.4392981315368,"rotx":0.5962008962301176}}}
execute on vehicle unless entity @s[tag=aj.transforms_only] at @s run function animated_java:humanentity/animations/000_mur_1/zzz/frames/zzz/1