# This file was generated by Animated Java via MC-Build. It is not recommended to edit this file directly.
$data merge entity $(bone_left_eye) { transformation: [-0.9808496877682779f,-0.00685414838080846f,0.19464560271130146f,0.13483937920157632f,0.0034595567416459963f,0.9986097866395043f,0.052597770817353916f,1.6728283032233535f,-0.1947355167195324f,0.05226389459060066f,-0.9794623851124653f,-0.1757720241993838f,0f,0f,0f,1f], start_interpolation: 0, interpolation_duration: 1 }
$data merge entity $(bone_right_eye) { transformation: [-0.9808496877682779f,-0.00685414838080846f,0.19464560271130146f,-0.11037304274049314f,0.0034595567416459963f,0.9986097866395043f,0.052597770817353916f,1.673693192408765f,-0.1947355167195324f,0.05226389459060066f,-0.9794623851124653f,-0.22445590337926688f,0f,0f,0f,1f], start_interpolation: 0, interpolation_duration: 1 }
$data merge entity $(bone_right_close) { transformation: [-0.9808496877682779f,-0.00685414838080846f,0.19464560271130146f,-0.11080142701429367f,0.0034595567416459963f,0.9986097866395043f,0.052597770817353916f,1.7361063040737341f,-0.1947355167195324f,0.05226389459060066f,-0.9794623851124653f,-0.22118940996735434f,0f,0f,0f,1f], start_interpolation: 0, interpolation_duration: 1 }
$data merge entity $(bone_left_close) { transformation: [-0.9808496877682779f,-0.00685414838080846f,0.19464560271130146f,0.1344109949277758f,0.0034595567416459963f,0.9986097866395043f,0.052597770817353916f,1.7352414148883226f,-0.1947355167195324f,0.05226389459060066f,-0.9794623851124653f,-0.17250553078747125f,0f,0f,0f,1f], start_interpolation: 0, interpolation_duration: 1 }
$data merge entity $(bone_left_eyebrow) { transformation: [-0.9808496877682779f,-0.00685414838080846f,0.19464560271130146f,0.13457018328712655f,0.0034595567416459963f,0.9986097866395043f,0.052597770817353916f,1.710272882861659f,-0.1947355167195324f,0.05226389459060066f,-0.9794623851124653f,-0.1737509117531667f,0f,0f,0f,1f], start_interpolation: 0, interpolation_duration: 1 }
$data merge entity $(bone_right_eyebrow) { transformation: [-0.9808496877682779f,-0.00685414838080846f,0.19464560271130146f,-0.11064223865494292f,0.0034595567416459963f,0.9986097866395043f,0.052597770817353916f,1.7111377720470704f,-0.1947355167195324f,0.05226389459060066f,-0.9794623851124653f,-0.2224347909330498f,0f,0f,0f,1f], start_interpolation: 0, interpolation_duration: 1 }
$data merge entity $(bone_talking) { transformation: [-0.9808496877682779f,-0.00685414838080846f,0.19464560271130146f,0.07477345617302542f,0.0034595567416459963f,0.9986097866395043f,0.052597770817353916f,1.4400451045366063f,-0.1947355167195324f,0.05226389459060066f,-0.9794623851124653f,-0.5192619327846208f,0f,0f,0f,1f], start_interpolation: 0, interpolation_duration: 1 }
$data merge entity $(bone_m_opened) { transformation: [-0.9808496877682779f,-0.00685414838080846f,0.19464560271130146f,0.07477345617302542f,0.0034595567416459963f,0.9986097866395043f,0.052597770817353916f,1.4400451045366063f,-0.1947355167195324f,0.05226389459060066f,-0.9794623851124653f,-0.5192619327846208f,0f,0f,0f,1f], start_interpolation: 0, interpolation_duration: 1 }
$data merge entity $(bone_head) { transformation: [-0.9808496877682779f,-0.00685414838080846f,0.19464560271130146f,0.06260810600356907f,0.0034595567416459963f,0.9986097866395043f,0.052597770817353916f,1.4367577438605217f,-0.1947355167195324f,0.05226389459060066f,-0.9794623851124653f,-0.4580455337150918f,0f,0f,0f,1f], start_interpolation: 0, interpolation_duration: 1 }
$data merge entity $(item_display_r_item) { transformation: [-0.41597810428144033f,-0.11464748918969513f,-0.07228014928677129f,-0.16970125798494676f,-0.05296177461266096f,-0.07726525273326258f,0.4273539296062957f,0.6827812192362055f,-0.1247538263473185f,0.4150810570750776f,0.059585643146141315f,-0.5073404319595938f,0f,0f,0f,1f], start_interpolation: 0, interpolation_duration: 1 }
$data merge entity $(bone_rightarm) { transformation: [-0.9508070955004351f,-0.16521176979833443f,0.26205140386216025f,-0.24020218862613574f,-0.12105548482893934f,0.9768089819572473f,0.17660629196174327f,1.315362619454703f,-0.28515160307958515f,0.13619575576260892f,-0.9487567018858916f,-0.5408126723436997f,0f,0f,0f,1f], start_interpolation: 0, interpolation_duration: 1 }
$data merge entity $(item_display_l_item) { transformation: [-0.42390918774742065f,-0.10770565649520081f,-0.010331606954385215f,0.349368759092101f,0.004873632732642349f,-0.06073960450801054f,0.4332357304611402f,0.6721379278898678f,-0.10809023196991212f,0.4196622951888199f,0.06005255822645957f,-0.3522839112276762f,0f,0f,0f,1f], start_interpolation: 0, interpolation_duration: 1 }
$data merge entity $(bone_leftarm) { transformation: [-0.9689352862798186f,-0.023615101610023403f,0.24618435770331615f,0.3653823652987509f,0.011139731960325368f,0.9902530981968919f,0.13883338173259574f,1.3084002869794997f,-0.24706338735979913f,0.1372629902319078f,-0.9592281032887313f,-0.38639805524382526f,0f,0f,0f,1f], start_interpolation: 0, interpolation_duration: 1 }
$data merge entity $(bone_body) { transformation: [-0.9689352862798186f,0.00014414133809202936f,0.24731435507289243f,0.06250000000000006f,0.011139731960325368f,0.9990103251473622f,0.043061312344303534f,0.6875f,-0.24706338735979913f,0.044478640629365185f,-0.9679779610890248f,-0.4914045141871157f,0f,0f,0f,1f], start_interpolation: 0, interpolation_duration: 1 }
$data merge entity $(bone_leftleg) { transformation: [-1f,-8.73653023587262e-18f,1.2215265394602058e-16f,0.18750000000000006f,0f,0.9974521146102535f,0.07133918319923208f,0.7798295454545454f,-1.2246467991473532e-16f,0.07133918319923208f,-0.9974521146102535f,-0.4914045141871157f,0f,0f,0f,1f], start_interpolation: 0, interpolation_duration: 1 }
$data merge entity $(bone_rightleg) { transformation: [-1f,8.73653023587262e-18f,1.2215265394602058e-16f,-0.062499999999999944f,0f,0.9974521146102535f,-0.07133918319923208f,0.8125f,-1.2246467991473532e-16f,-0.07133918319923208f,-0.9974521146102535f,-0.4914045141871157f,0f,0f,0f,1f], start_interpolation: 0, interpolation_duration: 1 }
data modify entity @s data merge value {"locators":{},"cameras":{"camera":{"posx":-0.9999999999999996,"posy":1.8229166666666667,"posz":-3.25,"roty":348.74282065834217,"rotx":5.5678035746223955}}}