# This file was generated by Animated Java via MC-Build. It is not recommended to edit this file directly.
$data merge entity $(bone_left_eye) { transformation: [-0.9877250084504174f,-0.0164698614394823f,0.15533206798915414f,0.14310086846982276f,-0.0061495735404658615f,0.9977549210272351f,0.06668808222768487f,1.6702971486373288f,-0.15608167870347045f,0.06491426060659022f,-0.9856087704271945f,-0.14996435705494407f,0f,0f,0f,1f], start_interpolation: 0, interpolation_duration: 1 }
$data merge entity $(bone_right_eye) { transformation: [-0.9877250084504174f,-0.0164698614394823f,0.15533206798915414f,-0.1038303836427816f,-0.0061495735404658615f,0.9977549210272351f,0.06668808222768487f,1.6687597552522124f,-0.15608167870347045f,0.06491426060659022f,-0.9856087704271945f,-0.18898477673081168f,0f,0f,0f,1f], start_interpolation: 0, interpolation_duration: 1 }
$data merge entity $(bone_right_close) { transformation: [-0.9877250084504174f,-0.0164698614394823f,0.15533206798915414f,-0.10485974998274925f,-0.0061495735404658615f,0.9977549210272351f,0.06668808222768487f,1.7311194378164145f,-0.15608167870347045f,0.06491426060659022f,-0.9856087704271945f,-0.18492763544289978f,0f,0f,0f,1f], start_interpolation: 0, interpolation_duration: 1 }
$data merge entity $(bone_left_close) { transformation: [-0.9877250084504174f,-0.0164698614394823f,0.15533206798915414f,0.14207150212985512f,-0.0061495735404658615f,0.9977549210272351f,0.06668808222768487f,1.732656831201531f,-0.15608167870347045f,0.06491426060659022f,-0.9856087704271945f,-0.14590721576703217f,0f,0f,0f,1f], start_interpolation: 0, interpolation_duration: 1 }
$data merge entity $(bone_left_eyebrow) { transformation: [-0.9877250084504174f,-0.0164698614394823f,0.15533206798915414f,0.14247354041159283f,-0.0061495735404658615f,0.9977549210272351f,0.06668808222768487f,1.707708790170711f,-0.15608167870347045f,0.06491426060659022f,-0.9856087704271945f,-0.1474684717340452f,0f,0f,0f,1f], start_interpolation: 0, interpolation_duration: 1 }
$data merge entity $(bone_right_eyebrow) { transformation: [-0.9877250084504174f,-0.0164698614394823f,0.15533206798915414f,-0.10445771170101152f,-0.0061495735404658615f,0.9977549210272351f,0.06668808222768487f,1.7061713967855947f,-0.15608167870347045f,0.06491426060659022f,-0.9856087704271945f,-0.18648889140991282f,0f,0f,0f,1f], start_interpolation: 0, interpolation_duration: 1 }
$data merge entity $(bone_talking) { transformation: [-0.9877250084504174f,-0.0164698614394823f,0.15533206798915414f,0.07229397902000181f,-0.0061495735404658615f,0.9977549210272351f,0.06668808222768487f,1.4409297473841134f,-0.15608167870347045f,0.06491426060659022f,-0.9856087704271945f,-0.4937058728030237f,0f,0f,0f,1f], start_interpolation: 0, interpolation_duration: 1 }
$data merge entity $(bone_m_opened) { transformation: [-0.9877250084504174f,-0.0164698614394823f,0.15533206798915414f,0.07229397902000181f,-0.0061495735404658615f,0.9977549210272351f,0.06668808222768487f,1.4409297473841134f,-0.15608167870347045f,0.06491426060659022f,-0.9856087704271945f,-0.4937058728030237f,0f,0f,0f,1f], start_interpolation: 0, interpolation_duration: 1 }
$data merge entity $(bone_head) { transformation: [-0.9877250084504174f,-0.0164698614394823f,0.15533206798915414f,0.06258572477067968f,-0.0061495735404658615f,0.9977549210272351f,0.06668808222768487f,1.436761742244883f,-0.15608167870347045f,0.06491426060659022f,-0.9856087704271945f,-0.43210532465132406f,0f,0f,0f,1f], start_interpolation: 0, interpolation_duration: 1 }
$data merge entity $(item_display_r_item) { transformation: [-0.409486583328212f,-0.12786717446983198f,-0.08588931113525654f,-0.1511039302899474f,-0.06053304316468802f,-0.09073865140147737f,0.4236844318913112f,0.6846357320057305f,-0.14164299756574406f,0.4084393869779734f,0.06723673404953509f,-0.5049611305833719f,0f,0f,0f,1f], start_interpolation: 0, interpolation_duration: 1 }
$data merge entity $(bone_rightarm) { transformation: [-0.9359693333216274f,-0.196318425452015f,0.2922678273596159f,-0.2372694677775048f,-0.13836124151928691f,0.9684215586087114f,0.20740263177480564f,1.3158245351080258f,-0.323755423007415f,0.15368396354179473f,-0.9335757416639392f,-0.5256056210777426f,0f,0f,0f,1f], start_interpolation: 0, interpolation_duration: 1 }
$data merge entity $(item_display_l_item) { transformation: [-0.41977726712096636f,-0.1227963913438336f,-0.010693095033008367f,0.34260350920136384f,0.005515649865539292f,-0.05662905120633755f,0.43378448354687693f,0.6720731870313347f,-0.1231376206324195f,0.4160774529248155f,0.055883177724466215f,-0.31064857323071926f,0f,0f,0f,1f], start_interpolation: 0, interpolation_duration: 1 }
$data merge entity $(bone_leftarm) { transformation: [-0.9594908962764945f,-0.024441360075447758f,0.2806774659287625f,0.3624123423953043f,0.01260719969266124f,0.9915073909642902f,0.12943783132877176f,1.3079450353001125f,-0.2814574185883874f,0.12773297765592298f,-0.951034178113864f,-0.34969473446000043f,0f,0f,0f,1f], start_interpolation: 0, interpolation_duration: 1 }
$data merge entity $(bone_body) { transformation: [-0.9594908962764945f,0.00011429969423949639f,0.2817396083231984f,0.06250000000000006f,0.01260719969266124f,0.9990156563265106f,0.04252971820293066f,0.6875f,-0.2814574185883874f,0.04435882494037941f,-0.9585478684820441f,-0.4653744433566086f,0f,0f,0f,1f], start_interpolation: 0, interpolation_duration: 1 }
$data merge entity $(bone_leftleg) { transformation: [-1f,-1.453889200810424e-17f,1.2159859557492947e-16f,0.18750000000000006f,0f,0.9929278846732883f,0.1187190626573048f,0.7840909090909091f,-1.2246467991473532e-16f,0.1187190626573048f,-0.9929278846732883f,-0.4653744433566086f,0f,0f,0f,1f], start_interpolation: 0, interpolation_duration: 1 }
$data merge entity $(bone_rightleg) { transformation: [-1f,1.453889200810424e-17f,1.2159859557492947e-16f,-0.062499999999999944f,0f,0.9929278846732883f,-0.1187190626573048f,0.7968750000000001f,-1.2246467991473532e-16f,-0.1187190626573048f,-0.9929278846732883f,-0.4653744433566086f,0f,0f,0f,1f], start_interpolation: 0, interpolation_duration: 1 }
data modify entity @s data merge value {"locators":{},"cameras":{"camera":{"posx":-0.9999999999999996,"posy":1.8286458333333333,"posz":-3.25,"roty":348.73149061666027,"rotx":5.553192149662953}}}