# This file was generated by Animated Java via MC-Build. It is not recommended to edit this file directly.
$data merge entity $(bone_left_eye) { transformation: [-0.9943592715210359f,-0.025876211865709656f,0.1028594225126506f,0.15467003981633348f,-0.017409284203372188f,0.9964491722906638f,0.08237696197831837f,1.6674620322541633f,-0.10462579014603077f,0.08012158698335925f,-0.9912789593931602f,-0.12499896608452421f,0f,0f,0f,1f], start_interpolation: 0, interpolation_duration: 1 }
$data merge entity $(bone_right_eye) { transformation: [-0.9943592715210359f,-0.025876211865709656f,0.1028594225126506f,-0.09391977806392549f,-0.017409284203372188f,0.9964491722906638f,0.08237696197831837f,1.6631097112033202f,-0.10462579014603077f,0.08012158698335925f,-0.9912789593931602f,-0.1511554136210319f,0f,0f,0f,1f], start_interpolation: 0, interpolation_duration: 1 }
$data merge entity $(bone_right_close) { transformation: [-0.9943592715210359f,-0.025876211865709656f,0.1028594225126506f,-0.09553704130553234f,-0.017409284203372188f,0.9964491722906638f,0.08237696197831837f,1.7253877844714867f,-0.10462579014603077f,0.08012158698335925f,-0.9912789593931602f,-0.14614781443457198f,0f,0f,0f,1f], start_interpolation: 0, interpolation_duration: 1 }
$data merge entity $(bone_left_close) { transformation: [-0.9943592715210359f,-0.025876211865709656f,0.1028594225126506f,0.15305277657472663f,-0.017409284203372188f,0.9964491722906638f,0.08237696197831837f,1.7297401055223298f,-0.10462579014603077f,0.08012158698335925f,-0.9912789593931602f,-0.11999136689806428f,0f,0f,0f,1f], start_interpolation: 0, interpolation_duration: 1 }
$data merge entity $(bone_left_eyebrow) { transformation: [-0.9943592715210359f,-0.025876211865709656f,0.1028594225126506f,0.1536932531574623f,-0.017409284203372188f,0.9964491722906638f,0.08237696197831837f,1.7048237276549396f,-0.10462579014603077f,0.08012158698335925f,-0.9912789593931602f,-0.12193245163768614f,0f,0f,0f,1f], start_interpolation: 0, interpolation_duration: 1 }
$data merge entity $(bone_right_eyebrow) { transformation: [-0.9943592715210359f,-0.025876211865709656f,0.1028594225126506f,-0.09489656472279667f,-0.017409284203372188f,0.9964491722906638f,0.08237696197831837f,1.7004714066040965f,-0.10462579014603077f,0.08012158698335925f,-0.9912789593931602f,-0.14808889917419382f,0f,0f,0f,1f], start_interpolation: 0, interpolation_duration: 1 }
$data merge entity $(bone_talking) { transformation: [-0.9943592715210359f,-0.025876211865709656f,0.1028594225126506f,0.06898775337783472f,-0.017409284203372188f,0.9964491722906638f,0.08237696197831837f,1.4419163792743004f,-0.10462579014603077f,0.08012158698335925f,-0.9912789593931602f,-0.4678822614089804f,0f,0f,0f,1f], start_interpolation: 0, interpolation_duration: 1 }
$data merge entity $(bone_m_opened) { transformation: [-0.9943592715210359f,-0.025876211865709656f,0.1028594225126506f,0.06898775337783472f,-0.017409284203372188f,0.9964491722906638f,0.08237696197831837f,1.4419163792743004f,-0.10462579014603077f,0.08012158698335925f,-0.9912789593931602f,-0.4678822614089804f,0f,0f,0f,1f], start_interpolation: 0, interpolation_duration: 1 }
$data merge entity $(bone_head) { transformation: [-0.9943592715210359f,-0.025876211865709656f,0.1028594225126506f,0.06255903947079405f,-0.017409284203372188f,0.9964491722906638f,0.08237696197831837f,1.4367678191506554f,-0.10462579014603077f,0.08012158698335925f,-0.9912789593931602f,-0.40592732644690793f,0f,0f,0f,1f], start_interpolation: 0, interpolation_duration: 1 }
$data merge entity $(item_display_r_item) { transformation: [-0.40218501888504693f,-0.1401402642545544f,-0.10007080952554624f,-0.1310401018641446f,-0.06810670883151412f,-0.10406193568550529f,0.4194506404256943f,0.6873256790080867f,-0.15816111025335475f,0.4011708736636415f,0.0738460786188185f,-0.5009151976749413f,0f,0f,0f,1f], start_interpolation: 0, interpolation_duration: 1 }
$data merge entity $(bone_rightarm) { transformation: [-0.9192800431658216f,-0.22873327891553433f,0.32032060401040996f,-0.23395832568505232f,-0.15567247732917514f,0.9587443209730155f,0.23785585299544088f,1.3162728612406516f,-0.36151110915052515f,0.16879103684301391f,-0.9169619969454663f,-0.5100410492662409f,0f,0f,0f,1f], start_interpolation: 0, interpolation_duration: 1 }
$data merge entity $(item_display_l_item) { transformation: [-0.4151105353416663f,-0.13772586619711125f,-0.01100360071116008f,0.3354259069055251f,0.006136216727814298f,-0.05318609378430822f,0.43421174128786066f,0.6720083229941706f,-0.13802840393420665f,0.41183622376889356f,0.05239593972010898f,-0.2700414650264177f,0f,0f,0f,1f], start_interpolation: 0, interpolation_duration: 1 }
$data merge entity $(bone_leftarm) { transformation: [-0.9488240807809516f,-0.02515108733979454f,0.3148019798791114f,0.35905672480304246f,0.01402563823500411f,0.9924839800865387f,0.12156821436413329f,1.307506837343774f,-0.3154934947067581f,0.11976214793167789f,-0.9413399400431853f,-0.31285761507451715f,0f,0f,0f,1f], start_interpolation: 0, interpolation_duration: 1 }
$data merge entity $(bone_body) { transformation: [-0.9488240807809516f,0.00007871929439198941f,0.3158050942170742f,0.06250000000000006f,0.01402563823500411f,0.9990237588675405f,0.04189046061182826f,0.6875f,-0.3154934947067581f,0.04417604578776868f,-0.9478989037741703f,-0.43905936078773444f,0f,0f,0f,1f], start_interpolation: 0, interpolation_duration: 1 }
$data merge entity $(bone_leftleg) { transformation: [-1f,-2.030831851373574e-17f,1.207690772746204e-16f,0.18750000000000006f,0f,0.9861543537181867f,0.1658300052543736f,0.7883522727272727f,-1.2246467991473532e-16f,0.1658300052543736f,-0.9861543537181867f,-0.43905936078773444f,0f,0f,0f,1f], start_interpolation: 0, interpolation_duration: 1 }
$data merge entity $(bone_rightleg) { transformation: [-1f,2.030831851373574e-17f,1.207690772746204e-16f,-0.062499999999999944f,0f,0.9861543537181867f,-0.1658300052543736f,0.7812500000000001f,-1.2246467991473532e-16f,-0.1658300052543736f,-0.9861543537181867f,-0.43905936078773444f,0f,0f,0f,1f], start_interpolation: 0, interpolation_duration: 1 }
data modify entity @s data merge value {"locators":{},"cameras":{"camera":{"posx":-0.9999999999999996,"posy":1.834375,"posz":-3.25,"roty":348.69335262020024,"rotx":5.5369333170644}}}