# This file was generated by Animated Java via MC-Build. It is not recommended to edit this file directly.
$data merge entity $(bone_left_eye) { transformation: [-0.9983975639730223f,-0.033060119162960484f,0.045927472972782823f,0.16758263898992465f,-0.028484651875065357f,0.9948830934983698f,0.09693428123564082f,1.6648237510553263f,-0.04889712527635115f,0.09547072217200844f,-0.9942305629720222f,-0.1009915261910961f,0f,0f,0f,1f], start_interpolation: 0, interpolation_duration: 1 }
$data merge entity $(bone_right_eye) { transformation: [-0.9983975639730223f,-0.033060119162960484f,0.045927472972782823f,-0.08201675200333092f,-0.028484651875065357f,0.9948830934983698f,0.09693428123564082f,1.6577025880865601f,-0.04889712527635115f,0.09547072217200844f,-0.9942305629720222f,-0.11321580751018388f,0f,0f,0f,1f], start_interpolation: 0, interpolation_duration: 1 }
$data merge entity $(bone_right_close) { transformation: [-0.9983975639730223f,-0.033060119162960484f,0.045927472972782823f,-0.08408300945101595f,-0.028484651875065357f,0.9948830934983698f,0.09693428123564082f,1.7198827814302082f,-0.04889712527635115f,0.09547072217200844f,-0.9942305629720222f,-0.10724888737443337f,0f,0f,0f,1f], start_interpolation: 0, interpolation_duration: 1 }
$data merge entity $(bone_left_close) { transformation: [-0.9983975639730223f,-0.033060119162960484f,0.045927472972782823f,0.16551638154223963f,-0.028484651875065357f,0.9948830934983698f,0.09693428123564082f,1.7270039443989744f,-0.04889712527635115f,0.09547072217200844f,-0.9942305629720222f,-0.09502460605534559f,0f,0f,0f,1f], start_interpolation: 0, interpolation_duration: 1 }
$data merge entity $(bone_left_eyebrow) { transformation: [-0.9983975639730223f,-0.033060119162960484f,0.045927472972782823f,0.16634001405425283f,-0.028484651875065357f,0.9948830934983698f,0.09693428123564082f,1.7021258086689384f,-0.04889712527635115f,0.09547072217200844f,-0.9942305629720222f,-0.09734923469946002f,0f,0f,0f,1f], start_interpolation: 0, interpolation_duration: 1 }
$data merge entity $(bone_right_eyebrow) { transformation: [-0.9983975639730223f,-0.033060119162960484f,0.045927472972782823f,-0.08325937693900273f,-0.028484651875065357f,0.9948830934983698f,0.09693428123564082f,1.695004645700172f,-0.04889712527635115f,0.09547072217200844f,-0.9942305629720222f,-0.10957351601854781f,0f,0f,0f,1f], start_interpolation: 0, interpolation_duration: 1 }
$data merge entity $(bone_talking) { transformation: [-0.9983975639730223f,-0.033060119162960484f,0.045927472972782823f,0.06540030858803161f,-0.028484651875065357f,0.9948830934983698f,0.09693428123564082f,1.4428343590824886f,-0.04889712527635115f,0.09547072217200844f,-0.9942305629720222f,-0.441668398322399f,0f,0f,0f,1f], start_interpolation: 0, interpolation_duration: 1 }
$data merge entity $(bone_m_opened) { transformation: [-0.9983975639730223f,-0.033060119162960484f,0.045927472972782823f,0.06540030858803161f,-0.028484651875065357f,0.9948830934983698f,0.09693428123564082f,1.4428343590824886f,-0.04889712527635115f,0.09547072217200844f,-0.9942305629720222f,-0.441668398322399f,0f,0f,0f,1f], start_interpolation: 0, interpolation_duration: 1 }
$data merge entity $(bone_head) { transformation: [-0.9983975639730223f,-0.033060119162960484f,0.045927472972782823f,0.06252984152723269f,-0.028484651875065357f,0.9948830934983698f,0.09693428123564082f,1.436775966505261f,-0.04889712527635115f,0.09547072217200844f,-0.9942305629720222f,-0.37952898813664765f,0f,0f,0f,1f], start_interpolation: 0, interpolation_duration: 1 }
$data merge entity $(item_display_r_item) { transformation: [-0.3940942231143597f,-0.15143294826356077f,-0.11473471788475788f,-0.10963136998541616f,-0.07568282057717461f,-0.1172094611955289f,0.41465684954638937f,0.6908504354365878f,-0.17426446561870393f,0.3933652938255478f,0.07938445462537376f,-0.49513908878421325f,0f,0f,0f,1f], start_interpolation: 0, interpolation_duration: 1 }
$data merge entity $(bone_rightarm) { transformation: [-0.9007867956899651f,-0.2622507837365895f,0.3461324531738531f,-0.23027155317405296f,-0.1729893041763991f,0.9477870846774614f,0.26790733987549487f,1.316705780844438f,-0.39831877855703757f,0.1814501820008545f,-0.8991206716012521f,-0.4941228089838357f,0f,0f,0f,1f], start_interpolation: 0, interpolation_duration: 1 }
$data merge entity $(item_display_l_item) { transformation: [-0.4099149895587789f,-0.1525182538581955f,-0.010683331646691952f,0.3270065474457068f,0.006732798926075234f,-0.048547699510460875f,0.43474594913680686f,0.6721510837516175f,-0.1527436439058831f,0.4071701770909665f,0.04783383879706659f,-0.22791732251667893f,0f,0f,0f,1f], start_interpolation: 0, interpolation_duration: 1 }
$data merge entity $(bone_leftarm) { transformation: [-0.9369485475629232f,-0.024419043763867398f,0.3486131516758755f,0.3553212890527741f,0.015389254688171962f,0.9937050265984156f,0.11096617030962508f,1.3070874966643304f,-0.3491283289277328f,0.10933448867900955f,-0.9306746904936377f,-0.2759176034040027f,0f,0f,0f,1f], start_interpolation: 0, interpolation_duration: 1 }
$data merge entity $(bone_body) { transformation: [-0.9369485475629232f,0.000039788702976848234f,0.3494673341481114f,0.06250000000000006f,0.015389254688171962f,0.9990346220070148f,0.041146018901514286f,0.6875f,-0.3491283289277328f,0.043929744458172174f,-0.9360446503730303f,-0.4124762964802768f,0f,0f,0f,1f], start_interpolation: 0, interpolation_duration: 1 }
$data merge entity $(bone_leftleg) { transformation: [-1f,-2.6031740146088333e-17f,1.1966597817084481e-16f,0.18750000000000006f,0f,0.9771468659711595f,0.2125652895529768f,0.7926136363636364f,-1.2246467991473532e-16f,0.2125652895529768f,-0.9771468659711595f,-0.4124762964802768f,0f,0f,0f,1f], start_interpolation: 0, interpolation_duration: 1 }
$data merge entity $(bone_rightleg) { transformation: [-1f,2.6031740146088333e-17f,1.1966597817084481e-16f,-0.062499999999999944f,0f,0.9771468659711595f,-0.2125652895529768f,0.7656249999999999f,-1.2246467991473532e-16f,-0.2125652895529768f,-0.9771468659711595f,-0.4124762964802768f,0f,0f,0f,1f], start_interpolation: 0, interpolation_duration: 1 }
data modify entity @s data merge value {"locators":{},"cameras":{"camera":{"posx":-0.9999999999999996,"posy":1.8401041666666667,"posz":-3.25,"roty":348.6271219536234,"rotx":5.5190173704385534}}}