# This file was generated by Animated Java via MC-Build. It is not recommended to edit this file directly.
$data merge entity $(bone_left_eye) { transformation: [-0.9992855480881502f,-0.03724986666383817f,-0.006390681942618104f,0.17969584382098205f,-0.03772353280416459f,0.9933849706542576f,0.10845844896094001f,1.6627332360811269f,0.002308344631666681f,0.10862203971462694f,-0.9940804414298148f,-0.0775391228805761f,0f,0f,0f,1f], start_interpolation: 0, interpolation_duration: 1 }
$data merge entity $(bone_right_eye) { transformation: [-0.9992855480881502f,-0.03724986666383817f,-0.006390681942618104f,-0.07012554320105549f,-0.03772353280416459f,0.9933849706542576f,0.10845844896094001f,1.6533023528800856f,0.002308344631666681f,0.10862203971462694f,-0.9940804414298148f,-0.07696203672265942f,0f,0f,0f,1f], start_interpolation: 0, interpolation_duration: 1 }
$data merge entity $(bone_right_close) { transformation: [-0.9992855480881502f,-0.03724986666383817f,-0.006390681942618104f,-0.07245365986754539f,-0.03772353280416459f,0.9933849706542576f,0.10845844896094001f,1.7153889135459766f,0.002308344631666681f,0.10862203971462694f,-0.9940804414298148f,-0.07017315924049525f,0f,0f,0f,1f], start_interpolation: 0, interpolation_duration: 1 }
$data merge entity $(bone_left_close) { transformation: [-0.9992855480881502f,-0.03724986666383817f,-0.006390681942618104f,0.17736772715449217f,-0.03772353280416459f,0.9933849706542576f,0.10845844896094001f,1.7248197967470178f,0.002308344631666681f,0.10862203971462694f,-0.9940804414298148f,-0.07075024539841193f,0f,0f,0f,1f], start_interpolation: 0, interpolation_duration: 1 }
$data merge entity $(bone_left_eyebrow) { transformation: [-0.9992855480881502f,-0.03724986666383817f,-0.006390681942618104f,0.17829937323870954f,-0.03772353280416459f,0.9933849706542576f,0.10845844896094001f,1.6999783938276014f,0.002308344631666681f,0.10862203971462694f,-0.9940804414298148f,-0.07340366636368817f,0f,0f,0f,1f], start_interpolation: 0, interpolation_duration: 1 }
$data merge entity $(bone_right_eyebrow) { transformation: [-0.9992855480881502f,-0.03724986666383817f,-0.006390681942618104f,-0.07152201378332802f,-0.03772353280416459f,0.9933849706542576f,0.10845844896094001f,1.6905475106265602f,0.002308344631666681f,0.10862203971462694f,-0.9940804414298148f,-0.0728265802057715f,0f,0f,0f,1f], start_interpolation: 0, interpolation_duration: 1 }
$data merge entity $(bone_talking) { transformation: [-0.9992855480881502f,-0.03724986666383817f,-0.006390681942618104f,0.06210052886885466f,-0.03772353280416459f,0.9933849706542576f,0.10845844896094001f,1.4435648171173354f,0.002308344631666681f,0.10862203971462694f,-0.9940804414298148f,-0.4150562276770916f,0f,0f,0f,1f], start_interpolation: 0, interpolation_duration: 1 }
$data merge entity $(bone_m_opened) { transformation: [-0.9992855480881502f,-0.03724986666383817f,-0.006390681942618104f,0.06210052886885466f,-0.03772353280416459f,0.9933849706542576f,0.10845844896094001f,1.4435648171173354f,0.002308344631666681f,0.10862203971462694f,-0.9940804414298148f,-0.4150562276770916f,0f,0f,0f,1f], start_interpolation: 0, interpolation_duration: 1 }
$data merge entity $(bone_head) { transformation: [-0.9992855480881502f,-0.03724986666383817f,-0.006390681942618104f,0.06249994649026829f,-0.03772353280416459f,0.9933849706542576f,0.10845844896094001f,1.4367861640572768f,0.002308344631666681f,0.10862203971462694f,-0.9940804414298148f,-0.3529262000877282f,0f,0f,0f,1f], start_interpolation: 0, interpolation_duration: 1 }
$data merge entity $(item_display_r_item) { transformation: [-0.3852373195914008f,-0.16171915485545776f,-0.12978972435007888f,-0.08700398710552099f,-0.08326126643615102f,-0.13015568926505136f,0.40930832884683355f,0.6952079795147786f,-0.18991055553992056f,0.38511382928268867f,0.08383059936409192f,-0.4875788408127423f,0f,0f,0f,1f], start_interpolation: 0, interpolation_duration: 1 }
$data merge entity $(bone_rightarm) { transformation: [-0.8805424447803446f,-0.2966622270858946f,0.36964378252676056f,-0.22621240621836003f,-0.19031146613977376f,0.935561894507048f,0.2974987183201176f,1.3171215033716983f,-0.4340812698055327f,0.191612798546496f,-0.8802601812175741f,-0.47785336437337905f,0f,0f,0f,1f], start_interpolation: 0, interpolation_duration: 1 }
$data merge entity $(item_display_l_item) { transformation: [-0.4041973062776837f,-0.1671429797746758f,-0.009695973901920028f,0.3173085712454523f,0.007302913320221419f,-0.04291389483769293f,0.43532897340620086f,0.6725291238088971f,-0.1672646258325463f,0.40202969037361125f,0.04243728317407373f,-0.18466296332595797f,0f,0f,0f,1f], start_interpolation: 0, interpolation_duration: 1 }
$data merge entity $(bone_leftarm) { transformation: [-0.9238795572061341f,-0.022162226061531575f,0.38204109662783037f,0.35121231703547384f,0.016692373303363244f,0.9950376534998877f,0.0980889024861555f,1.3066887700570964f,-0.38231914476010587f,0.09699950439788302f,-0.9189250065682543f,-0.23890389889831287f,0f,0f,0f,1f], start_interpolation: 0, interpolation_duration: 1 }
$data merge entity $(bone_body) { transformation: [-0.9238795572061341f,-7.134630900150374e-8f,0.3826833727464424f,0.06250000000000004f,0.016692373303363244f,0.9990482187430357f,0.04029914763203418f,0.6875f,-0.38231914476010587f,0.04361945238494208f,-0.9230002247689537f,-0.38564078937643476f,0f,0f,0f,1f], start_interpolation: 0, interpolation_duration: 1 }
$data merge entity $(bone_leftleg) { transformation: [-1f,-3.169619151431765e-17f,1.1829179713786698e-16f,0.18750000000000006f,0f,0.9659258262890683f,0.25881904510252074f,0.796875f,-1.2246467991473532e-16f,0.25881904510252074f,-0.9659258262890683f,-0.38564078937643476f,0f,0f,0f,1f], start_interpolation: 0, interpolation_duration: 1 }
$data merge entity $(bone_rightleg) { transformation: [-1f,3.169619151431765e-17f,1.1829179713786698e-16f,-0.06249999999999996f,0f,0.9659258262890683f,-0.25881904510252074f,0.75f,-1.2246467991473532e-16f,-0.25881904510252074f,-0.9659258262890683f,-0.38564078937643476f,0f,0f,0f,1f], start_interpolation: 0, interpolation_duration: 1 }
$data merge entity $(text_display_text) { transformation: [-2f,0f,7.347880794884119e-16f,6.888638245203862e-17f,0f,2f,0f,2.3750000000000004f,-7.347880794884119e-16f,0f,-2f,-0.5625f,0f,0f,0f,1f], start_interpolation: 0, interpolation_duration: 1 }
data modify entity @s data merge value {"locators":{},"cameras":{"camera":{"posx":-0.9999999999999996,"posy":1.8458333333333332,"posz":-3.25,"roty":348.5315138950782,"rotx":5.499435238932531}}}