# This file was generated by Animated Java via MC-Build. It is not recommended to edit this file directly.
$data merge entity $(bone_left_eye) { transformation: [-0.9969586600716694f,-0.03702535348903823f,-0.0685751653815968f,0.19503924093713262f,-0.04484362944594833f,0.9922097511609466f,0.11622761547604457f,1.6634566359780634f,0.0637375792309064f,0.11894928709388956f,-0.9908524552594294f,-0.05625616271046656f,0f,0f,0f,1f], start_interpolation: 0, interpolation_duration: 1 }
$data merge entity $(bone_right_eye) { transformation: [-0.9969586600716694f,-0.03702535348903823f,-0.0685751653815968f,-0.05420042408078474f,-0.04484362944594833f,0.9922097511609466f,0.11622761547604457f,1.6522457286165764f,0.0637375792309064f,0.11894928709388956f,-0.9908524552594294f,-0.04032176790273996f,0f,0f,0f,1f], start_interpolation: 0, interpolation_duration: 1 }
$data merge entity $(bone_right_close) { transformation: [-0.9969586600716694f,-0.03702535348903823f,-0.0685751653815968f,-0.05651450867384962f,-0.04484362944594833f,0.9922097511609466f,0.11622761547604457f,1.7142588380641355f,0.0637375792309064f,0.11894928709388956f,-0.9908524552594294f,-0.03288743745937185f,0f,0f,0f,1f], start_interpolation: 0, interpolation_duration: 1 }
$data merge entity $(bone_left_close) { transformation: [-0.9969586600716694f,-0.03702535348903823f,-0.0685751653815968f,0.19272515634406773f,-0.04484362944594833f,0.9922097511609466f,0.11622761547604457f,1.7254697454256225f,0.0637375792309064f,0.11894928709388956f,-0.9908524552594294f,-0.04882183226709845f,0f,0f,0f,1f], start_interpolation: 0, interpolation_duration: 1 }
$data merge entity $(bone_left_eyebrow) { transformation: [-0.9969586600716694f,-0.03702535348903823f,-0.0685751653815968f,0.19365507612913005f,-0.04484362944594833f,0.9922097511609466f,0.11622761547604457f,1.700657237420632f,0.0637375792309064f,0.11894928709388956f,-0.9908524552594294f,-0.05173363616599195f,0f,0f,0f,1f], start_interpolation: 0, interpolation_duration: 1 }
$data merge entity $(bone_right_eyebrow) { transformation: [-0.9969586600716694f,-0.03702535348903823f,-0.0685751653815968f,-0.05558458888878731f,-0.04484362944594833f,0.9922097511609466f,0.11622761547604457f,1.6894463300591447f,0.0637375792309064f,0.11894928709388956f,-0.9908524552594294f,-0.03579924135826535f,0f,0f,0f,1f], start_interpolation: 0, interpolation_duration: 1 }
$data merge entity $(bone_talking) { transformation: [-0.9969586600716694f,-0.03702535348903823f,-0.0685751653815968f,0.0582460076186845f,-0.04484362944594833f,0.9922097511609466f,0.11622761547604457f,1.4461198743433472f,0.0637375792309064f,0.11894928709388956f,-0.9908524552594294f,-0.3876676793486474f,0f,0f,0f,1f], start_interpolation: 0, interpolation_duration: 1 }
$data merge entity $(bone_m_opened) { transformation: [-0.9969586600716694f,-0.03702535348903823f,-0.0685751653815968f,0.0582460076186845f,-0.04484362944594833f,0.9922097511609466f,0.11622761547604457f,1.4461198743433472f,0.0637375792309064f,0.11894928709388956f,-0.9908524552594294f,-0.3876676793486474f,0f,0f,0f,1f], start_interpolation: 0, interpolation_duration: 1 }
$data merge entity $(bone_head) { transformation: [-0.9969586600716694f,-0.03702535348903823f,-0.0685751653815968f,0.0625319554550343f,-0.04484362944594833f,0.9922097511609466f,0.11622761547604457f,1.4388556483760944f,0.0637375792309064f,0.11894928709388956f,-0.9908524552594294f,-0.32573940089493303f,0f,0f,0f,1f], start_interpolation: 0, interpolation_duration: 1 }
$data merge entity $(item_display_r_item) { transformation: [-0.3829802478951243f,-0.16639756265989133f,-0.13055355553579026f,-0.08576692320033327f,-0.08301451770545062f,-0.13012053040232008f,0.4093696220018656f,0.6973823190422811f,-0.19452755478934222f,0.38312758802867025f,0.08233183903577655f,-0.4622886889940391f,0f,0f,0f,1f], start_interpolation: 0, interpolation_duration: 1 }
$data merge entity $(bone_rightarm) { transformation: [-0.8753834237602841f,-0.29840812693894925f,0.38033728607975154f,-0.22472984177720762f,-0.18974746904103001f,0.9357019931471213f,0.29741835520530324f,1.3193733591598948f,-0.44463441094706796f,0.18818706065320373f,-0.8757202012083891f,-0.4541368012368354f,0f,0f,0f,1f], start_interpolation: 0, interpolation_duration: 1 }
$data merge entity $(item_display_l_item) { transformation: [-0.40215905985229744f,-0.17209547313203874f,-0.007582130714777422f,0.311444580995174f,0.007557079389902085f,-0.03686347446869615f,0.43587868128779883f,0.6753612797721232f,-0.1720965750089494f,0.40053774151452387f,0.036858330030449346f,-0.14649995369197152f,0f,0f,0f,1f], start_interpolation: 0, interpolation_duration: 1 }
$data merge entity $(bone_leftarm) { transformation: [-0.9192207082338227f,-0.01733058449091991f,0.39336108144466f,0.34978310086893155f,0.017273324319776195f,0.9962941286578259f,0.08425937021416285f,1.3085775314600347f,-0.3933636000204558f,0.08424761149817014f,-0.9155148377474831f,-0.20828455122405057f,0f,0f,0f,1f], start_interpolation: 0, interpolation_duration: 1 }
$data merge entity $(bone_body) { transformation: [-0.9192207082338227f,0.00004260727337902245f,0.3937426669015305f,0.06250000000000004f,0.017273324319776195f,0.9990416245290358f,0.040217716560354576f,0.6895744299793174f,-0.3933636000204558f,0.043770202684080016f,-0.9183404856239006f,-0.358567052907993f,0f,0f,0f,1f], start_interpolation: 0, interpolation_duration: 1 }
$data merge entity $(bone_leftleg) { transformation: [-1f,-2.754855886670367e-17f,1.1932591810242374e-16f,0.18750000000000006f,0f,0.9743700647852352f,0.2249510543438651f,0.8f,-1.2246467991473532e-16f,0.2249510543438651f,-0.9743700647852352f,-0.358567052907993f,0f,0f,0f,1f], start_interpolation: 0, interpolation_duration: 1 }
$data merge entity $(bone_rightleg) { transformation: [-1f,2.754855886670367e-17f,1.1932591810242374e-16f,-0.06249999999999996f,0f,0.9743700647852352f,-0.2249510543438651f,0.75f,-1.2246467991473532e-16f,-0.2249510543438651f,-0.9743700647852352f,-0.358567052907993f,0f,0f,0f,1f], start_interpolation: 0, interpolation_duration: 1 }
$data merge entity $(text_display_text) { transformation: [-2f,0f,7.347880794884119e-16f,6.888638245203862e-17f,0f,2f,0f,2.375f,-7.347880794884119e-16f,0f,-2f,-0.5625f,0f,0f,0f,1f], start_interpolation: 0, interpolation_duration: 1 }
data modify entity @s data merge value {"locators":{},"cameras":{"camera":{"posx":-0.9999999999999996,"posy":1.8515625,"posz":-3.25,"roty":348.4052437190024,"rotx":5.478178529922493}}}
execute on vehicle unless entity @s[tag=aj.transforms_only] at @s run function animated_java:humanentity/animations/000_mur_1/zzz/frames/zzz/5