# This file was generated by Animated Java via MC-Build. It is not recommended to edit this file directly.
$data merge entity $(bone_left_eye) { transformation: [-0.9935251336284532f,-0.035197089145342704f,-0.10802302423214744f,0.20495644800675297f,-0.04806602330927523f,0.9917370116089459f,0.1189426635324329f,1.6693918925431748f,0.10294399570541513f,0.12336476288086534f,-0.9870074310903395f,-0.03360992063825334f,0f,0f,0f,1f], start_interpolation: 0, interpolation_duration: 1 }
$data merge entity $(bone_right_eye) { transformation: [-0.9935251336284532f,-0.035197089145342704f,-0.10802302423214744f,-0.04342483540036032f,-0.04806602330927523f,0.9917370116089459f,0.1189426635324329f,1.657375386715856f,0.10294399570541513f,0.12336476288086534f,-0.9870074310903395f,-0.00787392171189956f,0f,0f,0f,1f], start_interpolation: 0, interpolation_duration: 1 }
$data merge entity $(bone_right_close) { transformation: [-0.9935251336284532f,-0.035197089145342704f,-0.10802302423214744f,-0.04562465347194425f,-0.04806602330927523f,0.9917370116089459f,0.1189426635324329f,1.719358949941415f,0.10294399570541513f,0.12336476288086534f,-0.9870074310903395f,-0.00016362403184545793f,0f,0f,0f,1f], start_interpolation: 0, interpolation_duration: 1 }
$data merge entity $(bone_left_close) { transformation: [-0.9935251336284532f,-0.035197089145342704f,-0.10802302423214744f,0.20275662993516905f,-0.04806602330927523f,0.9917370116089459f,0.1189426635324329f,1.7313754557687338f,0.10294399570541513f,0.12336476288086534f,-0.9870074310903395f,-0.02589962295819924f,0f,0f,0f,1f], start_interpolation: 0, interpolation_duration: 1 }
$data merge entity $(bone_left_eyebrow) { transformation: [-0.9935251336284532f,-0.035197089145342704f,-0.10802302423214744f,0.2036433086028171f,-0.04806602330927523f,0.9917370116089459f,0.1189426635324329f,1.7065745965620396f,0.10294399570541513f,0.12336476288086534f,-0.9870074310903395f,-0.028922054065777716f,0f,0f,0f,1f], start_interpolation: 0, interpolation_duration: 1 }
$data merge entity $(bone_right_eyebrow) { transformation: [-0.9935251336284532f,-0.035197089145342704f,-0.10802302423214744f,-0.04473797480429617f,-0.04806602330927523f,0.9917370116089459f,0.1189426635324329f,1.6945580907347209f,0.10294399570541513f,0.12336476288086534f,-0.9870074310903395f,-0.0031860551394239343f,0f,0f,0f,1f], start_interpolation: 0, interpolation_duration: 1 }
$data merge entity $(bone_talking) { transformation: [-0.9935251336284532f,-0.035197089145342704f,-0.10802302423214744f,0.05580788351698593f,-0.04806602330927523f,0.9917370116089459f,0.1189426635324329f,1.4526189690811642f,0.10294399570541513f,0.12336476288086534f,-0.9870074310903395f,-0.3600229341110239f,0f,0f,0f,1f], start_interpolation: 0, interpolation_duration: 1 }
$data merge entity $(bone_m_opened) { transformation: [-0.9935251336284532f,-0.035197089145342704f,-0.10802302423214744f,0.05580788351698593f,-0.04806602330927523f,0.9917370116089459f,0.1189426635324329f,1.4526189690811642f,0.10294399570541513f,0.12336476288086534f,-0.9870074310903395f,-0.3600229341110239f,0f,0f,0f,1f], start_interpolation: 0, interpolation_duration: 1 }
$data merge entity $(bone_head) { transformation: [-0.9935251336284532f,-0.035197089145342704f,-0.10802302423214744f,0.06255932253149514f,-0.04806602330927523f,0.9917370116089459f,0.1189426635324329f,1.445185052610387f,0.10294399570541513f,0.12336476288086534f,-0.9870074310903395f,-0.29833496966787765f,0f,0f,0f,1f], start_interpolation: 0, interpolation_duration: 1 }
$data merge entity $(item_display_r_item) { transformation: [-0.3806674793556834f,-0.17105126066725593f,-0.13130112865140506f,-0.0845085394809501f,-0.08277214698855315f,-0.13007913270616714f,0.4094318513712834f,0.7038140628615952f,-0.19911627719474798f,0.38108678205699265f,0.08081969251086323f,-0.4367584616270339f,0f,0f,0f,1f], start_interpolation: 0, interpolation_duration: 1 }
$data merge entity $(bone_rightarm) { transformation: [-0.8700970956701335f,-0.3001168654889259f,0.3909743100965849f,-0.2232097916494557f,-0.18919347883097862f,0.9358442317057905f,0.2973237318998108f,1.3258821741651905f,-0.4551229193022811f,0.18473072573911614f,-0.8710555018445546f,-0.4301836957706556f,0f,0f,0f,1f], start_interpolation: 0, interpolation_duration: 1 }
$data merge entity $(item_display_l_item) { transformation: [-0.4000629179293157f,-0.17700209652847515f,-0.005115615545168792f,0.3050446571631007f,0.007807173856524792f,-0.030257981955402156f,0.4363825759174632f,0.6826802510722356f,-0.17690381492284335f,0.39894982435453075f,0.030827389010966752f,-0.10751742322382325f,0f,0f,0f,1f], start_interpolation: 0, interpolation_duration: 1 }
$data merge entity $(bone_leftarm) { transformation: [-0.9144295266955788f,-0.01169283553181447f,0.40457622063651466f,0.348308662535281f,0.01784496881491381f,0.9974458878113445f,0.06916110161234801f,1.3147290686558695f,-0.4043515769664991f,0.0704626034536385f,-0.911885312810356f,-0.1774639601665937f,0f,0f,0f,1f], start_interpolation: 0, interpolation_duration: 1 }
$data merge entity $(bone_body) { transformation: [-0.9144295266955788f,0.00007909670866012592f,0.40474514753238305f,0.06250000000000004f,0.01784496881491381f,0.9990354495988554f,0.04012140990552996f,0.6959084654112454f,-0.4043515769664991f,0.04391086640597613f,-0.9135489248070855f,-0.33126811947235973f,0f,0f,0f,1f], start_interpolation: 0, interpolation_duration: 1 }
$data merge entity $(bone_leftleg) { transformation: [-1f,-2.3367362543640798e-17f,1.2021465881652132e-16f,0.18750000000000006f,0f,0.9816271834476639f,0.19080899537654503f,0.803125f,-1.2246467991473532e-16f,0.19080899537654503f,-0.9816271834476639f,-0.33126811947235973f,0f,0f,0f,1f], start_interpolation: 0, interpolation_duration: 1 }
$data merge entity $(bone_rightleg) { transformation: [-1f,2.3367362543640798e-17f,1.2021465881652132e-16f,-0.06249999999999996f,0f,0.9816271834476639f,-0.19080899537654503f,0.75f,-1.2246467991473532e-16f,-0.19080899537654503f,-0.9816271834476639f,-0.33126811947235973f,0f,0f,0f,1f], start_interpolation: 0, interpolation_duration: 1 }
data modify entity @s data merge value {"locators":{},"cameras":{"camera":{"posx":-0.9999999999999996,"posy":1.8572916666666668,"posz":-3.25,"roty":348.2470266986325,"rotx":5.455239573132736}}}