# This file was generated by Animated Java via MC-Build. It is not recommended to edit this file directly.
$data merge entity $(bone_left_eye) { transformation: [-0.9926197392492571f,-0.033710831978442664f,-0.11648876795664909f,0.20735410820449254f,-0.04747940543209411f,0.9919345535315356f,0.11752254068904398f,1.6799302498630566f,0.11158745141166915f,0.12218601113676791f,-0.9862143881377587f,-0.007573310510248302f,0f,0f,0f,1f], start_interpolation: 0, interpolation_duration: 1 }
$data merge entity $(bone_right_eye) { transformation: [-0.9926197392492571f,-0.033710831978442664f,-0.11648876795664909f,-0.04080082660782172f,-0.04747940543209411f,0.9919345535315356f,0.11752254068904398f,1.668060398505033f,0.11158745141166915f,0.12218601113676791f,-0.9862143881377587f,0.020323552342668985f,0f,0f,0f,1f], start_interpolation: 0, interpolation_duration: 1 }
$data merge entity $(bone_right_close) { transformation: [-0.9926197392492571f,-0.033710831978442664f,-0.11648876795664909f,-0.04290775360647439f,-0.04747940543209411f,0.9919345535315356f,0.11752254068904398f,1.730056308100754f,0.11158745141166915f,0.12218601113676791f,-0.9862143881377587f,0.02796017803871699f,0f,0f,0f,1f], start_interpolation: 0, interpolation_duration: 1 }
$data merge entity $(bone_left_close) { transformation: [-0.9926197392492571f,-0.033710831978442664f,-0.11648876795664909f,0.20524718120583987f,-0.04747940543209411f,0.9919345535315356f,0.11752254068904398f,1.7419261594587776f,0.11158745141166915f,0.12218601113676791f,-0.9862143881377587f,0.0000633151857997033f,0f,0f,0f,1f], start_interpolation: 0, interpolation_duration: 1 }
$data merge entity $(bone_left_eyebrow) { transformation: [-0.9926197392492571f,-0.033710831978442664f,-0.11648876795664909f,0.20609723255329823f,-0.04747940543209411f,0.9919345535315356f,0.11752254068904398f,1.717120450461696f,0.11158745141166915f,0.12218601113676791f,-0.9862143881377587f,-0.0029296966933608677f,0f,0f,0f,1f], start_interpolation: 0, interpolation_duration: 1 }
$data merge entity $(bone_right_eyebrow) { transformation: [-0.9926197392492571f,-0.033710831978442664f,-0.11648876795664909f,-0.04205770225901605f,-0.04747940543209411f,0.9919345535315356f,0.11752254068904398f,1.7052505991036726f,0.11158745141166915f,0.12218601113676791f,-0.9862143881377587f,0.024967166159556416f,0f,0f,0f,1f], start_interpolation: 0, interpolation_duration: 1 }
$data merge entity $(bone_talking) { transformation: [-0.9926197392492571f,-0.033710831978442664f,-0.11648876795664909f,0.055301608806493235f,-0.04747940543209411f,0.9919345535315356f,0.11752254068904398f,1.4627374797664872f,0.11158745141166915f,0.12218601113676791f,-0.9862143881377587f,-0.33236337816103123f,0f,0f,0f,1f], start_interpolation: 0, interpolation_duration: 1 }
$data merge entity $(bone_m_opened) { transformation: [-0.9926197392492571f,-0.033710831978442664f,-0.11648876795664909f,0.055301608806493235f,-0.04747940543209411f,0.9919345535315356f,0.11752254068904398f,1.4627374797664872f,0.11158745141166915f,0.12218601113676791f,-0.9862143881377587f,-0.33236337816103123f,0f,0f,0f,1f], start_interpolation: 0, interpolation_duration: 1 }
$data merge entity $(bone_head) { transformation: [-0.9926197392492571f,-0.033710831978442664f,-0.11648876795664909f,0.0625821568037838f,-0.04747940543209411f,0.9919345535315356f,0.11752254068904398f,1.4553923209734219f,0.11158745141166915f,0.12218601113676791f,-0.9862143881377587f,-0.2707249789024213f,0f,0f,0f,1f], start_interpolation: 0, interpolation_duration: 1 }
$data merge entity $(item_display_r_item) { transformation: [-0.3782993648939427f,-0.17567959239658137f,-0.13203227384321847f,-0.08322901858288381f,-0.08253426792527506f,-0.13003156293515886f,0.4094949783070346f,0.7141211047899327f,-0.20367605440718486f,0.3789917195085017f,0.07929433400382803f,-0.4109998832666398f,0f,0f,0f,1f], start_interpolation: 0, interpolation_duration: 1 }
$data merge entity $(bone_rightarm) { transformation: [-0.8646842626147262f,-0.30178805449878515f,0.4015533540493288f,-0.22165238338845844f,-0.18864975525777156f,0.9359885218446503f,0.297215000994649f,1.3362658060671704f,-0.46554526721642253f,0.18124419200874997f,-0.8662667874480039f,-0.40600561169217153f,0f,0f,0f,1f], start_interpolation: 0, interpolation_duration: 1 }
$data merge entity $(item_display_l_item) { transformation: [-0.3979091863482563f,-0.18184867141213715f,-0.0023643445834365074f,0.29821018325334925f,0.008053077409016462f,-0.023300421489298714f,0.4368048629567503f,0.6940971994048465f,-0.1816856553608816f,0.3972334339705831f,0.024539184420541756f,-0.06801538635723381f,0f,0f,0f,1f], start_interpolation: 0, interpolation_duration: 1 }
$data merge entity $(bone_leftarm) { transformation: [-0.9095067116531572f,-0.005404216190712109f,0.4156541060848849f,0.3467893113947648f,0.018407034077751912f,0.9984111153297149f,0.05325810626125443f,1.3247614097685751f,-0.4152814979677294f,0.05608956438980993f,-0.9079621347899042f,-0.14645467546234062f,0f,0f,0f,1f], start_interpolation: 0, interpolation_duration: 1 }
$data merge entity $(bone_body) { transformation: [-0.9095067116531572f,0.00010954240504500669f,0.4156892222061118f,0.06250000000000004f,0.018407034077751912f,0.9990297044443925f,0.04001038283008668f,0.7061200426401274f,-0.4152814979677294f,0.04404131739867817f,-0.9086262376838277f,-0.3037559669514299f,0f,0f,0f,1f], start_interpolation: 0, interpolation_duration: 1 }
$data merge entity $(bone_leftleg) { transformation: [-1f,-1.915769668878477e-17f,1.2095693648649962e-16f,0.18750000000000006f,0f,0.9876883405951377f,0.15643446504023123f,0.8062499999999999f,-1.2246467991473532e-16f,0.15643446504023123f,-0.9876883405951377f,-0.3037559669514299f,0f,0f,0f,1f], start_interpolation: 0, interpolation_duration: 1 }
$data merge entity $(bone_rightleg) { transformation: [-1f,1.915769668878477e-17f,1.2095693648649962e-16f,-0.06249999999999996f,0f,0.9876883405951377f,-0.15643446504023123f,0.75f,-1.2246467991473532e-16f,-0.15643446504023123f,-0.9876883405951377f,-0.3037559669514299f,0f,0f,0f,1f], start_interpolation: 0, interpolation_duration: 1 }
data modify entity @s data merge value {"locators":{},"cameras":{"camera":{"posx":-0.9999999999999996,"posy":1.8630208333333333,"posz":-3.25,"roty":348.05557810815606,"rotx":5.430611466410752}}}