# This file was generated by Animated Java via MC-Build. It is not recommended to edit this file directly.
$data merge entity $(bone_left_eye) { transformation: [-0.992845891541394f,-0.031780718652392376f,-0.11509570613759607f,0.2075350522780232f,-0.04494906445669222f,0.9924990184735253f,0.11368940114872989f,1.6933393367081433f,0.11061924450041466f,0.11804949915618522f,-0.9868270864214923f,0.019471184611064195f,0f,0f,0f,1f], start_interpolation: 0, interpolation_duration: 1 }
$data merge entity $(bone_right_eye) { transformation: [-0.992845891541394f,-0.031780718652392376f,-0.11509570613759607f,-0.04067642060732529f,-0.04494906445669222f,0.9924990184735253f,0.11368940114872989f,1.6821020705939704f,0.11061924450041466f,0.11804949915618522f,-0.9868270864214923f,0.04712599573616786f,0f,0f,0f,1f], start_interpolation: 0, interpolation_duration: 1 }
$data merge entity $(bone_right_close) { transformation: [-0.992845891541394f,-0.031780718652392376f,-0.11509570613759607f,-0.0426627155230998f,-0.04494906445669222f,0.9924990184735253f,0.11368940114872989f,1.7441332592485659f,0.11061924450041466f,0.11804949915618522f,-0.9868270864214923f,0.05450408943342947f,0f,0f,0f,1f], start_interpolation: 0, interpolation_duration: 1 }
$data merge entity $(bone_left_close) { transformation: [-0.992845891541394f,-0.031780718652392376f,-0.11509570613759607f,0.2055487573622487f,-0.04494906445669222f,0.9924990184735253f,0.11368940114872989f,1.7553705253627387f,0.11061924450041466f,0.11804949915618522f,-0.9868270864214923f,0.026849278308325807f,0f,0f,0f,1f], start_interpolation: 0, interpolation_duration: 1 }
$data merge entity $(bone_left_eyebrow) { transformation: [-0.992845891541394f,-0.031780718652392376f,-0.11509570613759607f,0.2063504688101921f,-0.04494906445669222f,0.9924990184735253f,0.11368940114872989f,1.730550944313329f,0.11061924450041466f,0.11804949915618522f,-0.9868270864214923f,0.023959717522322517f,0f,0f,0f,1f], start_interpolation: 0, interpolation_duration: 1 }
$data merge entity $(bone_right_eyebrow) { transformation: [-0.992845891541394f,-0.031780718652392376f,-0.11509570613759607f,-0.04186100407515639f,-0.04494906445669222f,0.9924990184735253f,0.11368940114872989f,1.7193136781991558f,0.11061924450041466f,0.11804949915618522f,-0.9868270864214923f,0.05161452864742619f,0f,0f,0f,1f], start_interpolation: 0, interpolation_duration: 1 }
$data merge entity $(bone_talking) { transformation: [-0.992845891541394f,-0.031780718652392376f,-0.11509570613759607f,0.05540708733044829f,-0.04494906445669222f,0.9924990184735253f,0.11368940114872989f,1.4751238868916536f,0.11061924450041466f,0.11804949915618522f,-0.9868270864214923f,-0.3045972491221466f,0f,0f,0f,1f], start_interpolation: 0, interpolation_duration: 1 }
$data merge entity $(bone_m_opened) { transformation: [-0.992845891541394f,-0.031780718652392376f,-0.11509570613759607f,0.05540708733044829f,-0.04494906445669222f,0.9924990184735253f,0.11368940114872989f,1.4751238868916536f,0.11061924450041466f,0.11804949915618522f,-0.9868270864214923f,-0.3045972491221466f,0f,0f,0f,1f], start_interpolation: 0, interpolation_duration: 1 }
$data merge entity $(bone_head) { transformation: [-0.992845891541394f,-0.031780718652392376f,-0.11509570613759607f,0.06260056896404805f,-0.04494906445669222f,0.9924990184735253f,0.11368940114872989f,1.468018299319858f,0.11061924450041466f,0.11804949915618522f,-0.9868270864214923f,-0.24292055622080333f,0f,0f,0f,1f], start_interpolation: 0, interpolation_duration: 1 }
$data merge entity $(item_display_r_item) { transformation: [-0.375876263622776f,-0.18028190531782676f,-0.13274682316332698f,-0.08192854621526752f,-0.08230099298192378f,-0.12997788965433912f,0.40955896370998124f,0.7268442412208331f,-0.2082062222873533f,0.37684271628356913f,0.07775593986860832f,-0.38502373729247574f,0f,0f,0f,1f], start_interpolation: 0, interpolation_duration: 1 }
$data merge entity $(bone_rightarm) { transformation: [-0.859145745423488f,-0.3034213100876046f,0.41207292644074683f,-0.22005774921492705f,-0.18811655538725436f,0.9361347741942427f,0.2970923192099182f,1.3490650149934746f,-0.4758999366568075f,0.17772786255681922f,-0.8613547800767295f,-0.3816131707040549f,0f,0f,0f,1f], start_interpolation: 0, interpolation_duration: 1 }
$data merge entity $(item_display_l_item) { transformation: [-0.3956981793589539f,-0.18662488489305756f,0.0005942984622024054f,0.2910549706681302f,0.008294671784363302f,-0.01619508521522977f,0.43712145638810856f,0.7081290932570207f,-0.18644140975652068f,0.3953670719135882f,0.01818596091705606f,-0.02828622324379465f,0f,0f,0f,1f], start_interpolation: 0, interpolation_duration: 1 }
$data merge entity $(bone_leftarm) { transformation: [-0.9044529813918947f,0.0013583964850339748f,0.42657116546984586f,0.34522536415500715f,0.018959249792830403f,0.9991347574585339f,0.037017337634811125f,1.3372154838729557f,-0.42615179372919015f,0.041567910667556905f,-0.903696164373916f,-0.11526829962331109f,0f,0f,0f,1f], start_interpolation: 0, interpolation_duration: 1 }
$data merge entity $(bone_body) { transformation: [-0.9044529813918947f,0.00013409195206399624f,0.42657330726460324f,0.06250000000000004f,0.018959249792830403f,0.9990243990931442f,0.03988479489573761f,0.71875f,-0.42615179372919015f,0.044161431543037505f,-0.9035731385258547f,-0.27604162987808145f,0f,0f,0f,1f], start_interpolation: 0, interpolation_duration: 1 }
$data merge entity $(bone_leftleg) { transformation: [-1f,-1.4924690131530332e-17f,1.2155184676135686e-16f,0.18750000000000006f,0f,0.9925461516413221f,0.12186934340514737f,0.809375f,-1.2246467991473532e-16f,0.12186934340514737f,-0.9925461516413221f,-0.27604162987808145f,0f,0f,0f,1f], start_interpolation: 0, interpolation_duration: 1 }
$data merge entity $(bone_rightleg) { transformation: [-1f,1.4924690131530332e-17f,1.2155184676135686e-16f,-0.06249999999999996f,0f,0.9925461516413221f,-0.12186934340514737f,0.75f,-1.2246467991473532e-16f,-0.12186934340514737f,-0.9925461516413221f,-0.27604162987808145f,0f,0f,0f,1f], start_interpolation: 0, interpolation_duration: 1 }
$data merge entity $(text_display_text) { transformation: [-2f,0f,7.347880794884119e-16f,6.888638245203862e-17f,0f,2f,0f,2.3749999999999996f,-7.347880794884119e-16f,0f,-2f,-0.5625f,0f,0f,0f,1f], start_interpolation: 0, interpolation_duration: 1 }
data modify entity @s data merge value {"locators":{},"cameras":{"camera":{"posx":-0.9999999999999996,"posy":1.86875,"posz":-3.25,"roty":347.8296132244336,"rotx":5.404288123397856}}}