# This file was generated by Animated Java via MC-Build. It is not recommended to edit this file directly.
$data merge entity $(bone_left_eye) { transformation: [-0.9939451670454984f,-0.029480705745865192f,-0.10584844304769864f,0.2059497514968867f,-0.04096680712428907f,0.9933024827675587f,0.1080365606720478f,1.7070819461001052f,0.10195452722139176f,0.11171869009494106f,-0.9884959325472882f,0.04737735740869667f,0f,0f,0f,1f], start_interpolation: 0, interpolation_duration: 1 }
$data merge entity $(bone_right_eye) { transformation: [-0.9939451670454984f,-0.029480705745865192f,-0.10584844304769864f,-0.0425365402644879f,-0.04096680712428907f,0.9933024827675587f,0.1080365606720478f,1.6968402443190331f,0.10195452722139176f,0.11171869009494106f,-0.9884959325472882f,0.07286598921404461f,0f,0f,0f,1f], start_interpolation: 0, interpolation_duration: 1 }
$data merge entity $(bone_right_close) { transformation: [-0.9939451670454984f,-0.029480705745865192f,-0.10584844304769864f,-0.044379084373604466f,-0.04096680712428907f,0.9933024827675587f,0.1080365606720478f,1.7589216494920057f,0.10195452722139176f,0.11171869009494106f,-0.9884959325472882f,0.07984840734497847f,0f,0f,0f,1f], start_interpolation: 0, interpolation_duration: 1 }
$data merge entity $(bone_left_close) { transformation: [-0.9939451670454984f,-0.029480705745865192f,-0.10584844304769864f,0.20410720738777013f,-0.04096680712428907f,0.9933024827675587f,0.1080365606720478f,1.7691633512730778f,0.10195452722139176f,0.11171869009494106f,-0.9884959325472882f,0.054359775539630534f,0f,0f,0f,1f], start_interpolation: 0, interpolation_duration: 1 }
$data merge entity $(bone_left_eyebrow) { transformation: [-0.9939451670454984f,-0.029480705745865192f,-0.10584844304769864f,0.20485084055910724f,-0.04096680712428907f,0.9933024827675587f,0.1080365606720478f,1.7443240369188469f,0.10195452722139176f,0.11171869009494106f,-0.9884959325472882f,0.05162858928304122f,0f,0f,0f,1f], start_interpolation: 0, interpolation_duration: 1 }
$data merge entity $(bone_right_eyebrow) { transformation: [-0.9939451670454984f,-0.029480705745865192f,-0.10584844304769864f,-0.04363545120226735f,-0.04096680712428907f,0.9933024827675587f,0.1080365606720478f,1.7340823351377745f,0.10195452722139176f,0.11171869009494106f,-0.9884959325472882f,0.07711722108838916f,0f,0f,0f,1f], start_interpolation: 0, interpolation_duration: 1 }
$data merge entity $(bone_talking) { transformation: [-0.9939451670454984f,-0.029480705745865192f,-0.10584844304769864f,0.05599914360025987f,-0.04096680712428907f,0.9933024827675587f,0.1080365606720478f,1.4873968997276945f,0.10195452722139176f,0.11171869009494106f,-0.9884959325472882f,-0.27671297813339213f,0f,0f,0f,1f], start_interpolation: 0, interpolation_duration: 1 }
$data merge entity $(bone_m_opened) { transformation: [-0.9939451670454984f,-0.029480705745865192f,-0.10584844304769864f,0.05599914360025987f,-0.04096680712428907f,0.9933024827675587f,0.1080365606720478f,1.4873968997276945f,0.10195452722139176f,0.11171869009494106f,-0.9884959325472882f,-0.27671297813339213f,0f,0f,0f,1f], start_interpolation: 0, interpolation_duration: 1 }
$data merge entity $(bone_head) { transformation: [-0.9939451670454984f,-0.029480705745865192f,-0.10584844304769864f,0.06261467129074104f,-0.04096680712428907f,0.9933024827675587f,0.1080365606720478f,1.4806446146856915f,0.10195452722139176f,0.11171869009494106f,-0.9884959325472882f,-0.21493198234918665f,0f,0f,0f,1f], start_interpolation: 0, interpolation_duration: 1 }
$data merge entity $(item_display_r_item) { transformation: [-0.3733985427932853f,-0.18485755094763065f,-0.13344461059741322f,-0.08060731113340172f,-0.08207243342316795f,-0.12991818321918752f,0.4096237680372385f,0.7395650506798482f,-0.2127061210023134f,0.3746400959943687f,0.07620468857937458f,-0.35883996394711265f,0f,0f,0f,1f], start_interpolation: 0, interpolation_duration: 1 }
$data merge entity $(bone_rightarm) { transformation: [-0.8534823835275093f,-0.30501625279408745f,0.4225315450231557f,-0.2184260260018119f,-0.18759413353866958f,0.9362828983708307f,0.2969558473581431f,1.3618613430813853f,-0.4861854194338592f,0.17418214532428494f,-0.8563202194156999f,-0.35701615054639707f,0f,0f,0f,1f], start_interpolation: 0, interpolation_duration: 1 }
$data merge entity $(item_display_l_item) { transformation: [-0.3934302195750679f,-0.19132541920543591f,0.003673729845545113f,0.2837045538388104f,0.008531839796662107f,-0.009147158047910234f,0.43732114882467166f,0.7223150284657912f,-0.19117039528859572f,0.393341026928937f,0.01195685994278211f,0.011386336213032824f,0f,0f,0f,1f], start_interpolation: 0, interpolation_duration: 1 }
$data merge entity $(bone_leftarm) { transformation: [-0.899269073314441f,0.008397096789817303f,0.43731524389813925f,0.3436171448197136f,0.019501348106656245f,0.9995911973135352f,0.020907789823795042f,1.349673000514725f,-0.43696090351679023f,0.027329965583502164f,-0.899065204408999f,-0.0839155858484032f,0f,0f,0f,1f], start_interpolation: 0, interpolation_duration: 1 }
$data merge entity $(bone_body) { transformation: [-0.899269073314441f,0.00015289505432134766f,0.4373958280588522f,0.06250000000000003f,0.019501348106656245f,0.9990195431010921f,0.039744810027327215f,0.7313799573598726f,-0.43696090351679023f,0.04427108678570789f,-0.8983903604072134f,-0.24813529743846757f,0f,0f,0f,1f], start_interpolation: 0, interpolation_duration: 1 }
$data merge entity $(bone_leftleg) { transformation: [-1f,-1.0673500138322974e-17f,1.2199866483456202e-16f,0.18750000000000003f,0f,0.9961946980917455f,0.08715574274765818f,0.8125f,-1.2246467991473532e-16f,0.08715574274765818f,-0.9961946980917455f,-0.24813529743846754f,0f,0f,0f,1f], start_interpolation: 0, interpolation_duration: 1 }
$data merge entity $(bone_rightleg) { transformation: [-1f,1.0673500138322974e-17f,1.2199866483456202e-16f,-0.06249999999999997f,0f,0.9961946980917455f,-0.08715574274765818f,0.75f,-1.2246467991473532e-16f,-0.08715574274765818f,-0.9961946980917455f,-0.2481352974384676f,0f,0f,0f,1f], start_interpolation: 0, interpolation_duration: 1 }
$data merge entity $(text_display_text) { transformation: [-2f,0f,7.347880794884119e-16f,6.888638245203862e-17f,0f,2f,0f,2.375f,-7.347880794884119e-16f,0f,-2f,-0.5625f,0f,0f,0f,1f], start_interpolation: 0, interpolation_duration: 1 }
data modify entity @s data merge value {"locators":{},"cameras":{"camera":{"posx":-0.9999999999999996,"posy":1.8744791666666667,"posz":-3.25,"roty":347.5678473282232,"rotx":5.376264323339897}}}