# This file was generated by Animated Java via MC-Build. It is not recommended to edit this file directly.
$data merge entity $(bone_left_eye) { transformation: [-0.9990482215818578f,0.004180733006501767f,-0.043418572358560684f,0.19928085403899798f,0f,0.9953961983671789f,0.09584575252022398f,1.6623876114617386f,0.043619387365335875f,0.09575452860150463f,-0.9944488017480722f,-0.6079015908332728f,0f,0f,0f,1f], start_interpolation: 0, interpolation_duration: 1 }
$data merge entity $(bone_right_eye) { transformation: [-0.9990482215818578f,0.004180733006501767f,-0.043418572358560684f,-0.050481201356466485f,0f,0.9953961983671789f,0.09584575252022398f,1.6623876114617386f,0.043619387365335875f,0.09575452860150463f,-0.9944488017480722f,-0.5969967439919388f,0f,0f,0f,1f], start_interpolation: 0, interpolation_duration: 1 }
$data merge entity $(bone_right_close) { transformation: [-0.9990482215818578f,0.004180733006501767f,-0.043418572358560684f,-0.05021990554356012f,0f,0.9953961983671789f,0.09584575252022398f,1.7245998738596873f,0.043619387365335875f,0.09575452860150463f,-0.9944488017480722f,-0.5910120859543448f,0f,0f,0f,1f], start_interpolation: 0, interpolation_duration: 1 }
$data merge entity $(bone_left_close) { transformation: [-0.9990482215818578f,0.004180733006501767f,-0.043418572358560684f,0.19954214985190433f,0f,0.9953961983671789f,0.09584575252022398f,1.7245998738596873f,0.043619387365335875f,0.09575452860150463f,-0.9944488017480722f,-0.6019169327956788f,0f,0f,0f,1f], start_interpolation: 0, interpolation_duration: 1 }
$data merge entity $(bone_left_eyebrow) { transformation: [-0.9990482215818578f,0.004180733006501767f,-0.043418572358560684f,0.19944034518751422f,0f,0.9953961983671789f,0.09584575252022398f,1.6997089785409754f,0.043619387365335875f,0.09575452860150463f,-0.9944488017480722f,-0.604248642960607f,0f,0f,0f,1f], start_interpolation: 0, interpolation_duration: 1 }
$data merge entity $(bone_right_eyebrow) { transformation: [-0.9990482215818578f,0.004180733006501767f,-0.043418572358560684f,-0.05032171020795026f,0f,0.9953961983671789f,0.09584575252022398f,1.6997089785409754f,0.043619387365335875f,0.09575452860150463f,-0.9944488017480722f,-0.5933437961192731f,0f,0f,0f,1f], start_interpolation: 0, interpolation_duration: 1 }
$data merge entity $(bone_talking) { transformation: [-0.9990482215818578f,0.004180733006501767f,-0.043418572358560684f,0.05978633922759008f,0f,0.9953961983671789f,0.09584575252022398f,1.443490359532514f,0.043619387365335875f,0.09575452860150463f,-0.9944488017480722f,-0.9371530501092545f,0f,0f,0f,1f], start_interpolation: 0, interpolation_duration: 1 }
$data merge entity $(bone_m_opened) { transformation: [-0.9990482215818578f,0.004180733006501767f,-0.043418572358560684f,0.05978633922759008f,0f,0.9953961983671789f,0.09584575252022398f,1.443490359532514f,0.043619387365335875f,0.09575452860150463f,-0.9944488017480722f,-0.9371530501092545f,0f,0f,0f,1f], start_interpolation: 0, interpolation_duration: 1 }
$data merge entity $(bone_head) { transformation: [-0.9990482215818578f,0.004180733006501767f,-0.043418572358560684f,0.06250000000000012f,0f,0.9953961983671789f,0.09584575252022398f,1.4375f,0.043619387365335875f,0.09575452860150463f,-0.9944488017480722f,-0.875f,0f,0f,0f,1f], start_interpolation: 0, interpolation_duration: 1 }
$data merge entity $(item_display_r_item) { transformation: [-0.4356946069506455f,0.033840684287092665f,-0.02076698247468495f,-0.2103666844841826f,-0.01815913180016329f,0.03365600988540771f,0.4358253881210428f,0.6995083055086267f,0.03530871572837011f,0.4348888721105366f,-0.03211251326256622f,-0.6912399590416562f,0f,0f,0f,1f], start_interpolation: 0, interpolation_duration: 1 }
$data merge entity $(bone_rightarm) { transformation: [-0.9958733873157611f,-0.047467388513565585f,-0.07735013551335468f,-0.24970256924433043f,-0.041506586971801804f,0.9961723157052408f,-0.0769280225952174f,1.3125f,0.08070563595056025f,-0.07340003031443686f,-0.9940317076812265f,-0.8613689414483325f,0f,0f,0f,1f], start_interpolation: 0, interpolation_duration: 1 }
$data merge entity $(item_display_l_item) { transformation: [-0.43652846478384955f,0.029010921724697793f,-0.0027415058159443264f,0.3869078409027362f,-0.004737371196057065f,-0.03004005816391763f,0.4364417512333796f,0.6804289101911956f,0.028752508544580373f,0.43550225180381325f,0.030287487948027797f,-0.8074696836763321f,0f,0f,0f,1f], start_interpolation: 0, interpolation_duration: 1 }
$data merge entity $(bone_leftarm) { transformation: [-0.9977793480773705f,-0.0062662990078727315f,-0.06631067822788067f,0.37470256924433065f,-0.010828277019559006f,0.9975811456762962f,0.06866299008895481f,1.3125f,0.06572001953046942f,0.06922854388120661f,-0.995433718408716f,-0.8886310585516675f,0f,0f,0f,1f], start_interpolation: 0, interpolation_duration: 1 }
$data merge entity $(bone_body) { transformation: [-0.9990482215818578f,0f,-0.043619387365335875f,0.06250000000000012f,0f,1f,0f,0.6875f,0.043619387365335875f,0f,-0.9990482215818578f,-0.875f,0f,0f,0f,1f], start_interpolation: 0, interpolation_duration: 1 }
$data merge entity $(bone_rightleg) { transformation: [-0.9990482205844388f,0.04361941020997806f,1.848544667337748e-8f,-0.0623810276977321f,0.043619410209978775f,0.9990482205844381f,4.023395993387087e-8f,0.75f,-1.671287099686003e-8f,4.1001990360020266e-8f,-0.999999999999999f,-0.869547576579333f,0f,0f,0f,1f], start_interpolation: 0, interpolation_duration: 1 }
$data merge entity $(text_display_text) { transformation: [-2f,0f,7.347880794884119e-16f,6.888638245203862e-17f,0f,2f,0f,2.861620898370238f,-7.347880794884119e-16f,0f,-2f,-0.5625f,0f,0f,0f,1f], start_interpolation: 0, interpolation_duration: 1 }
data modify entity @s data merge value {"locators":{},"cameras":{"camera":{"posx":-0.9999999999999996,"posy":1.3130208333333333,"posz":-3.25,"roty":342.4313675454348,"rotx":0.6732129100754037}}}