# This file was generated by Animated Java via MC-Build. It is not recommended to edit this file directly.
$data merge entity $(bone_left_eye) { transformation: [-0.9955148187709849f,-0.026801616283190527f,-0.0907299232446599f,0.20304600671327905f,-0.03598141991208133f,0.9942249353122248f,0.1011044777668772f,1.7186306856233917f,0.08749618865118491f,0.10391559732788481f,-0.9907300165047517f,0.07595560209958263f,0f,0f,0f,1f], start_interpolation: 0, interpolation_duration: 1 }
$data merge entity $(bone_right_eye) { transformation: [-0.9955148187709849f,-0.026801616283190527f,-0.0907299232446599f,-0.045832697979467193f,-0.03598141991208133f,0.9942249353122248f,0.1011044777668772f,1.7096353306453713f,0.08749618865118491f,0.10391559732788481f,-0.9907300165047517f,0.09782964926237886f,0f,0f,0f,1f], start_interpolation: 0, interpolation_duration: 1 }
$data merge entity $(bone_right_close) { transformation: [-0.9955148187709849f,-0.026801616283190527f,-0.0907299232446599f,-0.0475077989971666f,-0.03598141991208133f,0.9942249353122248f,0.1011044777668772f,1.7717743891023854f,0.08749618865118491f,0.10391559732788481f,-0.9907300165047517f,0.10432437409537165f,0f,0f,0f,1f], start_interpolation: 0, interpolation_duration: 1 }
$data merge entity $(bone_left_close) { transformation: [-0.9955148187709849f,-0.026801616283190527f,-0.0907299232446599f,0.20137090569557964f,-0.03598141991208133f,0.9942249353122248f,0.1011044777668772f,1.7807697440804058f,0.08749618865118491f,0.10391559732788481f,-0.9907300165047517f,0.08245032693257542f,0f,0f,0f,1f], start_interpolation: 0, interpolation_duration: 1 }
$data merge entity $(bone_left_eyebrow) { transformation: [-0.9955148187709849f,-0.026801616283190527f,-0.0907299232446599f,0.20204661672286217f,-0.03598141991208133f,0.9942249353122248f,0.1011044777668772f,1.7559078016677399f,0.08749618865118491f,0.10391559732788481f,-0.9907300165047517f,0.07991435762540987f,0f,0f,0f,1f], start_interpolation: 0, interpolation_duration: 1 }
$data merge entity $(bone_right_eyebrow) { transformation: [-0.9955148187709849f,-0.026801616283190527f,-0.0907299232446599f,-0.04683208796988404f,-0.03598141991208133f,0.9942249353122248f,0.1011044777668772f,1.7469124466897195f,0.08749618865118491f,0.10391559732788481f,-0.9907300165047517f,0.1017884047882061f,0f,0f,0f,1f], start_interpolation: 0, interpolation_duration: 1 }
$data merge entity $(bone_talking) { transformation: [-0.9955148187709849f,-0.026801616283190527f,-0.0907299232446599f,0.05695395742374733f,-0.03598141991208133f,0.9942249353122248f,0.1011044777668772f,1.4971719236084746f,0.08749618865118491f,0.10391559732788481f,-0.9907300165047517f,-0.2486894038087254f,0f,0f,0f,1f], start_interpolation: 0, interpolation_duration: 1 }
$data merge entity $(bone_m_opened) { transformation: [-0.9955148187709849f,-0.026801616283190527f,-0.0907299232446599f,0.05695395742374733f,-0.03598141991208133f,0.9942249353122248f,0.1011044777668772f,1.4971719236084746f,0.08749618865118491f,0.10391559732788481f,-0.9907300165047517f,-0.2486894038087254f,0f,0f,0f,1f], start_interpolation: 0, interpolation_duration: 1 }
$data merge entity $(bone_head) { transformation: [-0.9955148187709849f,-0.026801616283190527f,-0.0907299232446599f,0.06262457762653857f,-0.03598141991208133f,0.9942249353122248f,0.1011044777668772f,1.4908528937480447f,0.08749618865118491f,0.10391559732788481f,-0.9907300165047517f,-0.1867687777771784f,0f,0f,0f,1f], start_interpolation: 0, interpolation_duration: 1 }
$data merge entity $(item_display_r_item) { transformation: [-0.370866577739799f,-0.18940588494442942f,-0.1341254720923181f,-0.07926550511085168f,-0.08184869928416025f,-0.12985251575918383f,0.40968935130962586f,0.7498651122998472f,-0.21717509512156488f,0.3723841899160442f,0.07464076071095993f,-0.33245774705569253f,0f,0f,0f,1f], start_interpolation: 0, interpolation_duration: 1 }
$data merge entity $(bone_rightarm) { transformation: [-0.8476950348338262f,-0.3065725076395843f,0.4329277370158386f,-0.21675735525861203f,-0.1870827412209377f,0.9364328029934303f,0.2968057503067061f,1.3722363329590794f,-0.4964002174207197f,0.1706074530536229f,-0.8511638626652439f,-0.3322235717303337f,0f,0f,0f,1f], start_interpolation: 0, interpolation_duration: 1 }
$data merge entity $(item_display_l_item) { transformation: [-0.39110563792635183f,-0.19595071300067396f,0.006778499594223245f,0.27629549578709345f,0.008764465365949376f,-0.0023622094367785128f,0.4374058231361648f,0.7341752895455509f,-0.1958719329793589f,0.39115724209210845f,0.006037203808490056f,0.05072811054008124f,0f,0f,0f,1f], start_interpolation: 0, interpolation_duration: 1 }
$data merge entity $(bone_leftarm) { transformation: [-0.8939557438316613f,0.01549371335822446f,0.4478873440015405f,0.3419649846361763f,0.020033063693598575f,0.999784738596948f,0.0053993358554939655f,1.3597156681505802f,-0.44770727538139177f,0.013799322990834612f,-0.8940736962105336f,-0.05240652461696382f,0f,0f,0f,1f], start_interpolation: 0, interpolation_duration: 1 }
$data merge entity $(bone_body) { transformation: [-0.8939557438316613f,0.0001661035020513958f,0.44815521918193446f,0.06250000000000003f,0.020033063693598575f,0.9990151455457208f,0.03959059647581062f,0.7415915345887543f,-0.44770727538139177f,0.04437016317176275f,-0.8930786550974567f,-0.22004640015600047f,0f,0f,0f,1f], start_interpolation: 0, interpolation_duration: 1 }
$data merge entity $(bone_leftleg) { transformation: [-1f,-6.409306129323725e-18f,1.2229684632711994e-16f,0.18750000000000003f,0f,0.9986295347545738f,0.05233595624294395f,0.8125f,-1.2246467991473532e-16f,0.05233595624294395f,-0.9986295347545738f,-0.22004640015600044f,0f,0f,0f,1f], start_interpolation: 0, interpolation_duration: 1 }
$data merge entity $(bone_rightleg) { transformation: [-1f,6.409306129323725e-18f,1.2229684632711994e-16f,-0.06249999999999997f,0f,0.9986295347545738f,-0.05233595624294395f,0.75f,-1.2246467991473532e-16f,-0.05233595624294395f,-0.9986295347545738f,-0.2200464001560005f,0f,0f,0f,1f], start_interpolation: 0, interpolation_duration: 1 }
data modify entity @s data merge value {"locators":{},"cameras":{"camera":{"posx":-0.9999999999999996,"posy":1.8802083333333333,"posz":-3.25,"roty":347.26899570483704,"rotx":5.346535763282424}}}
execute on vehicle unless entity @s[tag=aj.transforms_only] at @s run function animated_java:humanentity/animations/000_mur_1/zzz/frames/zzz/6