# This file was generated by Animated Java via MC-Build. It is not recommended to edit this file directly.
$data merge entity $(bone_left_eye) { transformation: [-0.9971419115492574f,-0.02376480571328869f,-0.07171640148043168f,0.19926104124132932f,-0.030437677779475966f,0.9951599062629414f,0.09343612116374858f,1.726419637282296f,0.06914879610872204f,0.09535195318473319f,-0.9930389967270019f,0.10501435830131087f,0f,0f,0f,1f], start_interpolation: 0, interpolation_duration: 1 }
$data merge entity $(bone_right_eye) { transformation: [-0.9971419115492574f,-0.02376480571328869f,-0.07171640148043168f,-0.05002443664598501f,-0.030437677779475966f,0.9951599062629414f,0.09343612116374858f,1.718810217837427f,0.06914879610872204f,0.09535195318473319f,-0.9930389967270019f,0.12230155732849138f,0f,0f,0f,1f], start_interpolation: 0, interpolation_duration: 1 }
$data merge entity $(bone_right_close) { transformation: [-0.9971419115492574f,-0.02376480571328869f,-0.07171640148043168f,-0.05150973700306555f,-0.030437677779475966f,0.9951599062629414f,0.09343612116374858f,1.7810077119788608f,0.06914879610872204f,0.09535195318473319f,-0.9930389967270019f,0.12826105440253724f,0f,0f,0f,1f], start_interpolation: 0, interpolation_duration: 1 }
$data merge entity $(bone_left_close) { transformation: [-0.9971419115492574f,-0.02376480571328869f,-0.07171640148043168f,0.1977757408842488f,-0.030437677779475966f,0.9951599062629414f,0.09343612116374858f,1.7886171314237298f,0.06914879610872204f,0.09535195318473319f,-0.9930389967270019f,0.11097385537535673f,0f,0f,0f,1f], start_interpolation: 0, interpolation_duration: 1 }
$data merge entity $(bone_left_eyebrow) { transformation: [-0.9971419115492574f,-0.02376480571328869f,-0.07171640148043168f,0.19837434330217352f,-0.030437677779475966f,0.9951599062629414f,0.09343612116374858f,1.7637322940095836f,0.06914879610872204f,0.09535195318473319f,-0.9930389967270019f,0.10865212148303385f,0f,0f,0f,1f], start_interpolation: 0, interpolation_duration: 1 }
$data merge entity $(bone_right_eyebrow) { transformation: [-0.9971419115492574f,-0.02376480571328869f,-0.07171640148043168f,-0.050911134585140794f,-0.030437677779475966f,0.9951599062629414f,0.09343612116374858f,1.7561228745647148f,0.06914879610872204f,0.09535195318473319f,-0.9930389967270019f,0.12593932051021436f,0f,0f,0f,1f], start_interpolation: 0, interpolation_duration: 1 }
$data merge entity $(bone_talking) { transformation: [-0.9971419115492574f,-0.02376480571328869f,-0.07171640148043168f,0.05814812826335944f,-0.030437677779475966f,0.9951599062629414f,0.09343612116374858f,1.5030237388577976f,0.06914879610872204f,0.09535195318473319f,-0.9930389967270019f,-0.22050471695847024f,0f,0f,0f,1f], start_interpolation: 0, interpolation_duration: 1 }
$data merge entity $(bone_m_opened) { transformation: [-0.9971419115492574f,-0.02376480571328869f,-0.07171640148043168f,0.05814812826335944f,-0.030437677779475966f,0.9951599062629414f,0.09343612116374858f,1.5030237388577976f,0.06914879610872204f,0.09535195318473319f,-0.9930389967270019f,-0.22050471695847024f,0f,0f,0f,1f], start_interpolation: 0, interpolation_duration: 1 }
$data merge entity $(bone_head) { transformation: [-0.9971419115492574f,-0.02376480571328869f,-0.07171640148043168f,0.06263040335588642f,-0.030437677779475966f,0.9951599062629414f,0.09343612116374858f,1.4971839812850634f,0.06914879610872204f,0.09535195318473319f,-0.9930389967270019f,-0.15843977966303263f,0f,0f,0f,1f], start_interpolation: 0, interpolation_duration: 1 }
$data merge entity $(item_display_r_item) { transformation: [-0.3682807518236571f,-0.19392626720292752f,-0.1347892455833945f,-0.0779033229110995f,-0.08162989934291953f,-0.12978096116098342f,0.4097556731192335f,0.7562852242961964f,-0.22161249371248612f,0.3700753369367784f,0.07306433891895023f,-0.30588559099061596f,0f,0f,0f,1f], start_interpolation: 0, interpolation_duration: 1 }
$data merge entity $(bone_rightarm) { transformation: [-0.8417845755969305f,-0.3080897041906161f,0.44326003932097713f,-0.21505188311511242f,-0.18658262706953035f,0.9365843957011051f,0.29664219693939087f,1.378730746226811f,-0.5065428427713968f,0.167004203243315f,-0.845886484426922f,-0.3072437745169093f,0f,0f,0f,1f], start_interpolation: 0, interpolation_duration: 1 }
$data merge entity $(item_display_l_item) { transformation: [-0.38872477360969154f,-0.20050727978629318f,0.009804648631909944f,0.2689747869142062f,0.00899243354680222f,0.0039543233923052f,0.4373896997705998f,0.7421717910283239f,-0.2005453477919655f,0.38882829639727895f,0.0006077826826856583f,0.08947511746699861f,0f,0f,0f,1f], start_interpolation: 0, interpolation_duration: 1 }
$data merge entity $(bone_leftarm) { transformation: [-0.8885137682507235f,0.022410625444365482f,0.45830235379724155f,0.34026922204158977f,0.020554133821262217f,0.9997478851899424f,-0.00903845346812595f,1.3658844125885221f,-0.45838936638163547f,0.001389217560424559f,-0.888750391765209f,-0.02075042052838716f,0f,0f,0f,1f], start_interpolation: 0, interpolation_duration: 1 }
$data merge entity $(bone_body) { transformation: [-0.8885137682507235f,0.0001738711411818723f,0.4588499247005778f,0.06250000000000001f,0.020554133821262217f,0.9990112150191743f,0.03942232678027437f,0.7479255700206826f,-0.45838936638163547f,0.04445854287692476f,-0.8876387929521238f,-0.19178368682072622f,0f,0f,0f,1f], start_interpolation: 0, interpolation_duration: 1 }
$data merge entity $(bone_leftleg) { transformation: [-1f,-2.1373033680838217e-18f,1.2244602795081332e-16f,0.1875f,0f,0.9998476951563913f,0.017452406437283758f,0.8125f,-1.2246467991473532e-16f,0.017452406437283758f,-0.9998476951563913f,-0.1917836868207262f,0f,0f,0f,1f], start_interpolation: 0, interpolation_duration: 1 }
$data merge entity $(bone_rightleg) { transformation: [-1f,2.1373033680838217e-18f,1.2244602795081332e-16f,-0.062499999999999986f,0f,0.9998476951563913f,-0.017452406437283758f,0.75f,-1.2246467991473532e-16f,-0.017452406437283758f,-0.9998476951563913f,-0.19178368682072625f,0f,0f,0f,1f], start_interpolation: 0, interpolation_duration: 1 }
data modify entity @s data merge value {"locators":{},"cameras":{"camera":{"posx":-0.9999999999999996,"posy":1.8859374999999998,"posz":-3.25,"roty":346.9317736441644,"rotx":5.315099112889189}}}