# This file was generated by Animated Java via MC-Build. It is not recommended to edit this file directly.
$data merge entity $(bone_left_eye) { transformation: [-0.9984993116712642f,-0.020498891410971474f,-0.050783068467088355f,0.19501572360511987f,-0.024802232672204192f,0.9960196726491495f,0.08561343907562094f,1.7299576571935693f,0.048825954639777625f,0.08674449346674641f,-0.9950333758255107f,0.13438801267842282f,0f,0f,0f,1f], start_interpolation: 0, interpolation_duration: 1 }
$data merge entity $(bone_right_eye) { transformation: [-0.9984993116712642f,-0.020498891410971474f,-0.050783068467088355f,-0.05460910431269615f,-0.024802232672204192f,0.9960196726491495f,0.08561343907562094f,1.7237570990255182f,0.048825954639777625f,0.08674449346674641f,-0.9950333758255107f,0.1465945013383672f,0f,0f,0f,1f], start_interpolation: 0, interpolation_duration: 1 }
$data merge entity $(bone_right_close) { transformation: [-0.9984993116712642f,-0.020498891410971474f,-0.050783068467088355f,-0.055890285025881864f,-0.024802232672204192f,0.9960196726491495f,0.08561343907562094f,1.7860083285660902f,0.048825954639777625f,0.08674449346674641f,-0.9950333758255107f,0.15201603218003884f,0f,0f,0f,1f], start_interpolation: 0, interpolation_duration: 1 }
$data merge entity $(bone_left_close) { transformation: [-0.9984993116712642f,-0.020498891410971474f,-0.050783068467088355f,0.19373454289193417f,-0.024802232672204192f,0.9960196726491495f,0.08561343907562094f,1.7922088867341412f,0.048825954639777625f,0.08674449346674641f,-0.9950333758255107f,0.13980954352009445f,0f,0f,0f,1f], start_interpolation: 0, interpolation_duration: 1 }
$data merge entity $(bone_left_eyebrow) { transformation: [-0.9984993116712642f,-0.020498891410971474f,-0.050783068467088355f,0.19425018911898764f,-0.024802232672204192f,0.9960196726491495f,0.08561343907562094f,1.7673030440779702f,0.048825954639777625f,0.08674449346674641f,-0.9950333758255107f,0.1377031207694149f,0f,0f,0f,1f], start_interpolation: 0, interpolation_duration: 1 }
$data merge entity $(bone_right_eyebrow) { transformation: [-0.9984993116712642f,-0.020498891410971474f,-0.050783068467088355f,-0.05537463879882838f,-0.024802232672204192f,0.9960196726491495f,0.08561343907562094f,1.7611024859099191f,0.048825954639777625f,0.08674449346674641f,-0.9950333758255107f,0.14990960942935933f,0f,0f,0f,1f], start_interpolation: 0, interpolation_duration: 1 }
$data merge entity $(bone_talking) { transformation: [-0.9984993116712642f,-0.020498891410971474f,-0.050783068467088355f,0.05945832360298963f,-0.024802232672204192f,0.9960196726491495f,0.08561343907562094f,1.504606659658388f,0.048825954639777625f,0.08674449346674641f,-0.9950333758255107f,-0.19214279630376366f,0f,0f,0f,1f], start_interpolation: 0, interpolation_duration: 1 }
$data merge entity $(bone_m_opened) { transformation: [-0.9984993116712642f,-0.020498891410971474f,-0.050783068467088355f,0.05945832360298963f,-0.024802232672204192f,0.9960196726491495f,0.08561343907562094f,1.504606659658388f,0.048825954639777625f,0.08674449346674641f,-0.9950333758255107f,-0.19214279630376366f,0f,0f,0f,1f], start_interpolation: 0, interpolation_duration: 1 }
$data merge entity $(bone_head) { transformation: [-0.9984993116712642f,-0.020498891410971474f,-0.050783068467088355f,0.06263226538218265f,-0.024802232672204192f,0.9960196726491495f,0.08561343907562094f,1.4992558197161616f,0.048825954639777625f,0.08674449346674641f,-0.9950333758255107f,-0.12995321031466925f,0f,0f,0f,1f], start_interpolation: 0, interpolation_duration: 1 }
$data merge entity $(item_display_r_item) { transformation: [-0.3656414563757925f,-0.19841806194790737f,-0.13543577102163895f,-0.0765209622587561f,-0.08141614109297676f,-0.12970359505120602f,0.409822692637098f,0.7584432835220586f,-0.22601767043511872f,0.3677138835067683f,0.07147560791943583f,-0.27913138921142183f,0f,0f,0f,1f], start_interpolation: 0, interpolation_duration: 1 }
$data merge entity $(bone_rightarm) { transformation: [-0.8357519002875257f,-0.3095674766208891f,0.45352699873807395f,-0.21330976030455256f,-0.1860940367839469f,0.9367375831705096f,0.2964653601170425f,1.3809624430182574f,-0.5166118181374142f,0.16337281810156778f,-0.840488876586899f,-0.2820844874713043f,0f,0f,0f,1f], start_interpolation: 0, interpolation_duration: 1 }
$data merge entity $(item_display_l_item) { transformation: [-0.38628797403892f,-0.20500751332354034f,0.012640039311848884f,0.26189942835596614f,0.009215630556705276f,0.009597559750281263f,0.43729762062042155f,0.745828529836728f,-0.2051899687273941f,0.3863755379520528f,-0.004155767788605825f,0.12737386125213906f,0f,0f,0f,1f], start_interpolation: 0, interpolation_duration: 1 }
$data merge entity $(bone_leftarm) { transformation: [-0.8829439406603886f,0.02889151842708306f,0.4685886018823779f,0.3385302026081903f,0.021064298415326345f,0.9995374185609636f,-0.021937279429214092f,1.3677972565086784f,-0.4690056428054722f,-0.009498897802527405f,-0.8831440867475493f,0.01104403928211578f,0f,0f,0f,1f], start_interpolation: 0, interpolation_duration: 1 }
$data merge entity $(bone_body) { transformation: [-0.8829439406603886f,0.00017635384291020035f,0.4694783983852997f,0.0625f,0.021064298415326345f,0.9990077596215488f,0.03924017772900603f,0.75f,-0.4690056428054722f,0.044536110239400024f,-0.8820715628005302f,-0.16335529299421928f,0f,0f,0f,1f], start_interpolation: 0, interpolation_duration: 1 }
$data merge entity $(bone_leftleg) { transformation: [-1f,2.1373033680837493e-18f,1.2244602795081332e-16f,0.1875f,0f,0.9998476951563913f,-0.017452406437283168f,0.8125f,-1.2246467991473532e-16f,-0.017452406437283168f,-0.9998476951563913f,-0.16335529299421925f,0f,0f,0f,1f], start_interpolation: 0, interpolation_duration: 1 }
$data merge entity $(bone_rightleg) { transformation: [-1f,-2.1373033680837493e-18f,1.2244602795081332e-16f,-0.0625f,0f,0.9998476951563913f,0.017452406437283168f,0.75f,-1.2246467991473532e-16f,0.017452406437283168f,-0.9998476951563913f,-0.1633552929942193f,0f,0f,0f,1f], start_interpolation: 0, interpolation_duration: 1 }
data modify entity @s data merge value {"locators":{},"cameras":{"camera":{"posx":-0.9999999999999996,"posy":1.8916666666666666,"posz":-3.25,"roty":346.5548964399935,"rotx":5.28195207211077}}}