# This file was generated by Animated Java via MC-Build. It is not recommended to edit this file directly.
$data merge entity $(bone_left_eye) { transformation: [-0.9996778519919879f,-0.017669246838936243f,-0.01822059145115862f,0.18773506476940305f,-0.019043109061194222f,0.9967548659586578f,0.07821187368310412f,1.7290451114560568f,0.01677951828774471f,0.07853365459395809f,-0.9967702407586958f,0.1653555238381706f,0f,0f,0f,1f], start_interpolation: 0, interpolation_duration: 1 }
$data merge entity $(bone_right_eye) { transformation: [-0.9996778519919879f,-0.017669246838936243f,-0.01822059145115862f,-0.06218439822859394f,-0.019043109061194222f,0.9967548659586578f,0.07821187368310412f,1.7242843341907583f,0.01677951828774471f,0.07853365459395809f,-0.9967702407586958f,0.1695504034101068f,0f,0f,0f,1f], start_interpolation: 0, interpolation_duration: 1 }
$data merge entity $(bone_right_close) { transformation: [-0.9996778519919879f,-0.017669246838936243f,-0.01822059145115862f,-0.06328872615602746f,-0.019043109061194222f,0.9967548659586578f,0.07821187368310412f,1.7865815133131744f,0.01677951828774471f,0.07853365459395809f,-0.9967702407586958f,0.17445875682222917f,0f,0f,0f,1f], start_interpolation: 0, interpolation_duration: 1 }
$data merge entity $(bone_left_close) { transformation: [-0.9996778519919879f,-0.017669246838936243f,-0.01822059145115862f,0.1866307368419695f,-0.019043109061194222f,0.9967548659586578f,0.07821187368310412f,1.7913422905784728f,0.01677951828774471f,0.07853365459395809f,-0.9967702407586958f,0.17026387725029296f,0f,0f,0f,1f], start_interpolation: 0, interpolation_duration: 1 }
$data merge entity $(bone_left_eyebrow) { transformation: [-0.9996778519919879f,-0.017669246838936243f,-0.01822059145115862f,0.18707360679990861f,-0.019043109061194222f,0.9967548659586578f,0.07821187368310412f,1.7664185306874014f,0.01677951828774471f,0.07853365459395809f,-0.9967702407586958f,0.1683628340254915f,0f,0f,0f,1f], start_interpolation: 0, interpolation_duration: 1 }
$data merge entity $(bone_right_eyebrow) { transformation: [-0.9996778519919879f,-0.017669246838936243f,-0.01822059145115862f,-0.06284585619808836f,-0.019043109061194222f,0.9967548659586578f,0.07821187368310412f,1.7616577534221027f,0.01677951828774471f,0.07853365459395809f,-0.9967702407586958f,0.17255771359742766f,0f,0f,0f,1f], start_interpolation: 0, interpolation_duration: 1 }
$data merge entity $(bone_talking) { transformation: [-0.9996778519919879f,-0.017669246838936243f,-0.01822059145115862f,0.06149871015165154f,-0.019043109061194222f,0.9967548659586578f,0.07821187368310412f,1.501917216859713f,0.01677951828774471f,0.07853365459395809f,-0.9967702407586958f,-0.16367115026144324f,0f,0f,0f,1f], start_interpolation: 0, interpolation_duration: 1 }
$data merge entity $(bone_m_opened) { transformation: [-0.9996778519919879f,-0.017669246838936243f,-0.01822059145115862f,0.06149871015165154f,-0.019043109061194222f,0.9967548659586578f,0.07821187368310412f,1.501917216859713f,0.01677951828774471f,0.07853365459395809f,-0.9967702407586958f,-0.16367115026144324f,0f,0f,0f,1f], start_interpolation: 0, interpolation_duration: 1 }
$data merge entity $(bone_head) { transformation: [-0.9996778519919879f,-0.017669246838936243f,-0.01822059145115862f,0.06263749711734895f,-0.019043109061194222f,0.9967548659586578f,0.07821187368310412f,1.4970289747545191f,0.01677951828774471f,0.07853365459395809f,-0.9967702407586958f,-0.10137301021402477f,0f,0f,0f,1f], start_interpolation: 0, interpolation_duration: 1 }
$data merge entity $(item_display_r_item) { transformation: [-0.3602772359983644f,-0.20720107754413067f,-0.1366538571937506f,-0.07373346654060167f,-0.08103362796260238f,-0.12948360725899294f,0.409968043377063f,0.7563608200907462f,-0.2346062965067165f,0.36291591163208875f,0.0682508367981859f,-0.2538020380996102f,0f,0f,0f,1f], start_interpolation: 0, interpolation_duration: 1 }
$data merge entity $(bone_rightarm) { transformation: [-0.8234908251391186f,-0.31235167358571575f,0.4736024629580129f,-0.2097529546619224f,-0.18521972105737688f,0.9370698134332868f,0.29596253087769836f,1.3790247698462628f,-0.5362429634439234f,0.15600191268156796f,-0.8295220837304885f,-0.25999110313994134f,0f,0f,0f,1f], start_interpolation: 0, interpolation_duration: 1 }
$data merge entity $(item_display_l_item) { transformation: [-0.381314549830265f,-0.21392877667384594f,0.015490080650986459f,0.25173092225880545f,0.009620536272306687f,0.014505269039632536f,0.4371536256877222f,0.7449203296289736f,-0.21427297862674036f,0.3813532819852475f,-0.007938195607619275f,0.1664115120477859f,0f,0f,0f,1f], start_interpolation: 0, interpolation_duration: 1 }
$data merge entity $(bone_leftarm) { transformation: [-0.8715761138977487f,0.035405898630826084f,0.4889800609687907f,0.3349821165241706f,0.021989797193843856f,0.9992082872862222f,-0.033154900662017005f,1.3652811466001105f,-0.48976680828969227f,-0.018144447103129575f,-0.8716646445377085f,0.04611315204111635f,0f,0f,0f,1f], start_interpolation: 0, interpolation_duration: 1 }
$data merge entity $(bone_body) { transformation: [-0.8715761138977487f,0.0001833294897985811f,0.49026017997915833f,0.06250000000000001f,0.021989797193843856f,0.9990081322506614f,0.03871951079777046f,0.7477728755665232f,-0.48976680828969227f,0.044527722683101775f,-0.87071565703758f,-0.1347688022263511f,0f,0f,0f,1f], start_interpolation: 0, interpolation_duration: 1 }
$data merge entity $(bone_leftleg) { transformation: [-1f,6.409306129323725e-18f,1.2229684632711994e-16f,0.1875f,0f,0.9986295347545738f,-0.05233595624294395f,0.8125f,-1.2246467991473532e-16f,-0.05233595624294395f,-0.9986295347545738f,-0.13476880222635107f,0f,0f,0f,1f], start_interpolation: 0, interpolation_duration: 1 }
$data merge entity $(bone_rightleg) { transformation: [-1f,-6.409306129323725e-18f,1.2229684632711994e-16f,-0.062499999999999986f,0f,0.9986295347545738f,0.05233595624294395f,0.75f,-1.2246467991473532e-16f,0.05233595624294395f,-0.9986295347545738f,-0.13476880222635113f,0f,0f,0f,1f], start_interpolation: 0, interpolation_duration: 1 }
data modify entity @s data merge value {"locators":{},"cameras":{"camera":{"posx":-0.9999999999999996,"posy":1.8973958333333334,"posz":-3.25,"roty":346.1370793885691,"rotx":5.247093431911038}}}