# This file was generated by Animated Java via MC-Build. It is not recommended to edit this file directly.
$data merge entity $(bone_left_eye) { transformation: [-0.9998088409603604f,-0.015161506347583495f,0.01234545514644636f,0.1807326032051993f,-0.014235294489370439f,0.9973074962638188f,0.07193826719343491f,1.7226071534908995f,-0.013402907457027213f,0.07174877435374989f,-0.9973326804283679f,0.1962739906682448f,0f,0f,0f,1f], start_interpolation: 0, interpolation_duration: 1 }
$data merge entity $(bone_right_eye) { transformation: [-0.9998088409603604f,-0.015161506347583495f,0.01234545514644636f,-0.06921960703489079f,-0.014235294489370439f,0.9973074962638188f,0.07193826719343491f,1.7190483298685568f,-0.013402907457027213f,0.07174877435374989f,-0.9973326804283679f,0.192923263803988f,0f,0f,0f,1f], start_interpolation: 0, interpolation_duration: 1 }
$data merge entity $(bone_right_close) { transformation: [-0.9998088409603604f,-0.015161506347583495f,0.01234545514644636f,-0.07016720118161475f,-0.014235294489370439f,0.9973074962638188f,0.07193826719343491f,1.7813800483850455f,-0.013402907457027213f,0.07174877435374989f,-0.9973326804283679f,0.1974075622010974f,0f,0f,0f,1f], start_interpolation: 0, interpolation_duration: 1 }
$data merge entity $(bone_left_close) { transformation: [-0.9998088409603604f,-0.015161506347583495f,0.01234545514644636f,0.17978500905847533f,-0.014235294489370439f,0.9973074962638188f,0.07193826719343491f,1.7849388720073882f,-0.013402907457027213f,0.07174877435374989f,-0.9973326804283679f,0.2007582890653542f,0f,0f,0f,1f], start_interpolation: 0, interpolation_duration: 1 }
$data merge entity $(bone_left_eyebrow) { transformation: [-0.9998088409603604f,-0.015161506347583495f,0.01234545514644636f,0.18016327512621827f,-0.014235294489370439f,0.9973074962638188f,0.07193826719343491f,1.7600016884590932f,-0.013402907457027213f,0.07174877435374989f,-0.9973326804283679f,0.19902690299903722f,0f,0f,0f,1f], start_interpolation: 0, interpolation_duration: 1 }
$data merge entity $(bone_right_eyebrow) { transformation: [-0.9998088409603604f,-0.015161506347583495f,0.01234545514644636f,-0.06978893511387184f,-0.014235294489370439f,0.9973074962638188f,0.07193826719343491f,1.7564428648367507f,-0.013402907457027213f,0.07174877435374989f,-0.9973326804283679f,0.19567617613478042f,0f,0f,0f,1f], start_interpolation: 0, interpolation_duration: 1 }
$data merge entity $(bone_talking) { transformation: [-0.9998088409603604f,-0.015161506347583495f,0.01234545514644636f,0.06340482940531462f,-0.014235294489370439f,0.9973074962638188f,0.07193826719343491f,1.4939815761117219f,-0.013402907457027213f,0.07174877435374989f,-0.9973326804283679f,-0.13500502898618602f,0f,0f,0f,1f], start_interpolation: 0, interpolation_duration: 1 }
$data merge entity $(bone_m_opened) { transformation: [-0.9998088409603604f,-0.015161506347583495f,0.01234545514644636f,0.06340482940531462f,-0.014235294489370439f,0.9973074962638188f,0.07193826719343491f,1.4939815761117219f,-0.013402907457027213f,0.07174877435374989f,-0.9973326804283679f,-0.13500502898618602f,0f,0f,0f,1f], start_interpolation: 0, interpolation_duration: 1 }
$data merge entity $(bone_head) { transformation: [-0.9998088409603604f,-0.015161506347583495f,0.01234545514644636f,0.06263323845866173f,-0.014235294489370439f,0.9973074962638188f,0.07193826719343491f,1.4894854344121322f,-0.013402907457027213f,0.07174877435374989f,-0.9973326804283679f,-0.07267173645941302f,0f,0f,0f,1f], start_interpolation: 0, interpolation_duration: 1 }
$data merge entity $(item_display_r_item) { transformation: [-0.3547099114042493f,-0.2158661090065783f,-0.13780040542012098f,-0.07086967144739931f,-0.08067134560451976f,-0.12924283520002655f,0.41011543929461486f,0.7489506636024312f,-0.243062261056598f,0.3579166977549648f,0.06498172603305781f,-0.22825512205253962f,0f,0f,0f,1f], start_interpolation: 0, interpolation_duration: 1 }
$data merge entity $(bone_rightarm) { transformation: [-0.8107655117811412f,-0.31497235524599093f,0.49340824915789316f,-0.20605136233140697f,-0.18439164709604516f,0.937406718387691f,0.295412194742918f,1.3717563869376028f,-0.5555708824150811f,0.14852965950413233f,-0.8180953091542053f,-0.23768599850673255f,0f,0f,0f,1f], start_interpolation: 0, interpolation_duration: 1 }
$data merge entity $(item_display_l_item) { transformation: [-0.3761273521324085f,-0.22273695936538762f,0.017964184104066194f,0.24197117503325705f,0.01000613342467828f,0.018348000365272753f,0.4370005471123388f,0.7384177005605136f,-0.223236068483009f,0.37610882443151683f,-0.010679883566393811f,0.20393931140141905f,0f,0f,0f,1f], start_interpolation: 0, interpolation_duration: 1 }
$data merge entity $(bone_leftarm) { transformation: [-0.8597196620169337f,0.041060992237865475f,0.5091130499780289f,0.33127342642917657f,0.022871162113550357f,0.9988583933996316f,-0.04193828654919464f,1.357461910616634f,-0.5102538708183063f,-0.02441116243747138f,-0.8596773129863242f,0.0812226707547089f,0f,0f,0f,1f], start_interpolation: 0, interpolation_duration: 1 }
$data merge entity $(bone_body) { transformation: [-0.8597196620169337f,0.0001776512782156352f,0.5107661609597022f,0.0625f,0.022871162113550357f,0.9990102850801093f,0.03814918410313071f,0.7402277206020501f,-0.5102538708183063f,0.04447941933279042f,-0.8588728477316959f,-0.10603130095900584f,0f,0f,0f,1f], start_interpolation: 0, interpolation_duration: 1 }
$data merge entity $(bone_leftleg) { transformation: [-1f,1.0673500138322974e-17f,1.2199866483456202e-16f,0.1875f,0f,0.9961946980917455f,-0.08715574274765818f,0.8125f,-1.2246467991473532e-16f,-0.08715574274765818f,-0.9961946980917455f,-0.10603130095900583f,0f,0f,0f,1f], start_interpolation: 0, interpolation_duration: 1 }
$data merge entity $(bone_rightleg) { transformation: [-1f,-1.0673500138322974e-17f,1.2199866483456202e-16f,-0.0625f,0f,0.9961946980917455f,0.08715574274765818f,0.75f,-1.2246467991473532e-16f,0.08715574274765818f,-0.9961946980917455f,-0.10603130095900586f,0f,0f,0f,1f], start_interpolation: 0, interpolation_duration: 1 }
data modify entity @s data merge value {"locators":{},"cameras":{"camera":{"posx":-0.9999999999999996,"posy":1.9031250000000002,"posz":-3.25,"roty":345.6770377863278,"rotx":5.210523138231835}}}