# This file was generated by Animated Java via MC-Build. It is not recommended to edit this file directly.
$data merge entity $(bone_left_eye) { transformation: [-0.9991486456150112f,-0.013584920519280579f,0.03895425394194396f,0.17437912979380887f,-0.010931567923966455f,0.9976569250533383f,0.06753636587677375f,1.7100311871551739f,-0.03978045736806379f,0.06705303742264455f,-0.9969560699368779f,0.22711835701390345f,0f,0f,0f,1f], start_interpolation: 0, interpolation_duration: 1 }
$data merge entity $(bone_right_eye) { transformation: [-0.9991486456150112f,-0.013584920519280579f,0.03895425394194396f,-0.07540803160994392f,-0.010931567923966455f,0.9976569250533383f,0.06753636587677375f,1.7072982951741822f,-0.03978045736806379f,0.06705303742264455f,-0.9969560699368779f,0.2171732426718875f,0f,0f,0f,1f], start_interpolation: 0, interpolation_duration: 1 }
$data merge entity $(bone_right_close) { transformation: [-0.9991486456150112f,-0.013584920519280579f,0.03895425394194396f,-0.07625708914239895f,-0.010931567923966455f,0.9976569250533383f,0.06753636587677375f,1.7696518529900158f,-0.03978045736806379f,0.06705303742264455f,-0.9969560699368779f,0.22136405751080282f,0f,0f,0f,1f], start_interpolation: 0, interpolation_duration: 1 }
$data merge entity $(bone_left_close) { transformation: [-0.9991486456150112f,-0.013584920519280579f,0.03895425394194396f,0.17353007226135383f,-0.010931567923966455f,0.9976569250533383f,0.06753636587677375f,1.7723847449710075f,-0.03978045736806379f,0.06705303742264455f,-0.9969560699368779f,0.23130917185281877f,0f,0f,0f,1f], start_interpolation: 0, interpolation_duration: 1 }
$data merge entity $(bone_left_eyebrow) { transformation: [-0.9991486456150112f,-0.013584920519280579f,0.03895425394194396f,0.17386726063346447f,-0.010931567923966455f,0.9976569250533383f,0.06753636587677375f,1.7474391008218069f,-0.03978045736806379f,0.06705303742264455f,-0.9969560699368779f,0.22969515567162374f,0f,0f,0f,1f], start_interpolation: 0, interpolation_duration: 1 }
$data merge entity $(bone_right_eyebrow) { transformation: [-0.9991486456150112f,-0.013584920519280579f,0.03895425394194396f,-0.07591990077028832f,-0.010931567923966455f,0.9976569250533383f,0.06753636587677375f,1.7447062088408152f,-0.03978045736806379f,0.06705303742264455f,-0.9969560699368779f,0.2197500413296078f,0f,0f,0f,1f], start_interpolation: 0, interpolation_duration: 1 }
$data merge entity $(bone_talking) { transformation: [-0.9991486456150112f,-0.013584920519280579f,0.03895425394194396f,0.06505498357861011f,-0.010931567923966455f,0.9976569250533383f,0.06753636587677375f,1.4803556242378353f,-0.03978045736806379f,0.06705303742264455f,-0.9969560699368779f,-0.10616623136803997f,0f,0f,0f,1f], start_interpolation: 0, interpolation_duration: 1 }
$data merge entity $(bone_m_opened) { transformation: [-0.9991486456150112f,-0.013584920519280579f,0.03895425394194396f,0.06505498357861011f,-0.010931567923966455f,0.9976569250533383f,0.06753636587677375f,1.4803556242378353f,-0.03978045736806379f,0.06705303742264455f,-0.9969560699368779f,-0.10616623136803997f,0f,0f,0f,1f], start_interpolation: 0, interpolation_duration: 1 }
$data merge entity $(bone_head) { transformation: [-0.9991486456150112f,-0.013584920519280579f,0.03895425394194396f,0.06262034270723861f,-0.010931567923966455f,0.9976569250533383f,0.06753636587677375f,1.476134601370537f,-0.03978045736806379f,0.06705303742264455f,-0.9969560699368779f,-0.043856476996985104f,0f,0f,0f,1f], start_interpolation: 0, interpolation_duration: 1 }
$data merge entity $(item_display_r_item) { transformation: [-0.34894274676789333f,-0.22440841254503283f,-0.1388743095647867f,-0.06793119599796135f,-0.08033003906866408f,-0.128981895424892f,0.4102645554710145f,0.7357219324031923f,-0.25138077552053334f,0.3527191305155145f,0.06166985217328372f,-0.20249549798028232f,0f,0f,0f,1f], start_interpolation: 0, interpolation_duration: 1 }
$data merge entity $(bone_rightarm) { transformation: [-0.7975834211837561f,-0.31742699329094115f,0.5129335143886464f,-0.20220637750621878f,-0.18361151787123217f,0.9377475553623187f,0.2948157609711819f,1.3586661246260392f,-0.574584629761219f,0.14095966211036295f,-0.8062151554640332f,-0.21517260359430962f,0f,0f,0f,1f], start_interpolation: 0, interpolation_duration: 1 }
$data merge entity $(item_display_l_item) { transformation: [-0.37072932833381794f,-0.23145316486226003f,0.01988586403452708f,0.23286909581783682f,0.010371624299213403f,0.02092258245050482f,0.4368763268397566f,0.7257183608419405f,-0.2320742220121661f,0.3706722649711539f,-0.012242444960158437f,0.2397575677864836f,0f,0f,0f,1f], start_interpolation: 0, interpolation_duration: 1 }
$data merge entity $(bone_leftarm) { transformation: [-0.8473813219058696f,0.045453403507490345f,0.5290358053994515f,0.32740694868494974f,0.023706569826773494f,0.9985744613480151f,-0.04782304560115365f,1.3438495184843058f,-0.5304553645992368f,-0.027982731337504813f,-0.8472508913626375f,0.11636199928021342f,0f,0f,0f,1f], start_interpolation: 0, interpolation_duration: 1 }
$data merge entity $(bone_body) { transformation: [-0.8473813219058696f,0.00016045694298480437f,0.5309848110244119f,0.06250000000000001f,0.023706569826773494f,0.9990142385229175f,0.03753065114707633f,0.7268739224783489f,-0.5304553645992368f,0.044390601280503934f,-0.8465498099260587f,-0.07714942795736306f,0f,0f,0f,1f], start_interpolation: 0, interpolation_duration: 1 }
$data merge entity $(bone_leftleg) { transformation: [-1f,1.4924690131530332e-17f,1.2155184676135686e-16f,0.1875f,0f,0.9925461516413221f,-0.12186934340514737f,0.8f,-1.2246467991473532e-16f,-0.12186934340514737f,-0.9925461516413221f,-0.07714942795736304f,0f,0f,0f,1f], start_interpolation: 0, interpolation_duration: 1 }
$data merge entity $(bone_rightleg) { transformation: [-1f,-1.4924690131530332e-17f,1.2155184676135686e-16f,-0.062499999999999986f,0f,0.9925461516413221f,0.12186934340514737f,0.75f,-1.2246467991473532e-16f,0.12186934340514737f,-0.9925461516413221f,-0.07714942795736307f,0f,0f,0f,1f], start_interpolation: 0, interpolation_duration: 1 }
data modify entity @s data merge value {"locators":{},"cameras":{"camera":{"posx":-0.9999999999999996,"posy":1.9088541666666667,"posz":-3.25,"roty":345.17348692675387,"rotx":5.172242359340121}}}