# This file was generated by Animated Java via MC-Build. It is not recommended to edit this file directly.
$data merge entity $(bone_left_eye) { transformation: [-0.998125435742619f,-0.013615334545379923f,0.05966772317446217f,0.16904459403519978f,-0.009679946744513914f,0.9977888700228738f,0.06575461572772016f,1.694109639046212f,-0.060431061174120004f,0.06505377409262397f,-0.9960502463840243f,0.25789599458644424f,0f,0f,0f,1f], start_interpolation: 0, interpolation_duration: 1 }
$data merge entity $(bone_right_eye) { transformation: [-0.998125435742619f,-0.013615334545379923f,0.05966772317446217f,-0.08048676490045496f,-0.009679946744513914f,0.9977888700228738f,0.06575461572772016f,1.6916896523600835f,-0.060431061174120004f,0.06505377409262397f,-0.9960502463840243f,0.24278822929291427f,0f,0f,0f,1f], start_interpolation: 0, interpolation_duration: 1 }
$data merge entity $(bone_right_close) { transformation: [-0.998125435742619f,-0.013615334545379923f,0.05966772317446217f,-0.0813377233095412f,-0.009679946744513914f,0.9977888700228738f,0.06575461572772016f,1.754051456736513f,-0.060431061174120004f,0.06505377409262397f,-0.9960502463840243f,0.2468540901737033f,0f,0f,0f,1f], start_interpolation: 0, interpolation_duration: 1 }
$data merge entity $(bone_left_close) { transformation: [-0.998125435742619f,-0.013615334545379923f,0.05966772317446217f,0.16819363562611356f,-0.009679946744513914f,0.9977888700228738f,0.06575461572772016f,1.7564714434226416f,-0.060431061174120004f,0.06505377409262397f,-0.9960502463840243f,0.2619618554672333f,0f,0f,0f,1f], start_interpolation: 0, interpolation_duration: 1 }
$data merge entity $(bone_left_eyebrow) { transformation: [-0.998125435742619f,-0.013615334545379923f,0.05966772317446217f,0.16853028975704964f,-0.009679946744513914f,0.9977888700228738f,0.06575461572772016f,1.7315226120085867f,-0.060431061174120004f,0.06505377409262397f,-0.9960502463840243f,0.2603977642553167f,0f,0f,0f,1f], start_interpolation: 0, interpolation_duration: 1 }
$data merge entity $(bone_right_eyebrow) { transformation: [-0.998125435742619f,-0.013615334545379923f,0.05966772317446217f,-0.08100106917860508f,-0.009679946744513914f,0.9977888700228738f,0.06575461572772016f,1.7291026253224584f,-0.060431061174120004f,0.06505377409262397f,-0.9960502463840243f,0.2452899989617867f,0f,0f,0f,1f], start_interpolation: 0, interpolation_duration: 1 }
$data merge entity $(bone_talking) { transformation: [-0.998125435742619f,-0.013615334545379923f,0.05966772317446217f,0.06632891169573683f,-0.009679946744513914f,0.9977888700228738f,0.06575461572772016f,1.4640007456123418f,-0.060431061174120004f,0.06505377409262397f,-0.9960502463840243f,-0.0771870335784843f,0f,0f,0f,1f], start_interpolation: 0, interpolation_duration: 1 }
$data merge entity $(bone_m_opened) { transformation: [-0.998125435742619f,-0.013615334545379923f,0.05966772317446217f,0.06632891169573683f,-0.009679946744513914f,0.9977888700228738f,0.06575461572772016f,1.4640007456123418f,-0.060431061174120004f,0.06505377409262397f,-0.9960502463840243f,-0.0771870335784843f,0f,0f,0f,1f], start_interpolation: 0, interpolation_duration: 1 }
$data merge entity $(bone_head) { transformation: [-0.998125435742619f,-0.013615334545379923f,0.05966772317446217f,0.06259967899733294f,-0.009679946744513914f,0.9977888700228738f,0.06575461572772016f,1.4598910821293594f,-0.060431061174120004f,0.06505377409262397f,-0.9960502463840243f,-0.014933893179482793f,0f,0f,0f,1f], start_interpolation: 0, interpolation_duration: 1 }
$data merge entity $(item_display_r_item) { transformation: [-0.34297912102734185f,-0.23282331720128419f,-0.13987449912940594f,-0.0649197014555345f,-0.08001043234585961f,-0.12870142830014092f,0.41041506194258065f,0.7195889638214696f,-0.2595571290778595f,0.34732620880217757f,0.058316819391711607f,-0.17652765804047493f,0f,0f,0f,1f], start_interpolation: 0, interpolation_duration: 1 }
$data merge entity $(bone_rightarm) { transformation: [-0.7839522766339242f,-0.3197131408672137f,0.5321675821743638f,-0.19821946672574758f,-0.18288098821910767f,0.9380915701544699f,0.29417469325746515f,1.3426680318251965f,-0.5932734378922503f,0.13329558718105528f,-0.7938884772621202f,-0.1924539757100804f,0f,0f,0f,1f], start_interpolation: 0, interpolation_duration: 1 }
$data merge entity $(item_display_l_item) { transformation: [-0.36512354557960175f,-0.24009861056021164f,0.021064274742708004f,0.22469417430975447f,0.01071623064930402f,0.022026021105647504f,0.4368137667186378f,0.709632613044036f,-0.24078249285205808f,0.3650667906031845f,-0.012501181329747443f,0.2736846418648372f,0f,0f,0f,1f], start_interpolation: 0, interpolation_duration: 1 }
$data merge entity $(bone_leftarm) { transformation: [-0.8345681041819468f,0.04814691369761817f,0.5487968241376266f,0.32338559838796915f,0.024494241484123477f,0.9984314667854578f,-0.05034519109862265f,1.3273591308976194f,-0.550359983661847f,-0.028574128753708253f,-0.8344383785215645f,0.15152101407857396f,0f,0f,0f,1f], start_interpolation: 0, interpolation_duration: 1 }
$data merge entity $(bone_body) { transformation: [-0.8345681041819468f,0.00013290532977725477f,0.5509047665598151f,0.0625f,0.024494241484123477f,0.999020006143611f,0.03686542362345675f,0.7106260775216511f,-0.550359983661847f,0.044260701090163446f,-0.8337534879823524f,-0.04812941899710538f,0f,0f,0f,1f], start_interpolation: 0, interpolation_duration: 1 }
$data merge entity $(bone_leftleg) { transformation: [-1f,1.9157696688784695e-17f,1.2095693648649962e-16f,0.1875f,0f,0.9876883405951378f,-0.15643446504023062f,0.7875000000000001f,-1.2246467991473532e-16f,-0.15643446504023062f,-0.9876883405951378f,-0.048129418997105364f,0f,0f,0f,1f], start_interpolation: 0, interpolation_duration: 1 }
$data merge entity $(bone_rightleg) { transformation: [-1f,-1.9157696688784695e-17f,1.2095693648649962e-16f,-0.0625f,0f,0.9876883405951378f,0.15643446504023062f,0.75f,-1.2246467991473532e-16f,0.15643446504023062f,-0.9876883405951378f,-0.04812941899710539f,0f,0f,0f,1f], start_interpolation: 0, interpolation_duration: 1 }
data modify entity @s data merge value {"locators":{},"cameras":{"camera":{"posx":-0.9999999999999996,"posy":1.9145833333333333,"posz":-3.25,"roty":344.6251420963065,"rotx":5.132253556655468}}}