# This file was generated by Animated Java via MC-Build. It is not recommended to edit this file directly.
$data merge entity $(bone_left_eye) { transformation: [-0.9979199524667038f,-0.019629712013947195f,0.06140393208175743f,0.16705371466733399f,-0.015232506693751438f,0.9973402527233016f,0.0712768618672682f,1.6799628863535412f,-0.0626397574123368f,0.07019326680010207f,-0.9955647473104164f,0.2883592133577206f,0f,0f,0f,1f], start_interpolation: 0, interpolation_duration: 1 }
$data merge entity $(bone_right_eye) { transformation: [-0.9979199524667038f,-0.019629712013947195f,0.06140393208175743f,-0.08242627344934197f,-0.015232506693751438f,0.9973402527233016f,0.0712768618672682f,1.6761547596801034f,-0.0626397574123368f,0.07019326680010207f,-0.9955647473104164f,0.2726992740046364f,0f,0f,0f,1f], start_interpolation: 0, interpolation_duration: 1 }
$data merge entity $(bone_right_close) { transformation: [-0.9979199524667038f,-0.019629712013947195f,0.06140393208175743f,-0.08365313045021368f,-0.015232506693751438f,0.9973402527233016f,0.0712768618672682f,1.7384885254753097f,-0.0626397574123368f,0.07019326680010207f,-0.9955647473104164f,0.27708635317964275f,0f,0f,0f,1f], start_interpolation: 0, interpolation_duration: 1 }
$data merge entity $(bone_left_close) { transformation: [-0.9979199524667038f,-0.019629712013947195f,0.06140393208175743f,0.16582685766646227f,-0.015232506693751438f,0.9973402527233016f,0.0712768618672682f,1.7422966521487475f,-0.0626397574123368f,0.07019326680010207f,-0.9955647473104164f,0.29274629253272694f,0f,0f,0f,1f], start_interpolation: 0, interpolation_duration: 1 }
$data merge entity $(bone_left_eyebrow) { transformation: [-0.9979199524667038f,-0.019629712013947195f,0.06140393208175743f,0.16631376272105586f,-0.015232506693751438f,0.9973402527233016f,0.0712768618672682f,1.7173586910267984f,-0.0626397574123368f,0.07019326680010207f,-0.9955647473104164f,0.29105368365943135f,0f,0f,0f,1f], start_interpolation: 0, interpolation_duration: 1 }
$data merge entity $(bone_right_eyebrow) { transformation: [-0.9979199524667038f,-0.019629712013947195f,0.06140393208175743f,-0.08316622539562009f,-0.015232506693751438f,0.9973402527233016f,0.0712768618672682f,1.7135505643533604f,-0.0626397574123368f,0.07019326680010207f,-0.9955647473104164f,0.27539374430634717f,0f,0f,0f,1f], start_interpolation: 0, interpolation_duration: 1 }
$data merge entity $(bone_talking) { transformation: [-0.9979199524667038f,-0.019629712013947195f,0.06140393208175743f,0.066409877388032f,-0.015232506693751438f,0.9973402527233016f,0.0712768618672682f,1.450997779169518f,-0.0626397574123368f,0.07019326680010207f,-0.9955647473104164f,-0.04813305655335218f,0f,0f,0f,1f], start_interpolation: 0, interpolation_duration: 1 }
$data merge entity $(bone_m_opened) { transformation: [-0.9979199524667038f,-0.019629712013947195f,0.06140393208175743f,0.066409877388032f,-0.015232506693751438f,0.9973402527233016f,0.0712768618672682f,1.450997779169518f,-0.0626397574123368f,0.07019326680010207f,-0.9955647473104164f,-0.04813305655335218f,0f,0f,0f,1f], start_interpolation: 0, interpolation_duration: 1 }
$data merge entity $(bone_head) { transformation: [-0.9979199524667038f,-0.019629712013947195f,0.06140393208175743f,0.06257213163292216f,-0.015232506693751438f,0.9973402527233016f,0.0712768618672682f,1.4465429753028138f,-0.0626397574123368f,0.07019326680010207f,-0.9955647473104164f,0.014089740153548847f,0f,0f,0f,1f], start_interpolation: 0, interpolation_duration: 1 }
$data merge entity $(item_display_r_item) { transformation: [-0.3368225259201731f,-0.24110622750344965f,-0.14079993995669576f,-0.06183689037321238f,-0.07971322764698885f,-0.1284020974378925f,0.4105666239621157f,0.706339602811965f,-0.26758669131863355f,0.3417410400180299f,0.05492425872546279f,-0.15035577118936413f,0f,0f,0f,1f], start_interpolation: 0, interpolation_duration: 1 }
$data merge entity $(bone_rightarm) { transformation: [-0.7698800592461099f,-0.3218284341867333f,0.5510999485793134f,-0.19409216816750652f,-0.18220166319311737f,0.9384379976276929f,0.2934905084294687f,1.3295496648829566f,-0.6116267230140195f,0.12554116280105798f,-0.7811223771840684f,-0.16953284158671145f,0f,0f,0f,1f], start_interpolation: 0, interpolation_duration: 1 }
$data merge entity $(item_display_l_item) { transformation: [-0.35931318900625164f,-0.24868691613427452f,0.02133307173807837f,0.2176831661772341f,0.011039194456668072f,0.021522704109687832f,0.43683081323729295f,0.6958847122086372f,-0.2493560073306948f,0.35930187997202456f,-0.011401344511210358f,0.30563534103658857f,0f,0f,0f,1f], start_interpolation: 0, interpolation_duration: 1 }
$data merge entity $(bone_leftarm) { transformation: [-0.8212872891571467f,0.04876130682989329f,0.5684272368783417f,0.31921238755571013f,0.025232444472384163f,0.9984704302566696f,-0.04919475225071482f,1.3137793870877164f,-0.5699565881844453f,-0.026060216025623494f,-0.8212614399360562f,0.18669002602856688f,0f,0f,0f,1f], start_interpolation: 0, interpolation_duration: 1 }
$data merge entity $(bone_body) { transformation: [-0.8212872891571467f,0.00009617551056288908f,0.5705148371595401f,0.0625f,0.025232444472384163f,0.9990275945398186f,0.036155070099944064f,0.6972722793979499f,-0.5699565881844453f,0.04408918346096906f,-0.8204910916560225f,-0.018977147442177943f,0f,0f,0f,1f], start_interpolation: 0, interpolation_duration: 1 }
$data merge entity $(bone_leftleg) { transformation: [-1f,2.3367362543640727e-17f,1.2021465881652135e-16f,0.1875f,0f,0.981627183447664f,-0.19080899537654444f,0.7750000000000001f,-1.2246467991473532e-16f,-0.19080899537654444f,-0.981627183447664f,-0.01897714744217793f,0f,0f,0f,1f], start_interpolation: 0, interpolation_duration: 1 }
$data merge entity $(bone_rightleg) { transformation: [-1f,-2.3367362543640727e-17f,1.2021465881652135e-16f,-0.0625f,0f,0.981627183447664f,0.19080899537654444f,0.75f,-1.2246467991473532e-16f,0.19080899537654444f,-0.981627183447664f,-0.018977147442177957f,0f,0f,0f,1f], start_interpolation: 0, interpolation_duration: 1 }
data modify entity @s data merge value {"locators":{},"cameras":{"camera":{"posx":-0.9999999999999996,"posy":1.9203125,"posz":-3.25,"roty":344.0307185693739,"rotx":5.090560559098721}}}
execute on vehicle unless entity @s[tag=aj.transforms_only] at @s run function animated_java:humanentity/animations/000_mur_1/zzz/frames/zzz/7