# This file was generated by Animated Java via MC-Build. It is not recommended to edit this file directly.
$data merge entity $(bone_left_eye) { transformation: [-0.9981938968839608f,-0.03108714653613581f,0.051405578917595285f,0.16668965515646533f,-0.026689980460671392f,0.9960983801964522f,0.08411695377873118f,1.6703364810192298f,-0.053819969961170167f,0.08259301598951958f,-0.9951290391417255f,0.31936650815920115f,0f,0f,0f,1f], start_interpolation: 0, interpolation_duration: 1 }
$data merge entity $(bone_right_eye) { transformation: [-0.9981938968839608f,-0.03108714653613581f,0.051405578917595285f,-0.08285881906452486f,-0.026689980460671392f,0.9960983801964522f,0.08411695377873118f,1.6636639859040618f,-0.053819969961170167f,0.08259301598951958f,-0.9951290391417255f,0.30591151566890856f,0f,0f,0f,1f], start_interpolation: 0, interpolation_duration: 1 }
$data merge entity $(bone_right_close) { transformation: [-0.9981938968839608f,-0.03108714653613581f,0.051405578917595285f,-0.08480176572303334f,-0.026689980460671392f,0.9960983801964522f,0.08411695377873118f,1.72592013466634f,-0.053819969961170167f,0.08259301598951958f,-0.9951290391417255f,0.31107357916825357f,0f,0f,0f,1f], start_interpolation: 0, interpolation_duration: 1 }
$data merge entity $(bone_left_close) { transformation: [-0.9981938968839608f,-0.03108714653613581f,0.051405578917595285f,0.16474670849795686f,-0.026689980460671392f,0.9960983801964522f,0.08411695377873118f,1.732592629781508f,-0.053819969961170167f,0.08259301598951958f,-0.9951290391417255f,0.32452857165854615f,0f,0f,0f,1f], start_interpolation: 0, interpolation_duration: 1 }
$data merge entity $(bone_left_eyebrow) { transformation: [-0.9981938968839608f,-0.03108714653613581f,0.051405578917595285f,0.1655206743126779f,-0.026689980460671392f,0.9960983801964522f,0.08411695377873118f,1.7076849129669855f,-0.053819969961170167f,0.08259301598951958f,-0.9951290391417255f,0.32252594182375455f,0f,0f,0f,1f], start_interpolation: 0, interpolation_duration: 1 }
$data merge entity $(bone_right_eyebrow) { transformation: [-0.9981938968839608f,-0.03108714653613581f,0.051405578917595285f,-0.0840277999083123f,-0.026689980460671392f,0.9960983801964522f,0.08411695377873118f,1.7010124178518178f,-0.053819969961170167f,0.08259301598951958f,-0.9951290391417255f,0.309070949333462f,0f,0f,0f,1f], start_interpolation: 0, interpolation_duration: 1 }
$data merge entity $(bone_talking) { transformation: [-0.9981938968839608f,-0.03108714653613581f,0.051405578917595285f,0.06575144809175272f,-0.026689980460671392f,0.9960983801964522f,0.08411695377873118f,1.4442621864683862f,-0.053819969961170167f,0.08259301598951958f,-0.9951290391417255f,-0.018987066815114202f,0f,0f,0f,1f], start_interpolation: 0, interpolation_duration: 1 }
$data merge entity $(bone_m_opened) { transformation: [-0.9981938968839608f,-0.03108714653613581f,0.051405578917595285f,0.06575144809175272f,-0.026689980460671392f,0.9960983801964522f,0.08411695377873118f,1.4442621864683862f,-0.053819969961170167f,0.08259301598951958f,-0.9951290391417255f,-0.018987066815114202f,0f,0f,0f,1f], start_interpolation: 0, interpolation_duration: 1 }
$data merge entity $(bone_head) { transformation: [-0.9981938968839608f,-0.03108714653613581f,0.051405578917595285f,0.06253859940940301f,-0.026689980460671392f,0.9960983801964522f,0.08411695377873118f,1.4390048768572155f,-0.053819969961170167f,0.08259301598951958f,-0.9951290391417255f,0.04320849813124364f,0f,0f,0f,1f], start_interpolation: 0, interpolation_duration: 1 }
$data merge entity $(item_display_r_item) { transformation: [-0.33047656395383435f,-0.24925262607520263f,-0.14164963491616356f,-0.058684505615685695f,-0.0794391046999232f,-0.12808458910537088f,0.4107189022655068f,0.6988882075263264f,-0.2754649148652907f,0.33596683828664325f,0.0514938272993437f,-0.1239837211578398f,0f,0f,0f,1f], start_interpolation: 0, interpolation_duration: 1 }
$data merge entity $(bone_rightarm) { transformation: [-0.75537500332305f,-0.32377059409408826f,0.5697202881718917f,-0.1898260909030044f,-0.18157509645696732f,0.9387860623211582f,0.29276477509799076f,1.3222250933642992f,-0.6296340911206644f,0.11770017668421434f,-0.7679242017980418f,-0.14641163595496107f,0f,0f,0f,1f], start_interpolation: 0, interpolation_duration: 1 }
$data merge entity $(item_display_l_item) { transformation: [-0.3533015599085097f,-0.25720948461348164f,0.020677011173785627f,0.21186341168560674f,0.011339778675456155f,0.019547315047348978f,0.436915966627487f,0.6874446900879086f,-0.2577899671938483f,0.35336586351727134f,-0.00911862461601475f,0.33584802763549204f,0f,0f,0f,1f], start_interpolation: 0, interpolation_duration: 1 }
$data merge entity $(bone_leftarm) { transformation: [-0.8075464226480221f,0.04726173982579559f,0.5879073934022437f,0.31489042325200944f,0.025919494115328352f,0.9986650665771132f,-0.04467957725108316f,1.306025409542219f,-0.589234210728796f,-0.020842570550890678f,-0.8076934023251916f,0.22185974575053644f,0f,0f,0f,1f], start_interpolation: 0, interpolation_duration: 1 }
$data merge entity $(bone_body) { transformation: [-0.8075464226480221f,0.000051465879204018985f,0.5898040120409873f,0.0625f,0.025919494115328352f,0.9990370032316517f,0.03540121465043579f,0.6897271244334768f,-0.589234210728796f,0.043875545867647595f,-0.8067700920222741f,0.01030183873050794f,0f,0f,0f,1f], start_interpolation: 0, interpolation_duration: 1 }
$data merge entity $(bone_leftleg) { transformation: [-1f,2.754855886670367e-17f,1.1932591810242374e-16f,0.1875f,0f,0.9743700647852352f,-0.2249510543438651f,0.7625f,-1.2246467991473532e-16f,-0.2249510543438651f,-0.9743700647852352f,0.010301838730507955f,0f,0f,0f,1f], start_interpolation: 0, interpolation_duration: 1 }
$data merge entity $(bone_rightleg) { transformation: [-1f,-2.754855886670367e-17f,1.1932591810242374e-16f,-0.0625f,0f,0.9743700647852352f,0.2249510543438651f,0.75f,-1.2246467991473532e-16f,0.2249510543438651f,-0.9743700647852352f,0.010301838730507924f,0f,0f,0f,1f], start_interpolation: 0, interpolation_duration: 1 }
data modify entity @s data merge value {"locators":{},"cameras":{"camera":{"posx":-0.9999999999999996,"posy":1.9260416666666667,"posz":-3.25,"roty":343.3889316022209,"rotx":5.047168640933228}}}