# This file was generated by Animated Java via MC-Build. It is not recommended to edit this file directly.
$data merge entity $(bone_left_eye) { transformation: [-0.9983100078328359f,-0.0431946659512592f,0.038876073543536116f,0.1667710610262918f,-0.03919447774545373f,0.9943792841366133f,0.09835462467122545f,1.6656916430037954f,-0.04290595733769875f,0.09666467872659397f,-0.9943917833085808f,0.35054413252688493f,0f,0f,0f,1f], start_interpolation: 0, interpolation_duration: 1 }
$data merge entity $(bone_right_eye) { transformation: [-0.9983100078328359f,-0.0431946659512592f,0.038876073543536116f,-0.08280644093191715f,-0.03919447774545373f,0.9943792841366133f,0.09835462467122545f,1.6558930235674318f,-0.04290595733769875f,0.09666467872659397f,-0.9943917833085808f,0.3398176431924603f,0f,0f,0f,1f], start_interpolation: 0, interpolation_duration: 1 }
$data merge entity $(bone_right_close) { transformation: [-0.9983100078328359f,-0.0431946659512592f,0.038876073543536116f,-0.08550610755387085f,-0.03919447774545373f,0.9943792841366133f,0.09835462467122545f,1.7180417288259702f,-0.04290595733769875f,0.09666467872659397f,-0.9943917833085808f,0.3458591856128724f,0f,0f,0f,1f], start_interpolation: 0, interpolation_duration: 1 }
$data merge entity $(bone_left_close) { transformation: [-0.9983100078328359f,-0.0431946659512592f,0.038876073543536116f,0.1640713944043381f,-0.03919447774545373f,0.9943792841366133f,0.09835462467122545f,1.7278403482623337f,-0.04290595733769875f,0.09666467872659397f,-0.9943917833085808f,0.35658567494729704f,0f,0f,0f,1f], start_interpolation: 0, interpolation_duration: 1 }
$data merge entity $(bone_left_eyebrow) { transformation: [-0.9983100078328359f,-0.0431946659512592f,0.038876073543536116f,0.16514883129852312f,-0.03919447774545373f,0.9943792841366133f,0.09835462467122545f,1.7029747189948765f,-0.04290595733769875f,0.09666467872659397f,-0.9943917833085808f,0.354231207465589f,0f,0f,0f,1f], start_interpolation: 0, interpolation_duration: 1 }
$data merge entity $(bone_right_eyebrow) { transformation: [-0.9983100078328359f,-0.0431946659512592f,0.038876073543536116f,-0.08442867065968582f,-0.03919447774545373f,0.9943792841366133f,0.09835462467122545f,1.693176099558513f,-0.04290595733769875f,0.09666467872659397f,-0.9943917833085808f,0.3435047181311643f,0f,0f,0f,1f], start_interpolation: 0, interpolation_duration: 1 }
$data merge entity $(bone_talking) { transformation: [-0.9983100078328359f,-0.0431946659512592f,0.038876073543536116f,0.06492974951735717f,-0.03919447774545373f,0.9943792841366133f,0.09835462467122545f,1.4429333324612181f,-0.04290595733769875f,0.09666467872659397f,-0.9943917833085808f,0.010267285894092627f,0f,0f,0f,1f], start_interpolation: 0, interpolation_duration: 1 }
$data merge entity $(bone_m_opened) { transformation: [-0.9983100078328359f,-0.0431946659512592f,0.038876073543536116f,0.06492974951735717f,-0.03919447774545373f,0.9943792841366133f,0.09835462467122545f,1.4429333324612181f,-0.04290595733769875f,0.09666467872659397f,-0.9943917833085808f,0.010267285894092627f,0f,0f,0f,1f], start_interpolation: 0, interpolation_duration: 1 }
$data merge entity $(bone_head) { transformation: [-0.9983100078328359f,-0.0431946659512592f,0.038876073543536116f,0.06249999492088616f,-0.03919447774545373f,0.9943792841366133f,0.09835462467122545f,1.4367861684192667f,-0.04290595733769875f,0.09666467872659397f,-0.9943917833085808f,0.07241677235087893f,0f,0f,0f,1f], start_interpolation: 0, interpolation_duration: 1 }
$data merge entity $(item_display_r_item) { transformation: [-0.32394494631157095f,-0.25725807619841123f,-0.14242262457168048f,-0.05546432935790016f,-0.07918872006479094f,-0.12774961161484352f,0.41087155334332504f,0.6967439379400678f,-0.283187337947327f,0.3300069225985254f,0.04802720753237003f,-0.09741514134322854f,0f,0f,0f,1f], start_interpolation: 0, interpolation_duration: 1 }
$data merge entity $(bone_rightarm) { transformation: [-0.740445591569305f,-0.32553742759241266f,0.5880184598820827f,-0.18542291411789777f,-0.18100278871952213f,0.9391349790704571f,0.2919991122624997f,1.320203188891916f,-0.6472853438796046f,0.1097764743597031f,-0.7543015373680579f,-0.12309253703942134f,0f,0f,0f,1f], start_interpolation: 0, interpolation_duration: 1 }
$data merge entity $(item_display_l_item) { transformation: [-0.3470920738394241f,-0.26564487427743466f,0.019134864723161647f,0.20718884911178156f,0.011617267959537714f,0.016301742186427222f,0.4370418083969125f,0.6839192918645377f,-0.26607965229044495f,0.3472366685300001f,-0.005879172151140535f,0.3646305460285578f,0f,0f,0f,1f], start_interpolation: 0, interpolation_duration: 1 }
$data merge entity $(bone_leftarm) { transformation: [-0.7933533116329693f,0.043736833652940774f,0.6071882840627079f,0.310422905652708f,0.026553755336086202f,0.9989527049072285f,-0.03726112499754771f,1.303607091806862f,-0.6081820623781599f,-0.013438107774035334f,-0.7936838137828575f,0.25702125194692854f,0f,0f,0f,1f], start_interpolation: 0, interpolation_duration: 1 }
$data merge entity $(bone_body) { transformation: [-0.7933533116329693f,-6.7721517752600145e-9f,0.608761466356898f,0.06249999999999999f,0.026553755336086202f,0.9990482245590223f,0.03460553543895169f,0.6875f,-0.6081820623781599f,0.04361931917700254f,-0.7925982172551127f,0.039702282968127015f,0f,0f,0f,1f], start_interpolation: 0, interpolation_duration: 1 }
$data merge entity $(bone_leftleg) { transformation: [-1f,3.169619151431765e-17f,1.1829179713786698e-16f,0.1875f,0f,0.9659258262890683f,-0.25881904510252074f,0.75f,-1.2246467991473532e-16f,-0.25881904510252074f,-0.9659258262890683f,0.03970228296812703f,0f,0f,0f,1f], start_interpolation: 0, interpolation_duration: 1 }
$data merge entity $(bone_rightleg) { transformation: [-1f,-3.169619151431765e-17f,1.1829179713786698e-16f,-0.0625f,0f,0.9659258262890683f,0.25881904510252074f,0.75f,-1.2246467991473532e-16f,0.25881904510252074f,-0.9659258262890683f,0.039702282968127f,0f,0f,0f,1f], start_interpolation: 0, interpolation_duration: 1 }
data modify entity @s data merge value {"locators":{},"cameras":{"camera":{"posx":-0.9999999999999996,"posy":1.9317708333333332,"posz":-3.25,"roty":342.69849642589907,"rotx":5.002084602987742}}}
execute on vehicle unless entity @s[tag=aj.transforms_only] at @s run function animated_java:humanentity/animations/000_mur_1/zzz/frames/zzz/8