# This file was generated by Animated Java via MC-Build. It is not recommended to edit this file directly.
$data merge entity $(bone_left_eye) { transformation: [-0.9990482215818578f,0.004559467529975058f,-0.04338043579737675f,0.1993660035295703f,0f,0.9945218953682733f,0.10452846326765346f,1.659998358025155f,0.043619387365335875f,0.10442897533223373f,-0.9935753308918919f,-0.6059513468646356f,0f,0f,0f,1f], start_interpolation: 0, interpolation_duration: 1 }
$data merge entity $(bone_right_eye) { transformation: [-0.9990482215818578f,0.004559467529975058f,-0.04338043579737675f,-0.05039605186589416f,0f,0.9945218953682733f,0.10452846326765346f,1.659998358025155f,0.043619387365335875f,0.10442897533223373f,-0.9935753308918919f,-0.5950465000233016f,0f,0f,0f,1f], start_interpolation: 0, interpolation_duration: 1 }
$data merge entity $(bone_right_close) { transformation: [-0.9990482215818578f,0.004559467529975058f,-0.04338043579737675f,-0.050111085145270726f,0f,0.9945218953682733f,0.10452846326765346f,1.722155976485672f,0.043619387365335875f,0.10442897533223373f,-0.9935753308918919f,-0.588519689065037f,0f,0f,0f,1f], start_interpolation: 0, interpolation_duration: 1 }
$data merge entity $(bone_left_close) { transformation: [-0.9990482215818578f,0.004559467529975058f,-0.04338043579737675f,0.19965097025019374f,0f,0.9945218953682733f,0.10452846326765346f,1.722155976485672f,0.043619387365335875f,0.10442897533223373f,-0.9935753308918919f,-0.599424535906371f,0f,0f,0f,1f], start_interpolation: 0, interpolation_duration: 1 }
$data merge entity $(bone_left_eyebrow) { transformation: [-0.9990482215818578f,0.004559467529975058f,-0.04338043579737675f,0.19953969483918166f,0f,0.9945218953682733f,0.10452846326765346f,1.697286396072511f,0.043619387365335875f,0.10442897533223373f,-0.9935753308918919f,-0.601973161831496f,0f,0f,0f,1f], start_interpolation: 0, interpolation_duration: 1 }
$data merge entity $(bone_right_eyebrow) { transformation: [-0.9990482215818578f,0.004559467529975058f,-0.04338043579737675f,-0.050222360556282764f,0f,0.9945218953682733f,0.10452846326765346f,1.697286396072511f,0.043619387365335875f,0.10442897533223373f,-0.9935753308918919f,-0.5910683149901621f,0f,0f,0f,1f], start_interpolation: 0, interpolation_duration: 1 }
$data merge entity $(bone_talking) { transformation: [-0.9990482215818578f,0.004559467529975058f,-0.04338043579737675f,0.059788722762664066f,0f,0.9945218953682733f,0.10452846326765346f,1.4440330289542282f,0.043619387365335875f,0.10442897533223373f,-0.9935753308918919f,-0.9370984581807432f,0f,0f,0f,1f], start_interpolation: 0, interpolation_duration: 1 }
$data merge entity $(bone_m_opened) { transformation: [-0.9990482215818578f,0.004559467529975058f,-0.04338043579737675f,0.059788722762664066f,0f,0.9945218953682733f,0.10452846326765346f,1.4440330289542282f,0.043619387365335875f,0.10442897533223373f,-0.9935753308918919f,-0.9370984581807432f,0f,0f,0f,1f], start_interpolation: 0, interpolation_duration: 1 }
$data merge entity $(bone_head) { transformation: [-0.9990482215818578f,0.004559467529975058f,-0.04338043579737675f,0.06250000000000011f,0f,0.9945218953682733f,0.10452846326765346f,1.4375f,0.043619387365335875f,0.10442897533223373f,-0.9935753308918919f,-0.875f,0f,0f,0f,1f], start_interpolation: 0, interpolation_duration: 1 }
$data merge entity $(item_display_r_item) { transformation: [-0.43464752118512245f,0.039357143146268654f,-0.03063980435630503f,-0.19468652212210363f,-0.02616623483933759f,0.04887937022556343f,0.43397279329548405f,0.706504401070898f,0.042463048429913344f,0.4329758335631637f,-0.046206785955337906f,-0.6716518662083746f,0f,0f,0f,1f], start_interpolation: 0, interpolation_duration: 1 }
$data merge entity $(bone_rightarm) { transformation: [-0.9934800484231371f,-0.07003383852869718f,-0.08995918433432837f,-0.24970256924433043f,-0.05980853677562877f,0.9919378132468207f,-0.11172427480128762f,1.3125f,0.0970583964112305f,-0.10561551075505785f,-0.9896590481443742f,-0.8613689414483325f,0f,0f,0f,1f], start_interpolation: 0, interpolation_duration: 1 }
$data merge entity $(item_display_l_item) { transformation: [-0.4364712527128406f,0.0298438459619884f,-0.0029052389713720692f,0.3873797237640017f,-0.005125098996405035f,-0.032486184530858456f,0.43626211292628203f,0.6799866430964946f,0.02954367809804187f,0.43527030989124926f,0.03275940188121817f,-0.8110672584130509f,0f,0f,0f,1f], start_interpolation: 0, interpolation_duration: 1 }
$data merge entity $(bone_leftarm) { transformation: [-0.9976485776293499f,-0.0066405462202790005f,-0.06821450505597348f,0.37470256924433065f,-0.011714511991782937f,0.9971705438315018f,0.07425413607053383f,1.3125f,0.06752840708123856f,0.07487863287135603f,-0.9949035654657126f,-0.8886310585516675f,0f,0f,0f,1f], start_interpolation: 0, interpolation_duration: 1 }
$data merge entity $(bone_body) { transformation: [-0.9990482215818578f,0f,-0.043619387365335875f,0.06250000000000011f,0f,1f,0f,0.6875f,0.043619387365335875f,0f,-0.9990482215818578f,-0.875f,0f,0f,0f,1f], start_interpolation: 0, interpolation_duration: 1 }
$data merge entity $(bone_rightleg) { transformation: [-0.9990482205844388f,0.04361941020997806f,1.848544667337748e-8f,-0.062381027697732114f,0.043619410209978775f,0.9990482205844381f,4.023395993387087e-8f,0.75f,-1.671287099686003e-8f,4.1001990360020266e-8f,-0.999999999999999f,-0.869547576579333f,0f,0f,0f,1f], start_interpolation: 0, interpolation_duration: 1 }
$data merge entity $(text_display_text) { transformation: [-2f,0f,7.347880794884119e-16f,6.888638245203863e-17f,0f,2f,0f,2.8518375863696708f,-7.347880794884119e-16f,0f,-2f,-0.5625000000000001f,0f,0f,0f,1f], start_interpolation: 0, interpolation_duration: 1 }
data modify entity @s data merge value {"locators":{},"cameras":{"camera":{"posx":-0.9999999999999996,"posy":1.31875,"posz":-3.25,"roty":342.4231464753803,"rotx":0.752836161851643}}}