# This file was generated by Animated Java via MC-Build. It is not recommended to edit this file directly.
$data merge entity $(bone_left_eye) { transformation: [-0.9987108940276073f,-0.04935642890917649f,-0.011852977512460339f,0.17801349458471163f,-0.0503610884983199f,0.9926819474843781f,0.109755691897444f,1.665873701400685f,0.0063490877960439285f,0.1102111340289885f,-0.9938879187414456f,0.377474717672223f,0f,0f,0f,1f], start_interpolation: 0, interpolation_duration: 1 }
$data merge entity $(bone_right_eye) { transformation: [-0.9987108940276073f,-0.04935642890917649f,-0.011852977512460339f,-0.07166422892219018f,-0.0503610884983199f,0.9926819474843781f,0.109755691897444f,1.653283429276105f,0.0063490877960439285f,0.1102111340289885f,-0.9938879187414456f,0.379061989621234f,0f,0f,0f,1f], start_interpolation: 0, interpolation_duration: 1 }
$data merge entity $(bone_right_close) { transformation: [-0.9987108940276073f,-0.04935642890917649f,-0.011852977512460339f,-0.07474900572901372f,-0.0503610884983199f,0.9926819474843781f,0.109755691897444f,1.7153260509938786f,0.0063490877960439285f,0.1102111340289885f,-0.9938879187414456f,0.3859501854980458f,0f,0f,0f,1f], start_interpolation: 0, interpolation_duration: 1 }
$data merge entity $(bone_left_close) { transformation: [-0.9987108940276073f,-0.04935642890917649f,-0.011852977512460339f,0.1749287177778881f,-0.0503610884983199f,0.9926819474843781f,0.109755691897444f,1.7279163231184587f,0.0063490877960439285f,0.1102111340289885f,-0.9938879187414456f,0.3843629135490348f,0f,0f,0f,1f], start_interpolation: 0, interpolation_duration: 1 }
$data merge entity $(bone_left_eyebrow) { transformation: [-0.9987108940276073f,-0.04935642890917649f,-0.011852977512460339f,0.17616336931171203f,-0.0503610884983199f,0.9926819474843781f,0.109755691897444f,1.7030924147006057f,0.0063490877960439285f,0.1102111340289885f,-0.9938879187414456f,0.38166975319323143f,0f,0f,0f,1f], start_interpolation: 0, interpolation_duration: 1 }
$data merge entity $(bone_right_eyebrow) { transformation: [-0.9987108940276073f,-0.04935642890917649f,-0.011852977512460339f,-0.07351435419518978f,-0.0503610884983199f,0.9926819474843781f,0.109755691897444f,1.6905021425760258f,0.0063490877960439285f,0.1102111340289885f,-0.9938879187414456f,0.3832570251422424f,0f,0f,0f,1f], start_interpolation: 0, interpolation_duration: 1 }
$data merge entity $(bone_talking) { transformation: [-0.9987108940276073f,-0.04935642890917649f,-0.011852977512460339f,0.06180968458591099f,-0.0503610884983199f,0.9926819474843781f,0.109755691897444f,1.4457067321852517f,0.0063490877960439285f,0.1102111340289885f,-0.9938879187414456f,0.040125595532779695f,0f,0f,0f,1f], start_interpolation: 0, interpolation_duration: 1 }
$data merge entity $(bone_m_opened) { transformation: [-0.9987108940276073f,-0.04935642890917649f,-0.011852977512460339f,0.06180968458591099f,-0.0503610884983199f,0.9926819474843781f,0.109755691897444f,1.4457067321852517f,0.0063490877960439285f,0.1102111340289885f,-0.9938879187414456f,0.040125595532779695f,0f,0f,0f,1f], start_interpolation: 0, interpolation_duration: 1 }
$data merge entity $(bone_head) { transformation: [-0.9987108940276073f,-0.04935642890917649f,-0.011852977512460339f,0.06255049568043976f,-0.0503610884983199f,0.9926819474843781f,0.109755691897444f,1.4388470014416614f,0.0063490877960439285f,0.1102111340289885f,-0.9938879187414456f,0.10224359045412004f,0f,0f,0f,1f], start_interpolation: 0, interpolation_duration: 1 }
$data merge entity $(item_display_r_item) { transformation: [-0.3299682568329006f,-0.24989349236998398f,-0.1417054760896337f,-0.05843208651771148f,-0.07936336644719404f,-0.1281127962818437f,0.41072474663089786f,0.6987685072488656f,-0.27609537400837664f,0.33547966242378924f,0.051293182307155065f,-0.06529148301461037f,0f,0f,0f,1f], start_interpolation: 0, interpolation_duration: 1 }
$data merge entity $(bone_rightarm) { transformation: [-0.7542131584752013f,-0.32389823106202f,0.5711851254171062f,-0.18947034025433568f,-0.18140198045072922f,0.9387994208706235f,0.29282924864421433f,1.322121801373532f,-0.6310751405905751f,0.11724155955921176f,-0.7668106569686611f,-0.08786684041118566f,0f,0f,0f,1f], start_interpolation: 0, interpolation_duration: 1 }
$data merge entity $(item_display_l_item) { transformation: [-0.3528173879832497f,-0.2582146991703035f,0.015852755882392804f,0.2181320772696589f,0.0114149865791659f,0.011244603321094723f,0.4372064809418414f,0.6844467344352632f,-0.2584489094929102f,0.3529943031106039f,-0.0023309125647635186f,0.3855312777028065f,0f,0f,0f,1f], start_interpolation: 0, interpolation_duration: 1 }
$data merge entity $(bone_leftarm) { transformation: [-0.8064397439617136f,0.03623487058832628f,0.5902050266749794f,0.31455449972173527f,0.026091397895236342f,0.9993290992956375f,-0.025701950448216285f,1.3058146776890096f,-0.5907403645552234f,-0.00532780014803072f,-0.8068441213956661f,0.281345887435829f,0f,0f,0f,1f], start_interpolation: 0, interpolation_duration: 1 }
$data merge entity $(bone_body) { transformation: [-0.8064397439617136f,0.00006732757391967966f,0.591316273094157f,0.06249999999999999f,0.026091397895236342f,0.9990300952831255f,0.03546981356677411f,0.6895744299793174f,-0.5907403645552234f,0.044032535534386914f,-0.8056593309206904f,0.06921918880332985f,0f,0f,0f,1f], start_interpolation: 0, interpolation_duration: 1 }
$data merge entity $(bone_leftleg) { transformation: [-1f,2.754855886670367e-17f,1.1932591810242374e-16f,0.1875f,0f,0.9743700647852352f,-0.2249510543438651f,0.753125f,-1.2246467991473532e-16f,-0.2249510543438651f,-0.9743700647852352f,0.06921918880332986f,0f,0f,0f,1f], start_interpolation: 0, interpolation_duration: 1 }
$data merge entity $(bone_rightleg) { transformation: [-1f,-2.754855886670367e-17f,1.1932591810242374e-16f,-0.0625f,0f,0.9743700647852352f,0.2249510543438651f,0.7625f,-1.2246467991473532e-16f,0.2249510543438651f,-0.9743700647852352f,0.06921918880332983f,0f,0f,0f,1f], start_interpolation: 0, interpolation_duration: 1 }
data modify entity @s data merge value {"locators":{},"cameras":{"camera":{"posx":-0.9999999999999996,"posy":1.9375,"posz":-3.25,"roty":341.95812823810655,"rotx":4.955316857053304}}}
execute on vehicle unless entity @s[tag=aj.transforms_only] at @s run function animated_java:humanentity/animations/000_mur_1/zzz/frames/zzz/9