# This file was generated by Animated Java via MC-Build. It is not recommended to edit this file directly.
$data merge entity $(bone_left_eye) { transformation: [-0.9977274109503986f,-0.04985537547557342f,-0.0453260959536958f,0.18618615541396635f,-0.05472080223389249f,0.9920475089320023f,0.11334625633291912f,1.6716837432440408f,0.03931472041224843f,0.11556894720468025f,-0.9925211187682146f,0.4042673027566239f,0f,0f,0f,1f], start_interpolation: 0, interpolation_duration: 1 }
$data merge entity $(bone_right_eye) { transformation: [-0.9977274109503986f,-0.04985537547557342f,-0.0453260959536958f,-0.0632456973236333f,-0.05472080223389249f,0.9920475089320023f,0.11334625633291912f,1.6580035426855675f,0.03931472041224843f,0.11556894720468025f,-0.9925211187682146f,0.4140959828596861f,0f,0f,0f,1f], start_interpolation: 0, interpolation_duration: 1 }
$data merge entity $(bone_right_close) { transformation: [-0.9977274109503986f,-0.04985537547557342f,-0.0453260959536958f,-0.06636165829085663f,-0.05472080223389249f,0.9920475089320023f,0.11334625633291912f,1.7200065119938175f,0.03931472041224843f,0.11556894720468025f,-0.9925211187682146f,0.42131904205997855f,0f,0f,0f,1f], start_interpolation: 0, interpolation_duration: 1 }
$data merge entity $(bone_left_close) { transformation: [-0.9977274109503986f,-0.04985537547557342f,-0.0453260959536958f,0.18307019444674302f,-0.05472080223389249f,0.9920475089320023f,0.11334625633291912f,1.7336867125522908f,0.03931472041224843f,0.11556894720468025f,-0.9925211187682146f,0.4114903619569164f,0f,0f,0f,1f], start_interpolation: 0, interpolation_duration: 1 }
$data merge entity $(bone_left_eyebrow) { transformation: [-0.9977274109503986f,-0.04985537547557342f,-0.0453260959536958f,0.18431941171462946f,-0.05472080223389249f,0.9920475089320023f,0.11334625633291912f,1.70887844068797f,0.03931472041224843f,0.11556894720468025f,-0.9925211187682146f,0.4086631708467225f,0f,0f,0f,1f], start_interpolation: 0, interpolation_duration: 1 }
$data merge entity $(bone_right_eyebrow) { transformation: [-0.9977274109503986f,-0.04985537547557342f,-0.0453260959536958f,-0.06511244102297017f,-0.05472080223389249f,0.9920475089320023f,0.11334625633291912f,1.695198240129497f,0.03931472041224843f,0.11556894720468025f,-0.9925211187682146f,0.4184918509497846f,0f,0f,0f,1f], start_interpolation: 0, interpolation_duration: 1 }
$data merge entity $(bone_talking) { transformation: [-0.9977274109503986f,-0.04985537547557342f,-0.0453260959536958f,0.059769667928529946f,-0.05472080223389249f,0.9920475089320023f,0.11334625633291912f,1.4522524708358406f,0.03931472041224843f,0.11556894720468025f,-0.9925211187682146f,0.07012655639191785f,0f,0f,0f,1f], start_interpolation: 0, interpolation_duration: 1 }
$data merge entity $(bone_m_opened) { transformation: [-0.9977274109503986f,-0.04985537547557342f,-0.0453260959536958f,0.059769667928529946f,-0.05472080223389249f,0.9920475089320023f,0.11334625633291912f,1.4522524708358406f,0.03931472041224843f,0.11556894720468025f,-0.9925211187682146f,0.07012655639191785f,0f,0f,0f,1f], start_interpolation: 0, interpolation_duration: 1 }
$data merge entity $(bone_head) { transformation: [-0.9977274109503986f,-0.04985537547557342f,-0.0453260959536958f,0.06260254892563594f,-0.05472080223389249f,0.9920475089320023f,0.11334625633291912f,1.4451683298150333f,0.03931472041224843f,0.11556894720468025f,-0.9925211187682146f,0.13215912631493126f,0f,0f,0f,1f], start_interpolation: 0, interpolation_duration: 1 }
$data merge entity $(item_display_r_item) { transformation: [-0.3358350587018984f,-0.2424099981355136f,-0.14092003459633673f,-0.06134243691534613f,-0.07955642289547488f,-0.12846339285710642f,0.41057786383549355f,0.705044278779677f,-0.2688714170803003f,0.3407943654164209f,0.054530831441031276f,-0.0329922986503811f,0f,0f,0f,1f], start_interpolation: 0, interpolation_duration: 1 }
$data merge entity $(bone_rightarm) { transformation: [-0.7676229913186249f,-0.32210293622019837f,0.5540799957383167f,-0.19339677258568053f,-0.181843252332514f,0.9384636887668423f,0.2936306122448149f,1.3282879107895553f,-0.6145632390406864f,0.12464190043664308f,-0.7789585495232477f,-0.052460929567885145f,0f,0f,0f,1f], start_interpolation: 0, interpolation_duration: 1 }
$data merge entity $(item_display_l_item) { transformation: [-0.35837512203319466f,-0.25064749213643983f,0.012221153521911684f,0.22949532753431243f,0.011194715058547702f,0.005317035558931784f,0.43732443047195857f,0.6890654273342411f,-0.2506954332700353f,0.3585440193596574f,0.0020581348281600155f,0.4051763594518387f,0f,0f,0f,1f], start_interpolation: 0, interpolation_duration: 1 }
$data merge entity $(bone_leftarm) { transformation: [-0.8191431360758735f,0.027934065192940866f,0.5729085534547196f,0.3185676874617404f,0.02558792013382332f,0.9995986982216196f,-0.012153224134700998f,1.3122954607059159f,-0.5730181331886521f,0.004704308178651646f,-0.8195291871077883f,0.30567540367502244f,0f,0f,0f,1f], start_interpolation: 0, interpolation_duration: 1 }
$data merge entity $(bone_body) { transformation: [-0.8191431360758735f,0.00013673190084794045f,0.5735891420905472f,0.06249999999999998f,0.02558792013382332f,0.9990131525383835f,0.036303985987017034f,0.6959084654112457f,-0.5730181331886521f,0.04441511409090086f,-0.8183382654362952f,0.09884779074675562f,0f,0f,0f,1f], start_interpolation: 0, interpolation_duration: 1 }
$data merge entity $(bone_leftleg) { transformation: [-1f,2.3367362543640798e-17f,1.2021465881652132e-16f,0.18749999999999997f,0f,0.9816271834476639f,-0.19080899537654503f,0.75625f,-1.2246467991473532e-16f,-0.19080899537654503f,-0.9816271834476639f,0.09884779074675563f,0f,0f,0f,1f], start_interpolation: 0, interpolation_duration: 1 }
$data merge entity $(bone_rightleg) { transformation: [-1f,-2.3367362543640798e-17f,1.2021465881652132e-16f,-0.06250000000000003f,0f,0.9816271834476639f,0.19080899537654503f,0.7749999999999999f,-1.2246467991473532e-16f,0.19080899537654503f,-0.9816271834476639f,0.0988477907467556f,0f,0f,0f,1f], start_interpolation: 0, interpolation_duration: 1 }
$data merge entity $(text_display_text) { transformation: [-4.5769509808878667e-17f,0f,-2f,1.4374999999999998f,0f,2f,0f,2.625f,2f,0f,-4.5769509808878667e-17f,1.9375000000000002f,0f,0f,0f,1f], start_interpolation: 0, interpolation_duration: 1 }
data modify entity @s data merge value {"locators":{},"cameras":{"camera":{"posx":-2.8125000000000004,"posy":1.375,"posz":2.3749999999999996,"roty":250,"rotx":0}}}
execute on vehicle unless entity @s[tag=aj.transforms_only] at @s run function animated_java:humanentity/animations/000_mur_1/zzz/frames/zzz/10