# This file was generated by Animated Java via MC-Build. It is not recommended to edit this file directly.
$data merge entity $(bone_left_eye) { transformation: [-0.9967806453989669f,-0.046150272358513635f,-0.06556292640855832f,0.192106318985692f,-0.05316868716185095f,0.9925431565819851f,0.10968670396978117f,1.6827283114868141f,0.06001196266998998f,0.11281947829831598f,-0.9918015575975828f,0.4308126641067589f,0f,0f,0f,1f], start_interpolation: 0, interpolation_duration: 1 }
$data merge entity $(bone_right_eye) { transformation: [-0.9967806453989669f,-0.046150272358513635f,-0.06556292640855832f,-0.057088842364049736f,-0.05316868716185095f,0.9925431565819851f,0.10968670396978117f,1.6694361396963515f,0.06001196266998998f,0.11281947829831598f,-0.9918015575975828f,0.44581565477425633f,0f,0f,0f,1f], start_interpolation: 0, interpolation_duration: 1 }
$data merge entity $(bone_right_close) { transformation: [-0.9967806453989669f,-0.046150272358513635f,-0.06556292640855832f,-0.059973234386456825f,-0.05316868716185095f,0.9925431565819851f,0.10968670396978117f,1.7314700869827255f,0.06001196266998998f,0.11281947829831598f,-0.9918015575975828f,0.4528668721679011f,0f,0f,0f,1f], start_interpolation: 0, interpolation_duration: 1 }
$data merge entity $(bone_left_close) { transformation: [-0.9967806453989669f,-0.046150272358513635f,-0.06556292640855832f,0.1892219269632849f,-0.05316868716185095f,0.9925431565819851f,0.10968670396978117f,1.7447622587731881f,0.06001196266998998f,0.11281947829831598f,-0.9918015575975828f,0.43786388150040356f,0f,0f,0f,1f], start_interpolation: 0, interpolation_duration: 1 }
$data merge entity $(bone_left_eyebrow) { transformation: [-0.9967806453989669f,-0.046150272358513635f,-0.06556292640855832f,0.19037978145514828f,-0.05316868716185095f,0.9925431565819851f,0.10968670396978117f,1.7199418244396407f,0.06001196266998998f,0.11281947829831598f,-0.9918015575975828f,0.4351053821402956f,0f,0f,0f,1f], start_interpolation: 0, interpolation_duration: 1 }
$data merge entity $(bone_right_eyebrow) { transformation: [-0.9967806453989669f,-0.046150272358513635f,-0.06556292640855832f,-0.05881537989459344f,-0.05316868716185095f,0.9925431565819851f,0.10968670396978117f,1.706649652649178f,0.06001196266998998f,0.11281947829831598f,-0.9918015575975828f,0.4501083728077931f,0f,0f,0f,1f], start_interpolation: 0, interpolation_duration: 1 }
$data merge entity $(bone_talking) { transformation: [-0.9967806453989669f,-0.046150272358513635f,-0.06556292640855832f,0.05855789189777507f,-0.05316868716185095f,0.9925431565819851f,0.10968670396978117f,1.4622235314366432f,0.06001196266998998f,0.11281947829831598f,-0.9918015575975828f,0.10017130311668399f,0f,0f,0f,1f], start_interpolation: 0, interpolation_duration: 1 }
$data merge entity $(bone_m_opened) { transformation: [-0.9967806453989669f,-0.046150272358513635f,-0.06556292640855832f,0.05855789189777507f,-0.05316868716185095f,0.9925431565819851f,0.10968670396978117f,1.4622235314366432f,0.06001196266998998f,0.11281947829831598f,-0.9918015575975828f,0.10017130311668399f,0f,0f,0f,1f], start_interpolation: 0, interpolation_duration: 1 }
$data merge entity $(bone_head) { transformation: [-0.9967806453989669f,-0.046150272358513635f,-0.06556292640855832f,0.06265557479830997f,-0.05316868716185095f,0.9925431565819851f,0.10968670396978117f,1.4553681124385318f,0.06001196266998998f,0.11281947829831598f,-0.9918015575975828f,0.16215890046653292f,0f,0f,0f,1f], start_interpolation: 0, interpolation_duration: 1 }
$data merge entity $(item_display_r_item) { transformation: [-0.3415424660576324f,-0.23481106692585946f,-0.14006697229686443f,-0.06419398733720233f,-0.07976745171713821f,-0.12880090033603242f,0.4104311534462041f,0.7151893394753814f,-0.26151892383884007f,0.34594846570228777f,0.057738735285836916f,-0.0005234164734942565f,0f,0f,0f,1f], start_interpolation: 0, interpolation_duration: 1 }
$data merge entity $(bone_rightarm) { transformation: [-0.7806684938460169f,-0.3201530795356903f,0.5367110101162501f,-0.19720078578247752f,-0.18232560392488734f,0.9381283507341807f,0.29440205791093144f,1.3383198159231107f,-0.597757540203063f,0.13197425208191313f,-0.7907393501766578f,-0.016881927694380766f,0f,0f,0f,1f], start_interpolation: 0, interpolation_duration: 1 }
$data merge entity $(item_display_l_item) { transformation: [-0.36376260402683014f,-0.24292465621278597f,0.008404124910978214f,0.24104713975080078f,0.010956934498038251f,-0.0012764752059120778f,0.43736091068756294f,0.6975010441705628f,-0.24282290562882497f,0.3638574336398096f,0.007145242265051927f,0.42375971529381196f,0f,0f,0f,1f], start_interpolation: 0, interpolation_duration: 1 }
$data merge entity $(bone_leftarm) { transformation: [-0.8314573806327547f,0.01920942836795008f,0.5552563570577965f,0.3224600771129941f,0.025044421709801715f,0.9996820815715725f,0.0029176576135135426f,1.3226670523544848f,-0.5550237842944571f,0.016331982320118874f,-0.8316741340338505f,0.33000793748965496f,0f,0f,0f,1f], start_interpolation: 0, interpolation_duration: 1 }
$data merge entity $(bone_body) { transformation: [-0.8314573806327547f,0.00020743306441329726f,0.5555884998475421f,0.062499999999999986f,0.025044421709801715f,0.9989974263978725f,0.0371068590916701f,0.7061200426401274f,-0.5550237842944571f,0.04476716455116669f,-0.8306289784527798f,0.1285835270531579f,0f,0f,0f,1f], start_interpolation: 0, interpolation_duration: 1 }
$data merge entity $(bone_leftleg) { transformation: [-1f,1.915769668878477e-17f,1.2095693648649962e-16f,0.1875f,0f,0.9876883405951377f,-0.15643446504023123f,0.7593749999999999f,-1.2246467991473532e-16f,-0.15643446504023123f,-0.9876883405951377f,0.12858352705315793f,0f,0f,0f,1f], start_interpolation: 0, interpolation_duration: 1 }
$data merge entity $(bone_rightleg) { transformation: [-1f,-1.915769668878477e-17f,1.2095693648649962e-16f,-0.06250000000000001f,0f,0.9876883405951377f,0.15643446504023123f,0.7874999999999999f,-1.2246467991473532e-16f,0.15643446504023123f,-0.9876883405951377f,0.12858352705315787f,0f,0f,0f,1f], start_interpolation: 0, interpolation_duration: 1 }
data modify entity @s data merge value {"locators":{},"cameras":{"camera":{"posx":-2.8125000000000004,"posy":1.375,"posz":2.3749999999999996,"roty":250,"rotx":0}}}