# This file was generated by Animated Java via MC-Build. It is not recommended to edit this file directly.
$data merge entity $(bone_left_eye) { transformation: [-0.9957565048455217f,-0.040315718738712855f,-0.08272621035930366f,0.1977811837093809f,-0.04867041371025642f,0.9936342777210155f,0.10159780001116285f,1.697080128634599f,0.07810360994924148f,0.10519298912197883f,-0.9913799781882222f,0.4566189163254223f,0f,0f,0f,1f], start_interpolation: 0, interpolation_duration: 1 }
$data merge entity $(bone_right_eye) { transformation: [-0.9957565048455217f,-0.040315718738712855f,-0.08272621035930366f,-0.05115794250199954f,-0.04867041371025642f,0.9936342777210155f,0.10159780001116285f,1.6849125252070347f,0.07810360994924148f,0.10519298912197883f,-0.9913799781882222f,0.47614481881273263f,0f,0f,0f,1f], start_interpolation: 0, interpolation_duration: 1 }
$data merge entity $(bone_right_close) { transformation: [-0.9957565048455217f,-0.040315718738712855f,-0.08272621035930366f,-0.05367767492316909f,-0.04867041371025642f,0.9936342777210155f,0.10159780001116285f,1.7470146675645981f,0.07810360994924148f,0.10519298912197883f,-0.9913799781882222f,0.48271938063285635f,0f,0f,0f,1f], start_interpolation: 0, interpolation_duration: 1 }
$data merge entity $(bone_left_close) { transformation: [-0.9957565048455217f,-0.040315718738712855f,-0.08272621035930366f,0.19526145128821132f,-0.04867041371025642f,0.9936342777210155f,0.10159780001116285f,1.7591822709921623f,0.07810360994924148f,0.10519298912197883f,-0.9913799781882222f,0.463193478145546f,0f,0f,0f,1f], start_interpolation: 0, interpolation_duration: 1 }
$data merge entity $(bone_left_eyebrow) { transformation: [-0.9957565048455217f,-0.040315718738712855f,-0.08272621035930366f,0.19627451464482662f,-0.04867041371025642f,0.9936342777210155f,0.10159780001116285f,1.7343350641866362f,0.07810360994924148f,0.10519298912197883f,-0.9913799781882222f,0.4606256146661333f,0f,0f,0f,1f], start_interpolation: 0, interpolation_duration: 1 }
$data merge entity $(bone_right_eyebrow) { transformation: [-0.9957565048455217f,-0.040315718738712855f,-0.08272621035930366f,-0.052664611566553804f,-0.04867041371025642f,0.9936342777210155f,0.10159780001116285f,1.722167460759072f,0.07810360994924148f,0.10519298912197883f,-0.9913799781882222f,0.4801515171534437f,0f,0f,0f,1f], start_interpolation: 0, interpolation_duration: 1 }
$data merge entity $(bone_talking) { transformation: [-0.9957565048455217f,-0.040315718738712855f,-0.08272621035930366f,0.0575386095510865f,-0.04867041371025642f,0.9936342777210155f,0.10159780001116285f,1.4743370699940512f,0.07810360994924148f,0.10519298912197883f,-0.9913799781882222f,0.13027737710476334f,0f,0f,0f,1f], start_interpolation: 0, interpolation_duration: 1 }
$data merge entity $(bone_m_opened) { transformation: [-0.9957565048455217f,-0.040315718738712855f,-0.08272621035930366f,0.0575386095510865f,-0.04867041371025642f,0.9936342777210155f,0.10159780001116285f,1.4743370699940512f,0.07810360994924148f,0.10519298912197883f,-0.9913799781882222f,0.13027737710476334f,0f,0f,0f,1f], start_interpolation: 0, interpolation_duration: 1 }
$data merge entity $(bone_head) { transformation: [-0.9957565048455217f,-0.040315718738712855f,-0.08272621035930366f,0.06270899769854298f,-0.04867041371025642f,0.9936342777210155f,0.10159780001116285f,1.4679872074933535f,0.07810360994924148f,0.10519298912197883f,-0.9913799781882222f,0.19223862574152722f,0f,0f,0f,1f], start_interpolation: 0, interpolation_duration: 1 }
$data merge entity $(item_display_r_item) { transformation: [-0.3470876700861591f,-0.22710022906696184f,-0.13914699145829595f,-0.06698537270778543f,-0.07999600023762778f,-0.12912483154476143f,0.41028486180277046f,0.7277446852465573f,-0.25404141241172296f,0.35093947318059054f,0.06091549017767546f,0.03210948365056017f,0f,0f,0f,1f], start_interpolation: 0, interpolation_duration: 1 }
$data merge entity $(bone_rightarm) { transformation: [-0.7933432459112207f,-0.3180502661903909f,0.5190862378673413f,-0.2008810093433621f,-0.1828480005431492f,0.9377939698349038f,0.29514247210231204f,1.3507587254061613f,-0.5806660855125096f,0.13923540612040122f,-0.8021473672699212f,0.01886319156707078f,0f,0f,0f,1f], start_interpolation: 0, interpolation_duration: 1 }
$data merge entity $(item_display_l_item) { transformation: [-0.3689772437290071f,-0.23503471226798903f,0.004552761716641293f,0.2525726185977351f,0.010702140159713304f,-0.008330557539957675f,0.4372897391971087f,0.7083901670278562f,-0.23483506511197758f,0.36891128451184174f,0.012775224212364312f,0.4414947598556158f,0f,0f,0f,1f], start_interpolation: 0, interpolation_duration: 1 }
$data merge entity $(bone_leftarm) { transformation: [-0.8433765570948734f,0.01040631249517998f,0.5372221994696892f,0.32622933884093375f,0.024462034650773266f,0.9995194038791055f,0.019041274377046336f,1.335469953749428f,-0.5367658631130916f,0.02920051248540433f,-0.843225793169924f,0.35434185601275303f,0f,0f,0f,1f], start_interpolation: 0, interpolation_duration: 1 }
$data merge entity $(bone_body) { transformation: [-0.8433765570948734f,0.00027866359805733267f,0.5373229059787019f,0.06249999999999998f,0.024462034650773266f,0.9989829433244709f,0.037877272968382746f,0.7187500000000002f,-0.5367658631130916f,0.04508881561292254f,-0.8425256120160868f,0.1584220140318353f,0f,0f,0f,1f], start_interpolation: 0, interpolation_duration: 1 }
$data merge entity $(bone_leftleg) { transformation: [-1f,1.4924690131530332e-17f,1.2155184676135686e-16f,0.18749999999999997f,0f,0.9925461516413221f,-0.12186934340514737f,0.7625f,-1.2246467991473532e-16f,-0.12186934340514737f,-0.9925461516413221f,0.15842201403183534f,0f,0f,0f,1f], start_interpolation: 0, interpolation_duration: 1 }
$data merge entity $(bone_rightleg) { transformation: [-1f,-1.4924690131530332e-17f,1.2155184676135686e-16f,-0.06250000000000003f,0f,0.9925461516413221f,0.12186934340514737f,0.8f,-1.2246467991473532e-16f,0.12186934340514737f,-0.9925461516413221f,0.15842201403183528f,0f,0f,0f,1f], start_interpolation: 0, interpolation_duration: 1 }
data modify entity @s data merge value {"locators":{},"cameras":{"camera":{"posx":-2.8218269230769235,"posy":1.375,"posz":2.3749999999999996,"roty":250.13157894736844,"rotx":0}}}