# This file was generated by Animated Java via MC-Build. It is not recommended to edit this file directly.
$data merge entity $(bone_left_eye) { transformation: [-0.9947971107548755f,-0.033241714326554254f,-0.09630003563022993f,0.20287646580777147f,-0.04202220591646234f,0.9949971989802205f,0.09063502761863064f,1.7119505705823577f,0.09280540201769649f,0.0942102035352183f,-0.9912172289191641f,0.4821503655286955f,0f,0f,0f,1f], start_interpolation: 0, interpolation_duration: 1 }
$data merge entity $(bone_right_eye) { transformation: [-0.9947971107548755f,-0.033241714326554254f,-0.09630003563022993f,-0.04582281188094743f,-0.04202220591646234f,0.9949971989802205f,0.09063502761863064f,1.7014450191032422f,0.09280540201769649f,0.0942102035352183f,-0.9912172289191641f,0.5053517160331197f,0f,0f,0f,1f], start_interpolation: 0, interpolation_duration: 1 }
$data merge entity $(bone_right_close) { transformation: [-0.9947971107548755f,-0.033241714326554254f,-0.09630003563022993f,-0.04790041902635707f,-0.04202220591646234f,0.9949971989802205f,0.09063502761863064f,1.763632344039506f,0.09280540201769649f,0.0942102035352183f,-0.9912172289191641f,0.5112398537540708f,0f,0f,0f,1f], start_interpolation: 0, interpolation_duration: 1 }
$data merge entity $(bone_left_close) { transformation: [-0.9947971107548755f,-0.033241714326554254f,-0.09630003563022993f,0.2007988586623618f,-0.04202220591646234f,0.9949971989802205f,0.09063502761863064f,1.7741378955186216f,0.09280540201769649f,0.0942102035352183f,-0.9912172289191641f,0.4880385032496466f,0f,0f,0f,1f], start_interpolation: 0, interpolation_duration: 1 }
$data merge entity $(bone_left_eyebrow) { transformation: [-0.9947971107548755f,-0.033241714326554254f,-0.09630003563022993f,0.20163592027275257f,-0.04202220591646234f,0.9949971989802205f,0.09063502761863064f,1.74925730085489f,0.09280540201769649f,0.0942102035352183f,-0.9912172289191641f,0.48574519923807363f,0f,0f,0f,1f], start_interpolation: 0, interpolation_duration: 1 }
$data merge entity $(bone_right_eyebrow) { transformation: [-0.9947971107548755f,-0.033241714326554254f,-0.09630003563022993f,-0.04706335741596633f,-0.04202220591646234f,0.9949971989802205f,0.09063502761863064f,1.7387517493757743f,0.09280540201769649f,0.0942102035352183f,-0.9912172289191641f,0.5089465497424978f,0f,0f,0f,1f], start_interpolation: 0, interpolation_duration: 1 }
$data merge entity $(bone_talking) { transformation: [-0.9947971107548755f,-0.033241714326554254f,-0.09630003563022993f,0.05674349441060372f,-0.04202220591646234f,0.9949971989802205f,0.09063502761863064f,1.486271941228567f,0.09280540201769649f,0.0942102035352183f,-0.9912172289191641f,0.1604431058598642f,0f,0f,0f,1f], start_interpolation: 0, interpolation_duration: 1 }
$data merge entity $(bone_m_opened) { transformation: [-0.9947971107548755f,-0.033241714326554254f,-0.09630003563022993f,0.05674349441060372f,-0.04202220591646234f,0.9949971989802205f,0.09063502761863064f,1.486271941228567f,0.09280540201769649f,0.0942102035352183f,-0.9912172289191641f,0.1604431058598642f,0f,0f,0f,1f], start_interpolation: 0, interpolation_duration: 1 }
$data merge entity $(bone_head) { transformation: [-0.9947971107548755f,-0.033241714326554254f,-0.09630003563022993f,0.0627622466374931f,-0.04202220591646234f,0.9949971989802205f,0.09063502761863064f,1.4806072520024025f,0.09280540201769649f,0.0942102035352183f,-0.9912172289191641f,0.22239418266731195f,0f,0f,0f,1f], start_interpolation: 0, interpolation_duration: 1 }
$data merge entity $(item_display_r_item) { transformation: [-0.3524679403930014f,-0.2192810700863317f,-0.1381608240309419f,-0.06971525675147114f,-0.08024160118974774f,-0.12943471349913263f,0.4101392329196305f,0.7402921003787769f,-0.2464424606954351f,0.35576497472796664f,0.06405970904701473f,0.06490084637495637f,0f,0f,0f,1f], start_interpolation: 0, interpolation_duration: 1 }
$data merge entity $(bone_rightarm) { transformation: [-0.8056410066125747f,-0.3157961692135816f,0.5012138744830438f,-0.20443612819957915f,-0.18340937414799482f,0.9374611038162982f,0.29585077371230334f,1.3631866369780012f,-0.5632970530181374f,0.14642219210746243f,-0.8131770850924952f,0.05476758080555849f,0f,0f,0f,1f], start_interpolation: 0, interpolation_duration: 1 }
$data merge entity $(item_display_l_item) { transformation: [-0.3740165338898195f,-0.22697408506239813f,0.0008044172628515273f,0.26387429982111854f,0.010430841049095517f,-0.015639228121027016f,0.4370959415263278f,0.7193943109785319f,-0.22673570502250856f,0.3736902852013492f,0.01878139542420224f,0.45861381886066716f,0f,0f,0f,1f], start_interpolation: 0, interpolation_duration: 1 }
$data merge entity $(bone_leftarm) { transformation: [-0.8548949346053016f,0.0018386680293748044f,0.5187979087140528f,0.32987320592873437f,0.023841922397932612f,0.9990764377744635f,0.03574680713377626f,1.3482854354792937f,-0.5182530400514481f,0.04292890382674817f,-0.8541492233173696f,0.37867573083771355f,0f,0f,0f,1f], start_interpolation: 0, interpolation_duration: 1 }
$data merge entity $(bone_body) { transformation: [-0.8548949346053016f,0.00034966218332415294f,0.5188010490761893f,0.06249999999999998f,0.023841922397932612f,0.9989697261900398f,0.03861410224474886f,0.7313799573598726f,-0.5182530400514481f,0.045380214765407545f,-0.8540224953625505f,0.1883590215932563f,0f,0f,0f,1f], start_interpolation: 0, interpolation_duration: 1 }
$data merge entity $(bone_leftleg) { transformation: [-1f,1.0673500138322974e-17f,1.2199866483456202e-16f,0.18749999999999997f,0f,0.9961946980917455f,-0.08715574274765818f,0.765625f,-1.2246467991473532e-16f,-0.08715574274765818f,-0.9961946980917455f,0.18835902159325632f,0f,0f,0f,1f], start_interpolation: 0, interpolation_duration: 1 }
$data merge entity $(bone_rightleg) { transformation: [-1f,-1.0673500138322974e-17f,1.2199866483456202e-16f,-0.06250000000000003f,0f,0.9961946980917455f,0.08715574274765818f,0.8125f,-1.2246467991473532e-16f,0.08715574274765818f,-0.9961946980917455f,0.18835902159325627f,0f,0f,0f,1f], start_interpolation: 0, interpolation_duration: 1 }
data modify entity @s data merge value {"locators":{},"cameras":{"camera":{"posx":-2.8311538461538466,"posy":1.375,"posz":2.3749999999999996,"roty":250.26315789473682,"rotx":0}}}