# This file was generated by Animated Java via MC-Build. It is not recommended to edit this file directly.
$data merge entity $(bone_left_eye) { transformation: [-0.9940665780668643f,-0.025599486823540275f,-0.10571804313742295f,0.207102716922496f,-0.03398755665633303f,0.9963487153384452f,0.07832038965660598f,1.7245654063146554f,0.10332707468503699f,0.08144877971953557f,-0.9913070220265926f,0.507894661897148f,0f,0f,0f,1f], start_interpolation: 0, interpolation_duration: 1 }
$data merge entity $(bone_right_eye) { transformation: [-0.9940665780668643f,-0.025599486823540275f,-0.10571804313742295f,-0.04141392759422008f,-0.03398755665633303f,0.9963487153384452f,0.07832038965660598f,1.716068517150572f,0.10332707468503699f,0.08144877971953557f,-0.9913070220265926f,0.5337264305684073f,0f,0f,0f,1f], start_interpolation: 0, interpolation_duration: 1 }
$data merge entity $(bone_right_close) { transformation: [-0.9940665780668643f,-0.025599486823540275f,-0.10571804313742295f,-0.04301389552069135f,-0.03398755665633303f,0.9963487153384452f,0.07832038965660598f,1.778340311859225f,0.10332707468503699f,0.08144877971953557f,-0.9913070220265926f,0.5388169793008784f,0f,0f,0f,1f], start_interpolation: 0, interpolation_duration: 1 }
$data merge entity $(bone_left_close) { transformation: [-0.9940665780668643f,-0.025599486823540275f,-0.10571804313742295f,0.20550274899602472f,-0.03398755665633303f,0.9963487153384452f,0.07832038965660598f,1.7868372010233082f,0.10332707468503699f,0.08144877971953557f,-0.9913070220265926f,0.5129852106296191f,0f,0f,0f,1f], start_interpolation: 0, interpolation_duration: 1 }
$data merge entity $(bone_left_eyebrow) { transformation: [-0.9940665780668643f,-0.025599486823540275f,-0.10571804313742295f,0.2061493435443093f,-0.03398755665633303f,0.9963487153384452f,0.07832038965660598f,1.7619235881154935f,0.10332707468503699f,0.08144877971953557f,-0.9913070220265926f,0.5110109478255074f,0f,0f,0f,1f], start_interpolation: 0, interpolation_duration: 1 }
$data merge entity $(bone_right_eyebrow) { transformation: [-0.9940665780668643f,-0.025599486823540275f,-0.10571804313742295f,-0.04236730097240676f,-0.03398755665633303f,0.9963487153384452f,0.07832038965660598f,1.7534266989514102f,0.10332707468503699f,0.08144877971953557f,-0.9913070220265926f,0.5368427164967666f,0f,0f,0f,1f], start_interpolation: 0, interpolation_duration: 1 }
$data merge entity $(bone_talking) { transformation: [-0.9940665780668643f,-0.025599486823540275f,-0.10571804313742295f,0.056207377889578344f,-0.03398755665633303f,0.9963487153384452f,0.07832038965660598f,1.4957049046656918f,0.10332707468503699f,0.08144877971953557f,-0.9913070220265926f,0.19066490691958363f,0f,0f,0f,1f], start_interpolation: 0, interpolation_duration: 1 }
$data merge entity $(bone_m_opened) { transformation: [-0.9940665780668643f,-0.025599486823540275f,-0.10571804313742295f,0.056207377889578344f,-0.03398755665633303f,0.9963487153384452f,0.07832038965660598f,1.4957049046656918f,0.10332707468503699f,0.08144877971953557f,-0.9913070220265926f,0.19066490691958363f,0f,0f,0f,1f], start_interpolation: 0, interpolation_duration: 1 }
$data merge entity $(bone_head) { transformation: [-0.9940665780668643f,-0.025599486823540275f,-0.10571804313742295f,0.06281475558566728f,-0.03398755665633303f,0.9963487153384452f,0.07832038965660598f,1.490809880312154f,0.10332707468503699f,0.08144877971953557f,-0.9913070220265926f,0.25262159579624566f,0f,0f,0f,1f], start_interpolation: 0, interpolation_duration: 1 }
$data merge entity $(item_display_r_item) { transformation: [-0.35768062633732844f,-0.21135722899210965f,-0.13710923125637206f,-0.07238233264033872f,-0.08050377311306212f,-0.1297300877531725f,0.4099945083121416f,0.7504133758549617f,-0.23872570464341916f,0.3604226353662199f,0.06717002202003432f,0.09784521798954564f,0f,0f,0f,1f], start_interpolation: 0, interpolation_duration: 1 }
$data merge entity $(bone_rightarm) { transformation: [-0.817555717342465f,-0.3133925285859934f,0.4831022376962506f,-0.2078648832945533f,-0.18400862425842768f,0.9371303047134665f,0.29652591486439445f,1.3731855556589276f,-0.5456587534706724f,0.15353147890293578f,-0.8238231665513597f,0.09082449648496055f,0f,0f,0f,1f], start_interpolation: 0, interpolation_duration: 1 }
$data merge entity $(item_display_l_item) { transformation: [-0.3788780514623198f,-0.21874707759453732f,-0.002718117724682788f,0.27477333623129685f,0.010143559487610093f,-0.022996350815186185f,0.4367774330824639f,0.7281566088973402f,-0.21852867162236875f,0.3781892831546583f,0.024986712187251937f,0.47536709086502965f,0f,0f,0f,1f], start_interpolation: 0, interpolation_duration: 1 }
$data merge entity $(bone_leftarm) { transformation: [-0.8660069747710166f,-0.006212840513560769f,0.4999933202160853f,0.33338947593733204f,0.02318527882882307f,0.9983484184742032f,0.05256308757756865f,1.3586947563909133f,-0.49949410656541426f,0.05711248499943319f,-0.8644326472106475f,0.40300831308834445f,0f,0f,0f,1f], start_interpolation: 0, interpolation_duration: 1 }
$data merge entity $(bone_body) { transformation: [-0.8660069747710166f,0.0004196741142230769f,0.5000317425140024f,0.06249999999999997f,0.02318527882882307f,0.998957794297866f,0.039316256906935965f,0.7415915345887544f,-0.49949410656541426f,0.04564152807674511f,-0.8651141476251779f,0.21839044973868682f,0f,0f,0f,1f], start_interpolation: 0, interpolation_duration: 1 }
$data merge entity $(bone_leftleg) { transformation: [-1f,6.409306129323725e-18f,1.2229684632711994e-16f,0.18749999999999997f,0f,0.9986295347545738f,-0.05233595624294395f,0.76875f,-1.2246467991473532e-16f,-0.05233595624294395f,-0.9986295347545738f,0.21839044973868685f,0f,0f,0f,1f], start_interpolation: 0, interpolation_duration: 1 }
$data merge entity $(bone_rightleg) { transformation: [-1f,-6.409306129323725e-18f,1.2229684632711994e-16f,-0.06250000000000003f,0f,0.9986295347545738f,0.05233595624294395f,0.8125f,-1.2246467991473532e-16f,0.05233595624294395f,-0.9986295347545738f,0.2183904497386868f,0f,0f,0f,1f], start_interpolation: 0, interpolation_duration: 1 }
data modify entity @s data merge value {"locators":{},"cameras":{"camera":{"posx":-2.8404807692307696,"posy":1.375,"posz":2.3749999999999996,"roty":250.3947368421053,"rotx":0}}}