# This file was generated by Animated Java via MC-Build. It is not recommended to edit this file directly.
$data merge entity $(bone_left_eye) { transformation: [-0.993734617422776f,-0.017901756153760183f,-0.11032242411323351f,0.21018795798414486f,-0.025314819335646332f,0.9974875499951954f,0.06616454886558243f,1.733131045276289f,0.10886078291842494f,0.06854279488898718f,-0.9916910886012811f,0.5343678836937957f,0f,0f,0f,1f], start_interpolation: 0, interpolation_duration: 1 }
$data merge entity $(bone_right_eye) { transformation: [-0.993734617422776f,-0.017901756153760183f,-0.11032242411323351f,-0.03824569637154916f,-0.025314819335646332f,0.9974875499951954f,0.06616454886558243f,1.7268023404423773f,0.10886078291842494f,0.06854279488898718f,-0.9916910886012811f,0.561583079423402f,0f,0f,0f,1f], start_interpolation: 0, interpolation_duration: 1 }
$data merge entity $(bone_right_close) { transformation: [-0.993734617422776f,-0.017901756153760183f,-0.11032242411323351f,-0.039364556131159176f,-0.025314819335646332f,0.9974875499951954f,0.06616454886558243f,1.789145312317077f,0.10886078291842494f,0.06854279488898718f,-0.9916910886012811f,0.5658670041039637f,0f,0f,0f,1f], start_interpolation: 0, interpolation_duration: 1 }
$data merge entity $(bone_left_close) { transformation: [-0.993734617422776f,-0.017901756153760183f,-0.11032242411323351f,0.20906909822453484f,-0.025314819335646332f,0.9974875499951954f,0.06616454886558243f,1.7954740171509886f,0.10886078291842494f,0.06854279488898718f,-0.9916910886012811f,0.5386518083743574f,0f,0f,0f,1f], start_interpolation: 0, interpolation_duration: 1 }
$data merge entity $(bone_left_eyebrow) { transformation: [-0.993734617422776f,-0.017901756153760183f,-0.11032242411323351f,0.2095235372798859f,-0.025314819335646332f,0.9974875499951954f,0.06616454886558243f,1.7705326931168046f,0.10886078291842494f,0.06854279488898718f,-0.9916910886012811f,0.5370002191951704f,0f,0f,0f,1f], start_interpolation: 0, interpolation_duration: 1 }
$data merge entity $(bone_right_eyebrow) { transformation: [-0.993734617422776f,-0.017901756153760183f,-0.11032242411323351f,-0.038910117075808104f,-0.025314819335646332f,0.9974875499951954f,0.06616454886558243f,1.764203988282893f,0.10886078291842494f,0.06854279488898718f,-0.9916910886012811f,0.5642154149247766f,0f,0f,0f,1f], start_interpolation: 0, interpolation_duration: 1 }
$data merge entity $(bone_talking) { transformation: [-0.993734617422776f,-0.017901756153760183f,-0.11032242411323351f,0.055970812309352413f,-0.025314819335646332f,0.9974875499951954f,0.06616454886558243f,1.5012712268810289f,0.10886078291842494f,0.06854279488898718f,-0.9916910886012811f,0.22093631764845167f,0f,0f,0f,1f], start_interpolation: 0, interpolation_duration: 1 }
$data merge entity $(bone_m_opened) { transformation: [-0.993734617422776f,-0.017901756153760183f,-0.11032242411323351f,0.055970812309352413f,-0.025314819335646332f,0.9974875499951954f,0.06616454886558243f,1.5012712268810289f,0.10886078291842494f,0.06854279488898718f,-0.9916910886012811f,0.22093631764845167f,0f,0f,0f,1f], start_interpolation: 0, interpolation_duration: 1 }
$data merge entity $(bone_head) { transformation: [-0.993734617422776f,-0.017901756153760183f,-0.11032242411323351f,0.0628659638164295f,-0.025314819335646332f,0.9974875499951954f,0.06616454886558243f,1.49713594257693f,0.10886078291842494f,0.06854279488898718f,-0.9916910886012811f,0.28291701068603176f,0f,0f,0f,1f], start_interpolation: 0, interpolation_duration: 1 }
$data merge entity $(item_display_r_item) { transformation: [-0.36272315832717544f,-0.20333239652553337f,-0.13599300326245506f,-0.07498532362775456f,-0.08078202076299548f,-0.13001051073688277f,0.40985092682508584f,0.7566495276731301f,-0.23089483652651444f,0.3649101993931084f,0.07024507701096229f,0.13093722421072337f,0f,0f,0f,1f], start_interpolation: 0, interpolation_duration: 1 }
$data merge entity $(bone_rightarm) { transformation: [-0.8290815047478296f,-0.31084115031418313f,0.4647597634869333f,-0.21116607213825236f,-0.1846446188868468f,0.936802118457339f,0.29716688168430366f,1.379296711919505f,-0.5277596263463187f,0.16056017602505684f,-0.8340804557556765f,0.12702727725692434f,0f,0f,0f,1f], start_interpolation: 0, interpolation_duration: 1 }
$data merge entity $(item_display_l_item) { transformation: [-0.38355945877938774f,-0.21036514406234702f,-0.005907431293813441f,0.2851108725199359f,0.009840830676062985f,-0.030196191247379045f,0.4363457322877775f,0.7332598530433388f,-0.21021786230591394f,0.3824146260249204f,0.031205034365501136f,0.4920212103217769f,0f,0f,0f,1f], start_interpolation: 0, interpolation_duration: 1 }
$data merge entity $(bone_leftarm) { transformation: [-0.8767073343528863f,-0.013502700100145116f,0.4808346149996503f,0.3367760118323015f,0.022493327259572538f,0.9973616738006343f,0.06901986570829519f,1.3652383823822722f,-0.4804979709849462f,0.07132579283543136f,-0.8740905737712465f,0.4273385091225157f,0f,0f,0f,1f], start_interpolation: 0, interpolation_duration: 1 }
$data merge entity $(bone_body) { transformation: [-0.8767073343528863f,0.0004879517552393918f,0.48102392018998485f,0.062499999999999965f,0.022493327259572538f,0.9989471634083297f,0.039982683092130517f,0.7479255700206826f,-0.4804979709849462f,0.0458729399704938f,-0.8757952804496113f,0.2485123057081614f,0f,0f,0f,1f], start_interpolation: 0, interpolation_duration: 1 }
$data merge entity $(bone_leftleg) { transformation: [-1f,2.1373033680838217e-18f,1.2244602795081332e-16f,0.18749999999999997f,0f,0.9998476951563913f,-0.017452406437283758f,0.771875f,-1.2246467991473532e-16f,-0.017452406437283758f,-0.9998476951563913f,0.24851230570816144f,0f,0f,0f,1f], start_interpolation: 0, interpolation_duration: 1 }
$data merge entity $(bone_rightleg) { transformation: [-1f,-2.1373033680838217e-18f,1.2244602795081332e-16f,-0.06250000000000003f,0f,0.9998476951563913f,0.017452406437283758f,0.8125f,-1.2246467991473532e-16f,0.017452406437283758f,-0.9998476951563913f,0.24851230570816138f,0f,0f,0f,1f], start_interpolation: 0, interpolation_duration: 1 }
data modify entity @s data merge value {"locators":{},"cameras":{"camera":{"posx":-2.8498076923076927,"posy":1.375,"posz":2.3749999999999996,"roty":250.5263157894737,"rotx":0}}}