# This file was generated by Animated Java via MC-Build. It is not recommended to edit this file directly.
$data merge entity $(bone_left_eye) { transformation: [-0.9939471056154294f,-0.010591471483923948f,-0.10934793994637243f,0.21184782156208404f,-0.01676518358972351f,0.9983070486851546f,0.05569528853268457f,1.736951972312647f,0.1085729241473819f,0.05719140912183705f,-0.9924419695200044f,0.5621134003903955f,0f,0f,0f,1f], start_interpolation: 0, interpolation_duration: 1 }
$data merge entity $(bone_right_eye) { transformation: [-0.9939471056154294f,-0.010591471483923948f,-0.10934793994637243f,-0.03663895484177332f,-0.01676518358972351f,0.9983070486851546f,0.05569528853268457f,1.732760676415216f,0.1085729241473819f,0.05719140912183705f,-0.9924419695200044f,0.589256631427241f,0f,0f,0f,1f], start_interpolation: 0, interpolation_duration: 1 }
$data merge entity $(bone_right_close) { transformation: [-0.9939471056154294f,-0.010591471483923948f,-0.10934793994637243f,-0.03730092180951858f,-0.01676518358972351f,0.9983070486851546f,0.05569528853268457f,1.7951548669580382f,0.1085729241473819f,0.05719140912183705f,-0.9924419695200044f,0.5928310944973559f,0f,0f,0f,1f], start_interpolation: 0, interpolation_duration: 1 }
$data merge entity $(bone_left_close) { transformation: [-0.9939471056154294f,-0.010591471483923948f,-0.10934793994637243f,0.21118585459433878f,-0.01676518358972351f,0.9983070486851546f,0.05569528853268457f,1.7993461628554692f,0.1085729241473819f,0.05719140912183705f,-0.9924419695200044f,0.5656878634605104f,0f,0f,0f,1f], start_interpolation: 0, interpolation_duration: 1 }
$data merge entity $(bone_left_eyebrow) { transformation: [-0.9939471056154294f,-0.010591471483923948f,-0.10934793994637243f,0.21145747562768352f,-0.01676518358972351f,0.9983070486851546f,0.05569528853268457f,1.774385005682807f,0.1085729241473819f,0.05719140912183705f,-0.9924419695200044f,0.5643201058555595f,0f,0f,0f,1f], start_interpolation: 0, interpolation_duration: 1 }
$data merge entity $(bone_right_eyebrow) { transformation: [-0.9939471056154294f,-0.010591471483923948f,-0.10934793994637243f,-0.037029300776173835f,-0.01676518358972351f,0.9983070486851546f,0.05569528853268457f,1.7701937097853762f,0.1085729241473819f,0.05719140912183705f,-0.9924419695200044f,0.5914633368924049f,0f,0f,0f,1f], start_interpolation: 0, interpolation_duration: 1 }
$data merge entity $(bone_talking) { transformation: [-0.9939471056154294f,-0.010591471483923948f,-0.10934793994637243f,0.05608106999789496f,-0.01676518358972351f,0.9983070486851546f,0.05569528853268457f,1.5026843398591068f,0.1085729241473819f,0.05719140912183705f,-0.9924419695200044f,0.25124904815335763f,0f,0f,0f,1f], start_interpolation: 0, interpolation_duration: 1 }
$data merge entity $(bone_m_opened) { transformation: [-0.9939471056154294f,-0.010591471483923948f,-0.10934793994637243f,0.05608106999789496f,-0.01676518358972351f,0.9983070486851546f,0.05569528853268457f,1.5026843398591068f,0.1085729241473819f,0.05719140912183705f,-0.9924419695200044f,0.25124904815335763f,0f,0f,0f,1f], start_interpolation: 0, interpolation_duration: 1 }
$data merge entity $(bone_head) { transformation: [-0.9939471056154294f,-0.010591471483923948f,-0.10934793994637243f,0.06291531624454323f,-0.01676518358972351f,0.9983070486851546f,0.05569528853268457f,1.499203384325814f,0.1085729241473819f,0.05719140912183705f,-0.9924419695200044f,0.3132766712483579f,0f,0f,0f,1f], start_interpolation: 0, interpolation_duration: 1 }
$data merge entity $(item_display_r_item) { transformation: [-0.36759304907506796f,-0.19521031338765818f,-0.13481295864562484f,-0.07752298366739793f,-0.08107583552935245f,-0.1302755540831071f,0.4097087244635594f,0.7586186762399011f,-0.22295360316647062f,0.3692254914756452f,0.07328354030514776f,0.1641715483607517f,0f,0f,0f,1f], start_interpolation: 0, interpolation_duration: 1 }
$data merge entity $(bone_rightarm) { transformation: [-0.8402126836001553f,-0.3081439054757141f,0.4461950020289329f,-0.2143385493361026f,-0.18531619549566275f,0.9364770844881356f,0.29777269504710213f,1.3811384409258736f,-0.5096082358090757f,0.16750523498319508f,-0.8439439805157605f,0.16336932266077858f,0f,0f,0f,1f], start_interpolation: 0, interpolation_duration: 1 }
$data merge entity $(item_display_l_item) { transformation: [-0.3880585046891774f,-0.20184558286246357f,-0.008672232544852143f,0.29474948018037866f,0.009523202249440005f,-0.03703396117756652f,0.4358257040818207f,0.7343445858304822f,-0.20180722374909155f,0.38638464824370394f,0.03724242264237453f,0.5088575094542896f,0f,0f,0f,1f], start_interpolation: 0, interpolation_duration: 1 }
$data merge entity $(bone_leftarm) { transformation: [-0.8869908678609769f,-0.019822245816805f,0.4613613322570596f,0.340030743077008f,0.02176731942729144f,0.9961730379013044f,0.08464905412015228f,1.3675338662838166f,-0.4612736542836378f,0.08512553746828484f,-0.8831649102713233f,0.4516653565880523f,0f,0f,0f,1f], start_interpolation: 0, interpolation_duration: 1 }
$data merge entity $(bone_body) { transformation: [-0.8869908678609769f,0.0005537549927243537f,0.4617866322086845f,0.062499999999999965f,0.02176731942729144f,0.998937845767752f,0.04061236385428751f,0.75f,-0.4612736542836378f,0.04607465299153984f,-0.8860608005185243f,0.278720681504703f,0f,0f,0f,1f], start_interpolation: 0, interpolation_duration: 1 }
$data merge entity $(bone_leftleg) { transformation: [-1f,-2.1373033680837493e-18f,1.2244602795081332e-16f,0.18749999999999997f,0f,0.9998476951563913f,0.017452406437283168f,0.7749999999999999f,-1.2246467991473532e-16f,0.017452406437283168f,-0.9998476951563913f,0.278720681504703f,0f,0f,0f,1f], start_interpolation: 0, interpolation_duration: 1 }
$data merge entity $(bone_rightleg) { transformation: [-1f,2.1373033680837493e-18f,1.2244602795081332e-16f,-0.06250000000000003f,0f,0.9998476951563913f,-0.017452406437283168f,0.8125f,-1.2246467991473532e-16f,-0.017452406437283168f,-0.9998476951563913f,0.278720681504703f,0f,0f,0f,1f], start_interpolation: 0, interpolation_duration: 1 }
data modify entity @s data merge value {"locators":{},"cameras":{"camera":{"posx":-2.8591346153846158,"posy":1.375,"posz":2.3749999999999996,"roty":250.6578947368421,"rotx":0}}}