# This file was generated by Animated Java via MC-Build. It is not recommended to edit this file directly.
$data merge entity $(bone_left_eye) { transformation: [-0.9947833079381763f,-0.0041635459189734506f,-0.10192563530810139f,0.2117506995991042f,-0.00914935456099207f,0.9987813914946462f,0.04849764236677636f,1.7356848697738991f,0.10159950570104526f,0.049177198877112645f,-0.9936091502959824f,0.5916935462605379f,0f,0f,0f,1f], start_interpolation: 0, interpolation_duration: 1 }
$data merge entity $(bone_right_eye) { transformation: [-0.9947833079381763f,-0.0041635459189734506f,-0.10192563530810139f,-0.036945127385439855f,-0.00914935456099207f,0.9987813914946462f,0.04849764236677636f,1.733397531133651f,0.10159950570104526f,0.049177198877112645f,-0.9936091502959824f,0.6170934226857994f,0f,0f,0f,1f], start_interpolation: 0, interpolation_duration: 1 }
$data merge entity $(bone_right_close) { transformation: [-0.9947833079381763f,-0.0041635459189734506f,-0.10192563530810139f,-0.0372053490053757f,-0.00914935456099207f,0.9987813914946462f,0.04849764236677636f,1.7958213681020663f,0.10159950570104526f,0.049177198877112645f,-0.9936091502959824f,0.620166997615619f,0f,0f,0f,1f], start_interpolation: 0, interpolation_duration: 1 }
$data merge entity $(bone_left_close) { transformation: [-0.9947833079381763f,-0.0041635459189734506f,-0.10192563530810139f,0.21149047797916837f,-0.00914935456099207f,0.9987813914946462f,0.04849764236677636f,1.7981087067423145f,0.10159950570104526f,0.049177198877112645f,-0.9936091502959824f,0.5947671211903576f,0f,0f,0f,1f], start_interpolation: 0, interpolation_duration: 1 }
$data merge entity $(bone_left_eyebrow) { transformation: [-0.9947833079381763f,-0.0041635459189734506f,-0.10192563530810139f,0.21160093697934945f,-0.00914935456099207f,0.9987813914946462f,0.04849764236677636f,1.7731361408523005f,0.10159950570104526f,0.049177198877112645f,-0.9936091502959824f,0.5935997917903232f,0f,0f,0f,1f], start_interpolation: 0, interpolation_duration: 1 }
$data merge entity $(bone_right_eyebrow) { transformation: [-0.9947833079381763f,-0.0041635459189734506f,-0.10192563530810139f,-0.0370948900051946f,-0.00914935456099207f,0.9987813914946462f,0.04849764236677636f,1.7708488022120525f,0.10159950570104526f,0.049177198877112645f,-0.9936091502959824f,0.6189996682155845f,0f,0f,0f,1f], start_interpolation: 0, interpolation_duration: 1 }
$data merge entity $(bone_talking) { transformation: [-0.9947833079381763f,-0.0041635459189734506f,-0.10192563530810139f,0.056591911552793854f,-0.00914935456099207f,0.9987813914946462f,0.04849764236677636f,1.500001365819731f,0.10159950570104526f,0.049177198877112645f,-0.9936091502959824f,0.28159632528639605f,0f,0f,0f,1f], start_interpolation: 0, interpolation_duration: 1 }
$data merge entity $(bone_m_opened) { transformation: [-0.9947833079381763f,-0.0041635459189734506f,-0.10192563530810139f,0.056591911552793854f,-0.00914935456099207f,0.9987813914946462f,0.04849764236677636f,1.500001365819731f,0.10159950570104526f,0.049177198877112645f,-0.9936091502959824f,0.28159632528639605f,0f,0f,0f,1f], start_interpolation: 0, interpolation_duration: 1 }
$data merge entity $(bone_head) { transformation: [-0.9947833079381763f,-0.0041635459189734506f,-0.10192563530810139f,0.06296226375955019f,-0.00914935456099207f,0.9987813914946462f,0.04849764236677636f,1.4969702631718076f,0.10159950570104526f,0.049177198877112645f,-0.9936091502959824f,0.34369689717989493f,0f,0f,0f,1f], start_interpolation: 0, interpolation_duration: 1 }
$data merge entity $(item_display_r_item) { transformation: [-0.3722878948134303f,-0.18699476844119525f,-0.1335699440405965f,-0.07999409801742416f,-0.08138469586396652f,-0.13052480494326266f,0.4095681342263493f,0.7562790628994939f,-0.21490580414338273f,0.37336641770537826f,0.07628409713262026f,0.19754290965019555f,0f,0f,0f,1f], start_interpolation: 0, interpolation_duration: 1 }
$data merge entity $(bone_rightarm) { transformation: [-0.850943759573555f,-0.30530272923564916f,0.4274166135798748f,-0.21738122709222055f,-0.1860221619747806f,0.9361557353745126f,0.2983424112988863f,1.378669198920925f,-0.4912132666134462f,0.17436365058884648f,-0.8534089547551503f,0.19984407192383083f,0f,0f,0f,1f], start_interpolation: 0, interpolation_duration: 1 }
$data merge entity $(item_display_l_item) { transformation: [-0.392373025648584f,-0.19320978136777806f,-0.01093796723304063f,0.3035745394907352f,0.009191233823330834f,-0.04330624399018433f,0.43525433995799223f,0.7313737380932679f,-0.193300750035225f,0.39012920887223757f,0.04289837316893786f,0.5261700985534516f,0f,0f,0f,1f], start_interpolation: 0, interpolation_duration: 1 }
$data merge entity $(bone_leftarm) { transformation: [-0.8968526300539063f,-0.025001067961235825f,0.4416223574120641f,0.34315166669147085f,0.02100853445332762f,0.9948670627611251f,0.09898570054899299f,1.3655388648875952f,-0.4418302857948f,0.09805342438614387f,-0.8917239059936859f,0.47598800054558077f,0f,0f,0f,1f], start_interpolation: 0, interpolation_duration: 1 }
$data merge entity $(bone_body) { transformation: [-0.8968526300539063f,0.0006163516794003006f,0.4423290405071756f,0.062499999999999965f,0.02100853445332762f,0.998929850140379f,0.041204319902690634f,0.7477728755665232f,-0.4418302857948f,0.04624688756151296f,-0.8959058119832454f,0.3090117315087602f,0f,0f,0f,1f], start_interpolation: 0, interpolation_duration: 1 }
$data merge entity $(bone_leftleg) { transformation: [-1f,-6.409306129323725e-18f,1.2229684632711994e-16f,0.18749999999999997f,0f,0.9986295347545738f,0.05233595624294395f,0.778125f,-1.2246467991473532e-16f,0.05233595624294395f,-0.9986295347545738f,0.3090117315087602f,0f,0f,0f,1f], start_interpolation: 0, interpolation_duration: 1 }
$data merge entity $(bone_rightleg) { transformation: [-1f,6.409306129323725e-18f,1.2229684632711994e-16f,-0.06250000000000003f,0f,0.9986295347545738f,-0.05233595624294395f,0.8125f,-1.2246467991473532e-16f,-0.05233595624294395f,-0.9986295347545738f,0.3090117315087602f,0f,0f,0f,1f], start_interpolation: 0, interpolation_duration: 1 }
data modify entity @s data merge value {"locators":{},"cameras":{"camera":{"posx":-2.868461538461539,"posy":1.375,"posz":2.3749999999999996,"roty":250.78947368421052,"rotx":0}}}