# This file was generated by Animated Java via MC-Build. It is not recommended to edit this file directly.
$data merge entity $(bone_left_eye) { transformation: [-0.9961985329982115f,0.0006750180717217057f,-0.08710928310354937f,0.20947715547238543f,-0.003369262971171353f,0.9989231818434511f,0.04627229022629784f,1.7280039877603233f,0.08704671687802218f,0.04638988172391145f,-0.9951235340169576f,0.6236715755046437f,0f,0f,0f,1f], start_interpolation: 0, interpolation_duration: 1 }
$data merge entity $(bone_right_eye) { transformation: [-0.9961985329982115f,0.0006750180717217057f,-0.08710928310354937f,-0.03957247777716742f,-0.003369262971171353f,0.9989231818434511f,0.04627229022629784f,1.7271616720175305f,0.08704671687802218f,0.04638988172391145f,-0.9951235340169576f,0.6454332547241491f,0f,0f,0f,1f], start_interpolation: 0, interpolation_duration: 1 }
$data merge entity $(bone_right_close) { transformation: [-0.9961985329982115f,0.0006750180717217057f,-0.08710928310354937f,-0.03953028914768482f,-0.003369262971171353f,0.9989231818434511f,0.04627229022629784f,1.7895943708827462f,0.08704671687802218f,0.04638988172391145f,-0.9951235340169576f,0.6483326223318936f,0f,0f,0f,1f], start_interpolation: 0, interpolation_duration: 1 }
$data merge entity $(bone_left_close) { transformation: [-0.9961985329982115f,0.0006750180717217057f,-0.08710928310354937f,0.20951934410186807f,-0.003369262971171353f,0.9989231818434511f,0.04627229022629784f,1.790436686625539f,0.08704671687802218f,0.04638988172391145f,-0.9951235340169576f,0.6265709431123881f,0f,0f,0f,1f], start_interpolation: 0, interpolation_duration: 1 }
$data merge entity $(bone_left_eyebrow) { transformation: [-0.9961985329982115f,0.0006750180717217057f,-0.08710928310354937f,0.209507912980269f,-0.003369262971171353f,0.9989231818434511f,0.04627229022629784f,1.7654607150613135f,0.08704671687802218f,0.04638988172391145f,-0.9951235340169576f,0.6254733912901664f,0f,0f,0f,1f], start_interpolation: 0, interpolation_duration: 1 }
$data merge entity $(bone_right_eyebrow) { transformation: [-0.9961985329982115f,0.0006750180717217057f,-0.08710928310354937f,-0.03954172026928389f,-0.003369262971171353f,0.9989231818434511f,0.04627229022629784f,1.7646183993185207f,0.08704671687802218f,0.04638988172391145f,-0.9951235340169576f,0.647235070509672f,0f,0f,0f,1f], start_interpolation: 0, interpolation_duration: 1 }
$data merge entity $(bone_talking) { transformation: [-0.9961985329982115f,0.0006750180717217057f,-0.08710928310354937f,0.057561933359819406f,-0.003369262971171353f,0.9989231818434511f,0.04627229022629784f,1.492312125123782f,0.08704671687802218f,0.04638988172391145f,-0.9951235340169576f,0.3119788403031193f,0f,0f,0f,1f], start_interpolation: 0, interpolation_duration: 1 }
$data merge entity $(bone_m_opened) { transformation: [-0.9961985329982115f,0.0006750180717217057f,-0.08710928310354937f,0.057561933359819406f,-0.003369262971171353f,0.9989231818434511f,0.04627229022629784f,1.492312125123782f,0.08704671687802218f,0.04638988172391145f,-0.9951235340169576f,0.3119788403031193f,0f,0f,0f,1f], start_interpolation: 0, interpolation_duration: 1 }
$data merge entity $(bone_head) { transformation: [-0.9961985329982115f,0.0006750180717217057f,-0.08710928310354937f,0.06300626355379124f,-0.003369262971171353f,0.9989231818434511f,0.04627229022629784f,1.4894201069846384f,0.08704671687802218f,0.04638988172391145f,-0.9951235340169576f,0.3741740611791791f,0f,0f,0f,1f], start_interpolation: 0, interpolation_duration: 1 }
$data merge entity $(item_display_r_item) { transformation: [-0.37680537646917617f,-0.17868959688834024f,-0.13226483367775763f,-0.08239748382947065f,-0.08170806771718452f,-0.1307578662917297f,0.40942938594189615f,0.7486144079197806f,-0.20675528997790218f,0.377330966615141f,0.07924545223189144f,0.23104604126653902f,0f,0f,0f,1f], start_interpolation: 0, interpolation_duration: 1 }
$data merge entity $(bone_rightarm) { transformation: [-0.8612694319295455f,-0.30231961983487465f,0.4084333643162062f,-0.22029307568674156f,-0.1867612976392789f,0.9358385964386197f,0.2988751229525252f,1.3708729210629835f,-0.4725835199494907f,0.1811324622443235f,-0.8624707808346079f,0.23644498256491522f,0f,0f,0f,1f], start_interpolation: 0, interpolation_duration: 1 }
$data merge entity $(item_display_l_item) { transformation: [-0.39650094677419456f,-0.18448115261958656f,-0.01264727382941181f,0.31149548156995727f,0.008845496532286876f,-0.048811202312130944f,0.43467858668209264f,0.7233210300961181f,-0.18470248075828496f,0.3936882279888403f,0.047966892173064025f,0.5442638885406136f,0f,0f,0f,1f], start_interpolation: 0, interpolation_duration: 1 }
$data merge entity $(bone_leftarm) { transformation: [-0.9062878783410162f,-0.028908054467227093f,0.4216712059876264f,0.3461368482763936f,0.02021827778808429f,0.9935510552733546f,0.1115684624277281f,1.3582364974454308f,-0.4221770988760799f,0.10963861068128941f,-0.8998588068316349f,0.5003056693624651f,0f,0f,0f,1f], start_interpolation: 0, interpolation_duration: 1 }
$data merge entity $(bone_body) { transformation: [-0.9062878783410162f,0.0006750180717217057f,0.42266041442598135f,0.06249999999999996f,0.02021827778808429f,0.9989231818434511f,0.041757610312846f,0.7402277206020501f,-0.4221770988760799f,0.04638988172391145f,-0.9053256188014445f,0.33938164988624553f,0f,0f,0f,1f], start_interpolation: 0, interpolation_duration: 1 }
$data merge entity $(bone_leftleg) { transformation: [-1f,-1.0673500138322974e-17f,1.2199866483456202e-16f,0.18749999999999994f,0f,0.9961946980917455f,0.08715574274765818f,0.78125f,-1.2246467991473532e-16f,0.08715574274765818f,-0.9961946980917455f,0.33938164988624553f,0f,0f,0f,1f], start_interpolation: 0, interpolation_duration: 1 }
$data merge entity $(bone_rightleg) { transformation: [-1f,1.0673500138322974e-17f,1.2199866483456202e-16f,-0.06250000000000004f,0f,0.9961946980917455f,-0.08715574274765818f,0.8125f,-1.2246467991473532e-16f,-0.08715574274765818f,-0.9961946980917455f,0.33938164988624553f,0f,0f,0f,1f], start_interpolation: 0, interpolation_duration: 1 }
data modify entity @s data merge value {"locators":{},"cameras":{"camera":{"posx":-2.877788461538462,"posy":1.375,"posz":2.3749999999999996,"roty":250.92105263157896,"rotx":0}}}
execute on vehicle unless entity @s[tag=aj.transforms_only] at @s run function animated_java:humanentity/animations/000_mur_1/zzz/frames/zzz/11