# This file was generated by Animated Java via MC-Build. It is not recommended to edit this file directly.
$data merge entity $(bone_left_eye) { transformation: [-0.9990482215818578f,0.004937854832343246f,-0.04333899564805266f,0.19945024031783132f,0f,0.9935718556765875f,0.11320321376790671f,1.6575921604771702f,0.043619387365335875f,0.11309546939217807f,-0.992626195427481f,-0.6040220072157523f,0f,0f,0f,1f], start_interpolation: 0, interpolation_duration: 1 }
$data merge entity $(bone_right_eye) { transformation: [-0.9990482215818578f,0.004937854832343246f,-0.04333899564805266f,-0.05031181507763313f,0f,0.9935718556765875f,0.11320321376790671f,1.6575921604771702f,0.043619387365335875f,0.11309546939217807f,-0.992626195427481f,-0.5931171603744183f,0f,0f,0f,1f], start_interpolation: 0, interpolation_duration: 1 }
$data merge entity $(bone_right_close) { transformation: [-0.9990482215818578f,0.004937854832343246f,-0.04333899564805266f,-0.05000319915061169f,0f,0.9935718556765875f,0.11320321376790671f,1.719690401456957f,0.043619387365335875f,0.11309546939217807f,-0.992626195427481f,-0.5860486935374072f,0f,0f,0f,1f], start_interpolation: 0, interpolation_duration: 1 }
$data merge entity $(bone_left_close) { transformation: [-0.9990482215818578f,0.004937854832343246f,-0.04333899564805266f,0.19975885624485276f,0f,0.9935718556765875f,0.11320321376790671f,1.719690401456957f,0.043619387365335875f,0.11309546939217807f,-0.992626195427481f,-0.5969535403787412f,0f,0f,0f,1f], start_interpolation: 0, interpolation_duration: 1 }
$data merge entity $(bone_left_eyebrow) { transformation: [-0.9990482215818578f,0.004937854832343246f,-0.04333899564805266f,0.1996381185612722f,0f,0.9935718556765875f,0.11320321376790671f,1.6948440298641816f,0.043619387365335875f,0.11309546939217807f,-0.992626195427481f,-0.5997188879763312f,0f,0f,0f,1f], start_interpolation: 0, interpolation_duration: 1 }
$data merge entity $(bone_right_eyebrow) { transformation: [-0.9990482215818578f,0.004937854832343246f,-0.04333899564805266f,-0.050123936834192265f,0f,0.9935718556765875f,0.11320321376790671f,1.6948440298641816f,0.043619387365335875f,0.11309546939217807f,-0.992626195427481f,-0.5888140411349972f,0f,0f,0f,1f], start_interpolation: 0, interpolation_duration: 1 }
$data merge entity $(bone_talking) { transformation: [-0.9990482215818578f,0.004937854832343246f,-0.04333899564805266f,0.05979131277199682f,0f,0.9935718556765875f,0.11320321376790671f,1.4445752008604942f,0.043619387365335875f,0.11309546939217807f,-0.992626195427481f,-0.9370391372142176f,0f,0f,0f,1f], start_interpolation: 0, interpolation_duration: 1 }
$data merge entity $(bone_m_opened) { transformation: [-0.9990482215818578f,0.004937854832343246f,-0.04333899564805266f,0.05979131277199682f,0f,0.9935718556765875f,0.11320321376790671f,1.4445752008604942f,0.043619387365335875f,0.11309546939217807f,-0.992626195427481f,-0.9370391372142176f,0f,0f,0f,1f], start_interpolation: 0, interpolation_duration: 1 }
$data merge entity $(bone_head) { transformation: [-0.9990482215818578f,0.004937854832343246f,-0.04333899564805266f,0.06250000000000011f,0f,0.9935718556765875f,0.11320321376790671f,1.4375f,0.043619387365335875f,0.11309546939217807f,-0.992626195427481f,-0.875f,0f,0f,0f,1f], start_interpolation: 0, interpolation_duration: 1 }
$data merge entity $(item_display_r_item) { transformation: [-0.4331958588376861f,0.04464352963280668f,-0.04188738650004653f,-0.17710815149203346f,-0.03491120437850648f,0.06574580573455331f,0.43112057111341434f,0.7153979857621376f,0.05028723192542734f,0.43022168040469455f,-0.061536574612495225f,-0.650539069029141f,0f,0f,0f,1f], start_interpolation: 0, interpolation_duration: 1 }
$data merge entity $(bone_rightarm) { transformation: [-0.9901619630575682f,-0.09574259771439206f,-0.1020423534464153f,-0.24970256924433043f,-0.07979703857944337f,0.9854184482592327f,-0.15027612739326449f,1.3125f,0.11494224440097678f,-0.14065502768570315f,-0.983363840925016f,-0.8613689414483325f,0f,0f,0f,1f], start_interpolation: 0, interpolation_duration: 1 }
$data merge entity $(item_display_l_item) { transformation: [-0.4364275858742281f,0.030464513916742472f,-0.0030208740142373103f,0.3877222503837389f,-0.005413191882234904f,-0.03430233384830408f,0.43611959053246574f,0.6796713467112477f,0.030131538985577827f,0.4350879374153874f,0.034595188595880025f,-0.8137419172842426f,0f,0f,0f,1f], start_interpolation: 0, interpolation_duration: 1 }
$data merge entity $(bone_leftarm) { transformation: [-0.9975487677125213f,-0.006904854889685265f,-0.06963317466683994f,0.37470256924433065f,-0.012373010016536925f,0.9968447783599217f,0.07840533451040954f,1.3125f,0.06887208910989218f,0.07907471679058313f,-0.9944867140923142f,-0.8886310585516675f,0f,0f,0f,1f], start_interpolation: 0, interpolation_duration: 1 }
$data merge entity $(text_display_text) { transformation: [-2f,0f,7.347880794884119e-16f,6.888638245203862e-17f,0f,2f,0f,2.841850539834649f,-7.347880794884119e-16f,0f,-2f,-0.5625f,0f,0f,0f,1f], start_interpolation: 0, interpolation_duration: 1 }
data modify entity @s data merge value {"locators":{},"cameras":{"camera":{"posx":-0.9999999999999996,"posy":1.3244791666666667,"posz":-3.25,"roty":342.4146470374749,"rotx":0.8349329339433541}}}