# This file was generated by Animated Java via MC-Build. It is not recommended to edit this file directly.
$data merge entity $(bone_left_eye) { transformation: [-0.9987217460573858f,0.004120432767481034f,-0.050377534535695545f,0.20151148952784603f,0.0015125185580501f,0.998661705780129f,0.051696321880135274f,1.7126145857225745f,0.050523125791048173f,0.05155404389697928f,-0.9973913947484059f,0.6606255345723101f,0f,0f,0f,1f], start_interpolation: 0, interpolation_duration: 1 }
$data merge entity $(bone_right_eye) { transformation: [-0.9987217460573858f,0.004120432767481034f,-0.050377534535695545f,-0.04816894698650043f,0.0015125185580501f,0.998661705780129f,0.051696321880135274f,1.712992715362087f,0.050523125791048173f,0.05155404389697928f,-0.9973913947484059f,0.6732563160200721f,0f,0f,0f,1f], start_interpolation: 0, interpolation_duration: 1 }
$data merge entity $(bone_right_close) { transformation: [-0.9987217460573858f,0.004120432767481034f,-0.050377534535695545f,-0.04791141993853286f,0.0015125185580501f,0.998661705780129f,0.051696321880135274f,1.775409071973345f,0.050523125791048173f,0.05155404389697928f,-0.9973913947484059f,0.6764784437636333f,0f,0f,0f,1f], start_interpolation: 0, interpolation_duration: 1 }
$data merge entity $(bone_left_close) { transformation: [-0.9987217460573858f,0.004120432767481034f,-0.050377534535695545f,0.2017690165758136f,0.0015125185580501f,0.998661705780129f,0.051696321880135274f,1.7750309423338326f,0.050523125791048173f,0.05155404389697928f,-0.9973913947484059f,0.6638476623158713f,0f,0f,0f,1f], start_interpolation: 0, interpolation_duration: 1 }
$data merge entity $(bone_left_eyebrow) { transformation: [-0.9987217460573858f,0.004120432767481034f,-0.050377534535695545f,0.20166915435253505f,0.0015125185580501f,0.998661705780129f,0.051696321880135274f,1.7500611686692118f,0.050523125791048173f,0.05155404389697928f,-0.9973913947484059f,0.6626211481806186f,0f,0f,0f,1f], start_interpolation: 0, interpolation_duration: 1 }
$data merge entity $(bone_right_eyebrow) { transformation: [-0.9987217460573858f,0.004120432767481034f,-0.050377534535695545f,-0.048011282161811414f,0.0015125185580501f,0.998661705780129f,0.051696321880135274f,1.7504392983087245f,0.050523125791048173f,0.05155404389697928f,-0.9973913947484059f,0.6752519296283805f,0f,0f,0f,1f], start_interpolation: 0, interpolation_duration: 1 }
$data merge entity $(bone_talking) { transformation: [-0.9987217460573858f,0.004120432767481034f,-0.050377534535695545f,0.059898183536397684f,0.0015125185580501f,0.998661705780129f,0.051696321880135274f,1.4792933246848408f,0.050523125791048173f,0.05155404389697928f,-0.9973913947484059f,0.34236760346306944f,0f,0f,0f,1f], start_interpolation: 0, interpolation_duration: 1 }
$data merge entity $(bone_m_opened) { transformation: [-0.9987217460573858f,0.004120432767481034f,-0.050377534535695545f,0.059898183536397684f,0.0015125185580501f,0.998661705780129f,0.051696321880135274f,1.4792933246848408f,0.050523125791048173f,0.05155404389697928f,-0.9973913947484059f,0.34236760346306944f,0f,0f,0f,1f], start_interpolation: 0, interpolation_duration: 1 }
$data merge entity $(bone_head) { transformation: [-0.9987217460573858f,0.004120432767481034f,-0.050377534535695545f,0.06304677944487866f,0.0015125185580501f,0.998661705780129f,0.051696321880135274f,1.4760623045673322f,0.050523125791048173f,0.05155404389697928f,-0.9973913947484059f,0.4047045656348448f,0f,0f,0f,1f], start_interpolation: 0, interpolation_duration: 1 }
$data merge entity $(item_display_r_item) { transformation: [-0.3811432607969063f,-0.17029867842547727f,-0.13089852892846948f,-0.08473199072221604f,-0.08204540498288627f,-0.13097435721869963f,0.4092927061069408f,0.7351343009756439f,-0.19850596028909476f,0.38111721015677624f,0.08216633040376095f,0.26467566795398273f,0f,0f,0f,1f], start_interpolation: 0, interpolation_duration: 1 }
$data merge entity $(bone_rightarm) { transformation: [-0.8711845961072144f,-0.29919663755078746f,0.3892541221153766f,-0.22307312392703615f,-0.1875323542465972f,0.9355261853872932f,0.2993699593570279f,1.3572594117623307f,-0.45372790923221656f,0.18780875520859663f,-0.8711250517869171f,0.27316550848599097f,0f,0f,0f,1f], start_interpolation: 0, interpolation_duration: 1 }
$data merge entity $(item_display_l_item) { transformation: [-0.400440282850209f,-0.17568290982102786f,-0.013760271351292479f,0.31844683641195803f,0.008486572560427102f,-0.05334849099407789f,0.43415223896097943f,0.7096758264477276f,-0.1760164991045476f,0.39710918360757086f,0.052237327051710865f,0.5634526638779207f,0f,0f,0f,1f], start_interpolation: 0, interpolation_duration: 1 }
$data merge entity $(bone_leftarm) { transformation: [-0.915292075086192f,-0.031452048802954324f,0.40156093673377796f,0.34898442300183385f,0.01939788013811909f,0.992347974767953f,0.12193940798646397f,1.3451357366760062f,-0.4023234265246803f,0.11939960468962504f,-0.907678133960162f,0.5246176500639161f,0f,0f,0f,1f], start_interpolation: 0, interpolation_duration: 1 }
$data merge entity $(bone_body) { transformation: [-0.915292075086192f,0.0007290392598382813f,0.4027901262272578f,0.062499999999999944f,0.01939788013811909f,0.9989178427853111f,0.04227133320925128f,0.7268739224783489f,-0.4023234265246803f,0.046503890879129664f,-0.9143157269797684f,0.36982664747549754f,0f,0f,0f,1f], start_interpolation: 0, interpolation_duration: 1 }
$data merge entity $(bone_leftleg) { transformation: [-1f,-1.4924690131530332e-17f,1.2155184676135686e-16f,0.18749999999999994f,0f,0.9925461516413221f,0.12186934340514737f,0.784375f,-1.2246467991473532e-16f,0.12186934340514737f,-0.9925461516413221f,0.36982664747549754f,0f,0f,0f,1f], start_interpolation: 0, interpolation_duration: 1 }
$data merge entity $(bone_rightleg) { transformation: [-1f,1.4924690131530332e-17f,1.2155184676135686e-16f,-0.06250000000000006f,0f,0.9925461516413221f,-0.12186934340514737f,0.8f,-1.2246467991473532e-16f,-0.12186934340514737f,-0.9925461516413221f,0.36982664747549754f,0f,0f,0f,1f], start_interpolation: 0, interpolation_duration: 1 }
data modify entity @s data merge value {"locators":{},"cameras":{"camera":{"posx":-2.887115384615385,"posy":1.375,"posz":2.3749999999999996,"roty":251.0526315789474,"rotx":0}}}