# This file was generated by Animated Java via MC-Build. It is not recommended to edit this file directly.
$data merge entity $(bone_left_eye) { transformation: [-0.9999726548534753f,0.005192467475981323f,0.0052657218691862795f,0.18806155045081654f,0.00551915977908635f,0.9979312610344979f,0.06405261216710606f,1.6925912183959861f,-0.004922237359744619f,0.06407992299938932f,-0.9979326305155908f,0.7014032364929588f,0f,0f,0f,1f], start_interpolation: 0, interpolation_duration: 1 }
$data merge entity $(bone_right_eye) { transformation: [-0.9999726548534753f,0.005192467475981323f,0.0052657218691862795f,-0.06193161326255228f,0.00551915977908635f,0.9979312610344979f,0.06405261216710606f,1.6939710083407575f,-0.004922237359744619f,0.06407992299938932f,-0.9979326305155908f,0.7001726771530226f,0f,0f,0f,1f], start_interpolation: 0, interpolation_duration: 1 }
$data merge entity $(bone_right_close) { transformation: [-0.9999726548534753f,0.005192467475981323f,0.0052657218691862795f,-0.06160708404530345f,0.00551915977908635f,0.9979312610344979f,0.06405261216710606f,1.7563417121554137f,-0.004922237359744619f,0.06407992299938932f,-0.9979326305155908f,0.7041776723404845f,0f,0f,0f,1f], start_interpolation: 0, interpolation_duration: 1 }
$data merge entity $(bone_left_close) { transformation: [-0.9999726548534753f,0.005192467475981323f,0.0052657218691862795f,0.18838607966806536f,0.00551915977908635f,0.9979312610344979f,0.06405261216710606f,1.7549619222106423f,-0.004922237359744619f,0.06407992299938932f,-0.9979326305155908f,0.7054082316804207f,0f,0f,0f,1f], start_interpolation: 0, interpolation_duration: 1 }
$data merge entity $(bone_left_eyebrow) { transformation: [-0.9999726548534753f,0.005192467475981323f,0.0052657218691862795f,0.18825593887354902f,0.00551915977908635f,0.9979312610344979f,0.06405261216710606f,1.7300096373965193f,-0.004922237359744619f,0.06407992299938932f,-0.9979326305155908f,0.7038686043948431f,0f,0f,0f,1f], start_interpolation: 0, interpolation_duration: 1 }
$data merge entity $(bone_right_eyebrow) { transformation: [-0.9999726548534753f,0.005192467475981323f,0.0052657218691862795f,-0.06173722483981982f,0.00551915977908635f,0.9979312610344979f,0.06405261216710606f,1.7313894273412909f,-0.004922237359744619f,0.06407992299938932f,-0.9979326305155908f,0.702638045054907f,0f,0f,0f,1f], start_interpolation: 0, interpolation_duration: 1 }
$data merge entity $(bone_talking) { transformation: [-0.9999726548534753f,0.005192467475981323f,0.0052657218691862795f,0.06341238980925751f,0.00551915977908635f,0.9979312610344979f,0.06405261216710606f,1.463814739411968f,-0.004922237359744619f,0.06407992299938932f,-0.9979326305155908f,0.37291402903702126f,0f,0f,0f,1f], start_interpolation: 0, interpolation_duration: 1 }
$data merge entity $(bone_m_opened) { transformation: [-0.9999726548534753f,0.005192467475981323f,0.0052657218691862795f,0.06341238980925751f,0.00551915977908635f,0.9979312610344979f,0.06405261216710606f,1.463814739411968f,-0.004922237359744619f,0.06407992299938932f,-0.9979326305155908f,0.37291402903702126f,0f,0f,0f,1f], start_interpolation: 0, interpolation_duration: 1 }
$data merge entity $(bone_head) { transformation: [-0.9999726548534753f,0.005192467475981323f,0.0052657218691862795f,0.06308328219243337f,0.00551915977908635f,0.9979312610344979f,0.06405261216710606f,1.4598114511515239f,-0.004922237359744619f,0.06407992299938932f,-0.9979326305155908f,0.43528481844424566f,0f,0f,0f,1f], start_interpolation: 0, interpolation_duration: 1 }
$data merge entity $(item_display_r_item) { transformation: [-0.3852994014701495f,-0.16182593537565856f,-0.12947195783851315f,-0.08699650133921316f,-0.08239614995173447f,-0.13117391321129002f,0.40915831772795264f,0.7187535464447755f,-0.1901617619288269f,0.38472330463936044f,0.08504547705489127f,0.2984264827429825f,0f,0f,0f,1f], start_interpolation: 0, interpolation_duration: 1 }
$data merge entity $(bone_rightarm) { transformation: [-0.8806843462174846f,-0.2959359036308873f,0.36988785228721954f,-0.22572045957261527f,-0.18833405703253592f,0.9352190119496059f,0.29982608734009164f,1.3407436898307907f,-0.4346554558373186f,0.19438966183975165f,-0.8793675534613953f,0.30999907721015285f,0f,0f,0f,1f], start_interpolation: 0, interpolation_duration: 1 }
$data merge entity $(item_display_l_item) { transformation: [-0.4041891392928336f,-0.16683582745181624f,-0.014254695934538273f,0.32438906862311145f,0.00811505466461075f,-0.05671883312242657f,0.4337319101207804f,0.6933283592452529f,-0.16724692991355244f,0.4004435423972999f,0.0554948987456789f,0.5840572767063434f,0f,0f,0f,1f], start_interpolation: 0, interpolation_duration: 1 }
$data merge entity $(bone_leftarm) { transformation: [-0.9238608898121912f,-0.03258216213608756f,0.38133903417557996f,0.35169259656000423f,0.018548696376253143f,0.9913872231332123f,0.12964304713697525f,1.3291507545956325f,-0.38227869694526273f,0.12684548284726627f,-0.9152995254795426f,0.5489232628009421f,0f,0f,0f,1f], start_interpolation: 0, interpolation_duration: 1 }
$data merge entity $(bone_body) { transformation: [-0.9238608898121912f,0.0007777095899112249f,0.3827276465624351f,0.06249999999999995f,0.018548696376253143f,0.998913831506497f,0.04274462641959955f,0.710626077521651f,-0.38227869694526273f,0.04658918750958547f,-0.9228718467203497f,0.40034292781205655f,0f,0f,0f,1f], start_interpolation: 0, interpolation_duration: 1 }
$data merge entity $(bone_leftleg) { transformation: [-1f,-1.9157696688784695e-17f,1.2095693648649962e-16f,0.18749999999999994f,0f,0.9876883405951378f,0.15643446504023062f,0.7875f,-1.2246467991473532e-16f,0.15643446504023062f,-0.9876883405951378f,0.40034292781205655f,0f,0f,0f,1f], start_interpolation: 0, interpolation_duration: 1 }
$data merge entity $(bone_rightleg) { transformation: [-1f,1.9157696688784695e-17f,1.2095693648649962e-16f,-0.06250000000000006f,0f,0.9876883405951378f,-0.15643446504023062f,0.7875000000000001f,-1.2246467991473532e-16f,-0.15643446504023062f,-0.9876883405951378f,0.40034292781205655f,0f,0f,0f,1f], start_interpolation: 0, interpolation_duration: 1 }
data modify entity @s data merge value {"locators":{},"cameras":{"camera":{"posx":-2.896442307692308,"posy":1.375,"posz":2.3749999999999996,"roty":251.1842105263158,"rotx":0}}}