# This file was generated by Animated Java via MC-Build. It is not recommended to edit this file directly.
$data merge entity $(bone_left_eye) { transformation: [-0.9974293178440314f,0.0028307333599279453f,0.07160127690087031f,0.1706012786541728f,0.008610504276634994f,0.9967139925164534f,0.08054238845485957f,1.6744222247965914f,-0.07113800054325514f,0.08095186267502705f,-0.9941761316829888f,0.7435854562427184f,0f,0f,0f,1f], start_interpolation: 0, interpolation_duration: 1 }
$data merge entity $(bone_right_eye) { transformation: [-0.9974293178440314f,0.0028307333599279453f,0.07160127690087031f,-0.07875605080683508f,0.008610504276634994f,0.9967139925164534f,0.08054238845485957f,1.6765748508657503f,-0.07113800054325514f,0.08095186267502705f,-0.9941761316829888f,0.7258009561069045f,0f,0f,0f,1f], start_interpolation: 0, interpolation_duration: 1 }
$data merge entity $(bone_right_close) { transformation: [-0.9974293178440314f,0.0028307333599279453f,0.07160127690087031f,-0.07857912997183958f,0.008610504276634994f,0.9967139925164534f,0.08054238845485957f,1.7388694753980287f,-0.07113800054325514f,0.08095186267502705f,-0.9941761316829888f,0.7308604475240938f,0f,0f,0f,1f], start_interpolation: 0, interpolation_duration: 1 }
$data merge entity $(bone_left_close) { transformation: [-0.9974293178440314f,0.0028307333599279453f,0.07160127690087031f,0.17077819948916828f,0.008610504276634994f,0.9967139925164534f,0.08054238845485957f,1.7367168493288698f,-0.07113800054325514f,0.08095186267502705f,-0.9941761316829888f,0.7486449476599077f,0f,0f,0f,1f], start_interpolation: 0, interpolation_duration: 1 }
$data merge entity $(bone_left_eyebrow) { transformation: [-0.9974293178440314f,0.0028307333599279453f,0.07160127690087031f,0.17070295607536376f,0.008610504276634994f,0.9967139925164534f,0.08054238845485957f,1.7117939656166803f,-0.07113800054325514f,0.08095186267502705f,-0.9941761316829888f,0.7466832871012622f,0f,0f,0f,1f], start_interpolation: 0, interpolation_duration: 1 }
$data merge entity $(bone_right_eyebrow) { transformation: [-0.9974293178440314f,0.0028307333599279453f,0.07160127690087031f,-0.0786543733856441f,0.008610504276634994f,0.9967139925164534f,0.08054238845485957f,1.713946591685839f,-0.07113800054325514f,0.08095186267502705f,-0.9941761316829888f,0.7288987869654484f,0f,0f,0f,1f], start_interpolation: 0, interpolation_duration: 1 }
$data merge entity $(bone_talking) { transformation: [-0.9974293178440314f,0.0028307333599279453f,0.07160127690087031f,0.06759032961520883f,0.008610504276634994f,0.9967139925164534f,0.08054238845485957f,1.451489536094201f,-0.07113800054325514f,0.08095186267502705f,-0.9941761316829888f,0.4037751993551208f,0f,0f,0f,1f], start_interpolation: 0, interpolation_duration: 1 }
$data merge entity $(bone_m_opened) { transformation: [-0.9974293178440314f,0.0028307333599279453f,0.07160127690087031f,0.06759032961520883f,0.008610504276634994f,0.9967139925164534f,0.08054238845485957f,1.451489536094201f,-0.07113800054325514f,0.08095186267502705f,-0.9941761316829888f,0.4037751993551208f,0f,0f,0f,1f], start_interpolation: 0, interpolation_duration: 1 }
$data merge entity $(bone_head) { transformation: [-0.9974293178440314f,0.0028307333599279453f,0.07160127690087031f,0.06311524980890444f,0.008610504276634994f,0.9967139925164534f,0.08054238845485957f,1.4464556368157724f,-0.07113800054325514f,0.08095186267502705f,-0.9941761316829888f,0.4659112075853076f,0f,0f,0f,1f], start_interpolation: 0, interpolation_duration: 1 }
$data merge entity $(item_display_r_item) { transformation: [-0.3892717401301122f,-0.15327533079976646f,-0.12798607464992656f,-0.08918993189072066f,-0.08275973377234394f,-0.13135618642274102f,0.409026440165431f,0.705260451620332f,-0.18172668709357237f,0.3881474916274692f,0.08788165873092389f,0.3322931224518856f,0f,0f,0f,1f], start_interpolation: 0, interpolation_duration: 1 }
$data merge entity $(bone_rightarm) { transformation: [-0.8897639774402564f,-0.2925395991998322f,0.350343613256609f,-0.22823422973353963f,-0.18916510576535758f,0.934917577520985f,0.3002427118234082f,1.3271142765488737f,-0.4153752847853083f,0.2008723628135405f,-0.8871942665770725f,0.3469390658882144f,0f,0f,0f,1f], start_interpolation: 0, interpolation_duration: 1 }
$data merge entity $(item_display_l_item) { transformation: [-0.40774571307067736f,-0.15793848469914193f,-0.01432195948268893f,0.32959430685722885f,0.007731545690500278f,-0.05926120990934572f,0.43339887194282845f,0.6799961913843054f,-0.15839793771927893f,0.40367040274340077f,0.0580219723489304f,0.6056677029153981f,0f,0f,0f,1f], start_interpolation: 0, interpolation_duration: 1 }
$data merge entity $(bone_leftarm) { transformation: [-0.9319902013044054f,-0.032735907389003345f,0.3610022507408958f,0.35425964608171373f,0.017672104435429208f,0.9906259930121792f,0.13545419407850473f,1.3160692112767305f,-0.36205242907263757f,0.1326216510832697f,-0.9226752062706304f,0.5732218340586128f,0f,0f,0f,1f], start_interpolation: 0, interpolation_duration: 1 }
$data merge entity $(bone_body) { transformation: [-0.9319902013044054f,0.0008203330785393354f,0.36248253989152945f,0.062499999999999944f,0.017672104435429208f,0.9989111432237635f,0.04317666809999605f,0.6972722793979499f,-0.36205242907263757f,0.04664606089515156f,-0.9309898944701648f,0.4309266619139439f,0f,0f,0f,1f], start_interpolation: 0, interpolation_duration: 1 }
$data merge entity $(bone_leftleg) { transformation: [-1f,-2.3367362543640727e-17f,1.2021465881652135e-16f,0.18749999999999994f,0f,0.981627183447664f,0.19080899537654444f,0.7906249999999999f,-1.2246467991473532e-16f,0.19080899537654444f,-0.981627183447664f,0.4309266619139439f,0f,0f,0f,1f], start_interpolation: 0, interpolation_duration: 1 }
$data merge entity $(bone_rightleg) { transformation: [-1f,2.3367362543640727e-17f,1.2021465881652135e-16f,-0.06250000000000006f,0f,0.981627183447664f,-0.19080899537654444f,0.7750000000000001f,-1.2246467991473532e-16f,-0.19080899537654444f,-0.981627183447664f,0.4309266619139439f,0f,0f,0f,1f], start_interpolation: 0, interpolation_duration: 1 }
data modify entity @s data merge value {"locators":{},"cameras":{"camera":{"posx":-2.905769230769231,"posy":1.375,"posz":2.3749999999999996,"roty":251.31578947368425,"rotx":0}}}