# This file was generated by Animated Java via MC-Build. It is not recommended to edit this file directly.
$data merge entity $(bone_left_eye) { transformation: [-0.9901246699414508f,-0.0031027254588609793f,0.14015531052393296f,0.15109324261127546f,0.010811832773636407f,0.9950873184611795f,0.09840900827573631f,1.6617275502908657f,-0.13977210825271275f,0.09895252261800076f,-0.9852269566054951f,0.7850964573541478f,0f,0f,0f,1f], start_interpolation: 0, interpolation_duration: 1 }
$data merge entity $(bone_right_eye) { transformation: [-0.9901246699414508f,-0.0031027254588609793f,0.14015531052393296f,-0.09643792487408723f,0.010811832773636407f,0.9950873184611795f,0.09840900827573631f,1.664430508484275f,-0.13977210825271275f,0.09895252261800076f,-0.9852269566054951f,0.7501534302909697f,0f,0f,0f,1f], start_interpolation: 0, interpolation_duration: 1 }
$data merge entity $(bone_right_close) { transformation: [-0.9901246699414508f,-0.0031027254588609793f,0.14015531052393296f,-0.09663184521526604f,0.010811832773636407f,0.9950873184611795f,0.09840900827573631f,1.7266234658880988f,-0.13977210825271275f,0.09895252261800076f,-0.9852269566054951f,0.7563379629545948f,0f,0f,0f,1f], start_interpolation: 0, interpolation_duration: 1 }
$data merge entity $(bone_left_close) { transformation: [-0.9901246699414508f,-0.0031027254588609793f,0.14015531052393296f,0.15089932227009667f,0.010811832773636407f,0.9950873184611795f,0.09840900827573631f,1.7239205076946895f,-0.13977210825271275f,0.09895252261800076f,-0.9852269566054951f,0.7912809900177729f,0f,0f,0f,1f], start_interpolation: 0, interpolation_duration: 1 }
$data merge entity $(bone_left_eyebrow) { transformation: [-0.9901246699414508f,-0.0031027254588609793f,0.14015531052393296f,0.15096813069966042f,0.010811832773636407f,0.9950873184611795f,0.09840900827573631f,1.6990371741701429f,-0.13977210825271275f,0.09895252261800076f,-0.9852269566054951f,0.7888687536371108f,0f,0f,0f,1f], start_interpolation: 0, interpolation_duration: 1 }
$data merge entity $(bone_right_eyebrow) { transformation: [-0.9901246699414508f,-0.0031027254588609793f,0.14015531052393296f,-0.09656303678570227f,0.010811832773636407f,0.9950873184611795f,0.09840900827573631f,1.701740132363552f,-0.13977210825271275f,0.09895252261800076f,-0.9852269566054951f,0.7539257265739326f,0f,0f,0f,1f], start_interpolation: 0, interpolation_duration: 1 }
$data merge entity $(bone_talking) { transformation: [-0.9901246699414508f,-0.0031027254588609793f,0.14015531052393296f,0.07190187477203842f,0.010811832773636407f,0.9950873184611795f,0.09840900827573631f,1.4450600148584432f,-0.13977210825271275f,0.09895252261800076f,-0.9852269566054951f,0.43500338922884135f,0f,0f,0f,1f], start_interpolation: 0, interpolation_duration: 1 }
$data merge entity $(bone_m_opened) { transformation: [-0.9901246699414508f,-0.0031027254588609793f,0.14015531052393296f,0.07190187477203842f,0.010811832773636407f,0.9950873184611795f,0.09840900827573631f,1.4450600148584432f,-0.13977210825271275f,0.09895252261800076f,-0.9852269566054951f,0.43500338922884135f,0f,0f,0f,1f], start_interpolation: 0, interpolation_duration: 1 }
$data merge entity $(bone_head) { transformation: [-0.9901246699414508f,-0.0031027254588609793f,0.14015531052393296f,0.06314216786429261f,0.010811832773636407f,0.9950873184611795f,0.09840900827573631f,1.4389094518412096f,-0.13977210825271275f,0.09895252261800076f,-0.9852269566054951f,0.4965800740166848f,0f,0f,0f,1f], start_interpolation: 0, interpolation_duration: 1 }
$data merge entity $(item_display_r_item) { transformation: [-0.39305830739141695f,-0.14465086658727871f,-0.1264418593114785f,-0.09131123267926947f,-0.08313557692005524f,-0.1315208459295176f,0.408897288981174f,0.6975698318549357f,-0.17320477141454274f,0.391388098799048f,0.0906736636389124f,0.36627014153524085f,0f,0f,0f,1f], start_interpolation: 0, interpolation_duration: 1 }
$data merge entity $(bone_rightarm) { transformation: [-0.8984189883232387f,-0.2890099641405223f,0.33063055219949417f,-0.23061364124215916f,-0.19002417581726913f,0.9346223748141118f,0.30061907641032615f,1.3192862006650463f,-0.3958966203760977f,0.20725408831751424f,-0.8946013686835383f,0.38397877564824495f,0f,0f,0f,1f], start_interpolation: 0, interpolation_duration: 1 }
$data merge entity $(item_display_l_item) { transformation: [-0.41110829358069756f,-0.14898102888532153f,-0.014173001849924717f,0.3343650582629237f,0.007336658081842456f,-0.06144745346302853f,0.4331011820707709f,0.6725328708861618f,-0.14947372477247334f,0.4067371552921862f,0.06023904138897757f,0.627667510565292f,0f,0f,0f,1f], start_interpolation: 0, interpolation_duration: 1 }
$data merge entity $(bone_leftarm) { transformation: [-0.939676099613023f,-0.032395432799828f,0.34052806602359204f,0.3566839210159802f,0.01676950418706847f,0.9899455590189049f,0.1404513222012083f,1.3088052605481284f,-0.34165422805136764f,0.13768923746052036f,-0.9296849263821398f,0.5975126681803498f,0f,0f,0f,1f], start_interpolation: 0, interpolation_duration: 1 }
$data merge entity $(bone_body) { transformation: [-0.939676099613023f,0.0008562238190568944f,0.3420644598563664f,0.062499999999999944f,0.01676950418706847f,0.998909769876977f,0.043566677330784634f,0.6897271244334767f,-0.34165422805136764f,0.04667481681909946f,-0.938665994872259f,0.4615739614023602f,0f,0f,0f,1f], start_interpolation: 0, interpolation_duration: 1 }
$data merge entity $(bone_leftleg) { transformation: [-1f,-2.754855886670367e-17f,1.1932591810242374e-16f,0.18749999999999994f,0f,0.9743700647852352f,0.2249510543438651f,0.79375f,-1.2246467991473532e-16f,0.2249510543438651f,-0.9743700647852352f,0.4615739614023602f,0f,0f,0f,1f], start_interpolation: 0, interpolation_duration: 1 }
$data merge entity $(bone_rightleg) { transformation: [-1f,2.754855886670367e-17f,1.1932591810242374e-16f,-0.06250000000000006f,0f,0.9743700647852352f,-0.2249510543438651f,0.7625f,-1.2246467991473532e-16f,-0.2249510543438651f,-0.9743700647852352f,0.4615739614023602f,0f,0f,0f,1f], start_interpolation: 0, interpolation_duration: 1 }
data modify entity @s data merge value {"locators":{},"cameras":{"camera":{"posx":-2.9150961538461546,"posy":1.375,"posz":2.3749999999999996,"roty":251.44736842105263,"rotx":0}}}