# This file was generated by Animated Java via MC-Build. It is not recommended to edit this file directly.
$data merge entity $(bone_left_eye) { transformation: [-0.9791942884614806f,-0.011330106198490947f,0.2026084256341423f,0.13207818288413023f,0.012266198144031883f,0.9933095559784345f,0.11482885693507834f,1.6547691751269544f,-0.2025539084478653f,0.11492499595586791f,-0.9725040665606688f,0.8244641866046843f,0f,0f,0f,1f], start_interpolation: 0, interpolation_duration: 1 }
$data merge entity $(bone_right_eye) { transformation: [-0.9791942884614806f,-0.011330106198490947f,0.2026084256341423f,-0.11272038923123992f,0.012266198144031883f,0.9933095559784345f,0.11482885693507834f,1.6578357246629623f,-0.2025539084478653f,0.11492499595586791f,-0.9725040665606688f,0.773825709492718f,0f,0f,0f,1f], start_interpolation: 0, interpolation_duration: 1 }
$data merge entity $(bone_right_close) { transformation: [-0.9791942884614806f,-0.011330106198490947f,0.2026084256341423f,-0.1134285208686456f,0.012266198144031883f,0.9933095559784345f,0.11482885693507834f,1.7199175719116144f,-0.2025539084478653f,0.11492499595586791f,-0.9725040665606688f,0.7810085217399597f,0f,0f,0f,1f], start_interpolation: 0, interpolation_duration: 1 }
$data merge entity $(bone_left_close) { transformation: [-0.9791942884614806f,-0.011330106198490947f,0.2026084256341423f,0.13137005124672455f,0.012266198144031883f,0.9933095559784345f,0.11482885693507834f,1.7168510223756066f,-0.2025539084478653f,0.11492499595586791f,-0.9725040665606688f,0.8316469988519261f,0f,0f,0f,1f], start_interpolation: 0, interpolation_duration: 1 }
$data merge entity $(bone_left_eyebrow) { transformation: [-0.9791942884614806f,-0.011330106198490947f,0.2026084256341423f,0.13164064087508467f,0.012266198144031883f,0.9933095559784345f,0.11482885693507834f,1.6920111066725871f,-0.2025539084478653f,0.11492499595586791f,-0.9725040665606688f,0.8288346554571895f,0f,0f,0f,1f], start_interpolation: 0, interpolation_duration: 1 }
$data merge entity $(bone_right_eyebrow) { transformation: [-0.9791942884614806f,-0.011330106198490947f,0.2026084256341423f,-0.11315793124028548f,0.012266198144031883f,0.9933095559784345f,0.11482885693507834f,1.6950776562085952f,-0.2025539084478653f,0.11492499595586791f,-0.9725040665606688f,0.7781961783452231f,0f,0f,0f,1f], start_interpolation: 0, interpolation_duration: 1 }
$data merge entity $(bone_talking) { transformation: [-0.9791942884614806f,-0.011330106198490947f,0.2026084256341423f,0.07582655638673735f,0.012266198144031883f,0.9933095559784345f,0.11482885693507834f,1.4438590786925616f,-0.2025539084478653f,0.11492499595586791f,-0.9725040665606688f,0.46650617825952523f,0f,0f,0f,1f], start_interpolation: 0, interpolation_duration: 1 }
$data merge entity $(bone_m_opened) { transformation: [-0.9791942884614806f,-0.011330106198490947f,0.2026084256341423f,0.07582655638673735f,0.012266198144031883f,0.9933095559784345f,0.11482885693507834f,1.4438590786925616f,-0.2025539084478653f,0.11492499595586791f,-0.9725040665606688f,0.46650617825952523f,0f,0f,0f,1f], start_interpolation: 0, interpolation_duration: 1 }
$data merge entity $(bone_head) { transformation: [-0.9791942884614806f,-0.011330106198490947f,0.2026084256341423f,0.06316352978460346f,0.012266198144031883f,0.9933095559784345f,0.11482885693507834f,1.4366822751341193f,-0.2025539084478653f,0.11492499595586791f,-0.9725040665606688f,0.527287682419567f,0f,0f,0f,1f], start_interpolation: 0, interpolation_duration: 1 }
$data merge entity $(item_display_r_item) { transformation: [-0.3966572238043348f,-0.13595658152756698f,-0.1248403169780335f,-0.0933593886087061f,-0.08352308967299234f,-0.13166757797614756f,0.4087710757886037f,0.69519129876579f,-0.16460009202705547f,0.39444354076246846f,0.09342030215885487f,0.4003519837916227f,0f,0f,0f,1f], start_interpolation: 0, interpolation_duration: 1 }
$data merge entity $(bone_rightarm) { transformation: [-0.9066450829813367f,-0.2853492959497909f,0.31075790063443876f,-0.23285796099802059f,-0.1909099192525539f,0.9343338875168083f,0.3009544639454803f,1.3167692864569802f,-0.3762287817761268f,0.2135321192202399f,-0.9015852360284994f,0.4211114038007102f,0f,0f,0f,1f], start_interpolation: 0, interpolation_duration: 1 }
$data merge entity $(item_display_l_item) { transformation: [-0.4142752634792662f,-0.13996796797238842f,-0.013828377014856388f,0.33872782028718645f,0.006931013383299689f,-0.0632779096630935f,0.43284421816878865f,0.6704395529073988f,-0.1404785290450647f,0.4096475608255831f,0.06213621155964607f,0.6500711604443319f,0f,0f,0f,1f], start_interpolation: 0, interpolation_duration: 1 }
$data merge entity $(bone_leftarm) { transformation: [-0.9469148879526085f,-0.03160771889110039f,0.31992678393688784f,0.3589638439723597f,0.015842316304685f,0.9893582129572313f,0.14463522208707108f,1.3068678387665522f,-0.32109378067443356f,0.14202562642204836f,-0.9363372818870471f,0.6217950167222313f,0f,0f,0f,1f], start_interpolation: 0, interpolation_duration: 1 }
$data merge entity $(bone_body) { transformation: [-0.9469148879526085f,0.0008847063794713651f,0.32148314460997957f,0.06249999999999994f,0.015842316304685f,0.9989097001788259f,0.04391391468259982f,0.6875f,-0.32109378067443356f,0.0466757772647705f,-0.9458964826179069f,0.49228084947098916f,0f,0f,0f,1f], start_interpolation: 0, interpolation_duration: 1 }
$data merge entity $(bone_leftleg) { transformation: [-1f,-3.169619151431765e-17f,1.1829179713786698e-16f,0.18749999999999994f,0f,0.9659258262890683f,0.25881904510252074f,0.796875f,-1.2246467991473532e-16f,0.25881904510252074f,-0.9659258262890683f,0.49228084947098916f,0f,0f,0f,1f], start_interpolation: 0, interpolation_duration: 1 }
$data merge entity $(bone_rightleg) { transformation: [-1f,3.169619151431765e-17f,1.1829179713786698e-16f,-0.06250000000000006f,0f,0.9659258262890683f,-0.25881904510252074f,0.75f,-1.2246467991473532e-16f,-0.25881904510252074f,-0.9659258262890683f,0.49228084947098916f,0f,0f,0f,1f], start_interpolation: 0, interpolation_duration: 1 }
data modify entity @s data merge value {"locators":{},"cameras":{"camera":{"posx":-2.9244230769230777,"posy":1.375,"posz":2.3749999999999996,"roty":251.5789473684211,"rotx":0}}}
execute on vehicle unless entity @s[tag=aj.transforms_only] at @s run function animated_java:humanentity/animations/000_mur_1/zzz/frames/zzz/12