# This file was generated by Animated Java via MC-Build. It is not recommended to edit this file directly.
$data merge entity $(bone_left_eye) { transformation: [-0.9677391251171733f,-0.019238597370316128f,0.2512187534573618f,0.11653189007658787f,0.013210931213759932f,0.9918343707696383f,0.1268465697465282f,1.6533532035838359f,-0.2516077443440744f,0.12607322210215147f,-0.9595827664432436f,0.8608951543949912f,0f,0f,0f,1f], start_interpolation: 0, interpolation_duration: 1 }
$data merge entity $(bone_right_eye) { transformation: [-0.9677391251171733f,-0.019238597370316128f,0.2512187534573618f,-0.12540289120270545f,0.013210931213759932f,0.9918343707696383f,0.1268465697465282f,1.6566559363872757f,-0.2516077443440744f,0.12607322210215147f,-0.9595827664432436f,0.7979932183089726f,0f,0f,0f,1f], start_interpolation: 0, interpolation_duration: 1 }
$data merge entity $(bone_right_close) { transformation: [-0.9677391251171733f,-0.019238597370316128f,0.2512187534573618f,-0.1266053035383502f,0.013210931213759932f,0.9918343707696383f,0.1268465697465282f,1.718645584560378f,-0.2516077443440744f,0.12607322210215147f,-0.9595827664432436f,0.805872794690357f,0f,0f,0f,1f], start_interpolation: 0, interpolation_duration: 1 }
$data merge entity $(bone_left_close) { transformation: [-0.9677391251171733f,-0.019238597370316128f,0.2512187534573618f,0.11532947774094311f,0.013210931213759932f,0.9918343707696383f,0.1268465697465282f,1.7153428517569382f,-0.2516077443440744f,0.12607322210215147f,-0.9595827664432436f,0.8687747307763756f,0f,0f,0f,1f], start_interpolation: 0, interpolation_duration: 1 }
$data merge entity $(bone_left_eyebrow) { transformation: [-0.9677391251171733f,-0.019238597370316128f,0.2512187534573618f,0.11579474150310994f,0.013210931213759932f,0.9918343707696383f,0.1268465697465282f,1.690539064577088f,-0.2516077443440744f,0.12607322210215147f,-0.9595827664432436f,0.8656828741467246f,0f,0f,0f,1f], start_interpolation: 0, interpolation_duration: 1 }
$data merge entity $(bone_right_eyebrow) { transformation: [-0.9677391251171733f,-0.019238597370316128f,0.2512187534573618f,-0.12614003977618338f,0.013210931213759932f,0.9918343707696383f,0.1268465697465282f,1.693841797380528f,-0.2516077443440744f,0.12607322210215147f,-0.9595827664432436f,0.802780938060706f,0f,0f,0f,1f], start_interpolation: 0, interpolation_duration: 1 }
$data merge entity $(bone_talking) { transformation: [-0.9677391251171733f,-0.019238597370316128f,0.2512187534573618f,0.0788800092349458f,0.013210931213759932f,0.9918343707696383f,0.1268465697465282f,1.4466855303389363f,-0.2516077443440744f,0.12607322210215147f,-0.9595827664432436f,0.4980562663129304f,0f,0f,0f,1f], start_interpolation: 0, interpolation_duration: 1 }
$data merge entity $(bone_m_opened) { transformation: [-0.9677391251171733f,-0.019238597370316128f,0.2512187534573618f,0.0788800092349458f,0.013210931213759932f,0.9918343707696383f,0.1268465697465282f,1.4466855303389363f,-0.2516077443440744f,0.12607322210215147f,-0.9595827664432436f,0.4980562663129304f,0f,0f,0f,1f], start_interpolation: 0, interpolation_duration: 1 }
$data merge entity $(bone_head) { transformation: [-0.9677391251171733f,-0.019238597370316128f,0.2512187534573618f,0.06317883714386069f,0.013210931213759932f,0.9918343707696383f,0.1268465697465282f,1.4387576197297782f,-0.2516077443440744f,0.12607322210215147f,-0.9595827664432436f,0.5580301892156331f,0f,0f,0f,1f], start_interpolation: 0, interpolation_duration: 1 }
$data merge entity $(item_display_r_item) { transformation: [-0.39469392763786626f,-0.1511649869062709f,-0.11301371695250868f,-0.1167083454697161f,-0.07937861892310157f,-0.10472183476590032f,0.41729919983283514f,0.6924852606036088f,-0.17123664427819127f,0.3969744753216388f,0.0670486957326819f,0.4759674409496453f,0f,0f,0f,1f], start_interpolation: 0, interpolation_duration: 1 }
$data merge entity $(bone_rightarm) { transformation: [-0.9021575488865514f,-0.2583170673200199f,0.3455199700714763f,-0.234966516285794f,-0.18143684325280357f,0.9538267424750517f,0.2393641937506295f,1.3185474988693449f,-0.3913980440644372f,0.15325416167470168f,-0.907370229306603f,0.4583300133330085f,0f,0f,0f,1f], start_interpolation: 0, interpolation_duration: 1 }
$data merge entity $(item_display_l_item) { transformation: [-0.4172450994679491f,-0.13090319917032553f,-0.01330899759393519f,0.3427098511825191f,0.006515241737167487f,-0.06475286665832106f,0.4326324859330792f,0.6726927831523293f,-0.1314166222176158f,0.4124047389476796f,0.06370441663188403f,0.6728916610119622f,0f,0f,0f,1f], start_interpolation: 0, interpolation_duration: 1 }
$data merge entity $(bone_leftarm) { transformation: [-0.9537030844981693f,-0.030420565928994787f,0.29920731238931547f,0.3610979115255618f,0.014891981113525686f,0.9888742535613239f,0.14800655236187693f,1.3092400106733912f,-0.3003808507831218f,0.1456100951585923f,-0.942639403308982f,0.6460680450724596f,0f,0f,0f,1f], start_interpolation: 0, interpolation_duration: 1 }
$data merge entity $(bone_body) { transformation: [-0.9537030844981693f,0.0009051161918143287f,0.3007484121044649f,0.06249999999999994f,0.014891981113525686f,0.9989109196672811f,0.044217682752279115f,0.6895744299793174f,-0.3003808507831218f,0.04664928010319263f,-0.952677904198823f,0.5230432291382386f,0f,0f,0f,1f], start_interpolation: 0, interpolation_duration: 1 }
$data merge entity $(bone_leftleg) { transformation: [-1f,-2.754855886670367e-17f,1.1932591810242374e-16f,0.18749999999999994f,0f,0.9743700647852352f,0.2249510543438651f,0.8f,-1.2246467991473532e-16f,0.2249510543438651f,-0.9743700647852352f,0.5230432291382386f,0f,0f,0f,1f], start_interpolation: 0, interpolation_duration: 1 }
$data merge entity $(bone_rightleg) { transformation: [-1f,2.754855886670367e-17f,1.1932591810242374e-16f,-0.06250000000000006f,0f,0.9743700647852352f,-0.2249510543438651f,0.75f,-1.2246467991473532e-16f,-0.2249510543438651f,-0.9743700647852352f,0.5230432291382386f,0f,0f,0f,1f], start_interpolation: 0, interpolation_duration: 1 }
data modify entity @s data merge value {"locators":{},"cameras":{"camera":{"posx":-2.9337500000000007,"posy":1.375,"posz":2.3749999999999996,"roty":251.71052631578948,"rotx":0}}}