# This file was generated by Animated Java via MC-Build. It is not recommended to edit this file directly.
$data merge entity $(bone_left_eye) { transformation: [-0.9600374240768271f,-0.023478980029373944f,0.2788850692825105f,0.10760126563114597f,0.013919957427012741f,0.9912357892113948f,0.13136911726769535f,1.658320196789355f,-0.2795252746303285f,0.13000133723636692f,-0.9512966273248297f,0.8940687576646063f,0f,0f,0f,1f], start_interpolation: 0, interpolation_duration: 1 }
$data merge entity $(bone_right_eye) { transformation: [-0.9600374240768271f,-0.023478980029373944f,0.2788850692825105f,-0.1324080903880608f,0.013919957427012741f,0.9912357892113948f,0.13136911726769535f,1.661800186146108f,-0.2795252746303285f,0.13000133723636692f,-0.9512966273248297f,0.8241874390070241f,0f,0f,0f,1f], start_interpolation: 0, interpolation_duration: 1 }
$data merge entity $(bone_right_close) { transformation: [-0.9600374240768271f,-0.023478980029373944f,0.2788850692825105f,-0.13387552663989669f,0.013919957427012741f,0.9912357892113948f,0.13136911726769535f,1.7237524229718202f,-0.2795252746303285f,0.13000133723636692f,-0.9512966273248297f,0.8323125225842969f,0f,0f,0f,1f], start_interpolation: 0, interpolation_duration: 1 }
$data merge entity $(bone_left_close) { transformation: [-0.9600374240768271f,-0.023478980029373944f,0.2788850692825105f,0.1061338293793101f,0.013919957427012741f,0.9912357892113948f,0.13136911726769535f,1.7202724336150672f,-0.2795252746303285f,0.13000133723636692f,-0.9512966273248297f,0.9021938412418791f,0f,0f,0f,1f], start_interpolation: 0, interpolation_duration: 1 }
$data merge entity $(bone_left_eyebrow) { transformation: [-0.9600374240768271f,-0.023478980029373944f,0.2788850692825105f,0.10670337356321428f,0.013919957427012741f,0.9912357892113948f,0.13136911726769535f,1.695483328314953f,-0.2795252746303285f,0.13000133723636692f,-0.9512966273248297f,0.8990032638501778f,0f,0f,0f,1f], start_interpolation: 0, interpolation_duration: 1 }
$data merge entity $(bone_right_eyebrow) { transformation: [-0.9600374240768271f,-0.023478980029373944f,0.2788850692825105f,-0.1333059824559925f,0.013919957427012741f,0.9912357892113948f,0.13136911726769535f,1.6989633176717063f,-0.2795252746303285f,0.13000133723636692f,-0.9512966273248297f,0.8291219451925956f,0f,0f,0f,1f], start_interpolation: 0, interpolation_duration: 1 }
$data merge entity $(bone_talking) { transformation: [-0.9600374240768271f,-0.023478980029373944f,0.2788850692825105f,0.08061791677967059f,0.013919957427012741f,0.9912357892113948f,0.13136911726769535f,1.4533040933110377f,-0.2795252746303285f,0.13000133723636692f,-0.9512966273248297f,0.5293475679877141f,0f,0f,0f,1f], start_interpolation: 0, interpolation_duration: 1 }
$data merge entity $(bone_m_opened) { transformation: [-0.9600374240768271f,-0.023478980029373944f,0.2788850692825105f,0.08061791677967059f,0.013919957427012741f,0.9912357892113948f,0.13136911726769535f,1.4533040933110377f,-0.2795252746303285f,0.13000133723636692f,-0.9512966273248297f,0.5293475679877141f,0f,0f,0f,1f], start_interpolation: 0, interpolation_duration: 1 }
$data merge entity $(bone_head) { transformation: [-0.9600374240768271f,-0.023478980029373944f,0.2788850692825105f,0.06318759994951369f,0.013919957427012741f,0.9912357892113948f,0.13136911726769535f,1.4450935234818068f,-0.2795252746303285f,0.13000133723636692f,-0.9512966273248297f,0.5888036071955159f,0f,0f,0f,1f], start_interpolation: 0, interpolation_duration: 1 }
$data merge entity $(item_display_r_item) { transformation: [-0.3908717096025114f,-0.17180810315472222f,-0.09543339207419135f,-0.14969330729001332f,-0.07377600209528659f,-0.0686381599144827f,0.4257371894941645f,0.6967724460082818f,-0.1821610774760796f,0.3964555822458932f,0.032350628414661534f,0.5626853390763649f,0f,0f,0f,1f], start_interpolation: 0, interpolation_duration: 1 }
$data merge entity $(bone_rightarm) { transformation: [-0.893421050520026f,-0.21813346759815175f,0.3927042357822222f,-0.2369386950660804f,-0.16863086193208365f,0.9731135759866617f,0.15688722266167499f,1.3245793338326548f,-0.4163681770881819f,0.07394429351922657f,-0.9061841879906131f,0.49562749902705483f,0f,0f,0f,1f], start_interpolation: 0, interpolation_duration: 1 }
$data merge entity $(item_display_l_item) { transformation: [-0.4200163730336119f,-0.12179008710601248f,-0.012636101708980177f,0.3463391011073333f,0.006089981374318074f,-0.065872536644337f,0.432469618635692f,0.6792448947771156f,-0.12229230765076872f,0.4150111246686652f,0.06493541322498354f,0.6961405266835093f,0f,0f,0f,1f], start_interpolation: 0, interpolation_duration: 1 }
$data merge entity $(bone_leftarm) { transformation: [-0.9600374240768271f,-0.028882518191954754f,0.27837734195659997f,0.3630846949819366f,0.013919957427012741f,0.9885019854530103f,0.15056579804419906f,1.315879360440772f,-0.2795252746303285f,0.14842380165710548f,-0.9485968563855204f,0.6703307956710102f,0f,0f,0f,1f], start_interpolation: 0, interpolation_duration: 1 }
$data merge entity $(bone_body) { transformation: [-0.9600374240768271f,0.0009167999326850131f,0.2798701553396036f,0.06249999999999993f,0.013919957427012741f,0.9989134107607487f,0.04447732666829065f,0.6959084654112454f,-0.2795252746303285f,0.04659567877186805f,-0.9590070195585788f,0.553856848116615f,0f,0f,0f,1f], start_interpolation: 0, interpolation_duration: 1 }
$data merge entity $(bone_leftleg) { transformation: [-1f,-2.3367362543640798e-17f,1.2021465881652132e-16f,0.18749999999999994f,0f,0.9816271834476639f,0.19080899537654503f,0.803125f,-1.2246467991473532e-16f,0.19080899537654503f,-0.9816271834476639f,0.553856848116615f,0f,0f,0f,1f], start_interpolation: 0, interpolation_duration: 1 }
$data merge entity $(bone_rightleg) { transformation: [-1f,2.3367362543640798e-17f,1.2021465881652132e-16f,-0.06250000000000007f,0f,0.9816271834476639f,-0.19080899537654503f,0.75f,-1.2246467991473532e-16f,-0.19080899537654503f,-0.9816271834476639f,0.553856848116615f,0f,0f,0f,1f], start_interpolation: 0, interpolation_duration: 1 }
data modify entity @s data merge value {"locators":{},"cameras":{"camera":{"posx":-2.9430769230769234,"posy":1.375,"posz":2.3749999999999996,"roty":251.84210526315792,"rotx":0}}}