# This file was generated by Animated Java via MC-Build. It is not recommended to edit this file directly.
$data merge entity $(bone_left_eye) { transformation: [-0.9607074767743002f,-0.02278373622095933f,0.27662618356506186f,0.10842529157136137f,0.013145560648277226f,0.9917721324752328f,0.12733904146322098f,1.66977298492398f,-0.2772513991041344f,0.12597197549194497f,-0.9525033979390608f,0.9238792339766657f,0f,0f,0f,1f], start_interpolation: 0, interpolation_duration: 1 }
$data merge entity $(bone_right_eye) { transformation: [-0.9607074767743002f,-0.02278373622095933f,0.27662618356506186f,-0.13175157762221368f,0.013145560648277226f,0.9917721324752328f,0.12733904146322098f,1.6730593750860494f,-0.2772513991041344f,0.12597197549194497f,-0.9525033979390608f,0.8545663842006321f,0f,0f,0f,1f], start_interpolation: 0, interpolation_duration: 1 }
$data merge entity $(bone_right_close) { transformation: [-0.9607074767743002f,-0.02278373622095933f,0.27662618356506186f,-0.13317556113602366f,0.013145560648277226f,0.9917721324752328f,0.12733904146322098f,1.7350451333657515f,-0.2772513991041344f,0.12597197549194497f,-0.9525033979390608f,0.8624396326688787f,0f,0f,0f,1f], start_interpolation: 0, interpolation_duration: 1 }
$data merge entity $(bone_left_close) { transformation: [-0.9607074767743002f,-0.02278373622095933f,0.27662618356506186f,0.1070013080575514f,0.013145560648277226f,0.9917721324752328f,0.12733904146322098f,1.731758743203682f,-0.2772513991041344f,0.12597197549194497f,-0.9525033979390608f,0.9317524824449123f,0f,0f,0f,1f], start_interpolation: 0, interpolation_duration: 1 }
$data merge entity $(bone_left_eyebrow) { transformation: [-0.9607074767743002f,-0.02278373622095933f,0.27662618356506186f,0.10755361232660256f,0.013145560648277226f,0.9917721324752328f,0.12733904146322098f,1.7069564812017097f,-0.2772513991041344f,0.12597197549194497f,-0.9525033979390608f,0.9286627145199848f,0f,0f,0f,1f], start_interpolation: 0, interpolation_duration: 1 }
$data merge entity $(bone_right_eyebrow) { transformation: [-0.9607074767743002f,-0.02278373622095933f,0.27662618356506186f,-0.13262325686697252f,0.013145560648277226f,0.9917721324752328f,0.12733904146322098f,1.710242871363779f,-0.2772513991041344f,0.12597197549194497f,-0.9525033979390608f,0.8593498647439513f,0f,0f,0f,1f], start_interpolation: 0, interpolation_duration: 1 }
$data merge entity $(bone_talking) { transformation: [-0.9607074767743002f,-0.02278373622095933f,0.27662618356506186f,0.0804784733938955f,0.013145560648277226f,0.9917721324752328f,0.12733904146322098f,1.4632665973434629f,-0.2772513991041344f,0.12597197549194497f,-0.9525033979390608f,0.5600725033597062f,0f,0f,0f,1f], start_interpolation: 0, interpolation_duration: 1 }
$data merge entity $(bone_m_opened) { transformation: [-0.9607074767743002f,-0.02278373622095933f,0.27662618356506186f,0.0804784733938955f,0.013145560648277226f,0.9917721324752328f,0.12733904146322098f,1.4632665973434629f,-0.2772513991041344f,0.12597197549194497f,-0.9525033979390608f,0.5600725033597062f,0f,0f,0f,1f], start_interpolation: 0, interpolation_duration: 1 }
$data merge entity $(bone_head) { transformation: [-0.9607074767743002f,-0.02278373622095933f,0.27662618356506186f,0.06318933692107913f,0.013145560648277226f,0.9917721324752328f,0.12733904146322098f,1.4553079072520116f,-0.2772513991041344f,0.12597197549194497f,-0.9525033979390608f,0.6196039657308975f,0f,0f,0f,1f], start_interpolation: 0, interpolation_duration: 1 }
$data merge entity $(item_display_r_item) { transformation: [-0.3851119096159603f,-0.19523354139115717f,-0.0705615432641304f,-0.1937527534019766f,-0.06687142956757945f,-0.024111986972360618f,0.43168631434391447f,0.7108993021664168f,-0.19652806155746988f,0.3907796391831489f,-0.008616531805272958f,0.6569574058036071f,0f,0f,0f,1f], start_interpolation: 0, interpolation_duration: 1 }
$data merge entity $(bone_rightarm) { transformation: [-0.8802557934079093f,-0.16128352746086957f,0.4462480946083592f,-0.2387739462389752f,-0.15284898186875304f,0.9867115756432331f,0.055113113079681635f,1.3344831760783977f,-0.44920699784564544f,-0.019694929840623706f,-0.8932106038471975f,0.5329967491723175f,0f,0f,0f,1f], start_interpolation: 0, interpolation_duration: 1 }
$data merge entity $(item_display_l_item) { transformation: [-0.4225877511424909f,-0.11263154426846247f,-0.011831222254423115f,0.3496441459656271f,0.005655878099713373f,-0.06663704118007334f,0.43235837656472714f,0.6897093719348901f,-0.11310991834164394f,0.41746842991831923f,0.06582177750775232f,0.7198279303402538f,0f,0f,0f,1f], start_interpolation: 0, interpolation_duration: 1 }
$data merge entity $(bone_leftarm) { transformation: [-0.9659148597542649f,-0.027042793724395747f,0.25744352975648566f,0.36492284110744044f,0.012927721370773422f,0.9882477178622334f,0.152313236983025f,1.3264033502216641f,-0.25853695620947187f,0.15044977716057698f,-0.9542135540990153f,0.6945823468032375f,0f,0f,0f,1f], start_interpolation: 0, interpolation_duration: 1 }
$data merge entity $(bone_body) { transformation: [-0.9659148597542649f,0.0009191158947722565f,0.2588583375745713f,0.06249999999999993f,0.012927721370773422f,0.9989171528158456f,0.04469223456534938f,0.7061200426401274f,-0.25853695620947187f,0.04651534194495983f,-0.9648808036424422f,0.5847174592721777f,0f,0f,0f,1f], start_interpolation: 0, interpolation_duration: 1 }
$data merge entity $(bone_leftleg) { transformation: [-1f,-1.915769668878477e-17f,1.2095693648649962e-16f,0.18749999999999994f,0f,0.9876883405951377f,0.15643446504023123f,0.8062499999999999f,-1.2246467991473532e-16f,0.15643446504023123f,-0.9876883405951377f,0.5847174592721777f,0f,0f,0f,1f], start_interpolation: 0, interpolation_duration: 1 }
$data merge entity $(bone_rightleg) { transformation: [-1f,1.915769668878477e-17f,1.2095693648649962e-16f,-0.06250000000000007f,0f,0.9876883405951377f,-0.15643446504023123f,0.75f,-1.2246467991473532e-16f,-0.15643446504023123f,-0.9876883405951377f,0.5847174592721777f,0f,0f,0f,1f], start_interpolation: 0, interpolation_duration: 1 }
data modify entity @s data merge value {"locators":{},"cameras":{"camera":{"posx":-2.9524038461538464,"posy":1.375,"posz":2.3749999999999996,"roty":251.97368421052633,"rotx":0}}}