# This file was generated by Animated Java via MC-Build. It is not recommended to edit this file directly.
$data merge entity $(bone_left_eye) { transformation: [-0.9670280459799971f,-0.019731418404333366f,0.2539043706119727f,0.11565313425528273f,0.010479354546315534f,0.9930665843236409f,0.11708519218103311f,1.685627020358162f,-0.25445420298435134f,0.11588541852851883f,-0.9601164660373598f,0.9512355168392019f,0f,0f,0f,1f], start_interpolation: 0, interpolation_duration: 1 }
$data merge entity $(bone_right_eye) { transformation: [-0.9670280459799971f,-0.019731418404333366f,0.2539043706119727f,-0.12610387723971656f,0.010479354546315534f,0.9930665843236409f,0.11708519218103311f,1.688246858994741f,-0.25445420298435134f,0.11588541852851883f,-0.9601164660373598f,0.8876219660931142f,0f,0f,0f,1f], start_interpolation: 0, interpolation_duration: 1 }
$data merge entity $(bone_right_close) { transformation: [-0.9670280459799971f,-0.019731418404333366f,0.2539043706119727f,-0.1273370908899874f,0.010479354546315534f,0.9930665843236409f,0.11708519218103311f,1.7503135205149687f,-0.25445420298435134f,0.11588541852851883f,-0.9601164660373598f,0.8948648047511466f,0f,0f,0f,1f], start_interpolation: 0, interpolation_duration: 1 }
$data merge entity $(bone_left_close) { transformation: [-0.9670280459799971f,-0.019731418404333366f,0.2539043706119727f,0.11441992060501188f,0.010479354546315534f,0.9930665843236409f,0.11708519218103311f,1.7476936818783897f,-0.25445420298435134f,0.11588541852851883f,-0.9601164660373598f,0.9584783554972344f,0f,0f,0f,1f], start_interpolation: 0, interpolation_duration: 1 }
$data merge entity $(bone_left_eyebrow) { transformation: [-0.9670280459799971f,-0.019731418404333366f,0.2539043706119727f,0.11489733704195697f,0.010479354546315534f,0.9930665843236409f,0.11708519218103311f,1.7228596994457874f,-0.25445420298435134f,0.11588541852851883f,-0.9601164660373598f,0.9556412273131488f,0f,0f,0f,1f], start_interpolation: 0, interpolation_duration: 1 }
$data merge entity $(bone_right_eyebrow) { transformation: [-0.9670280459799971f,-0.019731418404333366f,0.2539043706119727f,-0.1268596744530423f,0.010479354546315534f,0.9930665843236409f,0.11708519218103311f,1.7254795380823662f,-0.25445420298435134f,0.11588541852851883f,-0.9601164660373598f,0.892027676567061f,0f,0f,0f,1f], start_interpolation: 0, interpolation_duration: 1 }
$data merge entity $(bone_talking) { transformation: [-0.9670280459799971f,-0.019731418404333366f,0.2539043706119727f,0.07905259892510788f,0.010479354546315534f,0.9930665843236409f,0.11708519218103311f,1.4752594161521142f,-0.25445420298435134f,0.11588541852851883f,-0.9601164660373598f,0.5904209911973535f,0f,0f,0f,1f], start_interpolation: 0, interpolation_duration: 1 }
$data merge entity $(bone_m_opened) { transformation: [-0.9670280459799971f,-0.019731418404333366f,0.2539043706119727f,0.07905259892510788f,0.010479354546315534f,0.9930665843236409f,0.11708519218103311f,1.4752594161521142f,-0.25445420298435134f,0.11588541852851883f,-0.9601164660373598f,0.5904209911973535f,0f,0f,0f,1f], start_interpolation: 0, interpolation_duration: 1 }
$data merge entity $(bone_head) { transformation: [-0.9670280459799971f,-0.019731418404333366f,0.2539043706119727f,0.0631835757618596f,0.010479354546315534f,0.9930665843236409f,0.11708519218103311f,1.4679415916407996f,-0.25445420298435134f,0.11588541852851883f,-0.9601164660373598f,0.6504282703246884f,0f,0f,0f,1f], start_interpolation: 0, interpolation_duration: 1 }
$data merge entity $(item_display_r_item) { transformation: [-0.3773204986553173f,-0.21826360653946958f,-0.03736963145237526f,-0.24944762253101557f,-0.05887476720739977f,0.02770629079740607f,0.4326342256878484f,0.7366675047359758f,-0.21346956008006673f,0.3781528917126421f,-0.053267132535829154f,0.7545711935971195f,0f,0f,0f,1f], start_interpolation: 0, interpolation_duration: 1 }
$data merge entity $(bone_rightarm) { transformation: [-0.8624468540692967f,-0.08541630046257213f,0.4988882435187876f,-0.2404717798802747f,-0.13457089647405662f,0.9888782301436534f,-0.06332866467978508f,1.346800315490786f,-0.48793042304015255f,-0.12175344579618073f,-0.8643494667717534f,0.5704316066280374f,0f,0f,0f,1f], start_interpolation: 0, interpolation_duration: 1 }
$data merge entity $(item_display_l_item) { transformation: [-0.4249579968878875f,-0.10343011346918533f,-0.010916158151369041f,0.3526541234703245f,0.005213584772834185f,-0.06704640005503242f,0.4323006462792729f,0.7026238711149095f,-0.10387381486616695f,0.41977761001203007f,0.06635690406986508f,0.7439636534833343f,0f,0f,0f,1f], start_interpolation: 0, interpolation_duration: 1 }
$data merge entity $(bone_leftarm) { transformation: [-0.9713325643151713f,-0.024951218631700717f,0.2364116879295665f,0.36661107281670735f,0.011916765195049566f,0.9881157629240523f,0.15324891441150287f,1.33935233724388f,-0.23742586255123876f,0.15167292358826326f,-0.9594916800274973f,0.7188227707225616f,0f,0f,0f,1f], start_interpolation: 0, interpolation_duration: 1 }
$data merge entity $(bone_body) { transformation: [-0.9713325643151713f,0.0009114343491462202f,0.23772298750508092f,0.062499999999999924f,0.011916765195049566f,0.9989221221877325f,0.044861838027916434f,0.7187500000000002f,-0.23742586255123876f,0.046408653195111685f,-0.9702964478448926f,0.6156217804283547f,0f,0f,0f,1f], start_interpolation: 0, interpolation_duration: 1 }
$data merge entity $(bone_leftleg) { transformation: [-1f,-1.4924690131530332e-17f,1.2155184676135686e-16f,0.18749999999999992f,0f,0.9925461516413221f,0.12186934340514737f,0.809375f,-1.2246467991473532e-16f,0.12186934340514737f,-0.9925461516413221f,0.6156217804283547f,0f,0f,0f,1f], start_interpolation: 0, interpolation_duration: 1 }
$data merge entity $(bone_rightleg) { transformation: [-1f,1.4924690131530332e-17f,1.2155184676135686e-16f,-0.06250000000000008f,0f,0.9925461516413221f,-0.12186934340514737f,0.75f,-1.2246467991473532e-16f,-0.12186934340514737f,-0.9925461516413221f,0.6156217804283547f,0f,0f,0f,1f], start_interpolation: 0, interpolation_duration: 1 }
data modify entity @s data merge value {"locators":{},"cameras":{"camera":{"posx":-2.96173076923077,"posy":1.375,"posz":2.3749999999999996,"roty":252.10526315789477,"rotx":0}}}