# This file was generated by Animated Java via MC-Build. It is not recommended to edit this file directly.
$data merge entity $(bone_left_eye) { transformation: [-0.9758265245031479f,-0.015800248566833725f,0.21797464582224563f,0.12670444538921213f,0.006820148848972248f,0.9946957533196154f,0.10263451611227442f,1.7027389672752884f,-0.21844010539684558f,0.10164010268171282f,-0.9705427398528444f,0.9766206560234846f,0f,0f,0f,1f], start_interpolation: 0, interpolation_duration: 1 }
$data merge entity $(bone_right_eye) { transformation: [-0.9758265245031479f,-0.015800248566833725f,0.21797464582224563f,-0.11725218573657484f,0.006820148848972248f,0.9946957533196154f,0.10263451611227442f,1.7044440044875313f,-0.21844010539684558f,0.10164010268171282f,-0.9705427398528444f,0.9220106296742733f,0f,0f,0f,1f], start_interpolation: 0, interpolation_duration: 1 }
$data merge entity $(bone_right_close) { transformation: [-0.9758265245031479f,-0.015800248566833725f,0.21797464582224563f,-0.11823970127200195f,0.006820148848972248f,0.9946957533196154f,0.10263451611227442f,1.7666124890700072f,-0.21844010539684558f,0.10164010268171282f,-0.9705427398528444f,0.9283631360918804f,0f,0f,0f,1f], start_interpolation: 0, interpolation_duration: 1 }
$data merge entity $(bone_left_close) { transformation: [-0.9758265245031479f,-0.015800248566833725f,0.21797464582224563f,0.12571692985378502f,0.006820148848972248f,0.9946957533196154f,0.10263451611227442f,1.7649074518577643f,-0.21844010539684558f,0.10164010268171282f,-0.9705427398528444f,0.9829731624410917f,0f,0f,0f,1f], start_interpolation: 0, interpolation_duration: 1 }
$data merge entity $(bone_left_eyebrow) { transformation: [-0.9758265245031479f,-0.015800248566833725f,0.21797464582224563f,0.12609831265259197f,0.006820148848972248f,0.9946957533196154f,0.10263451611227442f,1.740033643367517f,-0.21844010539684558f,0.10164010268171282f,-0.9705427398528444f,0.9804928187952898f,0f,0f,0f,1f], start_interpolation: 0, interpolation_duration: 1 }
$data merge entity $(bone_right_eyebrow) { transformation: [-0.9758265245031479f,-0.015800248566833725f,0.21797464582224563f,-0.11785831847319501f,0.006820148848972248f,0.9946957533196154f,0.10263451611227442f,1.74173868057976f,-0.21844010539684558f,0.10164010268171282f,-0.9705427398528444f,0.9258827924460784f,0f,0f,0f,1f], start_interpolation: 0, interpolation_duration: 1 }
$data merge entity $(bone_talking) { transformation: [-0.9758265245031479f,-0.015800248566833725f,0.21797464582224563f,0.07679326878747883f,0.006820148848972248f,0.9946957533196154f,0.10263451611227442f,1.4869908338365918f,-0.21844010539684558f,0.10164010268171282f,-0.9705427398528444f,0.6206110109744369f,0f,0f,0f,1f], start_interpolation: 0, interpolation_duration: 1 }
$data merge entity $(bone_m_opened) { transformation: [-0.9758265245031479f,-0.015800248566833725f,0.21797464582224563f,0.07679326878747883f,0.006820148848972248f,0.9946957533196154f,0.10263451611227442f,1.4869908338365918f,-0.21844010539684558f,0.10164010268171282f,-0.9705427398528444f,0.6206110109744369f,0f,0f,0f,1f], start_interpolation: 0, interpolation_duration: 1 }
$data merge entity $(bone_head) { transformation: [-0.9758265245031479f,-0.015800248566833725f,0.21797464582224563f,0.06316985342358848f,0.006820148848972248f,0.9946957533196154f,0.10263451611227442f,1.4805761765795746f,-0.21844010539684558f,0.10164010268171282f,-0.9705427398528444f,0.6812699322152397f,0f,0f,0f,1f], start_interpolation: 0, interpolation_duration: 1 }
$data merge entity $(item_display_r_item) { transformation: [-0.36745313343217995f,-0.23741661547873255f,0.004218462456421936f,-0.3158914610961797f,-0.05005699248022747f,0.0850471722260805f,0.42622473649494097f,0.7745195376743332f,-0.2321179489714379f,0.3575004604066561f,-0.09859476950793035f,0.8509149593630796f,0f,0f,0f,1f], start_interpolation: 0, interpolation_duration: 1 }
$data merge entity $(bone_rightarm) { transformation: [-0.8398928764164113f,0.009642199900392875f,0.5426665496656744f,-0.24203176745022484f,-0.11441598281194851f,0.9742279691312936f,-0.19439353651675523f,1.3591128263167973f,-0.5305553119347152f,-0.22535947316098345f,-0.8171439095009283f,0.6079222999498489f,0f,0f,0f,1f], start_interpolation: 0, interpolation_duration: 1 }
$data merge entity $(item_display_l_item) { transformation: [-0.427125970091168f,-0.09418805206765749f,-0.009912947159090787f,0.35539867088795707f,0.004763760783375493f,-0.0671005237190799f,0.4322974396174744f,0.7155681046815602f,-0.09458838330829773f,0.42193883509855484f,0.06653500716763398f,0.7685525044646697f,0f,0f,0f,1f], start_interpolation: 0, interpolation_duration: 1 }
$data merge entity $(bone_leftarm) { transformation: [-0.9762879316369554f,-0.022658164935064704f,0.21528697615464568f,0.36814818982287234f,0.01088859607628684f,0.9881084334113701f,0.15337262564361143f,1.352307453769118f,-0.21620201899039482f,0.1520800163831636f,-0.964431623082411f,0.7430485618188456f,0f,0f,0f,1f], start_interpolation: 0, interpolation_duration: 1 }
$data merge entity $(bone_body) { transformation: [-0.9762879316369554f,0.0008931378981180764f,0.2164741944083186f,0.062499999999999924f,0.01088859607628684f,0.9989282922929357f,0.044985612502295276f,0.7313799573598728f,-0.21620201899039482f,0.04627601064713919f,-0.9752513613541193f,0.6465629242298853f,0f,0f,0f,1f], start_interpolation: 0, interpolation_duration: 1 }
$data merge entity $(bone_leftleg) { transformation: [-1f,-1.0673500138322974e-17f,1.2199866483456202e-16f,0.18749999999999992f,0f,0.9961946980917455f,0.08715574274765818f,0.8125f,-1.2246467991473532e-16f,0.08715574274765818f,-0.9961946980917455f,0.6465629242298853f,0f,0f,0f,1f], start_interpolation: 0, interpolation_duration: 1 }
$data merge entity $(bone_rightleg) { transformation: [-1f,1.0673500138322974e-17f,1.2199866483456202e-16f,-0.06250000000000008f,0f,0.9961946980917455f,-0.08715574274765818f,0.75f,-1.2246467991473532e-16f,-0.08715574274765818f,-0.9961946980917455f,0.6465629242298853f,0f,0f,0f,1f], start_interpolation: 0, interpolation_duration: 1 }
data modify entity @s data merge value {"locators":{},"cameras":{"camera":{"posx":-2.971057692307693,"posy":1.375,"posz":2.3749999999999996,"roty":252.23684210526318,"rotx":0}}}