# This file was generated by Animated Java via MC-Build. It is not recommended to edit this file directly.
$data merge entity $(bone_left_eye) { transformation: [-0.9990482215818578f,0.005315866097948268f,-0.04329425506641622f,0.19953355798882344f,0f,0.992546151641322f,0.12186934340514746f,1.6551692020590436f,0.043619387365335875f,0.12175335079426128f,-0.9916014676351796f,-0.6021137188133069f,0f,0f,0f,1f], start_interpolation: 0, interpolation_duration: 1 }
$data merge entity $(bone_right_eye) { transformation: [-0.9990482215818578f,0.005315866097948268f,-0.04329425506641622f,-0.050228497406640996f,0f,0.992546151641322f,0.12186934340514746f,1.6551692020590436f,0.043619387365335875f,0.12175335079426128f,-0.9916014676351796f,-0.5912088719719729f,0f,0f,0f,1f], start_interpolation: 0, interpolation_duration: 1 }
$data merge entity $(bone_right_close) { transformation: [-0.9990482215818578f,0.005315866097948268f,-0.04329425506641622f,-0.04989625577551922f,0f,0.992546151641322f,0.12186934340514746f,1.7172033365366262f,0.043619387365335875f,0.12175335079426128f,-0.9916014676351796f,-0.5835992875473316f,0f,0f,0f,1f], start_interpolation: 0, interpolation_duration: 1 }
$data merge entity $(bone_left_close) { transformation: [-0.9990482215818578f,0.005315866097948268f,-0.04329425506641622f,0.19986579961994522f,0f,0.992546151641322f,0.12186934340514746f,1.7172033365366262f,0.043619387365335875f,0.12175335079426128f,-0.9916014676351796f,-0.5945041343886656f,0f,0f,0f,1f], start_interpolation: 0, interpolation_duration: 1 }
$data merge entity $(bone_left_eyebrow) { transformation: [-0.9990482215818578f,0.005315866097948268f,-0.04329425506641622f,0.19973560885843816f,0f,0.992546151641322f,0.12186934340514746f,1.6923820659116304f,0.043619387365335875f,0.12175335079426128f,-0.9916014676351796f,-0.5974859930667948f,0f,0f,0f,1f], start_interpolation: 0, interpolation_duration: 1 }
$data merge entity $(bone_right_eyebrow) { transformation: [-0.9990482215818578f,0.005315866097948268f,-0.04329425506641622f,-0.05002644653702627f,0f,0.992546151641322f,0.12186934340514746f,1.6923820659116304f,0.043619387365335875f,0.12175335079426128f,-0.9916014676351796f,-0.5865811462254609f,0f,0f,0f,1f], start_interpolation: 0, interpolation_duration: 1 }
$data merge entity $(bone_talking) { transformation: [-0.9990482215818578f,0.005315866097948268f,-0.04329425506641622f,0.059794109058349094f,0f,0.992546151641322f,0.12186934340514746f,1.4451168339628218f,0.043619387365335875f,0.12175335079426128f,-0.9916014676351796f,-0.9369750917271988f,0f,0f,0f,1f], start_interpolation: 0, interpolation_duration: 1 }
$data merge entity $(bone_m_opened) { transformation: [-0.9990482215818578f,0.005315866097948268f,-0.04329425506641622f,0.059794109058349094f,0f,0.992546151641322f,0.12186934340514746f,1.4451168339628218f,0.043619387365335875f,0.12175335079426128f,-0.9916014676351796f,-0.9369750917271988f,0f,0f,0f,1f], start_interpolation: 0, interpolation_duration: 1 }
$data merge entity $(bone_head) { transformation: [-0.9990482215818578f,0.005315866097948268f,-0.04329425506641622f,0.06250000000000011f,0f,0.992546151641322f,0.12186934340514746f,1.4375f,0.043619387365335875f,0.12175335079426128f,-0.9916014676351796f,-0.8750000000000001f,0f,0f,0f,1f], start_interpolation: 0, interpolation_duration: 1 }
$data merge entity $(item_display_r_item) { transformation: [-0.431286370654412f,0.04939232108763883f,-0.05439407233624597f,-0.15788465988179654f,-0.04424356285027678f,0.08399548710579505f,0.4270755381570968f,0.7263907989486602f,0.0586585341963024f,0.4265107346403322f,-0.07780758062364755f,-0.6283550449458842f,0f,0f,0f,1f], start_interpolation: 0, interpolation_duration: 1 }
$data merge entity $(bone_rightarm) { transformation: [-0.985797418638656f,-0.12432930819713361f,-0.11289673391460307f,-0.24970256924433043f,-0.10112814365777549f,0.9761726586447927f,-0.1919896848132456f,1.3125f,0.13407664959154836f,-0.17784589856833705f,-0.9748816791779021f,-0.8613689414483326f,0f,0f,0f,1f], start_interpolation: 0, interpolation_duration: 1 }
$data merge entity $(item_display_l_item) { transformation: [-0.43640179827171893f,0.03082530615771588f,-0.0030856061791861194f,0.38791780840251533f,-0.005580342406874987f,-0.035355503056888705f,0.43603336819814187f,0.6794936159864006f,0.030472614653685046f,0.43497820509064294f,0.03565993343082124f,-0.8152943334269429f,0f,0f,0f,1f], start_interpolation: 0, interpolation_duration: 1 }
$data merge entity $(bone_leftarm) { transformation: [-0.9974898246210718f,-0.0070528141238539715f,-0.07045784264620772f,0.37470256924433065f,-0.0127550683585714f,0.99664769873861f,0.08081257841574584f,1.3125f,0.06965169063699439f,0.08150841927044876f,-0.994235897350041f,-0.8886310585516676f,0f,0f,0f,1f], start_interpolation: 0, interpolation_duration: 1 }
$data merge entity $(bone_body) { transformation: [-0.9990482215818578f,0f,-0.043619387365335875f,0.06250000000000011f,0f,1f,0f,0.6875f,0.043619387365335875f,0f,-0.9990482215818578f,-0.8750000000000001f,0f,0f,0f,1f], start_interpolation: 0, interpolation_duration: 1 }
$data merge entity $(bone_leftleg) { transformation: [-0.9952465390275879f,-0.04345342161151017f,-0.0871557611627618f,0.18738102769773235f,-0.043619410209978775f,0.9990482205844381f,4.023395993387087e-8f,0.75f,0.08707280635503623f,0.003801722941030819f,-0.9961946964806317f,-0.8804524234206671f,0f,0f,0f,1f], start_interpolation: 0, interpolation_duration: 1 }
$data merge entity $(bone_rightleg) { transformation: [-0.9990482205844388f,0.04361941020997806f,1.848544667337748e-8f,-0.062381027697732114f,0.043619410209978775f,0.9990482205844381f,4.023395993387087e-8f,0.75f,-1.671287099686003e-8f,4.1001990360020266e-8f,-0.999999999999999f,-0.8695475765793331f,0f,0f,0f,1f], start_interpolation: 0, interpolation_duration: 1 }
$data merge entity $(text_display_text) { transformation: [-2f,0f,7.347880794884119e-16f,6.888638245203862e-17f,0f,2f,0f,2.831683612166618f,-7.347880794884119e-16f,0f,-2f,-0.5625f,0f,0f,0f,1f], start_interpolation: 0, interpolation_duration: 1 }
data modify entity @s data merge value {"locators":{},"cameras":{"camera":{"posx":-0.9999999999999996,"posy":1.3302083333333332,"posz":-3.25,"roty":342.4058814374165,"rotx":0.9193655169715872}}}