# This file was generated by Animated Java via MC-Build. It is not recommended to edit this file directly.
$data merge entity $(bone_left_eye) { transformation: [-0.9842666349315415f,-0.01219123447567979f,0.17626844630420455f,0.13906612553532538f,0.0030749175155582037f,0.9962838355603173f,0.08607591930090129f,1.7179608742201038f,-0.17666277548711767f,0.0852636663719181f,-0.9805714512232173f,1.0006654448651415f,0f,0f,0f,1f], start_interpolation: 0, interpolation_duration: 1 }
$data merge entity $(bone_right_eye) { transformation: [-0.9842666349315415f,-0.01219123447567979f,0.17626844630420455f,-0.10700053319755999f,0.0030749175155582037f,0.9962838355603173f,0.08607591930090129f,1.7187296035989934f,-0.17666277548711767f,0.0852636663719181f,-0.9805714512232173f,0.956499750993362f,0f,0f,0f,1f], start_interpolation: 0, interpolation_duration: 1 }
$data merge entity $(bone_right_close) { transformation: [-0.9842666349315415f,-0.01219123447567979f,0.17626844630420455f,-0.10776248535228997f,0.0030749175155582037f,0.9962838355603173f,0.08607591930090129f,1.7809973433215134f,-0.17666277548711767f,0.0852636663719181f,-0.9805714512232173f,0.9618287301416069f,0f,0f,0f,1f], start_interpolation: 0, interpolation_duration: 1 }
$data merge entity $(bone_left_close) { transformation: [-0.9842666349315415f,-0.01219123447567979f,0.17626844630420455f,0.13830417338059542f,0.0030749175155582037f,0.9962838355603173f,0.08607591930090129f,1.7802286139426238f,-0.17666277548711767f,0.0852636663719181f,-0.9805714512232173f,1.0059944240133862f,0f,0f,0f,1f], start_interpolation: 0, interpolation_duration: 1 }
$data merge entity $(bone_left_eyebrow) { transformation: [-0.9842666349315415f,-0.01219123447567979f,0.17626844630420455f,0.13859793746459337f,0.0030749175155582037f,0.9962838355603173f,0.08607591930090129f,1.7553161383086595f,-0.17666277548711767f,0.0852636663719181f,-0.9805714512232173f,1.0039241180697898f,0f,0f,0f,1f], start_interpolation: 0, interpolation_duration: 1 }
$data merge entity $(bone_right_eyebrow) { transformation: [-0.9842666349315415f,-0.01219123447567979f,0.17626844630420455f,-0.107468721268292f,0.0030749175155582037f,0.9962838355603173f,0.08607591930090129f,1.7560848676875491f,-0.17666277548711767f,0.0852636663719181f,-0.9805714512232173f,0.9597584241980104f,0f,0f,0f,1f], start_interpolation: 0, interpolation_duration: 1 }
$data merge entity $(bone_talking) { transformation: [-0.9842666349315415f,-0.01219123447567979f,0.17626844630420455f,0.07416449425786657f,0.0030749175155582037f,0.9962838355603173f,0.08607591930090129f,1.496173004801001f,-0.17666277548711767f,0.0852636663719181f,-0.9805714512232173f,0.6508381028290167f,0f,0f,0f,1f], start_interpolation: 0, interpolation_duration: 1 }
$data merge entity $(bone_m_opened) { transformation: [-0.9842666349315415f,-0.01219123447567979f,0.17626844630420455f,0.07416449425786657f,0.0030749175155582037f,0.9962838355603173f,0.08607591930090129f,1.496173004801001f,-0.17666277548711767f,0.0852636663719181f,-0.9805714512232173f,0.6508381028290167f,0f,0f,0f,1f], start_interpolation: 0, interpolation_duration: 1 }
$data merge entity $(bone_head) { transformation: [-0.9842666349315415f,-0.01219123447567979f,0.17626844630420455f,0.06314771636385379f,0.0030749175155582037f,0.9962838355603173f,0.08607591930090129f,1.4907932598446947f,-0.17666277548711767f,0.0852636663719181f,-0.9805714512232173f,0.7121238185304678f,0f,0f,0f,1f], start_interpolation: 0, interpolation_duration: 1 }
$data merge entity $(item_display_r_item) { transformation: [-0.35556660794330713f,-0.24932572338785797f,0.05305959830993682f,-0.3904888890997358f,-0.04074361026444162f,0.14548279113229626f,0.4105861245913893f,0.8240176904872999f,-0.25163186510915064f,0.328751716560504f,-0.14145657750777163f,0.9414703819614875f,0f,0f,0f,1f], start_interpolation: 0, interpolation_duration: 1 }
$data merge entity $(bone_rightarm) { transformation: [-0.8127236752989877f,0.12127908185128403f,0.5698873677436753f,-0.24345354197472388f,-0.09312825203300942f,0.9384825704946043f,-0.332532094016677f,1.369002785294343f,-0.5751585488209158f,-0.32332932001776354f,-0.7514324949954378f,0.6454604950759555f,0f,0f,0f,1f], start_interpolation: 0, interpolation_duration: 1 }
$data merge entity $(item_display_l_item) { transformation: [-0.4290906278557762f,-0.08490741772023921f,-0.008843839800482638f,0.35790786389986323f,0.004307071522560537f,-0.06679920928662195f,0.43234889241627716f,0.7261230627283972f,-0.08525803317714609f,0.423951466626503f,0.06635112451196114f,0.7935993550623633f,0f,0f,0f,1f], start_interpolation: 0, interpolation_duration: 1 }
$data merge entity $(bone_leftarm) { transformation: [-0.9807785779560598f,-0.020214490972531786f,0.19407409764626107f,0.3695330692478135f,0.0098447349087098f,0.9882260398086335f,0.15268390694085038f,1.3628498259763995f,-0.19487550440490534f,0.1516597131701971f,-0.9690319237177212f,0.7672576853290214f,0f,0f,0f,1f], start_interpolation: 0, interpolation_duration: 1 }
$data merge entity $(bone_body) { transformation: [-0.9807785779560598f,0.0008636218184718213f,0.19512210325804638f,0.06249999999999992f,0.0098447349087098f,0.9989356336745869f,0.045063077677058784f,0.7415915345887544f,-0.19487550440490534f,0.04611782662383455f,-0.9797431723928611f,0.6775354485625918f,0f,0f,0f,1f], start_interpolation: 0, interpolation_duration: 1 }
$data merge entity $(bone_leftleg) { transformation: [-1f,-6.409306129323725e-18f,1.2229684632711994e-16f,0.18749999999999992f,0f,0.9986295347545738f,0.05233595624294395f,0.8125f,-1.2246467991473532e-16f,0.05233595624294395f,-0.9986295347545738f,0.6775354485625918f,0f,0f,0f,1f], start_interpolation: 0, interpolation_duration: 1 }
$data merge entity $(bone_rightleg) { transformation: [-1f,6.409306129323725e-18f,1.2229684632711994e-16f,-0.06250000000000008f,0f,0.9986295347545738f,-0.05233595624294395f,0.75f,-1.2246467991473532e-16f,-0.05233595624294395f,-0.9986295347545738f,0.6775354485625918f,0f,0f,0f,1f], start_interpolation: 0, interpolation_duration: 1 }
data modify entity @s data merge value {"locators":{},"cameras":{"camera":{"posx":-2.980384615384616,"posy":1.375,"posz":2.3749999999999996,"roty":252.3684210526316,"rotx":0}}}