# This file was generated by Animated Java via MC-Build. It is not recommended to edit this file directly.
$data merge entity $(bone_left_eye) { transformation: [-0.9905905871967233f,-0.00937489199197991f,0.13653717426909645f,0.15046252763048062f,0.00016073096789684578f,0.9975706986447138f,0.06966114678250333f,1.7290909521677535f,-0.13685855005372105f,0.06902762204825127f,-0.9881826373052489f,1.0243951632446453f,0f,0f,0f,1f], start_interpolation: 0, interpolation_duration: 1 }
$data merge entity $(bone_right_eye) { transformation: [-0.9905905871967233f,-0.00937489199197991f,0.13653717426909645f,-0.09718511916870021f,0.00016073096789684578f,0.9975706986447138f,0.06966114678250333f,1.7291311349097278f,-0.13685855005372105f,0.06902762204825127f,-0.9881826373052489f,0.990180525731215f,0f,0f,0f,1f], start_interpolation: 0, interpolation_duration: 1 }
$data merge entity $(bone_right_close) { transformation: [-0.9905905871967233f,-0.00937489199197991f,0.13653717426909645f,-0.09777104991819896f,0.00016073096789684578f,0.9975706986447138f,0.06966114678250333f,1.7914793035750225f,-0.13685855005372105f,0.06902762204825127f,-0.9881826373052489f,0.9944947521092308f,0f,0f,0f,1f], start_interpolation: 0, interpolation_duration: 1 }
$data merge entity $(bone_left_close) { transformation: [-0.9905905871967233f,-0.00937489199197991f,0.13653717426909645f,0.14987659688098187f,0.00016073096789684578f,0.9975706986447138f,0.06966114678250333f,1.7914391208330482f,-0.13685855005372105f,0.06902762204825127f,-0.9881826373052489f,1.0287093896226611f,0f,0f,0f,1f], start_interpolation: 0, interpolation_duration: 1 }
$data merge entity $(bone_left_eyebrow) { transformation: [-0.9905905871967233f,-0.00937489199197991f,0.13653717426909645f,0.15010243560738953f,0.00016073096789684578f,0.9975706986447138f,0.06966114678250333f,1.7664954995452566f,-0.13685855005372105f,0.06902762204825127f,-0.9881826373052489f,1.0270454604862862f,0f,0f,0f,1f], start_interpolation: 0, interpolation_duration: 1 }
$data merge entity $(bone_right_eyebrow) { transformation: [-0.9905905871967233f,-0.00937489199197991f,0.13653717426909645f,-0.0975452111917913f,0.00016073096789684578f,0.9975706986447138f,0.06966114678250333f,1.7665356822872307f,-0.13685855005372105f,0.06902762204825127f,-0.9881826373052489f,0.9928308229728559f,0f,0f,0f,1f], start_interpolation: 0, interpolation_duration: 1 }
$data merge entity $(bone_talking) { transformation: [-0.9905905871967233f,-0.00937489199197991f,0.13653717426909645f,0.07165029418797782f,0.00016073096789684578f,0.9975706986447138f,0.06966114678250333f,1.5014874772470945f,-0.13685855005372105f,0.06902762204825127f,-0.9881826373052489f,0.681223864817977f,0f,0f,0f,1f], start_interpolation: 0, interpolation_duration: 1 }
$data merge entity $(bone_m_opened) { transformation: [-0.9905905871967233f,-0.00937489199197991f,0.13653717426909645f,0.07165029418797782f,0.00016073096789684578f,0.9975706986447138f,0.06966114678250333f,1.5014874772470945f,-0.13685855005372105f,0.06902762204825127f,-0.9881826373052489f,0.681223864817977f,0f,0f,0f,1f], start_interpolation: 0, interpolation_duration: 1 }
$data merge entity $(bone_head) { transformation: [-0.9905905871967233f,-0.00937489199197991f,0.13653717426909645f,0.06311672079615929f,0.00016073096789684578f,0.9975706986447138f,0.06966114678250333f,1.497133655573188f,-0.13685855005372105f,0.06902762204825127f,-0.9881826373052489f,0.7429852796495551f,0f,0f,0f,1f], start_interpolation: 0, interpolation_duration: 1 }
$data merge entity $(item_display_r_item) { transformation: [-0.34185446372212397f,-0.25127397116720207f,0.1067856125473986f,-0.4690802364572447f,-0.031295443594962134f,0.20605194686437006f,0.38466796123877717f,0.884357815684882f,-0.2712238390028678f,0.29293384339687845f,-0.1789794472817466f,1.0224186327456677f,0f,0f,0f,1f], start_interpolation: 0, interpolation_duration: 1 }
$data merge entity $(bone_rightarm) { transformation: [-0.7813816313648548f,0.24408140010833954f,0.5743405055250332f,-0.2447367981989034f,-0.07153244250277059f,0.8792410542600623f,-0.47097587854713135f,1.3750114897790295f,-0.6199402034351263f,-0.40909587950113496f,-0.6695630706214366f,0.6830383242297787f,0f,0f,0f,1f], start_interpolation: 0, interpolation_duration: 1 }
$data merge entity $(item_display_l_item) { transformation: [-0.4308510250739839f,-0.07559015541633374f,-0.007731273946240703f,0.3602121559967507f,0.003844187850429408f,-0.0661421401274329f,0.4324542629216801f,0.7328302343538922f,-0.07588719531296384f,0.42581403887553726f,0.06580112372926877f,0.8191081518852107f,0f,0f,0f,1f], start_interpolation: 0, interpolation_duration: 1 }
$data merge entity $(bone_leftarm) { transformation: [-0.9848023430262489f,-0.017671483305693073f,0.17277749809447712f,0.3707646661925022f,0.00878671508669579f,0.988466886678126f,0.1511820345769897f,1.3695197928498446f,-0.17345644642963165f,0.15040256852404313f,-0.9732892317155137f,0.7914486032482985f,0f,0f,0f,1f], start_interpolation: 0, interpolation_duration: 1 }
$data merge entity $(bone_body) { transformation: [-0.9848023430262489f,0.0008222943948791848f,0.17367690981226774f,0.06249999999999991f,0.00878671508669579f,0.9989441140700072f,0.04509379783156174f,0.7479255700206826f,-0.17345644642963165f,0.04593452728413214f,-0.9837697293549887f,0.708534384186456f,0f,0f,0f,1f], start_interpolation: 0, interpolation_duration: 1 }
$data merge entity $(bone_leftleg) { transformation: [-1f,-2.1373033680838217e-18f,1.2244602795081332e-16f,0.18749999999999992f,0f,0.9998476951563913f,0.017452406437283758f,0.8125f,-1.2246467991473532e-16f,0.017452406437283758f,-0.9998476951563913f,0.708534384186456f,0f,0f,0f,1f], start_interpolation: 0, interpolation_duration: 1 }
$data merge entity $(bone_rightleg) { transformation: [-1f,2.1373033680838217e-18f,1.2244602795081332e-16f,-0.06250000000000008f,0f,0.9998476951563913f,-0.017452406437283758f,0.75f,-1.2246467991473532e-16f,-0.017452406437283758f,-0.9998476951563913f,0.708534384186456f,0f,0f,0f,1f], start_interpolation: 0, interpolation_duration: 1 }
data modify entity @s data merge value {"locators":{},"cameras":{"camera":{"posx":-2.989711538461539,"posy":1.375,"posz":2.3749999999999996,"roty":252.50000000000003,"rotx":0}}}