# This file was generated by Animated Java via MC-Build. It is not recommended to edit this file directly.
$data merge entity $(bone_left_eye) { transformation: [-0.9942623394027491f,-0.00696564119662343f,0.10674212049651455f,0.15893228493454523f,-0.0010063774203775936f,0.9984425171196469f,0.055781064997642606f,1.7350064340684697f,-0.10696442235556775f,0.05535358931906202f,-0.9927208028945684f,1.049236252768179f,0f,0f,0f,1f], start_interpolation: 0, interpolation_duration: 1 }
$data merge entity $(bone_right_eye) { transformation: [-0.9942623394027491f,-0.00696564119662343f,0.10674212049651455f,-0.08963329991614205f,-0.0010063774203775936f,0.9984425171196469f,0.055781064997642606f,1.7347548397133752f,-0.10696442235556775f,0.05535358931906202f,-0.9927208028945684f,1.0224951471792871f,0f,0f,0f,1f], start_interpolation: 0, interpolation_duration: 1 }
$data merge entity $(bone_right_close) { transformation: [-0.9942623394027491f,-0.00696564119662343f,0.10674212049651455f,-0.090068652490931f,-0.0010063774203775936f,0.9984425171196469f,0.055781064997642606f,1.7971574970333533f,-0.10696442235556775f,0.05535358931906202f,-0.9927208028945684f,1.0259547465117285f,0f,0f,0f,1f], start_interpolation: 0, interpolation_duration: 1 }
$data merge entity $(bone_left_close) { transformation: [-0.9942623394027491f,-0.00696564119662343f,0.10674212049651455f,0.15849693235975626f,-0.0010063774203775936f,0.9984425171196469f,0.055781064997642606f,1.7974090913884477f,-0.10696442235556775f,0.05535358931906202f,-0.9927208028945684f,1.0526958521006202f,0f,0f,0f,1f], start_interpolation: 0, interpolation_duration: 1 }
$data merge entity $(bone_left_eyebrow) { transformation: [-0.9942623394027491f,-0.00696564119662343f,0.10674212049651455f,0.15866440200714083f,-0.0010063774203775936f,0.9984425171196469f,0.055781064997642606f,1.7724445421438941f,-0.10696442235556775f,0.05535358931906202f,-0.9927208028945684f,1.0513740574178247f,0f,0f,0f,1f], start_interpolation: 0, interpolation_duration: 1 }
$data merge entity $(bone_right_eyebrow) { transformation: [-0.9942623394027491f,-0.00696564119662343f,0.10674212049651455f,-0.08990118284354645f,-0.0010063774203775936f,0.9984425171196469f,0.055781064997642606f,1.7721929477887999f,-0.10696442235556775f,0.05535358931906202f,-0.9927208028945684f,1.0246329518289328f,0f,0f,0f,1f], start_interpolation: 0, interpolation_duration: 1 }
$data merge entity $(bone_talking) { transformation: [-0.9942623394027491f,-0.00696564119662343f,0.10674212049651455f,0.06974781546351824f,-0.0010063774203775936f,0.9984425171196469f,0.055781064997642606f,1.502701590422774f,-0.10696442235556775f,0.05535358931906202f,-0.9927208028945684f,0.7118020517394148f,0f,0f,0f,1f], start_interpolation: 0, interpolation_duration: 1 }
$data merge entity $(bone_m_opened) { transformation: [-0.9942623394027491f,-0.00696564119662343f,0.10674212049651455f,0.06974781546351824f,-0.0010063774203775936f,0.9984425171196469f,0.055781064997642606f,1.502701590422774f,-0.10696442235556775f,0.05535358931906202f,-0.9927208028945684f,0.7118020517394148f,0f,0f,0f,1f], start_interpolation: 0, interpolation_duration: 1 }
$data merge entity $(bone_head) { transformation: [-0.9942623394027491f,-0.00696564119662343f,0.10674212049651455f,0.06307643293248609f,-0.0010063774203775936f,0.9984425171196469f,0.055781064997642606f,1.4992152738604214f,-0.10696442235556775f,0.05535358931906202f,-0.9927208028945684f,0.7738471019203254f,0f,0f,0f,1f], start_interpolation: 0, interpolation_duration: 1 }
$data merge entity $(item_display_r_item) { transformation: [-0.32666524222383964f,-0.24170722951937f,0.16209159361580325f,-0.5464999205982766f,-0.022080330125417522f,0.2635546213135672f,0.3485077769660452f,0.9541904045166346f,-0.29018705785129817f,0.25203735195865856f,-0.20898539344479214f,1.091206574238619f,0f,0f,0f,1f], start_interpolation: 0, interpolation_duration: 1 }
$data merge entity $(bone_rightarm) { transformation: [-0.7466634107973478f,0.3704950711218359f,0.5524736674728458f,-0.24588129271302336f,-0.050469326000954336f,0.7965892044938176f,-0.6024105630024392f,1.3767573369499657f,-0.6632847036601102f,-0.4776808993023819f,-0.5760853759055055f,0.7206453401864421f,0f,0f,0f,1f], start_interpolation: 0, interpolation_duration: 1 }
$data merge entity $(item_display_l_item) { transformation: [-0.4324063148861331f,-0.06623818556800372f,-0.006597849593085471f,0.36234231780928783f,0.003375785559459967f,-0.06512888905695148f,0.4326119298887443f,0.735309489436259f,-0.0664803197830066f,0.42752424560820645f,0.06488171158873027f,0.8450788506377529f,0f,0f,0f,1f], start_interpolation: 0, interpolation_duration: 1 }
$data merge entity $(bone_leftarm) { transformation: [-0.9883572911683043f,-0.015080799069909681f,0.15140156701257992f,0.3718420142671668f,0.007716081278765639f,0.9888272683171299f,0.14886603213017502f,1.371934786150737f,-0.15195501664687222f,0.1483010550599551f,-0.9771982756759005f,0.8156172255907372f,0f,0f,0f,1f], start_interpolation: 0, interpolation_duration: 1 }
$data merge entity $(bone_body) { transformation: [-0.9883572911683043f,0.0007685772433149093f,0.15214885567585706f,0.06249999999999991f,0.007716081278765639f,0.998953698480562f,0.04507738215231381f,0.75f,-0.15195501664687222f,0.04572655225388544f,-0.9873291018372858f,0.7395521877299113f,0f,0f,0f,1f], start_interpolation: 0, interpolation_duration: 1 }
$data merge entity $(bone_leftleg) { transformation: [-1f,2.1373033680837493e-18f,1.2244602795081332e-16f,0.18749999999999992f,0f,0.9998476951563913f,-0.017452406437283168f,0.8125f,-1.2246467991473532e-16f,-0.017452406437283168f,-0.9998476951563913f,0.7395521877299113f,0f,0f,0f,1f], start_interpolation: 0, interpolation_duration: 1 }
$data merge entity $(bone_rightleg) { transformation: [-1f,-2.1373033680837493e-18f,1.2244602795081332e-16f,-0.06250000000000008f,0f,0.9998476951563913f,0.017452406437283168f,0.75f,-1.2246467991473532e-16f,0.017452406437283168f,-0.9998476951563913f,0.7395521877299113f,0f,0f,0f,1f], start_interpolation: 0, interpolation_duration: 1 }
data modify entity @s data merge value {"locators":{},"cameras":{"camera":{"posx":-2.999038461538462,"posy":1.375,"posz":2.3749999999999996,"roty":252.63157894736844,"rotx":0}}}