# This file was generated by Animated Java via MC-Build. It is not recommended to edit this file directly.
$data merge entity $(bone_left_eye) { transformation: [-0.9954808731810633f,-0.003964229084828892f,0.09487948154596251f,0.1627506107081575f,0.00048467474446750223f,0.9989031714757778f,0.046821139520786696f,1.7349560611449972f,-0.0949610247473126f,0.04665553454195863f,-0.994387080002322f,1.0768327417015067f,0f,0f,0f,1f], start_interpolation: 0, interpolation_duration: 1 }
$data merge entity $(bone_right_eye) { transformation: [-0.9954808731810633f,-0.003964229084828892f,0.09487948154596251f,-0.08611960758710831f,0.00048467474446750223f,0.9989031714757778f,0.046821139520786696f,1.735077229831114f,-0.0949610247473126f,0.04665553454195863f,-0.994387080002322f,1.0530924855146784f,0f,0f,0f,1f], start_interpolation: 0, interpolation_duration: 1 }
$data merge entity $(bone_right_close) { transformation: [-0.9954808731810633f,-0.003964229084828892f,0.09487948154596251f,-0.08636737190491012f,0.00048467474446750223f,0.9989031714757778f,0.046821139520786696f,1.79750867804835f,-0.0949610247473126f,0.04665553454195863f,-0.994387080002322f,1.0560084564235508f,0f,0f,0f,1f], start_interpolation: 0, interpolation_duration: 1 }
$data merge entity $(bone_left_close) { transformation: [-0.9954808731810633f,-0.003964229084828892f,0.09487948154596251f,0.1625028463903557f,0.00048467474446750223f,0.9989031714757778f,0.046821139520786696f,1.7973875093622333f,-0.0949610247473126f,0.04665553454195863f,-0.994387080002322f,1.079748712610379f,0f,0f,0f,1f], start_interpolation: 0, interpolation_duration: 1 }
$data merge entity $(bone_left_eyebrow) { transformation: [-0.9954808731810633f,-0.003964229084828892f,0.09487948154596251f,0.16259602214987978f,0.00048467474446750223f,0.9989031714757778f,0.046821139520786696f,1.772412003754119f,-0.0949610247473126f,0.04665553454195863f,-0.994387080002322f,1.0786444734393301f,0f,0f,0f,1f], start_interpolation: 0, interpolation_duration: 1 }
$data merge entity $(bone_right_eyebrow) { transformation: [-0.9954808731810633f,-0.003964229084828892f,0.09487948154596251f,-0.08627419614538602f,0.00048467474446750223f,0.9989031714757778f,0.046821139520786696f,1.7725331724402358f,-0.0949610247473126f,0.04665553454195863f,-0.994387080002322f,1.054904217252502f,0f,0f,0f,1f], start_interpolation: 0, interpolation_duration: 1 }
$data merge entity $(bone_talking) { transformation: [-0.9954808731810633f,-0.003964229084828892f,0.09487948154596251f,0.06895639681484511f,0.00048467474446750223f,0.9989031714757778f,0.046821139520786696f,1.499922458719357f,-0.0949610247473126f,0.04665553454195863f,-0.994387080002322f,0.7425527674718772f,0f,0f,0f,1f], start_interpolation: 0, interpolation_duration: 1 }
$data merge entity $(bone_m_opened) { transformation: [-0.9954808731810633f,-0.003964229084828892f,0.09487948154596251f,0.06895639681484511f,0.00048467474446750223f,0.9989031714757778f,0.046821139520786696f,1.499922458719357f,-0.0949610247473126f,0.04665553454195863f,-0.994387080002322f,0.7425527674718772f,0f,0f,0f,1f], start_interpolation: 0, interpolation_duration: 1 }
$data merge entity $(bone_head) { transformation: [-0.9954808731810633f,-0.003964229084828892f,0.09487948154596251f,0.06302642921822245f,0.00048467474446750223f,0.9989031714757778f,0.046821139520786696f,1.4969961374993077f,-0.0949610247473126f,0.04665553454195863f,-0.994387080002322f,0.8047019599720223f,0f,0f,0f,1f], start_interpolation: 0, interpolation_duration: 1 }
$data merge entity $(item_display_r_item) { transformation: [-0.3105032376464177f,-0.22057423643327223f,0.21526958826776066f,-0.617436037699796f,-0.013440808053381216f,0.3149712686090276f,0.30334583338112936f,1.0308394406411534f,-0.30791773916090714f,0.20867763697315214f,-0.23031838775342467f,1.1469194203535802f,0f,0f,0f,1f], start_interpolation: 0, interpolation_duration: 1 }
$data merge entity $(bone_rightarm) { transformation: [-0.7097216860489547f,0.4920447731834528f,0.5041696832760509f,-0.24688684405063166f,-0.030721846979157065f,0.693361904871153f,-0.7199343282492058f,1.3741988401544734f,-0.7038119752249307f,-0.5264420291506848f,-0.4769774559386336f,0.758270970142073f,0f,0f,0f,1f], start_interpolation: 0, interpolation_duration: 1 }
$data merge entity $(item_display_l_item) { transformation: [-0.43375574909214387f,-0.05685349291858667f,-0.00546630336419086f,0.3643293757673931f,0.0029025448348814933f,-0.06375892513940092f,0.43281939039113043f,0.7335220969346274f,-0.05704187376826477f,0.42907893190883245f,0.06359044605112363f,0.8715098474262267f,0f,0f,0f,1f], start_interpolation: 0, interpolation_duration: 1 }
$data merge entity $(bone_leftarm) { transformation: [-0.9914417122106145f,-0.01249440768957914f,0.12995084095676954f,0.37276422608100235f,0.006634388194014842f,0.9893014637511552f,0.14573468603291662f,1.370052347533214f,-0.13038142575603376f,0.14534959097399708f,-0.9807518443630456f,0.8397593612395942f,0f,0f,0f,1f], start_interpolation: 0, interpolation_duration: 1 }
$data merge entity $(bone_body) { transformation: [-0.9914417122106145f,0.0007019056242967369f,0.130548223340571f,0.0624999999999999f,0.006634388194014842f,0.9989643492437128f,0.04501348501700847f,0.7477728755665233f,-0.13038142575603376f,0.04549435424951001f,-0.9904195815659361f,0.7705811942848898f,0f,0f,0f,1f], start_interpolation: 0, interpolation_duration: 1 }
$data merge entity $(bone_leftleg) { transformation: [-1f,6.409306129323725e-18f,1.2229684632711994e-16f,0.1874999999999999f,0f,0.9986295347545738f,-0.05233595624294395f,0.8125f,-1.2246467991473532e-16f,-0.05233595624294395f,-0.9986295347545738f,0.7705811942848898f,0f,0f,0f,1f], start_interpolation: 0, interpolation_duration: 1 }
$data merge entity $(bone_rightleg) { transformation: [-1f,-6.409306129323725e-18f,1.2229684632711994e-16f,-0.0625000000000001f,0f,0.9986295347545738f,0.05233595624294395f,0.75f,-1.2246467991473532e-16f,0.05233595624294395f,-0.9986295347545738f,0.7705811942848898f,0f,0f,0f,1f], start_interpolation: 0, interpolation_duration: 1 }
data modify entity @s data merge value {"locators":{},"cameras":{"camera":{"posx":-3.0083653846153853,"posy":1.375,"posz":2.3749999999999996,"roty":252.76315789473685,"rotx":0}}}