# This file was generated by Animated Java via MC-Build. It is not recommended to edit this file directly.
$data merge entity $(bone_left_eye) { transformation: [-0.9940541223201942f,0.0006217287457808007f,0.10888533120487359f,0.16015716123458656f,0.0055431993418133645f,0.9989760261071841f,0.04490180624602464f,1.7272853952300011f,-0.10874591872472855f,0.04523839869475143f,-0.9930396832172668f,1.108704106970405f,0f,0f,0f,1f], start_interpolation: 0, interpolation_duration: 1 }
$data merge entity $(bone_right_eye) { transformation: [-0.9940541223201942f,0.0006217287457808007f,0.10888533120487359f,-0.08835636934546197f,0.0055431993418133645f,0.9989760261071841f,0.04490180624602464f,1.7286711950654545f,-0.10874591872472855f,0.04523839869475143f,-0.9930396832172668f,1.0815176272892226f,0f,0f,0f,1f], start_interpolation: 0, interpolation_duration: 1 }
$data merge entity $(bone_right_close) { transformation: [-0.9940541223201942f,0.0006217287457808007f,0.10888533120487359f,-0.08831751129885067f,0.0055431993418133645f,0.9989760261071841f,0.04490180624602464f,1.7911071966971537f,-0.10874591872472855f,0.04523839869475143f,-0.9930396832172668f,1.0843450272076447f,0f,0f,0f,1f], start_interpolation: 0, interpolation_duration: 1 }
$data merge entity $(bone_left_close) { transformation: [-0.9940541223201942f,0.0006217287457808007f,0.10888533120487359f,0.16019601928119787f,0.0055431993418133645f,0.9989760261071841f,0.04490180624602464f,1.7897213968617003f,-0.10874591872472855f,0.04523839869475143f,-0.9930396832172668f,1.111531506888827f,0f,0f,0f,1f], start_interpolation: 0, interpolation_duration: 1 }
$data merge entity $(bone_left_eyebrow) { transformation: [-0.9940541223201942f,0.0006217287457808007f,0.10888533120487359f,0.16017367072935304f,0.0055431993418133645f,0.9989760261071841f,0.04490180624602464f,1.7647441898461302f,-0.10874591872472855f,0.04523839869475143f,-0.9930396832172668f,1.1104626119016592f,0f,0f,0f,1f], start_interpolation: 0, interpolation_duration: 1 }
$data merge entity $(bone_right_eyebrow) { transformation: [-0.9940541223201942f,0.0006217287457808007f,0.10888533120487359f,-0.0883398598506955f,0.0055431993418133645f,0.9989760261071841f,0.04490180624602464f,1.7661299896815836f,-0.10874591872472855f,0.04523839869475143f,-0.9930396832172668f,1.0832761322204771f,0f,0f,0f,1f], start_interpolation: 0, interpolation_duration: 1 }
$data merge entity $(bone_talking) { transformation: [-0.9940541223201942f,0.0006217287457808007f,0.10888533120487359f,0.0697716297596401f,0.0055431993418133645f,0.9989760261071841f,0.04490180624602464f,1.4922661030728146f,-0.10874591872472855f,0.04523839869475143f,-0.9930396832172668f,0.77347636645073f,0f,0f,0f,1f], start_interpolation: 0, interpolation_duration: 1 }
$data merge entity $(bone_m_opened) { transformation: [-0.9940541223201942f,0.0006217287457808007f,0.10888533120487359f,0.0697716297596401f,0.0055431993418133645f,0.9989760261071841f,0.04490180624602464f,1.4922661030728146f,-0.10874591872472855f,0.04523839869475143f,-0.9930396832172668f,0.77347636645073f,0f,0f,0f,1f], start_interpolation: 0, interpolation_duration: 1 }
$data merge entity $(bone_head) { transformation: [-0.9940541223201942f,0.0006217287457808007f,0.10888533120487359f,0.0629662965593355f,0.0055431993418133645f,0.9989760261071841f,0.04490180624602464f,1.489459740182438f,-0.10874591872472855f,0.04523839869475143f,-0.9930396832172668f,0.8355413466518092f,0f,0f,0f,1f], start_interpolation: 0, interpolation_duration: 1 }
$data merge entity $(item_display_r_item) { transformation: [-0.29401337397643607f,-0.1893859142084335f,0.26285996542347073f,-0.6773778302806012f,-0.005663549549294902f,0.3579153424874058f,0.25153683988359565f,1.1092431704474788f,-0.32392948326679843f,0.16563765607964512f,-0.24298170046105566f,1.190345206752037f,0f,0f,0f,1f], start_interpolation: 0, interpolation_duration: 1 }
$data merge entity $(bone_rightarm) { transformation: [-0.6720305690889967f,0.6008227781107901f,0.4328820896192767f,-0.2477533327589478f,-0.01294525611267406f,0.5749413483053616f,-0.8180922113997846f,1.3663199867133566f,-0.7404102474669678f,-0.5553867439109843f,-0.3786003567534747f,0.7959034472134876f,0f,0f,0f,1f], start_interpolation: 0, interpolation_duration: 1 }
$data merge entity $(item_display_l_item) { transformation: [-0.43489867851508496f,-0.047438216032011274f,-0.004359482255153535f,0.366204549475104f,0.0024251497120433467f,-0.06203162411746982f,0.43307325738057656f,0.7264560839760512f,-0.04757633944206874f,0.4304740912866292f,0.0619257511560731f,0.8983968851325181f,0f,0f,0f,1f], start_interpolation: 0, interpolation_duration: 1 }
$data merge entity $(bone_leftarm) { transformation: [-0.9940541223201942f,-0.00996453086892239f,0.10843020807316862f,0.3735304936911736f,0.0055431993418133645f,0.9898817311556035f,0.1417865694113598f,1.3628554871247234f,-0.10874591872472855f,0.14154457407102444f,-0.983940780083724f,0.8638696464164429f,0f,0f,0f,1f], start_interpolation: 0, interpolation_duration: 1 }
$data merge entity $(bone_body) { transformation: [-0.9940541223201942f,0.0006217287457808007f,0.10888533120487359f,0.0624999999999999f,0.0055431993418133645f,0.9989760261071841f,0.04490180624602464f,0.7402277206020501f,-0.10874591872472855f,0.04523839869475143f,-0.9930396832172668f,0.8016125476307456f,0f,0f,0f,1f], start_interpolation: 0, interpolation_duration: 1 }
$data merge entity $(bone_leftleg) { transformation: [-1f,1.0673500138322974e-17f,1.2199866483456202e-16f,0.1874999999999999f,0f,0.9961946980917455f,-0.08715574274765818f,0.8125f,-1.2246467991473532e-16f,-0.08715574274765818f,-0.9961946980917455f,0.8016125476307456f,0f,0f,0f,1f], start_interpolation: 0, interpolation_duration: 1 }
$data merge entity $(bone_rightleg) { transformation: [-1f,-1.0673500138322974e-17f,1.2199866483456202e-16f,-0.0625000000000001f,0f,0.9961946980917455f,0.08715574274765818f,0.75f,-1.2246467991473532e-16f,0.08715574274765818f,-0.9961946980917455f,0.8016125476307456f,0f,0f,0f,1f], start_interpolation: 0, interpolation_duration: 1 }
data modify entity @s data merge value {"locators":{},"cameras":{"camera":{"posx":-3.0176923076923083,"posy":1.375,"posz":2.3749999999999996,"roty":252.89473684210526,"rotx":0}}}