# This file was generated by Animated Java via MC-Build. It is not recommended to edit this file directly.
$data merge entity $(bone_left_eye) { transformation: [-0.9856963317354247f,0.008513924135842467f,0.16831593715134918f,0.14615717075471407f,0.0174422942567837f,0.9985135249857451f,0.05163822994256849f,1.7106539741859235f,-0.1676260957440326f,0.05383542993560027f,-0.9843796211367144f,1.146861795674472f,0f,0f,0f,1f], start_interpolation: 0, interpolation_duration: 1 }
$data merge entity $(bone_right_eye) { transformation: [-0.9856963317354247f,0.008513924135842467f,0.16831593715134918f,-0.10026691217914209f,0.0174422942567837f,0.9985135249857451f,0.05163822994256849f,1.7150145477501193f,-0.1676260957440326f,0.05383542993560027f,-0.9843796211367144f,1.1049552717384636f,0f,0f,0f,1f], start_interpolation: 0, interpolation_duration: 1 }
$data merge entity $(bone_right_close) { transformation: [-0.9856963317354247f,0.008513924135842467f,0.16831593715134918f,-0.09973479192065193f,0.0174422942567837f,0.9985135249857451f,0.05163822994256849f,1.7774216430617282f,-0.1676260957440326f,0.05383542993560027f,-0.9843796211367144f,1.1083199861094386f,0f,0f,0f,1f], start_interpolation: 0, interpolation_duration: 1 }
$data merge entity $(bone_left_close) { transformation: [-0.9856963317354247f,0.008513924135842467f,0.16831593715134918f,0.14668929101320424f,0.0174422942567837f,0.9985135249857451f,0.05163822994256849f,1.7730610694975324f,-0.1676260957440326f,0.05383542993560027f,-0.9843796211367144f,1.150226510045447f,0f,0f,0f,1f], start_interpolation: 0, interpolation_duration: 1 }
$data merge entity $(bone_left_eyebrow) { transformation: [-0.9856963317354247f,0.008513924135842467f,0.16831593715134918f,0.14646592316373622f,0.0174422942567837f,0.9985135249857451f,0.05163822994256849f,1.7480950039835175f,-0.1676260957440326f,0.05383542993560027f,-0.9843796211367144f,1.148942148023378f,0f,0f,0f,1f], start_interpolation: 0, interpolation_duration: 1 }
$data merge entity $(bone_right_eyebrow) { transformation: [-0.9856963317354247f,0.008513924135842467f,0.16831593715134918f,-0.09995815977011996f,0.0174422942567837f,0.9985135249857451f,0.05163822994256849f,1.7524555775477135f,-0.1676260957440326f,0.05383542993560027f,-0.9843796211367144f,1.1070356240873698f,0f,0f,0f,1f], start_interpolation: 0, interpolation_duration: 1 }
$data merge entity $(bone_talking) { transformation: [-0.9856963317354247f,0.008513924135842467f,0.16831593715134918f,0.073415378613622f,0.0174422942567837f,0.9985135249857451f,0.05163822994256849f,1.4793428265786377f,-0.1676260957440326f,0.05383542993560027f,-0.9843796211367144f,0.8048310446173444f,0f,0f,0f,1f], start_interpolation: 0, interpolation_duration: 1 }
$data merge entity $(bone_m_opened) { transformation: [-0.9856963317354247f,0.008513924135842467f,0.16831593715134918f,0.073415378613622f,0.0174422942567837f,0.9985135249857451f,0.05163822994256849f,1.4793428265786377f,-0.1676260957440326f,0.05383542993560027f,-0.9843796211367144f,0.8048310446173444f,0f,0f,0f,1f], start_interpolation: 0, interpolation_duration: 1 }
$data merge entity $(bone_head) { transformation: [-0.9856963317354247f,0.008513924135842467f,0.16831593715134918f,0.06289563254166268f,0.0174422942567837f,0.9985135249857451f,0.05163822994256849f,1.4761154372072272f,-0.1676260957440326f,0.05383542993560027f,-0.9843796211367144f,0.8663547709383891f,0f,0f,0f,1f], start_interpolation: 0, interpolation_duration: 1 }
$data merge entity $(item_display_r_item) { transformation: [-0.27795354910130693f,-0.1509719384367462f,0.30225080371545526f,-0.7234024034454527f,0.0010440371441274477f,0.3910056747507356f,0.19626441934075475f,1.1839687933833571f,-0.33785645550799975f,0.12541246396340866f,-0.2480543878954728f,1.2237245537611319f,0f,0f,0f,1f], start_interpolation: 0, interpolation_duration: 1 }
$data merge entity $(bone_rightarm) { transformation: [-0.6353223979458444f,0.6908589799210405f,0.34507871642684856f,-0.24848070144144635f,0.0023863706151484518f,0.4486043870645825f,-0.8937272565731098f,1.3526306282270826f,-0.772243326875428f,-0.5669814580467949f,-0.2866570604877914f,0.8335290099209112f,0f,0f,0f,1f], start_interpolation: 0, interpolation_duration: 1 }
$data merge entity $(item_display_l_item) { transformation: [-0.4358345533166313f,-0.03799473711748087f,-0.0033003161463688985f,0.36799918718641655f,0.0019442875312026754f,-0.0599462824823587f,0.4333692570574674f,0.7136266266768799f,-0.03808821184157208f,0.4317048681309012f,0.05988693472530342f,0.9257322252672666f,0f,0f,0f,1f], start_interpolation: 0, interpolation_duration: 1 }
$data merge entity $(bone_leftarm) { transformation: [-0.9961932647237287f,-0.00754357976312893f,0.08684511341138484f,0.3741400890108841f,0.004444085785606115f,0.9905583018456399f,0.13702007424539153f,1.3498530746110788f,-0.08705876992359332f,0.13688442222926517f,-0.9867539842992027f,0.887940741123157f,0f,0f,0f,1f], start_interpolation: 0, interpolation_duration: 1 }
$data merge entity $(bone_body) { transformation: [-0.9961932647237287f,0.0005275100555503866f,0.08717052857600599f,0.062499999999999896f,0.004444085785606115f,0.9989886863051715f,0.044742091321237736f,0.7268739224783486f,-0.08705876992359332f,0.04495916333083943f,-0.9951881451323572f,0.8326353984402595f,0f,0f,0f,1f], start_interpolation: 0, interpolation_duration: 1 }
$data merge entity $(bone_leftleg) { transformation: [-1f,1.4924690131530332e-17f,1.2155184676135686e-16f,0.1874999999999999f,0f,0.9925461516413221f,-0.12186934340514737f,0.8f,-1.2246467991473532e-16f,-0.12186934340514737f,-0.9925461516413221f,0.8326353984402595f,0f,0f,0f,1f], start_interpolation: 0, interpolation_duration: 1 }
$data merge entity $(bone_rightleg) { transformation: [-1f,-1.4924690131530332e-17f,1.2155184676135686e-16f,-0.06250000000000011f,0f,0.9925461516413221f,0.12186934340514737f,0.75f,-1.2246467991473532e-16f,0.12186934340514737f,-0.9925461516413221f,0.8326353984402595f,0f,0f,0f,1f], start_interpolation: 0, interpolation_duration: 1 }
data modify entity @s data merge value {"locators":{},"cameras":{"camera":{"posx":-3.0270192307692314,"posy":1.375,"posz":2.3749999999999996,"roty":253.02631578947373,"rotx":0}}}