# This file was generated by Animated Java via MC-Build. It is not recommended to edit this file directly.
$data merge entity $(bone_left_eye) { transformation: [-0.9648073337079255f,0.016811402965925887f,0.2624198650135333f,0.12201284684379582f,0.03456873794446977f,0.9974021253433857f,0.06319812273654665f,1.6891076994076821f,-0.2606756819888084f,0.07004553583786977f,-0.962882034170778f,1.1879465253268164f,0f,0f,0f,1f], start_interpolation: 0, interpolation_duration: 1 }
$data merge entity $(bone_right_eye) { transformation: [-0.9648073337079255f,0.016811402965925887f,0.2624198650135333f,-0.11918898658318555f,0.03456873794446977f,0.9974021253433857f,0.06319812273654665f,1.6977498838937997f,-0.2606756819888084f,0.07004553583786977f,-0.962882034170778f,1.1227776048296145f,0f,0f,0f,1f], start_interpolation: 0, interpolation_duration: 1 }
$data merge entity $(bone_right_close) { transformation: [-0.9648073337079255f,0.016811402965925887f,0.2624198650135333f,-0.1181382738978152f,0.03456873794446977f,0.9974021253433857f,0.06319812273654665f,1.7600875167277614f,-0.2606756819888084f,0.07004553583786977f,-0.962882034170778f,1.1271554508194814f,0f,0f,0f,1f], start_interpolation: 0, interpolation_duration: 1 }
$data merge entity $(bone_left_close) { transformation: [-0.9648073337079255f,0.016811402965925887f,0.2624198650135333f,0.12306355952916617f,0.03456873794446977f,0.9974021253433857f,0.06319812273654665f,1.751445332241644f,-0.2606756819888084f,0.07004553583786977f,-0.962882034170778f,1.1923243713166833f,0f,0f,0f,1f], start_interpolation: 0, interpolation_duration: 1 }
$data merge entity $(bone_left_eyebrow) { transformation: [-0.9648073337079255f,0.016811402965925887f,0.2624198650135333f,0.1226268732134547f,0.03456873794446977f,0.9974021253433857f,0.06319812273654665f,1.7265063292253884f,-0.2606756819888084f,0.07004553583786977f,-0.962882034170778f,1.1906334130478724f,0f,0f,0f,1f], start_interpolation: 0, interpolation_duration: 1 }
$data merge entity $(bone_right_eyebrow) { transformation: [-0.9648073337079255f,0.016811402965925887f,0.2624198650135333f,-0.11857496021352668f,0.03456873794446977f,0.9974021253433857f,0.06319812273654665f,1.735148513711506f,-0.2606756819888084f,0.07004553583786977f,-0.962882034170778f,1.1254644925506703f,0f,0f,0f,1f], start_interpolation: 0, interpolation_duration: 1 }
$data merge entity $(bone_talking) { transformation: [-0.9648073337079255f,0.016811402965925887f,0.2624198650135333f,0.07921528720555282f,0.03456873794446977f,0.9974021253433857f,0.06319812273654665f,1.4638276736700655f,-0.2606756819888084f,0.07004553583786977f,-0.962882034170778f,0.8369500454403799f,0f,0f,0f,1f], start_interpolation: 0, interpolation_duration: 1 }
$data merge entity $(bone_m_opened) { transformation: [-0.9648073337079255f,0.016811402965925887f,0.2624198650135333f,0.07921528720555282f,0.03456873794446977f,0.9974021253433857f,0.06319812273654665f,1.4638276736700655f,-0.2606756819888084f,0.07004553583786977f,-0.962882034170778f,0.8369500454403799f,0f,0f,0f,1f], start_interpolation: 0, interpolation_duration: 1 }
$data merge entity $(bone_head) { transformation: [-0.9648073337079255f,0.016811402965925887f,0.2624198650135333f,0.06281404564220698f,0.03456873794446977f,0.9974021253433857f,0.06319812273654665f,1.4598777909990313f,-0.2606756819888084f,0.07004553583786977f,-0.962882034170778f,0.8971301725760535f,0f,0f,0f,1f], start_interpolation: 0, interpolation_duration: 1 }
$data merge entity $(item_display_r_item) { transformation: [-0.26315897661884025f,-0.10900788635473281f,0.3320706005315712f,-0.754600637347651f,0.006565863778403956f,0.4140611006864713f,0.14112598744083754f,1.2527404438359038f,-0.3494431176282746f,0.08987177315921643f,-0.2474243761868468f,1.2502733624229823f,0f,0f,0f,1f], start_interpolation: 0, interpolation_duration: 1 }
$data merge entity $(bone_rightarm) { transformation: [-0.6015062322716349f,0.7590185155007342f,0.2491608830965323f,-0.24906895477262558f,0.0150076886363519f,0.3225736855790574f,-0.9464253729976485f,1.3360458256981085f,-0.7987271260074849f,-0.5655414312842212f,-0.20542119579249482f,0.8711323183962822f,0f,0f,0f,1f], start_interpolation: 0, interpolation_duration: 1 }
$data merge entity $(item_display_l_item) { transformation: [-0.4365629232642506f,-0.028525771933967124f,-0.0023117886026488782f,0.369744698770383f,0.0014606483900970742f,-0.057502135197608314f,0.43370222613447174f,0.6979553948922652f,-0.028581996733128192f,0.4327655656164054f,0.05747420881978438f,0.9535050341628892f,0f,0f,0f,1f], start_interpolation: 0, interpolation_duration: 1 }
$data merge entity $(bone_leftarm) { transformation: [-0.9978581103182871f,-0.005284088234626022f,0.06520176442049629f,0.3745923641763038f,0.003338624891650455f,0.9913193740216497f,0.1314334518802478f,1.3339591851408272f,-0.06533027824715015f,0.13136962015950737f,-0.9891784356946409f,0.9119637423007512f,0f,0f,0f,1f], start_interpolation: 0, interpolation_duration: 1 }
$data merge entity $(bone_body) { transformation: [-0.9978581103182871f,0.0004187275229427726f,0.06541419065675841f,0.062499999999999896f,0.003338624891650455f,0.9990022846365071f,0.04453413157199896f,0.710626077521651f,-0.06533027824715015f,0.04465713782029467f,-0.9968639299251675f,0.8636373192108325f,0f,0f,0f,1f], start_interpolation: 0, interpolation_duration: 1 }
$data merge entity $(bone_leftleg) { transformation: [-1f,1.9157696688784695e-17f,1.2095693648649962e-16f,0.1874999999999999f,0f,0.9876883405951378f,-0.15643446504023062f,0.7875000000000001f,-1.2246467991473532e-16f,-0.15643446504023062f,-0.9876883405951378f,0.8636373192108325f,0f,0f,0f,1f], start_interpolation: 0, interpolation_duration: 1 }
$data merge entity $(bone_rightleg) { transformation: [-1f,-1.9157696688784695e-17f,1.2095693648649962e-16f,-0.06250000000000011f,0f,0.9876883405951378f,0.15643446504023062f,0.75f,-1.2246467991473532e-16f,0.15643446504023062f,-0.9876883405951378f,0.8636373192108325f,0f,0f,0f,1f], start_interpolation: 0, interpolation_duration: 1 }
data modify entity @s data merge value {"locators":{},"cameras":{"camera":{"posx":-3.0363461538461545,"posy":1.375,"posz":2.3749999999999996,"roty":253.15789473684214,"rotx":0}}}