# This file was generated by Animated Java via MC-Build. It is not recommended to edit this file directly.
$data merge entity $(bone_left_eye) { transformation: [-0.926920261707018f,0.021714516692073603f,0.3746295613026593f,0.09035742699305521f,0.05354488339560377f,0.9957625611565203f,0.07476541487317692f,1.6700910357028627f,-0.37141859659842624f,0.08936107409737601f,-0.9241551950495214f,1.2276583792846714f,0f,0f,0f,1f], start_interpolation: 0, interpolation_duration: 1 }
$data merge entity $(bone_right_eye) { transformation: [-0.926920261707018f,0.021714516692073603f,0.3746295613026593f,-0.1413726384336993f,0.05354488339560377f,0.9957625611565203f,0.07476541487317692f,1.6834772565517637f,-0.37141859659842624f,0.08936107409737601f,-0.9241551950495214f,1.1348037301350649f,0f,0f,0f,1f], start_interpolation: 0, interpolation_duration: 1 }
$data merge entity $(bone_right_close) { transformation: [-0.926920261707018f,0.021714516692073603f,0.3746295613026593f,-0.1400154811404447f,0.05354488339560377f,0.9957625611565203f,0.07476541487317692f,1.7457124166240463f,-0.37141859659842624f,0.08936107409737601f,-0.9241551950495214f,1.1403887972661508f,0f,0f,0f,1f], start_interpolation: 0, interpolation_duration: 1 }
$data merge entity $(bone_left_close) { transformation: [-0.926920261707018f,0.021714516692073603f,0.3746295613026593f,0.09171458428630981f,0.05354488339560377f,0.9957625611565203f,0.07476541487317692f,1.7323261957751452f,-0.37141859659842624f,0.08936107409737601f,-0.9241551950495214f,1.2332434464157573f,0f,0f,0f,1f], start_interpolation: 0, interpolation_duration: 1 }
$data merge entity $(bone_left_eyebrow) { transformation: [-0.926920261707018f,0.021714516692073603f,0.3746295613026593f,0.09114830702142657f,0.05354488339560377f,0.9957625611565203f,0.07476541487317692f,1.7074274589078027f,-0.37141859659842624f,0.08936107409737601f,-0.9241551950495214f,1.2310671792630137f,0f,0f,0f,1f], start_interpolation: 0, interpolation_duration: 1 }
$data merge entity $(bone_right_eyebrow) { transformation: [-0.926920261707018f,0.021714516692073603f,0.3746295613026593f,-0.14058175840532794f,0.05354488339560377f,0.9957625611565203f,0.07476541487317692f,1.7208136797567037f,-0.37141859659842624f,0.08936107409737601f,-0.9241551950495214f,1.1382125301134072f,0f,0f,0f,1f], start_interpolation: 0, interpolation_duration: 1 }
$data merge entity $(bone_talking) { transformation: [-0.926920261707018f,0.021714516692073603f,0.3746295613026593f,0.0861355030137406f,0.05354488339560377f,0.9957625611565203f,0.07476541487317692f,1.4512076979860509f,-0.37141859659842624f,0.08936107409737601f,-0.9241551950495214f,0.8700922877325487f,0f,0f,0f,1f], start_interpolation: 0, interpolation_duration: 1 }
$data merge entity $(bone_m_opened) { transformation: [-0.926920261707018f,0.021714516692073603f,0.3746295613026593f,0.0861355030137406f,0.05354488339560377f,0.9957625611565203f,0.07476541487317692f,1.4512076979860509f,-0.37141859659842624f,0.08936107409737601f,-0.9241551950495214f,0.8700922877325487f,0f,0f,0f,1f], start_interpolation: 0, interpolation_duration: 1 }
$data merge entity $(bone_head) { transformation: [-0.926920261707018f,0.021714516692073603f,0.3746295613026593f,0.06272115543232439f,0.05354488339560377f,0.9957625611565203f,0.07476541487317692f,1.4465348595564773f,-0.37141859659842624f,0.08936107409737601f,-0.9241551950495214f,0.9278519874231438f,0f,0f,0f,1f], start_interpolation: 0, interpolation_duration: 1 }
$data merge entity $(item_display_r_item) { transformation: [-0.25050330868086024f,-0.06745281132652768f,0.3522846300707561f,-0.7720541485364775f,0.010875542741482213f,0.4280683052073605f,0.08969670365724831f,1.3165212195513298f,-0.3585192671391872f,0.06011567450379213f,-0.24342615054454253f,1.2736220719465126f,0f,0f,0f,1f], start_interpolation: 0, interpolation_duration: 1 }
$data merge entity $(bone_rightarm) { transformation: [-0.5725789912705377f,0.8052220115902997f,0.1541778544606349f,-0.2495181594849608f,0.0248583834091022f,0.2050210369308535f,-0.9784418404739669f,1.3223541375738674f,-0.8194726106038565f,-0.5564026298160972f,-0.13740725600866785f,0.9086945213103683f,0f,0f,0f,1f], start_interpolation: 0, interpolation_duration: 1 }
$data merge entity $(item_display_l_item) { transformation: [-0.43708343794999027f,-0.019035987015782192f,-0.0013962335592628509f,0.371442517809463f,0.0009749245946691667f,-0.05422695666572946f,0.43412525461300655f,0.685289036801265f,-0.01906220847257078f,0.4337087944336707f,0.05421774468788036f,0.9823891251266891f,0f,0f,0f,1f], start_interpolation: 0, interpolation_duration: 1 }
$data merge entity $(bone_leftarm) { transformation: [-0.9990478581714063f,-0.003191390992600811f,0.04351082746464501f,0.37488675187216813f,0.002228399073529524f,0.9922862962583007f,0.12394732952166755f,1.3209613881529114f,-0.04357076222301892f,0.12392627357229818f,-0.9913343872769617f,0.9359262476997552f,0f,0f,0f,1f], start_interpolation: 0, interpolation_duration: 1 }
$data merge entity $(bone_body) { transformation: [-0.9990478581714063f,0.0002948739097659974f,0.043626713519391985f,0.06249999999999989f,0.002228399073529524f,0.9990167735447032f,0.044277764328162016f,0.6972722793979499f,-0.04357076222301892f,0.044332823344656304f,-0.9980662249838919f,0.8946023699146516f,0f,0f,0f,1f], start_interpolation: 0, interpolation_duration: 1 }
$data merge entity $(bone_leftleg) { transformation: [-1f,2.3367362543640727e-17f,1.2021465881652135e-16f,0.1874999999999999f,0f,0.981627183447664f,-0.19080899537654444f,0.7750000000000001f,-1.2246467991473532e-16f,-0.19080899537654444f,-0.981627183447664f,0.8946023699146516f,0f,0f,0f,1f], start_interpolation: 0, interpolation_duration: 1 }
$data merge entity $(bone_rightleg) { transformation: [-1f,-2.3367362543640727e-17f,1.2021465881652135e-16f,-0.06250000000000011f,0f,0.981627183447664f,0.19080899537654444f,0.75f,-1.2246467991473532e-16f,0.19080899537654444f,-0.981627183447664f,0.8946023699146516f,0f,0f,0f,1f], start_interpolation: 0, interpolation_duration: 1 }
data modify entity @s data merge value {"locators":{},"cameras":{"camera":{"posx":-3.0456730769230775,"posy":1.375,"posz":2.3749999999999996,"roty":253.28947368421052,"rotx":0}}}