# This file was generated by Animated Java via MC-Build. It is not recommended to edit this file directly.
$data merge entity $(bone_left_eye) { transformation: [-0.8725206575344451f,0.021258063128298667f,0.48811453259219056f,0.05496755759853093f,0.07082772426556254f,0.994002900608598f,0.08331666734246726f,1.6578192946166561f,-0.4834161102518419f,0.10726755489768178f,-0.8687937246638306f,1.2629420618109313f,0f,0f,0f,1f], start_interpolation: 0, interpolation_duration: 1 }
$data merge entity $(bone_right_eye) { transformation: [-0.8725206575344451f,0.021258063128298667f,0.48811453259219056f,-0.16316260678508032f,0.07082772426556254f,0.994002900608598f,0.08331666734246726f,1.6755262256830468f,-0.4834161102518419f,0.10726755489768178f,-0.8687937246638306f,1.142088034247971f,0f,0f,0f,1f], start_interpolation: 0, interpolation_duration: 1 }
$data merge entity $(bone_right_close) { transformation: [-0.8725206575344451f,0.021258063128298667f,0.48811453259219056f,-0.16183397783956166f,0.07082772426556254f,0.994002900608598f,0.08331666734246726f,1.737651406971084f,-0.4834161102518419f,0.10726755489768178f,-0.8687937246638306f,1.148792256429076f,0f,0f,0f,1f], start_interpolation: 0, interpolation_duration: 1 }
$data merge entity $(bone_left_close) { transformation: [-0.8725206575344451f,0.021258063128298667f,0.48811453259219056f,0.05629618654404961f,0.07082772426556254f,0.994002900608598f,0.08331666734246726f,1.7199444759046933f,-0.4834161102518419f,0.10726755489768178f,-0.8687937246638306f,1.2696462839920364f,0f,0f,0f,1f], start_interpolation: 0, interpolation_duration: 1 }
$data merge entity $(bone_left_eyebrow) { transformation: [-0.8725206575344451f,0.021258063128298667f,0.48811453259219056f,0.05573422780755512f,0.07082772426556254f,0.994002900608598f,0.08331666734246726f,1.6950891960977696f,-0.4834161102518419f,0.10726755489768178f,-0.8687937246638306f,1.2670188947273857f,0f,0f,0f,1f], start_interpolation: 0, interpolation_duration: 1 }
$data merge entity $(bone_right_eyebrow) { transformation: [-0.8725206575344451f,0.021258063128298667f,0.48811453259219056f,-0.16239593657605617f,0.07082772426556254f,0.994002900608598f,0.08331666734246726f,1.7127961271641603f,-0.4834161102518419f,0.10726755489768178f,-0.8687937246638306f,1.1461648671644253f,0f,0f,0f,1f], start_interpolation: 0, interpolation_duration: 1 }
$data merge entity $(bone_talking) { transformation: [-0.8725206575344451f,0.021258063128298667f,0.48811453259219056f,0.09312375105971019f,0.07082772426556254f,0.994002900608598f,0.08331666734246726f,1.4442084935422228f,-0.4834161102518419f,0.10726755489768178f,-0.8687937246638306f,0.9042001203475835f,0f,0f,0f,1f], start_interpolation: 0, interpolation_duration: 1 }
$data merge entity $(bone_m_opened) { transformation: [-0.8725206575344451f,0.021258063128298667f,0.48811453259219056f,0.09312375105971019f,0.07082772426556254f,0.994002900608598f,0.08331666734246726f,1.4442084935422228f,-0.4834161102518419f,0.10726755489768178f,-0.8687937246638306f,0.9042001203475835f,0f,0f,0f,1f], start_interpolation: 0, interpolation_duration: 1 }
$data merge entity $(bone_head) { transformation: [-0.8725206575344451f,0.021258063128298667f,0.48811453259219056f,0.06261659277269828f,0.07082772426556254f,0.994002900608598f,0.08331666734246726f,1.4390012018333187f,-0.4834161102518419f,0.10726755489768178f,-0.8687937246638306f,0.9584997281390729f,0f,0f,0f,1f], start_interpolation: 0, interpolation_duration: 1 }
$data merge entity $(item_display_r_item) { transformation: [-0.24086041234460318f,-0.030049814345237832f,0.36399109937332863f,-0.7784013903885909f,0.014020741312512599f,0.4349345157171681f,0.045184464707685f,1.3741883939189226f,-0.364960176701836f,0.036540740218134166f,-0.23848499685740296f,1.2973249022864115f,0f,0f,0f,1f], start_interpolation: 0, interpolation_duration: 1 }
$data merge entity $(bone_rightarm) { transformation: [-0.550538085359093f,0.8319796557104655f,0.06868528993197237f,-0.2498284443280534f,0.03204740871431451f,0.10327877647470879f,-0.9941360359249557f,1.314470624724996f,-0.8341946896041965f,-0.5451085642454925f,-0.08352169192716394f,0.9461918381420832f,0f,0f,0f,1f], start_interpolation: 0, interpolation_duration: 1 }
$data merge entity $(item_display_l_item) { transformation: [-0.43739584696075606f,-0.009526950006572723f,-0.0006002374989120151f,0.37315826204102315f,0.000487810108311357f,-0.04978133830287618f,0.43465829153263924f,0.6786100971513875f,-0.009533367861415261f,0.4345541457406049f,0.04978010965106523f,1.0128548200827558f,0f,0f,0f,1f], start_interpolation: 0, interpolation_duration: 1 }
$data merge entity $(bone_leftarm) { transformation: [-0.9997619359102996f,-0.001371971426084611f,0.02177588572930908f,0.3750227656158839f,0.0011149945332831017f,0.9935046663603183f,0.11378591612086006f,1.313773753141694f,-0.02179055511180631f,0.1137831077738636f,-0.9932666188356684f,0.9598109350869621f,0f,0f,0f,1f], start_interpolation: 0, interpolation_duration: 1 }
$data merge entity $(bone_body) { transformation: [-0.9997619359102996f,0.00015545703026451777f,0.02181850906917475f,0.06249999999999989f,0.0011149945332831017f,0.999032103199789f,0.04397287304005732f,0.6897271244334768f,-0.02179055511180631f,0.04398673219640204f,-0.9987944428652982f,0.9255096789917714f,0f,0f,0f,1f], start_interpolation: 0, interpolation_duration: 1 }
$data merge entity $(bone_leftleg) { transformation: [-1f,2.754855886670367e-17f,1.1932591810242374e-16f,0.1874999999999999f,0f,0.9743700647852352f,-0.2249510543438651f,0.7625f,-1.2246467991473532e-16f,-0.2249510543438651f,-0.9743700647852352f,0.9255096789917714f,0f,0f,0f,1f], start_interpolation: 0, interpolation_duration: 1 }
$data merge entity $(bone_rightleg) { transformation: [-1f,-2.754855886670367e-17f,1.1932591810242374e-16f,-0.06250000000000011f,0f,0.9743700647852352f,0.2249510543438651f,0.75f,-1.2246467991473532e-16f,0.2249510543438651f,-0.9743700647852352f,0.9255096789917714f,0f,0f,0f,1f], start_interpolation: 0, interpolation_duration: 1 }
data modify entity @s data merge value {"locators":{},"cameras":{"camera":{"posx":-3.0550000000000006,"posy":1.375,"posz":2.3749999999999996,"roty":253.42105263157896,"rotx":0}}}