# This file was generated by Animated Java via MC-Build. It is not recommended to edit this file directly.
$data merge entity $(bone_left_eye) { transformation: [-0.8087057552028424f,0.01607269648511342f,0.5879937669138149f,0.020607951793179813f,0.08370745906947749f,0.9925975012033437f,0.08799580615580468f,1.6524731575645932f,-0.5822268138774889f,0.12038217904895902f,-0.8040647164062681f,1.292937202296429f,0f,0f,0f,1f], start_interpolation: 0, interpolation_duration: 1 }
$data merge entity $(bone_right_eye) { transformation: [-0.8087057552028424f,0.01607269648511342f,0.5879937669138149f,-0.18156848700753078f,0.08370745906947749f,0.9925975012033437f,0.08799580615580468f,1.6734000223319627f,-0.5822268138774889f,0.12038217904895902f,-0.8040647164062681f,1.1473804988270568f,0f,0f,0f,1f], start_interpolation: 0, interpolation_duration: 1 }
$data merge entity $(bone_right_close) { transformation: [-0.8087057552028424f,0.01607269648511342f,0.5879937669138149f,-0.1805639434772112f,0.08370745906947749f,0.9925975012033437f,0.08799580615580468f,1.7354373661571716f,-0.5822268138774889f,0.12038217904895902f,-0.8040647164062681f,1.1549043850176168f,0f,0f,0f,1f], start_interpolation: 0, interpolation_duration: 1 }
$data merge entity $(bone_left_close) { transformation: [-0.8087057552028424f,0.01607269648511342f,0.5879937669138149f,0.021612495323499403f,0.08370745906947749f,0.9925975012033437f,0.08799580615580468f,1.714510501389802f,-0.5822268138774889f,0.12038217904895902f,-0.8040647164062681f,1.300461088486989f,0f,0f,0f,1f], start_interpolation: 0, interpolation_duration: 1 }
$data merge entity $(bone_left_eyebrow) { transformation: [-0.8087057552028424f,0.01607269648511342f,0.5879937669138149f,0.02117392830093945f,0.08370745906947749f,0.9925975012033437f,0.08799580615580468f,1.689690064121834f,-0.5822268138774889f,0.12038217904895902f,-0.8040647164062681f,1.2975017880555404f,0f,0f,0f,1f], start_interpolation: 0, interpolation_duration: 1 }
$data merge entity $(bone_right_eyebrow) { transformation: [-0.8087057552028424f,0.01607269648511342f,0.5879937669138149f,-0.18100251049977115f,0.08370745906947749f,0.9925975012033437f,0.08799580615580468f,1.7106169288892035f,-0.5822268138774889f,0.12038217904895902f,-0.8040647164062681f,1.1519450845861683f,0f,0f,0f,1f], start_interpolation: 0, interpolation_duration: 1 }
$data merge entity $(bone_talking) { transformation: [-0.8087057552028424f,0.01607269648511342f,0.5879937669138149f,0.0992496104321133f,0.08370745906947749f,0.9925975012033437f,0.08799580615580468f,1.442285904071131f,-0.5822268138774889f,0.12038217904895902f,-0.8040647164062681f,0.9387930819225444f,0f,0f,0f,1f], start_interpolation: 0, interpolation_duration: 1 }
$data merge entity $(bone_m_opened) { transformation: [-0.8087057552028424f,0.01607269648511342f,0.5879937669138149f,0.0992496104321133f,0.08370745906947749f,0.9925975012033437f,0.08799580615580468f,1.442285904071131f,-0.5822268138774889f,0.12038217904895902f,-0.8040647164062681f,0.9387930819225444f,0f,0f,0f,1f], start_interpolation: 0, interpolation_duration: 1 }
$data merge entity $(bone_head) { transformation: [-0.8087057552028424f,0.01607269648511342f,0.5879937669138149f,0.062499999999999875f,0.08370745906947749f,0.9925975012033437f,0.08799580615580468f,1.4367861661863932f,-0.5822268138774889f,0.12038217904895902f,-0.8040647164062681f,0.9890471266979362f,0f,0f,0f,1f], start_interpolation: 0, interpolation_duration: 1 }
$data merge entity $(item_display_r_item) { transformation: [-0.23506857865173536f,3.102154282866835e-17f,0.36898375754313756f,-0.7771196536330538f,0.016094845451791337f,0.4370835969420628f,0.010253547389629f,1.422138241344066f,-0.368632566766063f,0.019083481972334497f,-0.23484484545179127f,1.3245397630576379f,0f,0f,0f,1f], start_interpolation: 0, interpolation_duration: 1 }
$data merge entity $(bone_rightarm) { transformation: [-0.5372996083468237f,0.8433914458128858f,1.163641367742884e-16f,-0.2500000000000001f,0.03678821817552305f,0.02343667974772365f,-0.9990482215818578f,1.311905138488661f,-0.8425887240367154f,-0.5367882181755229f,-0.04361938736533611f,0.9835947032772691f,0f,0f,0f,1f], start_interpolation: 0, interpolation_duration: 1 }
$data merge entity $(item_display_l_item) { transformation: [-0.4375f,-5.3302121319459016e-17f,-5.4330306318743105e-18f,0.3749999999999999f,0f,-0.044364061831190814f,0.4352448506505715f,0.6774513341789331f,-5.35782974626967e-17f,0.4352448506505715f,0.044364061831190814f,1.0445731437043027f,0f,0f,0f,1f], start_interpolation: 0, interpolation_duration: 1 }
$data merge entity $(bone_leftarm) { transformation: [-1f,-1.241835572999845e-17f,1.2183342015876346e-16f,0.3749999999999999f,0f,0.9948453729155919f,0.10140356989986495f,1.311905138488661f,-1.2246467991473532e-16f,0.10140356989986495f,-0.9948453729155919f,0.9835947032772692f,0f,0f,0f,1f], start_interpolation: 0, interpolation_duration: 1 }
$data merge entity $(bone_body) { transformation: [-1f,-5.341834311772723e-18f,1.223481206754078e-16f,0.06249999999999988f,0f,0.9990482215818578f,0.043619387365336f,0.6875f,-1.2246467991473532e-16f,0.043619387365336f,-0.9990482215818578f,0.9563325861739341f,0f,0f,0f,1f], start_interpolation: 0, interpolation_duration: 1 }
$data merge entity $(bone_leftleg) { transformation: [-1f,3.169619151431765e-17f,1.1829179713786698e-16f,0.1874999999999999f,0f,0.9659258262890683f,-0.25881904510252074f,0.75f,-1.2246467991473532e-16f,-0.25881904510252074f,-0.9659258262890683f,0.9563325861739341f,0f,0f,0f,1f], start_interpolation: 0, interpolation_duration: 1 }
$data merge entity $(bone_rightleg) { transformation: [-1f,-3.169619151431765e-17f,1.1829179713786698e-16f,-0.06250000000000011f,0f,0.9659258262890683f,0.25881904510252074f,0.75f,-1.2246467991473532e-16f,0.25881904510252074f,-0.9659258262890683f,0.9563325861739341f,0f,0f,0f,1f], start_interpolation: 0, interpolation_duration: 1 }
data modify entity @s data merge value {"locators":{},"cameras":{"camera":{"posx":-3.0643269230769237,"posy":1.375,"posz":2.3749999999999996,"roty":253.5526315789474,"rotx":0}}}
execute on vehicle unless entity @s[tag=aj.transforms_only] at @s run function animated_java:humanentity/animations/000_mur_1/zzz/frames/zzz/13