# This file was generated by Animated Java via MC-Build. It is not recommended to edit this file directly.
$data merge entity $(bone_left_eye) { transformation: [-0.9990482215818578f,0.005693472539768719f,-0.043246217459635965f,0.1996159501975835f,0f,0.9914448613738104f,0.13052619222005157f,1.6527296672884397f,0.043619387365335875f,0.13040196020729425f,-0.9905012255519768f,-0.6002266269808494f,0f,0f,0f,1f], start_interpolation: 0, interpolation_duration: 1 }
$data merge entity $(bone_right_eye) { transformation: [-0.9990482215818578f,0.005693472539768719f,-0.043246217459635965f,-0.05014610519788096f,0f,0.9914448613738104f,0.13052619222005157f,1.6527296672884397f,0.043619387365335875f,0.13040196020729425f,-0.9905012255519768f,-0.5893217801395154f,0f,0f,0f,1f], start_interpolation: 0, interpolation_duration: 1 }
$data merge entity $(bone_right_close) { transformation: [-0.9990482215818578f,0.005693472539768719f,-0.043246217459635965f,-0.04979026316414541f,0f,0.9914448613738104f,0.13052619222005157f,1.714694971124303f,0.043619387365335875f,0.13040196020729425f,-0.9905012255519768f,-0.5811716576265595f,0f,0f,0f,1f], start_interpolation: 0, interpolation_duration: 1 }
$data merge entity $(bone_left_close) { transformation: [-0.9990482215818578f,0.005693472539768719f,-0.043246217459635965f,0.19997179223131906f,0f,0.9914448613738104f,0.13052619222005157f,1.714694971124303f,0.043619387365335875f,0.13040196020729425f,-0.9905012255519768f,-0.5920765044678935f,0f,0f,0f,1f], start_interpolation: 0, interpolation_duration: 1 }
$data merge entity $(bone_left_eyebrow) { transformation: [-0.9990482215818578f,0.005693472539768719f,-0.043246217459635965f,0.19983215830641604f,0f,0.9914448613738104f,0.13052619222005157f,1.6899006917029438f,0.043619387365335875f,0.13040196020729425f,-0.9905012255519768f,-0.5952746471464788f,0f,0f,0f,1f], start_interpolation: 0, interpolation_duration: 1 }
$data merge entity $(bone_right_eyebrow) { transformation: [-0.9990482215818578f,0.005693472539768719f,-0.043246217459635965f,-0.04992989708904841f,0f,0.9914448613738104f,0.13052619222005157f,1.6899006917029438f,0.043619387365335875f,0.13040196020729425f,-0.9905012255519768f,-0.5843698003051448f,0f,0f,0f,1f], start_interpolation: 0, interpolation_duration: 1 }
$data merge entity $(bone_talking) { transformation: [-0.9990482215818578f,0.005693472539768719f,-0.043246217459635965f,0.05979711140877285f,0f,0.9914448613738104f,0.13052619222005157f,1.4456578870137533f,0.043619387365335875f,0.13040196020729425f,-0.9905012255519768f,-0.9369063265969987f,0f,0f,0f,1f], start_interpolation: 0, interpolation_duration: 1 }
$data merge entity $(bone_m_opened) { transformation: [-0.9990482215818578f,0.005693472539768719f,-0.043246217459635965f,0.05979711140877285f,0f,0.9914448613738104f,0.13052619222005157f,1.4456578870137533f,0.043619387365335875f,0.13040196020729425f,-0.9905012255519768f,-0.9369063265969987f,0f,0f,0f,1f], start_interpolation: 0, interpolation_duration: 1 }
$data merge entity $(bone_head) { transformation: [-0.9990482215818578f,0.005693472539768719f,-0.043246217459635965f,0.0625000000000001f,0f,0.9914448613738104f,0.13052619222005157f,1.4375f,0.043619387365335875f,0.13040196020729425f,-0.9905012255519768f,-0.8750000000000001f,0f,0f,0f,1f], start_interpolation: 0, interpolation_duration: 1 }
$data merge entity $(item_display_r_item) { transformation: [-0.42888129406159897f,0.05332155197500947f,-0.06799924778278565f,-0.1373260575617768f,-0.05400945649072694f,0.10333585052254003f,0.4216763339415191f,0.7396297659471269f,0.06745416379753431f,0.42176387243546554f,-0.09471758915120139f,-0.6055541362507693f,0f,0f,0f,1f], start_interpolation: 0, interpolation_duration: 1 }
$data merge entity $(bone_rightarm) { transformation: [-0.9803001007122262f,-0.15542685207493862f,-0.12187783308573596f,-0.24970256924433043f,-0.12345018626451873f,0.9638316204377579f,-0.23619622976580557f,1.3125f,0.15418094582293557f,-0.21649734663131726f,-0.9640317084239212f,-0.8613689414483326f,0f,0f,0f,1f], start_interpolation: 0, interpolation_duration: 1 }
$data merge entity $(item_display_l_item) { transformation: [-0.43639792928878557f,0.030879081565307165f,-0.0030950984060614186f,0.38794673312879185f,-0.005605236228737778f,-0.0355123169384123f,0.43602030534424174f,0.6794674732401083f,0.03052341133097908f,0.4349616163149903f,0.035818482566560464f,-0.8155255718424711f,0f,0f,0f,1f], start_interpolation: 0, interpolation_duration: 1 }
$data merge entity $(bone_leftarm) { transformation: [-0.9974809812315099f,-0.007074510642426084f,-0.07058075786355923f,0.37470256924433065f,-0.012811968522829207f,0.9966178407868382f,0.08117101014494263f,1.3125f,0.06976779732795219f,0.08187081729499557f,-0.9941979801485493f,-0.8886310585516676f,0f,0f,0f,1f], start_interpolation: 0, interpolation_duration: 1 }
$data merge entity $(bone_body) { transformation: [-0.9990482215818578f,0f,-0.043619387365335875f,0.0625000000000001f,0f,1f,0f,0.6875f,0.043619387365335875f,0f,-0.9990482215818578f,-0.8750000000000001f,0f,0f,0f,1f], start_interpolation: 0, interpolation_duration: 1 }
$data merge entity $(bone_leftleg) { transformation: [-0.9952465390275879f,-0.04345342161151017f,-0.0871557611627618f,0.18738102769773232f,-0.043619410209978775f,0.9990482205844381f,4.023395993387087e-8f,0.75f,0.08707280635503623f,0.003801722941030819f,-0.9961946964806317f,-0.8804524234206671f,0f,0f,0f,1f], start_interpolation: 0, interpolation_duration: 1 }
$data merge entity $(bone_rightleg) { transformation: [-0.9990482205844388f,0.04361941020997806f,1.848544667337748e-8f,-0.06238102769773213f,0.043619410209978775f,0.9990482205844381f,4.023395993387087e-8f,0.75f,-1.671287099686003e-8f,4.1001990360020266e-8f,-0.999999999999999f,-0.8695475765793331f,0f,0f,0f,1f], start_interpolation: 0, interpolation_duration: 1 }
$data merge entity $(text_display_text) { transformation: [-2f,0f,7.347880794884119e-16f,6.888638245203862e-17f,0f,2f,0f,2.8213575743697934f,-7.347880794884119e-16f,0f,-2f,-0.5625f,0f,0f,0f,1f], start_interpolation: 0, interpolation_duration: 1 }
data modify entity @s data merge value {"locators":{},"cameras":{"camera":{"posx":-0.9999999999999996,"posy":1.3359375,"posz":-3.25,"roty":342.3968619817908,"rotx":1.0059962109625418}}}