# This file was generated by Animated Java via MC-Build. It is not recommended to edit this file directly.
$data merge entity $(bone_left_eye) { transformation: [-0.7336753822612466f,0.007235239091170355f,0.6794616139114168f,-0.013847170922405894f,0.09228234364242668f,0.9917398042631266f,0.08908495772012567f,1.6529890148461575f,-0.6732045770162846f,0.1280617505558514f,-0.7282827648165899f,1.3179858290288562f,0f,0f,0f,1f], start_interpolation: 0, interpolation_duration: 1 }
$data merge entity $(bone_right_eye) { transformation: [-0.7336753822612466f,0.007235239091170355f,0.6794616139114168f,-0.19726601648771755f,0.09228234364242668f,0.9917398042631266f,0.08908495772012567f,1.6760596007567643f,-0.6732045770162846f,0.1280617505558514f,-0.7282827648165899f,1.1496846847747852f,0f,0f,0f,1f], start_interpolation: 0, interpolation_duration: 1 }
$data merge entity $(bone_right_close) { transformation: [-0.7336753822612466f,0.007235239091170355f,0.6794616139114168f,-0.19681381404451942f,0.09228234364242668f,0.9917398042631266f,0.08908495772012567f,1.7380433385232097f,-0.6732045770162846f,0.1280617505558514f,-0.7282827648165899f,1.157688544184526f,0f,0f,0f,1f], start_interpolation: 0, interpolation_duration: 1 }
$data merge entity $(bone_left_close) { transformation: [-0.7336753822612466f,0.007235239091170355f,0.6794616139114168f,-0.013394968479207764f,0.09228234364242668f,0.9917398042631266f,0.08908495772012567f,1.7149727526126028f,-0.6732045770162846f,0.1280617505558514f,-0.7282827648165899f,1.3259896884385969f,0f,0f,0f,1f], start_interpolation: 0, interpolation_duration: 1 }
$data merge entity $(bone_left_eyebrow) { transformation: [-0.7336753822612466f,0.007235239091170355f,0.6794616139114168f,-0.013618315807356493f,0.09228234364242668f,0.9917398042631266f,0.08908495772012567f,1.6901736896961674f,-0.6732045770162846f,0.1280617505558514f,-0.7282827648165899f,1.3228336623475017f,0f,0f,0f,1f], start_interpolation: 0, interpolation_duration: 1 }
$data merge entity $(bone_right_eyebrow) { transformation: [-0.7336753822612466f,0.007235239091170355f,0.6794616139114168f,-0.19703716137266813f,0.09228234364242668f,0.9917398042631266f,0.08908495772012567f,1.713244275606774f,-0.6732045770162846f,0.1280617505558514f,-0.7282827648165899f,1.1545325180934305f,0f,0f,0f,1f], start_interpolation: 0, interpolation_duration: 1 }
$data merge entity $(bone_talking) { transformation: [-0.7336753822612466f,0.007235239091170355f,0.6794616139114168f,0.10496635086946343f,0.09228234364242668f,0.9917398042631266f,0.08908495772012567f,1.4444284060232184f,-0.6732045770162846f,0.1280617505558514f,-0.7282827648165899f,0.9742314552576734f,0f,0f,0f,1f], start_interpolation: 0, interpolation_duration: 1 }
$data merge entity $(bone_m_opened) { transformation: [-0.7336753822612466f,0.007235239091170355f,0.6794616139114168f,0.10496635086946343f,0.09228234364242668f,0.9917398042631266f,0.08908495772012567f,1.4444284060232184f,-0.6732045770162846f,0.1280617505558514f,-0.7282827648165899f,0.9742314552576734f,0f,0f,0f,1f], start_interpolation: 0, interpolation_duration: 1 }
$data merge entity $(bone_head) { transformation: [-0.7336753822612466f,0.007235239091170355f,0.6794616139114168f,0.062499999999999875f,0.09228234364242668f,0.9917398042631266f,0.08908495772012567f,1.4388605961657106f,-0.6732045770162846f,0.1280617505558514f,-0.7282827648165899f,1.0197491280587103f,0f,0f,0f,1f], start_interpolation: 0, interpolation_duration: 1 }
$data merge entity $(item_display_r_item) { transformation: [-0.22180506013612783f,0.02732487239192271f,0.37611449938386293f,-0.7794993212935406f,0.018085657900471983f,0.436618654615891f,-0.021054914383968792f,1.4688062046210455f,-0.37667183897434614f,0.004873580836952327f,-0.22248780625802803f,1.3335288795314983f,0f,0f,0f,1f], start_interpolation: 0, interpolation_duration: 1 }
$data merge entity $(bone_rightarm) { transformation: [-0.5069829945968636f,0.8596902843059724f,-0.06245685118153743f,-0.2500000000000001f,0.04133864662965025f,-0.04812551859192844f,-0.9979854962648937f,1.3139795684679785f,-0.8609642033699341f,-0.5085435571612069f,-0.011139613341605431f,1.0142967046380433f,0f,0f,0f,1f], start_interpolation: 0, interpolation_duration: 1 }
$data merge entity $(item_display_l_item) { transformation: [-0.4375f,-5.3372054610898116e-17f,-4.696567428720813e-18f,0.3749999999999999f,0f,-0.038350383408430465f,0.43581589931119585f,0.6804281741924328f,-5.35782974626967e-17f,0.43581589931119585f,0.038350383408430465f,1.084029271000627f,0f,0f,0f,1f], start_interpolation: 0, interpolation_duration: 1 }
$data merge entity $(bone_leftarm) { transformation: [-1f,-1.07350112656476e-17f,1.2199326768205284e-16f,0.3749999999999999f,0f,0.9961506269970191f,0.08765801921926986f,1.3139795684679785f,-1.2246467991473532e-16f,0.08765801921926986f,-0.9961506269970191f,1.0142967046380433f,0f,0f,0f,1f], start_interpolation: 0, interpolation_duration: 1 }
$data merge entity $(bone_body) { transformation: [-1f,-5.341834311772723e-18f,1.223481206754078e-16f,0.06249999999999988f,0f,0.9990482215818578f,0.043619387365336f,0.6895744299793174f,-1.2246467991473532e-16f,0.043619387365336f,-0.9990482215818578f,0.9870345875347084f,0f,0f,0f,1f], start_interpolation: 0, interpolation_duration: 1 }
$data merge entity $(bone_leftleg) { transformation: [-1f,2.7548558866703666e-17f,1.1932591810242374e-16f,0.1874999999999999f,0f,0.9743700647852352f,-0.22495105434386506f,0.753125f,-1.2246467991473532e-16f,-0.22495105434386506f,-0.9743700647852352f,0.9870345875347084f,0f,0f,0f,1f], start_interpolation: 0, interpolation_duration: 1 }
$data merge entity $(bone_rightleg) { transformation: [-1f,-2.7548558866703666e-17f,1.1932591810242374e-16f,-0.06250000000000011f,0f,0.9743700647852352f,0.22495105434386506f,0.7625f,-1.2246467991473532e-16f,0.22495105434386506f,-0.9743700647852352f,0.9870345875347084f,0f,0f,0f,1f], start_interpolation: 0, interpolation_duration: 1 }
data modify entity @s data merge value {"locators":{},"cameras":{"camera":{"posx":-3.0736538461538467,"posy":1.375,"posz":2.3749999999999996,"roty":253.68421052631578,"rotx":0}}}