# This file was generated by Animated Java via MC-Build. It is not recommended to edit this file directly.
$data merge entity $(bone_left_eye) { transformation: [-0.6755902193806147f,-1.2754750168752813e-7f,0.7372773260295185f,-0.03737058597167833f,0.09623395027743481f,0.9914448553501941f,0.08818234298108163f,1.6589810159052376f,-0.7309698231057512f,0.1305262379738903f,-0.6698104350554195f,1.3417370106630455f,0f,0f,0f,1f], start_interpolation: 0, interpolation_duration: 1 }
$data merge entity $(bone_right_eye) { transformation: [-0.6755902193806147f,-1.2754750168752813e-7f,0.7372773260295185f,-0.206268140816832f,0.09623395027743481f,0.9914448553501941f,0.08818234298108163f,1.6830395034745964f,-0.7309698231057512f,0.1305262379738903f,-0.6698104350554195f,1.1589945548866079f,0f,0f,0f,1f], start_interpolation: 0, interpolation_duration: 1 }
$data merge entity $(bone_right_close) { transformation: [-0.6755902193806147f,-1.2754750168752813e-7f,0.7372773260295185f,-0.20626814878855088f,0.09623395027743481f,0.9914448553501941f,0.08818234298108163f,1.7450048069339836f,-0.7309698231057512f,0.1305262379738903f,-0.6698104350554195f,1.1671524447599761f,0f,0f,0f,1f], start_interpolation: 0, interpolation_duration: 1 }
$data merge entity $(bone_left_close) { transformation: [-0.6755902193806147f,-1.2754750168752813e-7f,0.7372773260295185f,-0.0373705939433972f,0.09623395027743481f,0.9914448553501941f,0.08818234298108163f,1.7209463193646248f,-0.7309698231057512f,0.1305262379738903f,-0.6698104350554195f,1.3498949005364138f,0f,0f,0f,1f], start_interpolation: 0, interpolation_duration: 1 }
$data merge entity $(bone_left_eyebrow) { transformation: [-0.6755902193806147f,-1.2754750168752813e-7f,0.7372773260295185f,-0.037416670587586506f,0.09623395027743481f,0.9914448553501941f,0.08818234298108163f,1.6961546865844337f,-0.7309698231057512f,0.1305262379738903f,-0.6698104350554195f,1.3466736077392576f,0f,0f,0f,1f], start_interpolation: 0, interpolation_duration: 1 }
$data merge entity $(bone_right_eyebrow) { transformation: [-0.6755902193806147f,-1.2754750168752813e-7f,0.7372773260295185f,-0.2063142254327402f,0.09623395027743481f,0.9914448553501941f,0.08818234298108163f,1.7202131741537925f,-0.7309698231057512f,0.1305262379738903f,-0.6698104350554195f,1.16393115196282f,0f,0f,0f,1f], start_interpolation: 0, interpolation_duration: 1 }
$data merge entity $(bone_talking) { transformation: [-0.6755902193806147f,-1.2754750168752813e-7f,0.7372773260295185f,0.10857983287684478f,0.09623395027743481f,0.9914448553501941f,0.08818234298108163f,1.4507060280339565f,-0.7309698231057512f,0.1305262379738903f,-0.6698104350554195f,1.0084184623265355f,0f,0f,0f,1f], start_interpolation: 0, interpolation_duration: 1 }
$data merge entity $(bone_m_opened) { transformation: [-0.6755902193806147f,-1.2754750168752813e-7f,0.7372773260295185f,0.10857983287684478f,0.09623395027743481f,0.9914448553501941f,0.08818234298108163f,1.4507060280339565f,-0.7309698231057512f,0.1305262379738903f,-0.6698104350554195f,1.0084184623265355f,0f,0f,0f,1f], start_interpolation: 0, interpolation_duration: 1 }
$data merge entity $(bone_head) { transformation: [-0.6755902193806147f,-1.2754750168752813e-7f,0.7372773260295185f,0.06249999999999987f,0.09623395027743481f,0.9914448553501941f,0.08818234298108163f,1.445194631597639f,-0.7309698231057512f,0.1305262379738903f,-0.6698104350554195f,1.0502816145174994f,0f,0f,0f,1f], start_interpolation: 0, interpolation_duration: 1 }
$data merge entity $(item_display_r_item) { transformation: [-0.21119562747837545f,0.04573417114762131f,0.380409046321792f,-0.7803745887032397f,0.01928827280796057f,0.435090424784762f,-0.041599697026552175f,1.50405329244777f,-0.3826625399305515f,-0.003310264348256312f,-0.21204875072455318f,1.3468101880324066f,0f,0f,0f,1f], start_interpolation: 0, interpolation_duration: 1 }
$data merge entity $(bone_rightarm) { transformation: [-0.4827328628077153f,0.8695063915926674f,-0.10453524833741995f,-0.2500000000000001f,0.04408748070390987f,-0.09508502177497617f,-0.9944923995080275f,1.3203136038999066f,-0.8746572341269748f,-0.4846828587989787f,0.007566318510300034f,1.0448291910968324f,0f,0f,0f,1f], start_interpolation: 0, interpolation_duration: 1 }
$data merge entity $(item_display_l_item) { transformation: [-0.4375f,-5.343668555946129e-17f,-3.8928903684119316e-18f,0.3749999999999999f,0f,-0.031787862191142074f,0.43634365105650036f,0.6878832846217227f,-5.35782974626967e-17f,0.43634365105650036f,0.031787862191142074f,1.1240875739827725f,0f,0f,0f,1f], start_interpolation: 0, interpolation_duration: 1 }
$data merge entity $(bone_leftarm) { transformation: [-1f,-8.898035127798727e-18f,1.2214099556448295e-16f,0.3749999999999999f,0f,0.9973569167005722f,0.07265797072261068f,1.3203136038999066f,-1.2246467991473532e-16f,0.07265797072261068f,-0.9973569167005722f,1.0448291910968326f,0f,0f,0f,1f], start_interpolation: 0, interpolation_duration: 1 }
$data merge entity $(bone_body) { transformation: [-1f,-5.341834311772723e-18f,1.223481206754078e-16f,0.062499999999999875f,0f,0.9990482215818578f,0.043619387365336f,0.6959084654112455f,-1.2246467991473532e-16f,0.043619387365336f,-0.9990482215818578f,1.0175670739934974f,0f,0f,0f,1f], start_interpolation: 0, interpolation_duration: 1 }
$data merge entity $(bone_leftleg) { transformation: [-1f,2.336736254364079e-17f,1.2021465881652135e-16f,0.1874999999999999f,0f,0.981627183447664f,-0.19080899537654497f,0.75625f,-1.2246467991473532e-16f,-0.19080899537654497f,-0.981627183447664f,1.0175670739934974f,0f,0f,0f,1f], start_interpolation: 0, interpolation_duration: 1 }
$data merge entity $(bone_rightleg) { transformation: [-1f,-2.336736254364079e-17f,1.2021465881652135e-16f,-0.06250000000000012f,0f,0.981627183447664f,0.19080899537654497f,0.7749999999999999f,-1.2246467991473532e-16f,0.19080899537654497f,-0.981627183447664f,1.0175670739934974f,0f,0f,0f,1f], start_interpolation: 0, interpolation_duration: 1 }
data modify entity @s data merge value {"locators":{},"cameras":{"camera":{"posx":-3.08298076923077,"posy":1.375,"posz":2.3749999999999996,"roty":253.81578947368422,"rotx":0}}}