# This file was generated by Animated Java via MC-Build. It is not recommended to edit this file directly.
$data merge entity $(bone_left_eye) { transformation: [-0.6436518868198721f,-0.003570386349798146f,0.7653100684915441f,-0.0492636278578517f,0.09763247004902853f,0.9914355731251794f,0.08673756472297836f,1.6693766521709426f,-0.759065312990486f,0.13054790953232642f,-0.6377907916640028f,1.3675271262262343f,0f,0f,0f,1f], start_interpolation: 0, interpolation_duration: 1 }
$data merge entity $(bone_right_eye) { transformation: [-0.6436518868198721f,-0.003570386349798146f,0.7653100684915441f,-0.2101765995628197f,0.09763247004902853f,0.9914355731251794f,0.08673756472297836f,1.6937847696831996f,-0.759065312990486f,0.13054790953232642f,-0.6377907916640028f,1.1777607979786127f,0f,0f,0f,1f], start_interpolation: 0, interpolation_duration: 1 }
$data merge entity $(bone_right_close) { transformation: [-0.6436518868198721f,-0.003570386349798146f,0.7653100684915441f,-0.2103997487096821f,0.09763247004902853f,0.9914355731251794f,0.08673756472297836f,1.7557494930035231f,-0.759065312990486f,0.13054790953232642f,-0.6377907916640028f,1.185920042324383f,0f,0f,0f,1f], start_interpolation: 0, interpolation_duration: 1 }
$data merge entity $(bone_left_close) { transformation: [-0.6436518868198721f,-0.003570386349798146f,0.7653100684915441f,-0.049486777004714086f,0.09763247004902853f,0.9914355731251794f,0.08673756472297836f,1.731341375491266f,-0.759065312990486f,0.13054790953232642f,-0.6377907916640028f,1.3756863705720046f,0f,0f,0f,1f], start_interpolation: 0, interpolation_duration: 1 }
$data merge entity $(bone_left_eyebrow) { transformation: [-0.6436518868198721f,-0.003570386349798146f,0.7653100684915441f,-0.049445349225249874f,0.09763247004902853f,0.9914355731251794f,0.08673756472297836f,1.7065500650653416f,-0.759065312990486f,0.13054790953232642f,-0.6377907916640028f,1.3724625347581756f,0f,0f,0f,1f], start_interpolation: 0, interpolation_duration: 1 }
$data merge entity $(bone_right_eyebrow) { transformation: [-0.6436518868198721f,-0.003570386349798146f,0.7653100684915441f,-0.2103583209302179f,0.09763247004902853f,0.9914355731251794f,0.08673756472297836f,1.7309581825775988f,-0.759065312990486f,0.13054790953232642f,-0.6377907916640028f,1.182696206510554f,0f,0f,0f,1f], start_interpolation: 0, interpolation_duration: 1 }
$data merge entity $(bone_talking) { transformation: [-0.6436518868198721f,-0.003570386349798146f,0.7653100684915441f,0.11033187928072138f,0.09763247004902853f,0.9914355731251794f,0.08673756472297836f,1.4608273066217068f,-0.759065312990486f,0.13054790953232642f,-0.6377907916640028f,1.040697362324341f,0f,0f,0f,1f], start_interpolation: 0, interpolation_duration: 1 }
$data merge entity $(bone_m_opened) { transformation: [-0.6436518868198721f,-0.003570386349798146f,0.7653100684915441f,0.11033187928072138f,0.09763247004902853f,0.9914355731251794f,0.08673756472297836f,1.4608273066217068f,-0.759065312990486f,0.13054790953232642f,-0.6377907916640028f,1.040697362324341f,0f,0f,0f,1f], start_interpolation: 0, interpolation_duration: 1 }
$data merge entity $(bone_head) { transformation: [-0.6436518868198721f,-0.003570386349798146f,0.7653100684915441f,0.06249999999999987f,0.09763247004902853f,0.9914355731251794f,0.08673756472297836f,1.4554062088265207f,-0.759065312990486f,0.13054790953232642f,-0.6377907916640028f,1.0805592868033411f,0f,0f,0f,1f], start_interpolation: 0, interpolation_duration: 1 }
$data merge entity $(item_display_r_item) { transformation: [-0.20325633696982442f,0.056050882550664205f,0.38334241879408654f,-0.7816174889770768f,0.01991064819036389f,0.43383620820736557f,-0.0528768431063622f,1.5300167307685533f,-0.386906548885191f,-0.0071199026360573275f,-0.2041050695504752f,1.364651276273051f,0f,0f,0f,1f], start_interpolation: 0, interpolation_duration: 1 }
$data merge entity $(bone_rightarm) { transformation: [-0.4645859130738844f,0.8762112429579121f,-0.12811630297294657f,-0.2500000000000001f,0.045510053006546036f,-0.1208613556716848f,-0.9916256187596928f,1.3305251811287886f,-0.8843578260232937f,-0.46652587325822903f,0.01627406316813093f,1.0751068633826741f,0f,0f,0f,1f], start_interpolation: 0, interpolation_duration: 1 }
$data merge entity $(item_display_l_item) { transformation: [-0.4375f,-5.349159495038117e-17f,-3.046839126958998e-18f,0.3749999999999999f,0f,-0.024879329526524104f,0.43679202025942576f,0.699428200893459f,-5.35782974626967e-17f,0.43679202025942576f,0.024879329526524104f,1.1643626841331898f,0f,0f,0f,1f], start_interpolation: 0, interpolation_duration: 1 }
$data merge entity $(bone_leftarm) { transformation: [-1f,-6.964203718763451e-18f,1.222665027437284e-16f,0.3749999999999999f,0f,0.9983817605929732f,0.056867038917769605f,1.3305251811287886f,-1.2246467991473532e-16f,0.056867038917769605f,-0.9983817605929732f,1.0751068633826741f,0f,0f,0f,1f], start_interpolation: 0, interpolation_duration: 1 }
$data merge entity $(bone_body) { transformation: [-1f,-5.341834311772723e-18f,1.223481206754078e-16f,0.062499999999999875f,0f,0.9990482215818578f,0.043619387365336f,0.7061200426401274f,-1.2246467991473532e-16f,0.043619387365336f,-0.9990482215818578f,1.0478447462793392f,0f,0f,0f,1f], start_interpolation: 0, interpolation_duration: 1 }
$data merge entity $(bone_leftleg) { transformation: [-1f,1.9157696688784756e-17f,1.2095693648649962e-16f,0.1874999999999999f,0f,0.9876883405951377f,-0.15643446504023112f,0.759375f,-1.2246467991473532e-16f,-0.15643446504023112f,-0.9876883405951377f,1.0478447462793392f,0f,0f,0f,1f], start_interpolation: 0, interpolation_duration: 1 }
$data merge entity $(bone_rightleg) { transformation: [-1f,-1.9157696688784756e-17f,1.2095693648649962e-16f,-0.06250000000000012f,0f,0.9876883405951377f,0.15643446504023112f,0.7874999999999999f,-1.2246467991473532e-16f,0.15643446504023112f,-0.9876883405951377f,1.0478447462793392f,0f,0f,0f,1f], start_interpolation: 0, interpolation_duration: 1 }
data modify entity @s data merge value {"locators":{},"cameras":{"camera":{"posx":-3.092307692307693,"posy":1.375,"posz":2.3749999999999996,"roty":253.94736842105266,"rotx":0}}}