# This file was generated by Animated Java via MC-Build. It is not recommended to edit this file directly.
$data merge entity $(bone_left_eye) { transformation: [-0.6237207222196272f,-0.005381022032425185f,0.7816287515666969f,-0.05628735312232726f,0.09830904931328077f,0.9914956715853456f,0.08527405262237447f,1.6823029397629763f,-0.7754403855209927f,0.1300283731706704f,-0.6178873931985046f,1.3943582699780395f,0f,0f,0f,1f], start_interpolation: 0, interpolation_duration: 1 }
$data merge entity $(bone_right_eye) { transformation: [-0.6237207222196272f,-0.005381022032425185f,0.7816287515666969f,-0.21221753367723406f,0.09830904931328077f,0.9914956715853456f,0.08527405262237447f,1.7068802020912965f,-0.7754403855209927f,0.1300283731706704f,-0.6178873931985046f,1.2004981735977913f,0f,0f,0f,1f], start_interpolation: 0, interpolation_duration: 1 }
$data merge entity $(bone_right_close) { transformation: [-0.6237207222196272f,-0.005381022032425185f,0.7816287515666969f,-0.2125538475542606f,0.09830904931328077f,0.9914956715853456f,0.08527405262237447f,1.7688486815653806f,-0.7754403855209927f,0.1300283731706704f,-0.6178873931985046f,1.2086249469209582f,0f,0f,0f,1f], start_interpolation: 0, interpolation_duration: 1 }
$data merge entity $(bone_left_close) { transformation: [-0.6237207222196272f,-0.005381022032425185f,0.7816287515666969f,-0.056623666999353825f,0.09830904931328077f,0.9914956715853456f,0.08527405262237447f,1.7442714192370603f,-0.7754403855209927f,0.1300283731706704f,-0.6178873931985046f,1.4024850433012064f,0f,0f,0f,1f], start_interpolation: 0, interpolation_duration: 1 }
$data merge entity $(bone_left_eyebrow) { transformation: [-0.6237207222196272f,-0.005381022032425185f,0.7816287515666969f,-0.05653799324551613f,0.09830904931328077f,0.9914956715853456f,0.08527405262237447f,1.719478697819138f,-0.7754403855209927f,0.1300283731706704f,-0.6178873931985046f,1.3992729519340146f,0f,0f,0f,1f], start_interpolation: 0, interpolation_duration: 1 }
$data merge entity $(bone_right_eyebrow) { transformation: [-0.6237207222196272f,-0.005381022032425185f,0.7816287515666969f,-0.21246817380042293f,0.09830904931328077f,0.9914956715853456f,0.08527405262237447f,1.7440559601474583f,-0.7754403855209927f,0.1300283731706704f,-0.6178873931985046f,1.2054128555537664f,0f,0f,0f,1f], start_interpolation: 0, interpolation_duration: 1 }
$data merge entity $(bone_talking) { transformation: [-0.6237207222196272f,-0.005381022032425185f,0.7816287515666969f,0.11135179697291842f,0.09830904931328077f,0.9914956715853456f,0.08527405262237447f,1.473365794475292f,-0.7754403855209927f,0.1300283731706704f,-0.6178873931985046f,1.071831318120715f,0f,0f,0f,1f], start_interpolation: 0, interpolation_duration: 1 }
$data merge entity $(bone_m_opened) { transformation: [-0.6237207222196272f,-0.005381022032425185f,0.7816287515666969f,0.11135179697291842f,0.09830904931328077f,0.9914956715853456f,0.08527405262237447f,1.473365794475292f,-0.7754403855209927f,0.1300283731706704f,-0.6178873931985046f,1.071831318120715f,0f,0f,0f,1f], start_interpolation: 0, interpolation_duration: 1 }
$data merge entity $(bone_head) { transformation: [-0.6237207222196272f,-0.005381022032425185f,0.7816287515666969f,0.06249999999999986f,0.09830904931328077f,0.9914956715853456f,0.08527405262237447f,1.4680361661863937f,-0.7754403855209927f,0.1300283731706704f,-0.6178873931985046f,1.1104492801956216f,0f,0f,0f,1f], start_interpolation: 0, interpolation_duration: 1 }
$data merge entity $(item_display_r_item) { transformation: [-0.19794694559513054f,0.0593962763731678f,0.3856103461819466f,-0.7839015584390188f,0.020108397288194215f,0.4333789905683778f,-0.05643184289418634f,1.5475946256427495f,-0.3896394603836457f,-0.007809154047414449f,-0.19881236889339962f,1.3867833397519784f,0f,0f,0f,1f], start_interpolation: 0, interpolation_duration: 1 }
$data merge entity $(bone_rightarm) { transformation: [-0.45245016136029836f,0.8813950769873066f,-0.13576291742438334f,-0.2500000000000001f,0.04596205094444392f,-0.1289870694724257f,-0.9905805498705779f,1.3431551384886613f,-0.8906044808769045f,-0.454428271756342f,0.017849494965518638f,1.1049968567749546f,0f,0f,0f,1f], start_interpolation: 0, interpolation_duration: 1 }
$data merge entity $(item_display_l_item) { transformation: [-0.4375f,-5.3533789889396154e-17f,-2.1834145458884492e-18f,0.3749999999999999f,0f,-0.01782893277807632f,0.4371365680836995f,0.713580346146783f,-5.35782974626967e-17f,0.4371365680836995f,0.01782893277807632f,1.2044231151159026f,0f,0f,0f,1f], start_interpolation: 0, interpolation_duration: 1 }
$data merge entity $(bone_leftarm) { transformation: [-1f,-4.9906618191736256e-18f,1.223629483186198e-16f,0.3749999999999999f,0f,0.9991692984770274f,0.04075184634988895f,1.3431551384886613f,-1.2246467991473532e-16f,0.04075184634988895f,-0.9991692984770274f,1.1049968567749548f,0f,0f,0f,1f], start_interpolation: 0, interpolation_duration: 1 }
$data merge entity $(bone_body) { transformation: [-1f,-5.341834311772723e-18f,1.223481206754078e-16f,0.06249999999999987f,0f,0.9990482215818578f,0.043619387365336f,0.7187500000000002f,-1.2246467991473532e-16f,0.043619387365336f,-0.9990482215818578f,1.0777347396716197f,0f,0f,0f,1f], start_interpolation: 0, interpolation_duration: 1 }
$data merge entity $(bone_leftleg) { transformation: [-1f,1.4924690131530314e-17f,1.2155184676135686e-16f,0.18749999999999986f,0f,0.9925461516413221f,-0.12186934340514721f,0.7625000000000001f,-1.2246467991473532e-16f,-0.12186934340514721f,-0.9925461516413221f,1.0777347396716197f,0f,0f,0f,1f], start_interpolation: 0, interpolation_duration: 1 }
$data merge entity $(bone_rightleg) { transformation: [-1f,-1.4924690131530314e-17f,1.2155184676135686e-16f,-0.06250000000000014f,0f,0.9925461516413221f,0.12186934340514721f,0.8f,-1.2246467991473532e-16f,0.12186934340514721f,-0.9925461516413221f,1.0777347396716197f,0f,0f,0f,1f], start_interpolation: 0, interpolation_duration: 1 }
data modify entity @s data merge value {"locators":{},"cameras":{"camera":{"posx":-3.101634615384616,"posy":1.375,"posz":2.3749999999999996,"roty":254.0789473684211,"rotx":0}}}