# This file was generated by Animated Java via MC-Build. It is not recommended to edit this file directly.
$data merge entity $(bone_left_eye) { transformation: [-0.6148206832610364f,-0.005725568870372502f,0.7886461470745564f,-0.05924034357860279f,0.09861878366972048f,0.9915668015587196f,0.08408099401241421f,1.6952102274741272f,-0.782476749138233f,0.12947005795828387f,-0.6090711297954793f,1.4221361495389886f,0f,0f,0f,1f], start_interpolation: 0, interpolation_duration: 1 }
$data merge entity $(bone_right_eye) { transformation: [-0.6148206832610364f,-0.005725568870372502f,0.7886461470745564f,-0.2129455143938619f,0.09861878366972048f,0.9915668015587196f,0.08408099401241421f,1.7198649233915575f,-0.782476749138233f,0.12947005795828387f,-0.6090711297954793f,1.2265169622544303f,0f,0f,0f,1f], start_interpolation: 0, interpolation_duration: 1 }
$data merge entity $(bone_right_close) { transformation: [-0.6148206832610364f,-0.005725568870372502f,0.7886461470745564f,-0.2133033624482602f,0.09861878366972048f,0.9915668015587196f,0.08408099401241421f,1.7818378484889774f,-0.782476749138233f,0.12947005795828387f,-0.6090711297954793f,1.234608840876823f,0f,0f,0f,1f], start_interpolation: 0, interpolation_duration: 1 }
$data merge entity $(bone_left_close) { transformation: [-0.6148206832610364f,-0.005725568870372502f,0.7886461470745564f,-0.05959819163300108f,0.09861878366972048f,0.9915668015587196f,0.08408099401241421f,1.7571831525715471f,-0.782476749138233f,0.12947005795828387f,-0.6090711297954793f,1.4302280281613813f,0f,0f,0f,1f], start_interpolation: 0, interpolation_duration: 1 }
$data merge entity $(bone_left_eyebrow) { transformation: [-0.6148206832610364f,-0.005725568870372502f,0.7886461470745564f,-0.05950434279543394f,0.09861878366972048f,0.9915668015587196f,0.08408099401241421f,1.7323887274704535f,-0.782476749138233f,0.12947005795828387f,-0.6090711297954793f,1.4270293436580364f,0f,0f,0f,1f], start_interpolation: 0, interpolation_duration: 1 }
$data merge entity $(bone_right_eyebrow) { transformation: [-0.6148206832610364f,-0.005725568870372502f,0.7886461470745564f,-0.21320951361069307f,0.09861878366972048f,0.9915668015587196f,0.08408099401241421f,1.7570434233878836f,-0.782476749138233f,0.12947005795828387f,-0.6090711297954793f,1.231410156373478f,0f,0f,0f,1f], start_interpolation: 0, interpolation_duration: 1 }
$data merge entity $(bone_talking) { transformation: [-0.6148206832610364f,-0.005725568870372502f,0.7886461470745564f,0.11179038419215963f,0.09861878366972048f,0.9915668015587196f,0.08408099401241421f,1.4859211856720418f,-0.782476749138233f,0.12947005795828387f,-0.6090711297954793f,1.1016243133460513f,0f,0f,0f,1f], start_interpolation: 0, interpolation_duration: 1 }
$data merge entity $(bone_m_opened) { transformation: [-0.6148206832610364f,-0.005725568870372502f,0.7886461470745564f,0.11179038419215963f,0.09861878366972048f,0.9915668015587196f,0.08408099401241421f,1.4859211856720418f,-0.782476749138233f,0.12947005795828387f,-0.6090711297954793f,1.1016243133460513f,0f,0f,0f,1f], start_interpolation: 0, interpolation_duration: 1 }
$data merge entity $(bone_head) { transformation: [-0.6148206832610364f,-0.005725568870372502f,0.7886461470745564f,0.062499999999999854f,0.09861878366972048f,0.9915668015587196f,0.08408099401241421f,1.480666123546266f,-0.782476749138233f,0.12947005795828387f,-0.6090711297954793f,1.1396912589582686f,0f,0f,0f,1f], start_interpolation: 0, interpolation_duration: 1 }
$data merge entity $(item_display_r_item) { transformation: [-0.19518531223761193f,0.05704209963393088f,0.38736951707130823f,-0.7870872816350316f,0.019994961427127755f,0.4337197503956313f,-0.05379246819285065f,1.5565514076656433f,-0.391035989909156f,-0.006294996910554107f,-0.19610578168341306f,1.412591381682319f,0f,0f,0f,1f], start_interpolation: 0, interpolation_duration: 1 }
$data merge entity $(bone_rightarm) { transformation: [-0.446137856543113f,0.8854160390201331f,-0.13038194202041326f,-0.2500000000000001f,0.04570276897629201f,-0.12295421301222983f,-0.9913594294757287f,1.3557850958485336f,-0.8937965483637851f,-0.44824178670494413f,0.014388564366980716f,1.1342388355376016f,0f,0f,0f,1f], start_interpolation: 0, interpolation_duration: 1 }
$data merge entity $(item_display_l_item) { transformation: [-0.4375f,-5.356184359096045e-17f,-1.3277311997167714e-18f,0.3749999999999999f,0f,-0.01084174800963992f,0.4373656439411942f,0.7278793907869304f,-5.35782974626967e-17f,0.4373656439411942f,0.01084174800963992f,1.2437122366498856f,0f,0f,0f,1f], start_interpolation: 0, interpolation_duration: 1 }
$data merge entity $(bone_leftarm) { transformation: [-1f,-3.034814170781219e-18f,1.2242707106505246e-16f,0.3749999999999999f,0f,0.9996929004370153f,0.024781138307748612f,1.3557850958485336f,-1.2246467991473532e-16f,0.024781138307748612f,-0.9996929004370153f,1.1342388355376016f,0f,0f,0f,1f], start_interpolation: 0, interpolation_duration: 1 }
$data merge entity $(bone_body) { transformation: [-1f,-5.341834311772723e-18f,1.223481206754078e-16f,0.06249999999999986f,0f,0.9990482215818578f,0.043619387365336f,0.7313799573598726f,-1.2246467991473532e-16f,0.043619387365336f,-0.9990482215818578f,1.1069767184342667f,0f,0f,0f,1f], start_interpolation: 0, interpolation_duration: 1 }
$data merge entity $(bone_leftleg) { transformation: [-1f,1.0673500138322949e-17f,1.2199866483456202e-16f,0.18749999999999986f,0f,0.9961946980917455f,-0.08715574274765799f,0.765625f,-1.2246467991473532e-16f,-0.08715574274765799f,-0.9961946980917455f,1.1069767184342667f,0f,0f,0f,1f], start_interpolation: 0, interpolation_duration: 1 }
$data merge entity $(bone_rightleg) { transformation: [-1f,-1.0673500138322949e-17f,1.2199866483456202e-16f,-0.06250000000000014f,0f,0.9961946980917455f,0.08715574274765799f,0.8125f,-1.2246467991473532e-16f,0.08715574274765799f,-0.9961946980917455f,1.1069767184342667f,0f,0f,0f,1f], start_interpolation: 0, interpolation_duration: 1 }
data modify entity @s data merge value {"locators":{},"cameras":{"camera":{"posx":-3.110961538461539,"posy":1.375,"posz":2.3749999999999996,"roty":254.21052631578948,"rotx":0}}}