# This file was generated by Animated Java via MC-Build. It is not recommended to edit this file directly.
$data merge entity $(bone_left_eye) { transformation: [-0.6154512447380969f,-0.004997157911783222f,0.7881591170335669f,-0.05885766314407556f,0.09870715425852337f,0.9916184802498552f,0.08336478468245172f,1.7056027303846832f,-0.7819697328212335f,0.12910390404543223f,-0.6097995727382207f,1.450089130284459f,0f,0f,0f,1f], start_interpolation: 0, interpolation_duration: 1 }
$data merge entity $(bone_right_eye) { transformation: [-0.6154512447380969f,-0.004997157911783222f,0.7881591170335669f,-0.21272047432859978f,0.09870715425852337f,0.9916184802498552f,0.08336478468245172f,1.730279518949314f,-0.7819697328212335f,0.12910390404543223f,-0.6097995727382207f,1.2545966970791507f,0f,0f,0f,1f], start_interpolation: 0, interpolation_duration: 1 }
$data merge entity $(bone_right_close) { transformation: [-0.6154512447380969f,-0.004997157911783222f,0.7881591170335669f,-0.21303279669808622f,0.09870715425852337f,0.9916184802498552f,0.08336478468245172f,1.79225567396493f,-0.7819697328212335f,0.12910390404543223f,-0.6097995727382207f,1.2626656910819902f,0f,0f,0f,1f], start_interpolation: 0, interpolation_duration: 1 }
$data merge entity $(bone_left_close) { transformation: [-0.6154512447380969f,-0.004997157911783222f,0.7881591170335669f,-0.05916998551356201f,0.09870715425852337f,0.9916184802498552f,0.08336478468245172f,1.7675788854002992f,-0.7819697328212335f,0.12910390404543223f,-0.6097995727382207f,1.4581581242872985f,0f,0f,0f,1f], start_interpolation: 0, interpolation_duration: 1 }
$data merge entity $(bone_left_eyebrow) { transformation: [-0.6154512447380969f,-0.004997157911783222f,0.7881591170335669f,-0.05909431651058204f,0.09870715425852337f,0.9916184802498552f,0.08336478468245172f,1.74278321309501f,-0.7819697328212335f,0.12910390404543223f,-0.6097995727382207f,1.4549686391594587f,0f,0f,0f,1f], start_interpolation: 0, interpolation_duration: 1 }
$data merge entity $(bone_right_eyebrow) { transformation: [-0.6154512447380969f,-0.004997157911783222f,0.7881591170335669f,-0.21295712769510627f,0.09870715425852337f,0.9916184802498552f,0.08336478468245172f,1.767460001659641f,-0.7819697328212335f,0.12910390404543223f,-0.6097995727382207f,1.2594762059541504f,0f,0f,0f,1f], start_interpolation: 0, interpolation_duration: 1 }
$data merge entity $(bone_talking) { transformation: [-0.6154512447380969f,-0.004997157911783222f,0.7881591170335669f,0.11175994481459778f,0.09870715425852337f,0.9916184802498552f,0.08336478468245172f,1.496087999817801f,-0.7819697328212335f,0.12910390404543223f,-0.6097995727382207f,1.1295045711897527f,0f,0f,0f,1f], start_interpolation: 0, interpolation_duration: 1 }
$data merge entity $(bone_m_opened) { transformation: [-0.6154512447380969f,-0.004997157911783222f,0.7881591170335669f,0.11175994481459778f,0.09870715425852337f,0.9916184802498552f,0.08336478468245172f,1.496087999817801f,-0.7819697328212335f,0.12910390404543223f,-0.6097995727382207f,1.1295045711897527f,0f,0f,0f,1f], start_interpolation: 0, interpolation_duration: 1 }
$data merge entity $(bone_head) { transformation: [-0.6154512447380969f,-0.004997157911783222f,0.7881591170335669f,0.062499999999999854f,0.09870715425852337f,0.9916184802498552f,0.08336478468245172f,1.4908777007751477f,-0.7819697328212335f,0.12910390404543223f,-0.6097995727382207f,1.1676170444858915f,0f,0f,0f,1f], start_interpolation: 0, interpolation_duration: 1 }
$data merge entity $(item_display_r_item) { transformation: [-0.19485769028474537f,0.05034872411450682f,0.3884607271230072f,-0.7905585461430086f,0.01965261978199688f,0.4345810794911177f,-0.04646837509574722f,1.556546088783088f,-0.3912166983560371f,-0.0032467411932708048f,-0.1958193136517064f,1.440978857369585f,0f,0f,0f,1f], start_interpolation: 0, interpolation_duration: 1 }
$data merge entity $(bone_rightarm) { transformation: [-0.44538900636513223f,0.8879102334240165f,-0.1150827979760154f,-0.2500000000000001f,0.04492027378742144f,-0.10621342879027915f,-0.9933281816939833f,1.3659966730774156f,-0.8942095962423705f,-0.44758700263247175f,0.007421122727476026f,1.1621646210652246f,0f,0f,0f,1f], start_interpolation: 0, interpolation_duration: 1 }
$data merge entity $(item_display_l_item) { transformation: [-0.4375f,-5.3575917895608846e-17f,-5.049560814493455e-19f,0.3749999999999999f,0f,-0.004123279314500442f,0.4374805693601656f,0.7398463513301788f,-5.35782974626967e-17f,0.4374805693601656f,0.004123279314500442f,1.2812686704331284f,0f,0f,0f,1f], start_interpolation: 0, interpolation_duration: 1 }
$data merge entity $(bone_leftarm) { transformation: [-1f,-1.1541853290271027e-18f,1.2245924090424878e-16f,0.3749999999999999f,0f,0.9999555871089499f,0.009424638433144089f,1.3659966730774156f,-1.2246467991473532e-16f,0.009424638433144089f,-0.9999555871089499f,1.1621646210652248f,0f,0f,0f,1f], start_interpolation: 0, interpolation_duration: 1 }
$data merge entity $(bone_body) { transformation: [-1f,-5.341834311772723e-18f,1.223481206754078e-16f,0.06249999999999986f,0f,0.9990482215818578f,0.043619387365336f,0.7415915345887544f,-1.2246467991473532e-16f,0.043619387365336f,-0.9990482215818578f,1.1349025039618896f,0f,0f,0f,1f], start_interpolation: 0, interpolation_duration: 1 }
$data merge entity $(bone_leftleg) { transformation: [-1f,6.409306129323694e-18f,1.2229684632711994e-16f,0.18749999999999986f,0f,0.9986295347545738f,-0.0523359562429437f,0.76875f,-1.2246467991473532e-16f,-0.0523359562429437f,-0.9986295347545738f,1.1349025039618896f,0f,0f,0f,1f], start_interpolation: 0, interpolation_duration: 1 }
$data merge entity $(bone_rightleg) { transformation: [-1f,-6.409306129323694e-18f,1.2229684632711994e-16f,-0.06250000000000014f,0f,0.9986295347545738f,0.0523359562429437f,0.8125f,-1.2246467991473532e-16f,0.0523359562429437f,-0.9986295347545738f,1.1349025039618896f,0f,0f,0f,1f], start_interpolation: 0, interpolation_duration: 1 }
data modify entity @s data merge value {"locators":{},"cameras":{"camera":{"posx":-3.120288461538462,"posy":1.375,"posz":2.3749999999999996,"roty":254.34210526315792,"rotx":0}}}