# This file was generated by Animated Java via MC-Build. It is not recommended to edit this file directly.
$data merge entity $(bone_left_eye) { transformation: [-0.6238067600324945f,-0.003628535181655625f,0.7815701887036106f,-0.05582383596725489f,0.09858181905906166f,0.9916375316863756f,0.08328643768320884f,1.7119767823254848f,-0.7753365405349915f,0.12900325377054678f,-0.6182324881691706f,1.4733155435758054f,0f,0f,0f,1f], start_interpolation: 0, interpolation_duration: 1 }
$data merge entity $(bone_right_eye) { transformation: [-0.6238067600324945f,-0.003628535181655625f,0.7815701887036106f,-0.21177552597537852f,0.09858181905906166f,0.9916375316863756f,0.08328643768320884f,1.7366222370902502f,-0.7753365405349915f,0.12900325377054678f,-0.6182324881691706f,1.2794814084420574f,0f,0f,0f,1f], start_interpolation: 0, interpolation_duration: 1 }
$data merge entity $(bone_right_close) { transformation: [-0.6238067600324945f,-0.003628535181655625f,0.7815701887036106f,-0.21200230942423198f,0.09858181905906166f,0.9916375316863756f,0.08328643768320884f,1.7985995828206487f,-0.7753365405349915f,0.12900325377054678f,-0.6182324881691706f,1.2875441118027164f,0f,0f,0f,1f], start_interpolation: 0, interpolation_duration: 1 }
$data merge entity $(bone_left_close) { transformation: [-0.6238067600324945f,-0.003628535181655625f,0.7815701887036106f,-0.05605061941610838f,0.09858181905906166f,0.9916375316863756f,0.08328643768320884f,1.7739541280558833f,-0.7753365405349915f,0.12900325377054678f,-0.6182324881691706f,1.4813782469364645f,0f,0f,0f,1f], start_interpolation: 0, interpolation_duration: 1 }
$data merge entity $(bone_left_eyebrow) { transformation: [-0.6238067600324945f,-0.003628535181655625f,0.7815701887036106f,-0.05600875417336097f,0.09858181905906166f,0.9916375316863756f,0.08328643768320884f,1.7491579843613687f,-0.7753365405349915f,0.12900325377054678f,-0.6182324881691706f,1.4781918051227114f,0f,0f,0f,1f], start_interpolation: 0, interpolation_duration: 1 }
$data merge entity $(bone_right_eyebrow) { transformation: [-0.6238067600324945f,-0.003628535181655625f,0.7815701887036106f,-0.21196044418148458f,0.09858181905906166f,0.9916375316863756f,0.08328643768320884f,1.7738034391261341f,-0.7753365405349915f,0.12900325377054678f,-0.6182324881691706f,1.2843576699889634f,0f,0f,0f,1f], start_interpolation: 0, interpolation_duration: 1 }
$data merge entity $(bone_talking) { transformation: [-0.6238067600324945f,-0.003628535181655625f,0.7815701887036106f,0.11134813679397551f,0.09858181905906166f,0.9916375316863756f,0.08328643768320884f,1.5024171385622764f,-0.7753365405349915f,0.12900325377054678f,-0.6182324881691706f,1.150950010013429f,0f,0f,0f,1f], start_interpolation: 0, interpolation_duration: 1 }
$data merge entity $(bone_m_opened) { transformation: [-0.6238067600324945f,-0.003628535181655625f,0.7815701887036106f,0.11134813679397551f,0.09858181905906166f,0.9916375316863756f,0.08328643768320884f,1.5024171385622764f,-0.7753365405349915f,0.12900325377054678f,-0.6182324881691706f,1.150950010013429f,0f,0f,0f,1f], start_interpolation: 0, interpolation_duration: 1 }
$data merge entity $(bone_head) { transformation: [-0.6238067600324945f,-0.003628535181655625f,0.7815701887036106f,0.062499999999999854f,0.09858181905906166f,0.9916375316863756f,0.08328643768320884f,1.4972117362070758f,-0.7753365405349915f,0.12900325377054678f,-0.6182324881691706f,1.189589540524002f,0f,0f,0f,1f], start_interpolation: 0, interpolation_duration: 1 }
$data merge entity $(item_display_r_item) { transformation: [-0.1968259040229647f,0.04073963086562434f,0.38859502825238945f,-0.7934958601132354f,0.01914350350505033f,0.43559827710106025f,-0.03597106142637549f,1.5481745897187542f,-0.3902554801397347f,0.0008206482319606994f,-0.19775296902293166f,1.4668758294880833f,0f,0f,0f,1f], start_interpolation: 0, interpolation_duration: 1 }
$data merge entity $(bone_rightarm) { transformation: [-0.4498877806239193f,0.8882172074340331f,-0.09311915626428402f,-0.2500000000000001f,0.04375657944011504f,-0.08221956897457233f,-0.9956532048024235f,1.3723307085093437f,-0.8920125260336793f,-0.4520067863381295f,-0.001875767387338842f,1.184137117103335f,0f,0f,0f,1f], start_interpolation: 0, interpolation_duration: 1 }
$data merge entity $(item_display_l_item) { transformation: [-0.4375f,-5.357766780024448e-17f,2.5975389864068163e-19f,0.3749999999999999f,0f,0.002121051545813307f,0.4374948584158904f,0.7479440683568754f,-5.35782974626967e-17f,0.4374948584158904f,-0.002121051545813307f,1.31216572171618f,0f,0f,0f,1f], start_interpolation: 0, interpolation_duration: 1 }
$data merge entity $(bone_leftarm) { transformation: [-1f,5.937231968929594e-19f,1.224632406862731e-16f,0.3749999999999999f,0f,0.9999882478077495f,-0.0048481178190016225f,1.3723307085093437f,-1.2246467991473532e-16f,-0.0048481178190016225f,-0.9999882478077495f,1.1841371171033352f,0f,0f,0f,1f], start_interpolation: 0, interpolation_duration: 1 }
$data merge entity $(bone_body) { transformation: [-1f,-5.341834311772723e-18f,1.223481206754078e-16f,0.06249999999999986f,0f,0.9990482215818578f,0.043619387365336f,0.7479255700206826f,-1.2246467991473532e-16f,0.043619387365336f,-0.9990482215818578f,1.156875f,0f,0f,0f,1f], start_interpolation: 0, interpolation_duration: 1 }
$data merge entity $(bone_leftleg) { transformation: [-1f,2.137303368083788e-18f,1.2244602795081332e-16f,0.18749999999999986f,0f,0.9998476951563913f,-0.01745240643728348f,0.771875f,-1.2246467991473532e-16f,-0.01745240643728348f,-0.9998476951563913f,1.156875f,0f,0f,0f,1f], start_interpolation: 0, interpolation_duration: 1 }
$data merge entity $(bone_rightleg) { transformation: [-1f,-2.137303368083788e-18f,1.2244602795081332e-16f,-0.06250000000000014f,0f,0.9998476951563913f,0.01745240643728348f,0.8125f,-1.2246467991473532e-16f,0.01745240643728348f,-0.9998476951563913f,1.156875f,0f,0f,0f,1f], start_interpolation: 0, interpolation_duration: 1 }
data modify entity @s data merge value {"locators":{},"cameras":{"camera":{"posx":-3.129615384615385,"posy":1.375,"posz":2.3749999999999996,"roty":254.47368421052633,"rotx":0}}}