# This file was generated by Animated Java via MC-Build. It is not recommended to edit this file directly.
$data merge entity $(bone_left_eye) { transformation: [-0.5963108353227256f,-0.008942362299517108f,0.8027038194958447f,-0.08783710266156655f,0.09817831921804726f,0.9916189478413969f,0.08398142602647432f,1.7139232567378682f,-0.7967273092546989f,0.12888714613344943f,-0.5904351770087399f,1.4869057017944232f,0f,0f,0f,1f], start_interpolation: 0, interpolation_duration: 1 }
$data merge entity $(bone_right_eye) { transformation: [-0.5963108353227256f,-0.008942362299517108f,0.8027038194958447f,-0.23691481149224794f,0.09817831921804726f,0.9916189478413969f,0.08398142602647432f,1.7384678365423798f,-0.7967273092546989f,0.12888714613344943f,-0.5904351770087399f,1.2877238744807484f,0f,0f,0f,1f], start_interpolation: 0, interpolation_duration: 1 }
$data merge entity $(bone_right_close) { transformation: [-0.5963108353227256f,-0.008942362299517108f,0.8027038194958447f,-0.23747370913596777f,0.09817831921804726f,0.9916189478413969f,0.08398142602647432f,1.800444020782467f,-0.7967273092546989f,0.12888714613344943f,-0.5904351770087399f,1.295779321114089f,0f,0f,0f,1f], start_interpolation: 0, interpolation_duration: 1 }
$data merge entity $(bone_left_close) { transformation: [-0.5963108353227256f,-0.008942362299517108f,0.8027038194958447f,-0.08839600030528638f,0.09817831921804726f,0.9916189478413969f,0.08398142602647432f,1.7758994409779554f,-0.7967273092546989f,0.12888714613344943f,-0.5904351770087399f,1.4949611484277638f,0f,0f,0f,1f], start_interpolation: 0, interpolation_duration: 1 }
$data merge entity $(bone_left_eyebrow) { transformation: [-0.5963108353227256f,-0.008942362299517108f,0.8027038194958447f,-0.08822261023651697f,0.09817831921804726f,0.9916189478413969f,0.08398142602647432f,1.7511037184427938f,-0.7967273092546989f,0.12888714613344943f,-0.5904351770087399f,1.4917758719729908f,0f,0f,0f,1f], start_interpolation: 0, interpolation_duration: 1 }
$data merge entity $(bone_right_eyebrow) { transformation: [-0.5963108353227256f,-0.008942362299517108f,0.8027038194958447f,-0.23730031906719834f,0.09817831921804726f,0.9916189478413969f,0.08398142602647432f,1.7756482982473056f,-0.7967273092546989f,0.12888714613344943f,-0.5904351770087399f,1.292594044659316f,0f,0f,0f,1f], start_interpolation: 0, interpolation_duration: 1 }
$data merge entity $(bone_talking) { transformation: [-0.5963108353227256f,-0.008942362299517108f,0.8027038194958447f,0.09070457709042348f,0.09817831921804726f,0.9916189478413969f,0.08398142602647432f,1.504535005313048f,-0.7967273092546989f,0.12888714613344943f,-0.5904351770087399f,1.1705820087889922f,0f,0f,0f,1f], start_interpolation: 0, interpolation_duration: 1 }
$data merge entity $(bone_m_opened) { transformation: [-0.5963108353227256f,-0.008942362299517108f,0.8027038194958447f,0.09070457709042348f,0.09817831921804726f,0.9916189478413969f,0.08398142602647432f,1.504535005313048f,-0.7967273092546989f,0.12888714613344943f,-0.5904351770087399f,1.1705820087889922f,0f,0f,0f,1f], start_interpolation: 0, interpolation_duration: 1 }
$data merge entity $(bone_head) { transformation: [-0.5963108353227256f,-0.008942362299517108f,0.8027038194958447f,0.0405355883719332f,0.09817831921804726f,0.9916189478413969f,0.08398142602647432f,1.4992861661863932f,-0.7967273092546989f,0.12888714613344943f,-0.5904351770087399f,1.2074842073520384f,0f,0f,0f,1f], start_interpolation: 0, interpolation_duration: 1 }
$data merge entity $(item_display_r_item) { transformation: [-0.17995458545493026f,0.029348460336607225f,0.39769493968318836f,-0.8309798528025754f,0.018520067492547684f,0.43645783900770774f,-0.02382880334371245f,1.5331485258390238f,-0.3983460860530899f,0.007033679306908526f,-0.1807682856078242f,1.4456319943305393f,0f,0f,0f,1f], start_interpolation: 0, interpolation_duration: 1 }
$data merge entity $(bone_rightarm) { transformation: [-0.4113247667541263f,0.9090170049901448f,-0.06708219505510203f,-0.27122949906562255f,0.04233158284010899f,-0.05446583621419966f,-0.9976179177319034f,1.374405138488661f,-0.9105053395499197f,-0.4131846528178839f,-0.016076981272933864f,1.1853819636602452f,0f,0f,0f,1f], start_interpolation: 0, interpolation_duration: 1 }
$data merge entity $(item_display_l_item) { transformation: [-0.4368780145375584f,-0.02331700127456405f,0.00040971365960792766f,0.3456346446815741f,0f,0.007686325447882322f,0.43743247524744805f,0.7516976954059874f,-0.023320600629505462f,0.43681058578366805f,-0.007675397944595057f,1.3544649861328653f,0f,0f,0f,1f], start_interpolation: 0, interpolation_duration: 1 }
$data merge entity $(bone_leftarm) { transformation: [-0.9985783189429907f,0.0009364883648181085f,0.05329600291328925f,0.3528819502737466f,0f,0.9998456577084527f,-0.017568743880873657f,1.374405138488661f,-0.0533042300102982f,-0.017543766730502765f,-0.9984241960769555f,1.2186971074166817f,0f,0f,0f,1f], start_interpolation: 0, interpolation_duration: 1 }
$data merge entity $(bone_body) { transformation: [-0.9985783189429907f,-0.0023250978570301655f,0.05325349619457871f,0.04227941176470582f,0f,0.9990482215818578f,0.043619387365336f,0.75f,-0.0533042300102982f,0.04355737450860035f,-0.997627893650196f,1.1748161764705882f,0f,0f,0f,1f], start_interpolation: 0, interpolation_duration: 1 }
$data merge entity $(bone_leftleg) { transformation: [-0.9985783189429907f,-0.000930287086966166f,0.0532961115178828f,0.16710170163257965f,0f,0.9998476951563913f,0.01745240643728345f,0.775f,-0.0533042300102982f,0.017427594681652336f,-0.9984262306282929f,1.1814792052218754f,0f,0f,0f,1f], start_interpolation: 0, interpolation_duration: 1 }
$data merge entity $(bone_rightleg) { transformation: [-0.9985783189429907f,0.000930287086966166f,0.0532961115178828f,-0.08254287810316802f,0f,0.9998476951563913f,-0.01745240643728345f,0.8125f,-0.0533042300102982f,-0.017427594681652336f,-0.9984262306282929f,1.168153147719301f,0f,0f,0f,1f], start_interpolation: 0, interpolation_duration: 1 }
data modify entity @s data merge value {"locators":{},"cameras":{"camera":{"posx":-3.138942307692308,"posy":1.375,"posz":2.3749999999999996,"roty":254.60526315789474,"rotx":0}}}