# This file was generated by Animated Java via MC-Build. It is not recommended to edit this file directly.
$data merge entity $(bone_left_eye) { transformation: [-0.5724184419266235f,-0.014515752308595645f,0.8198331661241893f,-0.11845878930213362f,0.09741489413991897f,0.9915581981283483f,0.0855726482246032f,1.711378567461363f,-0.8141544483339789f,0.12884732305864488f,-0.5661721483776962f,1.5008101610395599f,0f,0f,0f,1f], start_interpolation: 0, interpolation_duration: 1 }
$data merge entity $(bone_right_eye) { transformation: [-0.5724184419266235f,-0.014515752308595645f,0.8198331661241893f,-0.2615633997837895f,0.09741489413991897f,0.9915581981283483f,0.0855726482246032f,1.7357322909963426f,-0.8141544483339789f,0.12884732305864488f,-0.5661721483776962f,1.2972715489560653f,0f,0f,0f,1f], start_interpolation: 0, interpolation_duration: 1 }
$data merge entity $(bone_right_close) { transformation: [-0.5724184419266235f,-0.014515752308595645f,0.8198331661241893f,-0.2624706343030767f,0.09741489413991897f,0.9915581981283483f,0.0855726482246032f,1.7977046783793644f,-0.8141544483339789f,0.12884732305864488f,-0.5661721483776962f,1.3053245066472308f,0f,0f,0f,1f], start_interpolation: 0, interpolation_duration: 1 }
$data merge entity $(bone_left_close) { transformation: [-0.5724184419266235f,-0.014515752308595645f,0.8198331661241893f,-0.11936602382142082f,0.09741489413991897f,0.9915581981283483f,0.0855726482246032f,1.7733509548443849f,-0.8141544483339789f,0.12884732305864488f,-0.5661721483776962f,1.5088631187307253f,0f,0f,0f,1f], start_interpolation: 0, interpolation_duration: 1 }
$data merge entity $(bone_left_eyebrow) { transformation: [-0.5724184419266235f,-0.014515752308595645f,0.8198331661241893f,-0.11905436958658872f,0.09741489413991897f,0.9915581981283483f,0.0855726482246032f,1.748556651600662f,-0.8141544483339789f,0.12884732305864488f,-0.5661721483776962f,1.505677321413533f,0f,0f,0f,1f], start_interpolation: 0, interpolation_duration: 1 }
$data merge entity $(bone_right_eyebrow) { transformation: [-0.5724184419266235f,-0.014515752308595645f,0.8198331661241893f,-0.26215898006824456f,0.09741489413991897f,0.9915581981283483f,0.0855726482246032f,1.7729103751356419f,-0.8141544483339789f,0.12884732305864488f,-0.5661721483776962f,1.3021387093300383f,0f,0f,0f,1f], start_interpolation: 0, interpolation_duration: 1 }
$data merge entity $(bone_talking) { transformation: [-0.5724184419266235f,-0.014515752308595645f,0.8198331661241893f,0.06981570794799653f,0.09741489413991897f,0.9915581981283483f,0.0855726482246032f,1.5024073322669542f,-0.8141544483339789f,0.12884732305864488f,-0.5661721483776962f,1.1899002278651214f,0f,0f,0f,1f], start_interpolation: 0, interpolation_duration: 1 }
$data merge entity $(bone_m_opened) { transformation: [-0.5724184419266235f,-0.014515752308595645f,0.8198331661241893f,0.06981570794799653f,0.09741489413991897f,0.9915581981283483f,0.0855726482246032f,1.5024073322669542f,-0.8141544483339789f,0.12884732305864488f,-0.5661721483776962f,1.1899002278651214f,0f,0f,0f,1f], start_interpolation: 0, interpolation_duration: 1 }
$data merge entity $(bone_head) { transformation: [-0.5724184419266235f,-0.014515752308595645f,0.8198331661241893f,0.018576135065234704f,0.09741489413991897f,0.9915581981283483f,0.0855726482246032f,1.4970590417529166f,-0.8141544483339789f,0.12884732305864488f,-0.5661721483776962f,1.2252859871387274f,0f,0f,0f,1f], start_interpolation: 0, interpolation_duration: 1 }
$data merge entity $(item_display_r_item) { transformation: [-0.1648390124395835f,0.01746391922201618f,0.40488191056572265f,-0.8649806169450966f,0.017834653480594875f,0.4369827274689231f,-0.011587537661128976f,1.5135838471336323f,-0.40486574949379206f,0.012139086424763123f,-0.16535603244999014f,1.4262879817652168f,0f,0f,0f,1f], start_interpolation: 0, interpolation_duration: 1 }
$data merge entity $(bone_rightarm) { transformation: [-0.3767748855761908f,0.925444367007366f,-0.03991752965032249f,-0.29156757877178324f,0.04076492224135972f,-0.026485800368294583f,-0.99881766278611f,1.3721780140551845f,-0.9254074274143819f,-0.3779566455999775f,-0.027746483256601506f,1.1865967678581557f,0f,0f,0f,1f], start_interpolation: 0, interpolation_duration: 1 }
$data merge entity $(item_display_l_item) { transformation: [-0.43501382668013305f,-0.0465562767185441f,0.001316698603905826f,0.31469795370324305f,0f,0.012368372961994624f,0.4373251345969873f,0.7509616426200583f,-0.04657489234670519f,0.43483995498157646f,-0.01229808743315285f,1.3949410118241174f,0f,0f,0f,1f], start_interpolation: 0, interpolation_duration: 1 }
$data merge entity $(bone_leftarm) { transformation: [-0.9943173181260184f,0.0030095968089275784f,0.10641434678524365f,0.32988074505697823f,0f,0.9996003076502566f,-0.028270566770273203f,1.3721780140551845f,-0.10645689679246902f,-0.028109914132920577f,-0.9939198971007461f,1.2531323283534488f,0f,0f,0f,1f], start_interpolation: 0, interpolation_duration: 1 }
$data merge entity $(bone_body) { transformation: [-0.9943173181260184f,-0.004643584618902302f,0.10635557341563956f,0.02205882352941143f,0f,0.9990482215818578f,0.043619387365336f,0.7477728755665233f,-0.10645689679246902f,0.04337151226340082f,-0.993370948361841f,1.1927573529411768f,0f,0f,0f,1f], start_interpolation: 0, interpolation_duration: 1 }
$data merge entity $(bone_leftleg) { transformation: [-0.9943173181260184f,-0.005571523492290299f,0.10631100131527901f,0.14634848829516373f,0f,0.9986295347545738f,0.05233595624294433f,0.7781250000000001f,-0.10645689679246902f,0.05203854765304505f,-0.9929546407986014f,1.2060644650402355f,0f,0f,0f,1f], start_interpolation: 0, interpolation_duration: 1 }
$data merge entity $(bone_rightleg) { transformation: [-0.9943173181260184f,0.005571523492290299f,0.10631100131527901f,-0.10223084123634088f,0f,0.9986295347545738f,-0.05233595624294433f,0.8125f,-0.10645689679246902f,-0.05203854765304505f,-0.9929546407986014f,1.1794502408421181f,0f,0f,0f,1f], start_interpolation: 0, interpolation_duration: 1 }
data modify entity @s data merge value {"locators":{},"cameras":{"camera":{"posx":-3.1482692307692317,"posy":1.375,"posz":2.3749999999999996,"roty":254.73684210526318,"rotx":0}}}