# This file was generated by Animated Java via MC-Build. It is not recommended to edit this file directly.
$data merge entity $(bone_left_eye) { transformation: [-0.5505138199390478f,-0.020793852090863627f,0.8345670433052943f,-0.14839941205368795f,0.09623395027743481f,0.9914448553501941f,0.08818234298108163f,1.703300271096042f,-0.8292608521268311f,0.128859281834318f,-0.5438030200495636f,1.514818458226142f,0f,0f,0f,1f], start_interpolation: 0, interpolation_duration: 1 }
$data merge entity $(bone_right_eye) { transformation: [-0.5505138199390478f,-0.020793852090863627f,0.8345670433052943f,-0.2860278670384499f,0.09623395027743481f,0.9914448553501941f,0.08818234298108163f,1.727358758665401f,-0.8292608521268311f,0.128859281834318f,-0.5438030200495636f,1.3075032451944342f,0f,0f,0f,1f], start_interpolation: 0, interpolation_duration: 1 }
$data merge entity $(bone_right_close) { transformation: [-0.5505138199390478f,-0.020793852090863627f,0.8345670433052943f,-0.2873274827941289f,0.09623395027743481f,0.9914448553501941f,0.08818234298108163f,1.7893240621247881f,-0.8292608521268311f,0.128859281834318f,-0.5438030200495636f,1.3155569503090792f,0f,0f,0f,1f], start_interpolation: 0, interpolation_duration: 1 }
$data merge entity $(bone_left_close) { transformation: [-0.5505138199390478f,-0.020793852090863627f,0.8345670433052943f,-0.14969902780936695f,0.09623395027743481f,0.9914448553501941f,0.08818234298108163f,1.7652655745554293f,-0.8292608521268311f,0.128859281834318f,-0.5438030200495636f,1.522872163340787f,0f,0f,0f,1f], start_interpolation: 0, interpolation_duration: 1 }
$data merge entity $(bone_left_eyebrow) { transformation: [-0.5505138199390478f,-0.020793852090863627f,0.8345670433052943f,-0.14923134194730192f,0.09623395027743481f,0.9914448553501941f,0.08818234298108163f,1.7404739417752382f,-0.8292608521268311f,0.128859281834318f,-0.5438030200495636f,1.519684668983682f,0f,0f,0f,1f], start_interpolation: 0, interpolation_duration: 1 }
$data merge entity $(bone_right_eyebrow) { transformation: [-0.5505138199390478f,-0.020793852090863627f,0.8345670433052943f,-0.28685979693206387f,0.09623395027743481f,0.9914448553501941f,0.08818234298108163f,1.764532429344597f,-0.8292608521268311f,0.128859281834318f,-0.5438030200495636f,1.3123694559519743f,0f,0f,0f,1f], start_interpolation: 0, interpolation_duration: 1 }
$data merge entity $(bone_talking) { transformation: [-0.5505138199390478f,-0.020793852090863627f,0.8345670433052943f,0.048787024509551455f,0.09623395027743481f,0.9914448553501941f,0.08818234298108163f,1.495025283224761f,-0.8292608521268311f,0.128859281834318f,-0.5438030200495636f,1.20900758748622f,0f,0f,0f,1f], start_interpolation: 0, interpolation_duration: 1 }
$data merge entity $(bone_m_opened) { transformation: [-0.5505138199390478f,-0.020793852090863627f,0.8345670433052943f,0.048787024509551455f,0.09623395027743481f,0.9914448553501941f,0.08818234298108163f,1.495025283224761f,-0.8292608521268311f,0.128859281834318f,-0.5438030200495636f,1.20900758748622f,0f,0f,0f,1f], start_interpolation: 0, interpolation_duration: 1 }
$data merge entity $(bone_head) { transformation: [-0.5505138199390478f,-0.020793852090863627f,0.8345670433052943f,-0.0033734156970294388f,0.09623395027743481f,0.9914448553501941f,0.08818234298108163f,1.4895138867884434f,-0.8292608521268311f,0.128859281834318f,-0.5438030200495636f,1.2429952762393177f,0f,0f,0f,1f], start_interpolation: 0, interpolation_duration: 1 }
$data merge entity $(item_display_r_item) { transformation: [-0.15145478342465124f,0.006691789261176758f,0.4103936141489972f,-0.8953785569002014f,0.017147885327281166f,0.43716308191380604f,-0.000799900259608893f,1.490679311436954f,-0.41008980553848745f,0.015808534660331646f,-0.15160043411975668f,1.408917861761467f,0f,0f,0f,1f], start_interpolation: 0, interpolation_duration: 1 }
$data merge entity $(bone_rightarm) { transformation: [-0.3461823621134886f,0.9380425466262794f,-0.015295518311260954f,-0.31101390504768434f,0.03919516646235695f,-0.0018283434505343907f,-0.999229901517271f,1.3646328590907113f,-0.9373481269451142f,-0.3465152779880153f,-0.036133793509329555f,1.1878290888302914f,0f,0f,0f,1f], start_interpolation: 0, interpolation_duration: 1 }
$data merge entity $(item_display_l_item) { transformation: [-0.4319127369888511f,-0.06965034138762906f,0.002543142030294434f,0.28247113306807403f,0f,0.015963794035650167f,0.43720865416867877f,0.7446101514313559f,-0.06969675477954139f,0.4316251119021854f,-0.015759922227803345f,1.4332315165271223f,0f,0f,0f,1f], start_interpolation: 0, interpolation_duration: 1 }
$data merge entity $(bone_leftarm) { transformation: [-0.9872291131173739f,0.005812896069244385f,0.1592007803145807f,0.30600429065067436f,0f,0.9993340666712658f,-0.03648867208148587f,1.3646328590907113f,-0.15930686806752317f,-0.036022679377835994f,-0.9865716843478524f,1.2873958813724933f,0f,0f,0f,1f], start_interpolation: 0, interpolation_duration: 1 }
$data merge entity $(bone_body) { transformation: [-0.9872291131173739f,-0.006948867988195769f,0.15915524322863467f,0.0018382352941173881f,0f,0.9990482215818578f,0.043619387365336f,0.7402277206020501f,-0.15930686806752317f,0.043062329103403844f,-0.9862894897537472f,1.210698529411765f,0f,0f,0f,1f], start_interpolation: 0, interpolation_duration: 1 }
$data merge entity $(bone_leftleg) { transformation: [-0.9872291131173739f,-0.01388450841122823f,0.15870065733846778f,0.12524187443378912f,0f,0.9961946980917455f,0.08715574274765855f,0.78125f,-0.15930686806752317f,0.08604268661585696f,-0.983472408289344f,1.2306118879202053f,0f,0f,0f,1f], start_interpolation: 0, interpolation_duration: 1 }
$data merge entity $(bone_rightleg) { transformation: [-0.9872291131173739f,0.01388450841122823f,0.15870065733846778f,-0.12156540384555435f,0f,0.9961946980917455f,-0.08715574274765855f,0.8125f,-0.15930686806752317f,-0.08604268661585696f,-0.983472408289344f,1.1907851709033246f,0f,0f,0f,1f], start_interpolation: 0, interpolation_duration: 1 }
data modify entity @s data merge value {"locators":{},"cameras":{"camera":{"posx":-3.1575961538461543,"posy":1.375,"posz":2.3749999999999996,"roty":254.86842105263156,"rotx":0}}}