# This file was generated by Animated Java via MC-Build. It is not recommended to edit this file directly.
$data merge entity $(bone_left_eye) { transformation: [-0.9990482215818578f,0.006070645401612093f,-0.04319488648596161f,0.19969741066962576f,0f,0.9902680687415704f,0.13917310096006544f,1.6502737419453761f,0.043619387365335875f,0.1390406390061857f,-0.9893255529655668f,-0.598360875427729f,0f,0f,0f,1f], start_interpolation: 0, interpolation_duration: 1 }
$data merge entity $(bone_right_eye) { transformation: [-0.9990482215818578f,0.006070645401612093f,-0.04319488648596161f,-0.05006464472583867f,0f,0.9902680687415704f,0.13917310096006544f,1.6502737419453761f,0.043619387365335875f,0.1390406390061857f,-0.9893255529655668f,-0.587456028586395f,0f,0f,0f,1f], start_interpolation: 0, interpolation_duration: 1 }
$data merge entity $(bone_right_close) { transformation: [-0.9990482215818578f,0.006070645401612093f,-0.04319488648596161f,-0.049685229388237925f,0f,0.9902680687415704f,0.13917310096006544f,1.7121654962417243f,0.043619387365335875f,0.1390406390061857f,-0.9893255529655668f,-0.5787659886485084f,0f,0f,0f,1f], start_interpolation: 0, interpolation_duration: 1 }
$data merge entity $(bone_left_close) { transformation: [-0.9990482215818578f,0.006070645401612093f,-0.04319488648596161f,0.20007682600722654f,0f,0.9902680687415704f,0.13917310096006544f,1.7121654962417243f,0.043619387365335875f,0.1390406390061857f,-0.9893255529655668f,-0.5896708354898423f,0f,0f,0f,1f], start_interpolation: 0, interpolation_duration: 1 }
$data merge entity $(bone_left_eyebrow) { transformation: [-0.9990482215818578f,0.006070645401612093f,-0.04319488648596161f,0.1999277595525916f,0f,0.9902680687415704f,0.13917310096006544f,1.6874000962043751f,0.043619387365335875f,0.1390406390061857f,-0.9893255529655668f,-0.5930850186179366f,0f,0f,0f,1f], start_interpolation: 0, interpolation_duration: 1 }
$data merge entity $(bone_right_eyebrow) { transformation: [-0.9990482215818578f,0.006070645401612093f,-0.04319488648596161f,-0.04983429584287284f,0f,0.9902680687415704f,0.13917310096006544f,1.6874000962043751f,0.043619387365335875f,0.1390406390061857f,-0.9893255529655668f,-0.5821801717766026f,0f,0f,0f,1f], start_interpolation: 0, interpolation_duration: 1 }
$data merge entity $(bone_talking) { transformation: [-0.9990482215818578f,0.006070645401612093f,-0.04319488648596161f,0.059800319594627525f,0f,0.9902680687415704f,0.13917310096006544f,1.446198318810004f,0.043619387365335875f,0.1390406390061857f,-0.9893255529655668f,-0.9368328470603481f,0f,0f,0f,1f], start_interpolation: 0, interpolation_duration: 1 }
$data merge entity $(bone_m_opened) { transformation: [-0.9990482215818578f,0.006070645401612093f,-0.04319488648596161f,0.059800319594627525f,0f,0.9902680687415704f,0.13917310096006544f,1.446198318810004f,0.043619387365335875f,0.1390406390061857f,-0.9893255529655668f,-0.9368328470603481f,0f,0f,0f,1f], start_interpolation: 0, interpolation_duration: 1 }
$data merge entity $(bone_head) { transformation: [-0.9990482215818578f,0.006070645401612093f,-0.04319488648596161f,0.06250000000000012f,0f,0.9902680687415704f,0.13917310096006544f,1.4375f,0.043619387365335875f,0.1390406390061857f,-0.9893255529655668f,-0.8750000000000001f,0f,0f,0f,1f], start_interpolation: 0, interpolation_duration: 1 }
$data merge entity $(item_display_r_item) { transformation: [-0.42596153937215886f,0.05618893953209529f,-0.08249739420102518f,-0.11579516623369582f,-0.06405343751770996f,0.12344427366631326f,0.41480708581358783f,0.7551882413138212f,0.07655177410005354f,0.4159453862867756f,-0.11196209853731519f,-0.5825815474559466f,0f,0f,0f,1f], start_interpolation: 0, interpolation_duration: 1 }
$data merge entity $(bone_rightarm) { transformation: [-0.9736263757077916f,-0.1885654724594861f,-0.12843186178764643f,-0.24970256924433043f,-0.14640785718333707f,0.9481304818596293f,-0.2821583398087158f,1.3125f,0.17497548365726523f,-0.25591336808529164f,-0.9507323115126298f,-0.8613689414483326f,0f,0f,0f,1f], start_interpolation: 0, interpolation_duration: 1 }
$data merge entity $(item_display_l_item) { transformation: [-0.436419391695254f,0.030579608883153125f,-0.00304172202836724f,0.38778491753718475f,-0.005466538974409908f,-0.034638503686634514f,0.43609235376694266f,0.6796142078510435f,0.03024039523527643f,0.4350532284478583f,0.03493503847299845f,-0.8142373339565632f,0f,0f,0f,1f], start_interpolation: 0, interpolation_duration: 1 }
$data merge entity $(bone_leftarm) { transformation: [-0.9975300381605806f,-0.006952507493410819f,-0.06989624887577857f,0.37470256924433065f,-0.012494946227222647f,0.9967825228958689f,0.07917372271230769f,1.3125f,0.06912090339491755f,0.07985151650971095f,-0.9944073793093904f,-0.8886310585516676f,0f,0f,0f,1f], start_interpolation: 0, interpolation_duration: 1 }
$data merge entity $(bone_body) { transformation: [-0.9990482215818578f,0f,-0.043619387365335875f,0.06250000000000012f,0f,1f,0f,0.6875f,0.043619387365335875f,0f,-0.9990482215818578f,-0.8750000000000001f,0f,0f,0f,1f], start_interpolation: 0, interpolation_duration: 1 }
$data merge entity $(bone_leftleg) { transformation: [-0.9952465390275879f,-0.04345342161151017f,-0.0871557611627618f,0.18738102769773235f,-0.043619410209978775f,0.9990482205844381f,4.023395993387087e-8f,0.75f,0.08707280635503623f,0.003801722941030819f,-0.9961946964806317f,-0.8804524234206671f,0f,0f,0f,1f], start_interpolation: 0, interpolation_duration: 1 }
$data merge entity $(bone_rightleg) { transformation: [-0.9990482205844388f,0.04361941020997806f,1.848544667337748e-8f,-0.0623810276977321f,0.043619410209978775f,0.9990482205844381f,4.023395993387087e-8f,0.75f,-1.671287099686003e-8f,4.1001990360020266e-8f,-0.999999999999999f,-0.8695475765793331f,0f,0f,0f,1f], start_interpolation: 0, interpolation_duration: 1 }
$data merge entity $(text_display_text) { transformation: [-2f,0f,7.347880794884119e-16f,6.888638245203862e-17f,0f,2f,0f,2.810890635239544f,-7.347880794884119e-16f,0f,-2f,-0.5625f,0f,0f,0f,1f], start_interpolation: 0, interpolation_duration: 1 }
data modify entity @s data merge value {"locators":{},"cameras":{"camera":{"posx":-0.9999999999999996,"posy":1.3416666666666666,"posz":-3.25,"roty":342.3876010887095,"rotx":1.0946873264622399}}}