# This file was generated by Animated Java via MC-Build. It is not recommended to edit this file directly.
$data merge entity $(bone_left_eye) { transformation: [-0.5423069276923695f,-0.027547213725731885f,0.8397287342903135f,-0.17433876889077898f,0.093748567088946f,0.9912369977581547f,0.09306137998208361f,1.688985422222642f,-0.8349337712331635f,0.12919119664802708f,-0.5349721790551527f,1.5310202993235131f,0f,0f,0f,1f], start_interpolation: 0, interpolation_duration: 1 }
$data merge entity $(bone_right_eye) { transformation: [-0.5423069276923695f,-0.027547213725731885f,0.8397287342903135f,-0.30991550081387137f,0.093748567088946f,0.9912369977581547f,0.09306137998208361f,1.7124225639948785f,-0.8349337712331635f,0.12919119664802708f,-0.5349721790551527f,1.3222868565152222f,0f,0f,0f,1f], start_interpolation: 0, interpolation_duration: 1 }
$data merge entity $(bone_right_close) { transformation: [-0.5423069276923695f,-0.027547213725731885f,0.8397287342903135f,-0.3116372016717296f,0.093748567088946f,0.9912369977581547f,0.09306137998208361f,1.774374876354763f,-0.8349337712331635f,0.12919119664802708f,-0.5349721790551527f,1.3303613063057238f,0f,0f,0f,1f], start_interpolation: 0, interpolation_duration: 1 }
$data merge entity $(bone_left_close) { transformation: [-0.5423069276923695f,-0.027547213725731885f,0.8397287342903135f,-0.17606046974863723f,0.093748567088946f,0.9912369977581547f,0.09306137998208361f,1.7509377345825266f,-0.8349337712331635f,0.12919119664802708f,-0.5349721790551527f,1.5390947491140148f,0f,0f,0f,1f], start_interpolation: 0, interpolation_duration: 1 }
$data merge entity $(bone_left_eyebrow) { transformation: [-0.5423069276923695f,-0.027547213725731885f,0.8397287342903135f,-0.1754242724513871f,0.093748567088946f,0.9912369977581547f,0.09306137998208361f,1.726150993302324f,-0.8349337712331635f,0.12919119664802708f,-0.5349721790551527f,1.535898404959005f,0f,0f,0f,1f], start_interpolation: 0, interpolation_duration: 1 }
$data merge entity $(bone_right_eyebrow) { transformation: [-0.5423069276923695f,-0.027547213725731885f,0.8397287342903135f,-0.3110010043744795f,0.093748567088946f,0.9912369977581547f,0.09306137998208361f,1.7495881350745603f,-0.8349337712331635f,0.12919119664802708f,-0.5349721790551527f,1.327164962150714f,0f,0f,0f,1f], start_interpolation: 0, interpolation_duration: 1 }
$data merge entity $(bone_talking) { transformation: [-0.5423069276923695f,-0.027547213725731885f,0.8397287342903135f,0.027174898044830743f,0.093748567088946f,0.9912369977581547f,0.09306137998208361f,1.4819764249136225f,-0.8349337712331635f,0.12919119664802708f,-0.5349721790551527f,1.2271769728026256f,0f,0f,0f,1f], start_interpolation: 0, interpolation_duration: 1 }
$data merge entity $(bone_m_opened) { transformation: [-0.5423069276923695f,-0.027547213725731885f,0.8397287342903135f,0.027174898044830743f,0.093748567088946f,0.9912369977581547f,0.09306137998208361f,1.4819764249136225f,-0.8349337712331635f,0.12919119664802708f,-0.5349721790551527f,1.2271769728026256f,0f,0f,0f,1f], start_interpolation: 0, interpolation_duration: 1 }
$data merge entity $(bone_head) { transformation: [-0.5423069276923695f,-0.027547213725731885f,0.8397287342903135f,-0.02530814784831385f,0.093748567088946f,0.9912369977581547f,0.09306137998208361f,1.4761600886647424f,-0.8349337712331635f,0.12919119664802708f,-0.5349721790551527f,1.2606127339935727f,0f,0f,0f,1f], start_interpolation: 0, interpolation_duration: 1 }
$data merge entity $(item_display_r_item) { transformation: [-0.13974469401444473f,-0.0013426124109564665f,0.41457914550387504f,-0.9222102050948284f,0.01653569878836955f,0.4371315230579411f,0.006989435930386334f,1.466188873368727f,-0.4142514226413586f,0.01790192562152479f,-0.13957625119858985f,1.3936359163646235f,0f,0f,0f,1f], start_interpolation: 0, interpolation_duration: 1 }
$data merge entity $(bone_rightarm) { transformation: [-0.31941644346158793f,0.9476094754374287f,0.0030688283679007056f,-0.3295706794004479f,0.03779588294484469f,0.015975853555168985f,-0.9991577669895797f,1.35127906096701f,-0.9468603946088197f,-0.3190314313110625f,-0.040918687134913874f,1.189126435903345f,0f,0f,0f,1f], start_interpolation: 0, interpolation_duration: 1 }
$data merge entity $(item_display_l_item) { transformation: [-0.427583562984653f,-0.09253965089696033f,0.003867774194286027f,0.24929769004380206f,0f,0.018269737598822697f,0.43711836690771777f,0.7320441761270767f,-0.09262044410036736f,0.42721058004213674f,-0.017855633136684083f,1.4690095691111718f,0f,0f,0f,1f], start_interpolation: 0, interpolation_duration: 1 }
$data merge entity $(bone_leftarm) { transformation: [-0.9773338582506355f,0.008840626729796587f,0.21151920205019503f,0.2812629820061993f,0f,0.9991276957890692f,-0.041759400225880226f,1.35127906096701f,-0.21170387222941112f,-0.040812875740991975f,-0.9764813258105982f,1.321441356046727f,0f,0f,0f,1f], start_interpolation: 0, interpolation_duration: 1 }
$data merge entity $(bone_body) { transformation: [-0.9773338582506355f,-0.009234393209516282f,0.21150237705278602f,-0.018382352941176638f,0f,0.9990482215818578f,0.043619387365336f,0.7268739224783489f,-0.21170387222941112f,0.042630704148292856f,-0.9764036529770328f,1.228639705882353f,0f,0f,0f,1f], start_interpolation: 0, interpolation_duration: 1 }
$data merge entity $(bone_leftleg) { transformation: [-0.9773338582506355f,-0.02580021190492563f,0.21012586366886815f,0.10378437934015279f,0f,0.992546151641322f,0.12186934340514778f,0.784375f,-0.21170387222941112f,0.11910703559262471f,-0.9700489598754335f,1.2551026899110294f,0f,0f,0f,1f], start_interpolation: 0, interpolation_duration: 1 }
$data merge entity $(bone_rightleg) { transformation: [-0.9773338582506355f,0.02580021190492563f,0.21012586366886815f,-0.14054908522250606f,0f,0.992546151641322f,-0.12186934340514778f,0.8f,-0.21170387222941112f,-0.11910703559262471f,-0.9700489598754335f,1.2021767218536767f,0f,0f,0f,1f], start_interpolation: 0, interpolation_duration: 1 }
data modify entity @s data merge value {"locators":{},"cameras":{"camera":{"posx":-3.1669230769230774,"posy":1.375,"posz":2.3749999999999996,"roty":255,"rotx":0}}}