# This file was generated by Animated Java via MC-Build. It is not recommended to edit this file directly.
$data merge entity $(bone_left_eye) { transformation: [-0.5500583246731385f,-0.03430138581918783f,0.8344215088243251f,-0.1956466205334862f,0.08924605008609214f,0.9910200943431329f,0.09957065407116036f,1.6716188475152756f,-0.8303438938185858f,0.1292384909344394f,-0.5420575896149578f,1.5497562877156987f,0f,0f,0f,1f], start_interpolation: 0, interpolation_duration: 1 }
$data merge entity $(bone_right_eye) { transformation: [-0.5500583246731385f,-0.03430138581918783f,0.8344215088243251f,-0.3331612017017708f,0.08924605008609214f,0.9910200943431329f,0.09957065407116036f,1.6939303600367988f,-0.8303438938185858f,0.1292384909344394f,-0.5420575896149578f,1.3421703142610522f,0f,0f,0f,1f], start_interpolation: 0, interpolation_duration: 1 }
$data merge entity $(bone_right_close) { transformation: [-0.5500583246731385f,-0.03430138581918783f,0.8344215088243251f,-0.33530503831547004f,0.08924605008609214f,0.9910200943431329f,0.09957065407116036f,1.7558691159332447f,-0.8303438938185858f,0.1292384909344394f,-0.5420575896149578f,1.3502477199444547f,0f,0f,0f,1f], start_interpolation: 0, interpolation_duration: 1 }
$data merge entity $(bone_left_close) { transformation: [-0.5500583246731385f,-0.03430138581918783f,0.8344215088243251f,-0.1977904571471854f,0.08924605008609214f,0.9910200943431329f,0.09957065407116036f,1.7335576034117215f,-0.8303438938185858f,0.1292384909344394f,-0.5420575896149578f,1.5578336933991013f,0f,0f,0f,1f], start_interpolation: 0, interpolation_duration: 1 }
$data merge entity $(bone_left_eyebrow) { transformation: [-0.5500583246731385f,-0.03430138581918783f,0.8344215088243251f,-0.19698507384600722f,0.08924605008609214f,0.9910200943431329f,0.09957065407116036f,1.7087758778872637f,-0.8303438938185858f,0.1292384909344394f,-0.5420575896149578f,1.554636609725091f,0f,0f,0f,1f], start_interpolation: 0, interpolation_duration: 1 }
$data merge entity $(bone_right_eyebrow) { transformation: [-0.5500583246731385f,-0.03430138581918783f,0.8344215088243251f,-0.33449965501429185f,0.08924605008609214f,0.9910200943431329f,0.09957065407116036f,1.731087390408787f,-0.8303438938185858f,0.1292384909344394f,-0.5420575896149578f,1.3470506362704446f,0f,0f,0f,1f], start_interpolation: 0, interpolation_duration: 1 }
$data merge entity $(bone_talking) { transformation: [-0.5500583246731385f,-0.03430138581918783f,0.8344215088243251f,0.004928156844770069f,0.08924605008609214f,0.9910200943431329f,0.09957065407116036f,1.4661354095874917f,-0.8303438938185858f,0.1292384909344394f,-0.5420575896149578f,1.2442606815000912f,0f,0f,0f,1f], start_interpolation: 0, interpolation_duration: 1 }
$data merge entity $(bone_m_opened) { transformation: [-0.5500583246731385f,-0.03430138581918783f,0.8344215088243251f,0.004928156844770069f,0.08924605008609214f,0.9910200943431329f,0.09957065407116036f,1.4661354095874917f,-0.8303438938185858f,0.1292384909344394f,-0.5420575896149578f,1.2442606815000912f,0f,0f,0f,1f], start_interpolation: 0, interpolation_duration: 1 }
$data merge entity $(bone_head) { transformation: [-0.5500583246731385f,-0.03430138581918783f,0.8344215088243251f,-0.04722318745675025f,0.08924605008609214f,0.9910200943431329f,0.09957065407116036f,1.459912243708044f,-0.8303438938185858f,0.1292384909344394f,-0.5420575896149578f,1.2781392808510261f,0f,0f,0f,1f], start_interpolation: 0, interpolation_duration: 1 }
$data merge entity $(item_display_r_item) { transformation: [-0.12962689675875305f,-0.005028476996829509f,0.41782512137949285f,-0.9455723709109451f,0.016094845451791337f,0.4370835969420628f,0.010253547389629f,1.4452643188657166f,-0.4175452952513997f,0.01840906579054929f,-0.1293185319671573f,1.3805366265473542f,0f,0f,0f,1f], start_interpolation: 0, interpolation_duration: 1 }
$data merge entity $(bone_rightarm) { transformation: [-0.2962900497342927f,0.9550288488674122f,0.01149366170703909f,-0.34724263265543265f,0.03678821817552305f,0.02343667974772365f,-0.9990482215818578f,1.3350312160103117f,-0.9543892462889136f,-0.29558521592493103f,-0.04207786466411273f,1.1905361335112583f,0f,0f,0f,1f], start_interpolation: 0, interpolation_duration: 1 }
$data merge entity $(item_display_l_item) { transformation: [-0.42203861407688714f,-0.11517105820106324f,0.005028476996829569f,0.21558011797291726f,0f,0.019083481972334605f,0.4370835969420628f,0.7160785009423176f,-0.11528077995945524f,0.4216369268323861f,-0.018409065790549378f,1.501989320820518f,0f,0f,0f,1f], start_interpolation: 0, interpolation_duration: 1 }
$data merge entity $(bone_leftarm) { transformation: [-0.9646596893185991f,0.011493661707038957f,0.2632481330310017f,0.2556696731686918f,0f,0.9990482215818578f,-0.043619387365336014f,1.3350312160103117f,-0.263498925621612f,-0.04207786466411265f,-0.963741547045454f,1.3552229620247658f,0f,0f,0f,1f], start_interpolation: 0, interpolation_duration: 1 }
$data merge entity $(bone_body) { transformation: [-0.9646596893185991f,-0.011493661707038952f,0.2632481330310017f,-0.038602941176471034f,0f,0.9990482215818578f,0.043619387365336f,0.7106260775216506f,-0.263498925621612f,0.04207786466411265f,-0.9637415470454539f,1.2465808823529416f,0f,0f,0f,1f], start_interpolation: 0, interpolation_duration: 1 }
$data merge entity $(bone_leftleg) { transformation: [-0.9646596893185991f,-0.04122031346829268f,0.2602548165958115f,0.08197951998835386f,0f,0.9876883405951375f,0.15643446504023173f,0.7875000000000001f,-0.263498925621612f,0.1509060224444312f,-0.9527831277821082f,1.279518248055643f,0f,0f,0f,1f], start_interpolation: 0, interpolation_duration: 1 }
$data merge entity $(bone_rightleg) { transformation: [-0.9646596893185991f,0.04122031346829268f,0.2602548165958115f,-0.1591854023412959f,0f,0.9876883405951375f,-0.15643446504023173f,0.7874999999999998f,-0.263498925621612f,-0.1509060224444312f,-0.9527831277821082f,1.2136435166502402f,0f,0f,0f,1f], start_interpolation: 0, interpolation_duration: 1 }
data modify entity @s data merge value {"locators":{},"cameras":{"camera":{"posx":-3.176250000000001,"posy":1.375,"posz":2.3749999999999996,"roty":255,"rotx":0}}}