# This file was generated by Animated Java via MC-Build. It is not recommended to edit this file directly.
$data merge entity $(bone_left_eye) { transformation: [-0.5672010728345729f,-0.04102228211716543f,0.8225570590209588f,-0.21410841776370848f,0.08259186766749978f,0.9908905908230827f,0.10636926442105557f,1.6573647937264122f,-0.8194275601726511f,0.12826928466387394f,-0.5586460992804966f,1.569733386761484f,0f,0f,0f,1f], start_interpolation: 0, interpolation_duration: 1 }
$data merge entity $(bone_right_eye) { transformation: [-0.5672010728345729f,-0.04102228211716543f,0.8225570590209588f,-0.3559086859723517f,0.08259186766749978f,0.9908905908230827f,0.10636926442105557f,1.678012760643287f,-0.8194275601726511f,0.12826928466387394f,-0.5586460992804966f,1.3648764967183213f,0f,0f,0f,1f], start_interpolation: 0, interpolation_duration: 1 }
$data merge entity $(bone_right_close) { transformation: [-0.5672010728345729f,-0.04102228211716543f,0.8225570590209588f,-0.3584725786046745f,0.08259186766749978f,0.9908905908230827f,0.10636926442105557f,1.7399434225697297f,-0.8194275601726511f,0.12826928466387394f,-0.5586460992804966f,1.3728933270098136f,0f,0f,0f,1f], start_interpolation: 0, interpolation_duration: 1 }
$data merge entity $(bone_left_close) { transformation: [-0.5672010728345729f,-0.04102228211716543f,0.8225570590209588f,-0.2166723103960313f,0.08259186766749978f,0.9908905908230827f,0.10636926442105557f,1.7192954556528548f,-0.8194275601726511f,0.12826928466387394f,-0.5586460992804966f,1.5777502170529762f,0f,0f,0f,1f], start_interpolation: 0, interpolation_duration: 1 }
$data merge entity $(bone_left_eyebrow) { transformation: [-0.5672010728345729f,-0.04102228211716543f,0.8225570590209588f,-0.21569816315929097f,0.08259186766749978f,0.9908905908230827f,0.10636926442105557f,1.6945165428032516f,-0.8194275601726511f,0.12826928466387394f,-0.5586460992804966f,1.5745784003175844f,0f,0f,0f,1f], start_interpolation: 0, interpolation_duration: 1 }
$data merge entity $(bone_right_eyebrow) { transformation: [-0.5672010728345729f,-0.04102228211716543f,0.8225570590209588f,-0.3574984313679342f,0.08259186766749978f,0.9908905908230827f,0.10636926442105557f,1.7151645097201265f,-0.8194275601726511f,0.12826928466387394f,-0.5586460992804966f,1.3697215102744216f,0f,0f,0f,1f], start_interpolation: 0, interpolation_duration: 1 }
$data merge entity $(bone_talking) { transformation: [-0.5672010728345729f,-0.04102228211716543f,0.8225570590209588f,-0.017703900394689095f,0.08259186766749978f,0.9908905908230827f,0.10636926442105557f,1.4532065246106587f,-0.8194275601726511f,0.12826928466387394f,-0.5586460992804966f,1.260660714548779f,0f,0f,0f,1f], start_interpolation: 0, interpolation_duration: 1 }
$data merge entity $(bone_m_opened) { transformation: [-0.5672010728345729f,-0.04102228211716543f,0.8225570590209588f,-0.017703900394689095f,0.08259186766749978f,0.9908905908230827f,0.10636926442105557f,1.4532065246106587f,-0.8194275601726511f,0.12826928466387394f,-0.5586460992804966f,1.260660714548779f,0f,0f,0f,1f], start_interpolation: 0, interpolation_duration: 1 }
$data merge entity $(bone_head) { transformation: [-0.5672010728345729f,-0.04102228211716543f,0.8225570590209588f,-0.06911371658349902f,0.08259186766749978f,0.9908905908230827f,0.10636926442105557f,1.4465584455843428f,-0.8194275601726511f,0.12826928466387394f,-0.5586460992804966f,1.29557609575381f,0f,0f,0f,1f], start_interpolation: 0, interpolation_duration: 1 }
$data merge entity $(item_display_r_item) { transformation: [-0.1333822030226593f,-0.006002609183511626f,0.41662861951600516f,-0.9609357848657937f,0.015425275794270383f,0.4370835969420628f,0.011235664237556722f,1.4305074966735472f,-0.416386237504907f,0.01811485487599709f,-0.1330436140869932f,1.3873431652949926f,0f,0f,0f,1f], start_interpolation: 0, interpolation_duration: 1 }
$data merge entity $(bone_rightarm) { transformation: [-0.3048736069089355f,0.9522939874651546f,0.0137202495623125f,-0.36403701150478307f,0.03525777324404659f,0.025681518257272728f,-0.9990482215818578f,1.3216774178866104f,-0.9517399714397874f,-0.30409968934169873f,-0.041405382573707704f,1.1921051866347174f,0f,0f,0f,1f], start_interpolation: 0, interpolation_duration: 1 }
$data merge entity $(item_display_l_item) { transformation: [-0.41529365656320233f,-0.13749329012837974f,0.005746650157975673f,0.18174634332314654f,0f,0.018269737598822756f,0.43711836690771777f,0.7024425330466774f,-0.137613330816331f,0.4149313941578094f,-0.01734241401569217f,1.5320223632969816f,0f,0f,0f,1f], start_interpolation: 0, interpolation_duration: 1 }
$data merge entity $(bone_leftarm) { transformation: [-0.9492426435730339f,0.013135200361087184f,0.31427037743629654f,0.22923964072836311f,0f,0.9991276957890691f,-0.041759400225880365f,1.3216774178866104f,-0.31454475615161376f,-0.03963980346443903f,-0.94841461521785f,1.388695659229476f,0f,0f,0f,1f], start_interpolation: 0, interpolation_duration: 1 }
$data merge entity $(bone_body) { transformation: [-0.9492426435730339f,-0.013720249562312395f,0.31424537924116885f,-0.05882352941176472f,0f,0.9990482215818578f,0.043619387365336f,0.6972722793979494f,-0.31454475615161376f,0.04140538257370774f,-0.9483391749113008f,1.2645220588235293f,0f,0f,0f,1f], start_interpolation: 0, interpolation_duration: 1 }
$data merge entity $(bone_leftleg) { transformation: [-0.9492426435730339f,-0.06001796892224973f,0.3087656830493409f,0.05983180103486452f,0f,0.981627183447664f,0.19080899537654497f,0.790625f,-0.31454475615161376f,0.18112403518874634f,-0.931802382619012f,1.303840153342481f,0f,0f,0f,1f], start_interpolation: 0, interpolation_duration: 1 }
$data merge entity $(bone_rightleg) { transformation: [-0.9492426435730339f,0.06001796892224973f,0.3087656830493409f,-0.17747885985839396f,0f,0.981627183447664f,-0.19080899537654497f,0.775f,-0.31454475615161376f,-0.18112403518874634f,-0.931802382619012f,1.2252039643045776f,0f,0f,0f,1f], start_interpolation: 0, interpolation_duration: 1 }
data modify entity @s data merge value {"locators":{},"cameras":{"camera":{"posx":-3.1855769230769235,"posy":1.375,"posz":2.3749999999999996,"roty":255,"rotx":0}}}