# This file was generated by Animated Java via MC-Build. It is not recommended to edit this file directly.
$data merge entity $(bone_left_eye) { transformation: [-0.587143546563663f,-0.04764777945349532f,0.8080792936598455f,-0.2315138119397756f,0.07416766368402959f,0.9909005921811691f,0.11231729198418694f,1.6493881577086118f,-0.8060779201741581f,0.1258797264382136f,-0.578266963503488f,1.5897210252916951f,0f,0f,0f,1f], start_interpolation: 0, interpolation_duration: 1 }
$data merge entity $(bone_right_eye) { transformation: [-0.587143546563663f,-0.04764777945349532f,0.8080792936598455f,-0.37829969858069135f,0.07416766368402959f,0.9909005921811691f,0.11231729198418694f,1.6679300736296192f,-0.8060779201741581f,0.1258797264382136f,-0.578266963503488f,1.3882015452481558f,0f,0f,0f,1f], start_interpolation: 0, interpolation_duration: 1 }
$data merge entity $(bone_right_close) { transformation: [-0.587143546563663f,-0.04764777945349532f,0.8080792936598455f,-0.38127768479653484f,0.07416766368402959f,0.9909005921811691f,0.11231729198418694f,1.7298613606409423f,-0.8060779201741581f,0.1258797264382136f,-0.578266963503488f,1.3960690281505441f,0f,0f,0f,1f], start_interpolation: 0, interpolation_duration: 1 }
$data merge entity $(bone_left_close) { transformation: [-0.587143546563663f,-0.04764777945349532f,0.8080792936598455f,-0.2344917981556191f,0.07416766368402959f,0.9909005921811691f,0.11231729198418694f,1.711319444719935f,-0.8060779201741581f,0.1258797264382136f,-0.578266963503488f,1.5975885081940835f,0f,0f,0f,1f], start_interpolation: 0, interpolation_duration: 1 }
$data merge entity $(bone_left_eyebrow) { transformation: [-0.587143546563663f,-0.04764777945349532f,0.8080792936598455f,-0.23335110862513547f,0.07416766368402959f,0.9909005921811691f,0.11231729198418694f,1.6865399100846568f,-0.8060779201741581f,0.1258797264382136f,-0.578266963503488f,1.5944776567183472f,0f,0f,0f,1f], start_interpolation: 0, interpolation_duration: 1 }
$data merge entity $(bone_right_eyebrow) { transformation: [-0.587143546563663f,-0.04764777945349532f,0.8080792936598455f,-0.3801369952660512f,0.07416766368402959f,0.9909005921811691f,0.11231729198418694f,1.7050818260056642f,-0.8060779201741581f,0.1258797264382136f,-0.578266963503488f,1.3929581766748076f,0f,0f,0f,1f], start_interpolation: 0, interpolation_duration: 1 }
$data merge entity $(bone_talking) { transformation: [-0.587143546563663f,-0.04764777945349532f,0.8080792936598455f,-0.04047003112815793f,0.07416766368402959f,0.9909005921811691f,0.11231729198418694f,1.4460331213688817f,-0.8060779201741581f,0.1258797264382136f,-0.578266963503488f,1.276782927565532f,0f,0f,0f,1f], start_interpolation: 0, interpolation_duration: 1 }
$data merge entity $(bone_m_opened) { transformation: [-0.587143546563663f,-0.04764777945349532f,0.8080792936598455f,-0.04047003112815793f,0.07416766368402959f,0.9909005921811691f,0.11231729198418694f,1.4460331213688817f,-0.8060779201741581f,0.1258797264382136f,-0.578266963503488f,1.276782927565532f,0f,0f,0f,1f], start_interpolation: 0, interpolation_duration: 1 }
$data merge entity $(bone_head) { transformation: [-0.587143546563663f,-0.04764777945349532f,0.8080792936598455f,-0.09097498698189828f,0.07416766368402959f,0.9909005921811691f,0.11231729198418694f,1.43901329061987f,-0.8060779201741581f,0.1258797264382136f,-0.578266963503488f,1.3129246127845f,0f,0f,0f,1f], start_interpolation: 0, interpolation_duration: 1 }
$data merge entity $(item_display_r_item) { transformation: [-0.1479092738527529f,-0.006959673778656147f,0.4116802881475454f,-0.9700667334785726f,0.014373426701349126f,0.4370835969420627f,0.01255324217281577f,1.4210800875158474f,-0.4114881545235687f,0.017769136869389666f,-0.14753984703023315f,1.4097282534405615f,0f,0f,0f,1f], start_interpolation: 0, interpolation_duration: 1 }
$data merge entity $(bone_rightarm) { transformation: [-0.3380783402348638f,0.9409835157658181f,0.015907825779785688f,-0.3799635579024631f,0.03285354674594086f,0.028693124966436268f,-0.9990482215818577f,1.314132262922138f,-0.9405443531967284f,-0.33723393606910435f,-0.04061516998717645f,1.1938801471489742f,0f,0f,0f,1f], start_interpolation: 0, interpolation_duration: 1 }
$data merge entity $(item_display_l_item) { transformation: [-0.4073678688002532f,-0.15944834441799094f,0.005821935374207366f,0.1481168200153193f,0f,0.015963794035650222f,0.43720865416867877f,0.6941095552627825f,-0.15955459714198056f,0.4070965889593637f,-0.014864312581186343f,1.5593633293133162f,0f,0f,0f,1f], start_interpolation: 0, interpolation_duration: 1 }
$data merge entity $(bone_leftarm) { transformation: [-0.9311265572577216f,0.01330728085533104f,0.3644533586696936f,0.20199054038361292f,0f,0.9993340666712658f,-0.036488672081486f,1.314132262922138f,-0.3646962220388127f,-0.033975571614140006f,-0.9305064890499741f,1.421815285923232f,0f,0f,0f,1f], start_interpolation: 0, interpolation_duration: 1 }
$data merge entity $(bone_body) { transformation: [-0.9311265572577216f,-0.01590782577978556f,0.36434911204549814f,-0.07904411764705911f,0f,0.9990482215818578f,0.043619387365336f,0.6897271244334768f,-0.3646962220388127f,0.04061516998717627f,-0.9302403310959647f,1.2824632352941179f,0f,0f,0f,1f], start_interpolation: 0, interpolation_duration: 1 }
$data merge entity $(bone_leftleg) { transformation: [-0.9311265572577216f,-0.08203879966285545f,0.35534908149488836f,0.037346702010156094f,0f,0.974370064785235f,0.22495105434386564f,0.7937500000000001f,-0.3646962220388127f,0.20945790078269827f,-0.9072618439184591f,1.3280502630489694f,0f,0f,0f,1f], start_interpolation: 0, interpolation_duration: 1 }
$data merge entity $(bone_rightleg) { transformation: [-0.9311265572577216f,0.08203879966285545f,0.35534908149488836f,-0.1954349373042743f,0f,0.974370064785235f,-0.22495105434386564f,0.7624999999999997f,-0.3646962220388127f,-0.20945790078269827f,-0.9072618439184591f,1.2368762075392663f,0f,0f,0f,1f], start_interpolation: 0, interpolation_duration: 1 }
data modify entity @s data merge value {"locators":{},"cameras":{"camera":{"posx":-3.194903846153847,"posy":1.375,"posz":2.3749999999999996,"roty":255,"rotx":0}}}