# This file was generated by Animated Java via MC-Build. It is not recommended to edit this file directly.
$data merge entity $(bone_left_eye) { transformation: [-0.603624583629116f,-0.0541128652062865f,0.7954301728358956f,-0.24973502015534882f,0.06493814265121524f,0.9910419978330183f,0.1166995979433959f,1.647254498327397f,-0.7946196572370878f,0.12209650425096577f,-0.594703324340891f,1.6087139313910925f,0f,0f,0f,1f], start_interpolation: 0, interpolation_duration: 1 }
$data merge entity $(bone_right_eye) { transformation: [-0.603624583629116f,-0.0541128652062865f,0.7954301728358956f,-0.40064116606262784f,0.06493814265121524f,0.9910419978330183f,0.1166995979433959f,1.6634890339902006f,-0.7946196572370878f,0.12209650425096577f,-0.594703324340891f,1.4100590170818204f,0f,0f,0f,1f], start_interpolation: 0, interpolation_duration: 1 }
$data merge entity $(bone_right_close) { transformation: [-0.603624583629116f,-0.0541128652062865f,0.7954301728358956f,-0.4040232201380207f,0.06493814265121524f,0.9910419978330183f,0.1166995979433959f,1.7254291588547643f,-0.7946196572370878f,0.12209650425096577f,-0.594703324340891f,1.417690048597506f,0f,0f,0f,1f], start_interpolation: 0, interpolation_duration: 1 }
$data merge entity $(bone_left_close) { transformation: [-0.603624583629116f,-0.0541128652062865f,0.7954301728358956f,-0.2531170742307417f,0.06493814265121524f,0.9910419978330183f,0.1166995979433959f,1.7091946231919606f,-0.7946196572370878f,0.12209650425096577f,-0.594703324340891f,1.616344962906778f,0f,0f,0f,1f], start_interpolation: 0, interpolation_duration: 1 }
$data merge entity $(bone_left_eyebrow) { transformation: [-0.603624583629116f,-0.0541128652062865f,0.7954301728358956f,-0.2518139669863868f,0.06493814265121524f,0.9910419978330183f,0.1166995979433959f,1.6844112795212638f,-0.7946196572370878f,0.12209650425096577f,-0.594703324340891f,1.6133297192582752f,0f,0f,0f,1f], start_interpolation: 0, interpolation_duration: 1 }
$data merge entity $(bone_right_eyebrow) { transformation: [-0.603624583629116f,-0.0541128652062865f,0.7954301728358956f,-0.4027201128936658f,0.06493814265121524f,0.9910419978330183f,0.1166995979433959f,1.7006458151840675f,-0.7946196572370878f,0.12209650425096577f,-0.594703324340891f,1.4146748049490032f,0f,0f,0f,1f], start_interpolation: 0, interpolation_duration: 1 }
$data merge entity $(bone_talking) { transformation: [-0.603624583629116f,-0.0541128652062865f,0.7954301728358956f,-0.06308794779619933f,0.06493814265121524f,0.9910419978330183f,0.1166995979433959f,1.4440798910578554f,-0.7946196572370878f,0.12209650425096577f,-0.594703324340891f,1.2930175593171866f,0f,0f,0f,1f], start_interpolation: 0, interpolation_duration: 1 }
$data merge entity $(bone_m_opened) { transformation: [-0.603624583629116f,-0.0541128652062865f,0.7954301728358956f,-0.06308794779619933f,0.06493814265121524f,0.9910419978330183f,0.1166995979433959f,1.4440798910578554f,-0.7946196572370878f,0.12209650425096577f,-0.594703324340891f,1.2930175593171866f,0f,0f,0f,1f], start_interpolation: 0, interpolation_duration: 1 }
$data merge entity $(bone_head) { transformation: [-0.603624583629116f,-0.0541128652062865f,0.7954301728358956f,-0.1128023335984428f,0.06493814265121524f,0.9910419978330183f,0.1166995979433959f,1.4367861661863932f,-0.7946196572370878f,0.12209650425096577f,-0.594703324340891f,1.3301865170884923f,0f,0f,0f,1f], start_interpolation: 0, interpolation_duration: 1 }
$data merge entity $(item_display_r_item) { transformation: [-0.16928862082854015f,-0.007896949501052453f,0.40334259760971025f,-0.9734944635213783f,0.012967967278496051f,0.4370835969420628f,0.014000396739102347f,1.416785599416247f,-0.40321141437542996f,0.01737289477220882f,-0.16889342155513085f,1.4421469821879662f,0f,0f,0f,1f], start_interpolation: 0, interpolation_duration: 1 }
$data merge entity $(bone_rightarm) { transformation: [-0.3869454190366632f,0.9219259373936234f,0.018050170288120098f,-0.39503448136434866f,0.029641068065133832f,0.03200090683223416f,-0.9990482215818578f,1.311905138488661f,-0.9216260900009827f,-0.38604210641172765f,-0.03970947376504882f,1.1959069814600054f,0f,0f,0f,1f], start_interpolation: 0, interpolation_duration: 1 }
$data merge entity $(item_display_l_item) { transformation: [-0.3982837866726892f,-0.18096983079188672f,0.005118165376352825f,0.11492502597559286f,0f,0.012368372961994766f,0.43732513459698724f,0.6906887670535349f,-0.1810421919709983f,0.39812459569012926f,-0.011259708384647724f,1.5843738664509652f,0f,0f,0f,1f], start_interpolation: 0, interpolation_duration: 1 }
$data merge entity $(bone_leftarm) { transformation: [-0.9103629409661468f,0.011698663717377794f,0.4136453275243125f,0.17394235673949304f,0f,0.9996003076502565f,-0.02827056677027353f,1.311905138488661f,-0.413810724505139f,-0.025736476307766022f,-0.9099990758631527f,1.4545386842757173f,0f,0f,0f,1f], start_interpolation: 0, interpolation_duration: 1 }
$data merge entity $(bone_body) { transformation: [-0.9103629409661468f,-0.018050170288119997f,0.4134168683883592f,-0.0992647058823528f,0f,0.9990482215818578f,0.043619387365336f,0.6875f,-0.413810724505139f,0.03970947376504887f,-0.9094964771662587f,1.3004044117647058f,0f,0f,0f,1f], start_interpolation: 0, interpolation_duration: 1 }
$data merge entity $(bone_leftleg) { transformation: [-0.9103629409661468f,-0.10710209656960236f,0.3997104659949044f,0.014530661738415551f,0f,0.9659258262890683f,0.25881904510252074f,0.796875f,-0.413810724505139f,0.23561926707758057f,-0.8793430759756716f,1.352130752327848f,0f,0f,0f,1f], start_interpolation: 0, interpolation_duration: 1 }
$data merge entity $(bone_rightleg) { transformation: [-0.9103629409661468f,0.10710209656960236f,0.3997104659949044f,-0.21306007350312114f,0f,0.9659258262890683f,-0.25881904510252074f,0.75f,-0.413810724505139f,-0.23561926707758057f,-0.8793430759756716f,1.2486780712015635f,0f,0f,0f,1f], start_interpolation: 0, interpolation_duration: 1 }
data modify entity @s data merge value {"locators":{},"cameras":{"camera":{"posx":-3.2042307692307697,"posy":1.375,"posz":2.3749999999999996,"roty":255,"rotx":0}}}
execute on vehicle unless entity @s[tag=aj.transforms_only] at @s run function animated_java:humanentity/animations/000_mur_1/zzz/frames/zzz/14