# This file was generated by Animated Java via MC-Build. It is not recommended to edit this file directly.
$data merge entity $(bone_left_eye) { transformation: [-0.6107585502758972f,-0.06035860494253599f,0.7895130347716084f,-0.2707142789812754f,0.056320467450537225f,0.9912534643018067f,0.11935063659578793f,1.6497962446608985f,-0.789811368752715f,0.11736016495837813f,-0.6020171039679064f,1.6259344784081924f,0f,0f,0f,1f], start_interpolation: 0, interpolation_duration: 1 }
$data merge entity $(bone_right_eye) { transformation: [-0.6107585502758972f,-0.06035860494253599f,0.7895130347716084f,-0.42340391655024967f,0.056320467450537225f,0.9912534643018067f,0.11935063659578793f,1.6638763615235326f,-0.789811368752715f,0.11736016495837813f,-0.6020171039679064f,1.4284816362200135f,0f,0f,0f,1f], start_interpolation: 0, interpolation_duration: 1 }
$data merge entity $(bone_right_close) { transformation: [-0.6107585502758972f,-0.06035860494253599f,0.7895130347716084f,-0.42717632935915817f,0.056320467450537225f,0.9912534643018067f,0.11935063659578793f,1.7258297030423955f,-0.789811368752715f,0.11736016495837813f,-0.6020171039679064f,1.435816646529912f,0f,0f,0f,1f], start_interpolation: 0, interpolation_duration: 1 }
$data merge entity $(bone_left_close) { transformation: [-0.6107585502758972f,-0.06035860494253599f,0.7895130347716084f,-0.2744866917901839f,0.056320467450537225f,0.9912534643018067f,0.11935063659578793f,1.7117495861797614f,-0.789811368752715f,0.11736016495837813f,-0.6020171039679064f,1.633269488718091f,0f,0f,0f,1f], start_interpolation: 0, interpolation_duration: 1 }
$data merge entity $(bone_left_eyebrow) { transformation: [-0.6107585502758972f,-0.06035860494253599f,0.7895130347716084f,-0.2730270712312937f,0.056320467450537225f,0.9912534643018067f,0.11935063659578793f,1.6869607901574288f,-0.789811368752715f,0.11736016495837813f,-0.6020171039679064f,1.6303731106631294f,0f,0f,0f,1f], start_interpolation: 0, interpolation_duration: 1 }
$data merge entity $(bone_right_eyebrow) { transformation: [-0.6107585502758972f,-0.06035860494253599f,0.7895130347716084f,-0.425716708800268f,0.056320467450537225f,0.9912534643018067f,0.11935063659578793f,1.7010409070200632f,-0.789811368752715f,0.11736016495837813f,-0.6020171039679064f,1.4329202684749507f,0f,0f,0f,1f], start_interpolation: 0, interpolation_duration: 1 }
$data merge entity $(bone_talking) { transformation: [-0.6107585502758972f,-0.06035860494253599f,0.7895130347716084f,-0.08524662316400093f,0.056320467450537225f,0.9912534643018067f,0.11935063659578793f,1.4463200109529475f,-0.789811368752715f,0.11736016495837813f,-0.6020171039679064f,1.3097376710845376f,0f,0f,0f,1f], start_interpolation: 0, interpolation_duration: 1 }
$data merge entity $(bone_m_opened) { transformation: [-0.6107585502758972f,-0.06035860494253599f,0.7895130347716084f,-0.08524662316400093f,0.056320467450537225f,0.9912534643018067f,0.11935063659578793f,1.4463200109529475f,-0.789811368752715f,0.11736016495837813f,-0.6020171039679064f,1.3097376710845376f,0f,0f,0f,1f], start_interpolation: 0, interpolation_duration: 1 }
$data merge entity $(bone_head) { transformation: [-0.6107585502758972f,-0.06035860494253599f,0.7895130347716084f,-0.13459118783722646f,0.056320467450537225f,0.9912534643018067f,0.11935063659578793f,1.4388605961657108f,-0.789811368752715f,0.11736016495837813f,-0.6020171039679064f,1.3473637400825318f,0f,0f,0f,1f], start_interpolation: 0, interpolation_duration: 1 }
$data merge entity $(item_display_r_item) { transformation: [-0.19361499516691685f,-0.008811771336421236f,0.39222676646607046f,-0.972106025299807f,0.011284247014613877f,0.4370835969420628f,0.015389771067224936f,1.416875208926818f,-0.3921634218228772f,0.016927255244222013f,-0.1932034384116106f,1.4790722104631702f,0f,0f,0f,1f], start_interpolation: 0, interpolation_duration: 1 }
$data merge entity $(bone_rightarm) { transformation: [-0.44254856038152424f,0.8965183233510182f,0.02014119162610588f,-0.4092644242521574f,0.025792564604831716f,0.035176619582228646f,-0.9990482215818578f,1.3139795684679787f,-0.8963735355951479f,-0.44160785922653856f,-0.03869086912965041f,1.1982309398053772f,0f,0f,0f,1f], start_interpolation: 0, interpolation_duration: 1 }
$data merge entity $(item_display_l_item) { transformation: [-0.38806723951547184f,-0.20198383882947762f,0.003549150116432896f,0.08233746379519043f,0f,0.007686325447882495f,0.43743247524744805f,0.691272125385305f,-0.20201501829032756f,0.3880073443284506f,-0.006817853939605218f,1.607422855656267f,0f,0f,0f,1f], start_interpolation: 0, interpolation_duration: 1 }
$data merge entity $(bone_leftarm) { transformation: [-0.8870108331782214f,0.008112343123275089f,0.4616773458959489f,0.14511734648423097f,0f,0.9998456577084527f,-0.017568743880874052f,1.3139795684679787f,-0.4617486132350344f,-0.015583666147668873f,-0.8868739298936014f,1.486823823077274f,0f,0f,0f,1f], start_interpolation: 0, interpolation_duration: 1 }
$data merge entity $(bone_body) { transformation: [-0.8870108331782214f,-0.02014119162610568f,0.4613091308703502f,-0.11948529411764719f,0f,0.9990482215818578f,0.043619387365336f,0.6895744299793175f,-0.4617486132350344f,0.038690869129650265f,-0.886166595410544f,1.3183455882352941f,0f,0f,0f,1f], start_interpolation: 0, interpolation_duration: 1 }
$data merge entity $(bone_leftleg) { transformation: [-0.8870108331782214f,-0.1038708373890383f,0.4499140261923131f,-0.008608939970369517f,0f,0.9743700647852354f,0.2249510543438645f,0.8f,-0.4617486132350344f,0.1995340221378706f,-0.8642768029890692f,1.3760641648896734f,0f,0f,0f,1f], start_interpolation: 0, interpolation_duration: 1 }
$data merge entity $(bone_rightleg) { transformation: [-0.8870108331782214f,0.1038708373890383f,0.4499140261923131f,-0.23036164826492486f,0f,0.9743700647852354f,-0.2249510543438645f,0.75f,-0.4617486132350344f,-0.1995340221378706f,-0.8642768029890692f,1.2606270115809148f,0f,0f,0f,1f], start_interpolation: 0, interpolation_duration: 1 }
data modify entity @s data merge value {"locators":{},"cameras":{"camera":{"posx":-3.213557692307693,"posy":1.375,"posz":2.3749999999999996,"roty":255,"rotx":0}}}