# This file was generated by Animated Java via MC-Build. It is not recommended to edit this file directly.
$data merge entity $(bone_left_eye) { transformation: [-0.6027047224484688f,-0.06635611149426254f,0.7952005306874957f,-0.29638816078949043f,0.049950175415685326f,0.9914448600254436f,0.12059050337846146f,1.6566644488324243f,-0.7963993957269532f,0.11240087186712325f,-0.5942339997755549f,1.640667096339529f,0f,0f,0f,1f], start_interpolation: 0, interpolation_duration: 1 }
$data merge entity $(bone_right_eye) { transformation: [-0.6027047224484688f,-0.06635611149426254f,0.7952005306874957f,-0.4470643414016076f,0.049950175415685326f,0.9914448600254436f,0.12059050337846146f,1.6691519926863454f,-0.7963993957269532f,0.11240087186712325f,-0.5942339997755549f,1.4415672474077907f,0f,0f,0f,1f], start_interpolation: 0, interpolation_duration: 1 }
$data merge entity $(bone_right_close) { transformation: [-0.6027047224484688f,-0.06635611149426254f,0.7952005306874957f,-0.451211598369999f,0.049950175415685326f,0.9914448600254436f,0.12059050337846146f,1.7311172964379355f,-0.7963993957269532f,0.11240087186712325f,-0.5942339997755549f,1.448592301899486f,0f,0f,0f,1f], start_interpolation: 0, interpolation_duration: 1 }
$data merge entity $(bone_left_close) { transformation: [-0.6027047224484688f,-0.06635611149426254f,0.7952005306874957f,-0.30053541775788184f,0.049950175415685326f,0.9914448600254436f,0.12059050337846146f,1.7186297525840144f,-0.7963993957269532f,0.11240087186712325f,-0.5942339997755549f,1.6476921508312241f,0f,0f,0f,1f], start_interpolation: 0, interpolation_duration: 1 }
$data merge entity $(bone_left_eyebrow) { transformation: [-0.6027047224484688f,-0.06635611149426254f,0.7952005306874957f,-0.29892621500369326f,0.049950175415685326f,0.9914448600254436f,0.12059050337846146f,1.693836094176917f,-0.7963993957269532f,0.11240087186712325f,-0.5942339997755549f,1.644919268659532f,0f,0f,0f,1f], start_interpolation: 0, interpolation_duration: 1 }
$data merge entity $(bone_right_eyebrow) { transformation: [-0.6027047224484688f,-0.06635611149426254f,0.7952005306874957f,-0.44960239561581045f,0.049950175415685326f,0.9914448600254436f,0.12059050337846146f,1.7063236380308384f,-0.7963993957269532f,0.11240087186712325f,-0.5942339997755549f,1.4458194197277936f,0f,0f,0f,1f], start_interpolation: 0, interpolation_duration: 1 }
$data merge entity $(bone_talking) { transformation: [-0.6027047224484688f,-0.06635611149426254f,0.7952005306874957f,-0.10663705738214097f,0.049950175415685326f,0.9914448600254436f,0.12059050337846146f,1.452731538058793f,-0.7963993957269532f,0.11240087186712325f,-0.5942339997755549f,1.3273188289770181f,0f,0f,0f,1f], start_interpolation: 0, interpolation_duration: 1 }
$data merge entity $(bone_m_opened) { transformation: [-0.6027047224484688f,-0.06635611149426254f,0.7952005306874957f,-0.10663705738214097f,0.049950175415685326f,0.9914448600254436f,0.12059050337846146f,1.452731538058793f,-0.7963993957269532f,0.11240087186712325f,-0.5942339997755549f,1.3273188289770181f,0f,0f,0f,1f], start_interpolation: 0, interpolation_duration: 1 }
$data merge entity $(bone_head) { transformation: [-0.6027047224484688f,-0.06635611149426254f,0.7952005306874957f,-0.15633709055010944f,0.049950175415685326f,0.9914448600254436f,0.12059050337846146f,1.4451946315976392f,-0.7963993957269532f,0.11240087186712325f,-0.5942339997755549f,1.3644584539629903f,0f,0f,0f,1f], start_interpolation: 0, interpolation_duration: 1 }
$data merge entity $(item_display_r_item) { transformation: [-0.21721324597622763f,-0.009701538115014596f,0.37964527644983775f,-0.9677926831011094f,0.009452872718856779f,0.4370835969420628f,0.016577770705058902f,1.4215121020189836f,-0.3796515494105509f,0.01643348539997938f,-0.21679689017090803f,1.5153015522355822f,0f,0f,0f,1f], start_interpolation: 0, interpolation_duration: 1 }
$data merge entity $(bone_rightarm) { transformation: [-0.4964874193742346f,0.8677606318853435f,0.022174944262890697f,-0.4226704201399084f,0.02160656621452978f,0.037892047325849144f,-0.9990482215818578f,1.320313603899907f,-0.8677749700812591f,-0.4955357489620755f,-0.037562252342810125f,1.2008964275914338f,0f,0f,0f,1f], start_interpolation: 0, interpolation_duration: 1 }
$data merge entity $(item_display_l_item) { transformation: [-0.3767472766717244f,-0.22241082891464897f,0.0010782865750312651f,0.05045361459403927f,0f,0.0021210515458134163f,0.4374948584158904f,0.6959269637474388f,-0.22241344276018735f,0.3767428490652991f,-0.001826515185292696f,1.628880038675062f,0f,0f,0f,1f], start_interpolation: 0, interpolation_duration: 1 }
$data merge entity $(bone_leftarm) { transformation: [-0.8611366323925129f,0.0024646550286427787f,0.5083676089477691f,0.11553997510541214f,0f,0.9999882478077495f,-0.004848117819001872f,1.320313603899907f,-0.5083735834518568f,-0.0041748918520974f,-0.8611265121492551f,1.5186299172488442f,0f,0f,0f,1f], start_interpolation: 0, interpolation_duration: 1 }
$data merge entity $(bone_body) { transformation: [-0.8611366323925129f,-0.02217494426289051f,0.5078897244467737f,-0.13970588235294157f,0f,0.9990482215818578f,0.043619387365336f,0.6959084654112458f,-0.5083735834518568f,0.03756225234280997f,-0.86031702113073f,1.3362867647058827f,0f,0f,0f,1f], start_interpolation: 0, interpolation_duration: 1 }
$data merge entity $(bone_leftleg) { transformation: [-0.8611366323925129f,-0.09700225273442235f,0.49903332886304225f,-0.03206380330387745f,0f,0.9816271834476642f,0.1908089953765438f,0.8031250000000001f,-0.5083735834518568f,0.1643126157087555f,-0.8453151270190691f,1.3998334626373647f,0f,0f,0f,1f], start_interpolation: 0, interpolation_duration: 1 }
$data merge entity $(bone_rightleg) { transformation: [-0.8611366323925129f,0.09700225273442235f,0.49903332886304225f,-0.24734796140200568f,0f,0.9816271834476642f,-0.1908089953765438f,0.75f,-0.5083735834518568f,-0.1643126157087555f,-0.8453151270190691f,1.2727400667744007f,0f,0f,0f,1f], start_interpolation: 0, interpolation_duration: 1 }
data modify entity @s data merge value {"locators":{},"cameras":{"camera":{"posx":-3.2228846153846162,"posy":1.375,"posz":2.3749999999999996,"roty":255,"rotx":0}}}