# This file was generated by Animated Java via MC-Build. It is not recommended to edit this file directly.
$data merge entity $(bone_left_eye) { transformation: [-0.5764915889954175f,-0.07213538627525906f,0.8139127311109329f,-0.32748628543781433f,0.04677137490460137f,0.9915491715688488f,0.12100693720057122f,1.6671953455555153f,-0.8157633764193337f,0.10782729899264346f,-0.5682458862894473f,1.6524617839024656f,0f,0f,0f,1f], start_interpolation: 0, interpolation_duration: 1 }
$data merge entity $(bone_right_eye) { transformation: [-0.5764915889954175f,-0.07213538627525906f,0.8139127311109329f,-0.47160918268666874f,0.04677137490460137f,0.9915491715688488f,0.12100693720057122f,1.6788881892816656f,-0.8157633764193337f,0.10782729899264346f,-0.5682458862894473f,1.4485209397976322f,0f,0f,0f,1f], start_interpolation: 0, interpolation_duration: 1 }
$data merge entity $(bone_right_close) { transformation: [-0.5764915889954175f,-0.07213538627525906f,0.8139127311109329f,-0.4761176443288724f,0.04677137490460137f,0.9915491715688488f,0.12100693720057122f,1.7408600125047184f,-0.8157633764193337f,0.10782729899264346f,-0.5682458862894473f,1.4552601459846723f,0f,0f,0f,1f], start_interpolation: 0, interpolation_duration: 1 }
$data merge entity $(bone_left_close) { transformation: [-0.5764915889954175f,-0.07213538627525906f,0.8139127311109329f,-0.33199474708001797f,0.04677137490460137f,0.9915491715688488f,0.12100693720057122f,1.7291671687785681f,-0.8157633764193337f,0.10782729899264346f,-0.5682458862894473f,1.6592009900895057f,0f,0f,0f,1f], start_interpolation: 0, interpolation_duration: 1 }
$data merge entity $(bone_left_eyebrow) { transformation: [-0.5764915889954175f,-0.07213538627525906f,0.8139127311109329f,-0.33024223196883096f,0.04677137490460137f,0.9915491715688488f,0.12100693720057122f,1.7043708765557721f,-0.8157633764193337f,0.10782729899264346f,-0.5682458862894473f,1.6565408229825829f,0f,0f,0f,1f], start_interpolation: 0, interpolation_duration: 1 }
$data merge entity $(bone_right_eyebrow) { transformation: [-0.5764915889954175f,-0.07213538627525906f,0.8139127311109329f,-0.47436512921768537f,0.04677137490460137f,0.9915491715688488f,0.12100693720057122f,1.7160637202819224f,-0.8157633764193337f,0.10782729899264346f,-0.5682458862894473f,1.4525999788777495f,0f,0f,0f,1f], start_interpolation: 0, interpolation_duration: 1 }
$data merge entity $(bone_talking) { transformation: [-0.5764915889954175f,-0.07213538627525906f,0.8139127311109329f,-0.12716615902126022f,0.04677137490460137f,0.9915491715688488f,0.12100693720057122f,1.4629691424015567f,-0.8157633764193337f,0.10782729899264346f,-0.5682458862894473f,1.3459576976364358f,0f,0f,0f,1f], start_interpolation: 0, interpolation_duration: 1 }
$data merge entity $(bone_m_opened) { transformation: [-0.5764915889954175f,-0.07213538627525906f,0.8139127311109329f,-0.12716615902126022f,0.04677137490460137f,0.9915491715688488f,0.12100693720057122f,1.4629691424015567f,-0.8157633764193337f,0.10782729899264346f,-0.5682458862894473f,1.3459576976364358f,0f,0f,0f,1f], start_interpolation: 0, interpolation_duration: 1 }
$data merge entity $(bone_head) { transformation: [-0.5764915889954175f,-0.07213538627525906f,0.8139127311109329f,-0.17803570471569352f,0.04677137490460137f,0.9915491715688488f,0.12100693720057122f,1.455406208826521f,-0.8157633764193337f,0.10782729899264346f,-0.5682458862894473f,1.3814730655295262f,0f,0f,0f,1f], start_interpolation: 0, interpolation_duration: 1 }
$data merge entity $(item_display_r_item) { transformation: [-0.23680775445253627f,-0.010563719907683964f,0.36771829605400286f,-0.9636019025749331f,0.007650067079216653f,0.4370835969420628f,0.017483013409361092f,1.4304304753845762f,-0.3677904483599741f,0.01589298920594914f,-0.23639765013482864f,1.5461986619555286f,0f,0f,0f,1f], start_interpolation: 0, interpolation_duration: 1 }
$data merge entity $(bone_rightarm) { transformation: [-0.5412748673200829f,0.8404989624091495f,0.02414564550327782f,-0.4352718453813048f,0.017485867609638064f,0.03996117350711129f,-0.9990482215818578f,1.3305251811287886f,-0.8406638819656551f,-0.5403374860224655f,-0.036326832470741005f,1.203946879132645f,0f,0f,0f,1f], start_interpolation: 0, interpolation_duration: 1 }
$data merge entity $(item_display_l_item) { transformation: [-0.3643560848949293f,-0.24216870938304785f,-0.0022824538961324376f,0.019306435925055626f,0f,-0.004123279314500266f,0.4374805693601656f,0.7043748593815519f,-0.24217946527325365f,0.36433990278782746f,0.003433924361050431f,1.649109052660886f,0f,0f,0f,1f], start_interpolation: 0, interpolation_duration: 1 }
$data merge entity $(bone_leftarm) { transformation: [-0.832813908331267f,-0.0052170374768742665f,0.5535284785898237f,0.08523684732573716f,0f,0.9999555871089499f,0.009424638433143687f,1.3305251811287886f,-0.5535530634817226f,0.007848969968115457f,-0.8327769206578913f,1.5499175438087218f,0f,0f,0f,1f], start_interpolation: 0, interpolation_duration: 1 }
$data merge entity $(bone_body) { transformation: [-0.832813908331267f,-0.024145645503277687f,0.5530262036226042f,-0.15992647058823525f,0f,0.9990482215818578f,0.043619387365336f,0.7061200426401276f,-0.5535530634817226f,0.03632683247074096f,-0.8320212540269887f,1.3542279411764704f,0f,0f,0f,1f], start_interpolation: 0, interpolation_duration: 1 }
$data merge entity $(bone_leftleg) { transformation: [-0.832813908331267f,-0.0865947773571441f,0.5467379067016176f,-0.05582473204682688f,0f,0.9876883405951378f,0.15643446504023062f,0.80625f,-0.5535530634817226f,0.13028079822786542f,-0.8225605871442603f,1.4234220741116856f,0f,0f,0f,1f], start_interpolation: 0, interpolation_duration: 1 }
$data merge entity $(bone_rightleg) { transformation: [-0.832813908331267f,0.0865947773571441f,0.5467379067016176f,-0.26402820912964364f,0f,0.9876883405951378f,-0.15643446504023062f,0.75f,-0.5535530634817226f,-0.13028079822786542f,-0.8225605871442603f,1.2850338082412551f,0f,0f,0f,1f], start_interpolation: 0, interpolation_duration: 1 }
data modify entity @s data merge value {"locators":{},"cameras":{"camera":{"posx":-3.232211538461539,"posy":1.375,"posz":2.3749999999999996,"roty":255,"rotx":0}}}