# This file was generated by Animated Java via MC-Build. It is not recommended to edit this file directly.
$data merge entity $(bone_left_eye) { transformation: [-0.5404115967583354f,-0.07770409391546115f,0.8378050965934043f,-0.3610086758034709f,0.045257486031839905f,0.991600640858978f,0.12116075687342784f,1.6799889514288007f,-0.8401827575278987f,0.10339363054289788f,-0.5323557937281932f,1.6623704101004457f,0f,0f,0f,1f], start_interpolation: 0, interpolation_duration: 1 }
$data merge entity $(bone_right_eye) { transformation: [-0.5404115967583354f,-0.07770409391546115f,0.8378050965934043f,-0.49611157499305475f,0.045257486031839905f,0.991600640858978f,0.12116075687342784f,1.6913033229367607f,-0.8401827575278987f,0.10339363054289788f,-0.5323557937281932f,1.452324720718471f,0f,0f,0f,1f], start_interpolation: 0, interpolation_duration: 1 }
$data merge entity $(bone_right_close) { transformation: [-0.5404115967583354f,-0.07770409391546115f,0.8378050965934043f,-0.500968080862771f,0.045257486031839905f,0.991600640858978f,0.12116075687342784f,1.753278362990447f,-0.8401827575278987f,0.10339363054289788f,-0.5323557937281932f,1.4587868226274023f,0f,0f,0f,1f], start_interpolation: 0, interpolation_duration: 1 }
$data merge entity $(bone_left_close) { transformation: [-0.5404115967583354f,-0.07770409391546115f,0.8378050965934043f,-0.3658651816731872f,0.045257486031839905f,0.991600640858978f,0.12116075687342784f,1.741963991482487f,-0.8401827575278987f,0.10339363054289788f,-0.5323557937281932f,1.668832512009377f,0f,0f,0f,1f], start_interpolation: 0, interpolation_duration: 1 }
$data merge entity $(bone_left_eyebrow) { transformation: [-0.5404115967583354f,-0.07770409391546115f,0.8378050965934043f,-0.36397494214383774f,0.045257486031839905f,0.991600640858978f,0.12116075687342784f,1.717166402913708f,-0.8401827575278987f,0.10339363054289788f,-0.5323557937281932f,1.6662809434829127f,0f,0f,0f,1f], start_interpolation: 0, interpolation_duration: 1 }
$data merge entity $(bone_right_eyebrow) { transformation: [-0.5404115967583354f,-0.07770409391546115f,0.8378050965934043f,-0.4990778413334216f,0.045257486031839905f,0.991600640858978f,0.12116075687342784f,1.728480774421668f,-0.8401827575278987f,0.10339363054289788f,-0.5323557937281932f,1.456235254100938f,0f,0f,0f,1f], start_interpolation: 0, interpolation_duration: 1 }
$data merge entity $(bone_talking) { transformation: [-0.5404115967583354f,-0.07770409391546115f,0.8378050965934043f,-0.14732000923395866f,0.045257486031839905f,0.991600640858978f,0.12116075687342784f,1.4756087134909825f,-0.8401827575278987f,0.10339363054289788f,-0.5323557937281932f,1.3651379722336736f,0f,0f,0f,1f], start_interpolation: 0, interpolation_duration: 1 }
$data merge entity $(bone_m_opened) { transformation: [-0.5404115967583354f,-0.07770409391546115f,0.8378050965934043f,-0.14732000923395866f,0.045257486031839905f,0.991600640858978f,0.12116075687342784f,1.4756087134909825f,-0.8401827575278987f,0.10339363054289788f,-0.5323557937281932f,1.3651379722336736f,0f,0f,0f,1f], start_interpolation: 0, interpolation_duration: 1 }
$data merge entity $(bone_head) { transformation: [-0.5404115967583354f,-0.07770409391546115f,0.8378050965934043f,-0.19968282777104643f,0.045257486031839905f,0.991600640858978f,0.12116075687342784f,1.4680361661863932f,-0.8401827575278987f,0.10339363054289788f,-0.5323557937281932f,1.3984102093416857f,0f,0f,0f,1f], start_interpolation: 0, interpolation_duration: 1 }
$data merge entity $(item_display_r_item) { transformation: [-0.24954058093249532f,-0.011395865219384722f,0.3591738892566863f,-0.9634518815879779f,0.006077173545983568f,0.4370835969420628f,0.018089976392477964f,1.4421933427685676f,-0.3593032374326242f,0.015307303488532197f,-0.24914477724878206f,1.5677192597899676f,0f,0f,0f,1f], start_interpolation: 0, interpolation_duration: 1 }
$data merge entity $(bone_rightarm) { transformation: [-0.5703784707028464f,0.8209688897295687f,0.026047691930022404f,-0.44709036401574465f,0.013890682390819585f,0.041348517468521286f,-0.9990482215818578f,1.343155138488661f,-0.8212645427031411f,-0.5694737765686447f,-0.03498812225950229f,1.2074246341521269f,0f,0f,0f,1f], start_interpolation: 0, interpolation_duration: 1 }
$data merge entity $(item_display_l_item) { transformation: [-0.3509288968303314f,-0.2611766519951061f,-0.0064742429730330255f,-0.01113635058096854f,0f,-0.01084174800963985f,0.4373656439411942f,0.7152494334270579f,-0.2612568838699693f,0.3508211267194761f,0.008696417528537953f,1.6684599079883078f,0f,0f,0f,1f], start_interpolation: 0, interpolation_duration: 1 }
$data merge entity $(bone_leftarm) { transformation: [-0.8021231927550432f,-0.014798269652647049f,0.5969752045602426f,0.05423663145615737f,0f,0.9996929004370153f,0.02478113830774845f,1.343155138488661f,-0.597158591702787f,0.019877525779515497f,-0.8018768610730882f,1.580648753966369f,0f,0f,0f,1f], start_interpolation: 0, interpolation_duration: 1 }
$data merge entity $(bone_body) { transformation: [-0.8021231927550432f,-0.026047691930022383f,0.5965902290429961f,-0.18014705882352963f,0f,0.9990482215818578f,0.043619387365336f,0.71875f,-0.597158591702787f,0.034988122259502305f,-0.8013597492114876f,1.372169117647059f,0f,0f,0f,1f], start_interpolation: 0, interpolation_duration: 1 }
$data merge entity $(bone_leftleg) { transformation: [-0.8021231927550432f,-0.07277532547956075f,0.5927074621141527f,-0.07988165972914923f,0f,0.9925461516413221f,0.12186934340514674f,0.8093750000000001f,-0.597158591702787f,0.09775422683109707f,-0.7961442881112685f,1.4468139416099073f,0f,0f,0f,1f], start_interpolation: 0, interpolation_duration: 1 }
$data merge entity $(bone_rightleg) { transformation: [-0.8021231927550432f,0.07277532547956075f,0.5927074621141527f,-0.28041245791791003f,0f,0.9925461516413221f,-0.12186934340514674f,0.75f,-0.597158591702787f,-0.09775422683109707f,-0.7961442881112685f,1.2975242936842106f,0f,0f,0f,1f], start_interpolation: 0, interpolation_duration: 1 }
data modify entity @s data merge value {"locators":{},"cameras":{"camera":{"posx":-3.2415384615384624,"posy":1.375,"posz":2.3749999999999996,"roty":255,"rotx":0}}}