# This file was generated by Animated Java via MC-Build. It is not recommended to edit this file directly.
$data merge entity $(bone_left_eye) { transformation: [-0.49596134815397785f,-0.08309195223108218f,0.864359918443536f,-0.3961422027105123f,0.0450590257771616f,0.9916074687080736f,0.12117884385642497f,1.6926409015370327f,-0.8671747374856476f,0.09904723861266548f,-0.48805493460255467f,1.670445125717401f,0f,0f,0f,1f], start_interpolation: 0, interpolation_duration: 1 }
$data merge entity $(bone_right_eye) { transformation: [-0.49596134815397785f,-0.08309195223108218f,0.864359918443536f,-0.5201325397490068f,0.0450590257771616f,0.9916074687080736f,0.12117884385642497f,1.7039056579813232f,-0.8671747374856476f,0.09904723861266548f,-0.48805493460255467f,1.453651441345989f,0f,0f,0f,1f], start_interpolation: 0, interpolation_duration: 1 }
$data merge entity $(bone_right_close) { transformation: [-0.49596134815397785f,-0.08309195223108218f,0.864359918443536f,-0.5253257867634494f,0.0450590257771616f,0.9916074687080736f,0.12117884385642497f,1.765881124775578f,-0.8671747374856476f,0.09904723861266548f,-0.48805493460255467f,1.4598418937592803f,0f,0f,0f,1f], start_interpolation: 0, interpolation_duration: 1 }
$data merge entity $(bone_left_close) { transformation: [-0.49596134815397785f,-0.08309195223108218f,0.864359918443536f,-0.40133544972495494f,0.0450590257771616f,0.9916074687080736f,0.12117884385642497f,1.7546163683312874f,-0.8671747374856476f,0.09904723861266548f,-0.48805493460255467f,1.6766355781306923f,0f,0f,0f,1f], start_interpolation: 0, interpolation_duration: 1 }
$data merge entity $(bone_left_eyebrow) { transformation: [-0.49596134815397785f,-0.08309195223108218f,0.864359918443536f,-0.39931217341408065f,0.0450590257771616f,0.9916074687080736f,0.12117884385642497f,1.7298186079358449f,-0.8671747374856476f,0.09904723861266548f,-0.48805493460255467f,1.6741899005987884f,0f,0f,0f,1f], start_interpolation: 0, interpolation_duration: 1 }
$data merge entity $(bone_right_eyebrow) { transformation: [-0.49596134815397785f,-0.08309195223108218f,0.864359918443536f,-0.5233025104525751f,0.0450590257771616f,0.9916074687080736f,0.12117884385642497f,1.7410833643801351f,-0.8671747374856476f,0.09904723861266548f,-0.48805493460255467f,1.4573962162273764f,0f,0f,0f,1f], start_interpolation: 0, interpolation_duration: 1 }
$data merge entity $(bone_talking) { transformation: [-0.49596134815397785f,-0.08309195223108218f,0.864359918443536f,-0.16725190865838402f,0.0450590257771616f,0.9916074687080736f,0.12117884385642497f,1.4882398012872924f,-0.8671747374856476f,0.09904723861266548f,-0.48805493460255467f,1.38476930681523f,0f,0f,0f,1f], start_interpolation: 0, interpolation_duration: 1 }
$data merge entity $(bone_m_opened) { transformation: [-0.49596134815397785f,-0.08309195223108218f,0.864359918443536f,-0.16725190865838402f,0.0450590257771616f,0.9916074687080736f,0.12117884385642497f,1.4882398012872924f,-0.8671747374856476f,0.09904723861266548f,-0.48805493460255467f,1.38476930681523f,0f,0f,0f,1f], start_interpolation: 0, interpolation_duration: 1 }
$data merge entity $(bone_head) { transformation: [-0.49596134815397785f,-0.08309195223108218f,0.864359918443536f,-0.221274403561105f,0.0450590257771616f,0.9916074687080736f,0.12117884385642497f,1.480666123546266f,-0.8671747374856476f,0.09904723861266548f,-0.48805493460255467f,1.4152727402278897f,0f,0f,0f,1f], start_interpolation: 0, interpolation_duration: 1 }
$data merge entity $(item_display_r_item) { transformation: [-0.2527430796282333f,-0.012195607959664302f,0.3569011807861254f,-0.9714931552811216f,0.004939168581310785f,0.4370835969420627f,0.018433228092599736f,1.4543329405568375f,-0.3570753286265545f,0.014678093564308292f,-0.2523648415599041f,1.57608576064128f,0f,0f,0f,1f], start_interpolation: 0, interpolation_duration: 1 }
$data merge entity $(bone_rightarm) { transformation: [-0.5776984677216761f,0.8157741275111439f,0.02787567533637573f,-0.4581498661696096f,0.011289528185853222f,0.04213309278308534f,-0.9990482215818577f,1.3557850958485336f,-0.8161721797178388f,-0.576833923565495f,-0.03354992814699051f,1.2113708173944717f,0f,0f,0f,1f], start_interpolation: 0, interpolation_duration: 1 }
$data merge entity $(item_display_l_item) { transformation: [-0.3365038908357722f,-0.27935919749396454f,-0.011393867996199139f,-0.04096998140792607f,0f,-0.017828932778076137f,0.4371365680836995f,0.7262103035066554f,-0.27959145454106193f,0.33622435654116867f,0.013713154855478974f,1.6872610616713524f,0f,0f,0f,1f], start_interpolation: 0, interpolation_duration: 1 }
$data merge entity $(bone_leftarm) { transformation: [-0.769151750481765f,-0.026043126848455316f,0.6385353085576332f,0.022569977881493508f,0f,0.9991692984770274f,0.040751846349888536f,1.3557850958485336f,-0.6390661818081416f,0.03134435395538068f,-0.7685128149512427f,1.61078718102456f,0f,0f,0f,1f], start_interpolation: 0, interpolation_duration: 1 }
$data merge entity $(bone_body) { transformation: [-0.769151750481765f,-0.02787567533637557f,0.638457932408532f,-0.20036764705882332f,0f,0.9990482215818578f,0.043619387365336f,0.7313799573598725f,-0.6390661818081416f,0.033549928146990364f,-0.7684196884453801f,1.3901102941176469f,0f,0f,0f,1f], start_interpolation: 0, interpolation_duration: 1 }
$data merge entity $(bone_leftleg) { transformation: [-0.769151750481765f,-0.05569828774039854f,0.6366343420470062f,-0.1042236782486027f,0f,0.9961946980917455f,0.08715574274765818f,0.8125f,-0.6390661818081416f,0.06703599209889968f,-0.7662248958579194f,1.4699935668436646f,0f,0f,0f,1f], start_interpolation: 0, interpolation_duration: 1 }
$data merge entity $(bone_rightleg) { transformation: [-0.769151750481765f,0.05569828774039854f,0.6366343420470062f,-0.29651161586904395f,0f,0.9961946980917455f,-0.08715574274765818f,0.75f,-0.6390661818081416f,-0.06703599209889968f,-0.7662248958579194f,1.3102270213916292f,0f,0f,0f,1f], start_interpolation: 0, interpolation_duration: 1 }
data modify entity @s data merge value {"locators":{},"cameras":{"camera":{"posx":-3.250865384615385,"posy":1.375,"posz":2.3749999999999996,"roty":255,"rotx":0}}}