# This file was generated by Animated Java via MC-Build. It is not recommended to edit this file directly.
$data merge entity $(bone_left_eye) { transformation: [-0.9990482215818578f,0.0064473559603046736f,-0.04314026605444555f,0.1997779332014199f,0f,0.9890158633619168f,0.14780941112961063f,1.6478016130580766f,0.043619387365335875f,0.14766872932209915f,-0.9880745394079686f,-0.5965166062381502f,0f,0f,0f,1f], start_interpolation: 0, interpolation_duration: 1 }
$data merge entity $(bone_right_eye) { transformation: [-0.9990482215818578f,0.0064473559603046736f,-0.04314026605444555f,-0.049984122194044564f,0f,0.9890158633619168f,0.14780941112961063f,1.6478016130580766f,0.043619387365335875f,0.14766872932209915f,-0.9880745394079686f,-0.5856117593968162f,0f,0f,0f,1f], start_interpolation: 0, interpolation_duration: 1 }
$data merge entity $(bone_right_close) { transformation: [-0.9990482215818578f,0.0064473559603046736f,-0.04314026605444555f,-0.04958116244652551f,0f,0.9890158633619168f,0.14780941112961063f,1.7096151045181964f,0.043619387365335875f,0.14766872932209915f,-0.9880745394079686f,-0.576382463814185f,0f,0f,0f,1f], start_interpolation: 0, interpolation_duration: 1 }
$data merge entity $(bone_left_close) { transformation: [-0.9990482215818578f,0.0064473559603046736f,-0.04314026605444555f,0.20018089294893893f,0f,0.9890158633619168f,0.14780941112961063f,1.7096151045181964f,0.043619387365335875f,0.14766872932209915f,-0.9880745394079686f,-0.587287310655519f,0f,0f,0f,1f], start_interpolation: 0, interpolation_duration: 1 }
$data merge entity $(bone_left_eyebrow) { transformation: [-0.9990482215818578f,0.0064473559603046736f,-0.04314026605444555f,0.20002240531655974f,0f,0.9890158633619168f,0.14780941112961063f,1.684880469845953f,0.043619387365335875f,0.14766872932209915f,-0.9880745394079686f,-0.5909172742298584f,0f,0f,0f,1f], start_interpolation: 0, interpolation_duration: 1 }
$data merge entity $(bone_right_eyebrow) { transformation: [-0.9990482215818578f,0.0064473559603046736f,-0.04314026605444555f,-0.04973965007890471f,0f,0.9890158633619168f,0.14780941112961063f,1.684880469845953f,0.043619387365335875f,0.14766872932209915f,-0.9880745394079686f,-0.5800124273885244f,0f,0f,0f,1f], start_interpolation: 0, interpolation_duration: 1 }
$data merge entity $(bone_talking) { transformation: [-0.9990482215818578f,0.0064473559603046736f,-0.04314026605444555f,0.059803733371597265f,0f,0.9890158633619168f,0.14780941112961063f,1.4467380881956007f,0.043619387365335875f,0.14766872932209915f,-0.9880745394079686f,-0.9367546587129981f,0f,0f,0f,1f], start_interpolation: 0, interpolation_duration: 1 }
$data merge entity $(bone_m_opened) { transformation: [-0.9990482215818578f,0.0064473559603046736f,-0.04314026605444555f,0.059803733371597265f,0f,0.9890158633619168f,0.14780941112961063f,1.4467380881956007f,0.043619387365335875f,0.14766872932209915f,-0.9880745394079686f,-0.9367546587129981f,0f,0f,0f,1f], start_interpolation: 0, interpolation_duration: 1 }
$data merge entity $(bone_head) { transformation: [-0.9990482215818578f,0.0064473559603046736f,-0.04314026605444555f,0.06250000000000011f,0f,0.9890158633619168f,0.14780941112961063f,1.4375f,0.043619387365335875f,0.14766872932209915f,-0.9880745394079686f,-0.8750000000000001f,0f,0f,0f,1f], start_interpolation: 0, interpolation_duration: 1 }
$data merge entity $(item_display_r_item) { transformation: [-0.42252897475972084f,0.05780520506991126f,-0.09764258167072759f,-0.09369739398045926f,-0.0742207537752213f,0.1439745139444125f,0.4064097304980629f,0.7730502461297423f,0.08583003668609943f,0.4090674120500137f,-0.12924127514523812f,-0.5598621449408459f,0f,0f,0f,1f], start_interpolation: 0, interpolation_duration: 1 }
$data merge entity $(bone_rightarm) { transformation: [-0.9657805137365048f,-0.22318304381880588f,-0.13212618301694007f,-0.24970256924433043f,-0.16964743720050585f,0.9289365268527153f,-0.32908460330151407f,1.3125f,0.1961829409967987f,-0.29540862890340125f,-0.9350112275428886f,-0.8613689414483326f,0f,0f,0f,1f], start_interpolation: 0, interpolation_duration: 1 }
$data merge entity $(item_display_l_item) { transformation: [-0.43646858565825364f,0.029882117141167664f,-0.0029125261621528523f,0.38740106865916835f,-0.005142883397871403f,-0.03259833282278775f,0.4362535380343988f,0.6799668505729195f,0.029579967610522995f,0.43525929946680786f,0.03287275077969772f,-0.8112323312464337f,0f,0f,0f,1f], start_interpolation: 0, interpolation_duration: 1 }
$data merge entity $(bone_leftarm) { transformation: [-0.9976424815045798f,-0.006657202656349362f,-0.06830198203695466f,0.37470256924433065f,-0.011755162052277494f,0.9971509440786258f,0.07451047502351507f,1.3125f,0.06761135453833828f,0.07513771606788074f,-0.994878398781275f,-0.8886310585516676f,0f,0f,0f,1f], start_interpolation: 0, interpolation_duration: 1 }
$data merge entity $(bone_body) { transformation: [-0.9990482215818578f,0f,-0.043619387365335875f,0.06250000000000011f,0f,1f,0f,0.6875f,0.043619387365335875f,0f,-0.9990482215818578f,-0.8750000000000001f,0f,0f,0f,1f], start_interpolation: 0, interpolation_duration: 1 }
$data merge entity $(bone_rightleg) { transformation: [-0.9990482205844388f,0.04361941020997806f,1.848544667337748e-8f,-0.062381027697732114f,0.043619410209978775f,0.9990482205844381f,4.023395993387087e-8f,0.75f,-1.671287099686003e-8f,4.1001990360020266e-8f,-0.999999999999999f,-0.8695475765793331f,0f,0f,0f,1f], start_interpolation: 0, interpolation_duration: 1 }
$data merge entity $(text_display_text) { transformation: [-2f,0f,7.347880794884119e-16f,6.888638245203863e-17f,0f,2f,0f,2.800298863701487f,-7.347880794884119e-16f,0f,-2f,-0.5625000000000001f,0f,0f,0f,1f], start_interpolation: 0, interpolation_duration: 1 }
data modify entity @s data merge value {"locators":{},"cameras":{"camera":{"posx":-0.9999999999999996,"posy":1.3473958333333333,"posz":-3.25,"roty":342.3781112977954,"rotx":1.1853011855969335}}}