# This file was generated by Animated Java via MC-Build. It is not recommended to edit this file directly.
$data merge entity $(bone_left_eye) { transformation: [-0.4448675726864577f,-0.08831215711913695f,0.8912316229112519f,-0.4320840322935887f,0.045785595991946516f,0.9915825615730157f,0.12111029181683425f,1.7027725687152f,-0.8944252467208882f,0.09468361256976501f,-0.4370795025381734f,1.6768076597852235f,0f,0f,0f,1f], start_interpolation: 0, interpolation_duration: 1 }
$data merge entity $(bone_right_eye) { transformation: [-0.4448675726864577f,-0.08831215711913695f,0.8912316229112519f,-0.5433009254652031f,0.045785595991946516f,0.9915825615730157f,0.12111029181683425f,1.7142189677131865f,-0.8944252467208882f,0.09468361256976501f,-0.4370795025381734f,1.4532013481050017f,0f,0f,0f,1f], start_interpolation: 0, interpolation_duration: 1 }
$data merge entity $(bone_right_close) { transformation: [-0.4448675726864577f,-0.08831215711913695f,0.8912316229112519f,-0.5488204352851492f,0.045785595991946516f,0.9915825615730157f,0.12111029181683425f,1.7761928778115f,-0.8944252467208882f,0.09468361256976501f,-0.4370795025381734f,1.4591190738906121f,0f,0f,0f,1f], start_interpolation: 0, interpolation_duration: 1 }
$data merge entity $(bone_left_close) { transformation: [-0.4448675726864577f,-0.08831215711913695f,0.8912316229112519f,-0.4376035421135348f,0.045785595991946516f,0.9915825615730157f,0.12111029181683425f,1.7647464788135134f,-0.8944252467208882f,0.09468361256976501f,-0.4370795025381734f,1.682725385570834f,0f,0f,0f,1f], start_interpolation: 0, interpolation_duration: 1 }
$data merge entity $(bone_left_eyebrow) { transformation: [-0.4448675726864577f,-0.08831215711913695f,0.8912316229112519f,-0.4354514401619883f,0.045785595991946516f,0.9915825615730157f,0.12111029181683425f,1.7399493453809496f,-0.8944252467208882f,0.09468361256976501f,-0.4370795025381734f,1.6803856127254986f,0f,0f,0f,1f], start_interpolation: 0, interpolation_duration: 1 }
$data merge entity $(bone_right_eyebrow) { transformation: [-0.4448675726864577f,-0.08831215711913695f,0.8912316229112519f,-0.5466683333336028f,0.045785595991946516f,0.9915825615730157f,0.12111029181683425f,1.751395744378936f,-0.8944252467208882f,0.09468361256976501f,-0.4370795025381734f,1.4567793010452765f,0f,0f,0f,1f], start_interpolation: 0, interpolation_duration: 1 }
$data merge entity $(bone_talking) { transformation: [-0.4448675726864577f,-0.08831215711913695f,0.8912316229112519f,-0.18710455743984547f,0.045785595991946516f,0.9915825615730157f,0.12111029181683425f,1.4984470940137f,-0.8944252467208882f,0.09468361256976501f,-0.4370795025381734f,1.4047462562594923f,0f,0f,0f,1f], start_interpolation: 0, interpolation_duration: 1 }
$data merge entity $(bone_m_opened) { transformation: [-0.4448675726864577f,-0.08831215711913695f,0.8912316229112519f,-0.18710455743984547f,0.045785595991946516f,0.9915825615730157f,0.12111029181683425f,1.4984470940137f,-0.8944252467208882f,0.09468361256976501f,-0.4370795025381734f,1.4047462562594923f,0f,0f,0f,1f], start_interpolation: 0, interpolation_duration: 1 }
$data merge entity $(bone_head) { transformation: [-0.4448675726864577f,-0.08831215711913695f,0.8912316229112519f,-0.2428065338717987f,0.045785595991946516f,0.9915825615730157f,0.12111029181683425f,1.490877700775148f,-0.8944252467208882f,0.09468361256976501f,-0.4370795025381734f,1.432063725168128f,0f,0f,0f,1f], start_interpolation: 0, interpolation_duration: 1 }
$data merge entity $(item_display_r_item) { transformation: [-0.2443538907222785f,-0.012960674170313855f,0.36266988710663f,-0.9902792886146918f,0.004383261814397834f,0.4370835969420629f,0.018573268426823917f,1.4643444601653992f,-0.3628749276331326f,0.014007148504937459f,-0.2439914684697181f,1.5683865047942183f,0f,0f,0f,1f], start_interpolation: 0, interpolation_duration: 1 }
$data merge entity $(bone_rightarm) { transformation: [-0.5585231787937794f,0.8289597419580115f,0.029624398103574708f,-0.46847640012798775f,0.01001888414719505f,0.042453184975597746f,-0.999048221581858f,1.3659966730774156f,-0.8294284060185888f,-0.5576947850736413f,-0.03201633943985717f,1.2158252216932104f,0f,0f,0f,1f], start_interpolation: 0, interpolation_duration: 1 }
$data merge entity $(item_display_l_item) { transformation: [-0.3211220824267902f,-0.2966502162960906f,-0.01689696272601669f,-0.07034925456571796f,0f,-0.02487932952652395f,0.43679202025942576f,0.7348996928420861f,-0.29713104546290975f,0.32060243001854066f,0.018261261958719313f,1.7058113209902082f,0f,0f,0f,1f], start_interpolation: 0, interpolation_duration: 1 }
$data merge entity $(bone_leftarm) { transformation: [-0.7339933312612348f,-0.038621629088038296f,0.6780576372482071f,-0.009730568089716007f,0f,0.9983817605929732f,0.05686703891776925f,1.3659966730774156f,-0.6791566753437938f,0.04174002733421574f,-0.7328055543280929f,1.6402981437830815f,0f,0f,0f,1f], start_interpolation: 0, interpolation_duration: 1 }
$data merge entity $(bone_body) { transformation: [-0.7339933312612348f,-0.02962439810357468f,0.6785102686776643f,-0.2205882352941177f,0f,0.9990482215818578f,0.043619387365336f,0.7415915345887545f,-0.6791566753437938f,0.03201633943985718f,-0.73329473224948f,1.4080514705882352f,0f,0f,0f,1f], start_interpolation: 0, interpolation_duration: 1 }
$data merge entity $(bone_leftleg) { transformation: [-0.7339933312612348f,-0.03554431404289566f,0.6782259147240359f,-0.12883906888646335f,0f,0.9986295347545739f,0.052335956242943335f,0.8125f,-0.6791566753437938f,0.0384142428675002f,-0.7329874189103668f,1.4929460550062095f,0f,0f,0f,1f], start_interpolation: 0, interpolation_duration: 1 }
$data merge entity $(bone_rightleg) { transformation: [-0.7339933312612348f,0.03554431404289566f,0.6782259147240359f,-0.31233740170177204f,0f,0.9986295347545739f,-0.052335956242943335f,0.75f,-0.6791566753437938f,-0.0384142428675002f,-0.7329874189103668f,1.323156886170261f,0f,0f,0f,1f], start_interpolation: 0, interpolation_duration: 1 }
data modify entity @s data merge value {"locators":{},"cameras":{"camera":{"posx":-3.2601923076923085,"posy":1.375,"posz":2.3749999999999996,"roty":255,"rotx":0}}}