# This file was generated by Animated Java via MC-Build. It is not recommended to edit this file directly.
$data merge entity $(bone_left_eye) { transformation: [-0.3891659944424961f,-0.09335276890343441f,0.916425168416737f,-0.4680742245388096f,0.04703326335965932f,0.991540380895521f,0.12097745736833007f,1.7089733091689163f,-0.9199661411744042f,0.09018277879743539f,-0.38148311299590826f,1.6816986751685585f,0f,0f,0f,1f], start_interpolation: 0, interpolation_duration: 1 }
$data merge entity $(bone_right_eye) { transformation: [-0.3891659944424961f,-0.09335276890343441f,0.916425168416737f,-0.5653657231494336f,0.04703326335965932f,0.991540380895521f,0.12097745736833007f,1.7207316250088314f,-0.9199661411744042f,0.09018277879743539f,-0.38148311299590826f,1.4517071398749575f,0f,0f,0f,1f], start_interpolation: 0, interpolation_duration: 1 }
$data merge entity $(bone_right_close) { transformation: [-0.3891659944424961f,-0.09335276890343441f,0.916425168416737f,-0.5712002712058983f,0.04703326335965932f,0.991540380895521f,0.12097745736833007f,1.7827028988148015f,-0.9199661411744042f,0.09018277879743539f,-0.38148311299590826f,1.457343563549797f,0f,0f,0f,1f], start_interpolation: 0, interpolation_duration: 1 }
$data merge entity $(bone_left_close) { transformation: [-0.3891659944424961f,-0.09335276890343441f,0.916425168416737f,-0.47390877259527425f,0.04703326335965932f,0.991540380895521f,0.12097745736833007f,1.7709445829748864f,-0.9199661411744042f,0.09018277879743539f,-0.38148311299590826f,1.6873350988433982f,0f,0f,0f,1f], start_interpolation: 0, interpolation_duration: 1 }
$data merge entity $(bone_left_eyebrow) { transformation: [-0.3891659944424961f,-0.09335276890343441f,0.916425168416737f,-0.47163222994571447f,0.04703326335965932f,0.991540380895521f,0.12097745736833007f,1.7461485123614129f,-0.9199661411744042f,0.09018277879743539f,-0.38148311299590826f,1.6851043720680245f,0f,0f,0f,1f], start_interpolation: 0, interpolation_duration: 1 }
$data merge entity $(bone_right_eyebrow) { transformation: [-0.3891659944424961f,-0.09335276890343441f,0.916425168416737f,-0.5689237285563384f,0.04703326335965932f,0.991540380895521f,0.12097745736833007f,1.7579068282013277f,-0.9199661411744042f,0.09018277879743539f,-0.38148311299590826f,1.4551128367744235f,0f,0f,0f,1f], start_interpolation: 0, interpolation_duration: 1 }
$data merge entity $(bone_talking) { transformation: [-0.3891659944424961f,-0.09335276890343441f,0.916425168416737f,-0.2069989164880327f,0.04703326335965932f,0.991540380895521f,0.12097745736833007f,1.5047728272925966f,-0.9199661411744042f,0.09018277879743539f,-0.38148311299590826f,1.4249437400111777f,0f,0f,0f,1f], start_interpolation: 0, interpolation_duration: 1 }
$data merge entity $(bone_m_opened) { transformation: [-0.3891659944424961f,-0.09335276890343441f,0.916425168416737f,-0.2069989164880327f,0.04703326335965932f,0.991540380895521f,0.12097745736833007f,1.5047728272925966f,-0.9199661411744042f,0.09018277879743539f,-0.38148311299590826f,1.4249437400111777f,0f,0f,0f,1f], start_interpolation: 0, interpolation_duration: 1 }
$data merge entity $(bone_head) { transformation: [-0.3891659944424961f,-0.09335276890343441f,0.916425168416737f,-0.26427548951407875f,0.04703326335965932f,0.991540380895521f,0.12097745736833007f,1.497211736207076f,-0.9199661411744042f,0.09018277879743539f,-0.38148311299590826f,1.448786434573422f,0f,0f,0f,1f], start_interpolation: 0, interpolation_duration: 1 }
$data merge entity $(item_display_r_item) { transformation: [-0.2311688593611127f,-0.01368888849105552f,0.37118704556269416f,-1.0122764172141139f,0.004058852805054588f,0.4370835969420628f,0.01864684954879286f,1.4705733797088005f,-0.37141719693033737f,0.01329637605018238f,-0.23082184083908341f,1.55437064632412f,0f,0f,0f,1f], start_interpolation: 0, interpolation_duration: 1 }
$data merge entity $(bone_rightarm) { transformation: [-0.5283859642539719f,0.8484275327147295f,0.03128888797955567f,-0.47809809826996363f,0.009277377840124773f,0.04262137039724104f,-0.9990482215818578f,1.372330708509344f,-0.8489535929836283f,-0.5275927790607621f,-0.030391716686131273f,1.2208261948253774f,0f,0f,0f,1f], start_interpolation: 0, interpolation_duration: 1 }
$data merge entity $(item_display_l_item) { transformation: [-0.3048272076546611f,-0.3129963175353258f,-0.022801944715037346f,-0.09948397132334458f,0f,-0.03178786219114203f,0.43634365105650036f,0.73990038923116f,-0.3138257852271896f,0.30402152395289783f,0.022148126329227438f,1.72437185723758f,0f,0f,0f,1f], start_interpolation: 0, interpolation_duration: 1 }
$data merge entity $(bone_leftarm) { transformation: [-0.6967479032106539f,-0.05211873077722838f,0.715420154366459f,-0.042630658763304935f,0f,0.9973569167005722f,0.07265797072261058f,1.372330708509344f,-0.7173160805192905f,0.05062428875252001f,-0.6949063404637665f,1.669148745149934f,0f,0f,0f,1f], start_interpolation: 0, interpolation_duration: 1 }
$data merge entity $(bone_body) { transformation: [-0.6967479032106539f,-0.03128888797955548f,0.7166333545548659f,-0.24080882352941213f,0f,0.9990482215818578f,0.043619387365336f,0.7479255700206827f,-0.7173160805192905f,0.030391716686131148f,-0.6960847535934922f,1.4259926470588238f,0f,0f,0f,1f], start_interpolation: 0, interpolation_duration: 1 }
$data merge entity $(bone_leftleg) { transformation: [-0.6967479032106539f,-0.012518891781221132f,0.717206829805829f,-0.15371533562808037f,0f,0.9998476951563913f,0.01745240643728252f,0.8125f,-0.7173160805192905f,0.012159927591156715f,-0.6966417851302207f,1.5156571571237352f,0f,0f,0f,1f], start_interpolation: 0, interpolation_duration: 1 }
$data merge entity $(bone_rightleg) { transformation: [-0.6967479032106539f,0.012518891781221132f,0.717206829805829f,-0.3279023114307439f,0f,0.9998476951563913f,-0.01745240643728252f,0.75f,-0.7173160805192905f,-0.012159927591156715f,-0.6966417851302207f,1.3363281369939124f,0f,0f,0f,1f], start_interpolation: 0, interpolation_duration: 1 }
data modify entity @s data merge value {"locators":{},"cameras":{"camera":{"posx":-3.2695192307692316,"posy":1.375,"posz":2.3749999999999996,"roty":255,"rotx":0}}}