# This file was generated by Animated Java via MC-Build. It is not recommended to edit this file directly.
$data merge entity $(bone_left_eye) { transformation: [-0.3312065433728236f,-0.09817624351609819f,0.9384368123832812f,-0.5034301669805967f,0.048401258547218697f,0.9914950256219932f,0.12080948778091995f,1.710907393328259f,-0.9423160530300179f,0.08543441564095085f,-0.3236377864619923f,1.6855018901413497f,0f,0f,0f,1f], start_interpolation: 0, interpolation_duration: 1 }
$data merge entity $(bone_right_eye) { transformation: [-0.3312065433728236f,-0.09817624351609819f,0.9384368123832812f,-0.5862318028238027f,0.048401258547218697f,0.9914950256219932f,0.12080948778091995f,1.7230077079650639f,-0.9423160530300179f,0.08543441564095085f,-0.3236377864619923f,1.4499228768838452f,0f,0f,0f,1f], start_interpolation: 0, interpolation_duration: 1 }
$data merge entity $(bone_right_close) { transformation: [-0.3312065433728236f,-0.09817624351609819f,0.9384368123832812f,-0.5923678180435588f,0.048401258547218697f,0.9914950256219932f,0.12080948778091995f,1.7849761470664385f,-0.9423160530300179f,0.08543441564095085f,-0.3236377864619923f,1.4552625278614046f,0f,0f,0f,1f], start_interpolation: 0, interpolation_duration: 1 }
$data merge entity $(bone_left_close) { transformation: [-0.3312065433728236f,-0.09817624351609819f,0.9384368123832812f,-0.5095661822003528f,0.048401258547218697f,0.9914950256219932f,0.12080948778091995f,1.7728758324296336f,-0.9423160530300179f,0.08543441564095085f,-0.3236377864619923f,1.690841541118909f,0f,0f,0f,1f], start_interpolation: 0, interpolation_duration: 1 }
$data merge entity $(bone_left_eyebrow) { transformation: [-0.3312065433728236f,-0.09817624351609819f,0.9384368123832812f,-0.5071704284132244f,0.048401258547218697f,0.9914950256219932f,0.12080948778091995f,1.7480809061960978f,-0.9423160530300179f,0.08543441564095085f,-0.3236377864619923f,1.6887259080895392f,0f,0f,0f,1f], start_interpolation: 0, interpolation_duration: 1 }
$data merge entity $(bone_right_eyebrow) { transformation: [-0.3312065433728236f,-0.09817624351609819f,0.9384368123832812f,-0.5899720642564302f,0.048401258547218697f,0.9914950256219932f,0.12080948778091995f,1.7601812208329024f,-0.9423160530300179f,0.08543441564095085f,-0.3236377864619923f,1.4531468948320347f,0f,0f,0f,1f], start_interpolation: 0, interpolation_duration: 1 }
$data merge entity $(bone_talking) { transformation: [-0.3312065433728236f,-0.09817624351609819f,0.9384368123832812f,-0.22702542015339974f,0.048401258547218697f,0.9914950256219932f,0.12080948778091995f,1.5068367591727008f,-0.9423160530300179f,0.08543441564095085f,-0.3236377864619923f,1.445216971332987f,0f,0f,0f,1f], start_interpolation: 0, interpolation_duration: 1 }
$data merge entity $(bone_m_opened) { transformation: [-0.3312065433728236f,-0.09817624351609819f,0.9384368123832812f,-0.22702542015339974f,0.048401258547218697f,0.9914950256219932f,0.12080948778091995f,1.5068367591727008f,-0.9423160530300179f,0.08543441564095085f,-0.3236377864619923f,1.445216971332987f,0f,0f,0f,1f], start_interpolation: 0, interpolation_duration: 1 }
$data merge entity $(bone_head) { transformation: [-0.3312065433728236f,-0.09817624351609819f,0.9384368123832812f,-0.28567772092735483f,0.048401258547218697f,0.9914950256219932f,0.12080948778091995f,1.4992861661863932f,-0.9423160530300179f,0.08543441564095085f,-0.3236377864619923f,1.4654443329868616f,0f,0f,0f,1f], start_interpolation: 0, interpolation_duration: 1 }
$data merge entity $(item_display_r_item) { transformation: [-0.21373549291014585f,-0.014378180344878602f,0.38146645593082906f,-1.0361052285063717f,0.003927353116535468f,0.4370835969420627f,0.01867498813082501f,1.472607611713786f,-0.3817171268989054f,0.012547797183512432f,-0.21340299392905995f,1.5348570352831246f,0f,0f,0f,1f], start_interpolation: 0, interpolation_duration: 1 }
$data merge entity $(bone_rightarm) { transformation: [-0.4885382695089048f,0.871923327841895f,0.03286441221686557f,-0.48704509707807897f,0.00897680712350964f,0.04268568715617167f,-0.9990482215818577f,1.374405138488661f,-0.8724962900546409f,-0.48777827183785133f,-0.028680679276599952f,1.2264105304748925f,0f,0f,0f,1f], start_interpolation: 0, interpolation_duration: 1 }
$data merge entity $(item_display_l_item) { transformation: [-0.28766559874896525f,-0.3283593427313765f,-0.028894555497840178f,-0.12863326036303585f,0f,-0.03835038340843035f,0.43581589931119585f,0.7408537442131155f,-0.32962820464335174f,0.2865582665592546f,0.02521619658385943f,1.7431586181482397f,0f,0f,0f,1f], start_interpolation: 0, interpolation_duration: 1 }
$data merge entity $(bone_leftarm) { transformation: [-0.6575213685690634f,-0.06604469828077772f,0.7505356405288606f,-0.07609424172241436f,0f,0.9961506269970191f,0.08765801921926958f,1.374405138488661f,-0.7534358963276611f,0.05763702076310741f,-0.6549903235640105f,1.6973079656796806f,0f,0f,0f,1f], start_interpolation: 0, interpolation_duration: 1 }
$data merge entity $(bone_body) { transformation: [-0.6575213685690634f,-0.03286441221686538f,0.7527187923020827f,-0.2610294117647058f,0f,0.9990482215818578f,0.043619387365336f,0.75f,-0.7534358963276611f,0.02868067927659984f,-0.6568955539209921f,1.4439338235294117f,0f,0f,0f,1f], start_interpolation: 0, interpolation_duration: 1 }
$data merge entity $(bone_leftleg) { transformation: [-0.6575213685690634f,0.01314926948714953f,0.7533211443913017f,-0.17883924069357288f,0f,0.9998476951563913f,-0.017452406437283758f,0.8125f,-0.7534358963276611f,-0.011475330165466348f,-0.6574212248798541f,1.5381133105703693f,0f,0f,0f,1f], start_interpolation: 0, interpolation_duration: 1 }
$data merge entity $(bone_rightleg) { transformation: [-0.6575213685690634f,-0.01314926948714953f,0.7533211443913017f,-0.3432195828358387f,0f,0.9998476951563913f,0.017452406437283758f,0.75f,-0.7534358963276611f,0.011475330165466348f,-0.6574212248798541f,1.349754336488454f,0f,0f,0f,1f], start_interpolation: 0, interpolation_duration: 1 }
data modify entity @s data merge value {"locators":{},"cameras":{"camera":{"posx":-3.2788461538461546,"posy":1.375,"posz":2.3749999999999996,"roty":255,"rotx":0}}}