# This file was generated by Animated Java via MC-Build. It is not recommended to edit this file directly.
$data merge entity $(bone_left_eye) { transformation: [-0.27359900155723843f,-0.10272394185504319f,0.9563427095537687f,-0.5375766559297321f,0.04950002957701041f,0.9914593050525734f,0.12065733917397352f,1.70857202952544f,-0.960569275699966f,0.08035071993722205f,-0.2661774377869259f,1.6887442681261895f,0f,0f,0f,1f], start_interpolation: 0, interpolation_duration: 1 }
$data merge entity $(bone_right_eye) { transformation: [-0.27359900155723843f,-0.10272394185504319f,0.9563427095537687f,-0.6059764063190418f,0.04950002957701041f,0.9914593050525734f,0.12065733917397352f,1.7209470369196929f,-0.960569275699966f,0.08035071993722205f,-0.2661774377869259f,1.4486019492011981f,0f,0f,0f,1f], start_interpolation: 0, interpolation_duration: 1 }
$data merge entity $(bone_right_close) { transformation: [-0.27359900155723843f,-0.10272394185504319f,0.9563427095537687f,-0.612396652684982f,0.04950002957701041f,0.9914593050525734f,0.12065733917397352f,1.7829132434854786f,-0.960569275699966f,0.08035071993722205f,-0.2661774377869259f,1.4536238691972745f,0f,0f,0f,1f], start_interpolation: 0, interpolation_duration: 1 }
$data merge entity $(bone_left_close) { transformation: [-0.27359900155723843f,-0.10272394185504319f,0.9563427095537687f,-0.5439969022956723f,0.04950002957701041f,0.9914593050525734f,0.12065733917397352f,1.7705382360912258f,-0.960569275699966f,0.08035071993722205f,-0.2661774377869259f,1.6937661881222659f,0f,0f,0f,1f], start_interpolation: 0, interpolation_duration: 1 }
$data merge entity $(bone_left_eyebrow) { transformation: [-0.27359900155723843f,-0.10272394185504319f,0.9563427095537687f,-0.5414885751686433f,0.04950002957701041f,0.9914593050525734f,0.12065733917397352f,1.7457442123812135f,-0.960569275699966f,0.08035071993722205f,-0.2661774377869259f,1.6917740562136971f,0f,0f,0f,1f], start_interpolation: 0, interpolation_duration: 1 }
$data merge entity $(bone_right_eyebrow) { transformation: [-0.27359900155723843f,-0.10272394185504319f,0.9563427095537687f,-0.6098883255579529f,0.04950002957701041f,0.9914593050525734f,0.12065733917397352f,1.758119219775466f,-0.960569275699966f,0.08035071993722205f,-0.2661774377869259f,1.4516317372887058f,0f,0f,0f,1f], start_interpolation: 0, interpolation_duration: 1 }
$data merge entity $(bone_talking) { transformation: [-0.27359900155723843f,-0.10272394185504319f,0.9563427095537687f,-0.2472384489250734f,0.04950002957701041f,0.9914593050525734f,0.12065733917397352f,1.5046001254512897f,-0.960569275699966f,0.08035071993722205f,-0.2661774377869259f,1.465404979370974f,0f,0f,0f,1f], start_interpolation: 0, interpolation_duration: 1 }
$data merge entity $(bone_m_opened) { transformation: [-0.27359900155723843f,-0.10272394185504319f,0.9563427095537687f,-0.2472384489250734f,0.04950002957701041f,0.9914593050525734f,0.12065733917397352f,1.5046001254512897f,-0.960569275699966f,0.08035071993722205f,-0.2661774377869259f,1.465404979370974f,0f,0f,0f,1f], start_interpolation: 0, interpolation_duration: 1 }
$data merge entity $(bone_head) { transformation: [-0.27359900155723843f,-0.10272394185504319f,0.9563427095537687f,-0.30700986827218396f,0.04950002957701041f,0.9914593050525734f,0.12065733917397352f,1.4970590417529164f,-0.960569275699966f,0.08035071993722205f,-0.2661774377869259f,1.4820410692326569f,0f,0f,0f,1f], start_interpolation: 0, interpolation_duration: 1 }
$data merge entity $(item_display_r_item) { transformation: [-0.19264788132695526f,-0.015026589825440516f,0.39251400665256947f,-1.060377058046054f,0.003948129358202014f,0.4370835969420628f,0.01867060681283063f,1.4703867463060154f,-0.3927816901216326f,0.011763540385716439f,-0.19232891884162234f,1.5107299734987463f,0f,0f,0f,1f], start_interpolation: 0, interpolation_duration: 1 }
$data merge entity $(bone_rightarm) { transformation: [-0.440338014461612f,0.8971748723487302f,0.03434649102957852f,-0.4953494514494005f,0.009024295675890318f,0.04267567271504166f,-0.9990482215818578f,1.3721780140551842f,-0.8977867202780174f,-0.4396089573522797f,-0.026888092310209104f,1.2326133636147953f,0f,0f,0f,1f], start_interpolation: 0, interpolation_duration: 1 }
$data merge entity $(item_display_l_item) { transformation: [-0.26968605237827936f,-0.3427176368465003f,-0.03493285769830799f,-0.15809890472470425f,0f,-0.04436406183119078f,0.4352448506505715f,0.7377242097454563f,-0.3444933717107195f,0.2682959213484032f,0.02734712846335941f,1.7623354029248535f,0f,0f,0f,1f], start_interpolation: 0, interpolation_duration: 1 }
$data merge entity $(bone_leftarm) { transformation: [-0.6164252625789243f,-0.07984653188184701f,0.7833545985062864f,-0.11008366233757283f,0f,0.9948453729155919f,0.10140356989986486f,1.3721780140551842f,-0.7874134210530731f,0.0625077222019645f,-0.6132478202249216f,1.724746751772966f,0f,0f,0f,1f], start_interpolation: 0, interpolation_duration: 1 }
$data merge entity $(bone_body) { transformation: [-0.6164252625789243f,-0.034346491029578416f,0.7866639779527592f,-0.28125000000000017f,0f,0.9990482215818578f,0.043619387365336f,0.7477728755665232f,-0.7874134210530731f,0.026888092310209055f,-0.615838562317604f,1.461875f,0f,0f,0f,1f], start_interpolation: 0, interpolation_duration: 1 }
$data merge entity $(bone_leftleg) { transformation: [-0.6164252625789243f,0.04121003434934093f,0.7863342983257378f,-0.20419684217763462f,0f,0.9986295347545738f,-0.05233595624294458f,0.8125f,-0.7874134210530731f,-0.0322612055693762f,-0.6155804731801572f,1.560301677631634f,0f,0f,0f,1f], start_interpolation: 0, interpolation_duration: 1 }
$data merge entity $(bone_rightleg) { transformation: [-0.6164252625789243f,-0.04121003434934093f,0.7863342983257378f,-0.3583031578223657f,0f,0.9986295347545738f,0.05233595624294458f,0.75f,-0.7874134210530731f,0.0322612055693762f,-0.6155804731801572f,1.363448322368366f,0f,0f,0f,1f], start_interpolation: 0, interpolation_duration: 1 }
data modify entity @s data merge value {"locators":{},"cameras":{"camera":{"posx":-3.2881730769230777,"posy":1.375,"posz":2.3749999999999996,"roty":255,"rotx":0}}}