# This file was generated by Animated Java via MC-Build. It is not recommended to edit this file directly.
$data merge entity $(bone_left_eye) { transformation: [-0.2191214327211493f,-0.10692083103333785f,0.969821495747218f,-0.5713279603532063f,0.049950175415685326f,0.9914448600254436f,0.12059050337846146f,1.700983704023229f,-0.9744181739367206f,0.07486671770732892f,-0.21190610392708847f,1.6902285167213131f,0f,0f,0f,1f], start_interpolation: 0, interpolation_duration: 1 }
$data merge entity $(bone_right_eye) { transformation: [-0.2191214327211493f,-0.10692083103333785f,0.969821495747218f,-0.6261083185334936f,0.049950175415685326f,0.9914448600254436f,0.12059050337846146f,1.71347124787715f,-0.9744181739367206f,0.07486671770732892f,-0.21190610392708847f,1.4466239732371329f,0f,0f,0f,1f], start_interpolation: 0, interpolation_duration: 1 }
$data merge entity $(bone_right_close) { transformation: [-0.2191214327211493f,-0.10692083103333785f,0.969821495747218f,-0.6327908704730771f,0.049950175415685326f,0.9914448600254436f,0.12059050337846146f,1.7754365516287403f,-0.9744181739367206f,0.07486671770732892f,-0.21190610392708847f,1.451303143093841f,0f,0f,0f,1f], start_interpolation: 0, interpolation_duration: 1 }
$data merge entity $(bone_left_close) { transformation: [-0.2191214327211493f,-0.10692083103333785f,0.969821495747218f,-0.5780105122927899f,0.049950175415685326f,0.9914448600254436f,0.12059050337846146f,1.762949007774819f,-0.9744181739367206f,0.07486671770732892f,-0.21190610392708847f,1.6949076865780213f,0f,0f,0f,1f], start_interpolation: 0, interpolation_duration: 1 }
$data merge entity $(bone_left_eyebrow) { transformation: [-0.2191214327211493f,-0.10692083103333785f,0.969821495747218f,-0.5753981053604407f,0.049950175415685326f,0.9914448600254436f,0.12059050337846146f,1.7381553493677218f,-0.9744181739367206f,0.07486671770732892f,-0.21190610392708847f,1.6930492627668332f,0f,0f,0f,1f], start_interpolation: 0, interpolation_duration: 1 }
$data merge entity $(bone_right_eyebrow) { transformation: [-0.2191214327211493f,-0.10692083103333785f,0.969821495747218f,-0.630178463540728f,0.049950175415685326f,0.9914448600254436f,0.12059050337846146f,1.7506428932216431f,-0.9744181739367206f,0.07486671770732892f,-0.21190610392708847f,1.4494447192826532f,0f,0f,0f,1f], start_interpolation: 0, interpolation_duration: 1 }
$data merge entity $(bone_talking) { transformation: [-0.2191214327211493f,-0.10692083103333785f,0.969821495747218f,-0.2689187142640099f,0.049950175415685326f,0.9914448600254436f,0.12059050337846146f,1.4970507932495978f,-0.9744181739367206f,0.07486671770732892f,-0.21190610392708847f,1.4834889080751756f,0f,0f,0f,1f], start_interpolation: 0, interpolation_duration: 1 }
$data merge entity $(bone_m_opened) { transformation: [-0.2191214327211493f,-0.10692083103333785f,0.969821495747218f,-0.2689187142640099f,0.049950175415685326f,0.9914448600254436f,0.12059050337846146f,1.4970507932495978f,-0.9744181739367206f,0.07486671770732892f,-0.21190610392708847f,1.4834889080751756f,0f,0f,0f,1f], start_interpolation: 0, interpolation_duration: 1 }
$data merge entity $(bone_head) { transformation: [-0.2191214327211493f,-0.10692083103333785f,0.969821495747218f,-0.329532557748211f,0.049950175415685326f,0.9914448600254436f,0.12059050337846146f,1.4895138867884439f,-0.9744181739367206f,0.07486671770732892f,-0.21190610392708847f,1.4967330395706187f,0f,0f,0f,1f], start_interpolation: 0, interpolation_duration: 1 }
$data merge entity $(item_display_r_item) { transformation: [-0.1685985734324487f,-0.015632273269789963f,0.4034060027676358f,-1.085069483775964f,0.0040795976570102395f,0.43708359694206267f,0.01864232193546003f,1.4628819983092152f,-0.4036881567738892f,0.010945835582861083f,-0.1682923372108571f,1.4811656503172475f,0f,0f,0f,1f], start_interpolation: 0, interpolation_duration: 1 }
$data merge entity $(bone_rightarm) { transformation: [-0.385368167845597f,0.9220708634688818f,0.03573091033094869f,-0.5043088303165444f,0.009324794644594833f,0.042611021566766f,-0.9990482215818576f,1.3646328590907117f,-0.9227157869117467f,-0.38466819933910196f,-0.02501905276082542f,1.2376206441352056f,0f,0f,0f,1f], start_interpolation: 0, interpolation_duration: 1 }
$data merge entity $(item_display_l_item) { transformation: [-0.2509396909035827f,-0.356065856688176f,-0.04065251812778286f,-0.1894816336112152f,0f,-0.04962756109956176f,0.4346761497705036f,0.7294876276758319f,-0.3583790193764339f,0.24931999695215906f,0.028465199640280443f,1.780160385744613f,0f,0f,0f,1f], start_interpolation: 0, interpolation_duration: 1 }
$data merge entity $(bone_leftarm) { transformation: [-0.5735764363510462f,-0.09292004143493243f,0.8138648152872594f,-0.14582355759714055f,0f,0.9935454851897225f,0.11343442537042711f,1.3646328590907117f,-0.8191520442889918f,0.06506331346349828f,-0.5698742787477922f,1.7495906718158254f,0f,0f,0f,1f], start_interpolation: 0, interpolation_duration: 1 }
$data merge entity $(bone_body) { transformation: [-0.5735764363510462f,-0.035730910330948405f,0.8183723930520604f,-0.3027343749999997f,0f,0.9990482215818578f,0.043619387365336f,0.7402277206020506f,-0.8191520442889918f,0.02501905276082527f,-0.5730305186777723f,1.4779687499999996f,0f,0f,0f,1f], start_interpolation: 0, interpolation_duration: 1 }
$data merge entity $(bone_leftleg) { transformation: [-0.5735764363510462f,0.07139380484326967f,0.8160349234517084f,-0.23103732045611897f,0f,0.9961946980917455f,-0.08715574274765818f,0.8125f,-0.8191520442889918f,-0.04999048033273031f,-0.5713938048432697f,1.5803627555361235f,0f,0f,0f,1f], start_interpolation: 0, interpolation_duration: 1 }
$data merge entity $(bone_rightleg) { transformation: [-0.5735764363510462f,-0.07139380484326967f,0.8160349234517084f,-0.3744314295438805f,0f,0.9961946980917455f,0.08715574274765818f,0.75f,-0.8191520442889918f,0.04999048033273031f,-0.5713938048432697f,1.3755747444638757f,0f,0f,0f,1f], start_interpolation: 0, interpolation_duration: 1 }
data modify entity @s data merge value {"locators":{},"cameras":{"camera":{"posx":-3.2975000000000008,"posy":1.375,"posz":2.3749999999999996,"roty":255,"rotx":0}}}