# This file was generated by Animated Java via MC-Build. It is not recommended to edit this file directly.
$data merge entity $(bone_left_eye) { transformation: [-0.20492641847790294f,-0.10799837610293277f,0.9728008602838245f,-0.5958710110500363f,0.049950175415685326f,0.9914448600254436f,0.12059050337846146f,1.6876299058995272f,-0.9775019912950366f,0.07330375357550219f,-0.19777870645238926f,1.702393418799586f,0f,0f,0f,1f], start_interpolation: 0, interpolation_duration: 1 }
$data merge entity $(bone_right_eye) { transformation: [-0.20492641847790294f,-0.10799837610293277f,0.9728008602838245f,-0.6471026156695121f,0.049950175415685326f,0.9914448600254436f,0.12059050337846146f,1.7001174497534484f,-0.9775019912950366f,0.07330375357550219f,-0.19777870645238926f,1.4580179209758266f,0f,0f,0f,1f], start_interpolation: 0, interpolation_duration: 1 }
$data merge entity $(bone_right_close) { transformation: [-0.20492641847790294f,-0.10799837610293277f,0.9728008602838245f,-0.6538525141759453f,0.049950175415685326f,0.9914448600254436f,0.12059050337846146f,1.7620827535050387f,-0.9775019912950366f,0.07330375357550219f,-0.19777870645238926f,1.4625994055742957f,0f,0f,0f,1f], start_interpolation: 0, interpolation_duration: 1 }
$data merge entity $(bone_left_close) { transformation: [-0.20492641847790294f,-0.10799837610293277f,0.9728008602838245f,-0.6026209095564694f,0.049950175415685326f,0.9914448600254436f,0.12059050337846146f,1.7495952096511176f,-0.9775019912950366f,0.07330375357550219f,-0.19777870645238926f,1.706974903398055f,0f,0f,0f,1f], start_interpolation: 0, interpolation_duration: 1 }
$data merge entity $(bone_left_eyebrow) { transformation: [-0.20492641847790294f,-0.10799837610293277f,0.9728008602838245f,-0.599981750207664f,0.049950175415685326f,0.9914448600254436f,0.12059050337846146f,1.7248015512440202f,-0.9775019912950366f,0.07330375357550219f,-0.19777870645238926f,1.7051546707278205f,0f,0f,0f,1f], start_interpolation: 0, interpolation_duration: 1 }
$data merge entity $(bone_right_eyebrow) { transformation: [-0.20492641847790294f,-0.10799837610293277f,0.9728008602838245f,-0.6512133548271397f,0.049950175415685326f,0.9914448600254436f,0.12059050337846146f,1.7372890950979416f,-0.9775019912950366f,0.07330375357550219f,-0.19777870645238926f,1.4607791729040613f,0f,0f,0f,1f], start_interpolation: 0, interpolation_duration: 1 }
$data merge entity $(bone_talking) { transformation: [-0.20492641847790294f,-0.10799837610293277f,0.9728008602838245f,-0.2904869504953458f,0.049950175415685326f,0.9914448600254436f,0.12059050337846146f,1.4836969951258963f,-0.9775019912950366f,0.07330375357550219f,-0.19777870645238926f,1.5000738857274591f,0f,0f,0f,1f], start_interpolation: 0, interpolation_duration: 1 }
$data merge entity $(bone_m_opened) { transformation: [-0.20492641847790294f,-0.10799837610293277f,0.9728008602838245f,-0.2904869504953458f,0.049950175415685326f,0.9914448600254436f,0.12059050337846146f,1.4836969951258963f,-0.9775019912950366f,0.07330375357550219f,-0.19777870645238926f,1.5000738857274591f,0f,0f,0f,1f], start_interpolation: 0, interpolation_duration: 1 }
$data merge entity $(bone_head) { transformation: [-0.20492641847790294f,-0.10799837610293277f,0.9728008602838245f,-0.3512870042630848f,0.049950175415685326f,0.9914448600254436f,0.12059050337846146f,1.4761600886647424f,-0.9775019912950366f,0.07330375357550219f,-0.19777870645238926f,1.5124350548807335f,0f,0f,0f,1f], start_interpolation: 0, interpolation_duration: 1 }
$data merge entity $(item_display_r_item) { transformation: [-0.15833547781399002f,-0.015789814986799357f,0.40753749300904596f,-1.1089840812172778f,0.004279867023499259f,0.4370835969420628f,0.018597366008378063f,1.4495924229384878f,-0.40782080526093406f,0.010717323680427814f,-0.1580303128183081f,1.4796278192644516f,0f,0f,0f,1f], start_interpolation: 0, interpolation_duration: 1 }
$data merge entity $(bone_rightarm) { transformation: [-0.36190966357483434f,0.9315142697349622f,0.03609100568411302f,-0.5222762869224122f,0.009782553196569734f,0.042508265162007224f,-0.9990482215818578f,1.35127906096701f,-0.9321618405964207f,-0.3612121435847042f,-0.02449673984097794f,1.2508081370438893f,0f,0f,0f,1f], start_interpolation: 0, interpolation_duration: 1 }
$data merge entity $(item_display_l_item) { transformation: [-0.24570092171777808f,-0.35922885337483207f,-0.0446311322961644f,-0.2101530250095891f,0f,-0.05394093656517065f,0.43416198055849187f,0.7156359640076871f,-0.36199075549941095f,0.2438262829669428f,0.030293343616874573f,1.7943262348666391f,0f,0f,0f,1f], start_interpolation: 0, interpolation_duration: 1 }
$data merge entity $(bone_leftarm) { transformation: [-0.5616021067834928f,-0.10201401667694739f,0.8210945219996162f,-0.1712749701827292f,0f,0.9923702412765528f,0.12329356929181885f,1.35127906096701f,-0.8274074411415108f,0.06924192826714201f,-0.557317218210155f,1.7679377877573335f,0f,0f,0f,1f], start_interpolation: 0, interpolation_duration: 1 }
$data merge entity $(bone_body) { transformation: [-0.5616021067834928f,-0.036091005684113005f,0.8266199325960221f,-0.32421875000000006f,0f,0.9990482215818578f,0.043619387365336f,0.7268739224783489f,-0.8274074411415108f,0.024496739840977964f,-0.561067586018673f,1.4940625f,0f,0f,0f,1f], start_interpolation: 0, interpolation_duration: 1 }
$data merge entity $(bone_leftleg) { transformation: [-0.5616021067834928f,0.10083560158044953f,0.8212400715444002f,-0.25401848665206345f,0f,0.992546151641322f,-0.12186934340514798f,0.7999999999999998f,-0.8274074411415108f,-0.06844208000865207f,-0.5574160098416145f,1.5974884301426888f,0f,0f,0f,1f], start_interpolation: 0, interpolation_duration: 1 }
$data merge entity $(bone_rightleg) { transformation: [-0.5616021067834928f,-0.10083560158044953f,0.8212400715444002f,-0.39441901334793666f,0f,0.992546151641322f,0.12186934340514798f,0.75f,-0.8274074411415108f,0.06844208000865207f,-0.5574160098416145f,1.3906365698573113f,0f,0f,0f,1f], start_interpolation: 0, interpolation_duration: 1 }
data modify entity @s data merge value {"locators":{},"cameras":{"camera":{"posx":-3.306826923076924,"posy":1.375,"posz":2.3749999999999996,"roty":255,"rotx":0}}}