# This file was generated by Animated Java via MC-Build. It is not recommended to edit this file directly.
$data merge entity $(bone_left_eye) { transformation: [-0.1906880548899222f,-0.10905307561229578f,0.9755744422758301f,-0.6203565974745698f,0.049950175415685326f,0.9914448600254436f,0.12059050337846146f,1.671382060942829f,-0.9803790316496167f,0.07172528305017248f,-0.18360947163240876f,1.714514251358248f,0f,0f,0f,1f], start_interpolation: 0, interpolation_duration: 1 }
$data merge entity $(bone_right_eye) { transformation: [-0.1906880548899222f,-0.10905307561229578f,0.9755744422758301f,-0.6680286111970505f,0.049950175415685326f,0.9914448600254436f,0.12059050337846146f,1.68386960479675f,-0.9803790316496167f,0.07172528305017248f,-0.18360947163240876f,1.4694194934458438f,0f,0f,0f,1f], start_interpolation: 0, interpolation_duration: 1 }
$data merge entity $(bone_right_close) { transformation: [-0.1906880548899222f,-0.10905307561229578f,0.9755744422758301f,-0.6748444284228189f,0.049950175415685326f,0.9914448600254436f,0.12059050337846146f,1.7458349085483404f,-0.9803790316496167f,0.07172528305017248f,-0.18360947163240876f,1.4739023236364794f,0f,0f,0f,1f], start_interpolation: 0, interpolation_duration: 1 }
$data merge entity $(bone_left_close) { transformation: [-0.1906880548899222f,-0.10905307561229578f,0.9755744422758301f,-0.6271724147003382f,0.049950175415685326f,0.9914448600254436f,0.12059050337846146f,1.7333473646944193f,-0.9803790316496167f,0.07172528305017248f,-0.18360947163240876f,1.7189970815488838f,0f,0f,0f,1f], start_interpolation: 0, interpolation_duration: 1 }
$data merge entity $(bone_left_eyebrow) { transformation: [-0.1906880548899222f,-0.10905307561229578f,0.9755744422758301f,-0.6245070612126733f,0.049950175415685326f,0.9914448600254436f,0.12059050337846146f,1.708553706287322f,-0.9803790316496167f,0.07172528305017248f,-0.18360947163240876f,1.7172154250646066f,0f,0f,0f,1f], start_interpolation: 0, interpolation_duration: 1 }
$data merge entity $(bone_right_eyebrow) { transformation: [-0.1906880548899222f,-0.10905307561229578f,0.9755744422758301f,-0.6721790749351538f,0.049950175415685326f,0.9914448600254436f,0.12059050337846146f,1.7210412501412433f,-0.9803790316496167f,0.07172528305017248f,-0.18360947163240876f,1.4721206671522022f,0f,0f,0f,1f], start_interpolation: 0, interpolation_duration: 1 }
$data merge entity $(bone_talking) { transformation: [-0.1906880548899222f,-0.10905307561229578f,0.9755744422758301f,-0.3120623222215393f,0.049950175415685326f,0.9914448600254436f,0.12059050337846146f,1.467449150169198f,-0.9803790316496167f,0.07172528305017248f,-0.18360947163240876f,1.516657591754375f,0f,0f,0f,1f], start_interpolation: 0, interpolation_duration: 1 }
$data merge entity $(bone_m_opened) { transformation: [-0.1906880548899222f,-0.10905307561229578f,0.9755744422758301f,-0.3120623222215393f,0.049950175415685326f,0.9914448600254436f,0.12059050337846146f,1.467449150169198f,-0.9803790316496167f,0.07172528305017248f,-0.18360947163240876f,1.516657591754375f,0f,0f,0f,1f], start_interpolation: 0, interpolation_duration: 1 }
$data merge entity $(bone_head) { transformation: [-0.1906880548899222f,-0.10905307561229578f,0.9755744422758301f,-0.3730357248637787f,0.049950175415685326f,0.9914448600254436f,0.12059050337846146f,1.459912243708044f,-0.9803790316496167f,0.07172528305017248f,-0.18360947163240876f,1.5281331837314005f,0f,0f,0f,1f], start_interpolation: 0, interpolation_duration: 1 }
$data merge entity $(item_display_r_item) { transformation: [-0.1473606353675068f,-0.01594401658720398f,0.411627114606353f,-1.132796015662838f,0.004507156211133277f,0.4370835969420627f,0.018543592615155743f,1.4334213971149643f,-0.41191112959833115f,0.010486544676650176f,-0.147056124298757f,1.4771234202345107f,0f,0f,0f,1f], start_interpolation: 0, interpolation_duration: 1 }
$data merge entity $(bone_rightarm) { transformation: [-0.3368243094114441f,0.9408619762430925f,0.03644346648503788f,-0.5402018472002756f,0.010302071339733205f,0.04238535454892763f,-0.9990482215818577f,1.335031216010312f,-0.941511153367614f,-0.3361282841114446f,-0.023969244975200477f,1.2640470870429579f,0f,0f,0f,1f], start_interpolation: 0, interpolation_duration: 1 }
$data merge entity $(item_display_l_item) { transformation: [-0.24041017790597743f,-0.3623987925975407f,-0.04771070616812281f,-0.23214309640800113f,0f,-0.05710520909627248f,0.43375712685104206f,0.6990624036241739f,-0.3655259174931598f,0.23835343550684487f,0.031379825093012355f,1.8094996291879812f,0f,0f,0f,1f], start_interpolation: 0, interpolation_duration: 1 }
$data merge entity $(bone_leftarm) { transformation: [-0.5495089780708056f,-0.10905304266999519f,0.8283400973658073f,-0.1967587359060222f,0f,0.9914448613738104f,0.1305261922200516f,1.335031216010312f,-0.8354878114129367f,0.07172531449831408f,-0.544807852587074f,1.7862269691760433f,0f,0f,0f,1f], start_interpolation: 0, interpolation_duration: 1 }
$data merge entity $(bone_body) { transformation: [-0.5495089780708056f,-0.03644346648503768f,0.834692612145413f,-0.3457031250000004f,0f,0.9990482215818578f,0.043619387365336f,0.7106260775216509f,-0.8354878114129367f,0.023969244975200393f,-0.5489859672849023f,1.5101562500000003f,0f,0f,0f,1f], start_interpolation: 0, interpolation_duration: 1 }
$data merge entity $(bone_leftleg) { transformation: [-0.5495089780708056f,0.13069908882601688f,0.8252015700419066f,-0.2770145027411497f,0f,0.9876883405951375f,-0.15643446504023187f,0.7874999999999996f,-0.8354878114129367f,-0.08596214301931097f,-0.5427436106928838f,1.6145922264266175f,0f,0f,0f,1f], start_interpolation: 0, interpolation_duration: 1 }
$data merge entity $(bone_rightleg) { transformation: [-0.5495089780708056f,-0.13069908882601688f,0.8252015700419066f,-0.4143917472588511f,0f,0.9876883405951375f,0.15643446504023187f,0.75f,-0.8354878114129367f,0.08596214301931097f,-0.5427436106928838f,1.4057202735733831f,0f,0f,0f,1f], start_interpolation: 0, interpolation_duration: 1 }
data modify entity @s data merge value {"locators":{},"cameras":{"camera":{"posx":-3.316153846153847,"posy":1.375,"posz":2.3749999999999996,"roty":255,"rotx":0}}}