# This file was generated by Animated Java via MC-Build. It is not recommended to edit this file directly.
$data merge entity $(bone_left_eye) { transformation: [-0.17640941980049446f,-0.1100849663256163f,0.978141613875384f,-0.6447841312068305f,0.04994953927129349f,0.9914448727903369f,0.12059066192843482f,1.6580283058909064f,-0.9830487068971906f,0.07013105165930765f,-0.16940152142445797f,1.7265917414438827f,0f,0f,0f,1f], start_interpolation: 0, interpolation_duration: 1 }
$data merge entity $(bone_right_eye) { transformation: [-0.17640941980049446f,-0.1100849663256163f,0.978141613875384f,-0.6888864861569541f,0.04994953927129349f,0.9914448727903369f,0.12059066192843482f,1.67051569070873f,-0.9830487068971906f,0.07013105165930765f,-0.16940152142445797f,1.4808295647195853f,0f,0f,0f,1f], start_interpolation: 0, interpolation_duration: 1 }
$data merge entity $(bone_right_close) { transformation: [-0.17640941980049446f,-0.1100849663256163f,0.978141613875384f,-0.6957667965523051f,0.04994953927129349f,0.9914448727903369f,0.12059066192843482f,1.7324809952581262f,-0.9830487068971906f,0.07013105165930765f,-0.16940152142445797f,1.485212755448292f,0f,0f,0f,1f], start_interpolation: 0, interpolation_duration: 1 }
$data merge entity $(bone_left_close) { transformation: [-0.17640941980049446f,-0.1100849663256163f,0.978141613875384f,-0.6516644416021815f,0.04994953927129349f,0.9914448727903369f,0.12059066192843482f,1.7199936104403026f,-0.9830487068971906f,0.07013105165930765f,-0.16940152142445797f,1.7309749321725894f,0f,0f,0f,1f], start_interpolation: 0, interpolation_duration: 1 }
$data merge entity $(bone_left_eyebrow) { transformation: [-0.17640941980049446f,-0.1100849663256163f,0.978141613875384f,-0.6489734512949084f,0.04994953927129349f,0.9914448727903369f,0.12059066192843482f,1.6951999517041738f,-0.9830487068971906f,0.07013105165930765f,-0.16940152142445797f,1.729232243476196f,0f,0f,0f,1f], start_interpolation: 0, interpolation_duration: 1 }
$data merge entity $(bone_right_eyebrow) { transformation: [-0.17640941980049446f,-0.1100849663256163f,0.978141613875384f,-0.693075806245032f,0.04994953927129349f,0.9914448727903369f,0.12059066192843482f,1.7076873365219973f,-0.9830487068971906f,0.07013105165930765f,-0.16940152142445797f,1.4834700667518983f,0f,0f,0f,1f], start_interpolation: 0, interpolation_duration: 1 }
$data merge entity $(bone_talking) { transformation: [-0.17640941980049446f,-0.1100849663256163f,0.978141613875384f,-0.3336448127644307f,0.04994953927129349f,0.9914448727903369f,0.12059066192843482f,1.45409536195487f,-0.9830487068971906f,0.07013105165930765f,-0.16940152142445797f,1.533239914721764f,0f,0f,0f,1f], start_interpolation: 0, interpolation_duration: 1 }
$data merge entity $(bone_m_opened) { transformation: [-0.17640941980049446f,-0.1100849663256163f,0.978141613875384f,-0.3336448127644307f,0.04994953927129349f,0.9914448727903369f,0.12059066192843482f,1.45409536195487f,-0.9830487068971906f,0.07013105165930765f,-0.16940152142445797f,1.533239914721764f,0f,0f,0f,1f], start_interpolation: 0, interpolation_duration: 1 }
$data merge entity $(bone_head) { transformation: [-0.17640941980049446f,-0.1100849663256163f,0.978141613875384f,-0.3947786636316422f,0.04994953927129349f,0.9914448727903369f,0.12059066192843482f,1.4465584455843428f,-0.9830487068971906f,0.07013105165930765f,-0.16940152142445797f,1.5438275098107925f,0f,0f,0f,1f], start_interpolation: 0, interpolation_duration: 1 }
$data merge entity $(item_display_r_item) { transformation: [-0.13658830486149479f,-0.016094845451791292f,0.4153201667688993f,-1.1559993151955952f,0.004720055912687345f,0.4370835969420628f,0.01849054775742242f,1.4201433773594534f,-0.4156051083026344f,0.010253547389628977f,-0.13628466061404043f,1.4749600553000377f,0f,0f,0f,1f], start_interpolation: 0, interpolation_duration: 1 }
$data merge entity $(bone_rightarm) { transformation: [-0.31220183968341664f,0.9493032383289127f,0.03678821817552316f,-0.5580862639680843f,0.010788699228999644f,0.0422641091598229f,-0.9990482215818578f,1.3216774178866104f,-0.9499545332631644f,-0.31150779568923526f,-0.023436679747723444f,1.2773380980258002f,0f,0f,0f,1f], start_interpolation: 0, interpolation_duration: 1 }
$data merge entity $(item_display_l_item) { transformation: [-0.23506857865173536f,-0.3658270503465437f,-0.048162044863152405f,-0.25799310190297126f,0f,-0.05710520909627248f,0.43375712685104206f,0.6857086055004724f,-0.36898375754313756f,0.23305753437470839f,0.030682606481990674f,1.8272133236487837f,0f,0f,0f,1f], start_interpolation: 0, interpolation_duration: 1 }
$data merge entity $(bone_leftarm) { transformation: [-0.5372996083468237f,-0.11008467397291997f,0.8361761150778142f,-0.22227400875131947f,0f,0.9914448613738104f,0.1305261922200516f,1.3216774178866104f,-0.8433914458128858f,0.07013167195883595f,-0.5327029357136192f,1.8044577516588538f,0f,0f,0f,1f], start_interpolation: 0, interpolation_duration: 1 }
$data merge entity $(bone_body) { transformation: [-0.5372996083468237f,-0.03678821817552305f,0.8425887240367154f,-0.36718749999999994f,0f,0.9990482215818578f,0.043619387365336f,0.6972722793979494f,-0.8433914458128858f,0.02343667974772342f,-0.5367882181755229f,1.5262499999999999f,0f,0f,0f,1f], start_interpolation: 0, interpolation_duration: 1 }
$data merge entity $(bone_leftleg) { transformation: [-0.5372996083468237f,0.16092667448472855f,0.8278959694971562f,-0.300025048956647f,0f,0.9816271834476639f,-0.19080899537654503f,0.7749999999999999f,-0.8433914458128858f,-0.10252159848486853f,-0.5274279012090254f,1.6316739307266106f,0f,0f,0f,1f], start_interpolation: 0, interpolation_duration: 1 }
$data merge entity $(bone_rightleg) { transformation: [-0.5372996083468237f,-0.16092667448472855f,0.8278959694971562f,-0.4343499510433529f,0f,0.9816271834476639f,0.19080899537654503f,0.75f,-0.8433914458128858f,0.10252159848486853f,-0.5274279012090254f,1.4208260692733892f,0f,0f,0f,1f], start_interpolation: 0, interpolation_duration: 1 }
data modify entity @s data merge value {"locators":{},"cameras":{"camera":{"posx":-3.32548076923077,"posy":1.375,"posz":2.3749999999999996,"roty":255,"rotx":0}}}