# This file was generated by Animated Java via MC-Build. It is not recommended to edit this file directly.
$data merge entity $(bone_left_eye) { transformation: [-0.1620935327551662f,-0.1110938042613764f,0.980501837475935f,-0.6691529847110264f,0.04994826698233909f,0.9914448983188817f,0.12059097902796703f,1.6504832370698064f,-0.9855104551776257f,0.0685213853639694f,-0.15515786310526308f,1.7386267366260184f,0f,0f,0f,1f], start_interpolation: 0, interpolation_duration: 1 }
$data merge entity $(bone_right_eye) { transformation: [-0.1620935327551662f,-0.1110938042613764f,0.980501837475935f,-0.7096763678998178f,0.04994826698233909f,0.9914448983188817f,0.12059097902796703f,1.6629703038153911f,-0.9855104551776257f,0.0685213853639694f,-0.15515786310526308f,1.4922491228316122f,0f,0f,0f,1f], start_interpolation: 0, interpolation_duration: 1 }
$data merge entity $(bone_right_close) { transformation: [-0.1620935327551662f,-0.1110938042613764f,0.980501837475935f,-0.7166197306661539f,0.04994826698233909f,0.9914448983188817f,0.12059097902796703f,1.7249356099603212f,-0.9855104551776257f,0.0685213853639694f,-0.15515786310526308f,1.4965317094168602f,0f,0f,0f,1f], start_interpolation: 0, interpolation_duration: 1 }
$data merge entity $(bone_left_close) { transformation: [-0.1620935327551662f,-0.1110938042613764f,0.980501837475935f,-0.6760963474773625f,0.04994826698233909f,0.9914448983188817f,0.12059097902796703f,1.7124485432147365f,-0.9855104551776257f,0.0685213853639694f,-0.15515786310526308f,1.7429093232112665f,0f,0f,0f,1f], start_interpolation: 0, interpolation_duration: 1 }
$data merge entity $(bone_left_eyebrow) { transformation: [-0.1620935327551662f,-0.1110938042613764f,0.980501837475935f,-0.6733802837356702f,0.04994826698233909f,0.9914448983188817f,0.12059097902796703f,1.6876548838205752f,-0.9855104551776257f,0.0685213853639694f,-0.15515786310526308f,1.7412059859436115f,0f,0f,0f,1f], start_interpolation: 0, interpolation_duration: 1 }
$data merge entity $(bone_right_eyebrow) { transformation: [-0.1620935327551662f,-0.1110938042613764f,0.980501837475935f,-0.7139036669244617f,0.04994826698233909f,0.9914448983188817f,0.12059097902796703f,1.7001419505661601f,-0.9855104551776257f,0.0685213853639694f,-0.15515786310526308f,1.494828372149205f,0f,0f,0f,1f], start_interpolation: 0, interpolation_duration: 1 }
$data merge entity $(bone_talking) { transformation: [-0.1620935327551662f,-0.1110938042613764f,0.980501837475935f,-0.35523440102884835f,0.04994826698233909f,0.9914448983188817f,0.12059097902796703f,1.446550226809118f,-0.9855104551776257f,0.0685213853639694f,-0.15515786310526308f,1.5498207511674282f,0f,0f,0f,1f], start_interpolation: 0, interpolation_duration: 1 }
$data merge entity $(bone_m_opened) { transformation: [-0.1620935327551662f,-0.1110938042613764f,0.980501837475935f,-0.35523440102884835f,0.04994826698233909f,0.9914448983188817f,0.12059097902796703f,1.446550226809118f,-0.9855104551776257f,0.0685213853639694f,-0.15515786310526308f,1.5498207511674282f,0f,0f,0f,1f], start_interpolation: 0, interpolation_duration: 1 }
$data merge entity $(bone_head) { transformation: [-0.1620935327551662f,-0.1110938042613764f,0.980501837475935f,-0.4165157658710943f,0.04994826698233909f,0.9914448983188817f,0.12059097902796703f,1.43901329061987f,-0.9855104551776257f,0.0685213853639694f,-0.15515786310526308f,1.5595181176115072f,0f,0f,0f,1f], start_interpolation: 0, interpolation_duration: 1 }
$data merge entity $(item_display_r_item) { transformation: [-0.12696529664150158f,-0.01624226967480481f,0.4183566087975023f,-1.1782232455077906f,0.004877612130006533f,0.4370835969420627f,0.018449612031086967f,1.4126567020040313f,-0.41864337131817186f,0.0100183811067124f,-0.12666337154582594f,1.4744918311118387f,0f,0f,0f,1f], start_interpolation: 0, interpolation_duration: 1 }
$data merge entity $(bone_rightarm) { transformation: [-0.29020639232343215f,0.9562436772514339f,0.03712518782812549f,-0.5759302987471286f,0.01114882772572922f,0.04217054178534186f,-0.9990482215818577f,1.3141322629221377f,-0.9568991344415356f,-0.2895162778190307f,-0.02289915681534269f,1.2906817628730267f,0f,0f,0f,1f], start_interpolation: 0, interpolation_duration: 1 }
$data merge entity $(item_display_l_item) { transformation: [-0.22967725389636995f,-0.3691779224512926f,-0.04860319554483853f,-0.2838662059600572f,0f,-0.05710520909627248f,0.43375712685104206f,0.6781634505359997f,-0.3723635441911875f,0.22771233315000391f,0.029978897390651123f,1.8448633534880796f,0f,0f,0f,1f], start_interpolation: 0, interpolation_duration: 1 }
$data merge entity $(bone_leftarm) { transformation: [-0.5249765803345599f,-0.11109301838820254f,0.8438352513172402f,-0.2478199360380287f,0f,0.9914448613738104f,0.1305261922200516f,1.3141322629221377f,-0.851116672437f,0.06852319403577412f,-0.5204853329142947f,1.8226296831461517f,0f,0f,0f,1f], start_interpolation: 0, interpolation_duration: 1 }
$data merge entity $(bone_body) { transformation: [-0.5249765803345599f,-0.037125187828125294f,0.8503065979568534f,-0.38867187500000033f,0f,0.9990482215818578f,0.043619387365336f,0.6897271244334767f,-0.851116672437f,0.0228991568153426f,-0.5244769189553673f,1.5423437500000001f,0f,0f,0f,1f], start_interpolation: 0, interpolation_duration: 1 }
$data merge entity $(bone_leftleg) { transformation: [-0.5249765803345599f,0.19145959283434572f,0.8293026072622333f,-0.3230498024581804f,0f,0.974370064785235f,-0.2249510543438657f,0.7624999999999997f,-0.851116672437f,-0.11809403525209634f,-0.5115214645913162f,1.648733334054625f,0f,0f,0f,1f], start_interpolation: 0, interpolation_duration: 1 }
$data merge entity $(bone_rightleg) { transformation: [-0.5249765803345599f,-0.19145959283434572f,0.8293026072622333f,-0.4542939475418203f,0f,0.974370064785235f,0.2249510543438657f,0.75f,-0.851116672437f,0.11809403525209634f,-0.5115214645913162f,1.4359541659453752f,0f,0f,0f,1f], start_interpolation: 0, interpolation_duration: 1 }
data modify entity @s data merge value {"locators":{},"cameras":{"camera":{"posx":-3.334807692307693,"posy":1.375,"posz":2.3749999999999996,"roty":255,"rotx":0}}}