# This file was generated by Animated Java via MC-Build. It is not recommended to edit this file directly.
$data merge entity $(bone_left_eye) { transformation: [-0.14774332317495242f,-0.11207898607229777f,0.9826546755286047f,-0.6934624781245435f,0.049947312765473866f,0.9914449174642033f,0.12059121685225338f,1.6482561772436966f,-0.987763724989296f,0.0668975075425457f,-0.14088132267928755f,1.7506202655918106f,0f,0f,0f,1f], start_interpolation: 0, interpolation_duration: 1 }
$data merge entity $(bone_right_eye) { transformation: [-0.14774332317495242f,-0.11207898607229777f,0.9826546755286047f,-0.7303983089182817f,0.049947312765473866f,0.9914449174642033f,0.12059121685225338f,1.660743005435065f,-0.987763724989296f,0.0668975075425457f,-0.14088132267928755f,1.5036793343444865f,0f,0f,0f,1f], start_interpolation: 0, interpolation_duration: 1 }
$data merge entity $(bone_right_close) { transformation: [-0.14774332317495242f,-0.11207898607229777f,0.9826546755286047f,-0.7374032455478003f,0.049947312765473866f,0.9914449174642033f,0.12059121685225338f,1.7227083127765777f,-0.987763724989296f,0.0668975075425457f,-0.14088132267928755f,1.5078604285658956f,0f,0f,0f,1f], start_interpolation: 0, interpolation_duration: 1 }
$data merge entity $(bone_left_close) { transformation: [-0.14774332317495242f,-0.11207898607229777f,0.9826546755286047f,-0.7004674147540622f,0.049947312765473866f,0.9914449174642033f,0.12059121685225338f,1.7102214845852093f,-0.987763724989296f,0.0668975075425457f,-0.14088132267928755f,1.7548013598132197f,0f,0f,0f,1f], start_interpolation: 0, interpolation_duration: 1 }
$data merge entity $(bone_left_eyebrow) { transformation: [-0.14774332317495242f,-0.11207898607229777f,0.9826546755286047f,-0.6977268560194754f,0.049947312765473866f,0.9914449174642033f,0.12059121685225338f,1.685427824697551f,-0.987763724989296f,0.0668975075425457f,-0.14088132267928755f,1.7531377272073234f,0f,0f,0f,1f], start_interpolation: 0, interpolation_duration: 1 }
$data merge entity $(bone_right_eyebrow) { transformation: [-0.14774332317495242f,-0.11207898607229777f,0.9826546755286047f,-0.7346626868132135f,0.049947312765473866f,0.9914449174642033f,0.12059121685225338f,1.6979146528889195f,-0.987763724989296f,0.0668975075425457f,-0.14088132267928755f,1.5061967959599996f,0f,0f,0f,1f], start_interpolation: 0, interpolation_duration: 1 }
$data merge entity $(bone_talking) { transformation: [-0.14774332317495242f,-0.11207898607229777f,0.9826546755286047f,-0.3768310609006492f,0.049947312765473866f,0.9914449174642033f,0.12059121685225338f,1.4443231172396591f,-0.987763724989296f,0.0668975075425457f,-0.14088132267928755f,1.5664000097452349f,0f,0f,0f,1f], start_interpolation: 0, interpolation_duration: 1 }
$data merge entity $(bone_m_opened) { transformation: [-0.14774332317495242f,-0.11207898607229777f,0.9826546755286047f,-0.3768310609006492f,0.049947312765473866f,0.9914449174642033f,0.12059121685225338f,1.4443231172396591f,-0.987763724989296f,0.0668975075425457f,-0.14088132267928755f,1.5664000097452349f,0f,0f,0f,1f], start_interpolation: 0, interpolation_duration: 1 }
$data merge entity $(bone_head) { transformation: [-0.14774332317495242f,-0.11207898607229777f,0.9826546755286047f,-0.438246978121187f,0.049947312765473866f,0.9914449174642033f,0.12059121685225338f,1.4367861661863932f,-0.987763724989296f,0.0668975075425457f,-0.14088132267928755f,1.5752050924126904f,0f,0f,0f,1f], start_interpolation: 0, interpolation_duration: 1 }
$data merge entity $(item_display_r_item) { transformation: [-0.11946003914226207f,-0.016386258070692477f,0.42055563198531754f,-1.1992102696001699f,0.004939168581310785f,0.4370835969420627f,0.018433228092599736f,1.410452983196965f,-0.4208457599428259f,0.009781095574069478f,-0.11916134653282626f,1.4771037571093935f,0f,0f,0f,1f], start_interpolation: 0, interpolation_duration: 1 }
$data merge entity $(bone_rightarm) { transformation: [-0.27305151803945615f,0.96127001596644f,0.03745430416158302f,-0.593734721600947f,0.011289528185853222f,0.04213309278308534f,-0.9990482215818577f,1.311905138488661f,-0.9619331655836021f,-0.27236879207503145f,-0.022356789883587438f,1.3040786633270502f,0f,0f,0f,1f], start_interpolation: 0, interpolation_duration: 1 }
$data merge entity $(item_display_l_item) { transformation: [-0.22423734409994098f,-0.37245070008121717f,-0.04903406489386627f,-0.3097614802044272f,0f,-0.05710520909627248f,0.43375712685104206f,0.6759363261025231f,-0.3756645624902683f,0.22231896253599742f,0.029268846678902703f,1.862449389496429f,0f,0f,0f,1f], start_interpolation: 0, interpolation_duration: 1 }
$data merge entity $(bone_leftarm) { transformation: [-0.5125425007998651f,-0.11207786261455166f,0.851315885899925f,-0.2733956586010313f,0f,0.9914448613738104f,0.1305261922200516f,1.311905138488661f,-0.8586618571206133f,0.06690022098034915f,-0.5081576286537084f,1.8407423240274337f,0f,0f,0f,1f], start_interpolation: 0, interpolation_duration: 1 }
$data merge entity $(bone_body) { transformation: [-0.5125425007998651f,-0.037454304161582824f,0.857844601296524f,-0.4101562499999999f,0f,0.9990482215818578f,0.043619387365336f,0.6875f,-0.8586618571206133f,0.02235678988358735f,-0.5120546739092231f,1.5584375f,0f,0f,0f,1f], start_interpolation: 0, interpolation_duration: 1 }
$data merge entity $(bone_leftleg) { transformation: [-0.5125425007998651f,0.22223804192591423f,0.8294036638421343f,-0.34608843740001677f,0f,0.9659258262890683f,-0.25881904510252074f,0.75f,-0.8586618571206133f,-0.13265576063147905f,-0.4950780385933751f,1.6657702321400767f,0f,0f,0f,1f], start_interpolation: 0, interpolation_duration: 1 }
$data merge entity $(bone_rightleg) { transformation: [-0.5125425007998651f,-0.22223804192591423f,0.8294036638421343f,-0.474224062599983f,0f,0.9659258262890683f,0.25881904510252074f,0.75f,-0.8586618571206133f,0.13265576063147905f,-0.4950780385933751f,1.4511047678599232f,0f,0f,0f,1f], start_interpolation: 0, interpolation_duration: 1 }
data modify entity @s data merge value {"locators":{},"cameras":{"camera":{"posx":-3.344134615384616,"posy":1.375,"posz":2.3749999999999996,"roty":255,"rotx":0}}}
execute on vehicle unless entity @s[tag=aj.transforms_only] at @s run function animated_java:humanentity/animations/000_mur_1/zzz/frames/zzz/15