# This file was generated by Animated Java via MC-Build. It is not recommended to edit this file directly.
$data merge entity $(bone_left_eye) { transformation: [-0.9990482215818578f,0.006823575527878923f,-0.04308236032464511f,0.19985751166086335f,0f,0.9876883405951378f,0.15643446504023087f,1.6453134688887268f,0.043619387365335875f,0.15628557409255195f,-0.9867482801487086f,-0.594693959860352f,0f,0f,0f,1f], start_interpolation: 0, interpolation_duration: 1 }
$data merge entity $(bone_right_eye) { transformation: [-0.9990482215818578f,0.006823575527878923f,-0.04308236032464511f,-0.04990454373460111f,0f,0.9876883405951378f,0.15643446504023087f,1.6453134688887268f,0.043619387365335875f,0.15628557409255195f,-0.9867482801487086f,-0.583789113019018f,0f,0f,0f,1f], start_interpolation: 0, interpolation_duration: 1 }
$data merge entity $(bone_right_close) { transformation: [-0.9990482215818578f,0.006823575527878923f,-0.04308236032464511f,-0.04947807026410869f,0f,0.9876883405951378f,0.15643446504023087f,1.707043990175923f,0.043619387365335875f,0.15628557409255195f,-0.9867482801487086f,-0.5740212646382334f,0f,0f,0f,1f], start_interpolation: 0, interpolation_duration: 1 }
$data merge entity $(bone_left_close) { transformation: [-0.9990482215818578f,0.006823575527878923f,-0.04308236032464511f,0.20028398513135576f,0f,0.9876883405951378f,0.15643446504023087f,1.707043990175923f,0.043619387365335875f,0.15628557409255195f,-0.9867482801487086f,-0.5849261114795674f,0f,0f,0f,1f], start_interpolation: 0, interpolation_duration: 1 }
$data merge entity $(bone_left_eyebrow) { transformation: [-0.9990482215818578f,0.006823575527878923f,-0.04308236032464511f,0.20011608839067907f,0f,0.9876883405951378f,0.15643446504023087f,1.6823420045069795f,0.043619387365335875f,0.15628557409255195f,-0.9867482801487086f,-0.5887715790643719f,0f,0f,0f,1f], start_interpolation: 0, interpolation_duration: 1 }
$data merge entity $(bone_right_eyebrow) { transformation: [-0.9990482215818578f,0.006823575527878923f,-0.04308236032464511f,-0.04964596700478538f,0f,0.9876883405951378f,0.15643446504023087f,1.6823420045069795f,0.043619387365335875f,0.15628557409255195f,-0.9867482801487086f,-0.577866732223038f,0f,0f,0f,1f], start_interpolation: 0, interpolation_duration: 1 }
$data merge entity $(bone_talking) { transformation: [-0.9990482215818578f,0.006823575527878923f,-0.04308236032464511f,0.05980735247970978f,0f,0.9876883405951378f,0.15643446504023087f,1.4472771540650144f,0.043619387365335875f,0.15628557409255195f,-0.9867482801487086f,-0.9366717675092944f,0f,0f,0f,1f], start_interpolation: 0, interpolation_duration: 1 }
$data merge entity $(bone_m_opened) { transformation: [-0.9990482215818578f,0.006823575527878923f,-0.04308236032464511f,0.05980735247970978f,0f,0.9876883405951378f,0.15643446504023087f,1.4472771540650144f,0.043619387365335875f,0.15628557409255195f,-0.9867482801487086f,-0.9366717675092944f,0f,0f,0f,1f], start_interpolation: 0, interpolation_duration: 1 }
$data merge entity $(bone_head) { transformation: [-0.9990482215818578f,0.006823575527878923f,-0.04308236032464511f,0.0625000000000001f,0f,0.9876883405951378f,0.15643446504023087f,1.4375f,0.043619387365335875f,0.15628557409255195f,-0.9867482801487086f,-0.8750000000000001f,0f,0f,0f,1f], start_interpolation: 0, interpolation_duration: 1 }
$data merge entity $(item_display_r_item) { transformation: [-0.41860776379829273f,0.05804549651838278f,-0.1131570166703206f,-0.0714652607100488f,-0.08435996865597847f,0.1645664913327958f,0.39649402973913134f,0.7930989550391825f,0.09516924805920836f,0.4011917749211058f,-0.14626764495095151f,-0.5377889415409431f,0f,0f,0f,1f], start_interpolation: 0, interpolation_duration: 1 }
$data merge entity $(bone_rightarm) { transformation: [-0.956817745824669f,-0.25864460953216134f,-0.13267542061344642f,-0.24970256924433043f,-0.19282278549937937f,0.9062720679751575f,-0.37615198018924734f,1.3125f,0.2175297098496191f,-0.3343260456021747f,-0.917009771248242f,-0.8613689414483326f,0f,0f,0f,1f], start_interpolation: 0, interpolation_duration: 1 }
$data merge entity $(item_display_l_item) { transformation: [-0.43654645851187457f,0.0287440397747838f,-0.0026869570457771484f,0.38675366210252193f,-0.0046128605473532425f,-0.02925408786960712f,0.4364964717617864f,0.6805753009489888f,0.028498439927667547f,0.4355734479055662f,0.029493395893761896f,-0.8063149247125944f,0f,0f,0f,1f], start_interpolation: 0, interpolation_duration: 1 }
$data merge entity $(bone_leftarm) { transformation: [-0.9978204765985704f,-0.006141616104633468f,-0.06570066234236296f,0.37470256924433065f,-0.010543681251093126f,0.9977062211697975f,0.06686648655910221f,1.3125f,0.06513929126324011f,0.06741347632859884f,-0.9955964523555798f,-0.8886310585516676f,0f,0f,0f,1f], start_interpolation: 0, interpolation_duration: 1 }
$data merge entity $(bone_body) { transformation: [-0.9990482215818578f,0f,-0.043619387365335875f,0.0625000000000001f,0f,1f,0f,0.6875f,0.043619387365335875f,0f,-0.9990482215818578f,-0.8750000000000001f,0f,0f,0f,1f], start_interpolation: 0, interpolation_duration: 1 }
$data merge entity $(bone_leftleg) { transformation: [-0.9952465390275879f,-0.04345342161151017f,-0.0871557611627618f,0.18738102769773232f,-0.043619410209978775f,0.9990482205844381f,4.023395993387087e-8f,0.75f,0.08707280635503623f,0.003801722941030819f,-0.9961946964806317f,-0.8804524234206671f,0f,0f,0f,1f], start_interpolation: 0, interpolation_duration: 1 }
$data merge entity $(bone_rightleg) { transformation: [-0.9990482205844388f,0.04361941020997806f,1.848544667337748e-8f,-0.06238102769773213f,0.043619410209978775f,0.9990482205844381f,4.023395993387087e-8f,0.75f,-1.671287099686003e-8f,4.1001990360020266e-8f,-0.999999999999999f,-0.8695475765793331f,0f,0f,0f,1f], start_interpolation: 0, interpolation_duration: 1 }
$data merge entity $(text_display_text) { transformation: [-2f,0f,7.347880794884119e-16f,6.888638245203862e-17f,0f,2f,0f,2.7895965346025666f,-7.347880794884119e-16f,0f,-2f,-0.5625f,0f,0f,0f,1f], start_interpolation: 0, interpolation_duration: 1 }
data modify entity @s data merge value {"locators":{},"cameras":{"camera":{"posx":-0.9999999999999996,"posy":1.353125,"posz":-3.25,"roty":342.3684052795172,"rotx":1.2777001230788207}}}