# This file was generated by Animated Java via MC-Build. It is not recommended to edit this file directly.
$data merge entity $(bone_left_eye) { transformation: [-0.1333617296495866f,-0.11303996521712323f,0.984599723404685f,-0.7177119541161752f,0.04994763083777652f,0.991444911082533f,0.12059113757752585f,1.6503305856872408f,-0.9898080032201011f,0.0652606661953442f,-0.12657472974166728f,1.7625733696487667f,0f,0f,0f,1f], start_interpolation: 0, interpolation_duration: 1 }
$data merge entity $(bone_right_eye) { transformation: [-0.1333617296495866f,-0.11303996521712323f,0.984599723404685f,-0.7510523865285719f,0.04994763083777652f,0.991444911082533f,0.12059113757752585f,1.6628174933966848f,-0.9898080032201011f,0.0652606661953442f,-0.12657472974166728f,1.5151213688437413f,0f,0f,0f,1f], start_interpolation: 0, interpolation_duration: 1 }
$data merge entity $(bone_right_close) { transformation: [-0.1333617296495866f,-0.11303996521712323f,0.984599723404685f,-0.7581173843546422f,0.04994763083777652f,0.991444911082533f,0.12059113757752585f,1.7247828003393433f,-0.9898080032201011f,0.0652606661953442f,-0.12657472974166728f,1.5192001604809504f,0f,0f,0f,1f], start_interpolation: 0, interpolation_duration: 1 }
$data merge entity $(bone_left_close) { transformation: [-0.1333617296495866f,-0.11303996521712323f,0.984599723404685f,-0.7247769519422455f,0.04994763083777652f,0.991444911082533f,0.12059113757752585f,1.7122958926298992f,-0.9898080032201011f,0.0652606661953442f,-0.12657472974166728f,1.7666521612859758f,0f,0f,0f,1f], start_interpolation: 0, interpolation_duration: 1 }
$data merge entity $(bone_left_eyebrow) { transformation: [-0.1333617296495866f,-0.11303996521712323f,0.984599723404685f,-0.7220124902945302f,0.04994763083777652f,0.991444911082533f,0.12059113757752585f,1.6875022329067373f,-0.9898080032201011f,0.0652606661953442f,-0.12657472974166728f,1.765028555551701f,0f,0f,0f,1f], start_interpolation: 0, interpolation_duration: 1 }
$data merge entity $(bone_right_eyebrow) { transformation: [-0.1333617296495866f,-0.11303996521712323f,0.984599723404685f,-0.7553529227069268f,0.04994763083777652f,0.991444911082533f,0.12059113757752585f,1.6999891406161813f,-0.9898080032201011f,0.0652606661953442f,-0.12657472974166728f,1.5175765547466757f,0f,0f,0f,1f], start_interpolation: 0, interpolation_duration: 1 }
$data merge entity $(bone_talking) { transformation: [-0.1333617296495866f,-0.11303996521712323f,0.984599723404685f,-0.39843476545412865f,0.04994763083777652f,0.991444911082533f,0.12059113757752585f,1.4463975422643065f,-0.9898080032201011f,0.0652606661953442f,-0.12657472974166728f,1.582977599653147f,0f,0f,0f,1f], start_interpolation: 0, interpolation_duration: 1 }
$data merge entity $(bone_m_opened) { transformation: [-0.1333617296495866f,-0.11303996521712323f,0.984599723404685f,-0.39843476545412865f,0.04994763083777652f,0.991444911082533f,0.12059113757752585f,1.4463975422643065f,-0.9898080032201011f,0.0652606661953442f,-0.12657472974166728f,1.582977599653147f,0f,0f,0f,1f], start_interpolation: 0, interpolation_duration: 1 }
$data merge entity $(bone_head) { transformation: [-0.1333617296495866f,-0.11303996521712323f,0.984599723404685f,-0.45997224816692145f,0.04994763083777652f,0.991444911082533f,0.12059113757752585f,1.438860596165711f,-0.9898080032201011f,0.0652606661953442f,-0.12657472974166728f,1.5908885202620011f,0f,0f,0f,1f], start_interpolation: 0, interpolation_duration: 1 }
$data merge entity $(item_display_r_item) { transformation: [-0.11332666642442324f,-0.01652678018070404f,0.4222442210545766f,-1.2194282782448878f,0.004939168581310785f,0.4370835969420627f,0.018433228092599736f,1.4125274131762826f,-0.4225386624805509f,0.009541740986167255f,-0.113032224998449f,1.4817301887200054f,0f,0f,0f,1f], start_interpolation: 0, interpolation_duration: 1 }
$data merge entity $(bone_rightarm) { transformation: [-0.2590323803986817f,0.9651296481247466f,0.03777549755589516f,-0.6115003109724344f,0.011289528185853222f,0.04213309278308534f,-0.9990482215818577f,1.3139795684679787f,-0.9658026570984021f,-0.2583593714250263f,-0.02180969368266807f,1.3175293698690305f,0f,0f,0f,1f], start_interpolation: 0, interpolation_duration: 1 }
$data merge entity $(item_display_l_item) { transformation: [-0.21874999999999986f,-0.3756446909255518f,-0.049454561765794186f,-0.33567799157145767f,0f,-0.05710520909627248f,0.43375712685104206f,0.6780107560818407f,-0.378886114155692f,0.21687856342552086f,0.02855260454813622f,1.8799711160014019f,0f,0f,0f,1f], start_interpolation: 0, interpolation_duration: 1 }
$data merge entity $(bone_leftarm) { transformation: [-0.49999999999999967f,-0.11303899832181548f,0.8586164364012613f,-0.2990003109724347f,0f,0.9914448613738104f,0.1305261922200516f,1.3139795684679787f,-0.8660254037844389f,0.06526309611002576f,-0.49572243068690486f,1.8587952472343048f,0f,0f,0f,1f], start_interpolation: 0, interpolation_duration: 1 }
$data merge entity $(bone_body) { transformation: [-0.49999999999999967f,-0.03777549755589496f,0.865201139495554f,-0.4316406250000002f,0f,0.9990482215818578f,0.043619387365336f,0.6895744299793176f,-0.8660254037844389f,0.021809693682667986f,-0.49952411079092857f,1.5745312500000002f,0f,0f,0f,1f], start_interpolation: 0, interpolation_duration: 1 }
$data merge entity $(bone_leftleg) { transformation: [-0.49999999999999967f,0.22414386804201344f,0.8365163037378082f,-0.3691406250000003f,0f,0.9659258262890683f,-0.25881904510252074f,0.75f,-0.8660254037844389f,-0.1294095225512603f,-0.4829629131445338f,1.682784425473055f,0f,0f,0f,1f], start_interpolation: 0, interpolation_duration: 1 }
$data merge entity $(bone_rightleg) { transformation: [-0.49999999999999967f,-0.22414386804201344f,0.8365163037378082f,-0.49414062500000017f,0f,0.9659258262890683f,0.25881904510252074f,0.7625000000000002f,-0.8660254037844389f,0.1294095225512603f,-0.4829629131445338f,1.4662780745269453f,0f,0f,0f,1f], start_interpolation: 0, interpolation_duration: 1 }
data modify entity @s data merge value {"locators":{},"cameras":{"camera":{"posx":-3.353461538461539,"posy":1.375,"posz":2.3749999999999996,"roty":255,"rotx":0}}}