# This file was generated by Animated Java via MC-Build. It is not recommended to edit this file directly.
$data merge entity $(bone_left_eye) { transformation: [-0.11895169949798301f,-0.11397625276532408f,0.986336609374364f,-0.7419007781479615f,0.049950175415685326f,0.9914448600254436f,0.12059050337846146f,1.6566644488324243f,-0.9916428153132981f,0.06361213197734703f,-0.11224091723971596f,1.7744871021758333f,0f,0f,0f,1f], start_interpolation: 0, interpolation_duration: 1 }
$data merge entity $(bone_right_eye) { transformation: [-0.11895169949798301f,-0.11397625276532408f,0.986336609374364f,-0.7716387030224573f,0.049950175415685326f,0.9914448600254436f,0.12059050337846146f,1.6691519926863454f,-0.9916428153132981f,0.06361213197734703f,-0.11224091723971596f,1.5265763983475087f,0f,0f,0f,1f], start_interpolation: 0, interpolation_duration: 1 }
$data merge entity $(bone_right_close) { transformation: [-0.11895169949798301f,-0.11397625276532408f,0.986336609374364f,-0.7787622188202901f,0.049950175415685326f,0.9914448600254436f,0.12059050337846146f,1.7311172964379355f,-0.9916428153132981f,0.06361213197734703f,-0.11224091723971596f,1.530552156596093f,0f,0f,0f,1f], start_interpolation: 0, interpolation_duration: 1 }
$data merge entity $(bone_left_close) { transformation: [-0.11895169949798301f,-0.11397625276532408f,0.986336609374364f,-0.7490242939457943f,0.049950175415685326f,0.9914448600254436f,0.12059050337846146f,1.7186297525840144f,-0.9916428153132981f,0.06361213197734703f,-0.11224091723971596f,1.7784628604244175f,0f,0f,0f,1f], start_interpolation: 0, interpolation_duration: 1 }
$data merge entity $(bone_left_eyebrow) { transformation: [-0.11895169949798301f,-0.11397625276532408f,0.986336609374364f,-0.7462365336647472f,0.049950175415685326f,0.9914448600254436f,0.12059050337846146f,1.693836094176917f,-0.9916428153132981f,0.06361213197734703f,-0.11224091723971596f,1.7768795721823112f,0f,0f,0f,1f], start_interpolation: 0, interpolation_duration: 1 }
$data merge entity $(bone_right_eyebrow) { transformation: [-0.11895169949798301f,-0.11397625276532408f,0.986336609374364f,-0.775974458539243f,0.049950175415685326f,0.9914448600254436f,0.12059050337846146f,1.7063236380308384f,-0.9916428153132981f,0.06361213197734703f,-0.11224091723971596f,1.5289688683539868f,0f,0f,0f,1f], start_interpolation: 0, interpolation_duration: 1 }
$data merge entity $(bone_talking) { transformation: [-0.11895169949798301f,-0.11397625276532408f,0.986336609374364f,-0.42004548696438965f,0.049950175415685326f,0.9914448600254436f,0.12059050337846146f,1.452731538058793f,-0.9916428153132981f,0.06361213197734703f,-0.11224091723971596f,1.5995534306299228f,0f,0f,0f,1f], start_interpolation: 0, interpolation_duration: 1 }
$data merge entity $(bone_m_opened) { transformation: [-0.11895169949798301f,-0.11397625276532408f,0.986336609374364f,-0.42004548696438965f,0.049950175415685326f,0.9914448600254436f,0.12059050337846146f,1.452731538058793f,-0.9916428153132981f,0.06361213197734703f,-0.11224091723971596f,1.5995534306299228f,0f,0f,0f,1f], start_interpolation: 0, interpolation_duration: 1 }
$data merge entity $(bone_head) { transformation: [-0.11895169949798301f,-0.11397625276532408f,0.986336609374364f,-0.4816915250502874f,0.049950175415685326f,0.9914448600254436f,0.12059050337846146f,1.4451946315976392f,-0.9916428153132981f,0.06361213197734703f,-0.11224091723971596f,1.6065684879574051f,0f,0f,0f,1f], start_interpolation: 0, interpolation_duration: 1 }
$data merge entity $(item_display_r_item) { transformation: [-0.10716932102035437f,-0.016663806279333938f,0.4238434902087338f,-1.2394796413257416f,0.004939168581310785f,0.4370835969420627f,0.018433228092599736f,1.418861448608211f,-0.4241421828181697f,0.00930036797515274f,-0.10687919306284607f,1.4863762511094452f,0f,0f,0f,1f], start_interpolation: 0, interpolation_duration: 1 }
$data merge entity $(bone_rightarm) { transformation: [-0.24495844804652428f,0.9687851204771059f,0.038088700067049217f,-0.6292278535191693f,0.011289528185853222f,0.04213309278308534f,-0.9990482215818577f,1.320313603899907f,-0.9694678464415307f,-0.24429529842936246f,-0.02125798394320632f,1.331034441598193f,0f,0f,0f,1f], start_interpolation: 0, interpolation_duration: 1 }
$data merge entity $(item_display_l_item) { transformation: [-0.2132163823681683f,-0.3787592193397834f,-0.04986459721033469f,-0.36161480250410305f,0f,-0.05710520909627248f,0.43375712685104206f,0.684344791513769f,-0.3820275177128358f,0.21139228665963397f,0.02783032250945151f,1.8974282309343515f,0f,0f,0f,1f], start_interpolation: 0, interpolation_duration: 1 }
$data merge entity $(bone_leftarm) { transformation: [-0.48735173112724184f,-0.11397622219505091f,0.8657353584909335f,-0.3246330215646432f,0f,0.9914448613738104f,0.1305261922200516f,1.320313603899907f,-0.8732057547721961f,0.06361216573588928f,-0.4831823695077348f,1.8767880383308155f,0f,0f,0f,1f], start_interpolation: 0, interpolation_duration: 1 }
$data merge entity $(bone_body) { transformation: [-0.48735173112724184f,-0.038088700067049015f,0.8723746563802064f,-0.4531250000000006f,0f,0.9990482215818578f,0.043619387365336f,0.6959084654112458f,-0.8732057547721961f,0.02125798394320624f,-0.4868878802675107f,1.5906250000000004f,0f,0f,0f,1f], start_interpolation: 0, interpolation_duration: 1 }
$data merge entity $(bone_leftleg) { transformation: [-0.48735173112724184f,0.2260022796281657f,0.8434519901987031f,-0.3922060336090954f,0f,0.9659258262890683f,-0.25881904510252074f,0.75f,-0.8732057547721961f,-0.12613590967941316f,-0.47074562358248895f,1.6997757193465248f,0f,0f,0f,1f], start_interpolation: 0, interpolation_duration: 1 }
$data merge entity $(bone_rightleg) { transformation: [-0.48735173112724184f,-0.2260022796281657f,0.8434519901987031f,-0.5140439663909059f,0f,0.9659258262890683f,0.25881904510252074f,0.7750000000000004f,-0.8732057547721961f,0.12613590967941316f,-0.47074562358248895f,1.481474280653476f,0f,0f,0f,1f], start_interpolation: 0, interpolation_duration: 1 }
data modify entity @s data merge value {"locators":{},"cameras":{"camera":{"posx":-3.3627884615384622,"posy":1.375,"posz":2.3749999999999996,"roty":255,"rotx":0}}}