# This file was generated by Animated Java via MC-Build. It is not recommended to edit this file directly.
$data merge entity $(bone_left_eye) { transformation: [-0.10451642933255506f,-0.11488822998513304f,0.9878648746718635f,-0.7660284815787247f,0.04995351455157414f,0.9914447930154294f,0.12058967114366881f,1.6668757999755144f,-0.9932678200684439f,0.06195092423423321f,-0.09788319877795987f,1.7863620912904195f,0f,0f,0f,1f], start_interpolation: 0, interpolation_duration: 1 }
$data merge entity $(bone_right_eye) { transformation: [-0.10451642933255506f,-0.11488822998513304f,0.9878648746718635f,-0.7921575889118634f,0.04995351455157414f,0.9914447930154294f,0.12058967114366881f,1.6793641786134077f,-0.9932678200684439f,0.06195092423423321f,-0.09788319877795987f,1.5380451362733083f,0f,0f,0f,1f], start_interpolation: 0, interpolation_duration: 1 }
$data merge entity $(bone_right_close) { transformation: [-0.10451642933255506f,-0.11488822998513304f,0.9878648746718635f,-0.7993381032859341f,0.04995351455157414f,0.9914447930154294f,0.12058967114366881f,1.741329478176872f,-0.9932678200684439f,0.06195092423423321f,-0.09788319877795987f,1.5419170690379478f,0f,0f,0f,1f], start_interpolation: 0, interpolation_duration: 1 }
$data merge entity $(bone_left_close) { transformation: [-0.10451642933255506f,-0.11488822998513304f,0.9878648746718635f,-0.7732089959527955f,0.04995351455157414f,0.9914447930154294f,0.12058967114366881f,1.7288410995389787f,-0.9932678200684439f,0.06195092423423321f,-0.09788319877795987f,1.790234024055059f,0f,0f,0f,1f], start_interpolation: 0, interpolation_duration: 1 }
$data merge entity $(bone_left_eyebrow) { transformation: [-0.10451642933255506f,-0.11488822998513304f,0.9878648746718635f,-0.7703985317578341f,0.04995351455157414f,0.9914447930154294f,0.12058967114366881f,1.7040474428591466f,-0.9932678200684439f,0.06195092423423321f,-0.09788319877795987f,1.7886913686491266f,0f,0f,0f,1f], start_interpolation: 0, interpolation_duration: 1 }
$data merge entity $(bone_right_eyebrow) { transformation: [-0.10451642933255506f,-0.11488822998513304f,0.9878648746718635f,-0.7965276390909728f,0.04995351455157414f,0.9914447930154294f,0.12058967114366881f,1.71653582149704f,-0.9932678200684439f,0.06195092423423321f,-0.09788319877795987f,1.5403744136320157f,0f,0f,0f,1f], start_interpolation: 0, interpolation_duration: 1 }
$data merge entity $(bone_talking) { transformation: [-0.10451642933255506f,-0.11488822998513304f,0.9878648746718635f,-0.4416632044140534f,0.04995351455157414f,0.9914447930154294f,0.12058967114366881f,1.4629430632730003f,-0.9932678200684439f,0.06195092423423321f,-0.09788319877795987f,1.616127383105193f,0f,0f,0f,1f], start_interpolation: 0, interpolation_duration: 1 }
$data merge entity $(bone_m_opened) { transformation: [-0.10451642933255506f,-0.11488822998513304f,0.9878648746718635f,-0.4416632044140534f,0.04995351455157414f,0.9914447930154294f,0.12058967114366881f,1.4629430632730003f,-0.9932678200684439f,0.06195092423423321f,-0.09788319877795987f,1.616127383105193f,0f,0f,0f,1f], start_interpolation: 0, interpolation_duration: 1 }
$data merge entity $(bone_head) { transformation: [-0.10451642933255506f,-0.11488822998513304f,0.9878648746718635f,-0.5034047590810449f,0.04995351455157414f,0.9914447930154294f,0.12058967114366881f,1.455406208826521f,-0.9932678200684439f,0.06195092423423321f,-0.09788319877795987f,1.6222450830288155f,0f,0f,0f,1f], start_interpolation: 0, interpolation_duration: 1 }
$data merge entity $(item_display_r_item) { transformation: [-0.10098930543117074f,-0.016797307380609396f,0.42535310114455616f,-1.2593646619765484f,0.004939168581310785f,0.4370835969420627f,0.018433228092599736f,1.4290730258370925f,-0.4256559817531702f,0.009057027600142391f,-0.1007035523146783f,1.4910443658774282f,0f,0f,0f,1f], start_interpolation: 0, interpolation_duration: 1 }
$data merge entity $(bone_rightarm) { transformation: [-0.23083269812839025f,0.9722356597589855f,0.03839384544139312f,-0.6469181439470084f,0.011289528185853222f,0.04213309278308534f,-0.9990482215818577f,1.3305251811287886f,-0.9729279582929604f,-0.23017954814783612f,-0.02070177737175409f,1.3445944261135614f,0f,0f,0f,1f], start_interpolation: 0, interpolation_duration: 1 }
$data merge entity $(item_display_l_item) { transformation: [-0.20763766176459264f,-0.38179362648857523f,-0.05026408449017018f,-0.38757097115122574f,0f,-0.05710520909627248f,0.43375712685104206f,0.6945563687426506f,-0.3850881086412987f,0.20586129278417867f,0.02710215335160723f,1.9148204458943145f,0f,0f,0f,1f], start_interpolation: 0, interpolation_duration: 1 }
$data merge entity $(bone_leftarm) { transformation: [-0.4746003697476403f,-0.11488933597753204f,0.8726711462596005f,-0.3502929128547332f,0f,0.9914448613738104f,0.1305261922200516f,1.3305251811287886f,-0.8802013911801113f,0.06194777908938806f,-0.4705400977924084f,1.894720295601131f,0f,0f,0f,1f], start_interpolation: 0, interpolation_duration: 1 }
$data merge entity $(bone_body) { transformation: [-0.4746003697476403f,-0.03839384544139292f,0.8793636344923673f,-0.4746093750000002f,0f,0.9990482215818578f,0.043619387365336f,0.7061200426401275f,-0.8802013911801113f,0.020701777371754014f,-0.47414865535847217f,1.60671875f,0f,0f,0f,1f], start_interpolation: 0, interpolation_duration: 1 }
$data merge entity $(bone_leftleg) { transformation: [-0.4746003697476403f,0.22781288356314672f,0.8502092560764365f,-0.4152843287815452f,0f,0.9659258262890683f,-0.25881904510252074f,0.75f,-0.8802013911801113f,-0.12283561450338754f,-0.4584287543055868f,1.716743923897514f,0f,0f,0f,1f], start_interpolation: 0, interpolation_duration: 1 }
$data merge entity $(bone_rightleg) { transformation: [-0.4746003697476403f,-0.22781288356314672f,0.8502092560764365f,-0.5339344212184552f,0f,0.9659258262890683f,0.25881904510252074f,0.7875000000000001f,-0.8802013911801113f,0.12283561450338754f,-0.4584287543055868f,1.496693576102486f,0f,0f,0f,1f], start_interpolation: 0, interpolation_duration: 1 }
data modify entity @s data merge value {"locators":{},"cameras":{"camera":{"posx":-3.3721153846153853,"posy":1.375,"posz":2.3749999999999996,"roty":255,"rotx":0}}}