# This file was generated by Animated Java via MC-Build. It is not recommended to edit this file directly.
$data merge entity $(bone_left_eye) { transformation: [-0.09005891364961421f,-0.11577554051425565f,0.9891842175706623f,-0.790094477162266f,0.04995825146258644f,0.9914446979351423f,0.12058849052498935f,1.6795054366061082f,-0.9946826454618843f,0.060277982339544296f,-0.08350448887348078f,1.798199342205571f,0f,0f,0f,1f], start_interpolation: 0, interpolation_duration: 1 }
$data merge entity $(bone_right_eye) { transformation: [-0.09005891364961421f,-0.11577554051425565f,0.9891842175706623f,-0.8126092055746696f,0.04995825146258644f,0.9914446979351423f,0.12058849052498935f,1.6919949994717547f,-0.9946826454618843f,0.060277982339544296f,-0.08350448887348078f,1.5495286808401f,0f,0f,0f,1f], start_interpolation: 0, interpolation_duration: 1 }
$data merge entity $(bone_right_close) { transformation: [-0.09005891364961421f,-0.11577554051425565f,0.9891842175706623f,-0.8198451768568106f,0.04995825146258644f,0.9914446979351423f,0.12058849052498935f,1.7539602930927012f,-0.9946826454618843f,0.060277982339544296f,-0.08350448887348078f,1.5532960547363217f,0f,0f,0f,1f], start_interpolation: 0, interpolation_duration: 1 }
$data merge entity $(bone_left_close) { transformation: [-0.09005891364961421f,-0.11577554051425565f,0.9891842175706623f,-0.7973304484444069f,0.04995825146258644f,0.9914446979351423f,0.12058849052498935f,1.7414707302270547f,-0.9946826454618843f,0.060277982339544296f,-0.08350448887348078f,1.8019667161017927f,0f,0f,0f,1f], start_interpolation: 0, interpolation_duration: 1 }
$data merge entity $(bone_left_eyebrow) { transformation: [-0.09005891364961421f,-0.11577554051425565f,0.9891842175706623f,-0.7944978839451489f,0.04995825146258644f,0.9914446979351423f,0.12058849052498935f,1.716677075998018f,-0.9946826454618843f,0.060277982339544296f,-0.08350448887348078f,1.8004649855738586f,0f,0f,0f,1f], start_interpolation: 0, interpolation_duration: 1 }
$data merge entity $(bone_right_eyebrow) { transformation: [-0.09005891364961421f,-0.11577554051425565f,0.9891842175706623f,-0.8170126123575524f,0.04995825146258644f,0.9914446979351423f,0.12058849052498935f,1.7291666388636648f,-0.9946826454618843f,0.060277982339544296f,-0.08350448887348078f,1.5517943242083876f,0f,0f,0f,1f], start_interpolation: 0, interpolation_duration: 1 }
$data merge entity $(bone_talking) { transformation: [-0.09005891364961421f,-0.11577554051425565f,0.9891842175706623f,-0.4632878882490719f,0.04995825146258644f,0.9914446979351423f,0.12058849052498935f,1.4755729468442051f,-0.9946826454618843f,0.060277982339544296f,-0.08350448887348078f,1.6326993631649869f,0f,0f,0f,1f], start_interpolation: 0, interpolation_duration: 1 }
$data merge entity $(bone_m_opened) { transformation: [-0.09005891364961421f,-0.11577554051425565f,0.9891842175706623f,-0.4632878882490719f,0.04995825146258644f,0.9914446979351423f,0.12058849052498935f,1.4755729468442051f,-0.9946826454618843f,0.060277982339544296f,-0.08350448887348078f,1.6326993631649869f,0f,0f,0f,1f], start_interpolation: 0, interpolation_duration: 1 }
$data merge entity $(bone_head) { transformation: [-0.09005891364961421f,-0.11577554051425565f,0.9891842175706623f,-0.5251119018472383f,0.04995825146258644f,0.9914446979351423f,0.12058849052498935f,1.4680361661863932f,-0.9946826454618843f,0.060277982339544296f,-0.08350448887348078f,1.6379183937195794f,0f,0f,0f,1f], start_interpolation: 0, interpolation_duration: 1 }
$data merge entity $(item_display_r_item) { transformation: [-0.09478792695355047f,-0.016927255244221995f,0.4267727345247647f,-1.2790836785185644f,0.004939168581310785f,0.4370835969420627f,0.018433228092599736f,1.441702983196965f,-0.42707973906236035f,0.008811771336421236f,-0.09450660912518684f,1.495736949958795f,0f,0f,0f,1f], start_interpolation: 0, interpolation_duration: 1 }
$data merge entity $(bone_rightarm) { transformation: [-0.2166581187509725f,0.975480536056605f,0.03869086912965049f,-0.66457198484198f,0.011289528185853222f,0.04213309278308534f,-0.9990482215818577f,1.343155138488661f,-0.9761822607139665f,-0.21601510657185563f,-0.02014119162610573f,1.358209859398122f,0f,0f,0f,1f], start_interpolation: 0, interpolation_duration: 1 }
$data merge entity $(item_display_l_item) { transformation: [-0.20201501829032728f,-0.38474727048513446f,-0.05065293909930123f,-0.4135455515668347f,0f,-0.05710520909627248f,0.43375712685104206f,0.7071863261025231f,-0.38806723951547206f,0.20028675180428132f,0.026368251108700457f,1.9321474862090187f,0f,0f,0f,1f], start_interpolation: 0, interpolation_duration: 1 }
$data merge entity $(bone_leftarm) { transformation: [-0.4617486132350338f,-0.11577814651268871f,0.8794223325374502f,-0.3759791015700839f,0f,0.9914448613738104f,0.1305261922200516f,1.343155138488661f,-0.8870108331782218f,0.06027028824845829f,-0.4577982898383573f,1.9125916301345105f,0f,0f,0f,1f], start_interpolation: 0, interpolation_duration: 1 }
$data merge entity $(bone_body) { transformation: [-0.4617486132350338f,-0.038690869129650286f,0.8861665954105444f,-0.49609375000000056f,0f,0.9990482215818578f,0.043619387365336f,0.71875f,-0.8870108331782218f,0.020141191626105653f,-0.4613091308703496f,1.6228125000000002f,0f,0f,0f,1f], start_interpolation: 0, interpolation_duration: 1 }
$data merge entity $(bone_leftleg) { transformation: [-0.4617486132350338f,0.2295752968387787f,0.8567866719650289f,-0.4383751733456213f,0f,0.9659258262890683f,-0.25881904510252074f,0.75f,-0.8870108331782218f,-0.11950933515490461f,-0.44601491077688143f,1.733688854147278f,0f,0f,0f,1f], start_interpolation: 0, interpolation_duration: 1 }
$data merge entity $(bone_rightleg) { transformation: [-0.4617486132350338f,-0.2295752968387787f,0.8567866719650289f,-0.5538123266543797f,0f,0.9659258262890683f,0.25881904510252074f,0.8000000000000003f,-0.8870108331782218f,0.11950933515490461f,-0.44601491077688143f,1.5119361458527225f,0f,0f,0f,1f], start_interpolation: 0, interpolation_duration: 1 }
data modify entity @s data merge value {"locators":{},"cameras":{"camera":{"posx":-3.3814423076923084,"posy":1.375,"posz":2.3749999999999996,"roty":255,"rotx":0}}}