# This file was generated by Animated Java via MC-Build. It is not recommended to edit this file directly.
$data merge entity $(bone_left_eye) { transformation: [-0.07558225989779438f,-0.1166382010888892f,0.9902943259634936f,-0.8140982555013025f,0.04996392022079674f,0.9914445841203624f,0.12058707764338344f,1.692135010137911f,-0.995887005972521f,0.058593230540305394f,-0.06910792045734337f,1.8099996724637843f,0f,0f,0f,1f], start_interpolation: 0, interpolation_duration: 1 }
$data merge entity $(bone_right_eye) { transformation: [-0.07558225989779438f,-0.1166382010888892f,0.9902943259634936f,-0.8329938204757512f,0.04996392022079674f,0.9914445841203624f,0.12058707764338344f,1.7046259901931102f,-0.995887005972521f,0.058593230540305394f,-0.06910792045734337f,1.561027920970654f,0f,0f,0f,1f], start_interpolation: 0, interpolation_duration: 1 }
$data merge entity $(bone_right_close) { transformation: [-0.07558225989779438f,-0.1166382010888892f,0.9902943259634936f,-0.8402837080438068f,0.04996392022079674f,0.9914445841203624f,0.12058707764338344f,1.7665912767006327f,-0.995887005972521f,0.058593230540305394f,-0.06910792045734337f,1.5646899978794229f,0f,0f,0f,1f], start_interpolation: 0, interpolation_duration: 1 }
$data merge entity $(bone_left_close) { transformation: [-0.07558225989779438f,-0.1166382010888892f,0.9902943259634936f,-0.8213881430693581f,0.04996392022079674f,0.9914445841203624f,0.12058707764338344f,1.7541002966454333f,-0.995887005972521f,0.058593230540305394f,-0.06910792045734337f,1.8136617493725533f,0f,0f,0f,1f], start_interpolation: 0, interpolation_duration: 1 }
$data merge entity $(bone_left_eyebrow) { transformation: [-0.07558225989779438f,-0.1166382010888892f,0.9902943259634936f,-0.8185340814375087f,0.04996392022079674f,0.9914445841203624f,0.12058707764338344f,1.7293066453500718f,-0.995887005972521f,0.058593230540305394f,-0.06910792045734337f,1.8122012378540742f,0f,0f,0f,1f], start_interpolation: 0, interpolation_duration: 1 }
$data merge entity $(bone_right_eyebrow) { transformation: [-0.07558225989779438f,-0.1166382010888892f,0.9902943259634936f,-0.8374296464119573f,0.04996392022079674f,0.9914445841203624f,0.12058707764338344f,1.741797625405271f,-0.995887005972521f,0.058593230540305394f,-0.06910792045734337f,1.563229486360944f,0f,0f,0f,1f], start_interpolation: 0, interpolation_duration: 1 }
$data merge entity $(bone_talking) { transformation: [-0.07558225989779438f,-0.1166382010888892f,0.9902943259634936f,-0.48491951085271284f,0.04996392022079674f,0.9914445841203624f,0.12058707764338344f,1.488202815898977f,-0.995887005972521f,0.058593230540305394f,-0.06910792045734337f,1.6492692639392228f,0f,0f,0f,1f], start_interpolation: 0, interpolation_duration: 1 }
$data merge entity $(bone_m_opened) { transformation: [-0.07558225989779438f,-0.1166382010888892f,0.9902943259634936f,-0.48491951085271284f,0.04996392022079674f,0.9914445841203624f,0.12058707764338344f,1.488202815898977f,-0.995887005972521f,0.058593230540305394f,-0.06910792045734337f,1.6492692639392228f,0f,0f,0f,1f], start_interpolation: 0, interpolation_duration: 1 }
$data merge entity $(bone_head) { transformation: [-0.07558225989779438f,-0.1166382010888892f,0.9902943259634936f,-0.5468129062254312f,0.04996392022079674f,0.9914445841203624f,0.12058707764338344f,1.4806661235462657f,-0.995887005972521f,0.058593230540305394f,-0.06910792045734337f,1.6535885089678068f,0f,0f,0f,1f], start_interpolation: 0, interpolation_duration: 1 }
$data merge entity $(item_display_r_item) { transformation: [-0.08856649740319553f,-0.017053622381501515f,0.4281020900455858f,-1.2986370643889122f,0.004939168581310785f,0.4370835969420627f,0.018433228092599736f,1.4543329405568375f,-0.4284131535696064f,0.008564651064554034f,-0.08828967437184984f,1.5004564151122404f,0f,0f,0f,1f], start_interpolation: 0, interpolation_duration: 1 }
$data merge entity $(bone_rightarm) { transformation: [-0.2024377083501612f,0.978519062961339f,0.03897970830057511f,-0.6821901865005037f,0.011289528185853222f,0.04213309278308534f,-0.9990482215818577f,1.3557850958485336f,-0.9792300653019574f,-0.20180496999279965f,-0.01957634529040926f,1.3718812657054393f,0f,0f,0f,1f], start_interpolation: 0, interpolation_duration: 1 }
$data merge entity $(item_display_l_item) { transformation: [-0.19634964133770216f,-0.38761952652699405f,-0.05103107878092252f,-0.43953759391018093f,0f,-0.05710520909627248f,0.43375712685104206f,0.7198162834623956f,-0.39096428014149287f,0.1946698429368555f,0.025628771027583062f,1.9494090909929835f,0f,0f,0f,1f], start_interpolation: 0, interpolation_duration: 1 }
$data merge entity $(bone_leftarm) { transformation: [-0.44879918020046206f,-0.11664246578496595f,0.8859874892045578f,-0.4016906988752149f,0f,0.9914448613738104f,0.1305261922200516f,1.3557850958485336f,-0.8936326403234123f,0.05858004806304709f,-0.44495964099852686f,1.930401665907572f,0f,0f,0f,1f], start_interpolation: 0, interpolation_duration: 1 }
$data merge entity $(bone_body) { transformation: [-0.44879918020046206f,-0.0389797083005749f,0.892782100062605f,-0.517578125f,0f,0.9990482215818578f,0.043619387365336f,0.7313799573598724f,-0.8936326403234123f,0.019576345290409188f,-0.4483720228266673f,1.63890625f,0f,0f,0f,1f], start_interpolation: 0, interpolation_duration: 1 }
$data merge entity $(bone_leftleg) { transformation: [-0.44879918020046206f,0.23128914664094993f,0.8631828465032738f,-0.46147822747494227f,0f,0.9659258262890683f,-0.25881904510252074f,0.75f,-0.8936326403234123f,-0.11615777526227772f,-0.43350671897298776f,1.7506103300404265f,0f,0f,0f,1f], start_interpolation: 0, interpolation_duration: 1 }
$data merge entity $(bone_rightleg) { transformation: [-0.44879918020046206f,-0.23128914664094993f,0.8631828465032738f,-0.5736780225250577f,0f,0.9659258262890683f,0.25881904510252074f,0.8125f,-0.8936326403234123f,0.11615777526227772f,-0.43350671897298776f,1.5272021699595735f,0f,0f,0f,1f], start_interpolation: 0, interpolation_duration: 1 }
data modify entity @s data merge value {"locators":{},"cameras":{"camera":{"posx":-3.3907692307692314,"posy":1.375,"posz":2.3749999999999996,"roty":255,"rotx":0}}}