# This file was generated by Animated Java via MC-Build. It is not recommended to edit this file directly.
$data merge entity $(bone_left_eye) { transformation: [-0.061089578561182745f,-0.11747620801364426f,0.9911949374073458f,-0.8380393154257815f,0.04997005489924644f,0.9914444609139028f,0.12058554862215887f,1.702346171985678f,-0.9968806633717916f,0.05689658578399691f,-0.05469663172025235f,1.8217639056850976f,0f,0f,0f,1f], start_interpolation: 0, interpolation_duration: 1 }
$data merge entity $(bone_right_eye) { transformation: [-0.061089578561182745f,-0.11747620801364426f,0.9911949374073458f,-0.8533117100660772f,0.04997005489924644f,0.9914444609139028f,0.12058554862215887f,1.7148386857104896f,-0.9968806633717916f,0.05689658578399691f,-0.05469663172025235f,1.5725437398421496f,0f,0f,0f,1f], start_interpolation: 0, interpolation_duration: 1 }
$data merge entity $(bone_right_close) { transformation: [-0.061089578561182745f,-0.11747620801364426f,0.9911949374073458f,-0.8606539730669299f,0.04997005489924644f,0.9914444609139028f,0.12058554862215887f,1.7768039645176086f,-0.9968806633717916f,0.05689658578399691f,-0.05469663172025235f,1.5760997764536493f,0f,0f,0f,1f], start_interpolation: 0, interpolation_duration: 1 }
$data merge entity $(bone_left_close) { transformation: [-0.061089578561182745f,-0.11747620801364426f,0.9911949374073458f,-0.8453815784266342f,0.04997005489924644f,0.9914444609139028f,0.12058554862215887f,1.764311450792797f,-0.9968806633717916f,0.05689658578399691f,-0.05469663172025235f,1.8253199422965973f,0f,0f,0f,1f], start_interpolation: 0, interpolation_duration: 1 }
$data merge entity $(bone_left_eyebrow) { transformation: [-0.061089578561182745f,-0.11747620801364426f,0.9911949374073458f,-0.8425066229098811f,0.04997005489924644f,0.9914444609139028f,0.12058554862215887f,1.7395178026731608f,-0.9968806633717916f,0.05689658578399691f,-0.05469663172025235f,1.82390094619148f,0f,0f,0f,1f], start_interpolation: 0, interpolation_duration: 1 }
$data merge entity $(bone_right_eyebrow) { transformation: [-0.061089578561182745f,-0.11747620801364426f,0.9911949374073458f,-0.8577790175501768f,0.04997005489924644f,0.9914444609139028f,0.12058554862215887f,1.7520103163979723f,-0.9968806633717916f,0.05689658578399691f,-0.05469663172025235f,1.574680780348532f,0f,0f,0f,1f], start_interpolation: 0, interpolation_duration: 1 }
$data merge entity $(bone_talking) { transformation: [-0.061089578561182745f,-0.11747620801364426f,0.9911949374073458f,-0.5065580428027227f,0.04997005489924644f,0.9914444609139028f,0.12058554862215887f,1.4984142975640329f,-0.9968806633717916f,0.05689658578399691f,-0.05469663172025235f,1.6658369789050456f,0f,0f,0f,1f], start_interpolation: 0, interpolation_duration: 1 }
$data merge entity $(bone_m_opened) { transformation: [-0.061089578561182745f,-0.11747620801364426f,0.9911949374073458f,-0.5065580428027227f,0.04997005489924644f,0.9914444609139028f,0.12058554862215887f,1.4984142975640329f,-0.9968806633717916f,0.05689658578399691f,-0.05469663172025235f,1.6658369789050456f,0f,0f,0f,1f], start_interpolation: 0, interpolation_duration: 1 }
$data merge entity $(bone_head) { transformation: [-0.061089578561182745f,-0.11747620801364426f,0.9911949374073458f,-0.5685077263906818f,0.04997005489924644f,0.9914444609139028f,0.12058554862215887f,1.490877700775148f,-0.9968806633717916f,0.05689658578399691f,-0.05469663172025235f,1.6692555183875613f,0f,0f,0f,1f], start_interpolation: 0, interpolation_duration: 1 }
$data merge entity $(item_display_r_item) { transformation: [-0.08232633283733409f,-0.01717638206123078f,0.4293408865002762f,-1.318025228061592f,0.004939168581310785f,0.4370835969420627f,0.018433228092599736f,1.4645445177857195f,-0.4296559432095428f,0.008315719059410634f,-0.08205406316108348f,1.5052051674101428f,0f,0f,0f,1f], start_interpolation: 0, interpolation_duration: 1 }
$data merge entity $(bone_rightarm) { transformation: [-0.18817447505676366f,0.981350597714917f,0.039260301854242f,-0.6997735667579887f,0.011289528185853222f,0.04213309278308534f,-0.9990482215818577f,1.3659966730774156f,-0.9820707273360978f,-0.18755214436819082f,-0.019007357850081494f,1.3856091574487632f,0f,0f,0f,1f], start_interpolation: 0, interpolation_duration: 1 }
$data merge entity $(item_display_l_item) { transformation: [-0.19064272933872203f,-0.39040978702818113f,-0.051398423544823255f,-0.46554614464669f,0f,-0.05710520909627248f,0.43375712685104206f,0.7300278606912776f,-0.39377861769055306f,0.1890117543611541f,0.02488386953502126f,1.9666050132027098f,0f,0f,0f,1f], start_interpolation: 0, interpolation_duration: 1 }
$data merge entity $(bone_leftarm) { transformation: [-0.43575480991707893f,-0.11748211095959621f,0.8923652274929854f,-0.4274268105598144f,0f,0.9914448613738104f,0.1305261922200516f,1.3659966730774156f,-0.9000654118641213f,0.05687741608004869f,-0.4320268671112094f,1.948150039863839f,0f,0f,0f,1f], start_interpolation: 0, interpolation_duration: 1 }
$data merge entity $(bone_body) { transformation: [-0.43575480991707893f,-0.03926030185424179f,0.8992087490301928f,-0.5390625000000004f,0f,0.9990482215818578f,0.043619387365336f,0.7415915345887545f,-0.9000654118641213f,0.019007357850081424f,-0.4353400678933982f,1.6550000000000002f,0f,0f,0f,1f], start_interpolation: 0, interpolation_duration: 1 }
$data merge entity $(bone_leftleg) { transformation: [-0.43575480991707893f,0.2329540704284789f,0.8693964266690619f,-0.4845931487603656f,0f,0.9659258262890683f,-0.25881904510252074f,0.75f,-0.9000654118641213f,-0.1127816438015688f,-0.4209068248285904f,1.7675081764830154f,0f,0f,0f,1f], start_interpolation: 0, interpolation_duration: 1 }
$data merge entity $(bone_rightleg) { transformation: [-0.43575480991707893f,-0.2329540704284789f,0.8693964266690619f,-0.5935318512396353f,0f,0.9659258262890683f,0.25881904510252074f,0.8125f,-0.9000654118641213f,0.1127816438015688f,-0.4209068248285904f,1.542491823516985f,0f,0f,0f,1f], start_interpolation: 0, interpolation_duration: 1 }
data modify entity @s data merge value {"locators":{},"cameras":{"camera":{"posx":-3.4000961538461545,"posy":1.375,"posz":2.3749999999999996,"roty":255,"rotx":0}}}