# This file was generated by Animated Java via MC-Build. It is not recommended to edit this file directly.
$data merge entity $(bone_left_eye) { transformation: [-0.04658398241288714f,-0.11828953686460306f,0.9918858392228984f,-0.8619171640464943f,0.049976189572401866f,0.9914443376689406f,0.12058401958808287f,1.7086797920307402f,-0.9976634267418942f,0.055187958582950974f,-0.04027376527054943f,1.8334928715560117f,0f,0f,0f,1f], start_interpolation: 0, interpolation_duration: 1 }
$data merge entity $(bone_right_eye) { transformation: [-0.04658398241288714f,-0.11828953686460306f,0.9918858392228984f,-0.8735631596497161f,0.049976189572401866f,0.9914443376689406f,0.12058401958808287f,1.7211738394238405f,-0.9976634267418942f,0.055187958582950974f,-0.04027376527054943f,1.584077014870538f,0f,0f,0f,1f], start_interpolation: 0, interpolation_duration: 1 }
$data merge entity $(bone_right_close) { transformation: [-0.04658398241288714f,-0.11828953686460306f,0.9918858392228984f,-0.8809562557037538f,0.049976189572401866f,0.9914443376689406f,0.12058401958808287f,1.783139110528149f,-0.9976634267418942f,0.055187958582950974f,-0.04027376527054943f,1.5875262622819726f,0f,0f,0f,1f], start_interpolation: 0, interpolation_duration: 1 }
$data merge entity $(bone_left_close) { transformation: [-0.04658398241288714f,-0.11828953686460306f,0.9918858392228984f,-0.869310260100532f,0.049976189572401866f,0.9914443376689406f,0.12058401958808287f,1.7706450631350488f,-0.9976634267418942f,0.055187958582950974f,-0.04027376527054943f,1.8369421189674462f,0f,0f,0f,1f], start_interpolation: 0, interpolation_duration: 1 }
$data merge entity $(bone_left_eyebrow) { transformation: [-0.04658398241288714f,-0.11828953686460306f,0.9918858392228984f,-0.8664150145438683f,0.049976189572401866f,0.9914443376689406f,0.12058401958808287f,1.7458514181921012f,-0.9976634267418942f,0.055187958582950974f,-0.04027376527054943f,1.835564937113202f,0f,0f,0f,1f], start_interpolation: 0, interpolation_duration: 1 }
$data merge entity $(bone_right_eyebrow) { transformation: [-0.04658398241288714f,-0.11828953686460306f,0.9918858392228984f,-0.87806101014709f,0.049976189572401866f,0.9914443376689406f,0.12058401958808287f,1.7583454655852016f,-0.9976634267418942f,0.055187958582950974f,-0.04027376527054943f,1.5861490804277283f,0f,0f,0f,1f], start_interpolation: 0, interpolation_duration: 1 }
$data merge entity $(bone_talking) { transformation: [-0.04658398241288714f,-0.11828953686460306f,0.9918858392228984f,-0.5282034528747986f,0.049976189572401866f,0.9914443376689406f,0.12058401958808287f,1.504748237431331f,-0.9976634267418942f,0.055187958582950974f,-0.04027376527054943f,1.6824024019204906f,0f,0f,0f,1f], start_interpolation: 0, interpolation_duration: 1 }
$data merge entity $(bone_m_opened) { transformation: [-0.04658398241288714f,-0.11828953686460306f,0.9918858392228984f,-0.5282034528747986f,0.049976189572401866f,0.9914443376689406f,0.12058401958808287f,1.504748237431331f,-0.9976634267418942f,0.055187958582950974f,-0.04027376527054943f,1.6824024019204906f,0f,0f,0f,1f], start_interpolation: 0, interpolation_duration: 1 }
$data merge entity $(bone_head) { transformation: [-0.04658398241288714f,-0.11828953686460306f,0.9918858392228984f,-0.5901963178262298f,0.049976189572401866f,0.9914443376689406f,0.12058401958808287f,1.4972117362070758f,-0.9976634267418942f,0.055187958582950974f,-0.04027376527054943f,1.6849195122498999f,0f,0f,0f,1f], start_interpolation: 0, interpolation_duration: 1 }
$data merge entity $(item_display_r_item) { transformation: [-0.07606875327632776f,-0.01729550831530028f,0.4304888618386084f,-1.3372486129610675f,0.004939168581310785f,0.4370835969420627f,0.018433228092599736f,1.4708785532176476f,-0.43080784508723907f,0.008065027979107983f,-0.07580109455005012f,1.5099856067295898f,0f,0f,0f,1f], start_interpolation: 0, interpolation_duration: 1 }
$data merge entity $(bone_rightarm) { transformation: [-0.17387143606017774f,0.9839745413453906f,0.039532590434972294f,-0.7173229508158268f,0.011289528185853222f,0.04213309278308534f,-0.9990482215818577f,1.3723307085093437f,-0.9847036459136893f,-0.17325964468582883f,-0.01843434966653257f,1.3993940350926302f,0f,0f,0f,1f], start_interpolation: 0, interpolation_duration: 1 }
$data merge entity $(item_display_l_item) { transformation: [-0.1848954895115558f,-0.39311746174774354f,-0.0517548956843079f,-0.4915702467496624f,0f,-0.05710520909627248f,0.43375712685104206f,0.7363618961232057f,-0.39650965682853445f,0.18331368296742725f,0.024133704204605824f,1.983735019688936f,0f,0f,0f,1f], start_interpolation: 0, interpolation_duration: 1 }
$data merge entity $(bone_leftarm) { transformation: [-0.42261826174069894f,-0.1182969044212754f,0.8985541982805566f,-0.45318653722788993f,0f,0.9914448613738104f,0.1305261922200516f,1.3723307085093437f,-0.9063077870366502f,0.05516275246767055f,-0.419002703925548f,1.9658364019905366f,0f,0f,0f,1f], start_interpolation: 0, interpolation_duration: 1 }
$data merge entity $(bone_body) { transformation: [-0.42261826174069894f,-0.039532590434972086f,0.9054451828447545f,-0.5605468750000008f,0f,0.9990482215818578f,0.043619387365336f,0.7479255700206826f,-0.9063077870366502f,0.018434349666532505f,-0.4222160228000614f,1.6710937500000005f,0f,0f,0f,1f], start_interpolation: 0, interpolation_duration: 1 }
$data merge entity $(bone_leftleg) { transformation: [-0.42261826174069894f,0.23456971600980453f,0.8754260980655932f,-0.5077195922824134f,0f,0.9659258262890683f,-0.25881904510252074f,0.75f,-0.9063077870366502f,-0.10938165494661488f,-0.4082178936767344f,1.7843822233795819f,0f,0f,0f,1f], start_interpolation: 0, interpolation_duration: 1 }
$data merge entity $(bone_rightleg) { transformation: [-0.42261826174069894f,-0.23456971600980453f,0.8754260980655932f,-0.6133741577175882f,0f,0.9659258262890683f,0.25881904510252074f,0.8125f,-0.9063077870366502f,0.10938165494661488f,-0.4082178936767344f,1.5578052766204191f,0f,0f,0f,1f], start_interpolation: 0, interpolation_duration: 1 }
data modify entity @s data merge value {"locators":{},"cameras":{"camera":{"posx":-3.4094230769230776,"posy":1.375,"posz":2.3749999999999996,"roty":255,"rotx":0}}}
execute on vehicle unless entity @s[tag=aj.transforms_only] at @s run function animated_java:humanentity/animations/000_mur_1/zzz/frames/zzz/16