# This file was generated by Animated Java via MC-Build. It is not recommended to edit this file directly.
$data merge entity $(bone_left_eye) { transformation: [-0.03206858576781574f,-0.11907814221872053f,0.9923668685786473f,-0.8857313168112821f,0.049981858316307214f,0.9914442237501281f,0.1205826066717528f,1.7107538381664487f,-0.9982351524796652f,0.05346725388725531f,-0.025842467290391302f,1.845187405818149f,0f,0f,0f,1f], start_interpolation: 0, interpolation_duration: 1 }
$data merge entity $(bone_right_eye) { transformation: [-0.03206858576781574f,-0.11907814221872053f,0.9923668685786473f,-0.893748463253236f,0.049981858316307214f,0.9914442237501281f,0.1205826066717528f,1.7232493027455256f,-0.9982351524796652f,0.05346725388725531f,-0.025842467290391302f,1.5956286176982326f,0f,0f,0f,1f], start_interpolation: 0, interpolation_duration: 1 }
$data merge entity $(bone_right_close) { transformation: [-0.03206858576781574f,-0.11907814221872053f,0.9923668685786473f,-0.9011908471419059f,0.049981858316307214f,0.9914442237501281f,0.1205826066717528f,1.7852145667299084f,-0.9982351524796652f,0.05346725388725531f,-0.025842467290391302f,1.598970321066186f,0f,0f,0f,1f], start_interpolation: 0, interpolation_duration: 1 }
$data merge entity $(bone_left_close) { transformation: [-0.03206858576781574f,-0.11907814221872053f,0.9923668685786473f,-0.8931737006999521f,0.049981858316307214f,0.9914442237501281f,0.1205826066717528f,1.7727191021508315f,-0.9982351524796652f,0.05346725388725531f,-0.025842467290391302f,1.8485291091861025f,0f,0f,0f,1f], start_interpolation: 0, interpolation_duration: 1 }
$data merge entity $(bone_left_eyebrow) { transformation: [-0.03206858576781574f,-0.11907814221872053f,0.9923668685786473f,-0.8902587700737702f,0.049981858316307214f,0.9914442237501281f,0.1205826066717528f,1.7479254601441614f,-0.9982351524796652f,0.05346725388725531f,-0.025842467290391302f,1.8471940429931268f,0f,0f,0f,1f], start_interpolation: 0, interpolation_duration: 1 }
$data merge entity $(bone_right_eyebrow) { transformation: [-0.03206858576781574f,-0.11907814221872053f,0.9923668685786473f,-0.8982759165157241f,0.049981858316307214f,0.9914442237501281f,0.1205826066717528f,1.7604209247232383f,-0.9982351524796652f,0.05346725388725531f,-0.025842467290391302f,1.5976352548732105f,0f,0f,0f,1f], start_interpolation: 0, interpolation_duration: 1 }
$data merge entity $(bone_talking) { transformation: [-0.03206858576781574f,-0.11907814221872053f,0.9923668685786473f,-0.5498557080467515f,0.049981858316307214f,0.9914442237501281f,0.1205826066717528f,1.5068225791033778f,-0.9982351524796652f,0.05346725388725531f,-0.025842467290391302f,1.6989654272581296f,0f,0f,0f,1f], start_interpolation: 0, interpolation_duration: 1 }
$data merge entity $(bone_m_opened) { transformation: [-0.03206858576781574f,-0.11907814221872053f,0.9923668685786473f,-0.5498557080467515f,0.049981858316307214f,0.9914442237501281f,0.1205826066717528f,1.5068225791033778f,-0.9982351524796652f,0.05346725388725531f,-0.025842467290391302f,1.6989654272581296f,0f,0f,0f,1f], start_interpolation: 0, interpolation_duration: 1 }
$data merge entity $(bone_head) { transformation: [-0.03206858576781574f,-0.11907814221872053f,0.9923668685786473f,-0.611878637332917f,0.049981858316307214f,0.9914442237501281f,0.1205826066717528f,1.4992861661863932f,-0.9982351524796652f,0.05346725388725531f,-0.025842467290391302f,1.700580581463779f,0f,0f,0f,1f], start_interpolation: 0, interpolation_duration: 1 }
$data merge entity $(item_display_r_item) { transformation: [-0.06979508242443881f,-0.017410975944201372f,0.43154577322230386f,-1.3563076973684693f,0.004939168581310785f,0.4370835969420627f,0.018433228092599736f,1.472952983196965f,-0.4318686155338115f,0.007812630853870989f,-0.06953209126762949f,1.5148001262447186f,0f,0f,0f,1f], start_interpolation: 0, interpolation_duration: 1 }
$data merge entity $(bone_rightarm) { transformation: [-0.15953161697014587f,0.9863903387938374f,0.03979651644388907f,-0.7348391710668347f,0.011289528185853222f,0.04213309278308534f,-0.9990482215818577f,1.374405138488661f,-0.9871282640772835f,-0.15893049432601025f,-0.017857441951705154f,1.413236387046999f,0f,0f,0f,1f], start_interpolation: 0, interpolation_duration: 1 }
$data merge entity $(item_display_l_item) { transformation: [-0.17910913760516536f,-0.3957419779146069f,-0.052100419792633954f,-0.5176089399027233f,0f,-0.05710520909627248f,0.43375712685104206f,0.7384363261025231f,-0.3991568198419437f,0.17757683410373593f,0.02337843372341945f,2.000798891245958f,0f,0f,0f,1f], start_interpolation: 0, interpolation_duration: 1 }
$data merge entity $(bone_leftarm) { transformation: [-0.40939231452609226f,-0.11908667381173496f,0.9045530923762444f,-0.47896897448802705f,0f,0.9914448613738104f,0.1305261922200516f,1.374405138488661f,-0.9123584453530141f,0.05343641993924454f,-0.405889906522825f,1.9834604153926327f,0f,0f,0f,1f], start_interpolation: 0, interpolation_duration: 1 }
$data merge entity $(bone_body) { transformation: [-0.40939231452609226f,-0.03979651644388886f,0.9114900822751174f,-0.5820312500000003f,0f,0.9990482215818578f,0.043619387365336f,0.75f,-0.9123584453530141f,0.01785744195170509f,-0.409002663756573f,1.6871875000000003f,0f,0f,0f,1f], start_interpolation: 0, interpolation_duration: 1 }
$data merge entity $(bone_leftleg) { transformation: [-0.40939231452609226f,0.23613574161748746f,0.8812705851994199f,-0.5308572106842389f,0f,0.9659258262890683f,-0.25881904510252074f,0.75f,-0.9123584453530141f,-0.10595852791795403f,-0.3954426096850098f,1.801232305669127f,0f,0f,0f,1f], start_interpolation: 0, interpolation_duration: 1 }
$data merge entity $(bone_rightleg) { transformation: [-0.40939231452609226f,-0.23613574161748746f,0.8812705851994199f,-0.6332052893157618f,0f,0.9659258262890683f,0.25881904510252074f,0.8125f,-0.9123584453530141f,0.10595852791795403f,-0.3954426096850098f,1.5731426943308735f,0f,0f,0f,1f], start_interpolation: 0, interpolation_duration: 1 }
data modify entity @s data merge value {"locators":{},"cameras":{"camera":{"posx":-3.4187500000000006,"posy":1.375,"posz":2.3749999999999996,"roty":255,"rotx":0}}}
execute on vehicle unless entity @s[tag=aj.transforms_only] at @s run function animated_java:humanentity/animations/000_mur_1/zzz/frames/zzz/17