# This file was generated by Animated Java via MC-Build. It is not recommended to edit this file directly.
$data merge entity $(bone_left_eye) { transformation: [-0.017546503735098584f,-0.11984195740976783f,0.9926379125596956f,-0.9094812975638052f,0.049986595208431975f,0.9914441285324819f,0.12058142600722546f,1.7107535174166533f,-0.998595744286016f,0.05173437196548368f,-0.011405886690408651f,1.8568483502565505f,0f,0f,0f,1f], start_interpolation: 0, interpolation_duration: 1 }
$data merge entity $(bone_right_eye) { transformation: [-0.017546503735098584f,-0.11984195740976783f,0.9926379125596956f,-0.9138679234975798f,0.049986595208431975f,0.9914441285324819f,0.12058142600722546f,1.7232501662187614f,-0.998595744286016f,0.05173437196548368f,-0.011405886690408651f,1.6071994141850465f,0f,0f,0f,1f], start_interpolation: 0, interpolation_duration: 1 }
$data merge entity $(bone_right_close) { transformation: [-0.017546503735098584f,-0.11984195740976783f,0.9926379125596956f,-0.9213580458356904f,0.049986595208431975f,0.9914441285324819f,0.12058142600722546f,1.7852154242520415f,-0.998595744286016f,0.05173437196548368f,-0.011405886690408651f,1.6104328124328893f,0f,0f,0f,1f], start_interpolation: 0, interpolation_duration: 1 }
$data merge entity $(bone_left_close) { transformation: [-0.017546503735098584f,-0.11984195740976783f,0.9926379125596956f,-0.9169714199019158f,0.049986595208431975f,0.9914441285324819f,0.12058142600722546f,1.7727187754499334f,-0.998595744286016f,0.05173437196548368f,-0.011405886690408651f,1.8600817485043932f,0f,0f,0f,1f], start_interpolation: 0, interpolation_duration: 1 }
$data merge entity $(bone_left_eyebrow) { transformation: [-0.017546503735098584f,-0.11984195740976783f,0.9926379125596956f,-0.9140374108362066f,0.049986595208431975f,0.9914441285324819f,0.12058142600722546f,1.747925135897496f,-0.998595744286016f,0.05173437196548368f,-0.011405886690408651f,1.8587891020731744f,0f,0f,0f,1f], start_interpolation: 0, interpolation_duration: 1 }
$data merge entity $(bone_right_eyebrow) { transformation: [-0.017546503735098584f,-0.11984195740976783f,0.9926379125596956f,-0.9184240367699813f,0.049986595208431975f,0.9914441285324819f,0.12058142600722546f,1.760421784699604f,-0.998595744286016f,0.05173437196548368f,-0.011405886690408651f,1.6091401660016704f,0f,0f,0f,1f], start_interpolation: 0, interpolation_duration: 1 }
$data merge entity $(bone_talking) { transformation: [-0.017546503735098584f,-0.11984195740976783f,0.9926379125596956f,-0.5715147735033458f,0.049986595208431975f,0.9914441285324819f,0.12058142600722546f,1.5068225053118447f,-0.998595744286016f,0.05173437196548368f,-0.011405886690408651f,1.715525949638675f,0f,0f,0f,1f], start_interpolation: 0, interpolation_duration: 1 }
$data merge entity $(bone_m_opened) { transformation: [-0.017546503735098584f,-0.11984195740976783f,0.9926379125596956f,-0.5715147735033458f,0.049986595208431975f,0.9914441285324819f,0.12058142600722546f,1.5068225053118447f,-0.998595744286016f,0.05173437196548368f,-0.011405886690408651f,1.715525949638675f,0f,0f,0f,1f], start_interpolation: 0, interpolation_duration: 1 }
$data merge entity $(bone_head) { transformation: [-0.017546503735098584f,-0.11984195740976783f,0.9926379125596956f,-0.6335546430383268f,0.049986595208431975f,0.9914441285324819f,0.12058142600722546f,1.4992861661863932f,-0.998595744286016f,0.05173437196548368f,-0.011405886690408651f,1.7162388175568255f,0f,0f,0f,1f], start_interpolation: 0, interpolation_duration: 1 }
$data merge entity $(item_display_r_item) { transformation: [-0.0635066473898188f,-0.01752276052235688f,0.4325113970764023f,-1.3752029943204236f,0.004939168581310785f,0.4370835969420627f,0.018433228092599736f,1.472952983196965f,-0.43283803015796873f,0.007558581074814717f,-0.0632483794346135f,1.5196511119204734f,0f,0f,0f,1f], start_interpolation: 0, interpolation_duration: 1 }
$data merge entity $(bone_rightarm) { transformation: [-0.1451580511767287f,0.9885974790317766f,0.040052024051101656f,-0.7523230669191754f,0.011289528185853222f,0.04213309278308534f,-0.9990482215818577f,1.374405138488661f,-0.9893440689324999f,-0.14456772442197374f,-0.01727675674243367f,1.4271366895639357f,0f,0f,0f,1f], start_interpolation: 0, interpolation_duration: 1 }
$data merge entity $(item_display_l_item) { transformation: [-0.17328489764213087f,-0.39828278034873715f,-0.05243492277896334f,-0.5436612607029656f,0f,-0.05710520909627248f,0.43375712685104206f,0.7384363261025231f,-0.40171954676012f,0.17180242132097737f,0.022618217858468702f,2.0177964226580025f,0f,0f,0f,1f], start_interpolation: 0, interpolation_duration: 1 }
$data merge entity $(bone_leftarm) { transformation: [-0.3960797660391563f,-0.11985125206620213f,0.9103606407971135f,-0.5047732131447027f,0f,0.9914448613738104f,0.1305261922200516f,1.374405138488661f,-0.9182161068802743f,0.05169878367649998f,-0.39269124873366257f,2.001021756364107f,0f,0f,0f,1f], start_interpolation: 0, interpolation_duration: 1 }
$data merge entity $(bone_body) { transformation: [-0.3960797660391563f,-0.04005202405110145f,0.9173421686065552f,-0.6035156250000007f,0f,0.9990482215818578f,0.043619387365336f,0.75f,-0.9182161068802743f,0.017276756742433612f,-0.3957027858659774f,1.7032812500000003f,0f,0f,0f,1f], start_interpolation: 0, interpolation_duration: 1 }
$data merge entity $(bone_leftleg) { transformation: [-0.3960797660391563f,0.23765181598050672f,0.8869286517502605f,-0.5540056542451062f,0f,0.9659258262890683f,-0.25881904510252074f,0.75f,-0.9182161068802743f,-0.10251298683068426f,-0.3825836752877529f,1.8180582633600346f,0f,0f,0f,1f], start_interpolation: 0, interpolation_duration: 1 }
$data merge entity $(bone_rightleg) { transformation: [-0.3960797660391563f,-0.23765181598050672f,0.8869286517502605f,-0.6530255957548952f,0f,0.9659258262890683f,0.25881904510252074f,0.8125f,-0.9182161068802743f,0.10251298683068426f,-0.3825836752877529f,1.588504236639966f,0f,0f,0f,1f], start_interpolation: 0, interpolation_duration: 1 }
data modify entity @s data merge value {"locators":{},"cameras":{"camera":{"posx":-3.8656250000000005,"posy":1.375,"posz":5.062499999999999,"roty":215.00000000000006,"rotx":0}}}