# This file was generated by Animated Java via MC-Build. It is not recommended to edit this file directly.
$data merge entity $(bone_left_eye) { transformation: [-0.9990482215818578f,0.007199275453758178f,-0.04302117370630581f,0.19993613998774834f,0f,0.9862856015372314f,0.16504760586067765f,1.6428094989191384f,0.043619387365335875f,0.16489051711145342f,-0.9853468761875639f,-0.5928930750959127f,0f,0f,0f,1f], start_interpolation: 0, interpolation_duration: 1 }
$data merge entity $(bone_right_eye) { transformation: [-0.9990482215818578f,0.007199275453758178f,-0.04302117370630581f,-0.04982591540771612f,0f,0.9862856015372314f,0.16504760586067765f,1.6428094989191384f,0.043619387365335875f,0.16489051711145342f,-0.9853468761875639f,-0.5819882282545787f,0f,0f,0f,1f], start_interpolation: 0, interpolation_duration: 1 }
$data merge entity $(bone_right_close) { transformation: [-0.9990482215818578f,0.007199275453758178f,-0.04302117370630581f,-0.049375960691856235f,0f,0.9862856015372314f,0.16504760586067765f,1.7044523490152155f,0.043619387365335875f,0.16489051711145342f,-0.9853468761875639f,-0.5716825709351129f,0f,0f,0f,1f], start_interpolation: 0, interpolation_duration: 1 }
$data merge entity $(bone_left_close) { transformation: [-0.9990482215818578f,0.007199275453758178f,-0.04302117370630581f,0.20038609470360821f,0f,0.9862856015372314f,0.16504760586067765f,1.7044523490152155f,0.043619387365335875f,0.16489051711145342f,-0.9853468761875639f,-0.5825874177764468f,0f,0f,0f,1f], start_interpolation: 0, interpolation_duration: 1 }
$data merge entity $(bone_left_eyebrow) { transformation: [-0.9990482215818578f,0.007199275453758178f,-0.04302117370630581f,0.20020880164062088f,0f,0.9862856015372314f,0.16504760586067765f,1.6797848935014184f,0.043619387365335875f,0.16489051711145342f,-0.9853468761875639f,-0.5866480965244714f,0f,0f,0f,1f], start_interpolation: 0, interpolation_duration: 1 }
$data merge entity $(bone_right_eyebrow) { transformation: [-0.9990482215818578f,0.007199275453758178f,-0.04302117370630581f,-0.04955325375484354f,0f,0.9862856015372314f,0.16504760586067765f,1.6797848935014184f,0.043619387365335875f,0.16489051711145342f,-0.9853468761875639f,-0.5757432496831374f,0f,0f,0f,1f], start_interpolation: 0, interpolation_duration: 1 }
$data merge entity $(bone_talking) { transformation: [-0.9990482215818578f,0.007199275453758178f,-0.04302117370630581f,0.059811176643356f,0f,0.9862856015372314f,0.16504760586067765f,1.4478154753662924f,0.043619387365335875f,0.16489051711145342f,-0.9853468761875639f,-0.9365841797617227f,0f,0f,0f,1f], start_interpolation: 0, interpolation_duration: 1 }
$data merge entity $(bone_m_opened) { transformation: [-0.9990482215818578f,0.007199275453758178f,-0.04302117370630581f,0.059811176643356f,0f,0.9862856015372314f,0.16504760586067765f,1.4478154753662924f,0.043619387365335875f,0.16489051711145342f,-0.9853468761875639f,-0.9365841797617227f,0f,0f,0f,1f], start_interpolation: 0, interpolation_duration: 1 }
$data merge entity $(bone_head) { transformation: [-0.9990482215818578f,0.007199275453758178f,-0.04302117370630581f,0.06250000000000011f,0f,0.9862856015372314f,0.16504760586067765f,1.4375f,0.043619387365335875f,0.16489051711145342f,-0.9853468761875639f,-0.875f,0f,0f,0f,1f], start_interpolation: 0, interpolation_duration: 1 }
$data merge entity $(item_display_r_item) { transformation: [-0.414244742794318f,0.056857867992977235f,-0.12874286743180174f,-0.049539082058048745f,-0.09432570023279989f,0.18485862833821484f,0.3851443882552435f,0.8151104820177135f,0.10445192838268368f,0.39242925525017486f,-0.16277384397049724f,-0.5167122342761438f,0f,0f,0f,1f], start_interpolation: 0, interpolation_duration: 1 }
$data merge entity $(bone_rightarm) { transformation: [-0.9468451263870126f,-0.2942694112726897f,-0.12996084112680517f,-0.24970256924433043f,-0.21560160053211402f,0.8803300302976995f,-0.42253400763020516f,1.3125f,0.23874726487470554f,-0.3720545005039935f,-0.8969811548575427f,-0.8613689414483325f,0f,0f,0f,1f], start_interpolation: 0, interpolation_duration: 1 }
$data merge entity $(item_display_l_item) { transformation: [-0.4366520100046437f,0.027126056088207156f,-0.0023343607270471024f,0.3857876720224571f,-0.0038550201316415295f,-0.02446567673362965f,0.43679837394586324f,0.6815121295820155f,0.026952012516492697f,0.4359723130464422f,0.02465727637525785f,-0.7992922210744811f,0f,0f,0f,1f], start_interpolation: 0, interpolation_duration: 1 }
$data merge entity $(bone_leftarm) { transformation: [-0.9980617371534714f,-0.005335681661821934f,-0.06200241391590207f,0.37470256924433065f,-0.00881147458660921f,0.9983962833048302f,0.05592154681972514f,1.3125f,0.06160460003769759f,0.056359488857732454f,-0.9965081441061535f,-0.8886310585516675f,0f,0f,0f,1f], start_interpolation: 0, interpolation_duration: 1 }
$data merge entity $(bone_body) { transformation: [-0.9990482215818578f,0f,-0.043619387365335875f,0.06250000000000011f,0f,1f,0f,0.6875f,0.043619387365335875f,0f,-0.9990482215818578f,-0.875f,0f,0f,0f,1f], start_interpolation: 0, interpolation_duration: 1 }
$data merge entity $(bone_leftleg) { transformation: [-0.9952465390275879f,-0.04345342161151017f,-0.0871557611627618f,0.18738102769773235f,-0.043619410209978775f,0.9990482205844381f,4.023395993387087e-8f,0.75f,0.08707280635503623f,0.003801722941030819f,-0.9961946964806317f,-0.880452423420667f,0f,0f,0f,1f], start_interpolation: 0, interpolation_duration: 1 }
$data merge entity $(bone_rightleg) { transformation: [-0.9990482205844388f,0.04361941020997806f,1.848544667337748e-8f,-0.062381027697732114f,0.043619410209978775f,0.9990482205844381f,4.023395993387087e-8f,0.75f,-1.671287099686003e-8f,4.1001990360020266e-8f,-0.999999999999999f,-0.869547576579333f,0f,0f,0f,1f], start_interpolation: 0, interpolation_duration: 1 }
$data merge entity $(text_display_text) { transformation: [-2f,0f,7.347880794884119e-16f,6.888638245203862e-17f,0f,2f,0f,2.778796414184713f,-7.347880794884119e-16f,0f,-2f,-0.5625f,0f,0f,0f,1f], start_interpolation: 0, interpolation_duration: 1 }
data modify entity @s data merge value {"locators":{},"cameras":{"camera":{"posx":-0.9999999999999996,"posy":1.3588541666666667,"posz":-3.25,"roty":342.35849584387506,"rotx":1.3717464871565543}}}