# This file was generated by Animated Java via MC-Build. It is not recommended to edit this file directly.
$data merge entity $(bone_left_eye) { transformation: [-0.9990482215818578f,0.000761263276845151f,-0.04361274392136489f,0.19847452949728486f,0f,0.9998476951563913f,0.01745240643728351f,1.683098822179777f,0.043619387365335875f,0.01743579561349186f,-0.9988960616987121f,-0.6263694590926161f,0f,0f,0f,1f], start_interpolation: 0, interpolation_duration: 1 }
$data merge entity $(bone_right_eye) { transformation: [-0.9990482215818578f,0.000761263276845151f,-0.04361274392136489f,-0.05128752589817959f,0f,0.9998476951563913f,0.01745240643728351f,1.683098822179777f,0.043619387365335875f,0.01743579561349186f,-0.9988960616987121f,-0.6154646122512821f,0f,0f,0f,1f], start_interpolation: 0, interpolation_duration: 1 }
$data merge entity $(bone_right_close) { transformation: [-0.9990482215818578f,0.000761263276845151f,-0.04361274392136489f,-0.05123994694337676f,0f,0.9998476951563913f,0.01745240643728351f,1.7455893031270513f,0.043619387365335875f,0.01743579561349186f,-0.9988960616987121f,-0.6143748750254389f,0f,0f,0f,1f], start_interpolation: 0, interpolation_duration: 1 }
$data merge entity $(bone_left_close) { transformation: [-0.9990482215818578f,0.000761263276845151f,-0.04361274392136489f,0.19852210845208768f,0f,0.9998476951563913f,0.01745240643728351f,1.7455893031270513f,0.043619387365335875f,0.01743579561349186f,-0.9988960616987121f,-0.6252797218667728f,0f,0f,0f,1f], start_interpolation: 0, interpolation_duration: 1 }
$data merge entity $(bone_left_eyebrow) { transformation: [-0.9990482215818578f,0.000761263276845151f,-0.04361274392136489f,0.19850580266666162f,0f,0.9998476951563913f,0.01745240643728351f,1.7205920199727396f,0.043619387365335875f,0.01743579561349186f,-0.9988960616987121f,-0.6256531857532539f,0f,0f,0f,1f], start_interpolation: 0, interpolation_duration: 1 }
$data merge entity $(bone_right_eyebrow) { transformation: [-0.9990482215818578f,0.000761263276845151f,-0.04361274392136489f,-0.05125625272880281f,0f,0.9998476951563913f,0.01745240643728351f,1.7205920199727396f,0.043619387365335875f,0.01743579561349186f,-0.9988960616987121f,-0.6147483389119199f,0f,0f,0f,1f], start_interpolation: 0, interpolation_duration: 1 }
$data merge entity $(bone_talking) { transformation: [-0.9990482215818578f,0.000761263276845151f,-0.04361274392136489f,0.059774203504914816f,0f,0.9998476951563913f,0.01745240643728351f,1.4385907754023302f,0.043619387365335875f,0.01743579561349186f,-0.9988960616987121f,-0.9374310038561696f,0f,0f,0f,1f], start_interpolation: 0, interpolation_duration: 1 }
$data merge entity $(bone_m_opened) { transformation: [-0.9990482215818578f,0.000761263276845151f,-0.04361274392136489f,0.059774203504914816f,0f,0.9998476951563913f,0.01745240643728351f,1.4385907754023302f,0.043619387365335875f,0.01743579561349186f,-0.9988960616987121f,-0.9374310038561696f,0f,0f,0f,1f], start_interpolation: 0, interpolation_duration: 1 }
$data merge entity $(bone_head) { transformation: [-0.9990482215818578f,0.000761263276845151f,-0.04361274392136489f,0.06250000000000012f,0f,0.9998476951563913f,0.01745240643728351f,1.4375f,0.043619387365335875f,0.01743579561349186f,-0.9988960616987121f,-0.8750000000000001f,0f,0f,0f,1f], start_interpolation: 0, interpolation_duration: 1 }
$data merge entity $(item_display_r_item) { transformation: [-0.4372078649907213f,0.015396688031117468f,0.0042982307904179595f,-0.2514438452217511f,0.00404270709244087f,-0.007315174221992734f,0.4374201581379928f,0.6855240100251553f,0.01546574633245939f,0.4371677941291814f,0.007168016922809385f,-0.7467038815868658f,0f,0f,0f,1f], start_interpolation: 0, interpolation_duration: 1 }
$data merge entity $(bone_rightarm) { transformation: [-0.9993322628359343f,0.009824527520955344f,-0.03519242978541135f,-0.24970256924433043f,0.009240473354150559f,0.999817504315412f,0.0167203982216979f,1.3125f,0.03535027733133575f,0.016384038680707386f,-0.9992406722952718f,-0.8613689414483326f,0f,0f,0f,1f], start_interpolation: 0, interpolation_duration: 1 }
$data merge entity $(item_display_l_item) { transformation: [-0.4370577262265505f,0.019666029677793757f,-0.00020303297715775013f,0.3806114819767828f,-0.0002848156450842454f,-0.0018130112101100357f,0.4374961506920951f,0.6869874958084041f,0.019665015273983226f,0.4370540129858827f,0.0018239811429551214f,-0.7663641707599228f,0f,0f,0f,1f], start_interpolation: 0, interpolation_duration: 1 }
$data merge entity $(bone_leftarm) { transformation: [-0.9989890885178296f,-0.00046407537636056174f,-0.0449509249778143f,0.37470256924433065f,-0.0006510071887639895f,0.9999912015819316f,0.004144025623108875f,1.3125f,0.04494860634053309f,0.004169099755326214f,-0.9989806011105891f,-0.8886310585516676f,0f,0f,0f,1f], start_interpolation: 0, interpolation_duration: 1 }
$data merge entity $(bone_body) { transformation: [-0.9990482215818578f,0f,-0.043619387365335875f,0.06250000000000012f,0f,1f,0f,0.6875f,0.043619387365335875f,0f,-0.9990482215818578f,-0.8750000000000001f,0f,0f,0f,1f], start_interpolation: 0, interpolation_duration: 1 }
$data merge entity $(bone_leftleg) { transformation: [-0.9952465390275879f,-0.04345342161151017f,-0.0871557611627618f,0.18738102769773235f,-0.043619410209978775f,0.9990482205844381f,4.023395993387087e-8f,0.75f,0.08707280635503623f,0.003801722941030819f,-0.9961946964806317f,-0.8804524234206671f,0f,0f,0f,1f], start_interpolation: 0, interpolation_duration: 1 }
$data merge entity $(bone_rightleg) { transformation: [-0.9990482205844388f,0.04361941020997806f,1.848544667337748e-8f,-0.0623810276977321f,0.043619410209978775f,0.9990482205844381f,4.023395993387087e-8f,0.75f,-1.671287099686003e-8f,4.1001990360020266e-8f,-0.999999999999999f,-0.8695475765793331f,0f,0f,0f,1f], start_interpolation: 0, interpolation_duration: 1 }
$data merge entity $(text_display_text) { transformation: [-2f,0f,7.347880794884119e-16f,6.888638245203862e-17f,0f,2f,0f,2.93226617498638f,-7.347880794884119e-16f,0f,-2f,-0.5625f,0f,0f,0f,1f], start_interpolation: 0, interpolation_duration: 1 }
data modify entity @s data merge value {"locators":{},"cameras":{"camera":{"posx":-0.9999999999999996,"posy":1.2614583333333333,"posz":-3.25,"roty":342.49085096272967,"rotx":0.09063716520372785}}}