# This file was generated by Animated Java via MC-Build. It is not recommended to edit this file directly.
$data merge entity $(bone_left_eye) { transformation: [-0.9990482215818578f,0.0075744271269385f,-0.04295671085902552f,0.20001381219422334f,0f,0.984807753012208f,0.17364817766693033f,1.6402898938363195f,0.043619387365335875f,0.1734829030790772f,-0.9838704342468719f,-0.5911140890891797f,0f,0f,0f,1f], start_interpolation: 0, interpolation_duration: 1 }
$data merge entity $(bone_right_eye) { transformation: [-0.9990482215818578f,0.0075744271269385f,-0.04295671085902552f,-0.049748243201241105f,0f,0.984807753012208f,0.17364817766693033f,1.6402898938363195f,0.043619387365335875f,0.1734829030790772f,-0.9838704342468719f,-0.5802092422478458f,0f,0f,0f,1f], start_interpolation: 0, interpolation_duration: 1 }
$data merge entity $(bone_right_close) { transformation: [-0.9990482215818578f,0.0075744271269385f,-0.04295671085902552f,-0.04927484150580745f,0f,0.984807753012208f,0.17364817766693033f,1.7018403783995824f,0.043619387365335875f,0.1734829030790772f,-0.9838704342468719f,-0.5693665608054034f,0f,0f,0f,1f], start_interpolation: 0, interpolation_duration: 1 }
$data merge entity $(bone_left_close) { transformation: [-0.9990482215818578f,0.0075744271269385f,-0.04295671085902552f,0.200487213889657f,0f,0.984807753012208f,0.17364817766693033f,1.7018403783995824f,0.043619387365335875f,0.1734829030790772f,-0.9838704342468719f,-0.5802714076467373f,0f,0f,0f,1f], start_interpolation: 0, interpolation_duration: 1 }
$data merge entity $(bone_left_eyebrow) { transformation: [-0.9990482215818578f,0.0075744271269385f,-0.04295671085902552f,0.20030053800591224f,0f,0.984807753012208f,0.17364817766693033f,1.6772093315631733f,0.043619387365335875f,0.1734829030790772f,-0.9838704342468719f,-0.5845469883215739f,0f,0f,0f,1f], start_interpolation: 0, interpolation_duration: 1 }
$data merge entity $(bone_right_eyebrow) { transformation: [-0.9990482215818578f,0.0075744271269385f,-0.04295671085902552f,-0.04946151738955222f,0f,0.984807753012208f,0.17364817766693033f,1.6772093315631733f,0.043619387365335875f,0.1734829030790772f,-0.9838704342468719f,-0.57364214148024f,0f,0f,0f,1f], start_interpolation: 0, interpolation_duration: 1 }
$data merge entity $(bone_talking) { transformation: [-0.9990482215818578f,0.0075744271269385f,-0.04295671085902552f,0.059815205571311016f,0f,0.984807753012208f,0.17364817766693033f,1.4483530111041831f,0.043619387365335875f,0.1734829030790772f,-0.9838704342468719f,-0.9364919021404295f,0f,0f,0f,1f], start_interpolation: 0, interpolation_duration: 1 }
$data merge entity $(bone_m_opened) { transformation: [-0.9990482215818578f,0.0075744271269385f,-0.04295671085902552f,0.059815205571311016f,0f,0.984807753012208f,0.17364817766693033f,1.4483530111041831f,0.043619387365335875f,0.1734829030790772f,-0.9838704342468719f,-0.9364919021404295f,0f,0f,0f,1f], start_interpolation: 0, interpolation_duration: 1 }
$data merge entity $(bone_head) { transformation: [-0.9990482215818578f,0.0075744271269385f,-0.04295671085902552f,0.06250000000000011f,0f,0.984807753012208f,0.17364817766693033f,1.4375f,0.043619387365335875f,0.1734829030790772f,-0.9838704342468719f,-0.875f,0f,0f,0f,1f], start_interpolation: 0, interpolation_duration: 1 }
$data merge entity $(item_display_r_item) { transformation: [-0.4095088653778458f,0.054267974457413624f,-0.14409623910858632f,-0.02834566352994608f,-0.10398125094418276f,0.20450163307952304f,0.3725227932890698f,0.8387536190383353f,0.11356336834134617f,0.38293644252812714f,-0.17851972539433872f,-0.49693035016266957f,0f,0f,0f,1f], start_interpolation: 0, interpolation_duration: 1 }
$data merge entity $(bone_rightarm) { transformation: [-0.9360202637207904f,-0.3293628322481973f,-0.12404108447408836f,-0.24970256924433043f,-0.2376714307295606f,0.8514806703750167f,-0.4674323041817668f,1.3125f,0.2595734133516484f,-0.40804508661563116f,-0.8752832972071479f,-0.8613689414483325f,0f,0f,0f,1f], start_interpolation: 0, interpolation_duration: 1 }
$data merge entity $(item_display_l_item) { transformation: [-0.43678174278910603f,0.024993564805312358f,-0.0018113211846277257f,0.3844311894524595f,-0.002847886953006265f,-0.018090519485315225f,0.4371165435494913f,0.6828790750763509f,0.02489676095427127f,0.43641070658620884f,0.018223514230570125f,-0.7899758769992795f,0f,0f,0f,1f], start_interpolation: 0, interpolation_duration: 1 }
$data merge entity $(bone_leftarm) { transformation: [-0.9983582692322424f,-0.004140162707720503f,-0.057128148126428246f,0.37470256924433065f,-0.006509455892585749f,0.999123528113123f,0.04134975882357788f,1.3125f,0.05690688218119147f,0.041653746812731936f,-0.9975101864827631f,-0.8886310585516675f,0f,0f,0f,1f], start_interpolation: 0, interpolation_duration: 1 }
$data merge entity $(text_display_text) { transformation: [-2f,0f,7.347880794884119e-16f,6.888638245203861e-17f,0f,2f,0f,2.767908708474249f,-7.347880794884119e-16f,0f,-2f,-0.5624999999999999f,0f,0f,0f,1f], start_interpolation: 0, interpolation_duration: 1 }
data modify entity @s data merge value {"locators":{},"cameras":{"camera":{"posx":-0.9999999999999996,"posy":1.3645833333333333,"posz":-3.25,"roty":342.3483959484387,"rotx":1.467302640509947}}}