# This file was generated by Animated Java via MC-Build. It is not recommended to edit this file directly.
$data merge entity $(bone_left_eye) { transformation: [-0.9981867820257009f,0.007546681646653292f,-0.059717633788522774f,0.20408942661200674f,-0.002959428405133719f,0.9847564762121925f,0.17391355422065377f,1.6405806590485263f,0.060119796845057104f,0.17377494109988775f,-0.9829485642051875f,-0.5933340982793632f,0f,0f,0f,1f], start_interpolation: 0, interpolation_duration: 1 }
$data merge entity $(bone_right_eye) { transformation: [-0.9981867820257009f,0.007546681646653292f,-0.059717633788522774f,-0.04545726889441849f,-0.002959428405133719f,0.9847564762121925f,0.17391355422065377f,1.6398408019472428f,0.060119796845057104f,0.17377494109988775f,-0.9829485642051875f,-0.578304149068099f,0f,0f,0f,1f], start_interpolation: 0, interpolation_duration: 1 }
$data merge entity $(bone_right_close) { transformation: [-0.9981867820257009f,0.007546681646653292f,-0.059717633788522774f,-0.04498560129150267f,-0.002959428405133719f,0.9847564762121925f,0.17391355422065377f,1.701388081710505f,0.060119796845057104f,0.17377494109988775f,-0.9829485642051875f,-0.5674432152493559f,0f,0f,0f,1f], start_interpolation: 0, interpolation_duration: 1 }
$data merge entity $(bone_left_close) { transformation: [-0.9981867820257009f,0.007546681646653292f,-0.059717633788522774f,0.20456109421492255f,-0.002959428405133719f,0.9847564762121925f,0.17391355422065377f,1.7021279388117885f,0.060119796845057104f,0.17377494109988775f,-0.9829485642051875f,-0.5824731644606201f,0f,0f,0f,1f], start_interpolation: 0, interpolation_duration: 1 }
$data merge entity $(bone_left_eyebrow) { transformation: [-0.9981867820257009f,0.007546681646653292f,-0.059717633788522774f,0.20437615952586802f,-0.002959428405133719f,0.9847564762121925f,0.17391355422065377f,1.6774981573093448f,0.060119796845057104f,0.17377494109988775f,-0.9829485642051875f,-0.5867561037028546f,0f,0f,0f,1f], start_interpolation: 0, interpolation_duration: 1 }
$data merge entity $(bone_right_eyebrow) { transformation: [-0.9981867820257009f,0.007546681646653292f,-0.059717633788522774f,-0.0451705359805572f,-0.002959428405133719f,0.9847564762121925f,0.17391355422065377f,1.6767583002080615f,0.060119796845057104f,0.17377494109988775f,-0.9829485642051875f,-0.5717261544915903f,0f,0f,0f,1f], start_interpolation: 0, interpolation_duration: 1 }
$data merge entity $(bone_talking) { transformation: [-0.9981867820257009f,0.007546681646653292f,-0.059717633788522774f,0.05876764788821742f,-0.002959428405133719f,0.9847564762121925f,0.17391355422065377f,1.4483695971387909f,0.060119796845057104f,0.17377494109988775f,-0.9829485642051875f,-0.9364342852628241f,0f,0f,0f,1f], start_interpolation: 0, interpolation_duration: 1 }
$data merge entity $(bone_m_opened) { transformation: [-0.9981867820257009f,0.007546681646653292f,-0.059717633788522774f,0.05876764788821742f,-0.002959428405133719f,0.9847564762121925f,0.17391355422065377f,1.4483695971387909f,0.060119796845057104f,0.17377494109988775f,-0.9829485642051875f,-0.9364342852628241f,0f,0f,0f,1f], start_interpolation: 0, interpolation_duration: 1 }
$data merge entity $(bone_head) { transformation: [-0.9981867820257009f,0.007546681646653292f,-0.059717633788522774f,0.0625000000000001f,-0.002959428405133719f,0.9847564762121925f,0.17391355422065377f,1.4375f,0.060119796845057104f,0.17377494109988775f,-0.9829485642051875f,-0.8749999999999999f,0f,0f,0f,1f], start_interpolation: 0, interpolation_duration: 1 }
$data merge entity $(item_display_r_item) { transformation: [-0.4044897839306987f,0.050379466655134826f,-0.15892191175303944f,-0.008277133409949872f,-0.11320089836138235f,0.2231723774384519f,0.35886751950914303f,0.8635956513979246f,0.12239208024162623f,0.3729105110988605f,-0.1932981619315455f,-0.4786828498035931f,0f,0f,0f,1f], start_interpolation: 0, interpolation_duration: 1 }
$data merge entity $(bone_rightarm) { transformation: [-0.9245480775558828f,-0.36325008400694725f,-0.11515306664030825f,-0.24970256924433043f,-0.2587449105403025f,0.8202686160208985f,-0.5101082912878898f,1.3125f,0.27975332626657423f,-0.4418243701292467f,-0.8523668825116812f,-0.8613689414483324f,0f,0f,0f,1f], start_interpolation: 0, interpolation_duration: 1 }
$data merge entity $(item_display_l_item) { transformation: [-0.43692905809848603f,0.0223187564538654f,-0.0010589143132826932f,0.3825920915358389f,-0.0015700021434042761f,-0.009983897399230954f,0.437383249434625f,0.6848142444078983f,0.022288635724053173f,0.43681625988861117f,0.010050960873756782f,-0.7781849284031455f,0f,0f,0f,1f], start_interpolation: 0, interpolation_duration: 1 }
$data merge entity $(bone_leftarm) { transformation: [-0.9986949899393966f,-0.002420375573217573f,-0.05101430046597805f,0.37470256924433065f,-0.0035885763277812024f,0.999733141564857f,0.022820336912528116f,1.3125f,0.050945453083550106f,0.022973624854301437f,-0.9984371654596826f,-0.8886310585516674f,0f,0f,0f,1f], start_interpolation: 0, interpolation_duration: 1 }
$data merge entity $(bone_body) { transformation: [-0.9990482215818578f,0f,-0.043619387365335875f,0.0625000000000001f,0f,1f,0f,0.6875f,0.043619387365335875f,0f,-0.9990482215818578f,-0.8749999999999999f,0f,0f,0f,1f], start_interpolation: 0, interpolation_duration: 1 }
$data merge entity $(bone_leftleg) { transformation: [-0.9952465390275879f,-0.04345342161151017f,-0.0871557611627618f,0.18738102769773232f,-0.043619410209978775f,0.9990482205844381f,4.023395993387087e-8f,0.75f,0.08707280635503623f,0.003801722941030819f,-0.9961946964806317f,-0.8804524234206669f,0f,0f,0f,1f], start_interpolation: 0, interpolation_duration: 1 }
$data merge entity $(bone_rightleg) { transformation: [-0.9990482205844388f,0.04361941020997806f,1.848544667337748e-8f,-0.06238102769773213f,0.043619410209978775f,0.9990482205844381f,4.023395993387087e-8f,0.75f,-1.671287099686003e-8f,4.1001990360020266e-8f,-0.999999999999999f,-0.8695475765793329f,0f,0f,0f,1f], start_interpolation: 0, interpolation_duration: 1 }
$data merge entity $(text_display_text) { transformation: [-2f,0f,7.347880794884119e-16f,6.888638245203862e-17f,0f,2f,0f,2.7569447292064306f,-7.347880794884119e-16f,0f,-2f,-0.5625f,0f,0f,0f,1f], start_interpolation: 0, interpolation_duration: 1 }
data modify entity @s data merge value {"locators":{},"cameras":{"camera":{"posx":-0.9999999999999996,"posy":1.3703125,"posz":-3.25,"roty":342.3381187057397,"rotx":1.5642309610882033}}}