# This file was generated by Animated Java via MC-Build. It is not recommended to edit this file directly.
$data merge entity $(bone_left_eye) { transformation: [-0.9970440880267918f,0.007526725069207284f,-0.0764619836294855f,0.20812768817802227f,-0.005916406973418452f,0.9847135443807926f,0.1740811065036685f,1.6408976603409582f,0.07660341153857332f,0.17401891828979185f,-0.9817582866560907f,-0.595631125205851f,0f,0f,0f,1f], start_interpolation: 0, interpolation_duration: 1 }
$data merge entity $(bone_right_eye) { transformation: [-0.9970440880267918f,0.007526725069207284f,-0.0764619836294855f,-0.04113333382867568f,-0.005916406973418452f,0.9847135443807926f,0.1740811065036685f,1.6394185585976038f,0.07660341153857332f,0.17401891828979185f,-0.9817582866560907f,-0.5764802723212077f,0f,0f,0f,1f], start_interpolation: 0, interpolation_duration: 1 }
$data merge entity $(bone_right_close) { transformation: [-0.9970440880267918f,0.007526725069207284f,-0.0764619836294855f,-0.040662913511850224f,-0.005916406973418452f,0.9847135443807926f,0.1740811065036685f,1.7009631551214033f,0.07660341153857332f,0.17401891828979185f,-0.9817582866560907f,-0.5656040899280957f,0f,0f,0f,1f], start_interpolation: 0, interpolation_duration: 1 }
$data merge entity $(bone_left_close) { transformation: [-0.9970440880267918f,0.007526725069207284f,-0.0764619836294855f,0.20859810849484772f,-0.005916406973418452f,0.9847135443807926f,0.1740811065036685f,1.7024422568647577f,0.07660341153857332f,0.17401891828979185f,-0.9817582866560907f,-0.5847549428127391f,0f,0f,0f,1f], start_interpolation: 0, interpolation_duration: 1 }
$data merge entity $(bone_left_eyebrow) { transformation: [-0.9970440880267918f,0.007526725069207284f,-0.0764619836294855f,0.20841471924209437f,-0.005916406973418452f,0.9847135443807926f,0.1740811065036685f,1.6778135381860817f,0.07660341153857332f,0.17401891828979185f,-0.9817582866560907f,-0.5890440558770678f,0f,0f,0f,1f], start_interpolation: 0, interpolation_duration: 1 }
$data merge entity $(bone_right_eyebrow) { transformation: [-0.9970440880267918f,0.007526725069207284f,-0.0764619836294855f,-0.04084630276460356f,-0.005916406973418452f,0.9847135443807926f,0.1740811065036685f,1.676334436442727f,0.07660341153857332f,0.17401891828979185f,-0.9817582866560907f,-0.5698932029924244f,0f,0f,0f,1f], start_interpolation: 0, interpolation_duration: 1 }
$data merge entity $(bone_talking) { transformation: [-0.9970440880267918f,0.007526725069207284f,-0.0764619836294855f,0.05772112602315725f,-0.005916406973418452f,0.9847135443807926f,0.1740811065036685f,1.4483800691564792f,0.07660341153857332f,0.17401891828979185f,-0.9817582866560907f,-0.9363598929160056f,0f,0f,0f,1f], start_interpolation: 0, interpolation_duration: 1 }
$data merge entity $(bone_m_opened) { transformation: [-0.9970440880267918f,0.007526725069207284f,-0.0764619836294855f,0.05772112602315725f,-0.005916406973418452f,0.9847135443807926f,0.1740811065036685f,1.4483800691564792f,0.07660341153857332f,0.17401891828979185f,-0.9817582866560907f,-0.9363598929160056f,0f,0f,0f,1f], start_interpolation: 0, interpolation_duration: 1 }
$data merge entity $(bone_head) { transformation: [-0.9970440880267918f,0.007526725069207284f,-0.0764619836294855f,0.0625000000000001f,-0.005916406973418452f,0.9847135443807926f,0.1740811065036685f,1.4375f,0.07660341153857332f,0.17401891828979185f,-0.9817582866560907f,-0.875f,0f,0f,0f,1f], start_interpolation: 0, interpolation_duration: 1 }
$data merge entity $(item_display_r_item) { transformation: [-0.39929567610948824f,0.04536997574147325f,-0.17294732822881306f,0.010327892722966303f,-0.12187163275356137f,0.2405864187087561f,0.34448763441214575f,0.8891137847565792f,0.1308301118636216f,0.36258239123558283f,-0.20693897988450372f,-0.46214685840316083f,0f,0f,0f,1f], start_interpolation: 0, interpolation_duration: 1 }
$data merge entity $(bone_rightarm) { transformation: [-0.9126758311074017f,-0.39530817880871555f,-0.10370280169479609f,-0.24970256924433043f,-0.2785637320081403f,0.7874003072277618f,-0.5499118141914423f,1.3125f,0.2990402556882779f,-0.47300338259315117f,-0.828759751395618f,-0.8613689414483325f,0f,0f,0f,1f], start_interpolation: 0, interpolation_duration: 1 }
$data merge entity $(item_display_l_item) { transformation: [-0.4370835969420628f,0.019083481972334445f,-4.237384215140959e-18f,0.38015499266499764f,0f,9.71445146547012e-17f,0.4375f,0.6875f,0.019083481972334445f,0.4370835969420628f,-9.705205460221195e-17f,-0.7637500308539352f,0f,0f,0f,1f], start_interpolation: 0, interpolation_duration: 1 }
$data merge entity $(bone_leftarm) { transformation: [-0.9990482215818578f,0f,-0.043619387365335875f,0.37470256924433065f,0f,1f,0f,1.3125f,0.043619387365335875f,0f,-0.9990482215818578f,-0.8886310585516675f,0f,0f,0f,1f], start_interpolation: 0, interpolation_duration: 1 }
$data merge entity $(bone_body) { transformation: [-0.9990482215818578f,0f,-0.043619387365335875f,0.0625000000000001f,0f,1f,0f,0.6875f,0.043619387365335875f,0f,-0.9990482215818578f,-0.875f,0f,0f,0f,1f], start_interpolation: 0, interpolation_duration: 1 }
$data merge entity $(bone_leftleg) { transformation: [-0.9952465390275879f,-0.04345342161151017f,-0.0871557611627618f,0.18738102769773232f,-0.043619410209978775f,0.9990482205844381f,4.023395993387087e-8f,0.75f,0.08707280635503623f,0.003801722941030819f,-0.9961946964806317f,-0.880452423420667f,0f,0f,0f,1f], start_interpolation: 0, interpolation_duration: 1 }
$data merge entity $(bone_rightleg) { transformation: [-0.9990482205844388f,0.04361941020997806f,1.848544667337748e-8f,-0.06238102769773213f,0.043619410209978775f,0.9990482205844381f,4.023395993387087e-8f,0.75f,-1.671287099686003e-8f,4.1001990360020266e-8f,-0.999999999999999f,-0.869547576579333f,0f,0f,0f,1f], start_interpolation: 0, interpolation_duration: 1 }
$data merge entity $(text_display_text) { transformation: [-2f,0f,7.347880794884119e-16f,6.888638245203862e-17f,0f,2f,0f,2.745914713486766f,-7.347880794884119e-16f,0f,-2f,-0.5625f,0f,0f,0f,1f], start_interpolation: 0, interpolation_duration: 1 }
data modify entity @s data merge value {"locators":{},"cameras":{"camera":{"posx":-0.9999999999999996,"posy":1.3760416666666666,"posz":-3.25,"roty":342.32767739001963,"rotx":1.6623938428909113}}}