# This file was generated by Animated Java via MC-Build. It is not recommended to edit this file directly.
$data merge entity $(bone_left_eye) { transformation: [-0.9956204695765928f,0.007513705662537509f,-0.09318489570365818f,0.21212720903862314f,-0.008868487041914543f,0.9846790368507782f,0.17415092398322535f,1.6412405890971276f,0.09306573213418726f,0.17421463375342638f,-0.980299969850294f,-0.5980045656158433f,0f,0f,0f,1f], start_interpolation: 0, interpolation_duration: 1 }
$data merge entity $(bone_right_eye) { transformation: [-0.9956204695765928f,0.007513705662537509f,-0.09318489570365818f,-0.036777908355525066f,-0.008868487041914543f,0.9846790368507782f,0.17415092398322535f,1.639023467336649f,0.09306573213418726f,0.17421463375342638f,-0.980299969850294f,-0.5747381325822964f,0f,0f,0f,1f], start_interpolation: 0, interpolation_duration: 1 }
$data merge entity $(bone_right_close) { transformation: [-0.9956204695765928f,0.007513705662537509f,-0.09318489570365818f,-0.036308301751616465f,-0.008868487041914543f,0.9846790368507782f,0.17415092398322535f,1.7005659071398227f,0.09306573213418726f,0.17421463375342638f,-0.980299969850294f,-0.5638497179727072f,0f,0f,0f,1f], start_interpolation: 0, interpolation_duration: 1 }
$data merge entity $(bone_left_close) { transformation: [-0.9956204695765928f,0.007513705662537509f,-0.09318489570365818f,0.21259681564253174f,-0.008868487041914543f,0.9846790368507782f,0.17415092398322535f,1.7027830289003012f,0.09306573213418726f,0.17421463375342638f,-0.980299969850294f,-0.587116151006254f,0f,0f,0f,1f], start_interpolation: 0, interpolation_duration: 1 }
$data merge entity $(bone_left_eyebrow) { transformation: [-0.9956204695765928f,0.007513705662537509f,-0.09318489570365818f,0.21241479705694977f,-0.008868487041914543f,0.9846790368507782f,0.17415092398322535f,1.6781551685462828f,0.09306573213418726f,0.17421463375342638f,-0.980299969850294f,-0.5914102481019741f,0f,0f,0f,1f], start_interpolation: 0, interpolation_duration: 1 }
$data merge entity $(bone_right_eyebrow) { transformation: [-0.9956204695765928f,0.007513705662537509f,-0.09318489570365818f,-0.036490320337198415f,-0.008868487041914543f,0.9846790368507782f,0.17415092398322535f,1.675938046785804f,0.09306573213418726f,0.17421463375342638f,-0.980299969850294f,-0.5681438150684273f,0f,0f,0f,1f], start_interpolation: 0, interpolation_duration: 1 }
$data merge entity $(bone_talking) { transformation: [-0.9956204695765928f,0.007513705662537509f,-0.09318489570365818f,0.056675944018521475f,-0.008868487041914543f,0.9846790368507782f,0.17415092398322535f,1.4483844327489517f,0.09306573213418726f,0.17421463375342638f,-0.980299969850294f,-0.9362687481156433f,0f,0f,0f,1f], start_interpolation: 0, interpolation_duration: 1 }
$data merge entity $(bone_m_opened) { transformation: [-0.9956204695765928f,0.007513705662537509f,-0.09318489570365818f,0.056675944018521475f,-0.008868487041914543f,0.9846790368507782f,0.17415092398322535f,1.4483844327489517f,0.09306573213418726f,0.17421463375342638f,-0.980299969850294f,-0.9362687481156433f,0f,0f,0f,1f], start_interpolation: 0, interpolation_duration: 1 }
$data merge entity $(bone_head) { transformation: [-0.9956204695765928f,0.007513705662537509f,-0.09318489570365818f,0.06250000000000011f,-0.008868487041914543f,0.9846790368507782f,0.17415092398322535f,1.4375f,0.09306573213418726f,0.17421463375342638f,-0.980299969850294f,-0.8749999999999999f,0f,0f,0f,1f], start_interpolation: 0, interpolation_duration: 1 }
$data merge entity $(item_display_r_item) { transformation: [-0.39405045486427737f,0.039482996730019274f,-0.18593434860313846f,0.027198784968730016f,-0.12989415635918627f,0.2565077593515708f,0.3297537377137247f,0.914711163080842f,0.13877318604468009f,0.35220890443265906f,-0.21931060273811356f,-0.44743696484169626f,0f,0f,0f,1f], start_interpolation: 0, interpolation_duration: 1 }
$data merge entity $(bone_rightarm) { transformation: [-0.9006867539754911f,-0.4249927968071736f,-0.09024684966861557f,-0.24970256924433043f,-0.2969009288209972f,0.7537228290599423f,-0.5863034499464473f,1.3125f,0.31719585381641163f,-0.5012813776871166f,-0.8050489244175065f,-0.8613689414483324f,0f,0f,0f,1f], start_interpolation: 0, interpolation_duration: 1 }
$data merge entity $(item_display_l_item) { transformation: [-0.4373587388535351f,0.010492976017856802f,0.00367164850359984f,0.37245535024428994f,0.004328245983918355f,0.02763140866228186f,0.4366051093860912f,0.6966731033519501f,0.01023962084981664f,0.4365004612937157f,-0.02772629537506487f,-0.7243076476462275f,0f,0f,0f,1f], start_interpolation: 0, interpolation_duration: 1 }
$data merge entity $(bone_leftarm) { transformation: [-0.9996771173795088f,0.008392339436799639f,-0.02398394518367269f,0.37470256924433065f,0.00989313367752767f,0.9979545357396371f,-0.06315750551378689f,1.3125f,0.023404847656723748f,-0.06337438942871948f,-0.9977153400999217f,-0.8886310585516674f,0f,0f,0f,1f], start_interpolation: 0, interpolation_duration: 1 }
$data merge entity $(bone_body) { transformation: [-0.9990482215818578f,0f,-0.043619387365335875f,0.06250000000000011f,0f,1f,0f,0.6875f,0.043619387365335875f,0f,-0.9990482215818578f,-0.8749999999999999f,0f,0f,0f,1f], start_interpolation: 0, interpolation_duration: 1 }
$data merge entity $(bone_leftleg) { transformation: [-0.9952465390275879f,-0.04345342161151017f,-0.0871557611627618f,0.18738102769773235f,-0.043619410209978775f,0.9990482205844381f,4.023395993387087e-8f,0.75f,0.08707280635503623f,0.003801722941030819f,-0.9961946964806317f,-0.8804524234206669f,0f,0f,0f,1f], start_interpolation: 0, interpolation_duration: 1 }
$data merge entity $(bone_rightleg) { transformation: [-0.9990482205844388f,0.04361941020997806f,1.848544667337748e-8f,-0.062381027697732114f,0.043619410209978775f,0.9990482205844381f,4.023395993387087e-8f,0.75f,-1.671287099686003e-8f,4.1001990360020266e-8f,-0.999999999999999f,-0.8695475765793329f,0f,0f,0f,1f], start_interpolation: 0, interpolation_duration: 1 }
$data merge entity $(text_display_text) { transformation: [-2f,0f,7.347880794884119e-16f,6.888638245203863e-17f,0f,2f,0f,2.7348275039376775f,-7.347880794884119e-16f,0f,-2f,-0.5625000000000001f,0f,0f,0f,1f], start_interpolation: 0, interpolation_duration: 1 }
data modify entity @s data merge value {"locators":{},"cameras":{"camera":{"posx":-0.9999999999999996,"posy":1.3817708333333334,"posz":-3.25,"roty":342.31708544333526,"rotx":1.761653696691001}}}