# This file was generated by Animated Java via MC-Build. It is not recommended to edit this file directly.
$data merge entity $(bone_left_eye) { transformation: [-0.9939163453705651f,0.007506766625429802f,-0.10988151282199869f,0.21608661303317786f,-0.01181322229501058f,0.9846530232896902f,0.17412315040074797f,1.641609121009112f,0.10950226565796889f,0.17436190002779897f,-0.9785740552633038f,-0.6004537943844704f,0f,0f,0f,1f], start_interpolation: 0, interpolation_duration: 1 }
$data merge entity $(bone_right_eye) { transformation: [-0.9939163453705651f,0.007506766625429802f,-0.10988151282199869f,-0.032392473309463404f,-0.01181322229501058f,0.9846530232896902f,0.17412315040074797f,1.6386558154353592f,0.10950226565796889f,0.17436190002779897f,-0.9785740552633038f,-0.5730782279699783f,0f,0f,0f,1f], start_interpolation: 0, interpolation_duration: 1 }
$data merge entity $(bone_right_close) { transformation: [-0.9939163453705651f,0.007506766625429802f,-0.10988151282199869f,-0.03192330039537403f,-0.01181322229501058f,0.9846530232896902f,0.17412315040074797f,1.7001966293909647f,0.10950226565796889f,0.17436190002779897f,-0.9785740552633038f,-0.562180609218241f,0f,0f,0f,1f], start_interpolation: 0, interpolation_duration: 1 }
$data merge entity $(bone_left_close) { transformation: [-0.9939163453705651f,0.007506766625429802f,-0.10988151282199869f,0.21655578594726724f,-0.01181322229501058f,0.9846530232896902f,0.17412315040074797f,1.7031499349647174f,0.10950226565796889f,0.17436190002779897f,-0.9785740552633038f,-0.5895561756327331f,0f,0f,0f,1f], start_interpolation: 0, interpolation_duration: 1 }
$data merge entity $(bone_left_eyebrow) { transformation: [-0.9939163453705651f,0.007506766625429802f,-0.10988151282199869f,0.21637498437618286f,-0.01181322229501058f,0.9846530232896902f,0.17412315040074797f,1.6785227266855753f,0.10950226565796889f,0.17436190002779897f,-0.9785740552633038f,-0.5938540622549741f,0f,0f,0f,1f], start_interpolation: 0, interpolation_duration: 1 }
$data merge entity $(bone_right_eyebrow) { transformation: [-0.9939163453705651f,0.007506766625429802f,-0.10988151282199869f,-0.03210410196645841f,-0.01181322229501058f,0.9846530232896902f,0.17412315040074797f,1.6755694211118228f,0.10950226565796889f,0.17436190002779897f,-0.9785740552633038f,-0.5664784958404818f,0f,0f,0f,1f], start_interpolation: 0, interpolation_duration: 1 }
$data merge entity $(bone_talking) { transformation: [-0.9939163453705651f,0.007506766625429802f,-0.10988151282199869f,0.055632405448625195f,-0.01181322229501058f,0.9846530232896902f,0.17412315040074797f,1.4483826969000468f,0.10950226565796889f,0.17436190002779897f,-0.9785740552633038f,-0.9361608784539566f,0f,0f,0f,1f], start_interpolation: 0, interpolation_duration: 1 }
$data merge entity $(bone_m_opened) { transformation: [-0.9939163453705651f,0.007506766625429802f,-0.10988151282199869f,0.055632405448625195f,-0.01181322229501058f,0.9846530232896902f,0.17412315040074797f,1.4483826969000468f,0.10950226565796889f,0.17436190002779897f,-0.9785740552633038f,-0.9361608784539566f,0f,0f,0f,1f], start_interpolation: 0, interpolation_duration: 1 }
$data merge entity $(bone_head) { transformation: [-0.9939163453705651f,0.007506766625429802f,-0.10988151282199869f,0.06250000000000011f,-0.01181322229501058f,0.9846530232896902f,0.17412315040074797f,1.4375f,0.10950226565796889f,0.17436190002779897f,-0.9785740552633038f,-0.8750000000000001f,0f,0f,0f,1f], start_interpolation: 0, interpolation_duration: 1 }
$data merge entity $(item_display_r_item) { transformation: [-0.388890517559133f,0.03301634852109645f,-0.1976874707282258f,0.042141345659162555f,-0.13718299941513146f,0.2707546315497433f,0.3150857092377101f,0.9397360243889121f,0.1461206351753841f,0.3420644679365225f,-0.23031914760012034f,-0.4346088826091544f,0f,0f,0f,1f], start_interpolation: 0, interpolation_duration: 1 }
$data merge entity $(bone_rightarm) { transformation: [-0.8888926115637326f,-0.4518570759502304f,-0.07546593947679199f,-0.24970256924433043f,-0.31356114152030046f,0.7201959068290519f,-0.6188677292565559f,1.3125f,0.3339900232580208f,-0.526443765943132f,-0.7818616409977659f,-0.8613689414483326f,0f,0f,0f,1f], start_interpolation: 0, interpolation_duration: 1 }
$data merge entity $(item_display_l_item) { transformation: [-0.4373779341578185f,-0.00021921559993066668f,0.01033173055977248f,0.35988032113038976f,0.010183922648274937f,0.06514414537840671f,0.4325029225825081f,0.7132512949902475f,-0.0017551157605532322f,0.43262274820845675f,-0.06512086686484833f,-0.671994749256611f,0f,0f,0f,1f], start_interpolation: 0, interpolation_duration: 1 }
$data merge entity $(bone_leftarm) { transformation: [-0.999720992360728f,0.02361538413662281f,0.0005010642284129577f,0.37470256924433065f,0.023277537481771284f,0.9885781087600185f,-0.14890090372207226f,1.3125f,-0.004011693166978816f,-0.14884769569108167f,-0.988851995905044f,-0.8886310585516676f,0f,0f,0f,1f], start_interpolation: 0, interpolation_duration: 1 }
$data merge entity $(bone_body) { transformation: [-0.9990482215818578f,0f,-0.043619387365335875f,0.06250000000000011f,0f,1f,0f,0.6875f,0.043619387365335875f,0f,-0.9990482215818578f,-0.8750000000000001f,0f,0f,0f,1f], start_interpolation: 0, interpolation_duration: 1 }
$data merge entity $(bone_leftleg) { transformation: [-0.9952465390275879f,-0.04345342161151017f,-0.0871557611627618f,0.18738102769773235f,-0.043619410209978775f,0.9990482205844381f,4.023395993387087e-8f,0.75f,0.08707280635503623f,0.003801722941030819f,-0.9961946964806317f,-0.8804524234206671f,0f,0f,0f,1f], start_interpolation: 0, interpolation_duration: 1 }
$data merge entity $(bone_rightleg) { transformation: [-0.9990482205844388f,0.04361941020997806f,1.848544667337748e-8f,-0.062381027697732114f,0.043619410209978775f,0.9990482205844381f,4.023395993387087e-8f,0.75f,-1.671287099686003e-8f,4.1001990360020266e-8f,-0.999999999999999f,-0.8695475765793331f,0f,0f,0f,1f], start_interpolation: 0, interpolation_duration: 1 }
$data merge entity $(text_display_text) { transformation: [-2f,0f,7.347880794884119e-16f,6.888638245203862e-17f,0f,2f,0f,2.7236905958067603f,-7.347880794884119e-16f,0f,-2f,-0.5625f,0f,0f,0f,1f], start_interpolation: 0, interpolation_duration: 1 }
data modify entity @s data merge value {"locators":{},"cameras":{"camera":{"posx":-0.9999999999999996,"posy":1.3875,"posz":-3.25,"roty":342.30635648102236,"rotx":1.8618729506987808}}}