# This file was generated by Animated Java via MC-Build. It is not recommended to edit this file directly.
$data merge entity $(bone_left_eye) { transformation: [-0.9919322226784593f,0.007505046383533199f,-0.12654698689005847f,0.22000453615320542f,-0.014748169936861462f,0.984635563623891f,0.17399798369686892f,1.6420029162238632f,0.12590852669968414f,0.17446054317765783f,-0.9765810574542554f,-0.6029781656794821f,0f,0f,0f,1f], start_interpolation: 0, interpolation_duration: 1 }
$data merge entity $(bone_right_eye) { transformation: [-0.9919322226784593f,0.007505046383533199f,-0.12654698689005847f,-0.02797851951640938f,-0.014748169936861462f,0.984635563623891f,0.17399798369686892f,1.6383158737396477f,0.12590852669968414f,0.17446054317765783f,-0.9765810574542554f,-0.5715010340045612f,0f,0f,0f,1f], start_interpolation: 0, interpolation_duration: 1 }
$data merge entity $(bone_right_close) { transformation: [-0.9919322226784593f,0.007505046383533199f,-0.12654698689005847f,-0.027509454117438548f,-0.014748169936861462f,0.984635563623891f,0.17399798369686892f,1.699855596466141f,0.12590852669968414f,0.17446054317765783f,-0.9765810574542554f,-0.5605972500559576f,0f,0f,0f,1f], start_interpolation: 0, interpolation_duration: 1 }
$data merge entity $(bone_left_close) { transformation: [-0.9919322226784593f,0.007505046383533199f,-0.12654698689005847f,0.22047360155217627f,-0.014748169936861462f,0.984635563623891f,0.17399798369686892f,1.7035426389503565f,0.12590852669968414f,0.17446054317765783f,-0.9765810574542554f,-0.5920743817308786f,0f,0f,0f,1f], start_interpolation: 0, interpolation_duration: 1 }
$data merge entity $(bone_left_eyebrow) { transformation: [-0.9919322226784593f,0.007505046383533199f,-0.12654698689005847f,0.22029388457926857f,-0.014748169936861462f,0.984635563623891f,0.17399798369686892f,1.6789158749857782f,0.12590852669968414f,0.17446054317765783f,-0.9765810574542554f,-0.5963748589942292f,0f,0f,0f,1f], start_interpolation: 0, interpolation_duration: 1 }
$data merge entity $(bone_right_eyebrow) { transformation: [-0.9919322226784593f,0.007505046383533199f,-0.12654698689005847f,-0.027689171090346257f,-0.014748169936861462f,0.984635563623891f,0.17399798369686892f,1.675228832501563f,0.12590852669968414f,0.17446054317765783f,-0.9765810574542554f,-0.5648977273193081f,0f,0f,0f,1f], start_interpolation: 0, interpolation_duration: 1 }
$data merge entity $(bone_talking) { transformation: [-0.9919322226784593f,0.007505046383533199f,-0.12654698689005847f,0.054590813319371455f,-0.014748169936861462f,0.984635563623891f,0.17399798369686892f,1.4483748739810542f,0.12590852669968414f,0.17446054317765783f,-0.9765810574542554f,-0.936036316090891f,0f,0f,0f,1f], start_interpolation: 0, interpolation_duration: 1 }
$data merge entity $(bone_m_opened) { transformation: [-0.9919322226784593f,0.007505046383533199f,-0.12654698689005847f,0.054590813319371455f,-0.014748169936861462f,0.984635563623891f,0.17399798369686892f,1.4483748739810542f,0.12590852669968414f,0.17446054317765783f,-0.9765810574542554f,-0.936036316090891f,0f,0f,0f,1f], start_interpolation: 0, interpolation_duration: 1 }
$data merge entity $(bone_head) { transformation: [-0.9919322226784593f,0.007505046383533199f,-0.12654698689005847f,0.06250000000000011f,-0.014748169936861462f,0.984635563623891f,0.17399798369686892f,1.4375f,0.12590852669968414f,0.17446054317765783f,-0.9765810574542554f,-0.875f,0f,0f,0f,1f], start_interpolation: 0, interpolation_duration: 1 }
$data merge entity $(item_display_r_item) { transformation: [-0.383961190773214f,0.026308145314923485f,-0.20805752923195164f,0.055039085462721515f,-0.1436656553851066f,0.28320040535244484f,0.30093846525656814f,0.9635023083056011f,0.15277510740556963f,0.3324329434612336f,-0.2399048866924492f,-0.4236668337559099f,0f,0f,0f,1f], start_interpolation: 0, interpolation_duration: 1 }
$data merge entity $(bone_rightarm) { transformation: [-0.8776255789102034f,-0.47556006681588947f,-0.06013290357696807f,-0.24970256924433043f,-0.32837864088024366f,0.6878593491578702f,-0.6473152122341596f,1.3125f,0.34920024549844486f,-0.548354026725598f,-0.7598467279113912f,-0.8613689414483325f,0f,0f,0f,1f], start_interpolation: 0, interpolation_duration: 1 }
$data merge entity $(item_display_l_item) { transformation: [-0.43686162564056713f,-0.011363482361553f,0.0207133124173732f,0.3418654136876395f,0.017199307413375435f,0.11000144970011583f,0.4230958696186635f,0.7395063147447994f,-0.016197341361508737f,0.4232928092142502f,-0.10939421282831736f,-0.6114128090214285f,0f,0f,0f,1f], start_interpolation: 0, interpolation_duration: 1 }
$data merge entity $(bone_leftarm) { transformation: [-0.9985408586070106f,0.04734471409685302f,0.025973673969264012f,0.37470256924433065f,0.03931270265914385f,0.9670762734140881f,-0.25143188502883596f,1.3125f,-0.037022494540591394f,-0.25004391503615375f,-0.9675264210611434f,-0.8886310585516675f,0f,0f,0f,1f], start_interpolation: 0, interpolation_duration: 1 }
$data merge entity $(bone_body) { transformation: [-0.9990482215818578f,0f,-0.043619387365335875f,0.06250000000000011f,0f,1f,0f,0.6875f,0.043619387365335875f,0f,-0.9990482215818578f,-0.875f,0f,0f,0f,1f], start_interpolation: 0, interpolation_duration: 1 }
$data merge entity $(bone_leftleg) { transformation: [-0.9952465390275879f,-0.04345342161151017f,-0.0871557611627618f,0.18738102769773235f,-0.043619410209978775f,0.9990482205844381f,4.023395993387087e-8f,0.75f,0.08707280635503623f,0.003801722941030819f,-0.9961946964806317f,-0.880452423420667f,0f,0f,0f,1f], start_interpolation: 0, interpolation_duration: 1 }
$data merge entity $(bone_rightleg) { transformation: [-0.9990482205844388f,0.04361941020997806f,1.848544667337748e-8f,-0.062381027697732114f,0.043619410209978775f,0.9990482205844381f,4.023395993387087e-8f,0.75f,-1.671287099686003e-8f,4.1001990360020266e-8f,-0.999999999999999f,-0.869547576579333f,0f,0f,0f,1f], start_interpolation: 0, interpolation_duration: 1 }
$data merge entity $(text_display_text) { transformation: [-2f,0f,7.347880794884119e-16f,6.888638245203862e-17f,0f,2f,0f,2.712511875610435f,-7.347880794884119e-16f,0f,-2f,-0.5625f,0f,0f,0f,1f], start_interpolation: 0, interpolation_duration: 1 }
data modify entity @s data merge value {"locators":{},"cameras":{"camera":{"posx":-0.9999999999999996,"posy":1.3932291666666667,"posz":-3.25,"roty":342.2955042965195,"rotx":1.9629140511661372}}}