# This file was generated by Animated Java via MC-Build. It is not recommended to edit this file directly.
$data merge entity $(bone_left_eye) { transformation: [-0.989668697184273f,0.007507678887985912f,-0.1431764805102385f,0.22387962699759034f,-0.017670891862355924f,0.9846267079669891f,0.1737756759125923f,1.6424216194963936f,0.14228003863639038f,0.17451040288706082f,-0.974321563904763f,-0.605577013131593f,0f,0f,0f,1f], start_interpolation: 0, interpolation_duration: 1 }
$data merge entity $(bone_right_eye) { transformation: [-0.989668697184273f,0.007507678887985912f,-0.1431764805102385f,-0.0235375472984779f,-0.017670891862355924f,0.9846267079669891f,0.1737756759125923f,1.6380038965308048f,0.14228003863639038f,0.17451040288706082f,-0.974321563904763f,-0.5700070034724953f,0f,0f,0f,1f], start_interpolation: 0, interpolation_duration: 1 }
$data merge entity $(bone_right_close) { transformation: [-0.989668697184273f,0.007507678887985912f,-0.1431764805102385f,-0.02306831736797879f,-0.017670891862355924f,0.9846267079669891f,0.1737756759125923f,1.6995430657787416f,0.14228003863639038f,0.17451040288706082f,-0.974321563904763f,-0.5591001032920541f,0f,0f,0f,1f], start_interpolation: 0, interpolation_duration: 1 }
$data merge entity $(bone_left_close) { transformation: [-0.989668697184273f,0.007507678887985912f,-0.1431764805102385f,0.22434885692808945f,-0.017670891862355924f,0.9846267079669891f,0.1737756759125923f,1.7039607887443304f,0.14228003863639038f,0.17451040288706082f,-0.974321563904763f,-0.5946701129511517f,0f,0f,0f,1f], start_interpolation: 0, interpolation_duration: 1 }
$data merge entity $(bone_left_eyebrow) { transformation: [-0.989668697184273f,0.007507678887985912f,-0.1431764805102385f,0.2241701134859217f,-0.017670891862355924f,0.9846267079669891f,0.1737756759125923f,1.6793342600654113f,0.14228003863639038f,0.17451040288706082f,-0.974321563904763f,-0.598971977925584f,0f,0f,0f,1f], start_interpolation: 0, interpolation_duration: 1 }
$data merge entity $(bone_right_eyebrow) { transformation: [-0.989668697184273f,0.007507678887985912f,-0.1431764805102385f,-0.023247060810146547f,-0.017670891862355924f,0.9846267079669891f,0.1737756759125923f,1.6749165370998222f,0.14228003863639038f,0.17451040288706082f,-0.974321563904763f,-0.5634019682664865f,0f,0f,0f,1f], start_interpolation: 0, interpolation_duration: 1 }
$data merge entity $(bone_talking) { transformation: [-0.989668697184273f,0.007507678887985912f,-0.1431764805102385f,0.05355146996811021f,-0.017670891862355924f,0.9846267079669891f,0.1737756759125923f,1.448360979744537f,0.14228003863639038f,0.17451040288706082f,-0.974321563904763f,-0.9358950977440478f,0f,0f,0f,1f], start_interpolation: 0, interpolation_duration: 1 }
$data merge entity $(bone_m_opened) { transformation: [-0.989668697184273f,0.007507678887985912f,-0.1431764805102385f,0.05355146996811021f,-0.017670891862355924f,0.9846267079669891f,0.1737756759125923f,1.448360979744537f,0.14228003863639038f,0.17451040288706082f,-0.974321563904763f,-0.9358950977440478f,0f,0f,0f,1f], start_interpolation: 0, interpolation_duration: 1 }
$data merge entity $(bone_head) { transformation: [-0.989668697184273f,0.007507678887985912f,-0.1431764805102385f,0.06250000000000011f,-0.017670891862355924f,0.9846267079669891f,0.1737756759125923f,1.4375f,0.14228003863639038f,0.17451040288706082f,-0.974321563904763f,-0.8750000000000001f,0f,0f,0f,1f], start_interpolation: 0, interpolation_duration: 1 }
$data merge entity $(item_display_r_item) { transformation: [-0.37941301016002593f,0.019721314391482815f,-0.2169402855164997f,0.06584678560537854f,-0.1492806886430765f,0.2937691091374358f,0.28778679002839264f,0.9853100454272778f,0.15864203011672842f,0.32360010858352567f,-0.2480361385064149f,-0.4145744268438756f,0f,0f,0f,1f], start_interpolation: 0, interpolation_duration: 1 }
$data merge entity $(bone_rightarm) { transformation: [-0.8672297375086306f,-0.4958635097519993f,-0.04507729003767512f,-0.24970256924433043f,-0.3412130026127463f,0.6577983772077547f,-0.671472249456996f,1.3125f,0.3626103545525221f,-0.5669397451575195f,-0.7396573910480588f,-0.8613689414483326f,0f,0f,0f,1f], start_interpolation: 0, interpolation_duration: 1 }
$data merge entity $(item_display_l_item) { transformation: [-0.43558453733905095f,-0.02110659988705046f,0.035026736535579944f,0.31863391708291633f,0.024989970680725285f,0.159238648876023f,0.4067244817680823f,0.7769617828673174f,-0.03237069966036353f,0.40694448533595656f,-0.15733586259385338f,-0.5475956876073181f,0f,0f,0f,1f], start_interpolation: 0, interpolation_duration: 1 }
$data merge entity $(bone_leftarm) { transformation: [-0.9956217996321165f,0.08006111208132557f,0.048243656884686785f,0.37470256924433065f,0.05711993298451494f,0.9296559583270454f,-0.36397405457376664f,1.3125f,-0.07399017065225949f,-0.35962482878595037f,-0.9301588236250438f,-0.8886310585516676f,0f,0f,0f,1f], start_interpolation: 0, interpolation_duration: 1 }
$data merge entity $(bone_body) { transformation: [-0.9990482215818578f,0f,-0.043619387365335875f,0.06250000000000011f,0f,1f,0f,0.6875f,0.043619387365335875f,0f,-0.9990482215818578f,-0.8750000000000001f,0f,0f,0f,1f], start_interpolation: 0, interpolation_duration: 1 }
$data merge entity $(bone_leftleg) { transformation: [-0.9952465390275879f,-0.04345342161151017f,-0.0871557611627618f,0.18738102769773235f,-0.043619410209978775f,0.9990482205844381f,4.023395993387087e-8f,0.75f,0.08707280635503623f,0.003801722941030819f,-0.9961946964806317f,-0.8804524234206671f,0f,0f,0f,1f], start_interpolation: 0, interpolation_duration: 1 }
$data merge entity $(bone_rightleg) { transformation: [-0.9990482205844388f,0.04361941020997806f,1.848544667337748e-8f,-0.062381027697732114f,0.043619410209978775f,0.9990482205844381f,4.023395993387087e-8f,0.75f,-1.671287099686003e-8f,4.1001990360020266e-8f,-0.999999999999999f,-0.8695475765793331f,0f,0f,0f,1f], start_interpolation: 0, interpolation_duration: 1 }
$data merge entity $(text_display_text) { transformation: [-2f,0f,7.347880794884119e-16f,6.888638245203861e-17f,0f,2f,0f,2.7012996133072567f,-7.347880794884119e-16f,0f,-2f,-0.5624999999999999f,0f,0f,0f,1f], start_interpolation: 0, interpolation_duration: 1 }
data modify entity @s data merge value {"locators":{},"cameras":{"camera":{"posx":-0.9999999999999996,"posy":1.3989583333333333,"posz":-3.25,"roty":342.2845428655528,"rotx":2.06463946292991}}}