# This file was generated by Animated Java via MC-Build. It is not recommended to edit this file directly.
$data merge entity $(bone_left_eye) { transformation: [-0.9871264527959276f,0.00751379391654596f,-0.15976516858035492f,0.22771054722371628f,-0.020578955826124058f,0.9846264965526841f,0.17345653306662626f,1.64286486034978f,0.15861233485336498f,0.17451133254710666f,-0.9717962348378373f,-0.6082496500104347f,0f,0f,0f,1f], start_interpolation: 0, interpolation_duration: 1 }
$data merge entity $(bone_right_eye) { transformation: [-0.9871264527959276f,0.00751379391654596f,-0.15976516858035492f,-0.019071065975265616f,-0.020578955826124058f,0.9846264965526841f,0.17345653306662626f,1.6377201213932489f,0.15861233485336498f,0.17451133254710666f,-0.9717962348378373f,-0.5685965662970934f,0f,0f,0f,1f], start_interpolation: 0, interpolation_duration: 1 }
$data merge entity $(bone_right_close) { transformation: [-0.9871264527959276f,0.00751379391654596f,-0.15976516858035492f,-0.018601453855481495f,-0.020578955826124058f,0.9846264965526841f,0.17345653306662626f,1.6992592774277917f,0.15861233485336498f,0.17451133254710666f,-0.9717962348378373f,-0.5576896080128994f,0f,0f,0f,1f], start_interpolation: 0, interpolation_duration: 1 }
$data merge entity $(bone_left_close) { transformation: [-0.9871264527959276f,0.00751379391654596f,-0.15976516858035492f,0.2281801593435004f,-0.020578955826124058f,0.9846264965526841f,0.17345653306662626f,1.7044040163843228f,0.15861233485336498f,0.17451133254710666f,-0.9717962348378373f,-0.5973426917262407f,0f,0f,0f,1f], start_interpolation: 0, interpolation_duration: 1 }
$data merge entity $(bone_left_eyebrow) { transformation: [-0.9871264527959276f,0.00751379391654596f,-0.15976516858035492f,0.22800229981862305f,-0.020578955826124058f,0.9846264965526841f,0.17345653306662626f,1.679777512937189f,0.15861233485336498f,0.17451133254710666f,-0.9717962348378373f,-0.6016447377752409f,0f,0f,0f,1f], start_interpolation: 0, interpolation_duration: 1 }
$data merge entity $(bone_right_eyebrow) { transformation: [-0.9871264527959276f,0.00751379391654596f,-0.15976516858035492f,-0.018779313380358847f,-0.020578955826124058f,0.9846264965526841f,0.17345653306662626f,1.6746327739806581f,0.15861233485336498f,0.17451133254710666f,-0.9717962348378373f,-0.5619916540618997f,0f,0f,0f,1f], start_interpolation: 0, interpolation_duration: 1 }
$data merge entity $(bone_talking) { transformation: [-0.9871264527959276f,0.00751379391654596f,-0.15976516858035492f,0.05251467696372793f,-0.020578955826124058f,0.9846264965526841f,0.17345653306662626f,1.4483410333166642f,0.15861233485336498f,0.17451133254710666f,-0.9717962348378373f,-0.935737264677365f,0f,0f,0f,1f], start_interpolation: 0, interpolation_duration: 1 }
$data merge entity $(bone_m_opened) { transformation: [-0.9871264527959276f,0.00751379391654596f,-0.15976516858035492f,0.05251467696372793f,-0.020578955826124058f,0.9846264965526841f,0.17345653306662626f,1.4483410333166642f,0.15861233485336498f,0.17451133254710666f,-0.9717962348378373f,-0.935737264677365f,0f,0f,0f,1f], start_interpolation: 0, interpolation_duration: 1 }
$data merge entity $(bone_head) { transformation: [-0.9871264527959276f,0.00751379391654596f,-0.15976516858035492f,0.06250000000000011f,-0.020578955826124058f,0.9846264965526841f,0.17345653306662626f,1.4375f,0.15861233485336498f,0.17451133254710666f,-0.9717962348378373f,-0.8750000000000001f,0f,0f,0f,1f], start_interpolation: 0, interpolation_duration: 1 }
$data merge entity $(item_display_r_item) { transformation: [-0.37539793887013884f,0.013627615230009429f,-0.22426976076857602f,0.07457640763363799f,-0.1539748187813615f,0.30242547011390203f,0.2761101957690665f,1.0044641403624484f,0.16362882592409686f,0.3158470723776431f,-0.25470077384486567f,-0.40726867241919795f,0f,0f,0f,1f], start_interpolation: 0, interpolation_duration: 1 }
$data merge entity $(bone_rightarm) { transformation: [-0.8580524317031745f,-0.5126165960424595f,-0.031148834811450237f,-0.24970256924433043f,-0.35194244292882626f,0.6311090189007235f,-0.6912582174032045f,1.3125f,0.37400874496936426f,-0.5821731973596929f,-0.7219361654346129f,-0.8613689414483326f,0f,0f,0f,1f], start_interpolation: 0, interpolation_duration: 1 }
$data merge entity $(item_display_l_item) { transformation: [-0.43341832399140445f,-0.0277527725846721f,0.052769214911209825f,0.29138861291841034f,0.03316226918305292f,0.20957892101320957f,0.38260056164303996f,0.8258074607994313f,-0.049548666289948876f,0.38303095107419494f,-0.2055199994844418f,-0.4855936446955523f,0f,0f,0f,1f], start_interpolation: 0, interpolation_duration: 1 }
$data merge entity $(bone_leftarm) { transformation: [-0.9906704548374959f,0.12061534836847958f,0.06343490876496483f,0.37470256924433065f,0.07579947241840668f,0.8745155694698057f,-0.4790375337444788f,1.3125f,-0.113254094377026f,-0.4697599988215811f,-0.8754993167410171f,-0.8886310585516676f,0f,0f,0f,1f], start_interpolation: 0, interpolation_duration: 1 }
$data merge entity $(text_display_text) { transformation: [-2f,0f,7.347880794884119e-16f,6.888638245203861e-17f,0f,2f,0f,2.6900606308734005f,-7.347880794884119e-16f,0f,-2f,-0.5624999999999999f,0f,0f,0f,1f], start_interpolation: 0, interpolation_duration: 1 }
data modify entity @s data merge value {"locators":{},"cameras":{"camera":{"posx":-0.9999999999999996,"posy":1.4046875,"posz":-3.25,"roty":342.27348634968223,"rotx":2.1669116698934383}}}