# This file was generated by Animated Java via MC-Build. It is not recommended to edit this file directly.
$data merge entity $(bone_left_eye) { transformation: [-0.9843062614247277f,0.007522517377118121f,-0.1763082398879494f,0.23149597199435795f,-0.023469936609096406f,0.9846349596720778f,0.17304091500893876f,1.643332253241922f,0.17490095996203325f,0.1744631993397941f,-0.9690058030169286f,-0.6109953694060736f,0f,0f,0f,1f], start_interpolation: 0, interpolation_duration: 1 }
$data merge entity $(bone_right_eye) { transformation: [-0.9843062614247277f,0.007522517377118121f,-0.1763082398879494f,-0.014580593361823976f,-0.023469936609096406f,0.9846349596720778f,0.17304091500893876f,1.6374647690896478f,0.17490095996203325f,0.1744631993397941f,-0.9690058030169286f,-0.5672701294155652f,0f,0f,0f,1f], start_interpolation: 0, interpolation_duration: 1 }
$data merge entity $(bone_right_close) { transformation: [-0.9843062614247277f,0.007522517377118121f,-0.1763082398879494f,-0.014110436025754083f,-0.023469936609096406f,0.9846349596720778f,0.17304091500893876f,1.6990044540691525f,0.17490095996203325f,0.1744631993397941f,-0.9690058030169286f,-0.5563661794568281f,0f,0f,0f,1f], start_interpolation: 0, interpolation_duration: 1 }
$data merge entity $(bone_left_close) { transformation: [-0.9843062614247277f,0.007522517377118121f,-0.1763082398879494f,0.23196612933042782f,-0.023469936609096406f,0.9846349596720778f,0.17304091500893876f,1.7048719382214266f,0.17490095996203325f,0.1744631993397941f,-0.9690058030169286f,-0.6000914194473365f,0f,0f,0f,1f], start_interpolation: 0, interpolation_duration: 1 }
$data merge entity $(bone_left_eyebrow) { transformation: [-0.9843062614247277f,0.007522517377118121f,-0.1763082398879494f,0.23178908566099288f,-0.023469936609096406f,0.9846349596720778f,0.17304091500893876f,1.680245249172437f,0.17490095996203325f,0.1744631993397941f,-0.9690058030169286f,-0.6043924365681427f,0f,0f,0f,1f], start_interpolation: 0, interpolation_duration: 1 }
$data merge entity $(bone_right_eyebrow) { transformation: [-0.9843062614247277f,0.007522517377118121f,-0.1763082398879494f,-0.014287479695189037f,-0.023469936609096406f,0.9846349596720778f,0.17304091500893876f,1.6743777650201628f,0.17490095996203325f,0.1744631993397941f,-0.9690058030169286f,-0.5606671965776344f,0f,0f,0f,1f], start_interpolation: 0, interpolation_duration: 1 }
$data merge entity $(bone_talking) { transformation: [-0.9843062614247277f,0.007522517377118121f,-0.1763082398879494f,0.05148073500700327f,-0.023469936609096406f,0.9846349596720778f,0.17304091500893876f,1.4483150571880588f,0.17490095996203325f,0.1744631993397941f,-0.9690058030169286f,-0.9355628626885582f,0f,0f,0f,1f], start_interpolation: 0, interpolation_duration: 1 }
$data merge entity $(bone_m_opened) { transformation: [-0.9843062614247277f,0.007522517377118121f,-0.1763082398879494f,0.05148073500700327f,-0.023469936609096406f,0.9846349596720778f,0.17304091500893876f,1.4483150571880588f,0.17490095996203325f,0.1744631993397941f,-0.9690058030169286f,-0.9355628626885582f,0f,0f,0f,1f], start_interpolation: 0, interpolation_duration: 1 }
$data merge entity $(bone_head) { transformation: [-0.9843062614247277f,0.007522517377118121f,-0.1763082398879494f,0.06250000000000011f,-0.023469936609096406f,0.9846349596720778f,0.17304091500893876f,1.4375f,0.17490095996203325f,0.1744631993397941f,-0.9690058030169286f,-0.8750000000000001f,0f,0f,0f,1f], start_interpolation: 0, interpolation_duration: 1 }
$data merge entity $(item_display_r_item) { transformation: [-0.372065574387978f,0.008391855922660117f,-0.23000659796953088f,0.0812759581186166f,-0.15769903453199097f,0.30915978692074425f,0.26637847258890496f,1.020290692564634f,0.16764388704340524f,0.30944474935809363f,-0.259895602563192f,-0.4016767236843174f,0f,0f,0f,1f], start_interpolation: 0, interpolation_duration: 1 }
$data merge entity $(bone_rightarm) { transformation: [-0.8504355986010925f,-0.5257293667874992f,-0.01918138496608038f,-0.24970256924433043f,-0.3604549360731222f,0.6088650802032115f,-0.7066509415331296f,1.3125f,0.3831860275277834f,-0.5940470915730102f,-0.7073022842470713f,-0.8613689414483326f,0f,0f,0f,1f], start_interpolation: 0, interpolation_duration: 1 }
$data merge entity $(item_display_l_item) { transformation: [-0.430359122871646f,-0.03008975387455522f,0.07274532337488225f,0.26218360617319736f,0.041327591771806456f,0.2577346075578125f,0.3510999177233787f,0.884567148268834f,-0.06700227995740457f,0.3522410095073954f,-0.2506854916059574f,-0.4298686392553298f,0f,0f,0f,1f], start_interpolation: 0, interpolation_duration: 1 }
$data merge entity $(bone_leftarm) { transformation: [-0.9836779951351908f,0.1662750248568737f,0.06877658028469769f,0.37470256924433065f,0.09446306690698618f,0.8025140976534371f,-0.589107674417857f,1.3125f,-0.1531480684740676f,-0.5729954093850453f,-0.8051223074454753f,-0.8886310585516676f,0f,0f,0f,1f], start_interpolation: 0, interpolation_duration: 1 }
$data merge entity $(text_display_text) { transformation: [-2f,0f,7.347880794884119e-16f,6.888638245203862e-17f,0f,2f,0f,2.6788012224936812f,-7.347880794884119e-16f,0f,-2f,-0.5625f,0f,0f,0f,1f], start_interpolation: 0, interpolation_duration: 1 }
data modify entity @s data merge value {"locators":{},"cameras":{"camera":{"posx":-0.9999999999999996,"posy":1.4104166666666667,"posz":-3.25,"roty":342.26234909921106,"rotx":2.26959317544523}}}