# This file was generated by Animated Java via MC-Build. It is not recommended to edit this file directly.
$data merge entity $(bone_left_eye) { transformation: [-0.9812089827346798f,0.007532971613567981f,-0.19280089869978306f,0.23523459042017286f,-0.026341417182127055f,0.984652117615496f,0.17252923525059935f,1.64382339773899f,0.19114147101456547f,0.17436588431797287f,-0.9659510735251551f,-0.6138134444160385f,0f,0f,0f,1f], start_interpolation: 0, interpolation_duration: 1 }
$data merge entity $(bone_right_eye) { transformation: [-0.9812089827346798f,0.007532971613567981f,-0.19280089869978306f,-0.010067655263497108f,-0.026341417182127055f,0.984652117615496f,0.17252923525059935f,1.6372380434434581f,0.19114147101456547f,0.17436588431797287f,-0.9659510735251551f,-0.5660280766623972f,0f,0f,0f,1f], start_interpolation: 0, interpolation_duration: 1 }
$data merge entity $(bone_right_close) { transformation: [-0.9812089827346798f,0.007532971613567981f,-0.19280089869978306f,-0.009596844537649099f,-0.026341417182127055f,0.984652117615496f,0.17252923525059935f,1.6987788007944267f,0.19114147101456547f,0.17436588431797287f,-0.9659510735251551f,-0.555130208892524f,0f,0f,0f,1f], start_interpolation: 0, interpolation_duration: 1 }
$data merge entity $(bone_left_close) { transformation: [-0.9812089827346798f,0.007532971613567981f,-0.19280089869978306f,0.23570540114602084f,-0.026341417182127055f,0.984652117615496f,0.17252923525059935f,1.7053641550899585f,0.19114147101456547f,0.17436588431797287f,-0.9659510735251551f,-0.6029155766461652f,0f,0f,0f,1f], start_interpolation: 0, interpolation_duration: 1 }
$data merge entity $(bone_left_eyebrow) { transformation: [-0.9812089827346798f,0.007532971613567981f,-0.19280089869978306f,0.2355291269118504f,-0.026341417182127055f,0.984652117615496f,0.17252923525059935f,1.6807370690723682f,0.19114147101456547f,0.17436588431797287f,-0.9659510735251551f,-0.6072143518120193f,0f,0f,0f,1f], start_interpolation: 0, interpolation_duration: 1 }
$data merge entity $(bone_right_eyebrow) { transformation: [-0.9812089827346798f,0.007532971613567981f,-0.19280089869978306f,-0.009773118771819564f,-0.026341417182127055f,0.984652117615496f,0.17252923525059935f,1.6741517147768363f,0.19114147101456547f,0.17436588431797287f,-0.9659510735251551f,-0.5594289840583779f,0f,0f,0f,1f], start_interpolation: 0, interpolation_duration: 1 }
$data merge entity $(bone_talking) { transformation: [-0.9812089827346798f,0.007532971613567981f,-0.19280089869978306f,0.050449943831263666f,-0.026341417182127055f,0.984652117615496f,0.17252923525059935f,1.4482830772031625f,0.19114147101456547f,0.17436588431797287f,-0.9659510735251551f,-0.935371942095322f,0f,0f,0f,1f], start_interpolation: 0, interpolation_duration: 1 }
$data merge entity $(bone_m_opened) { transformation: [-0.9812089827346798f,0.007532971613567981f,-0.19280089869978306f,0.050449943831263666f,-0.026341417182127055f,0.984652117615496f,0.17252923525059935f,1.4482830772031625f,0.19114147101456547f,0.17436588431797287f,-0.9659510735251551f,-0.935371942095322f,0f,0f,0f,1f], start_interpolation: 0, interpolation_duration: 1 }
$data merge entity $(bone_head) { transformation: [-0.9812089827346798f,0.007532971613567981f,-0.19280089869978306f,0.06250000000000011f,-0.026341417182127055f,0.984652117615496f,0.17252923525059935f,1.4375f,0.19114147101456547f,0.17436588431797287f,-0.9659510735251551f,-0.8749999999999999f,0f,0f,0f,1f], start_interpolation: 0, interpolation_duration: 1 }
$data merge entity $(item_display_r_item) { transformation: [-0.36510651780666853f,-0.002149167215479682f,-0.24103705469360678f,0.09402203254211366f,-0.1650181187454603f,0.32112200505713684f,0.24709497840667136f,1.0512563180067942f,0.1757057231304605f,0.29712335645042126f,-0.2687963167731988f,-0.3924818156436424f,0f,0f,0f,1f], start_interpolation: 0, interpolation_duration: 1 }
$data merge entity $(bone_rightarm) { transformation: [-0.8345291835580995f,-0.5509418392996727f,0.004912382206810579f,-0.24970256924433043f,-0.377184271418195f,0.5647885220723918f,-0.7339931544163126f,1.3125f,0.4016130814410526f,-0.6143915811958829f,-0.6791391004581059f,-0.8613689414483324f,0f,0f,0f,1f], start_interpolation: 0, interpolation_duration: 1 }
$data merge entity $(item_display_l_item) { transformation: [-0.4265391742733235f,-0.02768732222747261f,0.09329520351070288f,0.23351304359262007f,0.049119973809021826f,0.30082047104306614f,0.31384792874006473f,0.9500945220979262f,-0.08401077897051291f,0.316459644171733f,-0.2901753480698657f,-0.383677805831364f,0f,0f,0f,1f], start_interpolation: 0, interpolation_duration: 1 }
$data merge entity $(bone_leftarm) { transformation: [-0.9749466840533109f,0.21324617945303515f,0.06328530794850887f,0.37470256924433065f,0.11227422584919275f,0.7173666942630053f,-0.6875896480984368f,1.3125f,-0.19202463764688665f,-0.6632579384454073f,-0.7233363295353898f,-0.8886310585516674f,0f,0f,0f,1f], start_interpolation: 0, interpolation_duration: 1 }
$data merge entity $(bone_body) { transformation: [-0.9990482215818578f,0f,-0.043619387365335875f,0.06250000000000011f,0f,1f,0f,0.6875f,0.043619387365335875f,0f,-0.9990482215818578f,-0.8749999999999999f,0f,0f,0f,1f], start_interpolation: 0, interpolation_duration: 1 }
$data merge entity $(bone_leftleg) { transformation: [-0.9952465390275879f,-0.04345342161151017f,-0.0871557611627618f,0.18738102769773235f,-0.043619410209978775f,0.9990482205844381f,4.023395993387087e-8f,0.75f,0.08707280635503623f,0.003801722941030819f,-0.9961946964806317f,-0.8804524234206669f,0f,0f,0f,1f], start_interpolation: 0, interpolation_duration: 1 }
$data merge entity $(bone_rightleg) { transformation: [-0.9990482205844388f,0.04361941020997806f,1.848544667337748e-8f,-0.062381027697732114f,0.043619410209978775f,0.9990482205844381f,4.023395993387087e-8f,0.75f,-1.671287099686003e-8f,4.1001990360020266e-8f,-0.999999999999999f,-0.8695475765793329f,0f,0f,0f,1f], start_interpolation: 0, interpolation_duration: 1 }
$data merge entity $(text_display_text) { transformation: [-2f,0f,7.347880794884119e-16f,6.888638245203862e-17f,0f,2f,0f,2.6675289059415297f,-7.347880794884119e-16f,0f,-2f,-0.5625f,0f,0f,0f,1f], start_interpolation: 0, interpolation_duration: 1 }
data modify entity @s data merge value {"locators":{},"cameras":{"camera":{"posx":-0.9999999999999996,"posy":1.4161458333333332,"posz":-3.25,"roty":342.2511456554577,"rotx":2.3725465028136608}}}