# This file was generated by Animated Java via MC-Build. It is not recommended to edit this file directly.
$data merge entity $(bone_left_eye) { transformation: [-0.9990482215818578f,0.0011418224482834924f,-0.04360444009070428f,0.19856759333247928f,0f,0.9996573249755573f,0.02617694830787315f,1.680870094166921f,0.043619387365335875f,0.026152033653420892f,-0.9987058727081077f,-0.6242379468302848f,0f,0f,0f,1f], start_interpolation: 0, interpolation_duration: 1 }
$data merge entity $(bone_right_eye) { transformation: [-0.9990482215818578f,0.0011418224482834924f,-0.04360444009070428f,-0.05119446206298517f,0f,0.9996573249755573f,0.02617694830787315f,1.680870094166921f,0.043619387365335875f,0.026152033653420892f,-0.9987058727081077f,-0.6133330999889508f,0f,0f,0f,1f], start_interpolation: 0, interpolation_duration: 1 }
$data merge entity $(bone_right_close) { transformation: [-0.9990482215818578f,0.0011418224482834924f,-0.04360444009070428f,-0.05112309815996745f,0f,0.9996573249755573f,0.02617694830787315f,1.7433486769778934f,0.043619387365335875f,0.026152033653420892f,-0.9987058727081077f,-0.611698597885612f,0f,0f,0f,1f], start_interpolation: 0, interpolation_duration: 1 }
$data merge entity $(bone_left_close) { transformation: [-0.9990482215818578f,0.0011418224482834924f,-0.04360444009070428f,0.19863895723549702f,0f,0.9996573249755573f,0.02617694830787315f,1.7433486769778934f,0.043619387365335875f,0.026152033653420892f,-0.9987058727081077f,-0.622603444726946f,0f,0f,0f,1f], start_interpolation: 0, interpolation_duration: 1 }
$data merge entity $(bone_left_eyebrow) { transformation: [-0.9990482215818578f,0.0011418224482834924f,-0.04360444009070428f,0.19861313695179555f,0f,0.9996573249755573f,0.02617694830787315f,1.7183556077942355f,0.043619387365335875f,0.026152033653420892f,-0.9987058727081077f,-0.6231948264512372f,0f,0f,0f,1f], start_interpolation: 0, interpolation_duration: 1 }
$data merge entity $(bone_right_eyebrow) { transformation: [-0.9990482215818578f,0.0011418224482834924f,-0.04360444009070428f,-0.05114891844366888f,0f,0.9996573249755573f,0.02617694830787315f,1.7183556077942355f,0.043619387365335875f,0.026152033653420892f,-0.9987058727081077f,-0.6122899796099033f,0f,0f,0f,1f], start_interpolation: 0, interpolation_duration: 1 }
$data merge entity $(bone_talking) { transformation: [-0.9990482215818578f,0.0011418224482834924f,-0.04360444009070428f,0.05977472249433109f,0f,0.9996573249755573f,0.02617694830787315f,1.4391360592692422f,0.043619387365335875f,0.026152033653420892f,-0.9987058727081077f,-0.9374191170442567f,0f,0f,0f,1f], start_interpolation: 0, interpolation_duration: 1 }
$data merge entity $(bone_m_opened) { transformation: [-0.9990482215818578f,0.0011418224482834924f,-0.04360444009070428f,0.05977472249433109f,0f,0.9996573249755573f,0.02617694830787315f,1.4391360592692422f,0.043619387365335875f,0.026152033653420892f,-0.9987058727081077f,-0.9374191170442567f,0f,0f,0f,1f], start_interpolation: 0, interpolation_duration: 1 }
$data merge entity $(bone_head) { transformation: [-0.9990482215818578f,0.0011418224482834924f,-0.04360444009070428f,0.06250000000000011f,0f,0.9996573249755573f,0.02617694830787315f,1.4375f,0.043619387365335875f,0.026152033653420892f,-0.9987058727081077f,-0.875f,0f,0f,0f,1f], start_interpolation: 0, interpolation_duration: 1 }
$data merge entity $(item_display_r_item) { transformation: [-0.437261438163368f,0.012057312683415753f,0.007956500873970037f,-0.2576240525833117f,0.007579151757730024f,-0.013658021487854088f,0.43722107097859614f,0.6839961781769043f,0.012298014227363794f,0.43712049787203033f,0.013441695807148f,-0.7556797932093926f,0f,0f,0f,1f], start_interpolation: 0, interpolation_duration: 1 }
$data merge entity $(bone_rightarm) { transformation: [-0.999454715801984f,0.01818628771193152f,-0.027559571847807433f,-0.24970256924433043f,0.017323775446240055f,0.9993624479510769f,0.031218334829380995f,1.3125f,0.028109746805402958f,0.03072387613062422f,-0.9991325665646408f,-0.8613689414483325f,0f,0f,0f,1f], start_interpolation: 0, interpolation_duration: 1 }
$data merge entity $(item_display_l_item) { transformation: [-0.4370271324655783f,0.020331065254893466f,-0.000428105728976926f,0.3811230246442672f,-0.0006087913646865737f,-0.0038743475846346087f,0.4374824211369729f,0.6864181562087144f,0.020326457192245833f,0.43701016832151024f,0.0038984511818282537f,-0.7693402264338479f,0f,0f,0f,1f], start_interpolation: 0, interpolation_duration: 1 }
$data merge entity $(bone_leftarm) { transformation: [-0.9989191599213217f,-0.0009785273805186776f,-0.046471006296899355f,0.37470256924433065f,-0.001391523119283597f,0.9999598197416524f,0.008855651622022185f,1.3125f,0.04646047358227619f,0.008910745558464802f,-0.9988803847348805f,-0.8886310585516675f,0f,0f,0f,1f], start_interpolation: 0, interpolation_duration: 1 }
$data merge entity $(bone_body) { transformation: [-0.9990482215818578f,0f,-0.043619387365335875f,0.06250000000000011f,0f,1f,0f,0.6875f,0.043619387365335875f,0f,-0.9990482215818578f,-0.875f,0f,0f,0f,1f], start_interpolation: 0, interpolation_duration: 1 }
$data merge entity $(bone_leftleg) { transformation: [-0.9952465390275879f,-0.04345342161151017f,-0.0871557611627618f,0.18738102769773235f,-0.043619410209978775f,0.9990482205844381f,4.023395993387087e-8f,0.75f,0.08707280635503623f,0.003801722941030819f,-0.9961946964806317f,-0.880452423420667f,0f,0f,0f,1f], start_interpolation: 0, interpolation_duration: 1 }
$data merge entity $(bone_rightleg) { transformation: [-0.9990482205844388f,0.04361941020997806f,1.848544667337748e-8f,-0.062381027697732114f,0.043619410209978775f,0.9990482205844381f,4.023395993387087e-8f,0.75f,-1.671287099686003e-8f,4.1001990360020266e-8f,-0.999999999999999f,-0.869547576579333f,0f,0f,0f,1f], start_interpolation: 0, interpolation_duration: 1 }
$data merge entity $(text_display_text) { transformation: [-2f,0f,7.347880794884119e-16f,6.888638245203862e-17f,0f,2f,0f,2.9271013272126787f,-7.347880794884119e-16f,0f,-2f,-0.5625f,0f,0f,0f,1f], start_interpolation: 0, interpolation_duration: 1 }
data modify entity @s data merge value {"locators":{},"cameras":{"camera":{"posx":-0.9999999999999996,"posy":1.2671875,"posz":-3.25,"roty":342.4856739228546,"rotx":0.1418008812426958}}}