# This file was generated by Animated Java via MC-Build. It is not recommended to edit this file directly.
$data merge entity $(bone_left_eye) { transformation: [-0.9778355638617536f,0.0075442757137120856f,-0.20923836634594964f,0.23892510599763472f,-0.029190989866194186f,0.9846779806188609f,0.17192196076997807f,1.644337878695495f,0.2073294387148098f,0.17421928248135346f,-0.9626329235247901f,-0.6167031283378153f,0f,0f,0f,1f], start_interpolation: 0, interpolation_duration: 1 }
$data merge entity $(bone_right_eye) { transformation: [-0.9778355638617536f,0.0075442757137120856f,-0.20923836634594964f,-0.0055337849678036705f,-0.029190989866194186f,0.9846779806188609f,0.17192196076997807f,1.6370401312289464f,0.2073294387148098f,0.17421928248135346f,-0.9626329235247901f,-0.5648707686591128f,0f,0f,0f,1f], start_interpolation: 0, interpolation_duration: 1 }
$data merge entity $(bone_right_close) { transformation: [-0.9778355638617536f,0.0075442757137120856f,-0.20923836634594964f,-0.0050622677356966655f,-0.029190989866194186f,0.9846779806188609f,0.17192196076997807f,1.6985825050176253f,0.2073294387148098f,0.17421928248135346f,-0.9626329235247901f,-0.5539820635040282f,0f,0f,0f,1f], start_interpolation: 0, interpolation_duration: 1 }
$data merge entity $(bone_left_close) { transformation: [-0.9778355638617536f,0.0075442757137120856f,-0.20923836634594964f,0.23939662322974176f,-0.029190989866194186f,0.9846779806188609f,0.17192196076997807f,1.7058802524841739f,0.2073294387148098f,0.17421928248135346f,-0.9626329235247901f,-0.6058144231827307f,0f,0f,0f,1f], start_interpolation: 0, interpolation_duration: 1 }
$data merge entity $(bone_left_eyebrow) { transformation: [-0.9778355638617536f,0.0075442757137120856f,-0.20923836634594964f,0.23922109373479555f,-0.029190989866194186f,0.9846779806188609f,0.17192196076997807f,1.6812525578461541f,0.2073294387148098f,0.17421928248135346f,-0.9626329235247901f,-0.6101097406870443f,0f,0f,0f,1f], start_interpolation: 0, interpolation_duration: 1 }
$data merge entity $(bone_right_eyebrow) { transformation: [-0.9778355638617536f,0.0075442757137120856f,-0.20923836634594964f,-0.0052377972306428405f,-0.029190989866194186f,0.9846779806188609f,0.17192196076997807f,1.6739548103796056f,0.2073294387148098f,0.17421928248135346f,-0.9626329235247901f,-0.5582773810083419f,0f,0f,0f,1f], start_interpolation: 0, interpolation_duration: 1 }
$data merge entity $(bone_talking) { transformation: [-0.9778355638617536f,0.0075442757137120856f,-0.20923836634594964f,0.049422602103378246f,-0.029190989866194186f,0.9846779806188609f,0.17192196076997807f,1.4482451225481237f,0.2073294387148098f,0.17421928248135346f,-0.9626329235247901f,-0.9351645577202994f,0f,0f,0f,1f], start_interpolation: 0, interpolation_duration: 1 }
$data merge entity $(bone_m_opened) { transformation: [-0.9778355638617536f,0.0075442757137120856f,-0.20923836634594964f,0.049422602103378246f,-0.029190989866194186f,0.9846779806188609f,0.17192196076997807f,1.4482451225481237f,0.2073294387148098f,0.17421928248135346f,-0.9626329235247901f,-0.9351645577202994f,0f,0f,0f,1f], start_interpolation: 0, interpolation_duration: 1 }
$data merge entity $(bone_head) { transformation: [-0.9778355638617536f,0.0075442757137120856f,-0.20923836634594964f,0.0625000000000001f,-0.029190989866194186f,0.9846779806188609f,0.17192196076997807f,1.4375f,0.2073294387148098f,0.17421928248135346f,-0.9626329235247901f,-0.875f,0f,0f,0f,1f], start_interpolation: 0, interpolation_duration: 1 }
$data merge entity $(item_display_r_item) { transformation: [-0.36310482922884857f,-0.0036192653166611734f,-0.24402465840413817f,0.09787000981396377f,-0.16701473258950947f,0.3226579200471258f,0.2437297596292197f,1.0565026062574363f,0.17795283669765807f,0.2954403790097592f,-0.269172844770468f,-0.39242476920201863f,0f,0f,0f,1f], start_interpolation: 0, interpolation_duration: 1 }
$data merge entity $(bone_rightarm) { transformation: [-0.8299538953802253f,-0.5577706477808873f,0.008272606438082558f,-0.24970256924433043f,-0.38174796020459306f,0.5570965934382166f,-0.7375038172505731f,1.3125f,0.40674934102321847f,-0.6152522166182124f,-0.6752922948794498f,-0.8613689414483325f,0f,0f,0f,1f], start_interpolation: 0, interpolation_duration: 1 }
$data merge entity $(item_display_l_item) { transformation: [-0.42222259430560066f,-0.0210410175517464f,0.1126570301323235f,0.20775223546908378f,0.05621252388338488f,0.3367557201462988f,0.2735726358892782f,1.0178978687714022f,-0.09987233358897762f,0.2784943635500273f,-0.32229281167031504f,-0.34864293800835255f,0f,0f,0f,1f], start_interpolation: 0, interpolation_duration: 1 }
$data merge entity $(bone_leftarm) { transformation: [-0.9650802155556587f,0.2575017831595966f,0.04809375440399183f,0.37470256924433065f,0.1284857688763083f,0.625308882032636f,-0.7697273603343971f,1.3125f,-0.22827961963194887f,-0.7366692838178628f,-0.6365585452572055f,-0.8886310585516675f,0f,0f,0f,1f], start_interpolation: 0, interpolation_duration: 1 }
$data merge entity $(bone_body) { transformation: [-0.9990482215818578f,0f,-0.043619387365335875f,0.0625000000000001f,0f,1f,0f,0.6875f,0.043619387365335875f,0f,-0.9990482215818578f,-0.875f,0f,0f,0f,1f], start_interpolation: 0, interpolation_duration: 1 }
$data merge entity $(bone_leftleg) { transformation: [-0.9952465390275879f,-0.04345342161151017f,-0.0871557611627618f,0.18738102769773232f,-0.043619410209978775f,0.9990482205844381f,4.023395993387087e-8f,0.75f,0.08707280635503623f,0.003801722941030819f,-0.9961946964806317f,-0.880452423420667f,0f,0f,0f,1f], start_interpolation: 0, interpolation_duration: 1 }
$data merge entity $(bone_rightleg) { transformation: [-0.9990482205844388f,0.04361941020997806f,1.848544667337748e-8f,-0.06238102769773213f,0.043619410209978775f,0.9990482205844381f,4.023395993387087e-8f,0.75f,-1.671287099686003e-8f,4.1001990360020266e-8f,-0.999999999999999f,-0.869547576579333f,0f,0f,0f,1f], start_interpolation: 0, interpolation_duration: 1 }
$data merge entity $(text_display_text) { transformation: [-2f,0f,7.347880794884119e-16f,6.888638245203862e-17f,0f,2f,0f,2.65625f,-7.347880794884119e-16f,0f,-2f,-0.5625f,0f,0f,0f,1f], start_interpolation: 0, interpolation_duration: 1 }
data modify entity @s data merge value {"locators":{},"cameras":{"camera":{"posx":-0.9999999999999996,"posy":1.421875,"posz":-3.25,"roty":342.2398907523916,"rotx":2.475634195356608}}}