# This file was generated by Animated Java via MC-Build. It is not recommended to edit this file directly.
$data merge entity $(bone_left_eye) { transformation: [-0.9741870391031829f,0.007555545819372947f,-0.22561588279805295f,0.24256623704225444f,-0.032016257488693314f,0.9847125488146554f,0.17121961179538583f,1.644875266440904f,0.22346044862523454f,0.17402330284854467f,-0.959052301997077f,-0.619663654866749f,0f,0f,0f,1f], start_interpolation: 0, interpolation_duration: 1 }
$data merge entity $(bone_right_eye) { transformation: [-0.9741870391031829f,0.007555545819372947f,-0.22561588279805295f,-0.0009805227335412808f,-0.032016257488693314f,0.9847125488146554f,0.17121961179538583f,1.6368712020687306f,0.22346044862523454f,0.17402330284854467f,-0.959052301997077f,-0.5637985427104403f,0f,0f,0f,1f], start_interpolation: 0, interpolation_duration: 1 }
$data merge entity $(bone_right_close) { transformation: [-0.9741870391031829f,0.007555545819372947f,-0.22561588279805295f,-0.0005083011198304815f,-0.032016257488693314f,0.9847125488146554f,0.17121961179538583f,1.6984157363696466f,0.22346044862523454f,0.17402330284854467f,-0.959052301997077f,-0.5529220862824061f,0f,0f,0f,1f], start_interpolation: 0, interpolation_duration: 1 }
$data merge entity $(bone_left_close) { transformation: [-0.9741870391031829f,0.007555545819372947f,-0.22561588279805295f,0.24303845865596524f,-0.032016257488693314f,0.9847125488146554f,0.17121961179538583f,1.70641980074182f,0.22346044862523454f,0.17402330284854467f,-0.959052301997077f,-0.6087871984387149f,0f,0f,0f,1f], start_interpolation: 0, interpolation_duration: 1 }
$data merge entity $(bone_left_eyebrow) { transformation: [-0.9741870391031829f,0.007555545819372947f,-0.22561588279805295f,0.2428636710031558f,-0.032016257488693314f,0.9847125488146554f,0.17121961179538583f,1.6817912857957165f,0.22346044862523454f,0.17402330284854467f,-0.959052301997077f,-0.6130778402410536f,0f,0f,0f,1f], start_interpolation: 0, interpolation_duration: 1 }
$data merge entity $(bone_right_eyebrow) { transformation: [-0.9741870391031829f,0.007555545819372947f,-0.22561588279805295f,-0.0006830887726399087f,-0.032016257488693314f,0.9847125488146554f,0.17121961179538583f,1.6737872214235432f,0.22346044862523454f,0.17402330284854467f,-0.959052301997077f,-0.557212728084745f,0f,0f,0f,1f], start_interpolation: 0, interpolation_duration: 1 }
$data merge entity $(bone_talking) { transformation: [-0.9741870391031829f,0.007555545819372947f,-0.22561588279805295f,0.0483990073251218f,-0.032016257488693314f,0.9847125488146554f,0.17121961179538583f,1.4482012257372117f,0.22346044862523454f,0.17402330284854467f,-0.959052301997077f,-0.9349407688748174f,0f,0f,0f,1f], start_interpolation: 0, interpolation_duration: 1 }
$data merge entity $(bone_m_opened) { transformation: [-0.9741870391031829f,0.007555545819372947f,-0.22561588279805295f,0.0483990073251218f,-0.032016257488693314f,0.9847125488146554f,0.17121961179538583f,1.4482012257372117f,0.22346044862523454f,0.17402330284854467f,-0.959052301997077f,-0.9349407688748174f,0f,0f,0f,1f], start_interpolation: 0, interpolation_duration: 1 }
$data merge entity $(bone_head) { transformation: [-0.9741870391031829f,0.007555545819372947f,-0.22561588279805295f,0.06250000000000011f,-0.032016257488693314f,0.9847125488146554f,0.17121961179538583f,1.4375f,0.22346044862523454f,0.17402330284854467f,-0.959052301997077f,-0.875f,0f,0f,0f,1f], start_interpolation: 0, interpolation_duration: 1 }
$data merge entity $(item_display_r_item) { transformation: [-0.3645337300689397f,0.0006603899121391121f,-0.24191108599481212f,0.09607337929458382f,-0.16558830996096266f,0.31826152801807106f,0.25039241479700364f,1.045728415438015f,0.17635736799549254f,0.30019229448599527f,-0.26493190650606036f,-0.3971255623008192f,0f,0f,0f,1f], start_interpolation: 0, interpolation_duration: 1 }
$data merge entity $(bone_rightarm) { transformation: [-0.8332199544432907f,-0.5529396251309991f,-0.0015094626563180932f,-0.24970256924433043f,-0.37848756562505753f,0.5723255195360084f,-0.7274549211841623f,1.3125f,0.40310255541826867f,-0.6055586434424235f,-0.6861538159679893f,-0.8613689414483325f,0f,0f,0f,1f], start_interpolation: 0, interpolation_duration: 1 }
$data merge entity $(item_display_l_item) { transformation: [-0.4177865223279372f,-0.011508493312869893f,0.12933764472417014f,0.18664636440612478f,0.06232791401201289f,0.36451969654309185f,0.2337667041454864f,1.0826960502330456f,-0.11391182070373186f,0.24165925476546493f,-0.34645512218779645f,-0.3246496683503969f,0f,0f,0f,1f], start_interpolation: 0, interpolation_duration: 1 }
$data merge entity $(bone_leftarm) { transformation: [-0.9549406224638565f,0.2956289022266746f,0.026305127572274108f,0.37470256924433065f,0.14246380345602946f,0.5343238951896834f,-0.8331878778127813f,1.3125f,-0.26036987589424426f,-0.7918974221435346f,-0.5523640108924914f,-0.8886310585516675f,0f,0f,0f,1f], start_interpolation: 0, interpolation_duration: 1 }
$data merge entity $(bone_body) { transformation: [-0.9990482215818578f,0f,-0.043619387365335875f,0.06250000000000011f,0f,1f,0f,0.6875f,0.043619387365335875f,0f,-0.9990482215818578f,-0.875f,0f,0f,0f,1f], start_interpolation: 0, interpolation_duration: 1 }
$data merge entity $(bone_leftleg) { transformation: [-0.9952465390275879f,-0.04345342161151017f,-0.0871557611627618f,0.18738102769773235f,-0.043619410209978775f,0.9990482205844381f,4.023395993387087e-8f,0.75f,0.08707280635503623f,0.003801722941030819f,-0.9961946964806317f,-0.880452423420667f,0f,0f,0f,1f], start_interpolation: 0, interpolation_duration: 1 }
$data merge entity $(bone_rightleg) { transformation: [-0.9990482205844388f,0.04361941020997806f,1.848544667337748e-8f,-0.062381027697732114f,0.043619410209978775f,0.9990482205844381f,4.023395993387087e-8f,0.75f,-1.671287099686003e-8f,4.1001990360020266e-8f,-0.999999999999999f,-0.869547576579333f,0f,0f,0f,1f], start_interpolation: 0, interpolation_duration: 1 }
$data merge entity $(text_display_text) { transformation: [-2f,0f,7.347880794884119e-16f,6.888638245203862e-17f,0f,2f,0f,2.6449710940584703f,-7.347880794884119e-16f,0f,-2f,-0.5625f,0f,0f,0f,1f], start_interpolation: 0, interpolation_duration: 1 }
data modify entity @s data merge value {"locators":{},"cameras":{"camera":{"posx":-0.9999999999999996,"posy":1.4276041666666668,"posz":-3.25,"roty":342.2285993176324,"rotx":2.5787188167849138}}}