# This file was generated by Animated Java via MC-Build. It is not recommended to edit this file directly.
$data merge entity $(bone_left_eye) { transformation: [-0.9702645295769143f,0.007565895438385613f,-0.2419287082408877f,0.24615671711693274f,-0.03481483453533951f,0.9847558121875156f,0.17042276156424474f,1.645435116972735f,0.2395301023695479f,0.1737778685250855f,-0.9552102294624529f,-0.6226942382993088f,0f,0f,0f,1f], start_interpolation: 0, interpolation_duration: 1 }
$data merge entity $(bone_right_eye) { transformation: [-0.9702645295769143f,0.007565895438385613f,-0.2419287082408877f,0.0035905847227041543f,-0.03481483453533951f,0.9847558121875156f,0.17042276156424474f,1.6367314083389002f,0.2395301023695479f,0.1737778685250855f,-0.9552102294624529f,-0.5628117127069219f,0f,0f,0f,1f], start_interpolation: 0, interpolation_duration: 1 }
$data merge entity $(bone_right_close) { transformation: [-0.9702645295769143f,0.007565895438385613f,-0.2419287082408877f,0.004063453187603261f,-0.03481483453533951f,0.9847558121875156f,0.17042276156424474f,1.69827864660062f,0.2395301023695479f,0.1737778685250855f,-0.9552102294624529f,-0.551950595924104f,0f,0f,0f,1f], start_interpolation: 0, interpolation_duration: 1 }
$data merge entity $(bone_left_close) { transformation: [-0.9702645295769143f,0.007565895438385613f,-0.2419287082408877f,0.24662958558183184f,-0.03481483453533951f,0.9847558121875156f,0.17042276156424474f,1.7069823552344547f,0.2395301023695479f,0.1737778685250855f,-0.9552102294624529f,-0.6118331215164909f,0f,0f,0f,1f], start_interpolation: 0, interpolation_duration: 1 }
$data merge entity $(bone_left_eyebrow) { transformation: [-0.9702645295769143f,0.007565895438385613f,-0.2419287082408877f,0.24645555874013725f,-0.03481483453533951f,0.9847558121875156f,0.17042276156424474f,1.6823528085071693f,0.2395301023695479f,0.1737778685250855f,-0.9552102294624529f,-0.6161178675902766f,0f,0f,0f,1f], start_interpolation: 0, interpolation_duration: 1 }
$data merge entity $(bone_right_eyebrow) { transformation: [-0.9702645295769143f,0.007565895438385613f,-0.2419287082408877f,0.003889426345908678f,-0.03481483453533951f,0.9847558121875156f,0.17042276156424474f,1.6736490998733344f,0.2395301023695479f,0.1737778685250855f,-0.9552102294624529f,-0.5562353419978896f,0f,0f,0f,1f], start_interpolation: 0, interpolation_duration: 1 }
$data merge entity $(bone_talking) { transformation: [-0.9702645295769143f,0.007565895438385613f,-0.2419287082408877f,0.04737945573494465f,-0.03481483453533951f,0.9847558121875156f,0.17042276156424474f,1.4481514225977652f,0.2395301023695479f,0.1737778685250855f,-0.9552102294624529f,-0.9347006393414032f,0f,0f,0f,1f], start_interpolation: 0, interpolation_duration: 1 }
$data merge entity $(bone_m_opened) { transformation: [-0.9702645295769143f,0.007565895438385613f,-0.2419287082408877f,0.04737945573494465f,-0.03481483453533951f,0.9847558121875156f,0.17042276156424474f,1.4481514225977652f,0.2395301023695479f,0.1737778685250855f,-0.9552102294624529f,-0.9347006393414032f,0f,0f,0f,1f], start_interpolation: 0, interpolation_duration: 1 }
$data merge entity $(bone_head) { transformation: [-0.9702645295769143f,0.007565895438385613f,-0.2419287082408877f,0.06250000000000012f,-0.03481483453533951f,0.9847558121875156f,0.17042276156424474f,1.4375f,0.2395301023695479f,0.1737778685250855f,-0.9552102294624529f,-0.8749999999999999f,0f,0f,0f,1f], start_interpolation: 0, interpolation_duration: 1 }
$data merge entity $(item_display_r_item) { transformation: [-0.3676394666739899f,0.006589581119089278f,-0.23707393354044484f,0.0908572161331877f,-0.16241124092197048f,0.3117011315544357f,0.2605210997402515f,1.0293844665294793f,0.1728295731807782f,0.3069287083483057f,-0.2594820930734734f,-0.40298632038671167f,0f,0f,0f,1f], start_interpolation: 0, interpolation_duration: 1 }
$data merge entity $(bone_rightarm) { transformation: [-0.8403187809691197f,-0.5418832766638739f,-0.015061899700775615f,-0.24970256924433043f,-0.37122569353593254f,0.5954767994062893f,-0.7124597292672814f,1.3125f,0.3950390244132073f,-0.593101927025082f,-0.701551333367556f,-0.8613689414483324f,0f,0f,0f,1f], start_interpolation: 0, interpolation_duration: 1 }
$data merge entity $(item_display_l_item) { transformation: [-0.41368976583537864f,-0.001061654554199421f,0.1423583525216457f,0.1710301643407798f,0.06723891623338973f,0.3841592747135167f,0.19825950114772314f,1.1390319339928288f,-0.12548289041470473f,0.20934845244518138f,-0.36308885919562284f,-0.31011884471644013f,0f,0f,0f,1f], start_interpolation: 0, interpolation_duration: 1 }
$data merge entity $(bone_leftarm) { transformation: [-0.9455766076237226f,0.3253905200494759f,0.00242663898102732f,0.37470256924433065f,0.15368895139060512f,0.4531645740519388f,-0.8780783422023237f,1.3125f,-0.2868180352336108f,-0.8299173924471378f,-0.47851074844612906f,-0.8886310585516674f,0f,0f,0f,1f], start_interpolation: 0, interpolation_duration: 1 }
$data merge entity $(bone_body) { transformation: [-0.9990482215818578f,0f,-0.043619387365335875f,0.06250000000000012f,0f,1f,0f,0.6875f,0.043619387365335875f,0f,-0.9990482215818578f,-0.8749999999999999f,0f,0f,0f,1f], start_interpolation: 0, interpolation_duration: 1 }
$data merge entity $(bone_leftleg) { transformation: [-0.9952465390275879f,-0.04345342161151017f,-0.0871557611627618f,0.18738102769773235f,-0.043619410209978775f,0.9990482205844381f,4.023395993387087e-8f,0.75f,0.08707280635503623f,0.003801722941030819f,-0.9961946964806317f,-0.8804524234206669f,0f,0f,0f,1f], start_interpolation: 0, interpolation_duration: 1 }
$data merge entity $(bone_rightleg) { transformation: [-0.9990482205844388f,0.04361941020997806f,1.848544667337748e-8f,-0.0623810276977321f,0.043619410209978775f,0.9990482205844381f,4.023395993387087e-8f,0.75f,-1.671287099686003e-8f,4.1001990360020266e-8f,-0.999999999999999f,-0.8695475765793329f,0f,0f,0f,1f], start_interpolation: 0, interpolation_duration: 1 }
$data merge entity $(text_display_text) { transformation: [-2f,0f,7.347880794884119e-16f,6.888638245203862e-17f,0f,2f,0f,2.6336987775063188f,-7.347880794884119e-16f,0f,-2f,-0.5625f,0f,0f,0f,1f], start_interpolation: 0, interpolation_duration: 1 }
data modify entity @s data merge value {"locators":{},"cameras":{"camera":{"posx":-0.9999999999999996,"posy":1.4333333333333333,"posz":-3.25,"roty":342.21728647281293,"rotx":2.681662951318504}}}