# This file was generated by Animated Java via MC-Build. It is not recommended to edit this file directly.
$data merge entity $(bone_left_eye) { transformation: [-0.9660692428513195f,0.007574435758442342f,-0.25817212463707157f,0.2496952954552935f,-0.03758434829719691f,0.9848077505344895f,0.16953203605889253f,1.6460169721560487f,0.25553401883067034f,0.17348291676744393f,-0.9511077976812654f,-0.6257940737416566f,0f,0f,0f,1f], start_interpolation: 0, interpolation_duration: 1 }
$data merge entity $(bone_right_eye) { transformation: [-0.9660692428513195f,0.007574435758442342f,-0.25817212463707157f,0.00817798474246366f,-0.03758434829719691f,0.9848077505344895f,0.16953203605889253f,1.6366208850817496f,0.25553401883067034f,0.17348291676744393f,-0.9511077976812654f,-0.5619105690339891f,0f,0f,0f,1f], start_interpolation: 0, interpolation_duration: 1 }
$data merge entity $(bone_right_close) { transformation: [-0.9660692428513195f,0.007574435758442342f,-0.25817212463707157f,0.008651386977366296f,-0.03758434829719691f,0.9848077505344895f,0.16953203605889253f,1.6981713694901552f,0.25553401883067034f,0.17348291676744393f,-0.9511077976812654f,-0.5510678867360238f,0f,0f,0f,1f], start_interpolation: 0, interpolation_duration: 1 }
$data merge entity $(bone_left_close) { transformation: [-0.9660692428513195f,0.007574435758442342f,-0.25817212463707157f,0.2501686976901962f,-0.03758434829719691f,0.9848077505344895f,0.16953203605889253f,1.7075674565644543f,0.25553401883067034f,0.17348291676744393f,-0.9511077976812654f,-0.6149513914436914f,0f,0f,0f,1f], start_interpolation: 0, interpolation_duration: 1 }
$data merge entity $(bone_left_eyebrow) { transformation: [-0.9660692428513195f,0.007574435758442342f,-0.25817212463707157f,0.24999547255402493f,-0.03758434829719691f,0.9848077505344895f,0.16953203605889253f,1.6829366670488386f,0.25553401883067034f,0.17348291676744393f,-0.9511077976812654f,-0.6192290201255223f,0f,0f,0f,1f], start_interpolation: 0, interpolation_duration: 1 }
$data merge entity $(bone_right_eyebrow) { transformation: [-0.9660692428513195f,0.007574435758442342f,-0.25817212463707157f,0.008478161841195056f,-0.03758434829719691f,0.9848077505344895f,0.16953203605889253f,1.6735405799745395f,0.25553401883067034f,0.17348291676744393f,-0.9511077976812654f,-0.5553455154178546f,0f,0f,0f,1f], start_interpolation: 0, interpolation_duration: 1 }
$data merge entity $(bone_talking) { transformation: [-0.9660692428513195f,0.007574435758442342f,-0.25817212463707157f,0.046364242210183135f,-0.03758434829719691f,0.9848077505344895f,0.16953203605889253f,1.4480957522536808f,0.25553401883067034f,0.17348291676744393f,-0.9511077976812654f,-0.9344442373550792f,0f,0f,0f,1f], start_interpolation: 0, interpolation_duration: 1 }
$data merge entity $(bone_m_opened) { transformation: [-0.9660692428513195f,0.007574435758442342f,-0.25817212463707157f,0.046364242210183135f,-0.03758434829719691f,0.9848077505344895f,0.16953203605889253f,1.4480957522536808f,0.25553401883067034f,0.17348291676744393f,-0.9511077976812654f,-0.9344442373550792f,0f,0f,0f,1f], start_interpolation: 0, interpolation_duration: 1 }
$data merge entity $(bone_head) { transformation: [-0.9660692428513195f,0.007574435758442342f,-0.25817212463707157f,0.06250000000000011f,-0.03758434829719691f,0.9848077505344895f,0.16953203605889253f,1.4375f,0.25553401883067034f,0.17348291676744393f,-0.9511077976812654f,-0.8750000000000001f,0f,0f,0f,1f], start_interpolation: 0, interpolation_duration: 1 }
$data merge entity $(item_display_r_item) { transformation: [-0.3706893048835202f,0.010306771515965506f,-0.23214103408464926f,0.08487227130973013f,-0.15917902243783688f,0.3071505726942239f,0.26781862240954213f,1.0176592744704323f,0.16928593580302892f,0.3113816727980759f,-0.2564955667935897f,-0.4059805109437543f,0f,0f,0f,1f], start_interpolation: 0, interpolation_duration: 1 }
$data merge entity $(bone_rightarm) { transformation: [-0.8472898397337605f,-0.5306080779077698f,-0.02355833489363556f,-0.24970256924433043f,-0.3638377655721986f,0.6121568512218107f,-0.7020584518725117f,1.3125f,0.3869392818354947f,-0.5862755812424906f,-0.7117295378241736f,-0.8613689414483326f,0f,0f,0f,1f], start_interpolation: 0, interpolation_duration: 1 }
$data merge entity $(item_display_l_item) { transformation: [-0.4104313005016637f,0.00806503184756329f,0.15128566630653026f,0.1608844836200198f,0.07075644551428281f,0.396509643765079f,0.17082118668208132f,1.1817582029584777f,-0.1339623939271666f,0.18471953784748363f,-0.3732814211164476f,-0.30259487471460433f,0f,0f,0f,1f], start_interpolation: 0, interpolation_duration: 1 }
$data merge entity $(bone_leftarm) { transformation: [-0.9381286868609456f,0.3457958087006406f,-0.01843435850871602f,0.37470256924433065f,0.16172901831836073f,0.3904484267019004f,-0.9063077571773234f,1.3125f,-0.30619975754780937f,-0.8532146768375943f,-0.4222160865085342f,-0.8886310585516676f,0f,0f,0f,1f], start_interpolation: 0, interpolation_duration: 1 }
$data merge entity $(bone_body) { transformation: [-0.9990482215818578f,0f,-0.043619387365335875f,0.06250000000000011f,0f,1f,0f,0.6875f,0.043619387365335875f,0f,-0.9990482215818578f,-0.8750000000000001f,0f,0f,0f,1f], start_interpolation: 0, interpolation_duration: 1 }
$data merge entity $(bone_leftleg) { transformation: [-0.9952465390275879f,-0.04345342161151017f,-0.0871557611627618f,0.18738102769773235f,-0.043619410209978775f,0.9990482205844381f,4.023395993387087e-8f,0.75f,0.08707280635503623f,0.003801722941030819f,-0.9961946964806317f,-0.8804524234206671f,0f,0f,0f,1f], start_interpolation: 0, interpolation_duration: 1 }
$data merge entity $(bone_rightleg) { transformation: [-0.9990482205844388f,0.04361941020997806f,1.848544667337748e-8f,-0.062381027697732114f,0.043619410209978775f,0.9990482205844381f,4.023395993387087e-8f,0.75f,-1.671287099686003e-8f,4.1001990360020266e-8f,-0.999999999999999f,-0.8695475765793331f,0f,0f,0f,1f], start_interpolation: 0, interpolation_duration: 1 }
$data merge entity $(text_display_text) { transformation: [-2f,0f,7.347880794884119e-16f,6.888638245203862e-17f,0f,2f,0f,2.6224393691266f,-7.347880794884119e-16f,0f,-2f,-0.5625f,0f,0f,0f,1f], start_interpolation: 0, interpolation_duration: 1 }
data modify entity @s data merge value {"locators":{},"cameras":{"camera":{"posx":-0.9999999999999996,"posy":1.4390625,"posz":-3.25,"roty":342.20596753330454,"rotx":2.784329203774087}}}