# This file was generated by Animated Java via MC-Build. It is not recommended to edit this file directly.
$data merge entity $(bone_left_eye) { transformation: [-0.9681231663683678f,0.00878429253523706f,-0.2503205364039096f,0.24829160303083275f,-0.03625465601306958f,0.983946041540791f,0.17474492053728488f,1.64433211225251f,0.24783691141204062f,0.17824989071767589f,-0.952262485767909f,-0.6233515198051088f,0f,0f,0f,1f], start_interpolation: 0, interpolation_duration: 1 }
$data merge entity $(bone_right_eye) { transformation: [-0.9681231663683678f,0.00878429253523706f,-0.2503205364039096f,0.006260811438740799f,-0.03625465601306958f,0.983946041540791f,0.17474492053728488f,1.6352684482492428f,0.24783691141204062f,0.17824989071767589f,-0.952262485767909f,-0.5613922919520987f,0f,0f,0f,1f], start_interpolation: 0, interpolation_duration: 1 }
$data merge entity $(bone_right_close) { transformation: [-0.9681231663683678f,0.00878429253523706f,-0.2503205364039096f,0.0068098297221931f,-0.03625465601306958f,0.983946041540791f,0.17474492053728488f,1.6967650758455424f,0.24783691141204062f,0.17824989071767589f,-0.952262485767909f,-0.550251673782244f,0f,0f,0f,1f], start_interpolation: 0, interpolation_duration: 1 }
$data merge entity $(bone_left_close) { transformation: [-0.9681231663683678f,0.00878429253523706f,-0.2503205364039096f,0.24884062131428505f,-0.03625465601306958f,0.983946041540791f,0.17474492053728488f,1.7058287398488097f,0.24783691141204062f,0.17824989071767589f,-0.952262485767909f,-0.6122109016352542f,0f,0f,0f,1f], start_interpolation: 0, interpolation_duration: 1 }
$data merge entity $(bone_left_eyebrow) { transformation: [-0.9681231663683678f,0.00878429253523706f,-0.2503205364039096f,0.24863665903442939f,-0.03625465601306958f,0.983946041540791f,0.17474492053728488f,1.6812191672527563f,0.24783691141204062f,0.17824989071767589f,-0.952262485767909f,-0.6166076324978355f,0f,0f,0f,1f], start_interpolation: 0, interpolation_duration: 1 }
$data merge entity $(bone_right_eyebrow) { transformation: [-0.9681231663683678f,0.00878429253523706f,-0.2503205364039096f,0.006605867442337432f,-0.03625465601306958f,0.983946041540791f,0.17474492053728488f,1.6721555032494888f,0.24783691141204062f,0.17824989071767589f,-0.952262485767909f,-0.5546484046448253f,0f,0f,0f,1f], start_interpolation: 0, interpolation_duration: 1 }
$data merge entity $(bone_talking) { transformation: [-0.9681231663683678f,0.00878429253523706f,-0.2503205364039096f,0.046854966474755746f,-0.03625465601306958f,0.983946041540791f,0.17474492053728488f,1.4484215575335804f,0.24783691141204062f,0.17824989071767589f,-0.952262485767909f,-0.9345164053604943f,0f,0f,0f,1f], start_interpolation: 0, interpolation_duration: 1 }
$data merge entity $(bone_m_opened) { transformation: [-0.9681231663683678f,0.00878429253523706f,-0.2503205364039096f,0.046854966474755746f,-0.03625465601306958f,0.983946041540791f,0.17474492053728488f,1.4484215575335804f,0.24783691141204062f,0.17824989071767589f,-0.952262485767909f,-0.9345164053604943f,0f,0f,0f,1f], start_interpolation: 0, interpolation_duration: 1 }
$data merge entity $(bone_head) { transformation: [-0.9681231663683678f,0.00878429253523706f,-0.2503205364039096f,0.0625000000000001f,-0.03625465601306958f,0.983946041540791f,0.17474492053728488f,1.4375f,0.24783691141204062f,0.17824989071767589f,-0.952262485767909f,-0.875f,0f,0f,0f,1f], start_interpolation: 0, interpolation_duration: 1 }
$data merge entity $(item_display_r_item) { transformation: [-0.37205637033123073f,0.008396067634916198f,-0.23002133236771766f,0.08129821060524234f,-0.1576915171916514f,0.3091884553096522f,0.26634964709761927f,1.0203400628061587f,0.1676713830733952f,0.3094159904586398f,-0.2599121046560811f,-0.4016613660943196f,0f,0f,0f,1f], start_interpolation: 0, interpolation_duration: 1 }
$data merge entity $(bone_rightarm) { transformation: [-0.8504145607570988f,-0.5257630454119261f,-0.019191011736951424f,-0.24970256924433043f,-0.36043775358091745f,0.608799193365987f,-0.706716469279205f,1.3125f,0.3832488755963319f,-0.594084810642471f,-0.7072365496197484f,-0.8613689414483325f,0f,0f,0f,1f], start_interpolation: 0, interpolation_duration: 1 }
$data merge entity $(item_display_l_item) { transformation: [-0.4069813790530137f,0.02066620412435516f,0.15920212030999362f,0.15317559855129836f,0.07401650611726826f,0.40915034420425733f,0.1361021772776989f,1.2349684165187893f,-0.1424568844468374f,0.15354202631406258f,-0.38410562639601126f,-0.2960395847533478f,0f,0f,0f,1f], start_interpolation: 0, interpolation_duration: 1 }
$data merge entity $(bone_leftarm) { transformation: [-0.9302431521211741f,0.36389056070855685f,-0.047237037998526f,0.37470256924433065f,0.16918058541089886f,0.3110906909204548f,-0.9352007867525881f,1.3125f,-0.3256157358784855f,-0.8779557174765971f,-0.3509532030035718f,-0.8886310585516675f,0f,0f,0f,1f], start_interpolation: 0, interpolation_duration: 1 }
$data merge entity $(bone_body) { transformation: [-0.9990482215818578f,0f,-0.043619387365335875f,0.0625000000000001f,0f,1f,0f,0.6875f,0.043619387365335875f,0f,-0.9990482215818578f,-0.875f,0f,0f,0f,1f], start_interpolation: 0, interpolation_duration: 1 }
$data merge entity $(bone_leftleg) { transformation: [-0.9952465390275879f,-0.04345342161151017f,-0.0871557611627618f,0.18738102769773232f,-0.043619410209978775f,0.9990482205844381f,4.023395993387087e-8f,0.75f,0.08707280635503623f,0.003801722941030819f,-0.9961946964806317f,-0.880452423420667f,0f,0f,0f,1f], start_interpolation: 0, interpolation_duration: 1 }
$data merge entity $(bone_rightleg) { transformation: [-0.9990482205844388f,0.04361941020997806f,1.848544667337748e-8f,-0.06238102769773213f,0.043619410209978775f,0.9990482205844381f,4.023395993387087e-8f,0.75f,-1.671287099686003e-8f,4.1001990360020266e-8f,-0.999999999999999f,-0.869547576579333f,0f,0f,0f,1f], start_interpolation: 0, interpolation_duration: 1 }
$data merge entity $(text_display_text) { transformation: [-2f,0f,7.347880794884119e-16f,6.888638245203861e-17f,0f,2f,0f,2.611200386692743f,-7.347880794884119e-16f,0f,-2f,-0.5624999999999999f,0f,0f,0f,1f], start_interpolation: 0, interpolation_duration: 1 }
data modify entity @s data merge value {"locators":{},"cameras":{"camera":{"posx":-0.9999999999999996,"posy":1.4447916666666667,"posz":-3.25,"roty":342.19465800730563,"rotx":2.886580199583229}}}