# This file was generated by Animated Java via MC-Build. It is not recommended to edit this file directly.
$data merge entity $(bone_left_eye) { transformation: [-0.9701140052121617f,0.009917509560400602f,-0.2424468186950231f,0.24685533271537627f,-0.034917941978304334f,0.9830591531657145f,0.17993176124605711f,1.6426465907272023f,0.24012403923642842f,0.18302006551530817f,-0.9533331534146678f,-0.6209272001720596f,0f,0f,0f,1f], start_interpolation: 0, interpolation_duration: 1 }
$data merge entity $(bone_right_eye) { transformation: [-0.9701140052121617f,0.009917509560400602f,-0.2424468186950231f,0.004326831412335835f,-0.034917941978304334f,0.9830591531657145f,0.17993176124605711f,1.6339171052326265f,0.24012403923642842f,0.18302006551530817f,-0.9533331534146678f,-0.5608961903629526f,0f,0f,0f,1f], start_interpolation: 0, interpolation_duration: 1 }
$data merge entity $(bone_right_close) { transformation: [-0.9701140052121617f,0.009917509560400602f,-0.2424468186950231f,0.004946675759860852f,-0.034917941978304334f,0.9830591531657145f,0.17993176124605711f,1.6953583023054835f,0.24012403923642842f,0.18302006551530817f,-0.9533331534146678f,-0.5494574362682458f,0f,0f,0f,1f], start_interpolation: 0, interpolation_duration: 1 }
$data merge entity $(bone_left_close) { transformation: [-0.9701140052121617f,0.009917509560400602f,-0.2424468186950231f,0.24747517706290129f,-0.034917941978304334f,0.9830591531657145f,0.17993176124605711f,1.7040877878000593f,0.24012403923642842f,0.18302006551530817f,-0.9533331534146678f,-0.6094884460773529f,0f,0f,0f,1f], start_interpolation: 0, interpolation_duration: 1 }
$data merge entity $(bone_left_eyebrow) { transformation: [-0.9701140052121617f,0.009917509560400602f,-0.2424468186950231f,0.2472423922500597f,-0.034917941978304334f,0.9830591531657145f,0.17993176124605711f,1.679500063235839f,0.24012403923642842f,0.18302006551530817f,-0.9533331534146678f,-0.6140043643931471f,0f,0f,0f,1f], start_interpolation: 0, interpolation_duration: 1 }
$data merge entity $(bone_right_eyebrow) { transformation: [-0.9701140052121617f,0.009917509560400602f,-0.2424468186950231f,0.004713890947019267f,-0.034917941978304334f,0.9830591531657145f,0.17993176124605711f,1.670770577741263f,0.24012403923642842f,0.18302006551530817f,-0.9533331534146678f,-0.5539733545840401f,0f,0f,0f,1f], start_interpolation: 0, interpolation_duration: 1 }
$data merge entity $(bone_talking) { transformation: [-0.9701140052121617f,0.009917509560400602f,-0.2424468186950231f,0.04734707383156117f,-0.034917941978304334f,0.9830591531657145f,0.17993176124605711f,1.4487457350778785f,0.24012403923642842f,0.18302006551530817f,-0.9533331534146678f,-0.9345833220884169f,0f,0f,0f,1f], start_interpolation: 0, interpolation_duration: 1 }
$data merge entity $(bone_m_opened) { transformation: [-0.9701140052121617f,0.009917509560400602f,-0.2424468186950231f,0.04734707383156117f,-0.034917941978304334f,0.9830591531657145f,0.17993176124605711f,1.4487457350778785f,0.24012403923642842f,0.18302006551530817f,-0.9533331534146678f,-0.9345833220884169f,0f,0f,0f,1f], start_interpolation: 0, interpolation_duration: 1 }
$data merge entity $(bone_head) { transformation: [-0.9701140052121617f,0.009917509560400602f,-0.2424468186950231f,0.06250000000000011f,-0.034917941978304334f,0.9830591531657145f,0.17993176124605711f,1.4375f,0.24012403923642842f,0.18302006551530817f,-0.9533331534146678f,-0.8750000000000001f,0f,0f,0f,1f], start_interpolation: 0, interpolation_duration: 1 }
$data merge entity $(item_display_r_item) { transformation: [-0.37205624948824456f,0.007363041267098874f,-0.23005691217618343f,0.0810538885122456f,-0.15769141850026383f,0.31038185396139645f,0.2649580556670453f,1.0226690216074772f,0.16767174403612498f,0.30824526006864306f,-0.26129924587931525f,-0.40001423017255583f,0f,0f,0f,1f], start_interpolation: 0, interpolation_duration: 1 }
$data merge entity $(bone_rightarm) { transformation: [-0.850414284544559f,-0.5258443706884193f,-0.01682980861051183f,-0.24970256924433043f,-0.360437528000603f,0.6056184129532465f,-0.7094442376260489f,1.3125f,0.38324970065399994f,-0.5972554191527204f,-0.7045605944426129f,-0.8613689414483326f,0f,0f,0f,1f], start_interpolation: 0, interpolation_duration: 1 }
$data merge entity $(item_display_l_item) { transformation: [-0.40882012220532343f,0.018846340451654973f,0.15465178024065782f,0.1591561233152923f,0.07196987946901226f,0.40801729139637594f,0.14052927229150755f,1.2283202656968109f,-0.1381763153700382f,0.15675763258337738f,-0.38437039492866076f,-0.29474259934404434f,0f,0f,0f,1f], start_interpolation: 0, interpolation_duration: 1 }
$data merge entity $(bone_leftarm) { transformation: [-0.9344459936121678f,0.3534897834072179f,-0.04307734960378272f,0.37470256924433065f,0.1645025816434566f,0.3212097652377317f,-0.9326109517631449f,1.3125f,-0.31583157798865874f,-0.8785609026940816f,-0.35830316019057706f,-0.8886310585516676f,0f,0f,0f,1f], start_interpolation: 0, interpolation_duration: 1 }
$data merge entity $(bone_body) { transformation: [-0.9990482215818578f,0f,-0.043619387365335875f,0.06250000000000011f,0f,1f,0f,0.6875f,0.043619387365335875f,0f,-0.9990482215818578f,-0.8750000000000001f,0f,0f,0f,1f], start_interpolation: 0, interpolation_duration: 1 }
$data merge entity $(bone_leftleg) { transformation: [-0.9952465390275879f,-0.04345342161151017f,-0.0871557611627618f,0.18738102769773235f,-0.043619410209978775f,0.9990482205844381f,4.023395993387087e-8f,0.75f,0.08707280635503623f,0.003801722941030819f,-0.9961946964806317f,-0.8804524234206671f,0f,0f,0f,1f], start_interpolation: 0, interpolation_duration: 1 }
$data merge entity $(bone_rightleg) { transformation: [-0.9990482205844388f,0.04361941020997806f,1.848544667337748e-8f,-0.062381027697732114f,0.043619410209978775f,0.9990482205844381f,4.023395993387087e-8f,0.75f,-1.671287099686003e-8f,4.1001990360020266e-8f,-0.999999999999999f,-0.8695475765793331f,0f,0f,0f,1f], start_interpolation: 0, interpolation_duration: 1 }
$data merge entity $(text_display_text) { transformation: [-2f,0f,7.347880794884119e-16f,6.888638245203862e-17f,0f,2f,0f,2.599988124389565f,-7.347880794884119e-16f,0f,-2f,-0.5625f,0f,0f,0f,1f], start_interpolation: 0, interpolation_duration: 1 }
data modify entity @s data merge value {"locators":{},"cameras":{"camera":{"posx":-0.9999999999999996,"posy":1.4505208333333333,"posz":-3.25,"roty":342.1833735942919,"rotx":2.988278584739724}}}