# This file was generated by Animated Java via MC-Build. It is not recommended to edit this file directly.
$data merge entity $(bone_left_eye) { transformation: [-0.9720416171159024f,0.010973927899107713f,-0.23455205712414184f,0.2453866983953003f,-0.03357446984504778f,0.9821474269018454f,0.18509237370758438f,1.6409605720291962f,0.23239588974275235f,0.18779245122354965f,-0.9543197292805621f,-0.6185214410918162f,0f,0f,0f,1f], start_interpolation: 0, interpolation_duration: 1 }
$data merge entity $(bone_right_eye) { transformation: [-0.9720416171159024f,0.010973927899107713f,-0.23455205712414184f,0.002376294116324687f,-0.03357446984504778f,0.9821474269018454f,0.18509237370758438f,1.6325669545679342f,0.23239588974275235f,0.18779245122354965f,-0.9543197292805621f,-0.560422468656128f,0f,0f,0f,1f], start_interpolation: 0, interpolation_duration: 1 }
$data merge entity $(bone_right_close) { transformation: [-0.9720416171159024f,0.010973927899107713f,-0.23455205712414184f,0.0030621646100189165f,-0.03357446984504778f,0.9821474269018454f,0.18509237370758438f,1.6939511687492996f,0.23239588974275235f,0.18779245122354965f,-0.9543197292805621f,-0.5486854404546562f,0f,0f,0f,1f], start_interpolation: 0, interpolation_duration: 1 }
$data merge entity $(bone_left_close) { transformation: [-0.9720416171159024f,0.010973927899107713f,-0.23455205712414184f,0.24607256888899454f,-0.03357446984504778f,0.9821474269018454f,0.18509237370758438f,1.7023447862105616f,0.23239588974275235f,0.18779245122354965f,-0.9543197292805621f,-0.6067844128903443f,0f,0f,0f,1f], start_interpolation: 0, interpolation_duration: 1 }
$data merge entity $(bone_left_eyebrow) { transformation: [-0.9720416171159024f,0.010973927899107713f,-0.23455205712414184f,0.2458128801950871f,-0.03357446984504778f,0.9821474269018454f,0.18509237370758438f,1.6777795322646587f,0.23239588974275235f,0.18779245122354965f,-0.9543197292805621f,-0.611419579187853f,0f,0f,0f,1f], start_interpolation: 0, interpolation_duration: 1 }
$data merge entity $(bone_right_eyebrow) { transformation: [-0.9720416171159024f,0.010973927899107713f,-0.23455205712414184f,0.002802475916111491f,-0.03357446984504778f,0.9821474269018454f,0.18509237370758438f,1.6693859148033967f,0.23239588974275235f,0.18779245122354965f,-0.9543197292805621f,-0.5533206067521649f,0f,0f,0f,1f], start_interpolation: 0, interpolation_duration: 1 }
$data merge entity $(bone_talking) { transformation: [-0.9720416171159024f,0.010973927899107713f,-0.23455205712414184f,0.04784049642974123f,-0.03357446984504778f,0.9821474269018454f,0.18509237370758438f,1.449068273356724f,0.23239588974275235f,0.18779245122354965f,-0.9543197292805621f,-0.9346449830800352f,0f,0f,0f,1f], start_interpolation: 0, interpolation_duration: 1 }
$data merge entity $(bone_m_opened) { transformation: [-0.9720416171159024f,0.010973927899107713f,-0.23455205712414184f,0.04784049642974123f,-0.03357446984504778f,0.9821474269018454f,0.18509237370758438f,1.449068273356724f,0.23239588974275235f,0.18779245122354965f,-0.9543197292805621f,-0.9346449830800352f,0f,0f,0f,1f], start_interpolation: 0, interpolation_duration: 1 }
$data merge entity $(bone_head) { transformation: [-0.9720416171159024f,0.010973927899107713f,-0.23455205712414184f,0.0625000000000001f,-0.03357446984504778f,0.9821474269018454f,0.18509237370758438f,1.4375f,0.23239588974275235f,0.18779245122354965f,-0.9543197292805621f,-0.875f,0f,0f,0f,1f], start_interpolation: 0, interpolation_duration: 1 }
$data merge entity $(item_display_r_item) { transformation: [-0.3720561422583277f,0.006218824603402888f,-0.23009085863719833f,0.08077546440978228f,-0.157691330926682f,0.31169609760744604f,0.2634107759505316f,1.0252549193870824f,0.1676720643351859f,0.3069415562559778f,-0.26282924092409443f,-0.39820100976934686f,0f,0f,0f,1f], start_interpolation: 0, interpolation_duration: 1 }
$data merge entity $(bone_rightarm) { transformation: [-0.8504140394476062f,-0.5259219625993105f,-0.014214456236349576f,-0.24970256924433043f,-0.360437327832416f,0.6020817736012152f,-0.7124482231027337f,1.3125f,0.3832504327661392f,-0.6007525506836443f,-0.7015807000136637f,-0.8613689414483325f,0f,0f,0f,1f], start_interpolation: 0, interpolation_duration: 1 }
$data merge entity $(item_display_l_item) { transformation: [-0.41139215239878035f,0.011821095080103934f,0.1484015116358517f,0.16607786550171505f,0.06927883911982635f,0.4012196405021141f,0.1600921376131994f,1.1984311292674619f,-0.1317694554701806f,0.17403824805617152f,-0.3791487159659526f,-0.2972648220128291f,0f,0f,0f,1f], start_interpolation: 0, interpolation_duration: 1 }
$data merge entity $(bone_leftarm) { transformation: [-0.9403249197686409f,0.33920345516766104f,-0.027019645897380346f,0.37470256924433065f,0.15835163227388882f,0.3659248859730274f,-0.9170734640048321f,1.3125f,-0.30118732678898424f,-0.8666256364936058f,-0.39780170984267793f,-0.8886310585516675f,0f,0f,0f,1f], start_interpolation: 0, interpolation_duration: 1 }
$data merge entity $(bone_body) { transformation: [-0.9990482215818578f,0f,-0.043619387365335875f,0.0625000000000001f,0f,1f,0f,0.6875f,0.043619387365335875f,0f,-0.9990482215818578f,-0.875f,0f,0f,0f,1f], start_interpolation: 0, interpolation_duration: 1 }
$data merge entity $(bone_leftleg) { transformation: [-0.9952465390275879f,-0.04345342161151017f,-0.0871557611627618f,0.18738102769773232f,-0.043619410209978775f,0.9990482205844381f,4.023395993387087e-8f,0.75f,0.08707280635503623f,0.003801722941030819f,-0.9961946964806317f,-0.880452423420667f,0f,0f,0f,1f], start_interpolation: 0, interpolation_duration: 1 }
$data merge entity $(bone_rightleg) { transformation: [-0.9990482205844388f,0.04361941020997806f,1.848544667337748e-8f,-0.06238102769773213f,0.043619410209978775f,0.9990482205844381f,4.023395993387087e-8f,0.75f,-1.671287099686003e-8f,4.1001990360020266e-8f,-0.999999999999999f,-0.869547576579333f,0f,0f,0f,1f], start_interpolation: 0, interpolation_duration: 1 }
$data merge entity $(text_display_text) { transformation: [-2f,0f,7.347880794884119e-16f,6.888638245203862e-17f,0f,2f,0f,2.58880940419324f,-7.347880794884119e-16f,0f,-2f,-0.5625f,0f,0f,0f,1f], start_interpolation: 0, interpolation_duration: 1 }
data modify entity @s data merge value {"locators":{},"cameras":{"camera":{"posx":-0.9999999999999996,"posy":1.45625,"posz":-3.25,"roty":342.17213018282666,"rotx":3.089287025675114}}}