# This file was generated by Animated Java via MC-Build. It is not recommended to edit this file directly.
$data merge entity $(bone_left_eye) { transformation: [-0.9739058644367434f,0.011953402347976809f,-0.22663733890960486f,0.24388591836898846f,-0.03222450401730235f,0.9812112054960757f,0.19022657950396096f,1.6392742195001915f,0.22465295136400631f,0.1925660571888133f,-0.9552221548216918f,-0.6161345659178744f,0f,0f,0f,1f], start_interpolation: 0, interpolation_duration: 1 }
$data merge entity $(bone_right_eye) { transformation: [-0.9739058644367434f,0.011953402347976809f,-0.22663733890960486f,0.0004094522598026007f,-0.03222450401730235f,0.9812112054960757f,0.19022657950396096f,1.631218093495866f,0.22465295136400631f,0.1925660571888133f,-0.9552221548216918f,-0.5599713280768729f,0f,0f,0f,1f], start_interpolation: 0, interpolation_duration: 1 }
$data merge entity $(bone_right_close) { transformation: [-0.9739058644367434f,0.011953402347976809f,-0.22663733890960486f,0.0011565399065511517f,-0.03222450401730235f,0.9812112054960757f,0.19022657950396096f,1.6925437938393706f,0.22465295136400631f,0.1925660571888133f,-0.9552221548216918f,-0.5479359495025721f,0f,0f,0f,1f], start_interpolation: 0, interpolation_duration: 1 }
$data merge entity $(bone_left_close) { transformation: [-0.9739058644367434f,0.011953402347976809f,-0.22663733890960486f,0.244633006015737f,-0.03222450401730235f,0.9812112054960757f,0.19022657950396096f,1.700599919843696f,0.22465295136400631f,0.1925660571888133f,-0.9552221548216918f,-0.6040991873435736f,0f,0f,0f,1f], start_interpolation: 0, interpolation_duration: 1 }
$data merge entity $(bone_left_eyebrow) { transformation: [-0.9739058644367434f,0.011953402347976809f,-0.22663733890960486f,0.24434833579071946f,-0.03222450401730235f,0.9812112054960757f,0.19022657950396096f,1.6760577505450753f,0.22465295136400631f,0.1925660571888133f,-0.9552221548216918f,-0.6088536373886176f,0f,0f,0f,1f], start_interpolation: 0, interpolation_duration: 1 }
$data merge entity $(bone_right_eyebrow) { transformation: [-0.9739058644367434f,0.011953402347976809f,-0.22663733890960486f,0.0008718696815335908f,-0.03222450401730235f,0.9812112054960757f,0.19022657950396096f,1.6680016245407496f,0.22465295136400631f,0.1925660571888133f,-0.9552221548216918f,-0.5526903995476161f,0f,0f,0f,1f], start_interpolation: 0, interpolation_duration: 1 }
$data merge entity $(bone_talking) { transformation: [-0.9739058644367434f,0.011953402347976809f,-0.22663733890960486f,0.04833516631814981f,-0.03222450401730235f,0.9812112054960757f,0.19022657950396096f,1.4493891612189975f,0.22465295136400631f,0.1925660571888133f,-0.9552221548216918f,-0.9347013846763558f,0f,0f,0f,1f], start_interpolation: 0, interpolation_duration: 1 }
$data merge entity $(bone_m_opened) { transformation: [-0.9739058644367434f,0.011953402347976809f,-0.22663733890960486f,0.04833516631814981f,-0.03222450401730235f,0.9812112054960757f,0.19022657950396096f,1.4493891612189975f,0.22465295136400631f,0.1925660571888133f,-0.9552221548216918f,-0.9347013846763558f,0f,0f,0f,1f], start_interpolation: 0, interpolation_duration: 1 }
$data merge entity $(bone_head) { transformation: [-0.9739058644367434f,0.011953402347976809f,-0.22663733890960486f,0.06250000000000011f,-0.03222450401730235f,0.9812112054960757f,0.19022657950396096f,1.4375f,0.22465295136400631f,0.1925660571888133f,-0.9552221548216918f,-0.875f,0f,0f,0f,1f], start_interpolation: 0, interpolation_duration: 1 }
$data merge entity $(item_display_r_item) { transformation: [-0.3720560480496869f,0.004968562876030362f,-0.23012140381241386f,0.08046188273798377f,-0.15769125398754766f,0.31312304164155164f,0.26171297103693175f,1.028088053273398f,0.16767234573859768f,0.30550863191747957f,-0.2644933086080366f,-0.3962331771747147f,0f,0f,0f,1f], start_interpolation: 0, interpolation_duration: 1 }
$data merge entity $(bone_rightarm) { transformation: [-0.85041382411357f,-0.5259917801426602f,-0.011356715145212373f,-0.24970256924433043f,-0.36043715197153753f,0.5982010766558441f,-0.7157098094664036f,1.3125f,0.3832510759739376f,-0.6045561339612264f,-0.6983054443828106f,-0.8613689414483325f,0f,0f,0f,1f], start_interpolation: 0, interpolation_duration: 1 }
$data merge entity $(item_display_l_item) { transformation: [-0.4104313005016637f,0.00806503184756329f,0.15128566630653026f,0.1608844836200198f,0.07075644551428281f,0.396509643765079f,0.17082118668208132f,1.1817582029584777f,-0.1339623939271666f,0.18471953784748363f,-0.3732814211164476f,-0.3025948747146042f,0f,0f,0f,1f], start_interpolation: 0, interpolation_duration: 1 }
$data merge entity $(bone_leftarm) { transformation: [-0.9381286868609456f,0.3457958087006406f,-0.01843435850871602f,0.37470256924433065f,0.16172901831836073f,0.3904484267019004f,-0.9063077571773234f,1.3125f,-0.30619975754780937f,-0.8532146768375943f,-0.4222160865085342f,-0.8886310585516675f,0f,0f,0f,1f], start_interpolation: 0, interpolation_duration: 1 }
$data merge entity $(bone_body) { transformation: [-0.9990482215818578f,0f,-0.043619387365335875f,0.06250000000000011f,0f,1f,0f,0.6875f,0.043619387365335875f,0f,-0.9990482215818578f,-0.875f,0f,0f,0f,1f], start_interpolation: 0, interpolation_duration: 1 }
$data merge entity $(bone_leftleg) { transformation: [-0.9952465390275879f,-0.04345342161151017f,-0.0871557611627618f,0.18738102769773235f,-0.043619410209978775f,0.9990482205844381f,4.023395993387087e-8f,0.75f,0.08707280635503623f,0.003801722941030819f,-0.9961946964806317f,-0.880452423420667f,0f,0f,0f,1f], start_interpolation: 0, interpolation_duration: 1 }
$data merge entity $(bone_rightleg) { transformation: [-0.9990482205844388f,0.04361941020997806f,1.848544667337748e-8f,-0.062381027697732114f,0.043619410209978775f,0.9990482205844381f,4.023395993387087e-8f,0.75f,-1.671287099686003e-8f,4.1001990360020266e-8f,-0.999999999999999f,-0.869547576579333f,0f,0f,0f,1f], start_interpolation: 0, interpolation_duration: 1 }
$data merge entity $(text_display_text) { transformation: [-2f,0f,7.347880794884119e-16f,6.888638245203862e-17f,0f,2f,0f,2.5776724960623225f,-7.347880794884119e-16f,0f,-2f,-0.5625f,0f,0f,0f,1f], start_interpolation: 0, interpolation_duration: 1 }
data modify entity @s data merge value {"locators":{},"cameras":{"camera":{"posx":-0.9999999999999996,"posy":1.4619791666666666,"posz":-3.25,"roty":342.1609438477319,"rotx":3.189468209061274}}}