# This file was generated by Animated Java via MC-Build. It is not recommended to edit this file directly.
$data merge entity $(bone_left_eye) { transformation: [-0.975706614166365f,0.012855801450030128f,-0.21870375269090792f,0.24235321530603024f,-0.0308683096214255f,0.9802508328559477f,0.19533420628844483f,1.6375876953445538f,0.2168957134964272f,0.19733989220200343f,-0.9560403843000449f,-0.6137668950615414f,0f,0f,0f,1f], start_interpolation: 0, interpolation_duration: 1 }
$data merge entity $(bone_right_eye) { transformation: [-0.975706614166365f,0.012855801450030128f,-0.21870375269090792f,-0.0015734382355609977f,-0.0308683096214255f,0.9802508328559477f,0.19533420628844483f,1.6298706179391975f,0.2168957134964272f,0.19733989220200343f,-0.9560403843000449f,-0.5595429666874345f,0f,0f,0f,1f], start_interpolation: 0, interpolation_duration: 1 }
$data merge entity $(bone_right_close) { transformation: [-0.975706614166365f,0.012855801450030128f,-0.21870375269090792f,-0.0007699506449341115f,-0.0308683096214255f,0.9802508328559477f,0.19533420628844483f,1.6911362949926942f,0.2168957134964272f,0.19733989220200343f,-0.9560403843000449f,-0.5472092234248093f,0f,0f,0f,1f], start_interpolation: 0, interpolation_duration: 1 }
$data merge entity $(bone_left_close) { transformation: [-0.975706614166365f,0.012855801450030128f,-0.21870375269090792f,0.24315670289665714f,-0.0308683096214255f,0.9802508328559477f,0.19533420628844483f,1.6988533723980506f,0.2168957134964272f,0.19733989220200343f,-0.9560403843000449f,-0.6014331517989161f,0f,0f,0f,1f], start_interpolation: 0, interpolation_duration: 1 }
$data merge entity $(bone_left_eyebrow) { transformation: [-0.975706614166365f,0.012855801450030128f,-0.21870375269090792f,0.24284897684494955f,-0.0308683096214255f,0.9802508328559477f,0.19533420628844483f,1.6743348931887592f,0.2168957134964272f,0.19733989220200343f,-0.9560403843000449f,-0.6063068965799474f,0f,0f,0f,1f], start_interpolation: 0, interpolation_duration: 1 }
$data merge entity $(bone_right_eyebrow) { transformation: [-0.975706614166365f,0.012855801450030128f,-0.21870375269090792f,-0.0010776766966416745f,-0.0308683096214255f,0.9802508328559477f,0.19533420628844483f,1.6666178157834028f,0.2168957134964272f,0.19733989220200343f,-0.9560403843000449f,-0.5520829682058406f,0f,0f,0f,1f], start_interpolation: 0, interpolation_duration: 1 }
$data merge entity $(bone_talking) { transformation: [-0.975706614166365f,0.012855801450030128f,-0.21870375269090792f,0.048831015456818366f,-0.0308683096214255f,0.9802508328559477f,0.19533420628844483f,1.4497083878930277f,0.2168957134964272f,0.19733989220200343f,-0.9560403843000449f,-0.9347525240187529f,0f,0f,0f,1f], start_interpolation: 0, interpolation_duration: 1 }
$data merge entity $(bone_m_opened) { transformation: [-0.975706614166365f,0.012855801450030128f,-0.21870375269090792f,0.048831015456818366f,-0.0308683096214255f,0.9802508328559477f,0.19533420628844483f,1.4497083878930277f,0.2168957134964272f,0.19733989220200343f,-0.9560403843000449f,-0.9347525240187529f,0f,0f,0f,1f], start_interpolation: 0, interpolation_duration: 1 }
$data merge entity $(bone_head) { transformation: [-0.975706614166365f,0.012855801450030128f,-0.21870375269090792f,0.06250000000000011f,-0.0308683096214255f,0.9802508328559477f,0.19533420628844483f,1.4375f,0.2168957134964272f,0.19733989220200343f,-0.9560403843000449f,-0.875f,0f,0f,0f,1f], start_interpolation: 0, interpolation_duration: 1 }
$data merge entity $(item_display_r_item) { transformation: [-0.37205596627051296f,0.00361741748313719f,-0.2301467406965991f,0.08011203674599321f,-0.15769118719949746f,0.31465446964431776f,0.2598697831847061f,1.0311587296345106f,0.1676725900143729f,0.3039502081321969f,-0.2662826008853492f,-0.3941223092886346f,0f,0f,0f,1f], start_interpolation: 0, interpolation_duration: 1 }
$data merge entity $(bone_rightarm) { transformation: [-0.8504136371897439f,-0.526049693020798f,-0.008268382818599408f,-0.24970256924433043f,-0.36043699931313705f,0.593988075850757f,-0.719210216329869f,1.3125f,0.3832516343185666f,-0.608645944880798f,-0.6947433328735931f,-0.8613689414483325f,0f,0f,0f,1f], start_interpolation: 0, interpolation_duration: 1 }
$data merge entity $(item_display_l_item) { transformation: [-0.40780014883965854f,0.008216804334440646f,0.1582332857931032f,0.15100267649259483f,0.07390640704659035f,0.3963345537601439f,0.16989118427161357f,1.1830367521148788f,-0.14015395678972484f,0.18508823739578154f,-0.3708172902844564f,-0.30600971888936357f,0f,0f,0f,1f], start_interpolation: 0, interpolation_duration: 1 }
$data merge entity $(bone_leftarm) { transformation: [-0.9321146259192195f,0.3616760818128073f,-0.01878126705014997f,0.37470256924433065f,0.16892893039220652f,0.38832270690654547f,-0.9059075514517574f,1.3125f,-0.32035190123365676f,-0.8475823777930431f,-0.4230588283332151f,-0.8886310585516675f,0f,0f,0f,1f], start_interpolation: 0, interpolation_duration: 1 }
$data merge entity $(text_display_text) { transformation: [-2f,0f,7.347880794884119e-16f,6.888638245203862e-17f,0f,2f,0f,2.5665852865132335f,-7.347880794884119e-16f,0f,-2f,-0.5625f,0f,0f,0f,1f], start_interpolation: 0, interpolation_duration: 1 }
data modify entity @s data merge value {"locators":{},"cameras":{"camera":{"posx":-0.9999999999999996,"posy":1.4677083333333334,"posz":-3.25,"roty":342.14983084661606,"rotx":3.288684841538956}}}