# This file was generated by Animated Java via MC-Build. It is not recommended to edit this file directly.
$data merge entity $(bone_left_eye) { transformation: [-0.9774437379411807f,0.01368100750721199f,-0.21075238834509172f,0.24078881620572362f,-0.02950615247655914f,0.9792666539558927f,0.20041508779545478f,1.6359011605996794f,0.209124666468599f,0.20211296465990852f,-0.9567743847902597f,-0.6114187459460327f,0f,0f,0f,1f], start_interpolation: 0, interpolation_duration: 1 }
$data merge entity $(bone_right_eye) { transformation: [-0.9774437379411807f,0.01368100750721199f,-0.21075238834509172f,-0.0035721182795715456f,-0.02950615247655914f,0.9792666539558927f,0.20041508779545478f,1.6285246224805396f,0.209124666468599f,0.20211296465990852f,-0.9567743847902597f,-0.5591375793288831f,0f,0f,0f,1f], start_interpolation: 0, interpolation_duration: 1 }
$data merge entity $(bone_right_close) { transformation: [-0.9774437379411807f,0.01368100750721199f,-0.21075238834509172f,-0.0027170553103707945f,-0.02950615247655914f,0.9792666539558927f,0.20041508779545478f,1.689728788352783f,0.209124666468599f,0.20211296465990852f,-0.9567743847902597f,-0.5465055190376389f,0f,0f,0f,1f], start_interpolation: 0, interpolation_duration: 1 }
$data merge entity $(bone_left_close) { transformation: [-0.9774437379411807f,0.01368100750721199f,-0.21075238834509172f,0.24164387917492436f,-0.02950615247655914f,0.9792666539558927f,0.20041508779545478f,1.6971053264719227f,0.209124666468599f,0.20211296465990852f,-0.9567743847902597f,-0.5987866856547885f,0f,0f,0f,1f], start_interpolation: 0, interpolation_duration: 1 }
$data merge entity $(bone_left_eyebrow) { transformation: [-0.9774437379411807f,0.01368100750721199f,-0.21075238834509172f,0.24131502601151567f,-0.02950615247655914f,0.9792666539558927f,0.20041508779545478f,1.6726111341800383f,0.209124666468599f,0.20211296465990852f,-0.9567743847902597f,-0.6037797113722367f,0f,0f,0f,1f], start_interpolation: 0, interpolation_duration: 1 }
$data merge entity $(bone_right_eyebrow) { transformation: [-0.9774437379411807f,0.01368100750721199f,-0.21075238834509172f,-0.0030459084737795156f,-0.02950615247655914f,0.9792666539558927f,0.20041508779545478f,1.6652345960608985f,0.209124666468599f,0.20211296465990852f,-0.9567743847902597f,-0.5514985447550871f,0f,0f,0f,1f], start_interpolation: 0, interpolation_duration: 1 }
$data merge entity $(bone_talking) { transformation: [-0.9774437379411807f,0.01368100750721199f,-0.21075238834509172f,0.04932797572843188f,-0.02950615247655914f,0.9792666539558927f,0.20041508779545478f,1.450025942987216f,0.209124666468599f,0.20211296465990852f,-0.9567743847902597f,-0.9347983990493912f,0f,0f,0f,1f], start_interpolation: 0, interpolation_duration: 1 }
$data merge entity $(bone_m_opened) { transformation: [-0.9774437379411807f,0.01368100750721199f,-0.21075238834509172f,0.04932797572843188f,-0.02950615247655914f,0.9792666539558927f,0.20041508779545478f,1.450025942987216f,0.209124666468599f,0.20211296465990852f,-0.9567743847902597f,-0.9347983990493912f,0f,0f,0f,1f], start_interpolation: 0, interpolation_duration: 1 }
$data merge entity $(bone_head) { transformation: [-0.9774437379411807f,0.01368100750721199f,-0.21075238834509172f,0.06250000000000011f,-0.02950615247655914f,0.9792666539558927f,0.20041508779545478f,1.4375f,0.209124666468599f,0.20211296465990852f,-0.9567743847902597f,-0.875f,0f,0f,0f,1f], start_interpolation: 0, interpolation_duration: 1 }
$data merge entity $(item_display_r_item) { transformation: [-0.3720558963289823f,0.002170568788997451f,-0.23016504651655917f,0.07972480257618197f,-0.1576911300791636f,0.3162821225123229f,0.25788636348875893f,1.0344572300195793f,0.16767279893051792f,0.30227000779143176f,-0.26818822660320846f,-0.39188004407476856f,0f,0f,0f,1f], start_interpolation: 0, interpolation_duration: 1 }
$data merge entity $(bone_rightarm) { transformation: [-0.8504134773233881f,-0.5260915348949924f,-0.004961300089137147f,-0.24970256924433043f,-0.36043686875237396f,0.5894545451171634f,-0.7229305657424522f,1.3125f,0.38325211184118385f,-0.6130016608073335f,-0.6909028749518441f,-0.8613689414483325f,0f,0f,0f,1f], start_interpolation: 0, interpolation_duration: 1 }
$data merge entity $(item_display_l_item) { transformation: [-0.40375744982803097f,0.00838492806715379f,0.16827318470176345f,0.1367079991181411f,0.07839302821857959f,0.3961263485815917f,0.1683588402375601f,1.1851663278267974f,-0.1491331781834147f,0.18552589830189195f,-0.36707722106416507f,-0.31122762894517686f,0f,0f,0f,1f], start_interpolation: 0, interpolation_duration: 1 }
$data merge entity $(bone_leftarm) { transformation: [-0.9228741710354993f,0.3846244221754593f,-0.019165549867780005f,0.37470256924433065f,0.1791840644996105f,0.3848202062572804f,-0.9054316539007808f,1.3125f,-0.340875835847805f,-0.8390336481466629f,-0.42405919611861037f,-0.8886310585516675f,0f,0f,0f,1f], start_interpolation: 0, interpolation_duration: 1 }
$data merge entity $(text_display_text) { transformation: [-2f,0f,7.347880794884119e-16f,6.888638245203862e-17f,0f,2f,0f,2.5555552707935694f,-7.347880794884119e-16f,0f,-2f,-0.5625f,0f,0f,0f,1f], start_interpolation: 0, interpolation_duration: 1 }
data modify entity @s data merge value {"locators":{},"cameras":{"camera":{"posx":-0.9999999999999996,"posy":1.4734375,"posz":-3.25,"roty":342.13880761575933,"rotx":3.3867996493712837}}}