# This file was generated by Animated Java via MC-Build. It is not recommended to edit this file directly.
$data merge entity $(bone_left_eye) { transformation: [-0.9990482215818578f,0.0015222946655216519f,-0.04359281561310932f,0.19865980526739008f,0f,0.9993908270190958f,0.03489949670250097f,1.6786228325791488f,0.043619387365335875f,0.034866280114735505f,-0.9984396283986497f,-0.6221259462923207f,0f,0f,0f,1f], start_interpolation: 0, interpolation_duration: 1 }
$data merge entity $(bone_right_eye) { transformation: [-0.9990482215818578f,0.0015222946655216519f,-0.04359281561310932f,-0.05110225012807437f,0f,0.9993908270190958f,0.03489949670250097f,1.6786228325791488f,0.043619387365335875f,0.034866280114735505f,-0.9984396283986497f,-0.6112210994509867f,0f,0f,0f,1f], start_interpolation: 0, interpolation_duration: 1 }
$data merge entity $(bone_right_close) { transformation: [-0.9990482215818578f,0.0015222946655216519f,-0.04359281561310932f,-0.051007106711479275f,0f,0.9993908270190958f,0.03489949670250097f,1.7410847592678422f,0.043619387365335875f,0.034866280114735505f,-0.9984396283986497f,-0.6090419569438157f,0f,0f,0f,1f], start_interpolation: 0, interpolation_duration: 1 }
$data merge entity $(bone_left_close) { transformation: [-0.9990482215818578f,0.0015222946655216519f,-0.04359281561310932f,0.1987549486839852f,0f,0.9993908270190958f,0.03489949670250097f,1.7410847592678422f,0.043619387365335875f,0.034866280114735505f,-0.9984396283986497f,-0.6199468037851497f,0f,0f,0f,1f], start_interpolation: 0, interpolation_duration: 1 }
$data merge entity $(bone_left_eyebrow) { transformation: [-0.9990482215818578f,0.0015222946655216519f,-0.04359281561310932f,0.19871961586832296f,0f,0.9993908270190958f,0.03489949670250097f,1.716097807373821f,0.043619387365335875f,0.034866280114735505f,-0.9984396283986497f,-0.620756058311243f,0f,0f,0f,1f], start_interpolation: 0, interpolation_duration: 1 }
$data merge entity $(bone_right_eyebrow) { transformation: [-0.9990482215818578f,0.0015222946655216519f,-0.04359281561310932f,-0.05104243952714149f,0f,0.9993908270190958f,0.03489949670250097f,1.716097807373821f,0.043619387365335875f,0.034866280114735505f,-0.9984396283986497f,-0.6098512114699091f,0f,0f,0f,1f], start_interpolation: 0, interpolation_duration: 1 }
$data merge entity $(bone_talking) { transformation: [-0.9990482215818578f,0.0015222946655216519f,-0.04359281561310932f,0.05977544902418078f,0f,0.9993908270190958f,0.03489949670250097f,1.4396812185439063f,0.043619387365335875f,0.034866280114735505f,-0.9984396283986497f,-0.9374024767749156f,0f,0f,0f,1f], start_interpolation: 0, interpolation_duration: 1 }
$data merge entity $(bone_m_opened) { transformation: [-0.9990482215818578f,0.0015222946655216519f,-0.04359281561310932f,0.05977544902418078f,0f,0.9993908270190958f,0.03489949670250097f,1.4396812185439063f,0.043619387365335875f,0.034866280114735505f,-0.9984396283986497f,-0.9374024767749156f,0f,0f,0f,1f], start_interpolation: 0, interpolation_duration: 1 }
$data merge entity $(bone_head) { transformation: [-0.9990482215818578f,0.0015222946655216519f,-0.04359281561310932f,0.06250000000000011f,0f,0.9993908270190958f,0.03489949670250097f,1.4375f,0.043619387365335875f,0.034866280114735505f,-0.9984396283986497f,-0.875f,0f,0f,0f,1f], start_interpolation: 0, interpolation_duration: 1 }
$data merge entity $(item_display_r_item) { transformation: [-0.437265556914267f,0.008947313108171004f,0.011181606530384663f,-0.26311991768540255f,0.010777359908687417f,-0.019347988789209267f,0.43693907337661075f,0.682773326950782f,0.009430336677691139f,0.43698037818414337f,0.019117212981719103f,-0.7638277090838904f,0f,0f,0f,1f], start_interpolation: 0, interpolation_duration: 1 }
$data merge entity $(bone_rightarm) { transformation: [-0.9994641300897531f,0.025557957783736377f,-0.020451001390105146f,-0.24970256924433043f,0.02463396550557124f,0.9987178820036817f,0.04422397437533569f,1.3125f,0.021555055263294032f,0.04369648681535817f,-0.9988122929923278f,-0.8613689414483325f,0f,0f,0f,1f], start_interpolation: 0, interpolation_duration: 1 }
$data merge entity $(item_display_l_item) { transformation: [-0.4369859745051828f,0.021189772228125226f,-0.000708264552203833f,0.38176859638408617f,-0.001025324601389676f,-0.006523053768454182f,0.43745016685217486f,0.685707460563049f,0.021176798511992334f,0.4369378597952505f,0.006565050062905134f,-0.7731703129857462f,0f,0f,0f,1f], start_interpolation: 0, interpolation_duration: 1 }
$data merge entity $(bone_leftarm) { transformation: [-0.9988250845832749f,-0.0016188904050373218f,-0.04843376509285766f,0.37470256924433065f,-0.0023435990888906882f,0.999886095662114f,0.014909837185038353f,1.3125f,0.04840411088455391f,0.015005828715211956f,-0.9987151081034298f,-0.8886310585516675f,0f,0f,0f,1f], start_interpolation: 0, interpolation_duration: 1 }
$data merge entity $(text_display_text) { transformation: [-2f,0f,7.347880794884119e-16f,6.888638245203861e-17f,0f,2f,0f,2.9208785548136538f,-7.347880794884119e-16f,0f,-2f,-0.5624999999999999f,0f,0f,0f,1f], start_interpolation: 0, interpolation_duration: 1 }
data modify entity @s data merge value {"locators":{},"cameras":{"camera":{"posx":-0.9999999999999996,"posy":1.2729166666666667,"posz":-3.25,"roty":342.4801111238297,"rotx":0.19667771468543221}}}