# This file was generated by Animated Java via MC-Build. It is not recommended to edit this file directly.
$data merge entity $(bone_left_eye) { transformation: [-0.9791171120521753f,0.01442891659046349f,-0.20278433680300223f,0.23919295235488847f,-0.028138299064991865f,0.9782590147433845f,0.2054690638491152f,1.6342147751066913f,0.20134030151049512f,0.2068842827266686f,-0.9574241361843427f,-0.609090432961059f,0f,0f,0f,1f], start_interpolation: 0, interpolation_duration: 1 }
$data merge entity $(bone_right_eye) { transformation: [-0.9791171120521753f,0.01442891659046349f,-0.20278433680300223f,-0.005586325658155367f,-0.028138299064991865f,0.9782590147433845f,0.2054690638491152f,1.6271802003404434f,0.20134030151049512f,0.2068842827266686f,-0.9574241361843427f,-0.5587553575834353f,0f,0f,0f,1f], start_interpolation: 0, interpolation_duration: 1 }
$data merge entity $(bone_right_close) { transformation: [-0.9791171120521753f,0.01442891659046349f,-0.20278433680300223f,-0.004684518371251403f,-0.028138299064991865f,0.9782590147433845f,0.2054690638491152f,1.6883213887619049f,0.20134030151049512f,0.2068842827266686f,-0.9574241361843427f,-0.5458250899130186f,0f,0f,0f,1f], start_interpolation: 0, interpolation_duration: 1 }
$data merge entity $(bone_left_close) { transformation: [-0.9791171120521753f,0.01442891659046349f,-0.20278433680300223f,0.24009475964179244f,-0.028138299064991865f,0.9782590147433845f,0.2054690638491152f,1.6953559635281528f,0.20134030151049512f,0.2068842827266686f,-0.9574241361843427f,-0.5961601652906423f,0f,0f,0f,1f], start_interpolation: 0, interpolation_duration: 1 }
$data merge entity $(bone_left_eyebrow) { transformation: [-0.9791171120521753f,0.01442891659046349f,-0.20278433680300223f,0.23974671074808102f,-0.028138299064991865f,0.9782590147433845f,0.2054690638491152f,1.6708866463430776f,0.20134030151049512f,0.2068842827266686f,-0.9574241361843427f,-0.6012724333502975f,0f,0f,0f,1f], start_interpolation: 0, interpolation_duration: 1 }
$data merge entity $(bone_right_eyebrow) { transformation: [-0.9791171120521753f,0.01442891659046349f,-0.20278433680300223f,-0.005032567264962803f,-0.028138299064991865f,0.9782590147433845f,0.2054690638491152f,1.6638520715768297f,0.20134030151049512f,0.2068842827266686f,-0.9574241361843427f,-0.5509373579726736f,0f,0f,0f,1f], start_interpolation: 0, interpolation_duration: 1 }
$data merge entity $(bone_talking) { transformation: [-0.9791171120521753f,0.01442891659046349f,-0.20278433680300223f,0.04982597894981247f,-0.028138299064991865f,0.9782590147433845f,0.2054690638491152f,1.4503418164905697f,0.20134030151049512f,0.2068842827266686f,-0.9574241361843427f,-0.9348390085115215f,0f,0f,0f,1f], start_interpolation: 0, interpolation_duration: 1 }
$data merge entity $(bone_m_opened) { transformation: [-0.9791171120521753f,0.01442891659046349f,-0.20278433680300223f,0.04982597894981247f,-0.028138299064991865f,0.9782590147433845f,0.2054690638491152f,1.4503418164905697f,0.20134030151049512f,0.2068842827266686f,-0.9574241361843427f,-0.9348390085115215f,0f,0f,0f,1f], start_interpolation: 0, interpolation_duration: 1 }
$data merge entity $(bone_head) { transformation: [-0.9791171120521753f,0.01442891659046349f,-0.20278433680300223f,0.06250000000000011f,-0.028138299064991865f,0.9782590147433845f,0.2054690638491152f,1.4375f,0.20134030151049512f,0.2068842827266686f,-0.9574241361843427f,-0.875f,0f,0f,0f,1f], start_interpolation: 0, interpolation_duration: 1 }
$data merge entity $(item_display_r_item) { transformation: [-0.3720558376332582f,0.0006332184247031203f,-0.2301745049249399f,0.07929907162692751f,-0.15769108214317432f,0.31799772661160436f,0.2557678996323932f,1.0379737795570394f,0.16767297425503377f,0.30047178720185685f,-0.27020127460874954f,-0.3895180385210171f,0f,0f,0f,1f], start_interpolation: 0, interpolation_duration: 1 }
$data merge entity $(bone_rightarm) { transformation: [-0.8504133431617331f,-0.5261131541141484f,-0.0014473563993215345f,-0.24970256924433043f,-0.36043675918439844f,0.5846123420168989f,-0.7268519465408099f,1.3125f,0.38325251258293436f,-0.6176029133914274f,-0.6867926564613872f,-0.8613689414483325f,0f,0f,0f,1f], start_interpolation: 0, interpolation_duration: 1 }
$data merge entity $(item_display_l_item) { transformation: [-0.3985394816329212f,0.00850717124336311f,0.18027800647111275f,0.11959318035513045f,0.08364278036968695f,0.3959542594613604f,0.16622382412408274f,1.1881671825259847f,-0.15992628574374756f,0.18588733806217617f,-0.3623199286216084f,-0.31792049250303367f,0f,0f,0f,1f], start_interpolation: 0, interpolation_duration: 1 }
$data merge entity $(bone_leftarm) { transformation: [-0.9109473865895341f,0.4120640147911149f,-0.01944496284197273f,0.37470256924433065f,0.1911834979878559f,0.379940169426475f,-0.9050383073402523f,1.3125f,-0.36554579598570874f,-0.8281598368493905f,-0.42488534414211715f,-0.8886310585516675f,0f,0f,0f,1f], start_interpolation: 0, interpolation_duration: 1 }
$data merge entity $(text_display_text) { transformation: [-2f,0f,7.347880794884119e-16f,6.888638245203862e-17f,0f,2f,0f,2.5445912915257516f,-7.347880794884119e-16f,0f,-2f,-0.5625f,0f,0f,0f,1f], start_interpolation: 0, interpolation_duration: 1 }
data modify entity @s data merge value {"locators":{},"cameras":{"camera":{"posx":-0.9999999999999996,"posy":1.4791666666666667,"posz":-3.25,"roty":342.1278907653536,"rotx":3.483675378021137}}}
execute on vehicle unless entity @s[tag=aj.transforms_only] at @s run function animated_java:humanentity/animations/000_mur_1/zzz/frames/zzz/2