# This file was generated by Animated Java via MC-Build. It is not recommended to edit this file directly.
$data merge entity $(bone_left_eye) { transformation: [-0.9807266174543735f,0.015099438547352337f,-0.19480068986545632f,0.23756585928499896f,-0.02676501650245684f,0.9772282620450292f,0.21049598037035042f,1.6325286974814768f,0.1935431107224594f,0.2116528544952949f,-0.9579896311943399f,-0.6067822674178988f,0f,0f,0f,1f], start_interpolation: 0, interpolation_duration: 1 }
$data merge entity $(bone_right_eye) { transformation: [-0.9807266174543735f,0.015099438547352337f,-0.19480068986545632f,-0.007615795078594431f,-0.02676501650245684f,0.9772282620450292f,0.21049598037035042f,1.6258374433558624f,0.1935431107224594f,0.2116528544952949f,-0.9579896311943399f,-0.5583964897372838f,0f,0f,0f,1f], start_interpolation: 0, interpolation_duration: 1 }
$data merge entity $(bone_right_close) { transformation: [-0.9807266174543735f,0.015099438547352337f,-0.19480068986545632f,-0.006672080169384906f,-0.02676501650245684f,0.9772282620450292f,0.21049598037035042f,1.686914209733677f,0.1935431107224594f,0.2116528544952949f,-0.9579896311943399f,-0.5451681863313279f,0f,0f,0f,1f], start_interpolation: 0, interpolation_duration: 1 }
$data merge entity $(bone_left_close) { transformation: [-0.9807266174543735f,0.015099438547352337f,-0.19480068986545632f,0.23850957419420848f,-0.02676501650245684f,0.9772282620450292f,0.21049598037035042f,1.6936054638592912f,0.1935431107224594f,0.2116528544952949f,-0.9579896311943399f,-0.5935539640119428f,0f,0f,0f,1f], start_interpolation: 0, interpolation_duration: 1 }
$data merge entity $(bone_left_eyebrow) { transformation: [-0.9807266174543735f,0.015099438547352337f,-0.19480068986545632f,0.23814426327364124f,-0.02676501650245684f,0.9772282620450292f,0.21049598037035042f,1.6691616013093924f,0.1935431107224594f,0.2116528544952949f,-0.9579896311943399f,-0.5987854110223755f,0f,0f,0f,1f], start_interpolation: 0, interpolation_duration: 1 }
$data merge entity $(bone_right_eyebrow) { transformation: [-0.9807266174543735f,0.015099438547352337f,-0.19480068986545632f,-0.007037391089952119f,-0.02676501650245684f,0.9772282620450292f,0.21049598037035042f,1.6624703471837783f,0.1935431107224594f,0.2116528544952949f,-0.9579896311943399f,-0.5503996333417606f,0f,0f,0f,1f], start_interpolation: 0, interpolation_duration: 1 }
$data merge entity $(bone_talking) { transformation: [-0.9807266174543735f,0.015099438547352337f,-0.19480068986545632f,0.05032495688340908f,-0.02676501650245684f,0.9772282620450292f,0.21049598037035042f,1.4506559987731469f,0.1935431107224594f,0.2116528544952949f,-0.9579896311943399f,-0.9348743519496463f,0f,0f,0f,1f], start_interpolation: 0, interpolation_duration: 1 }
$data merge entity $(bone_m_opened) { transformation: [-0.9807266174543735f,0.015099438547352337f,-0.19480068986545632f,0.05032495688340908f,-0.02676501650245684f,0.9772282620450292f,0.21049598037035042f,1.4506559987731469f,0.1935431107224594f,0.2116528544952949f,-0.9579896311943399f,-0.9348743519496463f,0f,0f,0f,1f], start_interpolation: 0, interpolation_duration: 1 }
$data merge entity $(bone_head) { transformation: [-0.9807266174543735f,0.015099438547352337f,-0.19480068986545632f,0.0625000000000001f,-0.02676501650245684f,0.9772282620450292f,0.21049598037035042f,1.4375f,0.1935431107224594f,0.2116528544952949f,-0.9579896311943399f,-0.875f,0f,0f,0f,1f], start_interpolation: 0, interpolation_duration: 1 }
$data merge entity $(item_display_r_item) { transformation: [-0.3720557895914929f,-0.0009894089625549951f,-0.23017332708495047f,0.07883378117344025f,-0.15769104290815428f,0.3197930210075008f,0.25351964164820606f,1.0416985179332772f,0.1676731177559165f,0.2985593655955227f,-0.27231283626962854f,-0.38704792803585675f,0f,0f,0f,1f], start_interpolation: 0, interpolation_duration: 1 }
$data merge entity $(bone_rightarm) { transformation: [-0.8504132333519837f,-0.5261104619084582f,0.002261506200125586f,-0.24970256924433043f,-0.3604366695043526f,0.5794734666244711f,-0.7309554765885731f,1.3125f,0.383252840584952f,-0.6224293400448652f,-0.6824214070754806f,-0.8613689414483325f,0f,0f,0f,1f], start_interpolation: 0, interpolation_duration: 1 }
$data merge entity $(item_display_l_item) { transformation: [-0.3924626127812825f,0.008547342140753067f,0.19314836398794058f,0.10121843273034498f,0.08911556570238877f,0.3958706510365321f,0.16355761552876555f,1.1919521638264867f,-0.17157436731176454f,0.186063485375936f,-0.3568597285927996f,-0.32567045045454357f,0f,0f,0f,1f], start_interpolation: 0, interpolation_duration: 1 }
$data merge entity $(bone_leftarm) { transformation: [-0.8970574006429315f,0.44148197482957846f,-0.01953678203600691f,0.37470256924433065f,0.20369272160546004f,0.37384597835146427f,-0.904847202369216f,1.3125f,-0.3921699824268904f,-0.8156793796406846f,-0.4252879665735682f,-0.8886310585516675f,0f,0f,0f,1f], start_interpolation: 0, interpolation_duration: 1 }
$data merge entity $(bone_body) { transformation: [-0.9990482215818578f,0f,-0.043619387365335875f,0.0625000000000001f,0f,1f,0f,0.6875f,0.043619387365335875f,0f,-0.9990482215818578f,-0.875f,0f,0f,0f,1f], start_interpolation: 0, interpolation_duration: 1 }
$data merge entity $(bone_leftleg) { transformation: [-0.9952465390275879f,-0.04345342161151017f,-0.0871557611627618f,0.18738102769773232f,-0.043619410209978775f,0.9990482205844381f,4.023395993387087e-8f,0.75f,0.08707280635503623f,0.003801722941030819f,-0.9961946964806317f,-0.880452423420667f,0f,0f,0f,1f], start_interpolation: 0, interpolation_duration: 1 }
$data merge entity $(bone_rightleg) { transformation: [-0.9990482205844388f,0.04361941020997806f,1.848544667337748e-8f,-0.06238102769773213f,0.043619410209978775f,0.9990482205844381f,4.023395993387087e-8f,0.75f,-1.671287099686003e-8f,4.1001990360020266e-8f,-0.999999999999999f,-0.869547576579333f,0f,0f,0f,1f], start_interpolation: 0, interpolation_duration: 1 }
$data merge entity $(text_display_text) { transformation: [-2f,0f,7.347880794884119e-16f,6.888638245203862e-17f,0f,2f,0f,2.533703585815287f,-7.347880794884119e-16f,0f,-2f,-0.5625f,0f,0f,0f,1f], start_interpolation: 0, interpolation_duration: 1 }
data modify entity @s data merge value {"locators":{},"cameras":{"camera":{"posx":-0.9999999999999996,"posy":1.4848958333333333,"posz":-3.25,"roty":342.1170970740951,"rotx":3.579174791651509}}}