# This file was generated by Animated Java via MC-Build. It is not recommended to edit this file directly.
$data merge entity $(bone_left_eye) { transformation: [-0.9822721397759372f,0.015692497007256955f,-0.18680254001934524f,0.23590777672864283f,-0.02538657250836842f,0.9761747434726156f,0.2154956893825269f,1.6308430850860682f,0.18573358704412946f,0.21641768814921392f,-0.9584708753529606f,-0.6044945575049726f,0f,0f,0f,1f], start_interpolation: 0, interpolation_duration: 1 }
$data merge entity $(bone_right_eye) { transformation: [-0.9822721397759372f,0.015692497007256955f,-0.18680254001934524f,-0.009660258215341486f,-0.02538657250836842f,0.9761747434726156f,0.2154956893825269f,1.624496441958976f,0.18573358704412946f,0.21641768814921392f,-0.9584708753529606f,-0.5580611607439402f,0f,0f,0f,1f], start_interpolation: 0, interpolation_duration: 1 }
$data merge entity $(bone_right_close) { transformation: [-0.9822721397759372f,0.015692497007256955f,-0.18680254001934524f,-0.008679477152387927f,-0.02538657250836842f,0.9761747434726156f,0.2154956893825269f,1.6855073634260145f,0.18573358704412946f,0.21641768814921392f,-0.9584708753529606f,-0.5445350552346143f,0f,0f,0f,1f], start_interpolation: 0, interpolation_duration: 1 }
$data merge entity $(bone_left_close) { transformation: [-0.9822721397759372f,0.015692497007256955f,-0.18680254001934524f,0.23688855779159637f,-0.02538657250836842f,0.9761747434726156f,0.2154956893825269f,1.6918540065531067f,0.18573358704412946f,0.21641768814921392f,-0.9584708753529606f,-0.5909684519956467f,0f,0f,0f,1f], start_interpolation: 0, interpolation_duration: 1 }
$data merge entity $(bone_left_eyebrow) { transformation: [-0.9822721397759372f,0.015692497007256955f,-0.18680254001934524f,0.23650792052516617f,-0.02538657250836842f,0.9761747434726156f,0.2154956893825269f,1.667436169485705f,0.18573358704412946f,0.21641768814921392f,-0.9584708753529606f,-0.5963189897696675f,0f,0f,0f,1f], start_interpolation: 0, interpolation_duration: 1 }
$data merge entity $(bone_right_eyebrow) { transformation: [-0.9822721397759372f,0.015692497007256955f,-0.18680254001934524f,-0.009060114418818127f,-0.02538657250836842f,0.9761747434726156f,0.2154956893825269f,1.661089526358613f,0.18573358704412946f,0.21641768814921392f,-0.9584708753529606f,-0.549885593008635f,0f,0f,0f,1f], start_interpolation: 0, interpolation_duration: 1 }
$data merge entity $(bone_talking) { transformation: [-0.9822721397759372f,0.015692497007256955f,-0.18680254001934524f,0.05082484124879103f,-0.02538657250836842f,0.9761747434726156f,0.2154956893825269f,1.450968480586408f,0.18573358704412946f,0.21641768814921392f,-0.9584708753529606f,-0.93490442970956f,0f,0f,0f,1f], start_interpolation: 0, interpolation_duration: 1 }
$data merge entity $(bone_m_opened) { transformation: [-0.9822721397759372f,0.015692497007256955f,-0.18680254001934524f,0.05082484124879103f,-0.02538657250836842f,0.9761747434726156f,0.2154956893825269f,1.450968480586408f,0.18573358704412946f,0.21641768814921392f,-0.9584708753529606f,-0.93490442970956f,0f,0f,0f,1f], start_interpolation: 0, interpolation_duration: 1 }
$data merge entity $(bone_head) { transformation: [-0.9822721397759372f,0.015692497007256955f,-0.18680254001934524f,0.06250000000000011f,-0.02538657250836842f,0.9761747434726156f,0.2154956893825269f,1.4375f,0.18573358704412946f,0.21641768814921392f,-0.9584708753529606f,-0.875f,0f,0f,0f,1f], start_interpolation: 0, interpolation_duration: 1 }
$data merge entity $(item_display_r_item) { transformation: [-0.372055751611828f,-0.002692064550124216f,-0.23015977163921536f,0.07832794322594172f,-0.1576910118907252f,0.3216597838040536f,0.2511469256272287f,1.0456214730479743f,0.1676732312011579f,0.29653665249271893f,-0.27451402745028447f,-0.38448128723572084f,0f,0f,0f,1f], start_interpolation: 0, interpolation_duration: 1 }
$data merge entity $(bone_rightarm) { transformation: [-0.8504131465413212f,-0.5260794780324922f,0.006153290400283805f,-0.24970256924433043f,-0.36043659860737187f,0.5740501157193799f,-0.7352223629806938f,1.3125f,0.3832530998883609f,-0.6274606341720786f,-0.6777980628405005f,-0.8613689414483325f,0f,0f,0f,1f], start_interpolation: 0, interpolation_duration: 1 }
$data merge entity $(item_display_l_item) { transformation: [-0.38595785446252456f,0.008500654514769602f,0.20584101498852278f,0.08307273483637512f,0.0943357713232492f,0.3958992815332449f,0.16053277276091682f,1.1962815479224744f,-0.18314897441026623f,0.18600469820486001f,-0.35109109276395295f,-0.33392815511606044f,0f,0f,0f,1f], start_interpolation: 0, interpolation_duration: 1 }
$data merge entity $(bone_leftarm) { transformation: [-0.8821893816286276f,0.47049374854519493f,-0.019430067462330416f,0.37470256924433065f,0.21562462016742676f,0.36693205202495294f,-0.9049126435045596f,1.3125f,-0.41862622722346565f,-0.8024939263176066f,-0.4251535958968231f,-0.8886310585516675f,0f,0f,0f,1f], start_interpolation: 0, interpolation_duration: 1 }
$data merge entity $(bone_body) { transformation: [-0.9990482215818578f,0f,-0.043619387365335875f,0.06250000000000011f,0f,1f,0f,0.6875f,0.043619387365335875f,0f,-0.9990482215818578f,-0.875f,0f,0f,0f,1f], start_interpolation: 0, interpolation_duration: 1 }
$data merge entity $(bone_leftleg) { transformation: [-0.9952465390275879f,-0.04345342161151017f,-0.0871557611627618f,0.18738102769773235f,-0.043619410209978775f,0.9990482205844381f,4.023395993387087e-8f,0.75f,0.08707280635503623f,0.003801722941030819f,-0.9961946964806317f,-0.880452423420667f,0f,0f,0f,1f], start_interpolation: 0, interpolation_duration: 1 }
$data merge entity $(bone_rightleg) { transformation: [-0.9990482205844388f,0.04361941020997806f,1.848544667337748e-8f,-0.062381027697732114f,0.043619410209978775f,0.9990482205844381f,4.023395993387087e-8f,0.75f,-1.671287099686003e-8f,4.1001990360020266e-8f,-0.999999999999999f,-0.869547576579333f,0f,0f,0f,1f], start_interpolation: 0, interpolation_duration: 1 }
$data merge entity $(text_display_text) { transformation: [-2f,0f,7.347880794884119e-16f,6.888638245203862e-17f,0f,2f,0f,2.522903465397434f,-7.347880794884119e-16f,0f,-2f,-0.5625f,0f,0f,0f,1f], start_interpolation: 0, interpolation_duration: 1 }
data modify entity @s data merge value {"locators":{},"cameras":{"camera":{"posx":-0.9999999999999996,"posy":1.490625,"posz":-3.25,"roty":342.10644348312826,"rotx":3.6731606725478625}}}