# This file was generated by Animated Java via MC-Build. It is not recommended to edit this file directly.
$data merge entity $(bone_left_eye) { transformation: [-0.9837535693268926f,0.016208029384104455f,-0.1787909802537106f,0.23421894857531544f,-0.024003235376000298f,0.9750988073291448f,0.22046804901564243f,1.6291580940003756f,0.1779122242233036f,0.2211777921238102f,-0.9588678870121544f,-0.6022276082439217f,0f,0f,0f,1f], start_interpolation: 0, interpolation_duration: 1 }
$data merge entity $(bone_right_eye) { transformation: [-0.9837535693268926f,0.016208029384104455f,-0.1787909802537106f,-0.01171944375640771f,-0.024003235376000298f,0.9750988073291448f,0.22046804901564243f,1.6231572851563756f,0.1779122242233036f,0.2211777921238102f,-0.9588678870121544f,-0.5577495521880957f,0f,0f,0f,1f], start_interpolation: 0, interpolation_duration: 1 }
$data merge entity $(bone_right_close) { transformation: [-0.9837535693268926f,0.016208029384104455f,-0.1787909802537106f,-0.010706441919901194f,-0.024003235376000298f,0.9750988073291448f,0.22046804901564243f,1.684100960614447f,0.1779122242233036f,0.2211777921238102f,-0.9588678870121544f,-0.5439259401803576f,0f,0f,0f,1f], start_interpolation: 0, interpolation_duration: 1 }
$data merge entity $(bone_left_close) { transformation: [-0.9837535693268926f,0.016208029384104455f,-0.1787909802537106f,0.23523195041182196f,-0.024003235376000298f,0.9750988073291448f,0.22046804901564243f,1.690101769458447f,0.1779122242233036f,0.2211777921238102f,-0.9588678870121544f,-0.5884039962361836f,0f,0f,0f,1f], start_interpolation: 0, interpolation_duration: 1 }
$data merge entity $(bone_left_eyebrow) { transformation: [-0.9837535693268926f,0.016208029384104455f,-0.1787909802537106f,0.2348379241134852f,-0.024003235376000298f,0.9750988073291448f,0.22046804901564243f,1.6657105200221551f,0.1779122242233036f,0.2211777921238102f,-0.9588678870121544f,-0.5938735117963405f,0f,0f,0f,1f], start_interpolation: 0, interpolation_duration: 1 }
$data merge entity $(bone_right_eyebrow) { transformation: [-0.9837535693268926f,0.016208029384104455f,-0.1787909802537106f,-0.011100468218237944f,-0.024003235376000298f,0.9750988073291448f,0.22046804901564243f,1.659709711178155f,0.1779122242233036f,0.2211777921238102f,-0.9588678870121544f,-0.5493954557405146f,0f,0f,0f,1f], start_interpolation: 0, interpolation_duration: 1 }
$data merge entity $(bone_talking) { transformation: [-0.9837535693268926f,0.016208029384104455f,-0.1787909802537106f,0.05132556373414318f,-0.024003235376000298f,0.9750988073291448f,0.22046804901564243f,1.4512792530634777f,0.1779122242233036f,0.2211777921238102f,-0.9588678870121544f,-0.9349292429382595f,0f,0f,0f,1f], start_interpolation: 0, interpolation_duration: 1 }
$data merge entity $(bone_m_opened) { transformation: [-0.9837535693268926f,0.016208029384104455f,-0.1787909802537106f,0.05132556373414318f,-0.024003235376000298f,0.9750988073291448f,0.22046804901564243f,1.4512792530634777f,0.1779122242233036f,0.2211777921238102f,-0.9588678870121544f,-0.9349292429382595f,0f,0f,0f,1f], start_interpolation: 0, interpolation_duration: 1 }
$data merge entity $(bone_head) { transformation: [-0.9837535693268926f,0.016208029384104455f,-0.1787909802537106f,0.0625000000000001f,-0.024003235376000298f,0.9750988073291448f,0.22046804901564243f,1.4375f,0.1779122242233036f,0.2211777921238102f,-0.9588678870121544f,-0.8749999999999999f,0f,0f,0f,1f], start_interpolation: 0, interpolation_duration: 1 }
$data merge entity $(item_display_r_item) { transformation: [-0.3720557231023969f,-0.004469474796147956f,-0.230132163553466f,0.07778067160457869f,-0.15769098860750586f,0.32358985760854486f,0.24865519533054017f,1.0497325374159552f,0.16767331635874588f,0.29440767287543346f,-0.2767960099664221f,-0.3818295921033199f,0f,0f,0f,1f], start_interpolation: 0, interpolation_duration: 1 }
$data merge entity $(bone_rightarm) { transformation: [-0.8504130813769071f,-0.5260163738364937f,0.01021594239119521f,-0.24970256924433043f,-0.36043654538858483f,0.568354732184092f,-0.7396339602481025f,1.3125f,0.3832532945342763f,-0.6326765942089647f,-0.6729318237152766f,-0.8613689414483324f,0f,0f,0f,1f], start_interpolation: 0, interpolation_duration: 1 }
$data merge entity $(item_display_l_item) { transformation: [-0.3795765263223005f,0.008389122493408913f,0.21738797871291438f,0.06654520608114117f,0.09891258434535849f,0.39602974266282626f,0.15742615279723382f,1.2007568510504734f,-0.19376328683013785f,0.1857318377398077f,-0.34549344874624693f,-0.34200274955994103f,0f,0f,0f,1f], start_interpolation: 0, interpolation_duration: 1 }
$data merge entity $(bone_leftarm) { transformation: [-0.8676034887366868f,0.49688680848666145f,-0.01917513712779169f,0.37470256924433065f,0.22608590707510512f,0.3598312063936775f,-0.9052108403721741f,1.3125f,-0.4428875127546008f,-0.7896993114199928f,-0.42452991483384633f,-0.8886310585516674f,0f,0f,0f,1f], start_interpolation: 0, interpolation_duration: 1 }
$data merge entity $(bone_body) { transformation: [-0.9990482215818578f,0f,-0.043619387365335875f,0.0625000000000001f,0f,1f,0f,0.6875f,0.043619387365335875f,0f,-0.9990482215818578f,-0.8749999999999999f,0f,0f,0f,1f], start_interpolation: 0, interpolation_duration: 1 }
$data merge entity $(bone_leftleg) { transformation: [-0.9952465390275879f,-0.04345342161151017f,-0.0871557611627618f,0.18738102769773232f,-0.043619410209978775f,0.9990482205844381f,4.023395993387087e-8f,0.75f,0.08707280635503623f,0.003801722941030819f,-0.9961946964806317f,-0.8804524234206669f,0f,0f,0f,1f], start_interpolation: 0, interpolation_duration: 1 }
$data merge entity $(bone_rightleg) { transformation: [-0.9990482205844388f,0.04361941020997806f,1.848544667337748e-8f,-0.06238102769773213f,0.043619410209978775f,0.9990482205844381f,4.023395993387087e-8f,0.75f,-1.671287099686003e-8f,4.1001990360020266e-8f,-0.999999999999999f,-0.8695475765793329f,0f,0f,0f,1f], start_interpolation: 0, interpolation_duration: 1 }
$data merge entity $(text_display_text) { transformation: [-2f,0f,7.347880794884119e-16f,6.888638245203862e-17f,0f,2f,0f,2.5122011362985135f,-7.347880794884119e-16f,0f,-2f,-0.5625f,0f,0f,0f,1f], start_interpolation: 0, interpolation_duration: 1 }
data modify entity @s data merge value {"locators":{},"cameras":{"camera":{"posx":-0.9999999999999996,"posy":1.4963541666666667,"posz":-3.25,"roty":342.0959470893381,"rotx":3.76549582046163}}}