# This file was generated by Animated Java via MC-Build. It is not recommended to edit this file directly.
$data merge entity $(bone_left_eye) { transformation: [-0.9851708011074861f,0.016645986876662543f,-0.17076710387582292f,0.23249962282655723f,-0.02261527394260782f,0.9740008025148631f,0.2254129235090648f,1.6274738789942755f,0.17007951678475258f,0.22593217526794337f,-0.9591806973396412f,-0.5999817214461979f,0f,0f,0f,1f], start_interpolation: 0, interpolation_duration: 1 }
$data merge entity $(bone_right_eye) { transformation: [-0.9851708011074861f,0.016645986876662543f,-0.17076710387582292f,-0.013793077450314287f,-0.02261527394260782f,0.9740008025148631f,0.2254129235090648f,1.6218200605086237f,0.17007951678475258f,0.22593217526794337f,-0.9591806973396412f,-0.5574618422500098f,0f,0f,0f,1f], start_interpolation: 0, interpolation_duration: 1 }
$data merge entity $(bone_right_close) { transformation: [-0.9851708011074861f,0.016645986876662543f,-0.17076710387582292f,-0.012752703270522872f,-0.02261527394260782f,0.9740008025148631f,0.2254129235090648f,1.6826951106658026f,0.17007951678475258f,0.22593217526794337f,-0.9591806973396412f,-0.5433410812957634f,0f,0f,0f,1f], start_interpolation: 0, interpolation_duration: 1 }
$data merge entity $(bone_left_close) { transformation: [-0.9851708011074861f,0.016645986876662543f,-0.17076710387582292f,0.23353999700634864f,-0.02261527394260782f,0.9740008025148631f,0.2254129235090648f,1.6883489291514544f,0.17007951678475258f,0.22593217526794337f,-0.9591806973396412f,-0.5858609604919515f,0f,0f,0f,1f], start_interpolation: 0, interpolation_duration: 1 }
$data merge entity $(bone_left_eyebrow) { transformation: [-0.9851708011074861f,0.016645986876662543f,-0.17076710387582292f,0.23313452027842435f,-0.02261527394260782f,0.9740008025148631f,0.2254129235090648f,1.6639848207808636f,0.17007951678475258f,0.22593217526794337f,-0.9591806973396412f,-0.5914493160800663f,0f,0f,0f,1f], start_interpolation: 0, interpolation_duration: 1 }
$data merge entity $(bone_right_eyebrow) { transformation: [-0.9851708011074861f,0.016645986876662543f,-0.17076710387582292f,-0.013158179998447192f,-0.02261527394260782f,0.9740008025148631f,0.2254129235090648f,1.6583310022952116f,0.17007951678475258f,0.22593217526794337f,-0.9591806973396412f,-0.5489294368838782f,0f,0f,0f,1f], start_interpolation: 0, interpolation_duration: 1 }
$data merge entity $(bone_talking) { transformation: [-0.9851708011074861f,0.016645986876662543f,-0.17076710387582292f,0.05182705600776118f,-0.02261527394260782f,0.9740008025148631f,0.2254129235090648f,1.4515883077193166f,0.17007951678475258f,0.22593217526794337f,-0.9591806973396412f,-0.9349487935837276f,0f,0f,0f,1f], start_interpolation: 0, interpolation_duration: 1 }
$data merge entity $(bone_m_opened) { transformation: [-0.9851708011074861f,0.016645986876662543f,-0.17076710387582292f,0.05182705600776118f,-0.02261527394260782f,0.9740008025148631f,0.2254129235090648f,1.4515883077193166f,0.17007951678475258f,0.22593217526794337f,-0.9591806973396412f,-0.9349487935837276f,0f,0f,0f,1f], start_interpolation: 0, interpolation_duration: 1 }
$data merge entity $(bone_head) { transformation: [-0.9851708011074861f,0.016645986876662543f,-0.17076710387582292f,0.06250000000000011f,-0.02261527394260782f,0.9740008025148631f,0.2254129235090648f,1.4375f,0.17007951678475258f,0.22593217526794337f,-0.9591806973396412f,-0.875f,0f,0f,0f,1f], start_interpolation: 0, interpolation_duration: 1 }
$data merge entity $(item_display_r_item) { transformation: [-0.37205570347132505f,-0.006316341525007739f,-0.23008891182366203f,0.07719120721089884f,-0.15769097257511294f,0.3255751741203786f,0.24605002167201714f,1.0540214473600835f,0.1676733749966656f,0.2921765901406624f,-0.27915001252194666f,-0.37910418351964814f,0f,0f,0f,1f], start_interpolation: 0, interpolation_duration: 1 }
$data merge entity $(bone_rightarm) { transformation: [-0.8504130365058858f,-0.5259175127397989f,0.01443735205716043f,-0.24970256924433043f,-0.3604365087431153f,0.5624000495360394f,-0.7441718265608653f,1.3125f,0.38325342856380706f,-0.6380571714787351f,-0.6678322060357998f,-0.8613689414483325f,0f,0f,0f,1f], start_interpolation: 0, interpolation_duration: 1 }
$data merge entity $(item_display_l_item) { transformation: [-0.3739711791285282f,0.008251200656077083f,0.22690025312668f,0.0529168363936669f,0.10254322549721759f,0.39621935513467227f,0.15460064528096654f,1.2048474653513825f,-0.20257515663537093f,0.18533318727199832f,-0.3406187980863025f,-0.3490804363506643f,0f,0f,0f,1f], start_interpolation: 0, interpolation_duration: 1 }
$data merge entity $(bone_leftarm) { transformation: [-0.854791266579493f,0.51862915000384f,-0.018859887213890363f,0.37470256924433065f,0.23438451542221164f,0.35337290349935224f,-0.9056442403078222f,1.3125f,-0.4630289294522764f,-0.7785572527686914f,-0.4236187137645678f,-0.8886310585516675f,0f,0f,0f,1f], start_interpolation: 0, interpolation_duration: 1 }
$data merge entity $(bone_body) { transformation: [-0.9990482215818578f,0f,-0.043619387365335875f,0.06250000000000011f,0f,1f,0f,0.6875f,0.043619387365335875f,0f,-0.9990482215818578f,-0.875f,0f,0f,0f,1f], start_interpolation: 0, interpolation_duration: 1 }
$data merge entity $(bone_leftleg) { transformation: [-0.9952465390275879f,-0.04345342161151017f,-0.0871557611627618f,0.18738102769773235f,-0.043619410209978775f,0.9990482205844381f,4.023395993387087e-8f,0.75f,0.08707280635503623f,0.003801722941030819f,-0.9961946964806317f,-0.880452423420667f,0f,0f,0f,1f], start_interpolation: 0, interpolation_duration: 1 }
$data merge entity $(bone_rightleg) { transformation: [-0.9990482205844388f,0.04361941020997806f,1.848544667337748e-8f,-0.062381027697732114f,0.043619410209978775f,0.9990482205844381f,4.023395993387087e-8f,0.75f,-1.671287099686003e-8f,4.1001990360020266e-8f,-0.999999999999999f,-0.869547576579333f,0f,0f,0f,1f], start_interpolation: 0, interpolation_duration: 1 }
$data merge entity $(text_display_text) { transformation: [-2f,0f,7.347880794884119e-16f,6.888638245203862e-17f,0f,2f,0f,2.501609364760456f,-7.347880794884119e-16f,0f,-2f,-0.5625f,0f,0f,0f,1f], start_interpolation: 0, interpolation_duration: 1 }
data modify entity @s data merge value {"locators":{},"cameras":{"camera":{"posx":-0.9999999999999996,"posy":1.5020833333333332,"posz":-3.25,"roty":342.08562513799,"rotx":3.856043051874075}}}