# This file was generated by Animated Java via MC-Build. It is not recommended to edit this file directly.
$data merge entity $(bone_left_eye) { transformation: [-0.9865237348161661f,0.017006334466385897f,-0.16273200432729992f,0.23075005155044231f,-0.021222957559497966f,0.9728810784333187f,0.2303301832128184f,1.6257905935000623f,0.1622359599989802f,0.2306798470054117f,-0.9594093503133942f,-0.5977571956701709f,0f,0f,0f,1f], start_interpolation: 0, interpolation_duration: 1 }
$data merge entity $(bone_right_eye) { transformation: [-0.9865237348161661f,0.017006334466385897f,-0.16273200432729992f,-0.015880882153599188f,-0.021222957559497966f,0.9728810784333187f,0.2303301832128184f,1.6204848541101877f,0.1622359599989802f,0.2306798470054117f,-0.9594093503133942f,-0.557198205670426f,0f,0f,0f,1f], start_interpolation: 0, interpolation_duration: 1 }
$data merge entity $(bone_right_close) { transformation: [-0.9865237348161661f,0.017006334466385897f,-0.16273200432729992f,-0.014817986249450077f,-0.021222957559497966f,0.9728810784333187f,0.2303301832128184f,1.6812899215122703f,0.1622359599989802f,0.2306798470054117f,-0.9594093503133942f,-0.5427807152325878f,0f,0f,0f,1f], start_interpolation: 0, interpolation_duration: 1 }
$data merge entity $(bone_left_close) { transformation: [-0.9865237348161661f,0.017006334466385897f,-0.16273200432729992f,0.23181294745459144f,-0.021222957559497966f,0.9728810784333187f,0.2303301832128184f,1.6865956609021449f,0.1622359599989802f,0.2306798470054117f,-0.9594093503133942f,-0.5833397052323327f,0f,0f,0f,1f], start_interpolation: 0, interpolation_duration: 1 }
$data merge entity $(bone_left_eyebrow) { transformation: [-0.9865237348161661f,0.017006334466385897f,-0.16273200432729992f,0.23139795984320227f,-0.021222957559497966f,0.9728810784333187f,0.2303301832128184f,1.6622592383048609f,0.1622359599989802f,0.2306798470054117f,-0.9594093503133942f,-0.5890467383230733f,0f,0f,0f,1f], start_interpolation: 0, interpolation_duration: 1 }
$data merge entity $(bone_right_eyebrow) { transformation: [-0.9865237348161661f,0.017006334466385897f,-0.16273200432729992f,-0.015232973860839258f,-0.021222957559497966f,0.9728810784333187f,0.2303301832128184f,1.6569534989149866f,0.1622359599989802f,0.2306798470054117f,-0.9594093503133942f,-0.5484877483233284f,0f,0f,0f,1f], start_interpolation: 0, interpolation_duration: 1 }
$data merge entity $(bone_talking) { transformation: [-0.9865237348161661f,0.017006334466385897f,-0.16273200432729992f,0.052329249729543864f,-0.021222957559497966f,0.9728810784333187f,0.2303301832128184f,1.451895636450801f,0.1622359599989802f,0.2306798470054117f,-0.9594093503133942f,-0.9349630843945871f,0f,0f,0f,1f], start_interpolation: 0, interpolation_duration: 1 }
$data merge entity $(bone_m_opened) { transformation: [-0.9865237348161661f,0.017006334466385897f,-0.16273200432729992f,0.052329249729543864f,-0.021222957559497966f,0.9728810784333187f,0.2303301832128184f,1.451895636450801f,0.1622359599989802f,0.2306798470054117f,-0.9594093503133942f,-0.9349630843945871f,0f,0f,0f,1f], start_interpolation: 0, interpolation_duration: 1 }
$data merge entity $(bone_head) { transformation: [-0.9865237348161661f,0.017006334466385897f,-0.16273200432729992f,0.06250000000000011f,-0.021222957559497966f,0.9728810784333187f,0.2303301832128184f,1.4375f,0.1622359599989802f,0.2306798470054117f,-0.9594093503133942f,-0.8749999999999999f,0f,0f,0f,1f], start_interpolation: 0, interpolation_duration: 1 }
$data merge entity $(item_display_r_item) { transformation: [-0.37205569212673206f,-0.008227342644046863f,-0.23002852603343746f,0.07655894147656689f,-0.15769096331016108f,0.3276077778284806f,0.24333712005487015f,1.0584777650154655f,0.1676734088828989f,0.28984772681410204f,-0.2815673511156538f,-0.3763162321933694f,0f,0f,0f,1f], start_interpolation: 0, interpolation_duration: 1 }
$data merge entity $(bone_rightarm) { transformation: [-0.8504130105753875f,-0.5257794880764285f,0.018805354614964142f,-0.24970256924433043f,-0.3604364875660825f,0.5561991315539891f,-0.7488177778936699f,1.3125f,0.38325350601805463f,-0.6435825168357799f,-0.6625090898608048f,-0.8613689414483324f,0f,0f,0f,1f], start_interpolation: 0, interpolation_duration: 1 }
$data merge entity $(item_display_l_item) { transformation: [-0.36985703336852754f,0.008130252194312676f,0.2335506880038866f,0.043381658437153414f,0.10499339390149377f,0.39640289343426294f,0.1524709261268857f,1.2079423607999527f,-0.20877838035792326f,0.1849456543858258f,-0.3370651907553212f,-0.3542677419338297f,0f,0f,0f,1f], start_interpolation: 0, interpolation_duration: 1 }
$data merge entity $(bone_leftarm) { transformation: [-0.8453875048423487f,0.5338301440088836f,-0.018583433587000285f,0.37470256924433065f,0.23998490034627148f,0.34850497400431035f,-0.9060637564211723f,1.3125f,-0.477207726532396f,-0.7704347217264483f,-0.42273292431045917f,-0.8886310585516674f,0f,0f,0f,1f], start_interpolation: 0, interpolation_duration: 1 }
$data merge entity $(bone_body) { transformation: [-0.9990482215818578f,0f,-0.043619387365335875f,0.06250000000000011f,0f,1f,0f,0.6875f,0.043619387365335875f,0f,-0.9990482215818578f,-0.8749999999999999f,0f,0f,0f,1f], start_interpolation: 0, interpolation_duration: 1 }
$data merge entity $(bone_leftleg) { transformation: [-0.9952465390275879f,-0.04345342161151017f,-0.0871557611627618f,0.18738102769773235f,-0.043619410209978775f,0.9990482205844381f,4.023395993387087e-8f,0.75f,0.08707280635503623f,0.003801722941030819f,-0.9961946964806317f,-0.8804524234206669f,0f,0f,0f,1f], start_interpolation: 0, interpolation_duration: 1 }
$data merge entity $(bone_rightleg) { transformation: [-0.9990482205844388f,0.04361941020997806f,1.848544667337748e-8f,-0.062381027697732114f,0.043619410209978775f,0.9990482205844381f,4.023395993387087e-8f,0.75f,-1.671287099686003e-8f,4.1001990360020266e-8f,-0.999999999999999f,-0.8695475765793329f,0f,0f,0f,1f], start_interpolation: 0, interpolation_duration: 1 }
$data merge entity $(text_display_text) { transformation: [-2f,0f,7.347880794884119e-16f,6.888638245203862e-17f,0f,2f,0f,2.4911424256302066f,-7.347880794884119e-16f,0f,-2f,-0.5625f,0f,0f,0f,1f], start_interpolation: 0, interpolation_duration: 1 }
data modify entity @s data merge value {"locators":{},"cameras":{"camera":{"posx":-0.9999999999999996,"posy":1.5078125,"posz":-3.25,"roty":342.0754950147131,"rotx":3.944665199179716}}}