# This file was generated by Animated Java via MC-Build. It is not recommended to edit this file directly.
$data merge entity $(bone_left_eye) { transformation: [-0.9878122748571931f,0.01728905091281782f,-0.1546867750002927f,0.2289704908354269f,-0.019826556062049194f,0.9717399848974648f,0.23521970458742014f,1.6241083895852675f,0.15438204985093187f,0.23541981749633734f,-0.9595539027140766f,-0.5955543261787631f,0f,0f,0f,1f], start_interpolation: 0, interpolation_duration: 1 }
$data merge entity $(bone_right_eye) { transformation: [-0.9878122748571931f,0.01728905091281782f,-0.1546867750002927f,-0.017982577878871392f,-0.019826556062049194f,0.9717399848974648f,0.23521970458742014f,1.619151750569755f,0.15438204985093187f,0.23541981749633734f,-0.9595539027140766f,-0.5569588137160301f,0f,0f,0f,1f], start_interpolation: 0, interpolation_duration: 1 }
$data merge entity $(bone_right_close) { transformation: [-0.9878122748571931f,0.01728905091281782f,-0.1546867750002927f,-0.016902012196820276f,-0.019826556062049194f,0.9717399848974648f,0.23521970458742014f,1.6798854996258465f,0.15438204985093187f,0.23541981749633734f,-0.9595539027140766f,-0.542245075122509f,0f,0f,0f,1f], start_interpolation: 0, interpolation_duration: 1 }
$data merge entity $(bone_left_close) { transformation: [-0.9878122748571931f,0.01728905091281782f,-0.1546867750002927f,0.230051056517478f,-0.019826556062049194f,0.9717399848974648f,0.23521970458742014f,1.684842138641359f,0.15438204985093187f,0.23541981749633734f,-0.9595539027140766f,-0.580840587585242f,0f,0f,0f,1f], start_interpolation: 0, interpolation_duration: 1 }
$data merge entity $(bone_left_eyebrow) { transformation: [-0.9878122748571931f,0.01728905091281782f,-0.1546867750002927f,0.22962849816809508f,-0.019826556062049194f,0.9717399848974648f,0.23521970458742014f,1.6605339377873858f,0.15438204985093187f,0.23541981749633734f,-0.9595539027140766f,-0.5866661109037309f,0f,0f,0f,1f], start_interpolation: 0, interpolation_duration: 1 }
$data merge entity $(bone_right_eyebrow) { transformation: [-0.9878122748571931f,0.01728905091281782f,-0.1546867750002927f,-0.017324570546203205f,-0.019826556062049194f,0.9717399848974648f,0.23521970458742014f,1.6555772987718733f,0.15438204985093187f,0.23541981749633734f,-0.9595539027140766f,-0.5480705984409979f,0f,0f,0f,1f], start_interpolation: 0, interpolation_duration: 1 }
$data merge entity $(bone_talking) { transformation: [-0.9878122748571931f,0.01728905091281782f,-0.1546867750002927f,0.05283207656248182f,-0.019826556062049194f,0.9717399848974648f,0.23521970458742014f,1.4522012315367137f,0.15438204985093187f,0.23541981749633734f,-0.9595539027140766f,-0.93497211891963f,0f,0f,0f,1f], start_interpolation: 0, interpolation_duration: 1 }
$data merge entity $(bone_m_opened) { transformation: [-0.9878122748571931f,0.01728905091281782f,-0.1546867750002927f,0.05283207656248182f,-0.019826556062049194f,0.9717399848974648f,0.23521970458742014f,1.4522012315367137f,0.15438204985093187f,0.23541981749633734f,-0.9595539027140766f,-0.93497211891963f,0f,0f,0f,1f], start_interpolation: 0, interpolation_duration: 1 }
$data merge entity $(bone_head) { transformation: [-0.9878122748571931f,0.01728905091281782f,-0.1546867750002927f,0.06250000000000011f,-0.019826556062049194f,0.9717399848974648f,0.23521970458742014f,1.4375f,0.15438204985093187f,0.23541981749633734f,-0.9595539027140766f,-0.8750000000000001f,0f,0f,0f,1f], start_interpolation: 0, interpolation_duration: 1 }
$data merge entity $(item_display_r_item) { transformation: [-0.372055688476732f,-0.010197133482868919f,-0.229949631747558f,0.07588343797136132f,-0.15769096032926339f,0.32967984878776097f,0.24052236555820286f,1.0630908631419276f,0.1676734197854259f,0.28742558301586807f,-0.2840394488894962f,-0.373476705030233f,0f,0f,0f,1f], start_interpolation: 0, interpolation_duration: 1 }
$data merge entity $(bone_rightarm) { transformation: [-0.8504130022325302f,-0.5255991582801326f,0.023307733675128842f,-0.24970256924433043f,-0.36043648075260204f,0.5497654069901782f,-0.7535539400863107f,1.3125f,0.38325353093811637f,-0.649233026033134f,-0.6569727611791272f,-0.8613689414483326f,0f,0f,0f,1f], start_interpolation: 0, interpolation_duration: 1 }
$data merge entity $(item_display_l_item) { transformation: [-0.3679582244349914f,0.008065069945338753f,0.23653318946275864f,0.0391023185676293f,0.10605173120271276f,0.3965096493358652f,0.151457513159489f,1.2094205952966914f,-0.21157983216638593f,0.18471952422612511f,-0.33543840267643465f,-0.35665633352072523f,0f,0f,0f,1f], start_interpolation: 0, interpolation_duration: 1 }
$data merge entity $(bone_leftarm) { transformation: [-0.8410473701371232f,0.5406472902005912f,-0.0184344455893456f,0.37470256924433065f,0.24240395703477202f,0.3461886015074036f,-0.9063077699105488f,1.3125f,-0.4836110449517393f,-0.7667163489747076f,-0.4222160553740004f,-0.8886310585516676f,0f,0f,0f,1f], start_interpolation: 0, interpolation_duration: 1 }
$data merge entity $(bone_body) { transformation: [-0.9990482215818578f,0f,-0.043619387365335875f,0.06250000000000011f,0f,1f,0f,0.6875f,0.043619387365335875f,0f,-0.9990482215818578f,-0.8750000000000001f,0f,0f,0f,1f], start_interpolation: 0, interpolation_duration: 1 }
$data merge entity $(bone_leftleg) { transformation: [-0.9952465390275879f,-0.04345342161151017f,-0.0871557611627618f,0.18738102769773235f,-0.043619410209978775f,0.9990482205844381f,4.023395993387087e-8f,0.75f,0.08707280635503623f,0.003801722941030819f,-0.9961946964806317f,-0.8804524234206671f,0f,0f,0f,1f], start_interpolation: 0, interpolation_duration: 1 }
$data merge entity $(bone_rightleg) { transformation: [-0.9990482205844388f,0.04361941020997806f,1.848544667337748e-8f,-0.062381027697732114f,0.043619410209978775f,0.9990482205844381f,4.023395993387087e-8f,0.75f,-1.671287099686003e-8f,4.1001990360020266e-8f,-0.999999999999999f,-0.8695475765793331f,0f,0f,0f,1f], start_interpolation: 0, interpolation_duration: 1 }
$data merge entity $(text_display_text) { transformation: [-2f,0f,7.347880794884119e-16f,6.888638245203862e-17f,0f,2f,0f,2.4808163878333827f,-7.347880794884119e-16f,0f,-2f,-0.5625f,0f,0f,0f,1f], start_interpolation: 0, interpolation_duration: 1 }
data modify entity @s data merge value {"locators":{},"cameras":{"camera":{"posx":-0.9999999999999996,"posy":1.5135416666666668,"posz":-3.25,"roty":342.06557423682705,"rotx":4.031225109788701}}}