# This file was generated by Animated Java via MC-Build. It is not recommended to edit this file directly.
$data merge entity $(bone_left_eye) { transformation: [-0.9890363303478762f,0.01749412874654883f,-0.14663250905377712f,0.2271612007435661f,-0.018426339739684557f,0.97057787203583f,0.24008137020226653f,1.6224274179258515f,0.14651828300865585f,0.2401510977984469f,-0.9596144241154341f,-0.5933734048976117f,0f,0f,0f,1f], start_interpolation: 0, interpolation_duration: 1 }
$data merge entity $(bone_right_eye) { transformation: [-0.9890363303478762f,0.01749412874654883f,-0.14663250905377712f,-0.02009788184340293f,-0.018426339739684557f,0.97057787203583f,0.24008137020226653f,1.6178208329909303f,0.14651828300865585f,0.2401510977984469f,-0.9596144241154341f,-0.5567438341454477f,0f,0f,0f,1f], start_interpolation: 0, interpolation_duration: 1 }
$data merge entity $(bone_right_close) { transformation: [-0.9890363303478762f,0.01749412874654883f,-0.14663250905377712f,-0.019004498796743624f,-0.018426339739684557f,0.97057787203583f,0.24008137020226653f,1.6784819499931696f,0.14651828300865585f,0.2401510977984469f,-0.9596144241154341f,-0.5417343905330448f,0f,0f,0f,1f], start_interpolation: 0, interpolation_duration: 1 }
$data merge entity $(bone_left_close) { transformation: [-0.9890363303478762f,0.01749412874654883f,-0.14663250905377712f,0.22825458379022542f,-0.018426339739684557f,0.97057787203583f,0.24008137020226653f,1.6830885349280909f,0.14651828300865585f,0.2401510977984469f,-0.9596144241154341f,-0.5783639612852088f,0f,0f,0f,1f], start_interpolation: 0, interpolation_duration: 1 }
$data merge entity $(bone_left_eyebrow) { transformation: [-0.9890363303478762f,0.01749412874654883f,-0.14663250905377712f,0.22782639510337754f,-0.018426339739684557f,0.97057787203583f,0.24008137020226653f,1.6588090830415576f,0.14651828300865585f,0.2401510977984469f,-0.9596144241154341f,-0.5843077628286627f,0f,0f,0f,1f], start_interpolation: 0, interpolation_duration: 1 }
$data merge entity $(bone_right_eyebrow) { transformation: [-0.9890363303478762f,0.01749412874654883f,-0.14663250905377712f,-0.01943268748359149f,-0.018426339739684557f,0.97057787203583f,0.24008137020226653f,1.6542024981066366f,0.14651828300865585f,0.2401510977984469f,-0.9596144241154341f,-0.5476781920764987f,0f,0f,0f,1f], start_interpolation: 0, interpolation_duration: 1 }
$data merge entity $(bone_talking) { transformation: [-0.9890363303478762f,0.01749412874654883f,-0.14663250905377712f,0.05333546818413904f,-0.018426339739684557f,0.97057787203583f,0.24008137020226653f,1.4525050856376416f,0.14651828300865585f,0.2401510977984469f,-0.9596144241154341f,-0.9349759015072147f,0f,0f,0f,1f], start_interpolation: 0, interpolation_duration: 1 }
$data merge entity $(bone_m_opened) { transformation: [-0.9890363303478762f,0.01749412874654883f,-0.14663250905377712f,0.05333546818413904f,-0.018426339739684557f,0.97057787203583f,0.24008137020226653f,1.4525050856376416f,0.14651828300865585f,0.2401510977984469f,-0.9596144241154341f,-0.9349759015072147f,0f,0f,0f,1f], start_interpolation: 0, interpolation_duration: 1 }
$data merge entity $(bone_head) { transformation: [-0.9890363303478762f,0.01749412874654883f,-0.14663250905377712f,0.06250000000000011f,-0.018426339739684557f,0.97057787203583f,0.24008137020226653f,1.4375f,0.14651828300865585f,0.2401510977984469f,-0.9596144241154341f,-0.875f,0f,0f,0f,1f], start_interpolation: 0, interpolation_duration: 1 }
$data merge entity $(item_display_r_item) { transformation: [-0.3720556919294348f,-0.012220348736396386f,-0.22985098472634485f,0.0751644521543347f,-0.15769096314903153f,0.3317837244329843f,0.23761180598301154f,1.0678499127194074f,0.16767340947222475f,0.28491485268082883f,-0.28655785537622463f,-0.37059633300206063f,0f,0f,0f,1f], start_interpolation: 0, interpolation_duration: 1 }
$data merge entity $(bone_rightarm) { transformation: [-0.8504130101244223f,-0.5253736793745025f,0.027932225683191623f,-0.24970256924433043f,-0.3604364871977863f,0.5431126993897408f,-0.7583627987039641f,1.3125f,0.3832535073650851f,-0.6549893837170847f,-0.6512339489847517f,-0.8613689414483325f,0f,0f,0f,1f], start_interpolation: 0, interpolation_duration: 1 }
$data merge entity $(item_display_l_item) { transformation: [-0.3684590919968966f,0.010395839236849386f,0.23566093026079674f,0.04101433722514941f,0.10561288665926444f,0.39809100348469845f,0.14756598902200735f,1.2154317309641889f,-0.21092668322504826f,0.1811676832967387f,-0.3377787068963535f,-0.3543278534720944f,0f,0f,0f,1f], start_interpolation: 0, interpolation_duration: 1 }
$data merge entity $(bone_leftarm) { transformation: [-0.8421922102786208f,0.5386535548818211f,-0.02376191825565562f,0.37470256924433065f,0.24140088379260444f,0.33729368919315983f,-0.9099222936793105f,1.3125f,-0.4821181330858246f,-0.7720656157630935f,-0.41409756182111723f,-0.8886310585516675f,0f,0f,0f,1f], start_interpolation: 0, interpolation_duration: 1 }
$data merge entity $(bone_body) { transformation: [-0.9990482215818578f,0f,-0.043619387365335875f,0.06250000000000011f,0f,1f,0f,0.6875f,0.043619387365335875f,0f,-0.9990482215818578f,-0.875f,0f,0f,0f,1f], start_interpolation: 0, interpolation_duration: 1 }
$data merge entity $(bone_leftleg) { transformation: [-0.9952465390275879f,-0.04345342161151017f,-0.0871557611627618f,0.18738102769773235f,-0.043619410209978775f,0.9990482205844381f,4.023395993387087e-8f,0.75f,0.08707280635503623f,0.003801722941030819f,-0.9961946964806317f,-0.880452423420667f,0f,0f,0f,1f], start_interpolation: 0, interpolation_duration: 1 }
$data merge entity $(bone_rightleg) { transformation: [-0.9990482205844388f,0.04361941020997806f,1.848544667337748e-8f,-0.062381027697732114f,0.043619410209978775f,0.9990482205844381f,4.023395993387087e-8f,0.75f,-1.671287099686003e-8f,4.1001990360020266e-8f,-0.999999999999999f,-0.869547576579333f,0f,0f,0f,1f], start_interpolation: 0, interpolation_duration: 1 }
$data merge entity $(text_display_text) { transformation: [-2f,0f,7.347880794884119e-16f,6.888638245203862e-17f,0f,2f,0f,2.4706494601653515f,-7.347880794884119e-16f,0f,-2f,-0.5625f,0f,0f,0f,1f], start_interpolation: 0, interpolation_duration: 1 }
data modify entity @s data merge value {"locators":{},"cameras":{"camera":{"posx":-0.9999999999999996,"posy":1.5192708333333333,"posz":-3.25,"roty":342.0558804440084,"rotx":4.1155856451474655}}}