# This file was generated by Animated Java via MC-Build. It is not recommended to edit this file directly.
$data merge entity $(bone_left_eye) { transformation: [-0.9901958151254339f,0.017621574259733725f,-0.13857029922998068f,0.22532244526310796f,-0.017022579305800818f,0.9693950901987781f,0.24491506873257232f,1.6207478277797764f,0.1386451567919176f,0.244872700028222f,-0.9595909968726433f,-0.5912147203737735f,0f,0f,0f,1f], start_interpolation: 0, interpolation_duration: 1 }
$data merge entity $(bone_right_eye) { transformation: [-0.9901958151254339f,0.017621574259733725f,-0.13857029922998068f,-0.022226508518250518f,-0.017022579305800818f,0.9693950901987781f,0.24491506873257232f,1.6164921829533263f,0.1386451567919176f,0.244872700028222f,-0.9595909968726433f,-0.5565534311757941f,0f,0f,0f,1f], start_interpolation: 0, interpolation_duration: 1 }
$data merge entity $(bone_right_close) { transformation: [-0.9901958151254339f,0.017621574259733725f,-0.13857029922998068f,-0.021125160127017165f,-0.017022579305800818f,0.9693950901987781f,0.24491506873257232f,1.67707937609075f,0.1386451567919176f,0.244872700028222f,-0.9595909968726433f,-0.5412488874240302f,0f,0f,0f,1f], start_interpolation: 0, interpolation_duration: 1 }
$data merge entity $(bone_left_close) { transformation: [-0.9901958151254339f,0.017621574259733725f,-0.13857029922998068f,0.2264237936543413f,-0.017022579305800818f,0.9693950901987781f,0.24491506873257232f,1.6813350209172002f,0.1386451567919176f,0.244872700028222f,-0.9595909968726433f,-0.5759101766220096f,0f,0f,0f,1f], start_interpolation: 0, interpolation_duration: 1 }
$data merge entity $(bone_left_eyebrow) { transformation: [-0.9901958151254339f,0.017621574259733725f,-0.13857029922998068f,0.22599191494154985f,-0.017022579305800818f,0.9693950901987781f,0.24491506873257232f,1.657084836470435f,0.1386451567919176f,0.244872700028222f,-0.9595909968726433f,-0.5819720196854107f,0f,0f,0f,1f], start_interpolation: 0, interpolation_duration: 1 }
$data merge entity $(bone_right_eyebrow) { transformation: [-0.9901958151254339f,0.017621574259733725f,-0.13857029922998068f,-0.021557038839808626f,-0.017022579305800818f,0.9693950901987781f,0.24491506873257232f,1.6528291916439848f,0.1386451567919176f,0.244872700028222f,-0.9595909968726433f,-0.5473107304874313f,0f,0f,0f,1f], start_interpolation: 0, interpolation_duration: 1 }
$data merge entity $(bone_talking) { transformation: [-0.9901958151254339f,0.017621574259733725f,-0.13857029922998068f,0.05383935629812632f,-0.017022579305800818f,0.9693950901987781f,0.24491506873257232f,1.4528071917957859f,0.1386451567919176f,0.244872700028222f,-0.9595909968726433f,-0.9349744373045403f,0f,0f,0f,1f], start_interpolation: 0, interpolation_duration: 1 }
$data merge entity $(bone_m_opened) { transformation: [-0.9901958151254339f,0.017621574259733725f,-0.13857029922998068f,0.05383935629812632f,-0.017022579305800818f,0.9693950901987781f,0.24491506873257232f,1.4528071917957859f,0.1386451567919176f,0.244872700028222f,-0.9595909968726433f,-0.9349744373045403f,0f,0f,0f,1f], start_interpolation: 0, interpolation_duration: 1 }
$data merge entity $(bone_head) { transformation: [-0.9901958151254339f,0.017621574259733725f,-0.13857029922998068f,0.06250000000000011f,-0.017022579305800818f,0.9693950901987781f,0.24491506873257232f,1.4375f,0.1386451567919176f,0.244872700028222f,-0.9595909968726433f,-0.8750000000000001f,0f,0f,0f,1f], start_interpolation: 0, interpolation_duration: 1 }
$data merge entity $(item_display_r_item) { transformation: [-0.37205570189294707f,-0.01429160498345334f,-0.2297314839458089f,0.0744019492544099f,-0.15769097128607618f,0.33391192037767453f,0.2346116727798244f,1.0727438732795862f,0.167673379711272f,0.2823204375469308f,-0.28911426509169197f,-0.36768558058964973f,0f,0f,0f,1f], start_interpolation: 0, interpolation_duration: 1 }
$data merge entity $(bone_rightarm) { transformation: [-0.8504130328981647f,-0.5251005347332774f,0.032666525676464664f,-0.24970256924433043f,-0.3604365057967456f,0.5362552520681703f,-0.7632272465775417f,1.3125f,0.3832534393400503f,-0.6608326059238672f,-0.6453038572501277f,-0.8613689414483326f,0f,0f,0f,1f], start_interpolation: 0, interpolation_duration: 1 }
$data merge entity $(item_display_l_item) { transformation: [-0.3711836435643795f,0.01573791344773356f,0.2310438720905261f,0.049136441528645824f,0.10371772744586717f,0.4015612208743655f,0.13927479636802156f,1.2282677825812163f,-0.20705454779776397f,0.17293684965963937f,-0.3444234461619342f,-0.34718703556043606f,0f,0f,0f,1f], start_interpolation: 0, interpolation_duration: 1 }
$data merge entity $(bone_leftarm) { transformation: [-0.8484197567185817f,0.5281002790640597f,-0.03597237359481945f,0.37470256924433065f,0.23706909130483925f,0.3183423916983352f,-0.9178542191414067f,1.3125f,-0.4732675378234605f,-0.7872535912272781f,-0.3952842277934616f,-0.8886310585516676f,0f,0f,0f,1f], start_interpolation: 0, interpolation_duration: 1 }
$data merge entity $(bone_body) { transformation: [-0.9990482215818578f,0f,-0.043619387365335875f,0.06250000000000011f,0f,1f,0f,0.6875f,0.043619387365335875f,0f,-0.9990482215818578f,-0.8750000000000001f,0f,0f,0f,1f], start_interpolation: 0, interpolation_duration: 1 }
$data merge entity $(bone_leftleg) { transformation: [-0.9952465390275879f,-0.04345342161151017f,-0.0871557611627618f,0.18738102769773235f,-0.043619410209978775f,0.9990482205844381f,4.023395993387087e-8f,0.75f,0.08707280635503623f,0.003801722941030819f,-0.9961946964806317f,-0.8804524234206671f,0f,0f,0f,1f], start_interpolation: 0, interpolation_duration: 1 }
$data merge entity $(bone_rightleg) { transformation: [-0.9990482205844388f,0.04361941020997806f,1.848544667337748e-8f,-0.062381027697732114f,0.043619410209978775f,0.9990482205844381f,4.023395993387087e-8f,0.75f,-1.671287099686003e-8f,4.1001990360020266e-8f,-0.999999999999999f,-0.8695475765793331f,0f,0f,0f,1f], start_interpolation: 0, interpolation_duration: 1 }
$data merge entity $(text_display_text) { transformation: [-2f,0f,7.347880794884119e-16f,6.888638245203862e-17f,0f,2f,0f,2.460662413630329f,-7.347880794884119e-16f,0f,-2f,-0.5625f,0f,0f,0f,1f], start_interpolation: 0, interpolation_duration: 1 }
data modify entity @s data merge value {"locators":{},"cameras":{"camera":{"posx":-0.9999999999999996,"posy":1.525,"posz":-3.25,"roty":342.0464313882949,"rotx":4.197609679677248}}}