# This file was generated by Animated Java via MC-Build. It is not recommended to edit this file directly.
$data merge entity $(bone_left_eye) { transformation: [-0.991290647753482f,0.017671407494169598f,-0.13050123767097838f,0.22345449226047234f,-0.01561554586765641f,0.9681919898648796f,0.24972069495486354f,1.619069766960961f,0.13076316914076874f,0.2495836375218935f,-0.9594837161086178f,-0.5890785577349683f,0f,0f,0f,1f], start_interpolation: 0, interpolation_duration: 1 }
$data merge entity $(bone_right_eye) { transformation: [-0.991290647753482f,0.017671407494169598f,-0.13050123767097838f,-0.02436816967789815f,-0.01561554586765641f,0.9681919898648796f,0.24972069495486354f,1.6151658804940467f,0.13076316914076874f,0.2495836375218935f,-0.9594837161086178f,-0.5563877654497761f,0f,0f,0f,1f], start_interpolation: 0, interpolation_duration: 1 }
$data merge entity $(bone_right_close) { transformation: [-0.991290647753482f,0.017671407494169598f,-0.13050123767097838f,-0.02326370670951254f,-0.01561554586765641f,0.9681919898648796f,0.24972069495486354f,1.6756778798606018f,0.13076316914076874f,0.2495836375218935f,-0.9594837161086178f,-0.5407887881046577f,0f,0f,0f,1f], start_interpolation: 0, interpolation_duration: 1 }
$data merge entity $(bone_left_close) { transformation: [-0.991290647753482f,0.017671407494169598f,-0.13050123767097838f,0.22455895522885794f,-0.01561554586765641f,0.9681919898648796f,0.24972069495486354f,1.679581766327516f,0.13076316914076874f,0.2495836375218935f,-0.9594837161086178f,-0.5734795803898499f,0f,0f,0f,1f], start_interpolation: 0, interpolation_duration: 1 }
$data merge entity $(bone_left_eyebrow) { transformation: [-0.991290647753482f,0.017671407494169598f,-0.13050123767097838f,0.22412532636885815f,-0.01561554586765641f,0.9681919898648796f,0.24972069495486354f,1.6553613590374594f,0.13076316914076874f,0.2495836375218935f,-0.9594837161086178f,-0.5796592035956405f,0f,0f,0f,1f], start_interpolation: 0, interpolation_duration: 1 }
$data merge entity $(bone_right_eyebrow) { transformation: [-0.991290647753482f,0.017671407494169598f,-0.13050123767097838f,-0.02369733556951234f,-0.01561554586765641f,0.9681919898648796f,0.24972069495486354f,1.6514574725705453f,0.13076316914076874f,0.2495836375218935f,-0.9594837161086178f,-0.5469684113104483f,0f,0f,0f,1f], start_interpolation: 0, interpolation_duration: 1 }
$data merge entity $(bone_talking) { transformation: [-0.991290647753482f,0.017671407494169598f,-0.13050123767097838f,0.05434367264556396f,-0.01561554586765641f,0.9681919898648796f,0.24972069495486354f,1.453107543434679f,0.13076316914076874f,0.2495836375218935f,-0.9594837161086178f,-0.9349677322567886f,0f,0f,0f,1f], start_interpolation: 0, interpolation_duration: 1 }
$data merge entity $(bone_m_opened) { transformation: [-0.991290647753482f,0.017671407494169598f,-0.13050123767097838f,0.05434367264556396f,-0.01561554586765641f,0.9681919898648796f,0.24972069495486354f,1.453107543434679f,0.13076316914076874f,0.2495836375218935f,-0.9594837161086178f,-0.9349677322567886f,0f,0f,0f,1f], start_interpolation: 0, interpolation_duration: 1 }
$data merge entity $(bone_head) { transformation: [-0.991290647753482f,0.017671407494169598f,-0.13050123767097838f,0.06250000000000011f,-0.01561554586765641f,0.9681919898648796f,0.24972069495486354f,1.4375f,0.13076316914076874f,0.2495836375218935f,-0.9594837161086178f,-0.875f,0f,0f,0f,1f], start_interpolation: 0, interpolation_duration: 1 }
$data merge entity $(item_display_r_item) { transformation: [-0.37205571777537316f,-0.016405503743936307f,-0.22959018340852377f,0.07359612026957885f,-0.15769098425700745f,0.3360571501364451f,0.23152838989252914f,1.0777614859067997f,0.1676733322705436f,0.2796474589354934f,-0.2917005354061137f,-0.3647546168866006f,0f,0f,0f,1f], start_interpolation: 0, interpolation_duration: 1 }
$data merge entity $(bone_rightarm) { transformation: [-0.8504130692008529f,-0.5247775620766257f,0.0374982942718543f,-0.24970256924433043f,-0.3604365354445885f,0.5292077483257811f,-0.768130628883303f,1.3125f,0.38325333090409963f,-0.6667440809282598f,-0.6391941918525565f,-0.8613689414483325f,0f,0f,0f,1f], start_interpolation: 0, interpolation_duration: 1 }
$data merge entity $(item_display_l_item) { transformation: [-0.3757461905566949f,0.021439361189088183f,0.2230726430424308f,0.0621528966663118f,0.10054365891906547f,0.40533052277452164f,0.13040088173973255f,1.2420217468788166f,-0.20027986152706054f,0.16325982696039126f,-0.3530445523833566f,-0.33763603315818913f,0f,0f,0f,1f], start_interpolation: 0, interpolation_duration: 1 }
$data merge entity $(bone_leftarm) { transformation: [-0.8588484355581598f,0.5098803269541275f,-0.04900425414648717f,0.37470256924433065f,0.2298140775292925f,0.29805915826224605f,-0.9264697663417636f,1.3125f,-0.4577825406332812f,-0.8069589768762435f,-0.3731653187666088f,-0.8886310585516675f,0f,0f,0f,1f], start_interpolation: 0, interpolation_duration: 1 }
$data merge entity $(bone_body) { transformation: [-0.9990482215818578f,0f,-0.043619387365335875f,0.06250000000000011f,0f,1f,0f,0.6875f,0.043619387365335875f,0f,-0.9990482215818578f,-0.875f,0f,0f,0f,1f], start_interpolation: 0, interpolation_duration: 1 }
$data merge entity $(bone_leftleg) { transformation: [-0.9952465390275879f,-0.04345342161151017f,-0.0871557611627618f,0.18738102769773235f,-0.043619410209978775f,0.9990482205844381f,4.023395993387087e-8f,0.75f,0.08707280635503623f,0.003801722941030819f,-0.9961946964806317f,-0.880452423420667f,0f,0f,0f,1f], start_interpolation: 0, interpolation_duration: 1 }
$data merge entity $(bone_rightleg) { transformation: [-0.9990482205844388f,0.04361941020997806f,1.848544667337748e-8f,-0.062381027697732114f,0.043619410209978775f,0.9990482205844381f,4.023395993387087e-8f,0.75f,-1.671287099686003e-8f,4.1001990360020266e-8f,-0.999999999999999f,-0.869547576579333f,0f,0f,0f,1f], start_interpolation: 0, interpolation_duration: 1 }
$data merge entity $(text_display_text) { transformation: [-2f,0f,7.347880794884119e-16f,6.888638245203862e-17f,0f,2f,0f,2.450879101629762f,-7.347880794884119e-16f,0f,-2f,-0.5625f,0f,0f,0f,1f], start_interpolation: 0, interpolation_duration: 1 }
data modify entity @s data merge value {"locators":{},"cameras":{"camera":{"posx":-0.9999999999999996,"posy":1.5307291666666667,"posz":-3.25,"roty":342.0372449234271,"rotx":4.277160099629955}}}