# This file was generated by Animated Java via MC-Build. It is not recommended to edit this file directly.
$data merge entity $(bone_left_eye) { transformation: [-0.9990482215818578f,0.0019026509541272285f,-0.043577871373828965f,0.19875115827972137f,0f,0.9990482215818578f,0.043619387365336f,1.6763572085541305f,0.043619387365335875f,0.04357787137382909f,-0.9980973490458729f,-0.6200336183157416f,0f,0f,0f,1f], start_interpolation: 0, interpolation_duration: 1 }
$data merge entity $(bone_right_eye) { transformation: [-0.9990482215818578f,0.0019026509541272285f,-0.043577871373828965f,-0.05101089711574308f,0f,0.9990482215818578f,0.043619387365336f,1.6763572085541305f,0.043619387365335875f,0.04357787137382909f,-0.9980973490458729f,-0.6091287714744076f,0f,0f,0f,1f], start_interpolation: 0, interpolation_duration: 1 }
$data merge entity $(bone_right_close) { transformation: [-0.9990482215818578f,0.0019026509541272285f,-0.043577871373828965f,-0.05089198143111012f,0f,0.9990482215818578f,0.043619387365336f,1.7387977224029965f,0.043619387365335875f,0.04357787137382909f,-0.9980973490458729f,-0.6064051545135432f,0f,0f,0f,1f], start_interpolation: 0, interpolation_duration: 1 }
$data merge entity $(bone_left_close) { transformation: [-0.9990482215818578f,0.0019026509541272285f,-0.043577871373828965f,0.19887007396435433f,0f,0.9990482215818578f,0.043619387365336f,1.7387977224029965f,0.043619387365335875f,0.04357787137382909f,-0.9980973490458729f,-0.6173100013548771f,0f,0f,0f,1f], start_interpolation: 0, interpolation_duration: 1 }
$data merge entity $(bone_left_eyebrow) { transformation: [-0.9990482215818578f,0.0019026509541272285f,-0.043577871373828965f,0.19882523130746202f,0f,0.9990482215818578f,0.043619387365336f,1.71381879065174f,0.043619387365335875f,0.04357787137382909f,-0.9980973490458729f,-0.6183370670549075f,0f,0f,0f,1f], start_interpolation: 0, interpolation_duration: 1 }
$data merge entity $(bone_right_eyebrow) { transformation: [-0.9990482215818578f,0.0019026509541272285f,-0.043577871373828965f,-0.05093682408800243f,0f,0.9990482215818578f,0.043619387365336f,1.71381879065174f,0.043619387365335875f,0.04357787137382909f,-0.9980973490458729f,-0.6074322202135736f,0f,0f,0f,1f], start_interpolation: 0, interpolation_duration: 1 }
$data merge entity $(bone_talking) { transformation: [-0.9990482215818578f,0.0019026509541272285f,-0.043577871373828965f,0.05977638303913579f,0f,0.9990482215818578f,0.043619387365336f,1.4402262117103335f,0.043619387365335875f,0.04357787137382909f,-0.9980973490458729f,-0.937381084315367f,0f,0f,0f,1f], start_interpolation: 0, interpolation_duration: 1 }
$data merge entity $(bone_m_opened) { transformation: [-0.9990482215818578f,0.0019026509541272285f,-0.043577871373828965f,0.05977638303913579f,0f,0.9990482215818578f,0.043619387365336f,1.4402262117103335f,0.043619387365335875f,0.04357787137382909f,-0.9980973490458729f,-0.937381084315367f,0f,0f,0f,1f], start_interpolation: 0, interpolation_duration: 1 }
$data merge entity $(bone_head) { transformation: [-0.9990482215818578f,0.0019026509541272285f,-0.043577871373828965f,0.0625000000000001f,0f,0.9990482215818578f,0.043619387365336f,1.4375f,0.043619387365335875f,0.04357787137382909f,-0.9980973490458729f,-0.875f,0f,0f,0f,1f], start_interpolation: 0, interpolation_duration: 1 }
$data merge entity $(item_display_r_item) { transformation: [-0.43724869010201195f,0.0071091923487206195f,0.01301124084104263f,-0.26625885834618546f,0.012628093855487691f,-0.02262024846346634f,0.43673230428378895f,0.6821337800335968f,0.007769443329590453f,0.43685699461448474f,0.02240205362792308f,-0.7685555910269415f,0f,0f,0f,1f], start_interpolation: 0, interpolation_duration: 1 }
$data merge entity $(bone_rightarm) { transformation: [-0.9994255773760273f,0.029739979065240302f,-0.01624958251136141f,-0.24970256924433043f,0.028864214526829007f,0.9982452669343748f,0.05170342505935186f,1.3125f,0.017758727610492464f,0.051204694006681546f,-0.9985302734045366f,-0.8613689414483325f,0f,0f,0f,1f], start_interpolation: 0, interpolation_duration: 1 }
$data merge entity $(item_display_l_item) { transformation: [-0.4369351743291202f,0.02220037700831842f,-0.0010230809693631906f,0.3825070783457976f,-0.0015130437453746602f,-0.009622136291193377f,0.43739155820822406f,0.6849057350479103f,0.022172373183895512f,0.4368304107475603f,0.00968649129003092f,-0.7776602144666945f,0f,0f,0f,1f], start_interpolation: 0, interpolation_duration: 1 }
$data merge entity $(bone_leftarm) { transformation: [-0.9987089698951319f,-0.002338470787115853f,-0.050743718876156384f,0.37470256924433065f,-0.003458385703713509f,0.9997521330473693f,0.021993454379870797f,1.3125f,0.05067971013461831f,0.022140551520070894f,-0.9984695102801379f,-0.8886310585516675f,0f,0f,0f,1f], start_interpolation: 0, interpolation_duration: 1 }
$data merge entity $(bone_body) { transformation: [-0.9990482215818578f,0f,-0.043619387365335875f,0.0625000000000001f,0f,1f,0f,0.6875f,0.043619387365335875f,0f,-0.9990482215818578f,-0.875f,0f,0f,0f,1f], start_interpolation: 0, interpolation_duration: 1 }
$data merge entity $(bone_leftleg) { transformation: [-0.9952465390275879f,-0.04345342161151017f,-0.0871557611627618f,0.18738102769773232f,-0.043619410209978775f,0.9990482205844381f,4.023395993387087e-8f,0.75f,0.08707280635503623f,0.003801722941030819f,-0.9961946964806317f,-0.880452423420667f,0f,0f,0f,1f], start_interpolation: 0, interpolation_duration: 1 }
$data merge entity $(bone_rightleg) { transformation: [-0.9990482205844388f,0.04361941020997806f,1.848544667337748e-8f,-0.06238102769773213f,0.043619410209978775f,0.9990482205844381f,4.023395993387087e-8f,0.75f,-1.671287099686003e-8f,4.1001990360020266e-8f,-0.999999999999999f,-0.869547576579333f,0f,0f,0f,1f], start_interpolation: 0, interpolation_duration: 1 }
$data merge entity $(text_display_text) { transformation: [-2f,0f,7.347880794884119e-16f,6.888638245203862e-17f,0f,2f,0f,2.9138570687782135f,-7.347880794884119e-16f,0f,-2f,-0.5625f,0f,0f,0f,1f], start_interpolation: 0, interpolation_duration: 1 }
data modify entity @s data merge value {"locators":{},"cameras":{"camera":{"posx":-0.9999999999999996,"posy":1.2786458333333333,"posz":-3.25,"roty":342.47417445038195,"rotx":0.2551299305481716}}}