# This file was generated by Animated Java via MC-Build. It is not recommended to edit this file directly.
$data merge entity $(bone_left_eye) { transformation: [-0.9923207515281449f,0.01764366222693755f,-0.12242641573549182f,0.22155761343162556f,-0.014205510896221426f,0.9669689215474153f,0.2544981497410265f,1.617393381813625f,0.12287281858407528f,0.2542829249962537f,-0.9592926896982769f,-0.5869651986493769f,0f,0f,0f,1f], start_interpolation: 0, interpolation_duration: 1 }
$data merge entity $(bone_right_eye) { transformation: [-0.9923207515281449f,0.01764366222693755f,-0.12242641573549182f,-0.026522574450410674f,-0.014205510896221426f,0.9669689215474153f,0.2544981497410265f,1.6138420040895696f,0.12287281858407528f,0.2542829249962537f,-0.9592926896982769f,-0.5562469940033581f,0f,0f,0f,1f], start_interpolation: 0, interpolation_duration: 1 }
$data merge entity $(bone_right_close) { transformation: [-0.9923207515281449f,0.01764366222693755f,-0.12242641573549182f,-0.025419845561227075f,-0.014205510896221426f,0.9669689215474153f,0.2544981497410265f,1.6742775616862828f,0.12287281858407528f,0.2542829249962537f,-0.9592926896982769f,-0.5403543111910922f,0f,0f,0f,1f], start_interpolation: 0, interpolation_duration: 1 }
$data merge entity $(bone_left_close) { transformation: [-0.9923207515281449f,0.01764366222693755f,-0.12242641573549182f,0.22266034232080917f,-0.014205510896221426f,0.9669689215474153f,0.2544981497410265f,1.6778289394103383f,0.12287281858407528f,0.2542829249962537f,-0.9592926896982769f,-0.571072515837111f,0f,0f,0f,1f], start_interpolation: 0, interpolation_duration: 1 }
$data merge entity $(bone_left_eyebrow) { transformation: [-0.9923207515281449f,0.01764366222693755f,-0.12242641573549182f,0.22222690241611917f,-0.014205510896221426f,0.9669689215474153f,0.2544981497410265f,1.6536388102372943f,0.12287281858407528f,0.2542829249962537f,-0.9592926896982769f,-0.5773696331689112f,0f,0f,0f,1f], start_interpolation: 0, interpolation_duration: 1 }
$data merge entity $(bone_right_eyebrow) { transformation: [-0.9923207515281449f,0.01764366222693755f,-0.12242641573549182f,-0.02585328546591706f,-0.014205510896221426f,0.9669689215474153f,0.2544981497410265f,1.6500874325132389f,0.12287281858407528f,0.2542829249962537f,-0.9592926896982769f,-0.5466514285228924f,0f,0f,0f,1f], start_interpolation: 0, interpolation_duration: 1 }
$data merge entity $(bone_talking) { transformation: [-0.9923207515281449f,0.01764366222693755f,-0.12242641573549182f,0.05484834901653186f,-0.014205510896221426f,0.9669689215474153f,0.2544981497410265f,1.453406134358814f,0.12287281858407528f,0.2542829249962537f,-0.9592926896982769f,-0.9349557931061424f,0f,0f,0f,1f], start_interpolation: 0, interpolation_duration: 1 }
$data merge entity $(bone_m_opened) { transformation: [-0.9923207515281449f,0.01764366222693755f,-0.12242641573549182f,0.05484834901653186f,-0.014205510896221426f,0.9669689215474153f,0.2544981497410265f,1.453406134358814f,0.12287281858407528f,0.2542829249962537f,-0.9592926896982769f,-0.9349557931061424f,0f,0f,0f,1f], start_interpolation: 0, interpolation_duration: 1 }
$data merge entity $(bone_head) { transformation: [-0.9923207515281449f,0.01764366222693755f,-0.12242641573549182f,0.0625000000000001f,-0.014205510896221426f,0.9669689215474153f,0.2544981497410265f,1.4375f,0.12287281858407528f,0.2542829249962537f,-0.9592926896982769f,-0.8750000000000001f,0f,0f,0f,1f], start_interpolation: 0, interpolation_duration: 1 }
$data merge entity $(item_display_r_item) { transformation: [-0.37205573898481564f,-0.0185566350296637f,-0.2294263027310482f,0.07274739607726316f,-0.1576910015784349f,0.33821234370140196f,0.228368580564829f,1.0828912688220733f,0.16767326891801437f,0.27690126735784476f,-0.2943087036191193f,-0.3618132884616352f,0f,0f,0f,1f], start_interpolation: 0, interpolation_duration: 1 }
$data merge entity $(bone_rightarm) { transformation: [-0.8504131176795786f,-0.5244029776709673f,0.04241516578208834f,-0.24970256924433043f,-0.3604365750364226f,0.5219853270053236f,-0.7730567856032043f,1.3125f,0.3832531860983186f,-0.6727056082722725f,-0.6329171825322167f,-0.8613689414483326f,0f,0f,0f,1f], start_interpolation: 0, interpolation_duration: 1 }
$data merge entity $(item_display_l_item) { transformation: [-0.3817102702712914f,0.02505821310534261f,0.21231016349997237f,0.07856182513161086f,0.09623397186183039f,0.40811496040561596f,0.12484971667095988f,1.2507475363002332f,-0.19089929866061373f,0.15562941575772157f,-0.36158428162987966f,-0.3276165374353477f,0f,0f,0f,1f], start_interpolation: 0, interpolation_duration: 1 }
$data merge entity $(bone_leftarm) { transformation: [-0.8724806177629517f,0.48528037371422256f,-0.05727591566935442f,0.37470256924433065f,0.2199633642556123f,0.28537078096219426f,-0.9328341952128365f,1.3125f,-0.4363412540814028f,-0.8264783580111533f,-0.35572437887479236f,-0.8886310585516676f,0f,0f,0f,1f], start_interpolation: 0, interpolation_duration: 1 }
$data merge entity $(bone_body) { transformation: [-0.9990482215818578f,0f,-0.043619387365335875f,0.0625000000000001f,0f,1f,0f,0.6875f,0.043619387365335875f,0f,-0.9990482215818578f,-0.8750000000000001f,0f,0f,0f,1f], start_interpolation: 0, interpolation_duration: 1 }
$data merge entity $(bone_leftleg) { transformation: [-0.9952465390275879f,-0.04345342161151017f,-0.0871557611627618f,0.18738102769773232f,-0.043619410209978775f,0.9990482205844381f,4.023395993387087e-8f,0.75f,0.08707280635503623f,0.003801722941030819f,-0.9961946964806317f,-0.8804524234206671f,0f,0f,0f,1f], start_interpolation: 0, interpolation_duration: 1 }
$data merge entity $(bone_rightleg) { transformation: [-0.9990482205844388f,0.04361941020997806f,1.848544667337748e-8f,-0.06238102769773213f,0.043619410209978775f,0.9990482205844381f,4.023395993387087e-8f,0.75f,-1.671287099686003e-8f,4.1001990360020266e-8f,-0.999999999999999f,-0.8695475765793331f,0f,0f,0f,1f], start_interpolation: 0, interpolation_duration: 1 }
$data merge entity $(text_display_text) { transformation: [-2f,0f,7.347880794884119e-16f,6.888638245203862e-17f,0f,2f,0f,2.4413313139193247f,-7.347880794884119e-16f,0f,-2f,-0.5625f,0f,0f,0f,1f], start_interpolation: 0, interpolation_duration: 1 }
data modify entity @s data merge value {"locators":{},"cameras":{"camera":{"posx":-0.9999999999999996,"posy":1.5364583333333335,"posz":-3.25,"roty":342.0283389935232,"rotx":4.354099801861137}}}