# This file was generated by Animated Java via MC-Build. It is not recommended to edit this file directly.
$data merge entity $(bone_left_eye) { transformation: [-0.9932860544837917f,0.017538385953611152f,-0.11434692381592157f,0.21963208425285724f,-0.012792746195992081f,0.9657262357010346f,0.2592473400509152f,1.6157188171870287f,0.11497460420800293f,0.25896957870926096f,-0.959018038250773f,-0.5848749212859918f,0f,0f,0f,1f], start_interpolation: 0, interpolation_duration: 1 }
$data merge entity $(bone_right_eye) { transformation: [-0.9932860544837917f,0.017538385953611152f,-0.11434692381592157f,-0.02868942936809067f,-0.012792746195992081f,0.9657262357010346f,0.2592473400509152f,1.6125206306380309f,0.11497460420800293f,0.25896957870926096f,-0.959018038250773f,-0.5561312702339911f,0f,0f,0f,1f], start_interpolation: 0, interpolation_duration: 1 }
$data merge entity $(bone_right_close) { transformation: [-0.9932860544837917f,0.017538385953611152f,-0.11434692381592157f,-0.027593280245989976f,-0.012792746195992081f,0.9657262357010346f,0.2592473400509152f,1.6728785203693457f,0.11497460420800293f,0.25896957870926096f,-0.959018038250773f,-0.5399456715646623f,0f,0f,0f,1f], start_interpolation: 0, interpolation_duration: 1 }
$data merge entity $(bone_left_close) { transformation: [-0.9932860544837917f,0.017538385953611152f,-0.11434692381592157f,0.22072823337495795f,-0.012792746195992081f,0.9657262357010346f,0.2592473400509152f,1.6760767069183435f,0.11497460420800293f,0.25896957870926096f,-0.959018038250773f,-0.568689322616663f,0f,0f,0f,1f], start_interpolation: 0, interpolation_duration: 1 }
$data merge entity $(bone_left_eyebrow) { transformation: [-0.9932860544837917f,0.017538385953611152f,-0.11434692381592157f,0.22029692040885618f,-0.012792746195992081f,0.9657262357010346f,0.2592473400509152f,1.6519173480670646f,0.11497460420800293f,0.25896957870926096f,-0.959018038250773f,-0.5751036234570038f,0f,0f,0f,1f], start_interpolation: 0, interpolation_duration: 1 }
$data merge entity $(bone_right_eyebrow) { transformation: [-0.9932860544837917f,0.017538385953611152f,-0.11434692381592157f,-0.028024593212091747f,-0.012792746195992081f,0.9657262357010346f,0.2592473400509152f,1.6487191615180667f,0.11497460420800293f,0.25896957870926096f,-0.959018038250773f,-0.5463599724050031f,0f,0f,0f,1f], start_interpolation: 0, interpolation_duration: 1 }
$data merge entity $(bone_talking) { transformation: [-0.9932860544837917f,0.017538385953611152f,-0.11434692381592157f,0.05535331726150501f,-0.012792746195992081f,0.9657262357010346f,0.2592473400509152f,1.4537029587531822f,0.11497460420800293f,0.25896957870926096f,-0.959018038250773f,-0.9349386273906733f,0f,0f,0f,1f], start_interpolation: 0, interpolation_duration: 1 }
$data merge entity $(bone_m_opened) { transformation: [-0.9932860544837917f,0.017538385953611152f,-0.11434692381592157f,0.05535331726150501f,-0.012792746195992081f,0.9657262357010346f,0.2592473400509152f,1.4537029587531822f,0.11497460420800293f,0.25896957870926096f,-0.959018038250773f,-0.9349386273906733f,0f,0f,0f,1f], start_interpolation: 0, interpolation_duration: 1 }
$data merge entity $(bone_head) { transformation: [-0.9932860544837917f,0.017538385953611152f,-0.11434692381592157f,0.06250000000000011f,-0.012792746195992081f,0.9657262357010346f,0.2592473400509152f,1.4375f,0.11497460420800293f,0.25896957870926096f,-0.959018038250773f,-0.875f,0f,0f,0f,1f], start_interpolation: 0, interpolation_duration: 1 }
$data merge entity $(item_display_r_item) { transformation: [-0.37205576492937636f,-0.020739581336769577f,-0.22923923649495995f,0.07185645965224963f,-0.15769102276696761f,0.34037066489700396f,0.2251390721671366f,1.0881215154460917f,0.16767319142165912f,0.27408744999278417f,-0.2969310031554952f,-0.3588710940854012f,0f,0f,0f,1f], start_interpolation: 0, interpolation_duration: 1 }
$data merge entity $(bone_rightarm) { transformation: [-0.8504131769814317f,-0.5239753977027656f,0.04740475734118749f,-0.24970256924433043f,-0.36043662346735456f,0.5146035935248838f,-0.7779900911931518f,1.3125f,0.3832530089637923f,-0.6786994357839888f,-0.6264855999835068f,-0.8613689414483325f,0f,0f,0f,1f], start_interpolation: 0, interpolation_duration: 1 }
$data merge entity $(item_display_l_item) { transformation: [-0.3886156845527563f,0.024675963654686734f,0.19943719948220598f,0.09684255959966115f,0.09093530265385494f,0.40878565066653033f,0.1266148195923105f,1.2484175864871363f,-0.17920622324809046f,0.1539208843102654f,-0.3682387010110446f,-0.31859837587581374f,0f,0f,0f,1f], start_interpolation: 0, interpolation_duration: 1 }
$data merge entity $(bone_leftarm) { transformation: [-0.8882644218348715f,0.45585645595932794f,-0.05640220263928386f,0.37470256924433065f,0.20785212035166845f,0.28940530192528136f,-0.9343672015234977f,1.3125f,-0.4096142245670639f,-0.8416884594538161f,-0.35181916413774966f,-0.8886310585516675f,0f,0f,0f,1f], start_interpolation: 0, interpolation_duration: 1 }
$data merge entity $(bone_body) { transformation: [-0.9990482215818578f,0f,-0.043619387365335875f,0.06250000000000011f,0f,1f,0f,0.6875f,0.043619387365335875f,0f,-0.9990482215818578f,-0.875f,0f,0f,0f,1f], start_interpolation: 0, interpolation_duration: 1 }
$data merge entity $(bone_leftleg) { transformation: [-0.9952465390275879f,-0.04345342161151017f,-0.0871557611627618f,0.18738102769773235f,-0.043619410209978775f,0.9990482205844381f,4.023395993387087e-8f,0.75f,0.08707280635503623f,0.003801722941030819f,-0.9961946964806317f,-0.880452423420667f,0f,0f,0f,1f], start_interpolation: 0, interpolation_duration: 1 }
$data merge entity $(bone_rightleg) { transformation: [-0.9990482205844388f,0.04361941020997806f,1.848544667337748e-8f,-0.062381027697732114f,0.043619410209978775f,0.9990482205844381f,4.023395993387087e-8f,0.75f,-1.671287099686003e-8f,4.1001990360020266e-8f,-0.999999999999999f,-0.869547576579333f,0f,0f,0f,1f], start_interpolation: 0, interpolation_duration: 1 }
$data merge entity $(text_display_text) { transformation: [-2f,0f,7.347880794884119e-16f,6.888638245203862e-17f,0f,2f,0f,2.4320526452247924f,-7.347880794884119e-16f,0f,-2f,-0.5625f,0f,0f,0f,1f], start_interpolation: 0, interpolation_duration: 1 }
data modify entity @s data merge value {"locators":{},"cameras":{"camera":{"posx":-0.9999999999999996,"posy":1.5421875,"posz":-3.25,"roty":342.019731621087,"rotx":4.428291692519786}}}