# This file was generated by Animated Java via MC-Build. It is not recommended to edit this file directly.
$data merge entity $(bone_left_eye) { transformation: [-0.9941864893983958f,0.017355639869035443f,-0.10626385115564874f,0.21767818393097063f,-0.01137752387477315f,0.9644642826285894f,0.26396817892352f,1.614046216410614f,0.10706902562446569f,0.26364261662041066f,-0.9586598950896876f,-0.5828080002755336f,0f,0f,0f,1f], start_interpolation: 0, interpolation_duration: 1 }
$data merge entity $(bone_right_eye) { transformation: [-0.9941864893983958f,0.017355639869035443f,-0.10626385115564874f,-0.030868438418628324f,-0.01137752387477315f,0.9644642826285894f,0.26396817892352f,1.6112018354419209f,0.10706902562446569f,0.26364261662041066f,-0.9586598950896876f,-0.5560407438694173f,0f,0f,0f,1f], start_interpolation: 0, interpolation_duration: 1 }
$data merge entity $(bone_right_close) { transformation: [-0.9941864893983958f,0.017355639869035443f,-0.10626385115564874f,-0.029783710926813603f,-0.01137752387477315f,0.9644642826285894f,0.26396817892352f,1.6714808531062075f,0.10706902562446569f,0.26364261662041066f,-0.9586598950896876f,-0.5395630803306416f,0f,0f,0f,1f], start_interpolation: 0, interpolation_duration: 1 }
$data merge entity $(bone_left_close) { transformation: [-0.9941864893983958f,0.017355639869035443f,-0.10626385115564874f,0.21876291142278537f,-0.01137752387477315f,0.9644642826285894f,0.26396817892352f,1.6743252340749006f,0.10706902562446569f,0.26364261662041066f,-0.9586598950896876f,-0.5663303367367579f,0f,0f,0f,1f], start_interpolation: 0, interpolation_duration: 1 }
$data merge entity $(bone_left_eyebrow) { transformation: [-0.9941864893983958f,0.017355639869035443f,-0.10626385115564874f,0.21833566191675668f,-0.01137752387477315f,0.9644642826285894f,0.26396817892352f,1.6501971289980033f,0.10706902562446569f,0.26364261662041066f,-0.9586598950896876f,-0.572861485908825f,0f,0f,0f,1f], start_interpolation: 0, interpolation_duration: 1 }
$data merge entity $(bone_right_eyebrow) { transformation: [-0.9941864893983958f,0.017355639869035443f,-0.10626385115564874f,-0.030210960432842257f,-0.01137752387477315f,0.9644642826285894f,0.26396817892352f,1.6473527480293102f,0.10706902562446569f,0.26364261662041066f,-0.9586598950896876f,-0.5460942295027086f,0f,0f,0f,1f], start_interpolation: 0, interpolation_duration: 1 }
$data merge entity $(bone_talking) { transformation: [-0.9941864893983958f,0.017355639869035443f,-0.10626385115564874f,0.055858509302772065f,-0.01137752387477315f,0.9644642826285894f,0.26396817892352f,1.45399801118272f,0.10706902562446569f,0.26364261662041066f,-0.9586598950896876f,-0.9349162434431055f,0f,0f,0f,1f], start_interpolation: 0, interpolation_duration: 1 }
$data merge entity $(bone_m_opened) { transformation: [-0.9941864893983958f,0.017355639869035443f,-0.10626385115564874f,0.055858509302772065f,-0.01137752387477315f,0.9644642826285894f,0.26396817892352f,1.45399801118272f,0.10706902562446569f,0.26364261662041066f,-0.9586598950896876f,-0.9349162434431055f,0f,0f,0f,1f], start_interpolation: 0, interpolation_duration: 1 }
$data merge entity $(bone_head) { transformation: [-0.9941864893983958f,0.017355639869035443f,-0.10626385115564874f,0.06250000000000011f,-0.01137752387477315f,0.9644642826285894f,0.26396817892352f,1.4375f,0.10706902562446569f,0.26364261662041066f,-0.9586598950896876f,-0.875f,0f,0f,0f,1f], start_interpolation: 0, interpolation_duration: 1 }
$data merge entity $(item_display_r_item) { transformation: [-0.37205579501715674f,-0.022948922021050772f,-0.22902856235025187f,0.07092425639287203f,-0.15769104733921485f,0.34252552743295106f,0.221846899112519f,1.0934402948201014f,0.16767310154945236f,0.27121183608915456f,-0.2995598787920983f,-0.355937161434148f,0f,0f,0f,1f], start_interpolation: 0, interpolation_duration: 1 }
$data merge entity $(bone_rightarm) { transformation: [-0.8504132457535011f,-0.5234938568005757f,0.05245467890525879f,-0.24970256924433043f,-0.3604366796324911f,0.5070786265429008f,-0.7829154912753166f,1.3125f,0.3832528035416054f,-0.6847082943819388f,-0.6199127682037819f,-0.8613689414483325f,0f,0f,0f,1f], start_interpolation: 0, interpolation_duration: 1 }
$data merge entity $(item_display_l_item) { transformation: [-0.3960037648218367f,0.01911330804618846f,0.18499175576890717f,0.11588957758765994f,0.08482690217693739f,0.4058416835530033f,0.1396537667158614f,1.2289493857067701f,-0.16550427460943656f,0.16227587419698425f,-0.3710540738755051f,-0.3121892746732361f,0f,0f,0f,1f], start_interpolation: 0, interpolation_duration: 1 }
$data merge entity $(bone_leftarm) { transformation: [-0.9051514624499124f,0.42283829890035923f,-0.043687561248430665f,0.37470256924433065f,0.19389006211871404f,0.31920860963625486f,-0.927638133835436f,1.3125f,-0.3782954848215693f,-0.8481235974297259f,-0.3709162838788213f,-0.8886310585516675f,0f,0f,0f,1f], start_interpolation: 0, interpolation_duration: 1 }
$data merge entity $(text_display_text) { transformation: [-2f,0f,7.347880794884119e-16f,6.888638245203862e-17f,0f,2f,0f,2.423080020990354f,-7.347880794884119e-16f,0f,-2f,-0.5625f,0f,0f,0f,1f], start_interpolation: 0, interpolation_duration: 1 }
data modify entity @s data merge value {"locators":{},"cameras":{"camera":{"posx":-0.9999999999999996,"posy":1.5479166666666666,"posz":-3.25,"roty":342.0114408943469,"rotx":4.4995986856549}}}