# This file was generated by Animated Java via MC-Build. It is not recommended to edit this file directly.
$data merge entity $(bone_left_eye) { transformation: [-0.9950219937985179f,0.01709549884568036f,-0.09817828566663671f,0.2156961953528941f,-0.009960116313430927f,0.9631834123881665f,0.26866058546670013f,1.6123757212695455f,0.09915658293953714f,0.26830105855084607f,-0.9582184062311944f,-0.580764706671932f,0f,0f,0f,1f], start_interpolation: 0, interpolation_duration: 1 }
$data merge entity $(bone_right_eye) { transformation: [-0.9950219937985179f,0.01709549884568036f,-0.09817828566663671f,-0.033059303096735354f,-0.009960116313430927f,0.9631834123881665f,0.26866058546670013f,1.6098856921911877f,0.09915658293953714f,0.26830105855084607f,-0.9582184062311944f,-0.5559755609370477f,0f,0f,0f,1f], start_interpolation: 0, interpolation_duration: 1 }
$data merge entity $(bone_right_close) { transformation: [-0.9950219937985179f,0.01709549884568036f,-0.09817828566663671f,-0.03199083441888033f,-0.009960116313430927f,0.9631834123881665f,0.26866058546670013f,1.670084655465448f,0.09915658293953714f,0.26830105855084607f,-0.9582184062311944f,-0.5392067447776199f,0f,0f,0f,1f], start_interpolation: 0, interpolation_duration: 1 }
$data merge entity $(bone_left_close) { transformation: [-0.9950219937985179f,0.01709549884568036f,-0.09817828566663671f,0.21676466403074912f,-0.009960116313430927f,0.9631834123881665f,0.26866058546670013f,1.6725746845438059f,0.09915658293953714f,0.26830105855084607f,-0.9582184062311944f,-0.5639958905125042f,0f,0f,0f,1f], start_interpolation: 0, interpolation_duration: 1 }
$data merge entity $(bone_left_eyebrow) { transformation: [-0.9950219937985179f,0.01709549884568036f,-0.09817828566663671f,0.21634341270246127f,-0.009960116313430927f,0.9631834123881665f,0.26866058546670013f,1.64847830794751f,0.09915658293953714f,0.26830105855084607f,-0.9582184062311944f,-0.5706435283258858f,0f,0f,0f,1f], start_interpolation: 0, interpolation_duration: 1 }
$data merge entity $(bone_right_eyebrow) { transformation: [-0.9950219937985179f,0.01709549884568036f,-0.09817828566663671f,-0.03241208574716818f,-0.009960116313430927f,0.9631834123881665f,0.26866058546670013f,1.6459882788691524f,0.09915658293953714f,0.26830105855084607f,-0.9582184062311944f,-0.5458543825910015f,0f,0f,0f,1f], start_interpolation: 0, interpolation_duration: 1 }
$data merge entity $(bone_talking) { transformation: [-0.9950219937985179f,0.01709549884568036f,-0.09817828566663671f,0.05636385714583532f,-0.009960116313430927f,0.9631834123881665f,0.26866058546670013f,1.4542912865916688f,0.09915658293953714f,0.26830105855084607f,-0.9582184062311944f,-0.9348886503894497f,0f,0f,0f,1f], start_interpolation: 0, interpolation_duration: 1 }
$data merge entity $(bone_m_opened) { transformation: [-0.9950219937985179f,0.01709549884568036f,-0.09817828566663671f,0.05636385714583532f,-0.009960116313430927f,0.9631834123881665f,0.26866058546670013f,1.4542912865916688f,0.09915658293953714f,0.26830105855084607f,-0.9582184062311944f,-0.9348886503894497f,0f,0f,0f,1f], start_interpolation: 0, interpolation_duration: 1 }
$data merge entity $(bone_head) { transformation: [-0.9950219937985179f,0.01709549884568036f,-0.09817828566663671f,0.06250000000000011f,-0.009960116313430927f,0.9631834123881665f,0.26866058546670013f,1.4375f,0.09915658293953714f,0.26830105855084607f,-0.9582184062311944f,-0.875f,0f,0f,0f,1f], start_interpolation: 0, interpolation_duration: 1 }
$data merge entity $(item_display_r_item) { transformation: [-0.37205582865625864f,-0.02517923799199476f,-0.2287940478619302f,0.06995200256071427f,-0.15769107481178574f,0.34467060957127565f,0.2184993039404683f,1.0988354542482668f,0.16767300106936875f,0.2682805003571967f,-0.3021880008214815f,-0.3530202258870171f,0f,0f,0f,1f], start_interpolation: 0, interpolation_duration: 1 }
$data merge entity $(bone_rightarm) { transformation: [-0.850413322642877f,-0.5229578236844119f,0.05755254398170219f,-0.24970256924433043f,-0.3604367424269388f,0.49942698043535627f,-0.7878185361629156f,1.3125f,0.38325257387284284f,-0.6907154304491004f,-0.6132125722450211f,-0.8613689414483325f,0f,0f,0f,1f], start_interpolation: 0, interpolation_duration: 1 }
$data merge entity $(item_display_l_item) { transformation: [-0.40344166966571593f,0.00806502529702498f,0.16904444547011221f,0.1355147972290346f,0.07814021619808575f,0.39650964150950524f,0.1675722554676641f,1.1863995326203383f,-0.15011720684137383f,0.18471954297518714f,-0.36708277629600417f,-0.3114500801358938f,0f,0f,0f,1f], start_interpolation: 0, interpolation_duration: 1 }
$data merge entity $(bone_leftarm) { transformation: [-0.9221523878073506f,0.3863873039316851f,-0.018434343536057007f,0.37470256924433065f,0.17860620845276742f,0.3830222982118039f,-0.9063077520217262f,1.3125f,-0.3431250442088545f,-0.8390463458194379f,-0.42221609822899936f,-0.8886310585516675f,0f,0f,0f,1f], start_interpolation: 0, interpolation_duration: 1 }
$data merge entity $(text_display_text) { transformation: [-2f,0f,7.347880794884119e-16f,6.888638245203862e-17f,0f,2f,0f,2.4144773306644023f,-7.347880794884119e-16f,0f,-2f,-0.5625f,0f,0f,0f,1f], start_interpolation: 0, interpolation_duration: 1 }
data modify entity @s data merge value {"locators":{},"cameras":{"camera":{"posx":-0.9999999999999996,"posy":1.5536458333333334,"posz":-3.25,"roty":342.0034849539253,"rotx":4.567883701738777}}}