# This file was generated by Animated Java via MC-Build. It is not recommended to edit this file directly.
$data merge entity $(bone_left_eye) { transformation: [-0.9957925099639121f,0.016758051409573316f,-0.09009131374736534f,0.2136864050347238f,-0.008540796135619581f,0.9618839747003375f,0.273324484845486f,1.6107074719806653f,0.09123777672182673f,0.2729439263431861f,-0.9576937303601937f,-0.5787453079143834f,0f,0f,0f,1f], start_interpolation: 0, interpolation_duration: 1 }
$data merge entity $(bone_right_eye) { transformation: [-0.9957925099639121f,0.016758051409573316f,-0.09009131374736534f,-0.03526172245625424f,-0.008540796135619581f,0.9618839747003375f,0.273324484845486f,1.6085722729467604f,0.09123777672182673f,0.2729439263431861f,-0.9576937303601937f,-0.5559358637339267f,0f,0f,0f,1f], start_interpolation: 0, interpolation_duration: 1 }
$data merge entity $(bone_right_close) { transformation: [-0.9957925099639121f,0.016758051409573316f,-0.09009131374736534f,-0.034214344243155906f,-0.008540796135619581f,0.9618839747003375f,0.273324484845486f,1.6686900213655316f,0.09123777672182673f,0.2729439263431861f,-0.9576937303601937f,-0.5388768683374775f,0f,0f,0f,1f], start_interpolation: 0, interpolation_duration: 1 }
$data merge entity $(bone_left_close) { transformation: [-0.9957925099639121f,0.016758051409573316f,-0.09009131374736534f,0.2147337832478221f,-0.008540796135619581f,0.9618839747003375f,0.273324484845486f,1.6708252203994365f,0.09123777672182673f,0.2729439263431861f,-0.9576937303601937f,-0.5616863125179342f,0f,0f,0f,1f], start_interpolation: 0, interpolation_duration: 1 }
$data merge entity $(bone_left_eyebrow) { transformation: [-0.9957925099639121f,0.016758051409573316f,-0.09009131374736534f,0.214320462669692f,-0.008540796135619581f,0.9618839747003375f,0.273324484845486f,1.6467610382516253f,0.09123777672182673f,0.2729439263431861f,-0.9576937303601937f,-0.5684500548183663f,0f,0f,0f,1f], start_interpolation: 0, interpolation_duration: 1 }
$data merge entity $(bone_right_eyebrow) { transformation: [-0.9957925099639121f,0.016758051409573316f,-0.09009131374736534f,-0.03462766482128603f,-0.008540796135619581f,0.9618839747003375f,0.273324484845486f,1.6446258392177204f,0.09123777672182673f,0.2729439263431861f,-0.9576937303601937f,-0.5456406106379097f,0f,0f,0f,1f], start_interpolation: 0, interpolation_duration: 1 }
$data merge entity $(bone_talking) { transformation: [-0.9957925099639121f,0.016758051409573316f,-0.09009131374736534f,0.05686929289078978f,-0.008540796135619581f,0.9618839747003375f,0.273324484845486f,1.4545827803028428f,0.09123777672182673f,0.2729439263431861f,-0.9576937303601937f,-0.9348558581475122f,0f,0f,0f,1f], start_interpolation: 0, interpolation_duration: 1 }
$data merge entity $(bone_m_opened) { transformation: [-0.9957925099639121f,0.016758051409573316f,-0.09009131374736534f,0.05686929289078978f,-0.008540796135619581f,0.9618839747003375f,0.273324484845486f,1.4545827803028428f,0.09123777672182673f,0.2729439263431861f,-0.9576937303601937f,-0.9348558581475122f,0f,0f,0f,1f], start_interpolation: 0, interpolation_duration: 1 }
$data merge entity $(bone_head) { transformation: [-0.9957925099639121f,0.016758051409573316f,-0.09009131374736534f,0.06250000000000011f,-0.008540796135619581f,0.9618839747003375f,0.273324484845486f,1.4375f,0.09123777672182673f,0.2729439263431861f,-0.9576937303601937f,-0.875f,0f,0f,0f,1f], start_interpolation: 0, interpolation_duration: 1 }
$data merge entity $(item_display_r_item) { transformation: [-0.3720558652547847f,-0.027425116656341217f,-0.228535656093091f,0.06894119184398789f,-0.15769110470128972f,0.34679986732178225f,0.21510373665671426f,1.1042946240109173f,0.1676728917493832f,0.265299764421268f,-0.3048082780542866f,-0.3501286115361323f,0f,0f,0f,1f], start_interpolation: 0, interpolation_duration: 1 }
$data merge entity $(bone_rightarm) { transformation: [-0.8504134062966507f,-0.5223672139270652f,0.0626859809287798f,-0.24970256924433043f,-0.3604368107458051f,0.49166568378677566f,-0.7926854110212165f,1.3125f,0.3832523239985902f,-0.696704635552655f,-0.606399461534327f,-0.8613689414483325f,0f,0f,0f,1f], start_interpolation: 0, interpolation_duration: 1 }
$data merge entity $(item_display_l_item) { transformation: [-0.4116918255406284f,-0.008350132547944946f,0.1478051625264034f,0.16116658490719862f,0.0697927053360706f,0.37426823694754635f,0.21554237424239284f,1.1115161044958803f,-0.13055676568028637f,0.2264062987167253f,-0.3508580465608503f,-0.3227177638313885f,0f,0f,0f,1f], start_interpolation: 0, interpolation_duration: 1 }
$data merge entity $(bone_leftarm) { transformation: [-0.9410098869500078f,0.3378403714889221f,0.019086017252445665f,0.37470256924433065f,0.1595261836253042f,0.4926682839826124f,-0.8554702558801058f,1.3125f,-0.29841546441208316f,-0.8019612492819433f,-0.5175001113525152f,-0.8886310585516675f,0f,0f,0f,1f], start_interpolation: 0, interpolation_duration: 1 }
$data merge entity $(text_display_text) { transformation: [-2f,0f,7.347880794884119e-16f,6.888638245203862e-17f,0f,2f,0f,2.406301522380758f,-7.347880794884119e-16f,0f,-2f,-0.5625f,0f,0f,0f,1f], start_interpolation: 0, interpolation_duration: 1 }
data modify entity @s data merge value {"locators":{},"cameras":{"camera":{"posx":-0.9999999999999996,"posy":1.559375,"posz":-3.25,"roty":341.9958819788371,"rotx":4.633009666107227}}}
execute on vehicle unless entity @s[tag=aj.transforms_only] at @s run function animated_java:humanentity/animations/000_mur_1/zzz/frames/zzz/3