# This file was generated by Animated Java via MC-Build. It is not recommended to edit this file directly.
$data merge entity $(bone_left_eye) { transformation: [-0.9964979849317547f,0.016343399713815716f,-0.08200402010113207f,0.2116491030702064f,-0.007119836177484316f,0.9605663188556501f,0.27795980826894984f,1.6090416071688605f,0.0833131079708242f,0.2775702440210406f,-0.9570860388044231f,-0.576750067789987f,0f,0f,0f,1f], start_interpolation: 0, interpolation_duration: 1 }
$data merge entity $(bone_right_eye) { transformation: [-0.9964979849317547f,0.016343399713815716f,-0.08200402010113207f,-0.03747539316273228f,-0.007119836177484316f,0.9605663188556501f,0.27795980826894984f,1.6072616481244895f,0.0833131079708242f,0.2775702440210406f,-0.9570860388044231f,-0.5559217907972811f,0f,0f,0f,1f], start_interpolation: 0, interpolation_duration: 1 }
$data merge entity $(bone_right_close) { transformation: [-0.9964979849317547f,0.016343399713815716f,-0.08200402010113207f,-0.03645393068061879f,-0.007119836177484316f,0.9605663188556501f,0.27795980826894984f,1.6672970430529677f,0.0833131079708242f,0.2775702440210406f,-0.9570860388044231f,-0.5385736505459661f,0f,0f,0f,1f], start_interpolation: 0, interpolation_duration: 1 }
$data merge entity $(bone_left_close) { transformation: [-0.9964979849317547f,0.016343399713815716f,-0.08200402010113207f,0.2126705655523199f,-0.007119836177484316f,0.9605663188556501f,0.27795980826894984f,1.6690770020973387f,0.0833131079708242f,0.2775702440210406f,-0.9570860388044231f,-0.559401927538672f,0f,0f,0f,1f], start_interpolation: 0, interpolation_duration: 1 }
$data merge entity $(bone_left_eyebrow) { transformation: [-0.9964979849317547f,0.016343399713815716f,-0.08200402010113207f,0.21226710581073077f,-0.007119836177484316f,0.9605663188556501f,0.27795980826894984f,1.6450454716379306f,0.0833131079708242f,0.2775702440210406f,-0.9570860388044231f,-0.5662813657617728f,0f,0f,0f,1f], start_interpolation: 0, interpolation_duration: 1 }
$data merge entity $(bone_right_eyebrow) { transformation: [-0.9964979849317547f,0.016343399713815716f,-0.08200402010113207f,-0.03685739042220787f,-0.007119836177484316f,0.9605663188556501f,0.27795980826894984f,1.6432655125935596f,0.0833131079708242f,0.2775702440210406f,-0.9570860388044231f,-0.5454530887690667f,0f,0f,0f,1f], start_interpolation: 0, interpolation_duration: 1 }
$data merge entity $(bone_talking) { transformation: [-0.9964979849317547f,0.016343399713815716f,-0.08200402010113207f,0.05737474874367936f,-0.007119836177484316f,0.9605663188556501f,0.27795980826894984f,1.4548724880168094f,0.0833131079708242f,0.2775702440210406f,-0.9570860388044231f,-0.9348178774252764f,0f,0f,0f,1f], start_interpolation: 0, interpolation_duration: 1 }
$data merge entity $(bone_m_opened) { transformation: [-0.9964979849317547f,0.016343399713815716f,-0.08200402010113207f,0.05737474874367936f,-0.007119836177484316f,0.9605663188556501f,0.27795980826894984f,1.4548724880168094f,0.0833131079708242f,0.2775702440210406f,-0.9570860388044231f,-0.9348178774252764f,0f,0f,0f,1f], start_interpolation: 0, interpolation_duration: 1 }
$data merge entity $(bone_head) { transformation: [-0.9964979849317547f,0.016343399713815716f,-0.08200402010113207f,0.06250000000000011f,-0.007119836177484316f,0.9605663188556501f,0.27795980826894984f,1.4375f,0.0833131079708242f,0.2775702440210406f,-0.9570860388044231f,-0.875f,0f,0f,0f,1f], start_interpolation: 0, interpolation_duration: 1 }
$data merge entity $(item_display_r_item) { transformation: [-0.3720559042208387f,-0.029681157037951156f,-0.22825354992048338f,0.06789360005980266f,-0.15769113652433686f,0.3489075460792541f,0.21166785242595554f,1.1098052239855645f,0.16767277535747138f,0.2622761964148513f,-0.30741386956037187f,-0.3472702145292724f,0f,0f,0f,1f], start_interpolation: 0, interpolation_duration: 1 }
$data merge entity $(bone_rightarm) { transformation: [-0.850413495361917f,-0.5217223998182478f,0.06784264465817395f,-0.24970256924433043f,-0.36043688348419856f,0.48381223411647f,-0.7975029624668665f,1.3125f,0.3832520579599346f,-0.7026602732808499f,-0.5994884489482316f,-0.8613689414483325f,0f,0f,0f,1f], start_interpolation: 0, interpolation_duration: 1 }
$data merge entity $(item_display_l_item) { transformation: [-0.4204904352041603f,-0.02429806905796521f,0.11833700918085709f,0.19870739354083047f,0.05884994553751337f,0.3330696920418501f,0.2775022777444878f,1.011230943805546f,-0.10550226448777111f,0.282631268764094f,-0.31685183935832045f,-0.3552337826786115f,0f,0f,0f,1f], start_interpolation: 0, interpolation_duration: 1 }
$data merge entity $(bone_leftarm) { transformation: [-0.9611209947523663f,0.2704845924133876f,0.055538443561063404f,0.37470256924433065f,0.134514161228602f,0.6342909205588294f,-0.7613021532385144f,1.3125f,-0.2411480331149054f,-0.7242327756761608f,-0.6460143286036435f,-0.8886310585516675f,0f,0f,0f,1f], start_interpolation: 0, interpolation_duration: 1 }
$data merge entity $(text_display_text) { transformation: [-2f,0f,7.347880794884119e-16f,6.888638245203862e-17f,0f,2f,0f,2.3986429312217865f,-7.347880794884119e-16f,0f,-2f,-0.5625f,0f,0f,0f,1f], start_interpolation: 0, interpolation_duration: 1 }
data modify entity @s data merge value {"locators":{},"cameras":{"camera":{"posx":-0.9999999999999996,"posy":1.5651041666666665,"posz":-3.25,"roty":341.9886501718156,"rotx":4.694839507316901}}}