# This file was generated by Animated Java via MC-Build. It is not recommended to edit this file directly.
$data merge entity $(bone_left_eye) { transformation: [-0.9971383705004949f,0.015851659509688924f,-0.07391748755475037f,0.20958458307867178f,-0.005697509457343608f,0.9592307936223808f,0.2825664929756549f,1.6073782638438494f,0.07538307808521266f,0.2821790379481903f,-0.9563955155065464f,-0.5747792463969673f,0f,0f,0f,1f], start_interpolation: 0, interpolation_duration: 1 }
$data merge entity $(bone_right_eye) { transformation: [-0.9971383705004949f,0.015851659509688924f,-0.07391748755475037f,-0.039700009546451934f,-0.005697509457343608f,0.9592307936223808f,0.2825664929756549f,1.6059538864795135f,0.07538307808521266f,0.2821790379481903f,-0.9563955155065464f,-0.5559334768756642f,0f,0f,0f,1f], start_interpolation: 0, interpolation_duration: 1 }
$data merge entity $(bone_right_close) { transformation: [-0.9971383705004949f,0.015851659509688924f,-0.07391748755475037f,-0.038709280827096376f,-0.005697509457343608f,0.9592307936223808f,0.2825664929756549f,1.6659058110809124f,0.07538307808521266f,0.2821790379481903f,-0.9563955155065464f,-0.5382972870039023f,0f,0f,0f,1f], start_interpolation: 0, interpolation_duration: 1 }
$data merge entity $(bone_left_close) { transformation: [-0.9971383705004949f,0.015851659509688924f,-0.07391748755475037f,0.21057531179802735f,-0.005697509457343608f,0.9592307936223808f,0.2825664929756549f,1.6673301884452483f,0.07538307808521266f,0.2821790379481903f,-0.9563955155065464f,-0.5571430565252055f,0f,0f,0f,1f], start_interpolation: 0, interpolation_duration: 1 }
$data merge entity $(bone_left_eyebrow) { transformation: [-0.9971383705004949f,0.015851659509688924f,-0.07391748755475037f,0.2101836401532573f,-0.005697509457343608f,0.9592307936223808f,0.2825664929756549f,1.6433317581988778f,0.07538307808521266f,0.2821790379481903f,-0.9563955155065464f,-0.5641377577541911f,0f,0f,0f,1f], start_interpolation: 0, interpolation_duration: 1 }
$data merge entity $(bone_right_eyebrow) { transformation: [-0.9971383705004949f,0.015851659509688924f,-0.07391748755475037f,-0.039100952471866415f,-0.005697509457343608f,0.9592307936223808f,0.2825664929756549f,1.641907380834542f,0.07538307808521266f,0.2821790379481903f,-0.9563955155065464f,-0.5452919882328879f,0f,0f,0f,1f], start_interpolation: 0, interpolation_duration: 1 }
$data merge entity $(bone_talking) { transformation: [-0.9971383705004949f,0.015851659509688924f,-0.07391748755475037f,0.057880157027828213f,-0.005697509457343608f,0.9592307936223808f,0.2825664929756549f,1.4551604058109784f,0.07538307808521266f,0.2821790379481903f,-0.9563955155065464f,-0.9347747197191592f,0f,0f,0f,1f], start_interpolation: 0, interpolation_duration: 1 }
$data merge entity $(bone_m_opened) { transformation: [-0.9971383705004949f,0.015851659509688924f,-0.07391748755475037f,0.057880157027828213f,-0.005697509457343608f,0.9592307936223808f,0.2825664929756549f,1.4551604058109784f,0.07538307808521266f,0.2821790379481903f,-0.9563955155065464f,-0.9347747197191592f,0f,0f,0f,1f], start_interpolation: 0, interpolation_duration: 1 }
$data merge entity $(bone_head) { transformation: [-0.9971383705004949f,0.015851659509688924f,-0.07391748755475037f,0.06250000000000011f,-0.005697509457343608f,0.9592307936223808f,0.2825664929756549f,1.4375f,0.07538307808521266f,0.2821790379481903f,-0.9563955155065464f,-0.875f,0f,0f,0f,1f], start_interpolation: 0, interpolation_duration: 1 }
$data merge entity $(item_display_r_item) { transformation: [-0.3720559449625261f,-0.03194197499751271f,-0.22794809508153407f,0.06681128801571468f,-0.15769116979753747f,0.35098819061634334f,0.2081995077221598f,1.115354472001584f,0.16767265366160947f,0.2592166088064647f,-0.3099981950478909f,-0.3444524888637842f,0f,0f,0f,1f], start_interpolation: 0, interpolation_duration: 1 }
$data merge entity $(bone_rightarm) { transformation: [-0.8504135884857739f,-0.5210242173292208f,0.07301022856574323f,-0.24970256924433043f,-0.3604369595372285f,0.4758845890792226f,-0.8022587214087846f,1.3125f,0.3832517797979645f,-0.7085673029666076f,-0.592495105843348f,-0.8613689414483325f,0f,0f,0f,1f], start_interpolation: 0, interpolation_duration: 1 }
$data merge entity $(item_display_l_item) { transformation: [-0.4281684057794723f,-0.032152929285718224f,0.08393006273447405f,0.24561592839916252f,0.0460452889998228f,0.27238900812088834f,0.33924962728917096f,0.9056831061928666f,-0.0771874190084624f,0.3408469853075809f,-0.26319514614359024f,-0.4152531396872298f,0f,0f,0f,1f], start_interpolation: 0, interpolation_duration: 1 }
$data merge entity $(bone_leftarm) { transformation: [-0.978670641781651f,0.19184014339308353f,0.07349240979592742f,0.37470256924433065f,0.10524637485673782f,0.7754277195181052f,-0.6226034471334589f,1.3125f,-0.17642838630505692f,-0.6015889054710633f,-0.779078823560185f,-0.8886310585516675f,0f,0f,0f,1f], start_interpolation: 0, interpolation_duration: 1 }
$data merge entity $(text_display_text) { transformation: [-2f,0f,7.347880794884119e-16f,6.888638245203862e-17f,0f,2f,0f,2.3916214451863462f,-7.347880794884119e-16f,0f,-2f,-0.5625f,0f,0f,0f,1f], start_interpolation: 0, interpolation_duration: 1 }
data modify entity @s data merge value {"locators":{},"cameras":{"camera":{"posx":-0.9999999999999996,"posy":1.5708333333333333,"posz":-3.25,"roty":341.98180774396826,"rotx":4.753236155420195}}}