# This file was generated by Animated Java via MC-Build. It is not recommended to edit this file directly.
$data merge entity $(bone_left_eye) { transformation: [-0.9977136232333277f,0.015282960115355454f,-0.06583279687767983f,0.2074931421524249f,-0.004274089145353995f,0.9578777471545712f,0.28714448221768224f,1.6057175773773915f,0.06744818883115368f,0.28676933698740475f,-0.9556223569942267f,-0.5728331001084863f,0f,0f,0f,1f], start_interpolation: 0, interpolation_duration: 1 }
$data merge entity $(bone_right_eye) { transformation: [-0.9977136232333277f,0.015282960115355454f,-0.06583279687767983f,-0.041935263655907024f,-0.004274089145353995f,0.9578777471545712f,0.28714448221768224f,1.6046490550910528f,0.06744818883115368f,0.28676933698740475f,-0.9556223569942267f,-0.5559710529006978f,0f,0f,0f,1f], start_interpolation: 0, interpolation_duration: 1 }
$data merge entity $(bone_right_close) { transformation: [-0.9977136232333277f,0.015282960115355454f,-0.06583279687767983f,-0.04098007864869732f,-0.004274089145353995f,0.9578777471545712f,0.28714448221768224f,1.6645164142882136f,0.06744818883115368f,0.28676933698740475f,-0.9556223569942267f,-0.538047969338985f,0f,0f,0f,1f], start_interpolation: 0, interpolation_duration: 1 }
$data merge entity $(bone_left_close) { transformation: [-0.9977136232333277f,0.015282960115355454f,-0.06583279687767983f,0.2084483271596346f,-0.004274089145353995f,0.9578777471545712f,0.28714448221768224f,1.6655849365745523f,0.06744818883115368f,0.28676933698740475f,-0.9556223569942267f,-0.5549100165467735f,0f,0f,0f,1f], start_interpolation: 0, interpolation_duration: 1 }
$data merge entity $(bone_left_eyebrow) { transformation: [-0.9977136232333277f,0.015282960115355454f,-0.06583279687767983f,0.20807036770655557f,-0.004274089145353995f,0.9578777471545712f,0.28714448221768224f,1.6416200463655495f,0.06744818883115368f,0.28676933698740475f,-0.9556223569942267f,-0.5620195235741464f,0f,0f,0f,1f], start_interpolation: 0, interpolation_duration: 1 }
$data merge entity $(bone_right_eyebrow) { transformation: [-0.9977136232333277f,0.015282960115355454f,-0.06583279687767983f,-0.04135803810177635f,-0.004274089145353995f,0.9578777471545712f,0.28714448221768224f,1.640551524079211f,0.06744818883115368f,0.28676933698740475f,-0.9556223569942267f,-0.545157476366358f,0f,0f,0f,1f], start_interpolation: 0, interpolation_duration: 1 }
$data merge entity $(bone_talking) { transformation: [-0.9977136232333277f,0.015282960115355454f,-0.06583279687767983f,0.05838545019514512f,-0.004274089145353995f,0.9578777471545712f,0.28714448221768224f,1.455446530138605f,0.06744818883115368f,0.28676933698740475f,-0.9556223569942267f,-0.9347263973121391f,0f,0f,0f,1f], start_interpolation: 0, interpolation_duration: 1 }
$data merge entity $(bone_m_opened) { transformation: [-0.9977136232333277f,0.015282960115355454f,-0.06583279687767983f,0.05838545019514512f,-0.004274089145353995f,0.9578777471545712f,0.28714448221768224f,1.455446530138605f,0.06744818883115368f,0.28676933698740475f,-0.9556223569942267f,-0.9347263973121391f,0f,0f,0f,1f], start_interpolation: 0, interpolation_duration: 1 }
$data merge entity $(bone_head) { transformation: [-0.9977136232333277f,0.015282960115355454f,-0.06583279687767983f,0.06250000000000011f,-0.004274089145353995f,0.9578777471545712f,0.28714448221768224f,1.4375f,0.06744818883115368f,0.28676933698740475f,-0.9556223569942267f,-0.875f,0f,0f,0f,1f], start_interpolation: 0, interpolation_duration: 1 }
$data merge entity $(item_display_r_item) { transformation: [-0.372055986887954f,-0.0342022084731791f,-0.22761986195494416f,0.06569660255611004f,-0.1576912040375022f,0.3530366533477177f,0.20470675504791291f,1.1209293937451865f,0.16767252842977431f,0.2561280545520162f,-0.3125549437800751f,-0.34168243474764926f,0f,0f,0f,1f], start_interpolation: 0, interpolation_duration: 1 }
$data merge entity $(bone_rightarm) { transformation: [-0.8504136843153234f,-0.5202739701827295f,0.07817647651012354f,-0.24970256924433043f,-0.360437037800005f,0.4679011543952297f,-0.8069409219376403f,1.3125f,0.38325149355376986f,-0.714411300068743f,-0.5854355532617515f,-0.8613689414483325f,0f,0f,0f,1f], start_interpolation: 0, interpolation_duration: 1 }
$data merge entity $(item_display_l_item) { transformation: [-0.43364372308556787f,-0.028329667335185053f,0.050564823515613276f,0.2943729164119731f,0.032438846968845955f,0.197674793381376f,0.38894555823271987f,0.8133420006336504f,-0.04803220415324661f,0.3892664331923677f,-0.19383188941418483f,-0.5005093784764414f,0f,0f,0f,1f], start_interpolation: 0, interpolation_duration: 1 }
$data merge entity $(bone_leftarm) { transformation: [-0.9911856527670123f,0.11557673946425889f,0.06475352533756586f,0.37470256924433065f,0.07414593592879075f,0.8890184188176455f,-0.45182809915743066f,1.3125f,-0.10978789520742083f,-0.4430443186609937f,-0.8897518472968405f,-0.8886310585516675f,0f,0f,0f,1f], start_interpolation: 0, interpolation_duration: 1 }
$data merge entity $(text_display_text) { transformation: [-2f,0f,7.347880794884119e-16f,6.888638245203862e-17f,0f,2f,0f,2.3853986727873218f,-7.347880794884119e-16f,0f,-2f,-0.5625f,0f,0f,0f,1f], start_interpolation: 0, interpolation_duration: 1 }
data modify entity @s data merge value {"locators":{},"cameras":{"camera":{"posx":-0.9999999999999996,"posy":1.5765625,"posz":-3.25,"roty":341.9753728987595,"rotx":4.808062540158202}}}