# This file was generated by Animated Java via MC-Build. It is not recommended to edit this file directly.
$data merge entity $(bone_left_eye) { transformation: [-0.9982237044612887f,0.014637444382161729f,-0.05775102660161906f,0.2053750808036064f,-0.0028498485331601904f,0.9565075269003674f,0.29169372524324366f,1.6040596814809258f,0.05950894231054552f,0.29134017265887313f,-0.9547667723481887f,-0.5709118815370526f,0f,0f,0f,1f], start_interpolation: 0, interpolation_duration: 1 }
$data merge entity $(bone_right_eye) { transformation: [-0.9982237044612887f,0.014637444382161729f,-0.05775102660161906f,-0.04418084531171579f,-0.0028498485331601904f,0.9565075269003674f,0.29169372524324366f,1.603347219347636f,0.05950894231054552f,0.29134017265887313f,-0.9547667723481887f,-0.5560346459594163f,0f,0f,0f,1f], start_interpolation: 0, interpolation_duration: 1 }
$data merge entity $(bone_right_close) { transformation: [-0.9982237044612887f,0.014637444382161729f,-0.05775102660161906f,-0.04326600503783068f,-0.0028498485331601904f,0.9565075269003674f,0.29169372524324366f,1.6631289397789089f,0.05950894231054552f,0.29134017265887313f,-0.9547667723481887f,-0.5378258851682368f,0f,0f,0f,1f], start_interpolation: 0, interpolation_duration: 1 }
$data merge entity $(bone_left_close) { transformation: [-0.9982237044612887f,0.014637444382161729f,-0.05775102660161906f,0.2062899210774915f,-0.0028498485331601904f,0.9565075269003674f,0.29169372524324366f,1.6638414019121988f,0.05950894231054552f,0.29134017265887313f,-0.9547667723481887f,-0.5527031207458731f,0f,0f,0f,1f], start_interpolation: 0, interpolation_duration: 1 }
$data merge entity $(bone_left_eyebrow) { transformation: [-0.9982237044612887f,0.014637444382161729f,-0.05775102660161906f,0.20592759440710007f,-0.0028498485331601904f,0.9565075269003674f,0.29169372524324366f,1.6399104828818623f,0.05950894231054552f,0.29134017265887313f,-0.9547667723481887f,-0.5599269521390732f,0f,0f,0f,1f], start_interpolation: 0, interpolation_duration: 1 }
$data merge entity $(bone_right_eyebrow) { transformation: [-0.9982237044612887f,0.014637444382161729f,-0.05775102660161906f,-0.043628331708222126f,-0.0028498485331601904f,0.9565075269003674f,0.29169372524324366f,1.6391980207485721f,0.05950894231054552f,0.29134017265887313f,-0.9547667723481887f,-0.5450497165614367f,0f,0f,0f,1f], start_interpolation: 0, interpolation_duration: 1 }
$data merge entity $(bone_talking) { transformation: [-0.9982237044612887f,0.014637444382161729f,-0.05775102660161906f,0.05889056083739892f,-0.0028498485331601904f,0.9565075269003674f,0.29169372524324366f,1.4557308578277026f,0.05950894231054552f,0.29134017265887313f,-0.9547667723481887f,-0.9346729232717618f,0f,0f,0f,1f], start_interpolation: 0, interpolation_duration: 1 }
$data merge entity $(bone_m_opened) { transformation: [-0.9982237044612887f,0.014637444382161729f,-0.05775102660161906f,0.05889056083739892f,-0.0028498485331601904f,0.9565075269003674f,0.29169372524324366f,1.4557308578277026f,0.05950894231054552f,0.29134017265887313f,-0.9547667723481887f,-0.9346729232717618f,0f,0f,0f,1f], start_interpolation: 0, interpolation_duration: 1 }
$data merge entity $(bone_head) { transformation: [-0.9982237044612887f,0.014637444382161729f,-0.05775102660161906f,0.06250000000000011f,-0.0028498485331601904f,0.9565075269003674f,0.29169372524324366f,1.4375f,0.05950894231054552f,0.29134017265887313f,-0.9547667723481887f,-0.875f,0f,0f,0f,1f], start_interpolation: 0, interpolation_duration: 1 }
$data merge entity $(item_display_r_item) { transformation: [-0.3720560294052316f,-0.036456522661640386f,-0.22726962608020176f,0.06455217582406059f,-0.1576912387608429f,0.3550481007837374f,0.20119783634008562f,1.1265168340238025f,0.16767240142994388f,0.2530178216752377f,-0.3150780819311832f,-0.3389665896394315f,0f,0f,0f,1f], start_interpolation: 0, interpolation_duration: 1 }
$data merge entity $(bone_rightarm) { transformation: [-0.8504137814976722f,-0.5194734310404612f,0.08332919465517792f,-0.24970256924433043f,-0.36043711716764093f,0.45988076877733874f,-0.8115385160771139f,1.3125f,0.38325120326844314f,-0.7201784729855615f,-0.5783264495434005f,-0.8613689414483325f,0f,0f,0f,1f], start_interpolation: 0, interpolation_duration: 1 }
$data merge entity $(item_display_l_item) { transformation: [-0.43658840546032807f,-0.01453777767255039f,0.024196430272908305f,0.33598258951944726f,0.019325386327121677f,0.11941343072843069f,0.420444065251222f,0.7459837441349487f,-0.02057531678773663f,0.42063682147668646f,-0.11852244832551555f,-0.5991313262361635f,0f,0f,0f,1f], start_interpolation: 0, interpolation_duration: 1 }
$data merge entity $(bone_leftarm) { transformation: [-0.9979163553378927f,0.05530612633807612f,0.03322920610868662f,0.37470256924433065f,0.04417231160484955f,0.9610150062885074f,-0.27294498452212707f,1.3125f,-0.04702929551482658f,-0.27090845331546387f,-0.9614555919467119f,-0.8886310585516675f,0f,0f,0f,1f], start_interpolation: 0, interpolation_duration: 1 }
$data merge entity $(text_display_text) { transformation: [-2f,0f,7.347880794884119e-16f,6.888638245203862e-17f,0f,2f,0f,2.38023382501362f,-7.347880794884119e-16f,0f,-2f,-0.5625f,0f,0f,0f,1f], start_interpolation: 0, interpolation_duration: 1 }
data modify entity @s data merge value {"locators":{},"cameras":{"camera":{"posx":-0.9999999999999996,"posy":1.5822916666666667,"posz":-3.25,"roty":341.9693638153226,"rotx":4.859181589072485}}}