# This file was generated by Animated Java via MC-Build. It is not recommended to edit this file directly.
$data merge entity $(bone_left_eye) { transformation: [-0.9986685802859699f,0.013915268658548991f,-0.04967325284059381f,0.20323070291053205f,-0.0014250610035332245f,0.9551204795106862f,0.29621417727788296f,1.6024047081836426f,0.051565840929256306f,0.2958905792982218f,-0.9538289831682728f,-0.5690158394995334f,0f,0f,0f,1f], start_interpolation: 0, interpolation_duration: 1 }
$data merge entity $(bone_right_eye) { transformation: [-0.9986685802859699f,0.013915268658548991f,-0.04967325284059381f,-0.046436442160960434f,-0.0014250610035332245f,0.9551204795106862f,0.29621417727788296f,1.602048442932759f,0.051565840929256306f,0.2958905792982218f,-0.9538289831682728f,-0.5561243792672194f,0f,0f,0f,1f], start_interpolation: 0, interpolation_duration: 1 }
$data merge entity $(bone_right_close) { transformation: [-0.9986685802859699f,0.013915268658548991f,-0.04967325284059381f,-0.045566737869801116f,-0.0014250610035332245f,0.9551204795106862f,0.29621417727788296f,1.661743472902177f,0.051565840929256306f,0.2958905792982218f,-0.9538289831682728f,-0.5376312180610805f,0f,0f,0f,1f], start_interpolation: 0, interpolation_duration: 1 }
$data merge entity $(bone_left_close) { transformation: [-0.9986685802859699f,0.013915268658548991f,-0.04967325284059381f,0.20410040720169137f,-0.0014250610035332245f,0.9551204795106862f,0.29621417727788296f,1.6620997381530604f,0.051565840929256306f,0.2958905792982218f,-0.9538289831682728f,-0.5505226782933945f,0f,0f,0f,1f], start_interpolation: 0, interpolation_duration: 1 }
$data merge entity $(bone_left_eyebrow) { transformation: [-0.9986685802859699f,0.013915268658548991f,-0.04967325284059381f,0.2037556300635302f,-0.0014250610035332245f,0.9551204795106862f,0.29621417727788296f,1.6382032127792134f,0.051565840929256306f,0.2958905792982218f,-0.9538289831682728f,-0.557860328464402f,0f,0f,0f,1f], start_interpolation: 0, interpolation_duration: 1 }
$data merge entity $(bone_right_eyebrow) { transformation: [-0.9986685802859699f,0.013915268658548991f,-0.04967325284059381f,-0.0459115150079623f,-0.0014250610035332245f,0.9551204795106862f,0.29621417727788296f,1.6378469475283302f,0.051565840929256306f,0.2958905792982218f,-0.9538289831682728f,-0.544968868232088f,0f,0f,0f,1f], start_interpolation: 0, interpolation_duration: 1 }
$data merge entity $(bone_talking) { transformation: [-0.9986685802859699f,0.013915268658548991f,-0.04967325284059381f,0.059395421697463f,-0.0014250610035332245f,0.9551204795106862f,0.29621417727788296f,1.4560133860798676f,0.051565840929256306f,0.2958905792982218f,-0.9538289831682728f,-0.9346143114480171f,0f,0f,0f,1f], start_interpolation: 0, interpolation_duration: 1 }
$data merge entity $(bone_m_opened) { transformation: [-0.9986685802859699f,0.013915268658548991f,-0.04967325284059381f,0.059395421697463f,-0.0014250610035332245f,0.9551204795106862f,0.29621417727788296f,1.4560133860798676f,0.051565840929256306f,0.2958905792982218f,-0.9538289831682728f,-0.9346143114480171f,0f,0f,0f,1f], start_interpolation: 0, interpolation_duration: 1 }
$data merge entity $(bone_head) { transformation: [-0.9986685802859699f,0.013915268658548991f,-0.04967325284059381f,0.06250000000000011f,-0.0014250610035332245f,0.9551204795106862f,0.29621417727788296f,1.4375f,0.051565840929256306f,0.2958905792982218f,-0.9538289831682728f,-0.875f,0f,0f,0f,1f], start_interpolation: 0, interpolation_duration: 1 }
$data merge entity $(item_display_r_item) { transformation: [-0.3720560719224705f,-0.03869961505835782f,-0.22689836742461691f,0.06338092277416296f,-0.15769127348417158f,0.35701801809559497f,0.19768117518376313f,1.1321034691933654f,0.1676722744300969f,0.24989342638298506f,-0.3175618582859251f,-0.336311022073301f,0f,0f,0f,1f], start_interpolation: 0, interpolation_duration: 1 }
$data merge entity $(bone_rightarm) { transformation: [-0.8504138786799325f,-0.5186248398276958f,0.08845626299053204f,-0.24970256924433043f,-0.36043719653524936f,0.4518426861343159f,-0.8160411842185027f,1.3125f,0.3832509129830787f,-0.7258556760821143f,-0.5711849745896803f,-0.8613689414483325f,0f,0f,0f,1f], start_interpolation: 0, interpolation_duration: 1 }
$data merge entity $(item_display_l_item) { transformation: [-0.43741756643112395f,0.0035316993375548193f,0.0077233203521806385f,0.36467831140908824f,0.008075725452796962f,0.04986582652471331f,0.4345738510350321f,0.705927591814158f,0.002627781551868439f,0.4346345320436428f,-0.04992162176171109f,-0.6931331611653253f,0f,0f,0f,1f], start_interpolation: 0, interpolation_duration: 1 }
$data merge entity $(bone_leftarm) { transformation: [-0.9998115804139975f,0.017653303662127175f,-0.008072455628696726f,0.37470256924433065f,0.018458801034964487f,0.9933116595086448f,-0.11397903205648734f,1.3125f,0.006006357832842146f,-0.11410656402676798f,-0.9934503589568978f,-0.8886310585516675f,0f,0f,0f,1f], start_interpolation: 0, interpolation_duration: 1 }
$data merge entity $(text_display_text) { transformation: [-2f,0f,7.347880794884119e-16f,6.888638245203862e-17f,0f,2f,0f,2.3765168999877138f,-7.347880794884119e-16f,0f,-2f,-0.5625f,0f,0f,0f,1f], start_interpolation: 0, interpolation_duration: 1 }
data modify entity @s data merge value {"locators":{},"cameras":{"camera":{"posx":-0.9999999999999996,"posy":1.5880208333333332,"posz":-3.25,"roty":341.96379863110155,"rotx":4.906456225536461}}}