# This file was generated by Animated Java via MC-Build. It is not recommended to edit this file directly.
$data merge entity $(bone_left_eye) { transformation: [-0.9990482215818578f,0.0022828623484962354f,-0.0435596085109249f,0.1988416454125876f,0f,0.9986295347545738f,0.05233595624294383f,1.6740733946279076f,0.043619387365335875f,0.05228614400929896f,-0.997679060715675f,-0.6179611222394235f,0f,0f,0f,1f], start_interpolation: 0, interpolation_duration: 1 }
$data merge entity $(bone_right_eye) { transformation: [-0.9990482215818578f,0.0022828623484962354f,-0.0435596085109249f,-0.05092040998287685f,0f,0.9986295347545738f,0.05233595624294383f,1.6740733946279076f,0.043619387365335875f,0.05228614400929896f,-0.997679060715675f,-0.6070562753980895f,0f,0f,0f,1f], start_interpolation: 0, interpolation_duration: 1 }
$data merge entity $(bone_right_close) { transformation: [-0.9990482215818578f,0.0022828623484962354f,-0.0435596085109249f,-0.05077773108609583f,0f,0.9986295347545738f,0.05233595624294383f,1.7364877405500683f,0.043619387365335875f,0.05228614400929896f,-0.997679060715675f,-0.6037883913975082f,0f,0f,0f,1f], start_interpolation: 0, interpolation_duration: 1 }
$data merge entity $(bone_left_close) { transformation: [-0.9990482215818578f,0.0022828623484962354f,-0.0435596085109249f,0.19898432430936863f,0f,0.9986295347545738f,0.05233595624294383f,1.7364877405500683f,0.043619387365335875f,0.05228614400929896f,-0.997679060715675f,-0.6146932382388421f,0f,0f,0f,1f], start_interpolation: 0, interpolation_duration: 1 }
$data merge entity $(bone_left_eyebrow) { transformation: [-0.9990482215818578f,0.0022828623484962354f,-0.0435596085109249f,0.19892997522618816f,0f,0.9986295347545738f,0.05233595624294383f,1.711518731183939f,0.043619387365335875f,0.05228614400929896f,-0.997679060715675f,-0.6159380368977799f,0f,0f,0f,1f], start_interpolation: 0, interpolation_duration: 1 }
$data merge entity $(bone_right_eyebrow) { transformation: [-0.9990482215818578f,0.0022828623484962354f,-0.0435596085109249f,-0.0508320801692763f,0f,0.9986295347545738f,0.05233595624294383f,1.711518731183939f,0.043619387365335875f,0.05228614400929896f,-0.997679060715675f,-0.605033190056446f,0f,0f,0f,1f], start_interpolation: 0, interpolation_duration: 1 }
$data merge entity $(bone_talking) { transformation: [-0.9990482215818578f,0.0022828623484962354f,-0.0435596085109249f,0.05977752446806729f,0f,0.9986295347545738f,0.05233595624294383f,1.440770997265184f,0.043619387365335875f,0.05228614400929896f,-0.997679060715675f,-0.9373549412947296f,0f,0f,0f,1f], start_interpolation: 0, interpolation_duration: 1 }
$data merge entity $(bone_m_opened) { transformation: [-0.9990482215818578f,0.0022828623484962354f,-0.0435596085109249f,0.05977752446806729f,0f,0.9986295347545738f,0.05233595624294383f,1.440770997265184f,0.043619387365335875f,0.05228614400929896f,-0.997679060715675f,-0.9373549412947296f,0f,0f,0f,1f], start_interpolation: 0, interpolation_duration: 1 }
$data merge entity $(bone_head) { transformation: [-0.9990482215818578f,0.0022828623484962354f,-0.0435596085109249f,0.0625000000000001f,0f,0.9986295347545738f,0.05233595624294383f,1.4375f,0.043619387365335875f,0.05228614400929896f,-0.997679060715675f,-0.8749999999999999f,0f,0f,0f,1f], start_interpolation: 0, interpolation_duration: 1 }
$data merge entity $(item_display_r_item) { transformation: [-0.4372546898961893f,0.007613197067330752f,0.012515006759936583f,-0.26540595116785964f,0.012123419970536486f,-0.021729437109160286f,0.4367918317129305f,0.6823032583789106f,0.00822246021609524f,0.4368937179604818f,0.021506286398671824f,-0.7672654311720117f,0f,0f,0f,1f], start_interpolation: 0, interpolation_duration: 1 }
$data merge entity $(bone_rightarm) { transformation: [-0.9994392911912899f,0.028605729736997907f,-0.017401593296755998f,-0.24970256924433043f,0.027710674218369112f,0.9983813296295555f,0.04966728482093802f,1.3125f,0.018794194779646264f,0.049157226054107245f,-0.9986142124811013f,-0.8613689414483324f,0f,0f,0f,1f], start_interpolation: 0, interpolation_duration: 1 }
$data merge entity $(item_display_l_item) { transformation: [-0.4368759256192818f,0.02332045788756905f,-0.0013534615657317852f,0.3832990737346815f,-0.0020505729980295337f,-0.013034731930638784f,0.4373009729166814f,0.6840601152817011f,0.02326952437579133f,0.4366835261461216f,0.013125442008326766f,-0.7826149682360996f,0f,0f,0f,1f], start_interpolation: 0, interpolation_duration: 1 }
$data merge entity $(bone_leftarm) { transformation: [-0.9985735442726441f,-0.0030936264359583544f,-0.05330390374301497f,0.37470256924433065f,-0.004687023995496076f,0.9995450809524147f,0.029793672984317444f,1.3125f,0.05318748428752304f,0.030001010304747115f,-0.998133774048278f,-0.8886310585516674f,0f,0f,0f,1f], start_interpolation: 0, interpolation_duration: 1 }
$data merge entity $(bone_body) { transformation: [-0.9990482215818578f,0f,-0.043619387365335875f,0.0625000000000001f,0f,1f,0f,0.6875f,0.043619387365335875f,0f,-0.9990482215818578f,-0.8749999999999999f,0f,0f,0f,1f], start_interpolation: 0, interpolation_duration: 1 }
$data merge entity $(bone_leftleg) { transformation: [-0.9952465390275879f,-0.04345342161151017f,-0.0871557611627618f,0.18738102769773232f,-0.043619410209978775f,0.9990482205844381f,4.023395993387087e-8f,0.75f,0.08707280635503623f,0.003801722941030819f,-0.9961946964806317f,-0.8804524234206669f,0f,0f,0f,1f], start_interpolation: 0, interpolation_duration: 1 }
$data merge entity $(bone_rightleg) { transformation: [-0.9990482205844388f,0.04361941020997806f,1.848544667337748e-8f,-0.06238102769773213f,0.043619410209978775f,0.9990482205844381f,4.023395993387087e-8f,0.75f,-1.671287099686003e-8f,4.1001990360020266e-8f,-0.999999999999999f,-0.8695475765793329f,0f,0f,0f,1f], start_interpolation: 0, interpolation_duration: 1 }
$data merge entity $(text_display_text) { transformation: [-2f,0f,7.347880794884119e-16f,6.888638245203861e-17f,0f,2f,0f,2.9061984776192418f,-7.347880794884119e-16f,0f,-2f,-0.5624999999999999f,0f,0f,0f,1f], start_interpolation: 0, interpolation_duration: 1 }
data modify entity @s data merge value {"locators":{},"cameras":{"camera":{"posx":-0.9999999999999996,"posy":1.284375,"posz":-3.25,"roty":342.4678757628136,"rotx":0.317019790794664}}}