# This file was generated by Animated Java via MC-Build. It is not recommended to edit this file directly.
$data merge entity $(bone_left_eye) { transformation: [-0.9990482215818578f,0.013116602751579911f,-0.04160054911157387f,0.20106031566352078f,0f,0.9537169507482269f,0.30070579950427306f,1.6007527878109884f,0.043619387365335875f,0.3004195942140947f,-0.9528092235374884f,-0.567145218982771f,0f,0f,0f,1f], start_interpolation: 0, interpolation_duration: 1 }
$data merge entity $(bone_right_eye) { transformation: [-0.9990482215818578f,0.013116602751579911f,-0.04160054911157387f,-0.048701739731943666f,0f,0.9537169507482269f,0.30070579950427306f,1.6007527878109884f,0.043619387365335875f,0.3004195942140947f,-0.9528092235374884f,-0.5562403721414371f,0f,0f,0f,1f], start_interpolation: 0, interpolation_duration: 1 }
$data merge entity $(bone_right_close) { transformation: [-0.9990482215818578f,0.013116602751579911f,-0.04160054911157387f,-0.04788195205996992f,0f,0.9537169507482269f,0.30070579950427306f,1.6603600972327528f,0.043619387365335875f,0.3004195942140947f,-0.9528092235374884f,-0.5374641475030562f,0f,0f,0f,1f], start_interpolation: 0, interpolation_duration: 1 }
$data merge entity $(bone_left_close) { transformation: [-0.9990482215818578f,0.013116602751579911f,-0.04160054911157387f,0.20188010333549453f,0f,0.9537169507482269f,0.30070579950427306f,1.6603600972327528f,0.043619387365335875f,0.3004195942140947f,-0.9528092235374884f,-0.5483689943443901f,0f,0f,0f,1f], start_interpolation: 0, interpolation_duration: 1 }
$data merge entity $(bone_left_eyebrow) { transformation: [-0.9990482215818578f,0.013116602751579911f,-0.04160054911157387f,0.20155478830102452f,0f,0.9537169507482269f,0.30070579950427306f,1.636498379351578f,0.043619387365335875f,0.3004195942140947f,-0.9528092235374884f,-0.5558199336232714f,0f,0f,0f,1f], start_interpolation: 0, interpolation_duration: 1 }
$data merge entity $(bone_right_eyebrow) { transformation: [-0.9990482215818578f,0.013116602751579911f,-0.04160054911157387f,-0.048207267094439954f,0f,0.9537169507482269f,0.30070579950427306f,1.636498379351578f,0.043619387365335875f,0.3004195942140947f,-0.9528092235374884f,-0.5449150867819375f,0f,0f,0f,1f], start_interpolation: 0, interpolation_duration: 1 }
$data merge entity $(bone_talking) { transformation: [-0.9990482215818578f,0.013116602751579911f,-0.04160054911157387f,0.059899965680526746f,0f,0.9537169507482269f,0.30070579950427306f,1.456294112469017f,0.043619387365335875f,0.3004195942140947f,-0.9528092235374884f,-0.934550576471093f,0f,0f,0f,1f], start_interpolation: 0, interpolation_duration: 1 }
$data merge entity $(bone_m_opened) { transformation: [-0.9990482215818578f,0.013116602751579911f,-0.04160054911157387f,0.059899965680526746f,0f,0.9537169507482269f,0.30070579950427306f,1.456294112469017f,0.043619387365335875f,0.3004195942140947f,-0.9528092235374884f,-0.934550576471093f,0f,0f,0f,1f], start_interpolation: 0, interpolation_duration: 1 }
$data merge entity $(bone_head) { transformation: [-0.9990482215818578f,0.013116602751579911f,-0.04160054911157387f,0.06250000000000011f,0f,0.9537169507482269f,0.30070579950427306f,1.4375f,0.043619387365335875f,0.3004195942140947f,-0.9528092235374884f,-0.8749999999999999f,0f,0f,0f,1f], start_interpolation: 0, interpolation_duration: 1 }
$data merge entity $(item_display_r_item) { transformation: [-0.37205611384778386f,-0.040926220275743365f,-0.22650726840970525f,0.06218603697646463f,-0.1576913077241011f,0.35894221171836355f,0.19416536795987158f,1.137675820548287f,0.16767214919821297f,0.24676260482632054f,-0.3200008081905128f,-0.3337213283686512f,0f,0f,0f,1f], start_interpolation: 0, interpolation_duration: 1 }
$data merge entity $(bone_rightarm) { transformation: [-0.8504139745092203f,-0.5177308992221834f,0.09354564634455614f,-0.24970256924433043f,-0.36043727479794535f,0.44380655533684954f,-0.8204393410705451f,1.3125f,0.38325062673877247f,-0.731430418721172f,-0.56402881103159f,-0.8613689414483324f,0f,0f,0f,1f], start_interpolation: 0, interpolation_duration: 1 }
$data merge entity $(item_display_l_item) { transformation: [-0.4370835969420628f,0.019083481972334445f,-4.237384215140959e-18f,0.38015499266499764f,0f,9.71445146547012e-17f,0.4375f,0.6875f,0.019083481972334445f,0.4370835969420628f,-9.705205460221195e-17f,-0.7637500308539351f,0f,0f,0f,1f], start_interpolation: 0, interpolation_duration: 1 }
$data merge entity $(bone_leftarm) { transformation: [-0.9990482215818578f,0f,-0.043619387365335875f,0.37470256924433065f,0f,1f,0f,1.3125f,0.043619387365335875f,0f,-0.9990482215818578f,-0.8886310585516674f,0f,0f,0f,1f], start_interpolation: 0, interpolation_duration: 1 }
$data merge entity $(bone_body) { transformation: [-0.9990482215818578f,0f,-0.043619387365335875f,0.06250000000000011f,0f,1f,0f,0.6875f,0.043619387365335875f,0f,-0.9990482215818578f,-0.8749999999999999f,0f,0f,0f,1f], start_interpolation: 0, interpolation_duration: 1 }
$data merge entity $(bone_leftleg) { transformation: [-0.9952465390275879f,-0.04345342161151017f,-0.0871557611627618f,0.18738102769773235f,-0.043619410209978775f,0.9990482205844381f,4.023395993387087e-8f,0.75f,0.08707280635503623f,0.003801722941030819f,-0.9961946964806317f,-0.8804524234206669f,0f,0f,0f,1f], start_interpolation: 0, interpolation_duration: 1 }
$data merge entity $(bone_rightleg) { transformation: [-0.9990482205844388f,0.04361941020997806f,1.848544667337748e-8f,-0.062381027697732114f,0.043619410209978775f,0.9990482205844381f,4.023395993387087e-8f,0.75f,-1.671287099686003e-8f,4.1001990360020266e-8f,-0.999999999999999f,-0.8695475765793329f,0f,0f,0f,1f], start_interpolation: 0, interpolation_duration: 1 }
$data merge entity $(text_display_text) { transformation: [-2f,0f,7.347880794884119e-16f,6.888638245203862e-17f,0f,2f,0f,2.375f,-7.347880794884119e-16f,0f,-2f,-0.5625f,0f,0f,0f,1f], start_interpolation: 0, interpolation_duration: 1 }
data modify entity @s data merge value {"locators":{},"cameras":{"camera":{"posx":-0.9999999999999996,"posy":1.59375,"posz":-3.25,"roty":341.9586954238238,"rotx":4.949749366707397}}}