# This file was generated by Animated Java via MC-Build. It is not recommended to edit this file directly.
$data merge entity $(bone_left_eye) { transformation: [-0.9990482215818578f,0.013116602751579911f,-0.04160054911157387f,0.20106031566352078f,0f,0.9537169507482269f,0.30070579950427306f,1.6007527878109884f,0.043619387365335875f,0.3004195942140947f,-0.9528092235374884f,-0.5671452189827713f,0f,0f,0f,1f], start_interpolation: 0, interpolation_duration: 1 }
$data merge entity $(bone_right_eye) { transformation: [-0.9990482215818578f,0.013116602751579911f,-0.04160054911157387f,-0.048701739731943666f,0f,0.9537169507482269f,0.30070579950427306f,1.6007527878109884f,0.043619387365335875f,0.3004195942140947f,-0.9528092235374884f,-0.5562403721414373f,0f,0f,0f,1f], start_interpolation: 0, interpolation_duration: 1 }
$data merge entity $(bone_right_close) { transformation: [-0.9990482215818578f,0.013116602751579911f,-0.04160054911157387f,-0.04788195205996992f,0f,0.9537169507482269f,0.30070579950427306f,1.6603600972327528f,0.043619387365335875f,0.3004195942140947f,-0.9528092235374884f,-0.5374641475030564f,0f,0f,0f,1f], start_interpolation: 0, interpolation_duration: 1 }
$data merge entity $(bone_left_close) { transformation: [-0.9990482215818578f,0.013116602751579911f,-0.04160054911157387f,0.20188010333549453f,0f,0.9537169507482269f,0.30070579950427306f,1.6603600972327528f,0.043619387365335875f,0.3004195942140947f,-0.9528092235374884f,-0.5483689943443903f,0f,0f,0f,1f], start_interpolation: 0, interpolation_duration: 1 }
$data merge entity $(bone_left_eyebrow) { transformation: [-0.9990482215818578f,0.013116602751579911f,-0.04160054911157387f,0.20155478830102452f,0f,0.9537169507482269f,0.30070579950427306f,1.636498379351578f,0.043619387365335875f,0.3004195942140947f,-0.9528092235374884f,-0.5558199336232715f,0f,0f,0f,1f], start_interpolation: 0, interpolation_duration: 1 }
$data merge entity $(bone_right_eyebrow) { transformation: [-0.9990482215818578f,0.013116602751579911f,-0.04160054911157387f,-0.048207267094439954f,0f,0.9537169507482269f,0.30070579950427306f,1.636498379351578f,0.043619387365335875f,0.3004195942140947f,-0.9528092235374884f,-0.5449150867819376f,0f,0f,0f,1f], start_interpolation: 0, interpolation_duration: 1 }
$data merge entity $(bone_talking) { transformation: [-0.9990482215818578f,0.013116602751579911f,-0.04160054911157387f,0.059899965680526746f,0f,0.9537169507482269f,0.30070579950427306f,1.456294112469017f,0.043619387365335875f,0.3004195942140947f,-0.9528092235374884f,-0.9345505764710931f,0f,0f,0f,1f], start_interpolation: 0, interpolation_duration: 1 }
$data merge entity $(bone_m_opened) { transformation: [-0.9990482215818578f,0.013116602751579911f,-0.04160054911157387f,0.059899965680526746f,0f,0.9537169507482269f,0.30070579950427306f,1.456294112469017f,0.043619387365335875f,0.3004195942140947f,-0.9528092235374884f,-0.9345505764710931f,0f,0f,0f,1f], start_interpolation: 0, interpolation_duration: 1 }
$data merge entity $(bone_head) { transformation: [-0.9990482215818578f,0.013116602751579911f,-0.04160054911157387f,0.06250000000000011f,0f,0.9537169507482269f,0.30070579950427306f,1.4375f,0.043619387365335875f,0.3004195942140947f,-0.9528092235374884f,-0.875f,0f,0f,0f,1f], start_interpolation: 0, interpolation_duration: 1 }
$data merge entity $(item_display_r_item) { transformation: [-0.3720561545892874f,-0.043131114558934f,-0.2260977107118434f,0.06097098475575041f,-0.15769134099724502f,0.36081680992364384f,0.1906591740541634f,1.1432202684722361f,0.16767202750227264f,0.24363330362130145f,-0.32238975566827166f,-0.3312026323161441f,0f,0f,0f,1f], start_interpolation: 0, interpolation_duration: 1 }
$data merge entity $(bone_rightarm) { transformation: [-0.8504140676326569f,-0.5167947673413563f,0.09858540470613475f,-0.24970256924433043f,-0.3604373508508458f,0.435792397838088f,-0.8247241369683287f,1.3125f,0.38325034857662316f,-0.7368908700989065f,-0.5568761225629749f,-0.8613689414483325f,0f,0f,0f,1f], start_interpolation: 0, interpolation_duration: 1 }
$data merge entity $(item_display_l_item) { transformation: [-0.43696819561934647f,0.02154838662963547f,-0.0008444233726845128f,0.3820655702423472f,-0.0012128020193407803f,-0.007451866381080483f,0.4374348509191973f,0.6854639654351237f,0.021530794886266313f,0.4369054665726881f,0.0075025429333832345f,-0.7745188437214471f,0f,0f,0f,1f], start_interpolation: 0, interpolation_duration: 1 }
$data merge entity $(bone_leftarm) { transformation: [-0.9987844471299347f,-0.0019301105661360183f,-0.0492534551534525f,0.37470256924433065f,-0.002772118901350355f,0.9998510878153082f,0.017032837442469896f,1.3125f,0.049213245454323f,0.017148669562019044f,-0.9986410664518585f,-0.8886310585516675f,0f,0f,0f,1f], start_interpolation: 0, interpolation_duration: 1 }
$data merge entity $(bone_body) { transformation: [-0.9990482215818578f,0f,-0.043619387365335875f,0.06250000000000011f,0f,1f,0f,0.6875f,0.043619387365335875f,0f,-0.9990482215818578f,-0.875f,0f,0f,0f,1f], start_interpolation: 0, interpolation_duration: 1 }
$data merge entity $(bone_leftleg) { transformation: [-0.9952465390275879f,-0.04345342161151017f,-0.0871557611627618f,0.18738102769773235f,-0.043619410209978775f,0.9990482205844381f,4.023395993387087e-8f,0.75f,0.08707280635503623f,0.003801722941030819f,-0.9961946964806317f,-0.880452423420667f,0f,0f,0f,1f], start_interpolation: 0, interpolation_duration: 1 }
$data merge entity $(bone_rightleg) { transformation: [-0.9990482205844388f,0.04361941020997806f,1.848544667337748e-8f,-0.062381027697732114f,0.043619410209978775f,0.9990482205844381f,4.023395993387087e-8f,0.75f,-1.671287099686003e-8f,4.1001990360020266e-8f,-0.999999999999999f,-0.869547576579333f,0f,0f,0f,1f], start_interpolation: 0, interpolation_duration: 1 }
data modify entity @s data merge value {"locators":{},"cameras":{"camera":{"posx":-0.9999999999999996,"posy":1.5994791666666668,"posz":-3.25,"roty":341.96653668937574,"rotx":4.990428091298804}}}