# This file was generated by Animated Java via MC-Build. It is not recommended to edit this file directly.
$data merge entity $(bone_left_eye) { transformation: [-0.9990482215818578f,0.002662899894058943f,-0.04353802841518485f,0.19893125977504328f,0f,0.9981347984218669f,0.06104853953485686f,1.6717715647217526f,0.043619387365335875f,0.06099043485246848f,-0.9971847952623323f,-0.6159086158919669f,0f,0f,0f,1f], start_interpolation: 0, interpolation_duration: 1 }
$data merge entity $(bone_right_eye) { transformation: [-0.9990482215818578f,0.002662899894058943f,-0.04353802841518485f,-0.050830795620421185f,0f,0.9981347984218669f,0.06104853953485686f,1.6717715647217526f,0.043619387365335875f,0.06099043485246848f,-0.9971847952623323f,-0.6050037690506329f,0f,0f,0f,1f], start_interpolation: 0, interpolation_duration: 1 }
$data merge entity $(bone_right_close) { transformation: [-0.9990482215818578f,0.002662899894058943f,-0.04353802841518485f,-0.0506643643770425f,0f,0.9981347984218669f,0.06104853953485686f,1.7341549896231192f,0.043619387365335875f,0.06099043485246848f,-0.9971847952623323f,-0.6011918668723537f,0f,0f,0f,1f], start_interpolation: 0, interpolation_duration: 1 }
$data merge entity $(bone_left_close) { transformation: [-0.9990482215818578f,0.002662899894058943f,-0.04353802841518485f,0.19909769101842195f,0f,0.9981347984218669f,0.06104853953485686f,1.7341549896231192f,0.043619387365335875f,0.06099043485246848f,-0.9971847952623323f,-0.6120967137136877f,0f,0f,0f,1f], start_interpolation: 0, interpolation_duration: 1 }
$data merge entity $(bone_left_eyebrow) { transformation: [-0.9990482215818578f,0.002662899894058943f,-0.04353802841518485f,0.19903383964784643f,0f,0.9981347984218669f,0.06104853953485686f,1.7091978041288516f,0.043619387365335875f,0.06099043485246848f,-0.9971847952623323f,-0.6135591505352954f,0f,0f,0f,1f], start_interpolation: 0, interpolation_duration: 1 }
$data merge entity $(bone_right_eyebrow) { transformation: [-0.9990482215818578f,0.002662899894058943f,-0.04353802841518485f,-0.05072821574761803f,0f,0.9981347984218669f,0.06104853953485686f,1.7091978041288516f,0.043619387365335875f,0.06099043485246848f,-0.9971847952623323f,-0.6026543036939614f,0f,0f,0f,1f], start_interpolation: 0, interpolation_duration: 1 }
$data merge entity $(bone_talking) { transformation: [-0.9990482215818578f,0.002662899894058943f,-0.04353802841518485f,0.059778873224051045f,0f,0.9981347984218669f,0.06104853953485686f,1.4413155337209285f,0.043619387365335875f,0.06099043485246848f,-0.9971847952623323f,-0.9373240497038959f,0f,0f,0f,1f], start_interpolation: 0, interpolation_duration: 1 }
$data merge entity $(bone_m_opened) { transformation: [-0.9990482215818578f,0.002662899894058943f,-0.04353802841518485f,0.059778873224051045f,0f,0.9981347984218669f,0.06104853953485686f,1.4413155337209285f,0.043619387365335875f,0.06099043485246848f,-0.9971847952623323f,-0.9373240497038959f,0f,0f,0f,1f], start_interpolation: 0, interpolation_duration: 1 }
$data merge entity $(bone_head) { transformation: [-0.9990482215818578f,0.002662899894058943f,-0.04353802841518485f,0.0625000000000001f,0f,0.9981347984218669f,0.06104853953485686f,1.4375f,0.043619387365335875f,0.06099043485246848f,-0.9971847952623323f,-0.8750000000000001f,0f,0f,0f,1f], start_interpolation: 0, interpolation_duration: 1 }
$data merge entity $(item_display_r_item) { transformation: [-0.43726580624994205f,0.011409495427143543f,0.008642227646047485f,-0.25878875290235726f,0.008252593056573138f,-0.014859828795994864f,0.43716968124058686f,0.6837262185717345f,0.01169441714796927f,0.4370986832538526f,0.014636656220516004f,-0.7573931122622549f,0f,0f,0f,1f], start_interpolation: 0, interpolation_duration: 1 }
$data merge entity $(bone_rightarm) { transformation: [-0.9994646999998675f,0.019753663190965685f,-0.02607884669061381f,-0.24970256924433043f,0.018863069843595745f,0.99924498569277f,0.0339653229622742f,1.3125f,0.02673009633821547f,0.03345521421832252f,-0.9990827045802345f,-0.8613689414483326f,0f,0f,0f,1f], start_interpolation: 0, interpolation_duration: 1 }
$data merge entity $(item_display_l_item) { transformation: [-0.43680984653440985f,0.024506680107010015f,-0.0016824389195436561f,0.38410796201711017f,-0.0026165351279480776f,-0.016624285247618484f,0.43717620804880275f,0.683212764145248f,0.02442461288351423f,0.43649662744417456f,0.016744626462001966f,-0.7878386313704778f,0f,0f,0f,1f], start_interpolation: 0, interpolation_duration: 1 }
$data merge entity $(bone_leftarm) { transformation: [-0.9984225063643654f,-0.00384557467324263f,-0.056015268816022895f,0.37470256924433065f,-0.005980651721024177f,0.9992599041115491f,0.03799836628027104f,1.3125f,0.055827686590889665f,0.038273431913147575f,-0.9977065770152561f,-0.8886310585516676f,0f,0f,0f,1f], start_interpolation: 0, interpolation_duration: 1 }
$data merge entity $(bone_body) { transformation: [-0.9990482215818578f,0f,-0.043619387365335875f,0.0625000000000001f,0f,1f,0f,0.6875f,0.043619387365335875f,0f,-0.9990482215818578f,-0.8750000000000001f,0f,0f,0f,1f], start_interpolation: 0, interpolation_duration: 1 }
$data merge entity $(bone_leftleg) { transformation: [-0.9952465390275879f,-0.04345342161151017f,-0.0871557611627618f,0.18738102769773232f,-0.043619410209978775f,0.9990482205844381f,4.023395993387087e-8f,0.75f,0.08707280635503623f,0.003801722941030819f,-0.9961946964806317f,-0.8804524234206671f,0f,0f,0f,1f], start_interpolation: 0, interpolation_duration: 1 }
$data merge entity $(bone_rightleg) { transformation: [-0.9990482205844388f,0.04361941020997806f,1.848544667337748e-8f,-0.06238102769773213f,0.043619410209978775f,0.9990482205844381f,4.023395993387087e-8f,0.75f,-1.671287099686003e-8f,4.1001990360020266e-8f,-0.999999999999999f,-0.8695475765793331f,0f,0f,0f,1f], start_interpolation: 0, interpolation_duration: 1 }
$data merge entity $(text_display_text) { transformation: [-2f,0f,7.347880794884119e-16f,6.888638245203863e-17f,0f,2f,0f,2.8980226693355977f,-7.347880794884119e-16f,0f,-2f,-0.5625000000000001f,0f,0f,0f,1f], start_interpolation: 0, interpolation_duration: 1 }
data modify entity @s data merge value {"locators":{},"cameras":{"camera":{"posx":-0.9999999999999996,"posy":1.2901041666666666,"posz":-3.25,"roty":342.4612269135654,"rotx":0.3822095559384236}}}