# This file was generated by Animated Java via MC-Build. It is not recommended to edit this file directly.
$data merge entity $(bone_left_eye) { transformation: [-0.9990463444417875f,0.012897081402734845f,-0.04171410970873738f,0.2010335908330916f,-0.0000010744642219782809f,0.9553719239133209f,0.2954056312885812f,1.6024917074642127f,0.04366235972032288f,0.29512396088669407f,-0.9544608143104684f,-0.5680616011657498f,0f,0f,0f,1f], start_interpolation: 0, interpolation_duration: 1 }
$data merge entity $(bone_right_eye) { transformation: [-0.9990463444417875f,0.012897081402734845f,-0.04171410970873738f,-0.048727995277355274f,-0.0000010744642219782809f,0.9553719239133209f,0.2954056312885812f,1.602491438848157f,0.04366235972032288f,0.29512396088669407f,-0.9544608143104684f,-0.557146011235669f,0f,0f,0f,1f], start_interpolation: 0, interpolation_duration: 1 }
$data merge entity $(bone_right_close) { transformation: [-0.9990463444417875f,0.012897081402734845f,-0.04171410970873738f,-0.04792192768968434f,-0.0000010744642219782809f,0.9553719239133209f,0.2954056312885812f,1.6622021840927397f,0.04366235972032288f,0.29512396088669407f,-0.9544608143104684f,-0.5387007636802507f,0f,0f,0f,1f], start_interpolation: 0, interpolation_duration: 1 }
$data merge entity $(bone_left_close) { transformation: [-0.9990463444417875f,0.012897081402734845f,-0.04171410970873738f,0.20183965842076254f,-0.0000010744642219782809f,0.9553719239133209f,0.2954056312885812f,1.6622024527087953f,0.04366235972032288f,0.29512396088669407f,-0.9544608143104684f,-0.5496163536103315f,0f,0f,0f,1f], start_interpolation: 0, interpolation_duration: 1 }
$data merge entity $(bone_left_eyebrow) { transformation: [-0.9990463444417875f,0.012897081402734845f,-0.04171410970873738f,0.20151983851755095f,-0.0000010744642219782809f,0.9553719239133209f,0.2954056312885812f,1.6382996917590067f,0.04366235972032288f,0.29512396088669407f,-0.9544608143104684f,-0.5569347988316042f,0f,0f,0f,1f], start_interpolation: 0, interpolation_duration: 1 }
$data merge entity $(bone_right_eyebrow) { transformation: [-0.9990463444417875f,0.012897081402734845f,-0.04171410970873738f,-0.048241747592895914f,-0.0000010744642219782809f,0.9553719239133209f,0.2954056312885812f,1.638299423142951f,0.04366235972032288f,0.29512396088669407f,-0.9544608143104684f,-0.5460192089015236f,0f,0f,0f,1f], start_interpolation: 0, interpolation_duration: 1 }
$data merge entity $(bone_talking) { transformation: [-0.9990463444417875f,0.012897081402734845f,-0.04171410970873738f,0.05989286814320403f,-0.0000010744642219782809f,0.9553719239133209f,0.2954056312885812f,1.4559628519555363f,0.04366235972032288f,0.29512396088669407f,-0.9544608143104684f,-0.9346538008944043f,0f,0f,0f,1f], start_interpolation: 0, interpolation_duration: 1 }
$data merge entity $(bone_m_opened) { transformation: [-0.9990463444417875f,0.012897081402734845f,-0.04171410970873738f,0.05989286814320403f,-0.0000010744642219782809f,0.9553719239133209f,0.2954056312885812f,1.4559628519555363f,0.04366235972032288f,0.29512396088669407f,-0.9544608143104684f,-0.9346538008944043f,0f,0f,0f,1f], start_interpolation: 0, interpolation_duration: 1 }
$data merge entity $(bone_head) { transformation: [-0.9990463444417875f,0.012897081402734845f,-0.04171410970873738f,0.06250000000000011f,-0.0000010744642219782809f,0.9553719239133209f,0.2954056312885812f,1.4375f,0.04366235972032288f,0.29512396088669407f,-0.9544608143104684f,-0.875f,0f,0f,0f,1f], start_interpolation: 0, interpolation_duration: 1 }
$data merge entity $(item_display_r_item) { transformation: [-0.37205637033123073f,-0.06116127662962444f,-0.22189998994363358f,0.0498227659238249f,-0.1576915171916514f,0.37497115438264655f,0.16104741161142763f,1.1895668846644307f,0.1676713830733952f,0.21693819770151135f,-0.34092576270542346f,-0.3123497953830101f,0f,0f,0f,1f], start_interpolation: 0, interpolation_duration: 1 }
$data merge entity $(bone_rightarm) { transformation: [-0.8504145607570988f,-0.5071999770140196f,0.13979720372485577f,-0.24970256924433043f,-0.36043775358091745f,0.3681083693975491f,-0.8570769243031919f,1.3125f,0.3832488755963319f,-0.7792588861838249f,-0.4958587376034547f,-0.8613689414483325f,0f,0f,0f,1f], start_interpolation: 0, interpolation_duration: 1 }
$data merge entity $(item_display_l_item) { transformation: [-0.43630389097467764f,0.03219409109264208f,-0.0029504608242179424f,0.38811582501968256f,-0.006262624628963852f,-0.0449945470419289f,0.4351350598024116f,0.6780229011274324f,0.031716624238926766f,0.4339876510169504f,0.045332378182447175f,-0.8293951270931778f,0f,0f,0f,1f], start_interpolation: 0, interpolation_duration: 1 }
$data merge entity $(bone_leftarm) { transformation: [-0.997266036513549f,-0.006743910455355281f,-0.07358649392603905f,0.37470256924433065f,-0.014314570580488805f,0.9945944224055122f,0.10284467895298056f,1.3125f,0.07249514111754689f,0.10361686441702234f,-0.9919717737530295f,-0.8886310585516675f,0f,0f,0f,1f], start_interpolation: 0, interpolation_duration: 1 }
$data merge entity $(text_display_text) { transformation: [-2f,0f,7.347880794884119e-16f,6.888638245203862e-17f,0f,2f,0f,2.3750000000000004f,-7.347880794884119e-16f,0f,-2f,-0.5625f,0f,0f,0f,1f], start_interpolation: 0, interpolation_duration: 1 }
data modify entity @s data merge value {"locators":{},"cameras":{"camera":{"posx":-0.9999999999999996,"posy":1.6510416666666667,"posz":-3.25,"roty":342.9881800882976,"rotx":5.303442258075294}}}
execute on vehicle unless entity @s[tag=aj.transforms_only] at @s run function animated_java:humanentity/animations/000_mur_1/zzz/frames/zzz/4