# This file was generated by Animated Java via MC-Build. It is not recommended to edit this file directly.
$data merge entity $(bone_left_eye) { transformation: [-0.9990410610259087f,0.012729735465404379f,-0.04189167243268601f,0.20109754722264528f,-0.000004404048358950232f,0.9567711961636656f,0.29084167200068306f,1.6039815819307917f,0.04378308308960205f,0.2905629570790629f,-0.9558536549120057f,-0.5674472646932894f,0f,0f,0f,1f], start_interpolation: 0, interpolation_duration: 1 }
$data merge entity $(bone_right_eye) { transformation: [-0.9990410610259087f,0.012729735465404379f,-0.04189167243268601f,-0.04866271803383192f,-0.000004404048358950232f,0.9567711961636656f,0.29084167200068306f,1.6039804809187017f,0.04378308308960205f,0.2905629570790629f,-0.9558536549120057f,-0.5565014939208889f,0f,0f,0f,1f], start_interpolation: 0, interpolation_duration: 1 }
$data merge entity $(bone_right_close) { transformation: [-0.9990410610259087f,0.012729735465404379f,-0.04189167243268601f,-0.047867109567244145f,-0.000004404048358950232f,0.9567711961636656f,0.29084167200068306f,1.6637786806789308f,0.04378308308960205f,0.2905629570790629f,-0.9558536549120057f,-0.5383413091034475f,0f,0f,0f,1f], start_interpolation: 0, interpolation_duration: 1 }
$data merge entity $(bone_left_close) { transformation: [-0.9990410610259087f,0.012729735465404379f,-0.04189167243268601f,0.20189315568923305f,-0.000004404048358950232f,0.9567711961636656f,0.29084167200068306f,1.6637797816910207f,0.04378308308960205f,0.2905629570790629f,-0.9558536549120057f,-0.549287079875848f,0f,0f,0f,1f], start_interpolation: 0, interpolation_duration: 1 }
$data merge entity $(bone_left_eyebrow) { transformation: [-0.9990410610259087f,0.012729735465404379f,-0.04189167243268601f,0.201577530532125f,-0.000004404048358950232f,0.9567711961636656f,0.29084167200068306f,1.6398423241824291f,0.04378308308960205f,0.2905629570790629f,-0.9558536549120057f,-0.5564914129493925f,0f,0f,0f,1f], start_interpolation: 0, interpolation_duration: 1 }
$data merge entity $(bone_right_eyebrow) { transformation: [-0.9990410610259087f,0.012729735465404379f,-0.04189167243268601f,-0.04818273472435221f,-0.000004404048358950232f,0.9567711961636656f,0.29084167200068306f,1.6398412231703394f,0.04378308308960205f,0.2905629570790629f,-0.9558536549120057f,-0.545545642176992f,0f,0f,0f,1f], start_interpolation: 0, interpolation_duration: 1 }
$data merge entity $(bone_talking) { transformation: [-0.9990410610259087f,0.012729735465404379f,-0.04189167243268601f,0.0599438330928412f,-0.000004404048358950232f,0.9567711961636656f,0.29084167200068306f,1.4556762548840438f,0.04378308308960205f,0.2905629570790629f,-0.9558536549120057f,-0.9333193857368566f,0f,0f,0f,1f], start_interpolation: 0, interpolation_duration: 1 }
$data merge entity $(bone_m_opened) { transformation: [-0.9990410610259087f,0.012729735465404379f,-0.04189167243268601f,0.0599438330928412f,-0.000004404048358950232f,0.9567711961636656f,0.29084167200068306f,1.4556762548840438f,0.04378308308960205f,0.2905629570790629f,-0.9558536549120057f,-0.9333193857368566f,0f,0f,0f,1f], start_interpolation: 0, interpolation_duration: 1 }
$data merge entity $(bone_head) { transformation: [-0.9990410610259087f,0.012729735465404379f,-0.04189167243268601f,0.06256206261988408f,-0.000004404048358950232f,0.9567711961636656f,0.29084167200068306f,1.437498650384001f,0.04378308308960205f,0.2905629570790629f,-0.9558536549120057f,-0.8735785323048563f,0f,0f,0f,1f], start_interpolation: 0, interpolation_duration: 1 }
$data merge entity $(item_display_r_item) { transformation: [-0.36928661186562584f,-0.08582839140589461f,-0.21832804566862946f,0.037723960159073644f,-0.1609831748717518f,0.38888394194507847f,0.11941502043490104f,1.2530156866830215f,0.17064016439577634f,0.18113259487439967f,-0.3598321377657213f,-0.29438630397771093f,0f,0f,0f,1f], start_interpolation: 0, interpolation_duration: 1 }
$data merge entity $(bone_rightarm) { transformation: [-0.8440836842642876f,-0.49903553295686737f,0.19617918035633045f,-0.24965085039442714f,-0.3679615425640041f,0.27294861813691684f,-0.8888775815887509f,1.3124988753200006f,0.3900346614760602f,-0.8224734577502201f,-0.41401735971291376f,-0.8601843850357127f,0f,0f,0f,1f], start_interpolation: 0, interpolation_duration: 1 }
$data merge entity $(item_display_l_item) { transformation: [-0.4362979307486158f,0.0322854494796466f,-0.0028311440043351337f,0.3880231936660403f,-0.006326990012691418f,-0.04736616943434322f,0.43488235787451346f,0.6777051728037405f,0.03178576445290249f,0.43372842395330086f,0.0477029289785263f,-0.8316711366931422f,0f,0f,0f,1f], start_interpolation: 0, interpolation_duration: 1 }
$data merge entity $(bone_leftarm) { transformation: [-0.9972524131396932f,-0.006471186295623146f,-0.0737953130963351f,0.37475428809423394f,-0.014461691457580384f,0.9940168179988879f,0.10826553013564187f,1.3124988753200006f,0.07265317589234854f,0.10903526623663176f,-0.991379254750402f,-0.8874465021390476f,0f,0f,0f,1f], start_interpolation: 0, interpolation_duration: 1 }
$data merge entity $(bone_body) { transformation: [-0.9990482215818578f,0.00008275015984528705f,-0.0436193088727718f,0.06250000000000011f,0f,0.9999982005120013f,0.0018970958751027352f,0.6875f,0.043619387365335875f,0.0018952902601916657f,-0.9990464238065729f,-0.875f,0f,0f,0f,1f], start_interpolation: 0, interpolation_duration: 1 }
$data merge entity $(text_display_text) { transformation: [-2f,0f,7.347880794884119e-16f,6.888638245203862e-17f,0f,2f,0f,2.375f,-7.347880794884119e-16f,0f,-2f,-0.5625f,0f,0f,0f,1f], start_interpolation: 0, interpolation_duration: 1 }
data modify entity @s data merge value {"locators":{},"cameras":{"camera":{"posx":-0.9999999999999996,"posy":1.6567708333333333,"posz":-3.25,"roty":343.18383211226933,"rotx":5.332163044110613}}}