# This file was generated by Animated Java via MC-Build. It is not recommended to edit this file directly.
$data merge entity $(bone_left_eye) { transformation: [-0.999032884069074f,0.012534804563167135f,-0.04214469389130283f,0.2011731101386579f,-0.000010078063859199083f,0.958438113595262f,0.285300512278524f,1.6057802616280281f,0.043969267074412816f,0.28502501834491445f,-0.9575110665002364f,-0.5670192068985546f,0f,0f,0f,1f], start_interpolation: 0, interpolation_duration: 1 }
$data merge entity $(bone_right_eye) { transformation: [-0.999032884069074f,0.012534804563167135f,-0.04214469389130283f,-0.0485851108786106f,-0.000010078063859199083f,0.958438113595262f,0.285300512278524f,1.6057777421120634f,0.043969267074412816f,0.28502501834491445f,-0.9575110665002364f,-0.5560268901299513f,0f,0f,0f,1f], start_interpolation: 0, interpolation_duration: 1 }
$data merge entity $(bone_right_close) { transformation: [-0.999032884069074f,0.012534804563167135f,-0.04214469389130283f,-0.04780168559341265f,-0.000010078063859199083f,0.958438113595262f,0.285300512278524f,1.6656801242117671f,0.043969267074412816f,0.28502501834491445f,-0.9575110665002364f,-0.5382128264833941f,0f,0f,0f,1f], start_interpolation: 0, interpolation_duration: 1 }
$data merge entity $(bone_left_close) { transformation: [-0.999032884069074f,0.012534804563167135f,-0.04214469389130283f,0.20195653542385583f,-0.000010078063859199083f,0.958438113595262f,0.285300512278524f,1.665682643727732f,0.043969267074412816f,0.28502501834491445f,-0.9575110665002364f,-0.5492051432519973f,0f,0f,0f,1f], start_interpolation: 0, interpolation_duration: 1 }
$data merge entity $(bone_left_eyebrow) { transformation: [-0.999032884069074f,0.012534804563167135f,-0.04214469389130283f,0.20164579935314486f,-0.000010078063859199083f,0.958438113595262f,0.285300512278524f,1.641703859605833f,0.043969267074412816f,0.28502501834491445f,-0.9575110665002364f,-0.556270924268964f,0f,0f,0f,1f], start_interpolation: 0, interpolation_duration: 1 }
$data merge entity $(bone_right_eyebrow) { transformation: [-0.999032884069074f,0.012534804563167135f,-0.04214469389130283f,-0.04811242166412362f,-0.000010078063859199083f,0.958438113595262f,0.285300512278524f,1.6417013400898681f,0.043969267074412816f,0.28502501834491445f,-0.9575110665002364f,-0.5452786075003607f,0f,0f,0f,1f], start_interpolation: 0, interpolation_duration: 1 }
$data merge entity $(bone_talking) { transformation: [-0.999032884069074f,0.012534804563167135f,-0.04214469389130283f,0.05999008164819973f,-0.000010078063859199083f,0.958438113595262f,0.285300512278524f,1.455325883558269f,0.043969267074412816f,0.28502501834491445f,-0.9575110665002364f,-0.9320015113818054f,0f,0f,0f,1f], start_interpolation: 0, interpolation_duration: 1 }
$data merge entity $(bone_m_opened) { transformation: [-0.999032884069074f,0.012534804563167135f,-0.04214469389130283f,0.05999008164819973f,-0.000010078063859199083f,0.958438113595262f,0.285300512278524f,1.455325883558269f,0.043969267074412816f,0.28502501834491445f,-0.9575110665002364f,-0.9320015113818054f,0f,0f,0f,1f], start_interpolation: 0, interpolation_duration: 1 }
$data merge entity $(bone_head) { transformation: [-0.999032884069074f,0.012534804563167135f,-0.04214469389130283f,0.06262412501640616f,-0.000010078063859199083f,0.958438113595262f,0.285300512278524f,1.4374946015408612f,0.043969267074412816f,0.28502501834491445f,-0.9575110665002364f,-0.8721570697255406f,0f,0f,0f,1f], start_interpolation: 0, interpolation_duration: 1 }
$data merge entity $(item_display_r_item) { transformation: [-0.36455579635987045f,-0.11629291063801302f,-0.2120879069531306f,0.020157046591524175f,-0.16619088073358493f,0.3991552961531782f,0.06679738553165085f,1.3311150351397434f,0.17574388325462711f,0.13622502886110088f,-0.37677988137688073f,-0.2818214226732818f,0f,0f,0f,1f], start_interpolation: 0, interpolation_duration: 1 }
$data merge entity $(bone_rightarm) { transformation: [-0.833270391679704f,-0.48477235875001284f,0.2658123671726011f,-0.24959913173065873f,-0.3798648702481941f,0.15267973835805929f,-0.9123549626358358f,1.312495501284051f,0.40170030458200484f,-0.8612111574328701f,-0.31137149453965934f,-0.858999832886283f,0f,0f,0f,1f], start_interpolation: 0, interpolation_duration: 1 }
$data merge entity $(item_display_l_item) { transformation: [-0.43630455098497606f,0.03220872634714119f,-0.002680808999803996f,0.38783822714261984f,-0.006312979157145926f,-0.04933857016067461f,0.4346632050089605f,0.6774513312253431f,0.03169755643515599f,0.4335141905884918f,0.0496685159275465f,-0.8333557754322583f,0f,0f,0f,1f], start_interpolation: 0, interpolation_duration: 1 }
$data merge entity $(bone_leftarm) { transformation: [-0.9972675451085167f,-0.006127563428123403f,-0.07361994593632272f,0.37480600675800235f,-0.014429666644904974f,0.9935158971633383f,0.11277387465297076f,1.312495501284051f,0.07245155756607083f,0.11352803640582079f,-0.9908895784879812f,-0.8862619499896179f,0f,0f,0f,1f], start_interpolation: 0, interpolation_duration: 1 }
$data merge entity $(bone_body) { transformation: [-0.9990482215818578f,0.00016550002187473576f,-0.043619073395362064f,0.06250000000000011f,0f,0.9999928020544814f,0.0037941849226029675f,0.6875f,0.043619387365335875f,0.0037905736992791934f,-0.9990410304871884f,-0.875f,0f,0f,0f,1f], start_interpolation: 0, interpolation_duration: 1 }
$data merge entity $(text_display_text) { transformation: [-2f,0f,7.347880794884119e-16f,6.888638245203863e-17f,0f,2f,0f,2.375f,-7.347880794884119e-16f,0f,-2f,-0.5625000000000001f,0f,0f,0f,1f], start_interpolation: 0, interpolation_duration: 1 }
data modify entity @s data merge value {"locators":{},"cameras":{"camera":{"posx":-0.9999999999999996,"posy":1.6625,"posz":-3.25,"roty":343.39120386081146,"rotx":5.359634729878006}}}