# This file was generated by Animated Java via MC-Build. It is not recommended to edit this file directly.
$data merge entity $(bone_left_eye) { transformation: [-0.9990223207732598f,0.012311475844021055f,-0.04245974751870323f,0.20125678290354382f,-0.00001809252623104026f,0.9603263976260062f,0.27887848553683436f,1.6078520930732236f,0.04420862211684995f,0.27860660003883597f,-0.9593872837104575f,-0.5667632242051455f,0f,0f,0f,1f], start_interpolation: 0, interpolation_duration: 1 }
$data merge entity $(bone_right_eye) { transformation: [-0.9990223207732598f,0.012311475844021055f,-0.04245974751870323f,-0.04849879728977112f,-0.00001809252623104026f,0.9603263976260062f,0.27887848553683436f,1.6078475699416659f,0.04420862211684995f,0.27860660003883597f,-0.9593872837104575f,-0.555711068675933f,0f,0f,0f,1f], start_interpolation: 0, interpolation_duration: 1 }
$data merge entity $(bone_right_close) { transformation: [-0.9990223207732598f,0.012311475844021055f,-0.04245974751870323f,-0.047729330049519805f,-0.00001809252623104026f,0.9603263976260062f,0.27887848553683436f,1.6678679697932914f,0.04420862211684995f,0.27860660003883597f,-0.9593872837104575f,-0.5382981561735058f,0f,0f,0f,1f], start_interpolation: 0, interpolation_duration: 1 }
$data merge entity $(bone_left_close) { transformation: [-0.9990223207732598f,0.012311475844021055f,-0.04245974751870323f,0.20202625014379516f,-0.00001809252623104026f,0.9603263976260062f,0.27887848553683436f,1.6678724929248492f,0.04420862211684995f,0.27860660003883597f,-0.9593872837104575f,-0.5493503117027183f,0f,0f,0f,1f], start_interpolation: 0, interpolation_duration: 1 }
$data merge entity $(bone_left_eyebrow) { transformation: [-0.9990223207732598f,0.012311475844021055f,-0.04245974751870323f,0.20172111698191458f,-0.00001809252623104026f,0.9603263976260062f,0.27887848553683436f,1.643846903078853f,0.04420862211684995f,0.27860660003883597f,-0.9593872837104575f,-0.5562555149984573f,0f,0f,0f,1f], start_interpolation: 0, interpolation_duration: 1 }
$data merge entity $(bone_right_eyebrow) { transformation: [-0.9990223207732598f,0.012311475844021055f,-0.04245974751870323f,-0.0480344632114004f,-0.00001809252623104026f,0.9603263976260062f,0.27887848553683436f,1.6438423799472952f,0.04420862211684995f,0.27860660003883597f,-0.9593872837104575f,-0.5452033594692447f,0f,0f,0f,1f], start_interpolation: 0, interpolation_duration: 1 }
$data merge entity $(bone_talking) { transformation: [-0.9990223207732598f,0.012311475844021055f,-0.04245974751870323f,0.06003245274628634f,-0.00001809252623104026f,0.9603263976260062f,0.27887848553683436f,1.4549177588312039f,0.04420862211684995f,0.27860660003883597f,-0.9593872837104575f,-0.9306973226097662f,0f,0f,0f,1f], start_interpolation: 0, interpolation_duration: 1 }
$data merge entity $(bone_m_opened) { transformation: [-0.9990223207732598f,0.012311475844021055f,-0.04245974751870323f,0.06003245274628634f,-0.00001809252623104026f,0.9603263976260062f,0.27887848553683436f,1.4549177588312039f,0.04420862211684995f,0.27860660003883597f,-0.9593872837104575f,-0.9306973226097662f,0f,0f,0f,1f], start_interpolation: 0, interpolation_duration: 1 }
$data merge entity $(bone_head) { transformation: [-0.9990223207732598f,0.012311475844021055f,-0.04245974751870323f,0.06268618696620529f,-0.00001809252623104026f,0.9603263976260062f,0.27887848553683436f,1.4374878534851518f,0.04420862211684995f,0.27860660003883597f,-0.9593872837104575f,-0.8707356173778626f,0f,0f,0f,1f], start_interpolation: 0, interpolation_duration: 1 }
$data merge entity $(item_display_r_item) { transformation: [-0.3636051094593811f,-0.13284678075683243f,-0.20383647175512423f,0.0036913231376374256f,-0.16746279985883997f,0.40254131817871747f,0.03637234969559452f,1.3755411835330773f,0.17650434849733748f,0.10825188220759312f,-0.38540108323672856f,-0.27631320400857917f,0f,0f,0f,1f], start_interpolation: 0, interpolation_duration: 1 }
$data merge entity $(bone_rightarm) { transformation: [-0.831097393050014f,-0.46591193544028403f,0.3036497845870454f,-0.24954741343915943f,-0.38277211396306277f,0.08313679930421625f,-0.9200944415513542f,1.3124898779042933f,0.4034385108510571f,-0.8809167616839509f,-0.2474328736173559f,-0.857815289263218f,0f,0f,0f,1f], start_interpolation: 0, interpolation_duration: 1 }
$data merge entity $(item_display_l_item) { transformation: [-0.4363224976960279f,0.03197905903704784f,-0.002503554953419783f,0.3875711061364007f,-0.0062268700839790345f,-0.05094525429475523f,0.4344790641144864f,0.6772497136565255f,0.031466714052424204f,0.4333453251714477f,0.05126329153297938f,-0.83449772993611f,0f,0f,0f,1f], start_interpolation: 0, interpolation_duration: 1 }
$data merge entity $(bone_leftarm) { transformation: [-0.9973085661623494f,-0.005722411322102346f,-0.07309499208468079f,0.37485772504950166f,-0.014232845906237792f,0.9930950036902546f,0.11644629553086931f,1.3124898779042933f,0.07192391783411246f,0.11717323778966737f,-0.9905036003918805f,-0.885077406366553f,0f,0f,0f,1f], start_interpolation: 0, interpolation_duration: 1 }
$data merge entity $(bone_body) { transformation: [-0.9990482215818578f,0.00024824928827357745f,-0.04361868093395414f,0.06250000000000011f,0f,0.9999838046468692f,0.005691260314922717f,0.6875f,0.043619387365335875f,0.005685843496182945f,-0.9990320416431145f,-0.8749999999999999f,0f,0f,0f,1f], start_interpolation: 0, interpolation_duration: 1 }
$data merge entity $(bone_leftleg) { transformation: [-0.9952465390275879f,-0.04345342161151017f,-0.0871557611627618f,0.18738102769773235f,-0.043619410209978775f,0.9990482205844381f,4.023395993387087e-8f,0.75f,0.08707280635503623f,0.003801722941030819f,-0.9961946964806317f,-0.8804524234206669f,0f,0f,0f,1f], start_interpolation: 0, interpolation_duration: 1 }
$data merge entity $(bone_rightleg) { transformation: [-0.9990482205844388f,0.04361941020997806f,1.848544667337748e-8f,-0.062381027697732114f,0.043619410209978775f,0.9990482205844381f,4.023395993387087e-8f,0.75f,-1.671287099686003e-8f,4.1001990360020266e-8f,-0.999999999999999f,-0.8695475765793329f,0f,0f,0f,1f], start_interpolation: 0, interpolation_duration: 1 }
$data merge entity $(text_display_text) { transformation: [-2f,0f,7.347880794884119e-16f,6.888638245203862e-17f,0f,2f,0f,2.3749999999999996f,-7.347880794884119e-16f,0f,-2f,-0.5625f,0f,0f,0f,1f], start_interpolation: 0, interpolation_duration: 1 }
data modify entity @s data merge value {"locators":{},"cameras":{"camera":{"posx":-0.9999999999999996,"posy":1.6682291666666667,"posz":-3.25,"roty":343.60901149645974,"rotx":5.385845753839073}}}