# This file was generated by Animated Java via MC-Build. It is not recommended to edit this file directly.
$data merge entity $(bone_left_eye) { transformation: [-0.9990098800859183f,0.012059128255515349f,-0.042823322108824134f,0.20134509584774665f,-0.000028350162934446166f,0.9623898545043058f,0.27167216851096343f,1.610161371509862f,0.04448886025722997f,0.2714043945349782f,-0.9614366312660001f,-0.5666650314595049f,0f,0f,0f,1f], start_interpolation: 0, interpolation_duration: 1 }
$data merge entity $(bone_right_eye) { transformation: [-0.9990098800859183f,0.012059128255515349f,-0.042823322108824134f,-0.04840737417373292f,-0.000028350162934446166f,0.9623898545043058f,0.27167216851096343f,1.6101542839691285f,0.04448886025722997f,0.2714043945349782f,-0.9614366312660001f,-0.5555428163951973f,0f,0f,0f,1f], start_interpolation: 0, interpolation_duration: 1 }
$data merge entity $(bone_right_close) { transformation: [-0.9990098800859183f,0.012059128255515349f,-0.042823322108824134f,-0.04765367865776321f,-0.000028350162934446166f,0.9623898545043058f,0.27167216851096343f,1.6703036498756476f,0.04448886025722997f,0.2714043945349782f,-0.9614366312660001f,-0.5385800417367612f,0f,0f,0f,1f], start_interpolation: 0, interpolation_duration: 1 }
$data merge entity $(bone_left_close) { transformation: [-0.9990098800859183f,0.012059128255515349f,-0.042823322108824134f,0.20209879136371636f,-0.000028350162934446166f,0.9623898545043058f,0.27167216851096343f,1.670310737416381f,0.04448886025722997f,0.2714043945349782f,-0.9614366312660001f,-0.5497022568010688f,0f,0f,0f,1f], start_interpolation: 0, interpolation_duration: 1 }
$data merge entity $(bone_left_eyebrow) { transformation: [-0.9990098800859183f,0.012059128255515349f,-0.042823322108824134f,0.20179998961496026f,-0.000028350162934446166f,0.9623898545043058f,0.27167216851096343f,1.6462340115432417f,0.04448886025722997f,0.2714043945349782f,-0.9614366312660001f,-0.5564272768749889f,0f,0f,0f,1f], start_interpolation: 0, interpolation_duration: 1 }
$data merge entity $(bone_right_eyebrow) { transformation: [-0.9990098800859183f,0.012059128255515349f,-0.042823322108824134f,-0.047952480406519296f,-0.000028350162934446166f,0.9623898545043058f,0.27167216851096343f,1.6462269240025083f,0.04448886025722997f,0.2714043945349782f,-0.9614366312660001f,-0.5453050618106815f,0f,0f,0f,1f], start_interpolation: 0, interpolation_duration: 1 }
$data merge entity $(bone_talking) { transformation: [-0.9990098800859183f,0.012059128255515349f,-0.042823322108824134f,0.06007179061412049f,-0.000028350162934446166f,0.9623898545043058f,0.27167216851096343f,1.4544579167730949f,0.04448886025722997f,0.2714043945349782f,-0.9614366312660001f,-0.9294039698317207f,0f,0f,0f,1f], start_interpolation: 0, interpolation_duration: 1 }
$data merge entity $(bone_m_opened) { transformation: [-0.9990098800859183f,0.012059128255515349f,-0.042823322108824134f,0.06007179061412049f,-0.000028350162934446166f,0.9623898545043058f,0.27167216851096343f,1.4544579167730949f,0.04448886025722997f,0.2714043945349782f,-0.9614366312660001f,-0.9294039698317207f,0f,0f,0f,1f], start_interpolation: 0, interpolation_duration: 1 }
$data merge entity $(bone_head) { transformation: [-0.9990098800859183f,0.012059128255515349f,-0.042823322108824134f,0.062748248245922f,-0.000028350162934446166f,0.9623898545043058f,0.27167216851096343f,1.4374784062411596f,0.04448886025722997f,0.2714043945349782f,-0.9614366312660001f,-0.8693141803775957f,0f,0f,0f,1f], start_interpolation: 0, interpolation_duration: 1 }
$data merge entity $(item_display_r_item) { transformation: [-0.37210875584711844f,-0.1163756638277954f,-0.1984893666939102f,0.0008103527630109464f,-0.15883495951976095f,0.40298374723703606f,0.06149638279730369f,1.3397682432725428f,0.16647155749936832f,0.1243666126073898f,-0.3850018392323574f,-0.2710948130670404f,0f,0f,0f,1f], start_interpolation: 0, interpolation_duration: 1 }
$data merge entity $(bone_rightarm) { transformation: [-0.8505342990791278f,-0.45368998101465197f,0.2660015173206751f,-0.24949569570606217f,-0.36305133604516787f,0.1405631606795515f,-0.9211057079703682f,1.3124820052009665f,0.3805064171414133f,-0.880004203959674f,-0.28426654310260546f,-0.8566307584296623f,0f,0f,0f,1f], start_interpolation: 0, interpolation_duration: 1 }
$data merge entity $(item_display_l_item) { transformation: [-0.4363503672481274f,0.0316117846954479f,-0.0023026225902176268f,0.3872308421101806f,-0.006075045522569504f,-0.05221946488606044f,0.4343299106772549f,0.6770908571231565f,0.031107890065432645f,0.43322058186953927f,0.05252120162653183f,-0.8351458544653173f,0f,0f,0f,1f], start_interpolation: 0, interpolation_duration: 1 }
$data merge entity $(bone_leftarm) { transformation: [-0.9973722679957199f,-0.005263137349068845f,-0.07225550787530949f,0.3749094427825989f,-0.013885818337301724f,0.9927540815480111f,0.11935877688242408f,1.3124820052009665f,0.0711037487209889f,0.1200484608606444f,-0.9902184728446611f,-0.8838928755329972f,0f,0f,0f,1f], start_interpolation: 0, interpolation_duration: 1 }
$data merge entity $(bone_body) { transformation: [-0.9990482215818578f,0.0003309976612291899f,-0.0436181314899605f,0.06250000000000011f,0f,0.9999712083215462f,0.007588315224533214f,0.6875f,0.043619387365335875f,0.0075810928298724435f,-0.9990194573067022f,-0.875f,0f,0f,0f,1f], start_interpolation: 0, interpolation_duration: 1 }
$data merge entity $(bone_leftleg) { transformation: [-0.9952465390275879f,-0.04345342161151017f,-0.0871557611627618f,0.18738102769773235f,-0.043619410209978775f,0.9990482205844381f,4.023395993387087e-8f,0.75f,0.08707280635503623f,0.003801722941030819f,-0.9961946964806317f,-0.880452423420667f,0f,0f,0f,1f], start_interpolation: 0, interpolation_duration: 1 }
$data merge entity $(bone_rightleg) { transformation: [-0.9990482205844388f,0.04361941020997806f,1.848544667337748e-8f,-0.062381027697732114f,0.043619410209978775f,0.9990482205844381f,4.023395993387087e-8f,0.75f,-1.671287099686003e-8f,4.1001990360020266e-8f,-0.999999999999999f,-0.869547576579333f,0f,0f,0f,1f], start_interpolation: 0, interpolation_duration: 1 }
$data merge entity $(text_display_text) { transformation: [-2f,0f,7.347880794884119e-16f,6.888638245203862e-17f,0f,2f,0f,2.375f,-7.347880794884119e-16f,0f,-2f,-0.5625f,0f,0f,0f,1f], start_interpolation: 0, interpolation_duration: 1 }
data modify entity @s data merge value {"locators":{},"cameras":{"camera":{"posx":-0.9999999999999996,"posy":1.6739583333333332,"posz":-3.25,"roty":343.8359711775489,"rotx":5.410784154067714}}}