# This file was generated by Animated Java via MC-Build. It is not recommended to edit this file directly.
$data merge entity $(bone_left_eye) { transformation: [-0.9989960784682794f,0.011777495251149338f,-0.04322182100060707f,0.20143464750367326f,-0.00004066042334389953f,0.9645832345475038f,0.2637786609576394f,1.6126724857932688f,0.04479769583058192f,0.2635156052978352f,-0.963614389791262f,-0.5667099770470052f,0f,0f,0f,1f], start_interpolation: 0, interpolation_duration: 1 }
$data merge entity $(bone_right_eye) { transformation: [-0.9989960784682794f,0.011777495251149338f,-0.04322182100060707f,-0.04831437211339659f,-0.00004066042334389953f,0.9645832345475038f,0.2637786609576394f,1.6126623206874326f,0.04479769583058192f,0.2635156052978352f,-0.963614389791262f,-0.5555105530893598f,0f,0f,0f,1f], start_interpolation: 0, interpolation_duration: 1 }
$data merge entity $(bone_right_close) { transformation: [-0.9989960784682794f,0.011777495251149338f,-0.04322182100060707f,-0.04757827866019976f,-0.00004066042334389953f,0.9645832345475038f,0.2637786609576394f,1.6729487728466517f,0.04479769583058192f,0.2635156052978352f,-0.963614389791262f,-0.5390408277582452f,0f,0f,0f,1f], start_interpolation: 0, interpolation_duration: 1 }
$data merge entity $(bone_left_close) { transformation: [-0.9989960784682794f,0.011777495251149338f,-0.04322182100060707f,0.2021707409568701f,-0.00004066042334389953f,0.9645832345475038f,0.2637786609576394f,1.6729589379524878f,0.04479769583058192f,0.2635156052978352f,-0.963614389791262f,-0.5502402517158906f,0f,0f,0f,1f], start_interpolation: 0, interpolation_duration: 1 }
$data merge entity $(bone_left_eyebrow) { transformation: [-0.9989960784682794f,0.011777495251149338f,-0.04322182100060707f,0.20187900493940386f,-0.00004066042334389953f,0.9645832345475038f,0.2637786609576394f,1.6488278709224904f,0.04479769583058192f,0.2635156052978352f,-0.963614389791262f,-0.5567679159489746f,0f,0f,0f,1f], start_interpolation: 0, interpolation_duration: 1 }
$data merge entity $(bone_right_eyebrow) { transformation: [-0.9989960784682794f,0.011777495251149338f,-0.04322182100060707f,-0.047870014677665954f,-0.00004066042334389953f,0.9645832345475038f,0.2637786609576394f,1.6488177058166544f,0.04479769583058192f,0.2635156052978352f,-0.963614389791262f,-0.5455684919913291f,0f,0f,0f,1f], start_interpolation: 0, interpolation_duration: 1 }
$data merge entity $(bone_talking) { transformation: [-0.9989960784682794f,0.011777495251149338f,-0.04322182100060707f,0.06010894481966129f,-0.00004066042334389953f,0.9645832345475038f,0.2637786609576394f,1.4539524261527372f,0.04479769583058192f,0.2635156052978352f,-0.963614389791262f,-0.9281186632024108f,0f,0f,0f,1f], start_interpolation: 0, interpolation_duration: 1 }
$data merge entity $(bone_m_opened) { transformation: [-0.9989960784682794f,0.011777495251149338f,-0.04322182100060707f,0.06010894481966129f,-0.00004066042334389953f,0.9645832345475038f,0.2637786609576394f,1.4539524261527372f,0.04479769583058192f,0.2635156052978352f,-0.963614389791262f,-0.9281186632024108f,0f,0f,0f,1f], start_interpolation: 0, interpolation_duration: 1 }
$data merge entity $(bone_head) { transformation: [-0.9989960784682794f,0.011777495251149338f,-0.04322182100060707f,0.06281030863219923f,-0.00004066042334389953f,0.9645832345475038f,0.2637786609576394f,1.4374662598428847f,0.04479769583058192f,0.2635156052978352f,-0.963614389791262f,-0.8678927638404569f,0f,0f,0f,1f], start_interpolation: 0, interpolation_duration: 1 }
$data merge entity $(item_display_r_item) { transformation: [-0.37818921064508754f,-0.09771292066100172f,-0.19705673316977113f,0.004147662764746207f,-0.15214864568173087f,0.39927124171572836f,0.09401869577906097f,1.2922369582939535f,0.15883941755389536f,0.149802906095567f,-0.37912448978727575f,-0.27103900035387174f,0f,0f,0f,1f], start_interpolation: 0, interpolation_duration: 1 }
$data merge entity $(bone_rightarm) { transformation: [-0.8644324814744858f,-0.45041539010233406f,0.22334381865371813f,-0.24944397871749785f,-0.3477683329868134f,0.21489987606642527f,-0.912619981064522f,1.312471883202404f,0.3630615258374751f,-0.8665702623709158f,-0.34240664250415337f,-0.8554462446487133f,0f,0f,0f,1f], start_interpolation: 0, interpolation_duration: 1 }
$data merge entity $(item_display_l_item) { transformation: [-0.4363866619136981f,0.031122376158681884f,-0.0020806263617703575f,0.38682559061903f,-0.005863995122777634f,-0.053194238849628574f,0.4342145051865595f,0.676967093264568f,0.030635679607604997f,0.43313741544161966f,0.05347601779801858f,-0.8353491256230408f,0f,0f,0f,1f], start_interpolation: 0, interpolation_duration: 1 }
$data merge entity $(bone_leftarm) { transformation: [-0.99745522723131f,-0.00475571739833223f,-0.07113685979127288f,0.37496115977116323f,-0.013403417423491734f,0.9924902975692789f,0.12158683165629411f,1.312471883202404f,0.07002441053166857f,0.1222308978240427f,-0.9900283781522735f,-0.8827083617520483f,0f,0f,0f,1f], start_interpolation: 0, interpolation_duration: 1 }
$data merge entity $(bone_body) { transformation: [-0.9990482215818578f,0.0004137448429321637f,-0.04361742506535857f,0.06250000000000011f,0f,0.9999550131238463f,0.009485342823979339f,0.6875f,0.043619387365335875f,0.009476314879390796f,-0.9990032775232419f,-0.875f,0f,0f,0f,1f], start_interpolation: 0, interpolation_duration: 1 }
data modify entity @s data merge value {"locators":{},"cameras":{"camera":{"posx":-0.9999999999999996,"posy":1.6796875,"posz":-3.25,"roty":344.07079905358205,"rotx":5.43443759180393}}}