# This file was generated by Animated Java via MC-Build. It is not recommended to edit this file directly.
$data merge entity $(bone_left_eye) { transformation: [-0.9989814441535828f,0.011466801805027944f,-0.04364157070026736f,0.20152214154720482f,-0.00005473949089099619f,0.9668629931210682f,0.25529580791026957f,1.6153500530731024f,0.04512284610272676f,0.25503816378991856f,-0.9658775614798474f,-0.5668827973274899f,0f,0f,0f,1f], start_interpolation: 0, interpolation_duration: 1 }
$data merge entity $(bone_right_eye) { transformation: [-0.9989814441535828f,0.011466801805027944f,-0.04364157070026736f,-0.04822321949119088f,-0.00005473949089099619f,0.9668629931210682f,0.25529580791026957f,1.6153363682003798f,0.04512284610272676f,0.25503816378991856f,-0.9658775614798474f,-0.5556020858018083f,0f,0f,0f,1f], start_interpolation: 0, interpolation_duration: 1 }
$data merge entity $(bone_right_close) { transformation: [-0.9989814441535828f,0.011466801805027944f,-0.04364157070026736f,-0.04750654437837663f,-0.00005473949089099619f,0.9668629931210682f,0.25529580791026957f,1.6757653052704466f,0.04512284610272676f,0.25503816378991856f,-0.9658775614798474f,-0.5396622005649383f,0f,0f,0f,1f], start_interpolation: 0, interpolation_duration: 1 }
$data merge entity $(bone_left_close) { transformation: [-0.9989814441535828f,0.011466801805027944f,-0.04364157070026736f,0.20223881666001908f,-0.00005473949089099619f,0.9668629931210682f,0.25529580791026957f,1.6757789901431692f,0.04512284610272676f,0.25503816378991856f,-0.9658775614798474f,-0.55094291209062f,0f,0f,0f,1f], start_interpolation: 0, interpolation_duration: 1 }
$data merge entity $(bone_left_eyebrow) { transformation: [-0.9989814441535828f,0.011466801805027944f,-0.04364157070026736f,0.20195487421306213f,-0.00005473949089099619f,0.9668629931210682f,0.25529580791026957f,1.6515914593271483f,0.04512284610272676f,0.25503816378991856f,-0.9658775614798474f,-0.5572584988377753f,0f,0f,0f,1f], start_interpolation: 0, interpolation_duration: 1 }
$data merge entity $(bone_right_eyebrow) { transformation: [-0.9989814441535828f,0.011466801805027944f,-0.04364157070026736f,-0.04779048682533356f,-0.00005473949089099619f,0.9668629931210682f,0.25529580791026957f,1.6515777744544258f,0.04512284610272676f,0.25503816378991856f,-0.9658775614798474f,-0.5459777873120937f,0f,0f,0f,1f], start_interpolation: 0, interpolation_duration: 1 }
$data merge entity $(bone_talking) { transformation: [-0.9989814441535828f,0.011466801805027944f,-0.04364157070026736f,0.06014476973291644f,-0.00005473949089099619f,0.9668629931210682f,0.25529580791026957f,1.4534074023284334f,0.04512284610272676f,0.25503816378991856f,-0.9658775614798474f,-0.9268387204745809f,0f,0f,0f,1f], start_interpolation: 0, interpolation_duration: 1 }
$data merge entity $(bone_m_opened) { transformation: [-0.9989814441535828f,0.011466801805027944f,-0.04364157070026736f,0.06014476973291644f,-0.00005473949089099619f,0.9668629931210682f,0.25529580791026957f,1.4534074023284334f,0.04512284610272676f,0.25503816378991856f,-0.9658775614798474f,-0.9268387204745809f,0f,0f,0f,1f], start_interpolation: 0, interpolation_duration: 1 }
$data merge entity $(bone_head) { transformation: [-0.9989814441535828f,0.011466801805027944f,-0.04364157070026736f,0.06287236790168314f,-0.00005473949089099619f,0.9668629931210682f,0.25529580791026957f,1.4374514143340416f,0.04512284610272676f,0.25503816378991856f,-0.9658775614798474f,-0.8664713728820905f,0f,0f,0f,1f], start_interpolation: 0, interpolation_duration: 1 }
$data merge entity $(item_display_r_item) { transformation: [-0.38401273814646136f,-0.07974333592705403f,-0.1938594008978732f,0.004765928358208882f,-0.1452123294161226f,0.39299599877633595f,0.12599116767191887f,1.2447567006355322f,0.15117488656123015f,0.17493254505956035f,-0.37141756602533493f,-0.2736845021301979f,0f,0f,0f,1f], start_interpolation: 0, interpolation_duration: 1 }
$data merge entity $(bone_rightarm) { transformation: [-0.877743401477626f,-0.44310720205228166f,0.18227048211898056f,-0.24939226265959458f,-0.33191389580828023f,0.28797981182152904f,-0.8982765686316249f,1.3124595119450349f,0.34554259785424035f,-0.8489544366293369f,-0.39984581727899526f,-0.8542617521834079f,0f,0f,0f,1f], start_interpolation: 0, interpolation_duration: 1 }
$data merge entity $(item_display_l_item) { transformation: [-0.43642983957586956f,0.0305263884949842f,-0.0018397644507089752f,0.3863629360429319f,-0.005600317485845438f,-0.053902463680879545f,0.4341306380033424f,0.6768721823171515f,0.030064623261210677f,0.4330922696315241f,0.05416137381544815f,-0.8351566119855192f,0f,0f,0f,1f], start_interpolation: 0, interpolation_duration: 1 }
$data merge entity $(bone_leftarm) { transformation: [-0.997553919030559f,-0.004205175887334785f,-0.0697746022742496f,0.3750128758290665f,-0.01280072568193243f,0.992298601150497f,0.12320563127058204f,1.3124595119450349f,0.06871913888276726f,0.1237974258638817f,-0.9899251877291979f,-0.8815238692867429f,0f,0f,0f,1f], start_interpolation: 0, interpolation_duration: 1 }
$data merge entity $(bone_body) { transformation: [-0.9990482215818578f,0.0004964905355773788f,-0.043616561662690755f,0.06250000000000011f,0f,0.9999352191120555f,0.011382336285904316f,0.6875f,0.043619387365335875f,0.011371502823879356f,-0.9989835023509643f,-0.875f,0f,0f,0f,1f], start_interpolation: 0, interpolation_duration: 1 }
$data merge entity $(text_display_text) { transformation: [-2f,0f,7.347880794884119e-16f,6.888638245203862e-17f,0f,2f,0f,2.3750000000000004f,-7.347880794884119e-16f,0f,-2f,-0.5625f,0f,0f,0f,1f], start_interpolation: 0, interpolation_duration: 1 }
data modify entity @s data merge value {"locators":{},"cameras":{"camera":{"posx":-0.9999999999999996,"posy":1.6854166666666668,"posz":-3.25,"roty":344.31221126074604,"rotx":5.456793376217435}}}