# This file was generated by Animated Java via MC-Build. It is not recommended to edit this file directly.
$data merge entity $(bone_left_eye) { transformation: [-0.9989665198952888f,0.011127875331015405f,-0.04406883841120613f,0.2016044192534904f,-0.00007021029734963407f,0.9691879529495762f,0.24632236384040396f,1.6181590433325213f,0.04545203184467955f,0.24607088866427815f,-0.9681855351910412f,-0.5671674106348036f,0f,0f,0f,1f], start_interpolation: 0, interpolation_duration: 1 }
$data merge entity $(bone_right_eye) { transformation: [-0.9989665198952888f,0.011127875331015405f,-0.04406883841120613f,-0.04813721072033181f,-0.00007021029734963407f,0.9691879529495762f,0.24632236384040396f,1.6181414907581837f,0.04545203184467955f,0.24607088866427815f,-0.9681855351910412f,-0.5558044026736336f,0f,0f,0f,1f], start_interpolation: 0, interpolation_duration: 1 }
$data merge entity $(bone_right_close) { transformation: [-0.9989665198952888f,0.011127875331015405f,-0.04406883841120613f,-0.047441718512143335f,-0.00007021029734963407f,0.9691879529495762f,0.24632236384040396f,1.6787157378175321f,0.04545203184467955f,0.24607088866427815f,-0.9681855351910412f,-0.5404249721321162f,0f,0f,0f,1f], start_interpolation: 0, interpolation_duration: 1 }
$data merge entity $(bone_left_close) { transformation: [-0.9989665198952888f,0.011127875331015405f,-0.04406883841120613f,0.20229991146167886f,-0.00007021029734963407f,0.9691879529495762f,0.24632236384040396f,1.6787332903918697f,0.04545203184467955f,0.24607088866427815f,-0.9681855351910412f,-0.5517879800932861f,0f,0f,0f,1f], start_interpolation: 0, interpolation_duration: 1 }
$data merge entity $(bone_left_eyebrow) { transformation: [-0.9989665198952888f,0.011127875331015405f,-0.04406883841120613f,0.20202446888080422f,-0.00007021029734963407f,0.9691879529495762f,0.24632236384040396f,1.6544881964203904f,0.04545203184467955f,0.24607088866427815f,-0.9681855351910412f,-0.5578792407139436f,0f,0f,0f,1f], start_interpolation: 0, interpolation_duration: 1 }
$data merge entity $(bone_right_eyebrow) { transformation: [-0.9989665198952888f,0.011127875331015405f,-0.04406883841120613f,-0.04771716109301803f,-0.00007021029734963407f,0.9691879529495762f,0.24632236384040396f,1.6544706438460528f,0.04545203184467955f,0.24607088866427815f,-0.9681855351910412f,-0.5465162327527737f,0f,0f,0f,1f], start_interpolation: 0, interpolation_duration: 1 }
$data merge entity $(bone_talking) { transformation: [-0.9989665198952888f,0.011127875331015405f,-0.04406883841120613f,0.060180123430323536f,-0.00007021029734963407f,0.9691879529495762f,0.24632236384040396f,1.4528290175080845f,0.04545203184467955f,0.24607088866427815f,-0.9681855351910412f,-0.9255616085674885f,0f,0f,0f,1f], start_interpolation: 0, interpolation_duration: 1 }
$data merge entity $(bone_m_opened) { transformation: [-0.9989665198952888f,0.011127875331015405f,-0.04406883841120613f,0.060180123430323536f,-0.00007021029734963407f,0.9691879529495762f,0.24632236384040396f,1.4528290175080845f,0.04545203184467955f,0.24607088866427815f,-0.9681855351910412f,-0.9255616085674885f,0f,0f,0f,1f], start_interpolation: 0, interpolation_duration: 1 }
$data merge entity $(bone_head) { transformation: [-0.9989665198952888f,0.011127875331015405f,-0.04406883841120613f,0.06293442583102392f,-0.00007021029734963407f,0.9691879529495762f,0.24632236384040396f,1.4374338697680593f,0.04545203184467955f,0.24607088866427815f,-0.9681855351910412f,-0.8650500126180484f,0f,0f,0f,1f], start_interpolation: 0, interpolation_duration: 1 }
$data merge entity $(item_display_r_item) { transformation: [-0.389570722537513f,-0.06262615366520018f,-0.18899435710809678f,0.002758204245889573f,-0.1380361341539545f,0.3842364554315547f,0.15720884830449708f,1.1976426668759736f,0.14348145458362055f,0.19961603441231277f,-0.3619015902093701f,-0.2790418608798023f,0f,0f,0f,1f], start_interpolation: 0, interpolation_duration: 1 }
$data merge entity $(bone_rightarm) { transformation: [-0.8904473658000297f,-0.43198710196136414f,0.14314549409188604f,-0.24934054771847725f,-0.3155111637804674f,0.35933451041027925f,-0.8782547552721249f,1.3124448914733826f,0.32795761047684696f,-0.8272036347642745f,-0.45626522151385795f,-0.8530772852967061f,0f,0f,0f,1f], start_interpolation: 0, interpolation_duration: 1 }
$data merge entity $(item_display_l_item) { transformation: [-0.4364783575966903f,0.029839413645081525f,-0.0015820060093029548f,0.3858501461106399f,-0.0052907218625886454f,-0.05437693246377215f,0.43407534769669087f,0.6768009854884607f,0.029409209643723417f,0.43308083380490076f,0.05461080276816521f,-0.834617453838877f,0f,0f,0f,1f], start_interpolation: 0, interpolation_duration: 1 }
$data merge entity $(bone_leftarm) { transformation: [-0.9976648173638636f,-0.0036160137355495956f,-0.06820437404590063f,0.37506459077018384f,-0.01209307854305976f,0.9921722233067221f,0.12429013134576514f,1.3124448914733826f,0.06722105061422495f,0.1248246920415207f,-0.989899048696916f,-0.880339402400041f,0f,0f,0f,1f], start_interpolation: 0, interpolation_duration: 1 }
$data merge entity $(bone_body) { transformation: [-0.9990482215818578f,0.0005792344413650739f,-0.04361554128506443f,0.06250000000000011f,0f,0.9999118263574123f,0.013279288783074217f,0.6875f,0.043619387365335875f,0.013266649842602209f,-0.9989601318610402f,-0.875f,0f,0f,0f,1f], start_interpolation: 0, interpolation_duration: 1 }
$data merge entity $(text_display_text) { transformation: [-2f,0f,7.347880794884119e-16f,6.888638245203863e-17f,0f,2f,0f,2.374999999999999f,-7.347880794884119e-16f,0f,-2f,-0.5625000000000001f,0f,0f,0f,1f], start_interpolation: 0, interpolation_duration: 1 }
data modify entity @s data merge value {"locators":{},"cameras":{"camera":{"posx":-0.9999999999999996,"posy":1.6911458333333333,"posz":-3.25,"roty":344.5589239176162,"rotx":5.4778384903919735}}}