# This file was generated by Animated Java via MC-Build. It is not recommended to edit this file directly.
$data merge entity $(bone_left_eye) { transformation: [-0.9989518642053749f,0.01076223004686193f,-0.0444898573275395f,0.20167848706614877f,-0.00008660253909823003f,0.9715198666413077f,0.23695810013851773f,1.6210648931511646f,0.04577297784290006f,0.2367135888065449f,-0.970500649857443f,-0.5675467507281377f,0f,0f,0f,1f], start_interpolation: 0, interpolation_duration: 1 }
$data merge entity $(bone_right_eye) { transformation: [-0.9989518642053749f,0.01076223004686193f,-0.0444898573275395f,-0.048059478985194956f,-0.00008660253909823003f,0.9715198666413077f,0.23695810013851773f,1.6210432425163899f,0.04577297784290006f,0.2367135888065449f,-0.970500649857443f,-0.5561035062674126f,0f,0f,0f,1f], start_interpolation: 0, interpolation_duration: 1 }
$data merge entity $(bone_right_close) { transformation: [-0.9989518642053749f,0.01076223004686193f,-0.0444898573275395f,-0.04738683960726607f,-0.00008660253909823003f,0.9715198666413077f,0.23695810013851773f,1.6817632341814714f,0.04577297784290006f,0.2367135888065449f,-0.970500649857443f,-0.5413089069670035f,0f,0f,0f,1f], start_interpolation: 0, interpolation_duration: 1 }
$data merge entity $(bone_left_close) { transformation: [-0.9989518642053749f,0.01076223004686193f,-0.0444898573275395f,0.20235112644407766f,-0.00008660253909823003f,0.9715198666413077f,0.23695810013851773f,1.6817848848162462f,0.04577297784290006f,0.2367135888065449f,-0.970500649857443f,-0.5527521514277286f,0f,0f,0f,1f], start_interpolation: 0, interpolation_duration: 1 }
$data merge entity $(bone_left_eyebrow) { transformation: [-0.9989518642053749f,0.01076223004686193f,-0.0444898573275395f,0.20208485130898907f,-0.00008660253909823003f,0.9715198666413077f,0.23695810013851773f,1.6574820782689548f,0.04577297784290006f,0.2367135888065449f,-0.970500649857443f,-0.558609334857276f,0f,0f,0f,1f], start_interpolation: 0, interpolation_duration: 1 }
$data merge entity $(bone_right_eyebrow) { transformation: [-0.9989518642053749f,0.01076223004686193f,-0.0444898573275395f,-0.04765311474235466f,-0.00008660253909823003f,0.9715198666413077f,0.23695810013851773f,1.6574604276341802f,0.04577297784290006f,0.2367135888065449f,-0.970500649857443f,-0.5471660903965511f,0f,0f,0f,1f], start_interpolation: 0, interpolation_duration: 1 }
$data merge entity $(bone_talking) { transformation: [-0.9989518642053749f,0.01076223004686193f,-0.0444898573275395f,0.06021586611390533f,-0.00008660253909823003f,0.9715198666413077f,0.23695810013851773f,1.4522235074667371f,0.04577297784290006f,0.2367135888065449f,-0.970500649857443f,-0.9242849787798623f,0f,0f,0f,1f], start_interpolation: 0, interpolation_duration: 1 }
$data merge entity $(bone_m_opened) { transformation: [-0.9989518642053749f,0.01076223004686193f,-0.0444898573275395f,0.06021586611390533f,-0.00008660253909823003f,0.9715198666413077f,0.23695810013851773f,1.4522235074667371f,0.04577297784290006f,0.2367135888065449f,-0.970500649857443f,-0.9242849787798623f,0f,0f,0f,1f], start_interpolation: 0, interpolation_duration: 1 }
$data merge entity $(bone_head) { transformation: [-0.9989518642053749f,0.01076223004686193f,-0.0444898573275395f,0.06299648219687655f,-0.00008660253909823003f,0.9715198666413077f,0.23695810013851773f,1.4374136262080797f,0.04577297784290006f,0.2367135888065449f,-0.970500649857443f,-0.863628688163772f,0f,0f,0f,1f], start_interpolation: 0, interpolation_duration: 1 }
$data merge entity $(item_display_r_item) { transformation: [-0.394854961265853f,-0.04650928819904072f,-0.18257243952732913f,-0.0017594313838081577f,-0.13063053213196762f,0.37308767823752664f,0.1874766610067791f,1.1512006998982465f,0.135762563465267f,0.2237157134815308f,-0.35060812298460653f,-0.287105325850172f,0f,0f,0f,1f], start_interpolation: 0, interpolation_duration: 1 }
$data merge entity $(bone_rightarm) { transformation: [-0.9025256257505212f,-0.41730843320532374f,0.10630694445495012f,-0.24928883408026675f,-0.29858407344449744f,0.4285180823012095f,-0.8527718359714893f,1.3124280218400664f,0.3103144307777531f,-0.8013899953933862f,-0.5113502022434991f,-0.8518928482514758f,0f,0f,0f,1f], start_interpolation: 0, interpolation_duration: 1 }
$data merge entity $(item_display_l_item) { transformation: [-0.43653071085485573f,0.02907704131084928f,-0.0013092551934272521f,0.38529439505924734f,-0.004942029422723953f,-0.05465039516214786f,0.43404511361586134f,0.6767491751996507f,0.028683877453009772f,0.43309826826856307f,0.054857772439577485f,-0.8337808493346178f,0f,0f,0f,1f], start_interpolation: 0, interpolation_duration: 1 }
$data merge entity $(bone_leftarm) { transformation: [-0.997784481953956f,-0.0029925832992622756f,-0.06646180871051265f,0.37511630440839433f,-0.011296067251940463f,0.9921031168362545f,0.12491518894205247f,1.3124280218400664f,0.06556314846402234f,0.1253891941476059f,-0.9899388988995728f,-0.8791549653548107f,0f,0f,0f,1f], start_interpolation: 0, interpolation_duration: 1 }
$data merge entity $(bone_body) { transformation: [-0.9990482215818578f,0.0006619762625019169f,-0.043614363936151895f,0.06250000000000011f,0f,0.9998848349441062f,0.015176193488402507f,0.6875f,0.043619387365335875f,0.015161749114970695f,-0.9989331661375787f,-0.875f,0f,0f,0f,1f], start_interpolation: 0, interpolation_duration: 1 }
$data merge entity $(text_display_text) { transformation: [-2f,0f,7.347880794884119e-16f,6.888638245203862e-17f,0f,2f,0f,2.375f,-7.347880794884119e-16f,0f,-2f,-0.5625f,0f,0f,0f,1f], start_interpolation: 0, interpolation_duration: 1 }
data modify entity @s data merge value {"locators":{},"cameras":{"camera":{"posx":-0.9999999999999996,"posy":1.696875,"posz":-3.25,"roty":344.8096531210887,"rotx":5.4975596185211515}}}