# This file was generated by Animated Java via MC-Build. It is not recommended to edit this file directly.
$data merge entity $(bone_left_eye) { transformation: [-0.998938051082857f,0.0103721243256863f,-0.044890858042100024f,0.20174153875320538f,-0.000103352695092175f,0.9738238777897956f,0.22730385910640744f,1.6240336074846928f,0.046073413342229017f,0.2270671136105306f,-0.972788654590286f,-0.5680026392521483f,0f,0f,0f,1f], start_interpolation: 0, interpolation_duration: 1 }
$data merge entity $(bone_right_eye) { transformation: [-0.998938051082857f,0.0103721243256863f,-0.044890858042100024f,-0.04799297401750888f,-0.000103352695092175f,0.9738238777897956f,0.22730385910640744f,1.6240077693109198f,0.046073413342229017f,0.2270671136105306f,-0.972788654590286f,-0.5564842859165912f,0f,0f,0f,1f], start_interpolation: 0, interpolation_duration: 1 }
$data merge entity $(bone_right_close) { transformation: [-0.998938051082857f,0.0103721243256863f,-0.044890858042100024f,-0.04734471624715349f,-0.000103352695092175f,0.9738238777897956f,0.22730385910640744f,1.684871761672782f,0.046073413342229017f,0.2270671136105306f,-0.972788654590286f,-0.542292591315933f,0f,0f,0f,1f], start_interpolation: 0, interpolation_duration: 1 }
$data merge entity $(bone_left_close) { transformation: [-0.998938051082857f,0.0103721243256863f,-0.044890858042100024f,0.20238979652356076f,-0.000103352695092175f,0.9738238777897956f,0.22730385910640744f,1.684897599846555f,0.046073413342229017f,0.2270671136105306f,-0.972788654590286f,-0.5538109446514902f,0f,0f,0f,1f], start_interpolation: 0, interpolation_duration: 1 }
$data merge entity $(bone_left_eyebrow) { transformation: [-0.998938051082857f,0.0103721243256863f,-0.044890858042100024f,0.20213329909404626f,-0.000103352695092175f,0.9738238777897956f,0.22730385910640744f,1.6605377964106163f,0.046073413342229017f,0.2270671136105306f,-0.972788654590286f,-0.5594268232008416f,0f,0f,0f,1f], start_interpolation: 0, interpolation_duration: 1 }
$data merge entity $(bone_right_eyebrow) { transformation: [-0.998938051082857f,0.0103721243256863f,-0.044890858042100024f,-0.047601213676668f,-0.000103352695092175f,0.9738238777897956f,0.22730385910640744f,1.660511958236843f,0.046073413342229017f,0.2270671136105306f,-0.972788654590286f,-0.5479084698652843f,0f,0f,0f,1f], start_interpolation: 0, interpolation_duration: 1 }
$data merge entity $(bone_talking) { transformation: [-0.998938051082857f,0.0103721243256863f,-0.044890858042100024f,0.06025285814827042f,-0.000103352695092175f,0.9738238777897956f,0.22730385910640744f,1.4515971749211096f,0.046073413342229017f,0.2270671136105306f,-0.972788654590286f,-0.9230066955464667f,0f,0f,0f,1f], start_interpolation: 0, interpolation_duration: 1 }
$data merge entity $(bone_m_opened) { transformation: [-0.998938051082857f,0.0103721243256863f,-0.044890858042100024f,0.06025285814827042f,-0.000103352695092175f,0.9738238777897956f,0.22730385910640744f,1.4515971749211096f,0.046073413342229017f,0.2270671136105306f,-0.972788654590286f,-0.9230066955464667f,0f,0f,0f,1f], start_interpolation: 0, interpolation_duration: 1 }
$data merge entity $(bone_head) { transformation: [-0.998938051082857f,0.0103721243256863f,-0.044890858042100024f,0.06305853677590167f,-0.000103352695092175f,0.9738238777897956f,0.22730385910640744f,1.4373906837269592f,0.046073413342229017f,0.2270671136105306f,-0.972788654590286f,-0.8622074046345739f,0f,0f,0f,1f], start_interpolation: 0, interpolation_duration: 1 }
$data merge entity $(item_display_r_item) { transformation: [-0.3998576776404002f,-0.031528151495282736f,-0.17471709502883886f,-0.008649315174247219f,-0.12300632771081717f,0.359660217526748f,0.21661075982441724f,1.1057250226499884f,0.1280216035484826f,0.24709664828140188f,-0.3375795690396152f,-0.29785287574491237f,0f,0f,0f,1f], start_interpolation: 0, interpolation_duration: 1 }
$data merge entity $(bone_rightarm) { transformation: [-0.9139604060352005f,-0.39935336006591743f,0.07206434627493187f,-0.2492371219310791f,-0.2811573204818678f,0.49511030817009677f,-0.8220804972039952f,1.3124089031057995f,0.29262080811081737f,-0.7716104435191204f,-0.5647923389289188f,-0.8507084453104775f,0f,0f,0f,1f], start_interpolation: 0, interpolation_duration: 1 }
$data merge entity $(item_display_l_item) { transformation: [-0.4365854639544918f,0.02825482486899538f,-0.0010234917017387794f,0.3847029546654932f,-0.004561174047454259f,-0.054755604638771396f,0.43403602321921547f,0.6767129828958427f,0.0279030169506804f,0.43313939861465495f,0.0549357170953933f,-0.832696044374473f,0f,0f,0f,1f], start_interpolation: 0, interpolation_duration: 1 }
$data merge entity $(bone_leftarm) { transformation: [-0.9979096318959814f,-0.002339409603974338f,-0.06458245684341801f,0.375168016557582f,-0.010425540679895448f,0.9920823387867782f,0.12515566774576342f,1.3124089031057995f,0.06377832445869806f,0.1255673533608992f,-0.9900329111192113f,-0.8779705624138124f,0f,0f,0f,1f], start_interpolation: 0, interpolation_duration: 1 }
$data merge entity $(bone_body) { transformation: [-0.9990482215818578f,0.0007447157012020812f,-0.04361302962019041f,0.06250000000000011f,0f,0.999854244969279f,0.01707304357497472f,0.6875f,0.043619387365335875f,0.01705679382056806f,-0.9989026052776294f,-0.875f,0f,0f,0f,1f], start_interpolation: 0, interpolation_duration: 1 }
$data merge entity $(text_display_text) { transformation: [-2f,0f,7.347880794884119e-16f,6.888638245203862e-17f,0f,2f,0f,2.3750000000000004f,-7.347880794884119e-16f,0f,-2f,-0.5625f,0f,0f,0f,1f], start_interpolation: 0, interpolation_duration: 1 }
data modify entity @s data merge value {"locators":{},"cameras":{"camera":{"posx":-0.9999999999999996,"posy":1.7026041666666667,"posz":-3.25,"roty":345.0631149425784,"rotx":5.515943174288266}}}