# This file was generated by Animated Java via MC-Build. It is not recommended to edit this file directly.
$data merge entity $(bone_left_eye) { transformation: [-0.9990482215818578f,0.003042734649484883f,-0.043513132730016654f,0.19901999454260771f,0f,0.9975640502598242f,0.0697564737441253f,1.6694518941289247f,0.043619387365335875f,0.06969008103788994f,-0.9966145903260724f,-0.6138762555796766f,0f,0f,0f,1f], start_interpolation: 0, interpolation_duration: 1 }
$data merge entity $(bone_right_eye) { transformation: [-0.9990482215818578f,0.003042734649484883f,-0.043513132730016654f,-0.050742060852856735f,0f,0.9975640502598242f,0.0697564737441253f,1.6694518941289247f,0.043619387365335875f,0.06969008103788994f,-0.9966145903260724f,-0.6029714087383427f,0f,0f,0f,1f], start_interpolation: 0, interpolation_duration: 1 }
$data merge entity $(bone_right_close) { transformation: [-0.9990482215818578f,0.003042734649484883f,-0.043513132730016654f,-0.05055188993726392f,0f,0.9975640502598242f,0.0697564737441253f,1.7317996472701638f,0.043619387365335875f,0.06969008103788994f,-0.9966145903260724f,-0.5986157786734745f,0f,0f,0f,1f], start_interpolation: 0, interpolation_duration: 1 }
$data merge entity $(bone_left_close) { transformation: [-0.9990482215818578f,0.003042734649484883f,-0.043513132730016654f,0.19921016545820053f,0f,0.9975640502598242f,0.0697564737441253f,1.7317996472701638f,0.043619387365335875f,0.06969008103788994f,-0.9966145903260724f,-0.6095206255148085f,0f,0f,0f,1f], start_interpolation: 0, interpolation_duration: 1 }
$data merge entity $(bone_left_eyebrow) { transformation: [-0.9990482215818578f,0.003042734649484883f,-0.043513132730016654f,0.19913681666275904f,0f,0.9975640502598242f,0.0697564737441253f,1.7068561862340592f,0.043619387365335875f,0.06969008103788994f,-0.9966145903260724f,-0.6112005891288604f,0f,0f,0f,1f], start_interpolation: 0, interpolation_duration: 1 }
$data merge entity $(bone_right_eyebrow) { transformation: [-0.9990482215818578f,0.003042734649484883f,-0.043513132730016654f,-0.05062523873270541f,0f,0.9975640502598242f,0.0697564737441253f,1.7068561862340592f,0.043619387365335875f,0.06969008103788994f,-0.9966145903260724f,-0.6002957422875265f,0f,0f,0f,1f], start_interpolation: 0, interpolation_duration: 1 }
$data merge entity $(bone_talking) { transformation: [-0.9990482215818578f,0.003042734649484883f,-0.043513132730016654f,0.05978042920437407f,0f,0.9975640502598242f,0.0697564737441253f,1.4418597796090078f,0.043619387365335875f,0.06969008103788994f,-0.9966145903260724f,-0.9372884118953797f,0f,0f,0f,1f], start_interpolation: 0, interpolation_duration: 1 }
$data merge entity $(bone_m_opened) { transformation: [-0.9990482215818578f,0.003042734649484883f,-0.043513132730016654f,0.05978042920437407f,0f,0.9975640502598242f,0.0697564737441253f,1.4418597796090078f,0.043619387365335875f,0.06969008103788994f,-0.9966145903260724f,-0.9372884118953797f,0f,0f,0f,1f], start_interpolation: 0, interpolation_duration: 1 }
$data merge entity $(bone_head) { transformation: [-0.9990482215818578f,0.003042734649484883f,-0.043513132730016654f,0.06250000000000011f,0f,0.9975640502598242f,0.0697564737441253f,1.4375f,0.043619387365335875f,0.06969008103788994f,-0.9966145903260724f,-0.8750000000000002f,0f,0f,0f,1f], start_interpolation: 0, interpolation_duration: 1 }
$data merge entity $(item_display_r_item) { transformation: [-0.4370835969420628f,0.019083481972334445f,-4.237384215140959e-18f,-0.24425014582366344f,0f,9.71445146547012e-17f,0.4375f,0.6875f,0.019083481972334445f,0.4370835969420628f,-9.705205460221195e-17f,-0.7364879137506005f,0f,0f,0f,1f], start_interpolation: 0, interpolation_duration: 1 }
$data merge entity $(bone_rightarm) { transformation: [-0.9990482215818578f,0f,-0.043619387365335875f,-0.24970256924433043f,0f,1f,0f,1.3125f,0.043619387365335875f,0f,-0.9990482215818578f,-0.8613689414483328f,0f,0f,0f,1f], start_interpolation: 0, interpolation_duration: 1 }
$data merge entity $(item_display_l_item) { transformation: [-0.4367390784658912f,0.02571467506605775f,-0.001995702134893572f,0.3849006223130522f,-0.0031895558262216308f,-0.020254715427586552f,0.4370192481305359f,0.6823997268342097f,0.02559402419307223f,0.4362737122371626f,0.02040695803910711f,-0.7931342236826315f,0f,0f,0f,1f], start_interpolation: 0, interpolation_duration: 1 }
$data merge entity $(bone_leftarm) { transformation: [-0.9982607507791799f,-0.004561604879756723f,-0.058776400150989144f,0.37470256924433065f,-0.007290413317078013f,0.998901138584082f,0.04629649240591234f,1.3125f,0.058500626727022234f,0.046644475517959326f,-0.9971970565420859f,-0.8886310585516677f,0f,0f,0f,1f], start_interpolation: 0, interpolation_duration: 1 }
$data merge entity $(bone_body) { transformation: [-0.9990482215818578f,0f,-0.043619387365335875f,0.06250000000000011f,0f,1f,0f,0.6875f,0.043619387365335875f,0f,-0.9990482215818578f,-0.8750000000000002f,0f,0f,0f,1f], start_interpolation: 0, interpolation_duration: 1 }
$data merge entity $(bone_leftleg) { transformation: [-0.9952465390275879f,-0.04345342161151017f,-0.0871557611627618f,0.18738102769773235f,-0.043619410209978775f,0.9990482205844381f,4.023395993387087e-8f,0.75f,0.08707280635503623f,0.003801722941030819f,-0.9961946964806317f,-0.8804524234206672f,0f,0f,0f,1f], start_interpolation: 0, interpolation_duration: 1 }
$data merge entity $(bone_rightleg) { transformation: [-0.9990482205844388f,0.04361941020997806f,1.848544667337748e-8f,-0.062381027697732114f,0.043619410209978775f,0.9990482205844381f,4.023395993387087e-8f,0.75f,-1.671287099686003e-8f,4.1001990360020266e-8f,-0.999999999999999f,-0.8695475765793332f,0f,0f,0f,1f], start_interpolation: 0, interpolation_duration: 1 }
$data merge entity $(text_display_text) { transformation: [-2f,0f,7.347880794884119e-16f,6.888638245203862e-17f,0f,2f,0f,2.889419979009647f,-7.347880794884119e-16f,0f,-2f,-0.5625f,0f,0f,0f,1f], start_interpolation: 0, interpolation_duration: 1 }
data modify entity @s data merge value {"locators":{},"cameras":{"camera":{"posx":-0.9999999999999996,"posy":1.2958333333333334,"posz":-3.25,"roty":342.45423976311804,"rotx":0.45056148658935696}}}