# This file was generated by Animated Java via MC-Build. It is not recommended to edit this file directly.
$data merge entity $(bone_left_eye) { transformation: [-0.9989256682326888f,0.009960590631619685f,-0.04525810402729762f,0.20179097153858178f,-0.0001198040462155086f,0.9760688786866537f,0.2174615591463672f,1.6270318477981158f,0.04634107241817903f,0.21723335538919372f,-0.9750190635641364f,-0.5685156964595595f,0f,0f,0f,1f], start_interpolation: 0, interpolation_duration: 1 }
$data merge entity $(bone_right_eye) { transformation: [-0.9989256682326888f,0.009960590631619685f,-0.04525810402729762f,-0.047940445519590424f,-0.0001198040462155086f,0.9760688786866537f,0.2174615591463672f,1.6270018967865618f,0.04634107241817903f,0.21723335538919372f,-0.9750190635641364f,-0.5569304283550147f,0f,0f,0f,1f], start_interpolation: 0, interpolation_duration: 1 }
$data merge entity $(bone_right_close) { transformation: [-0.9989256682326888f,0.009960590631619685f,-0.04525810402729762f,-0.0473179086051142f,-0.0001198040462155086f,0.9760688786866537f,0.2174615591463672f,1.6880062017044777f,0.04634107241817903f,0.21723335538919372f,-0.9750190635641364f,-0.5433533436431901f,0f,0f,0f,1f], start_interpolation: 0, interpolation_duration: 1 }
$data merge entity $(bone_left_close) { transformation: [-0.9989256682326888f,0.009960590631619685f,-0.04525810402729762f,0.202413508453058f,-0.0001198040462155086f,0.9760688786866537f,0.2174615591463672f,1.6880361527160317f,0.04634107241817903f,0.21723335538919372f,-0.9750190635641364f,-0.5549386117477348f,0f,0f,0f,1f], start_interpolation: 0, interpolation_duration: 1 }
$data merge entity $(bone_left_eyebrow) { transformation: [-0.9989256682326888f,0.009960590631619685f,-0.04525810402729762f,0.20216732231876922f,-0.0001198040462155086f,0.9760688786866537f,0.2174615591463672f,1.6636208394014187f,0.04634107241817903f,0.21723335538919372f,-0.9750190635641364f,-0.5603085069409919f,0f,0f,0f,1f], start_interpolation: 0, interpolation_duration: 1 }
$data merge entity $(bone_right_eyebrow) { transformation: [-0.9989256682326888f,0.009960590631619685f,-0.04525810402729762f,-0.047564094739402984f,-0.0001198040462155086f,0.9760688786866537f,0.2174615591463672f,1.663590888389865f,0.04634107241817903f,0.21723335538919372f,-0.9750190635641364f,-0.548723238836447f,0f,0f,0f,1f], start_interpolation: 0, interpolation_duration: 1 }
$data merge entity $(bone_talking) { transformation: [-0.9989256682326888f,0.009960590631619685f,-0.04525810402729762f,0.06029195784306025f,-0.0001198040462155086f,0.9760688786866537f,0.2174615591463672f,1.4509563898539153f,0.04634107241817903f,0.21723335538919372f,-0.9750190635641364f,-0.9217248586183782f,0f,0f,0f,1f], start_interpolation: 0, interpolation_duration: 1 }
$data merge entity $(bone_m_opened) { transformation: [-0.9989256682326888f,0.009960590631619685f,-0.04525810402729762f,0.06029195784306025f,-0.0001198040462155086f,0.9760688786866537f,0.2174615591463672f,1.4509563898539153f,0.04634107241817903f,0.21723335538919372f,-0.9750190635641364f,-0.9217248586183782f,0f,0f,0f,1f], start_interpolation: 0, interpolation_duration: 1 }
$data merge entity $(bone_head) { transformation: [-0.9989256682326888f,0.009960590631619685f,-0.04525810402729762f,0.06312058934476635f,-0.0001198040462155086f,0.9760688786866537f,0.2174615591463672f,1.4373650424072673f,0.04634107241817903f,0.21723335538919372f,-0.9750190635641364f,-0.8607861671456196f,0f,0f,0f,1f], start_interpolation: 0, interpolation_duration: 1 }
$data merge entity $(item_display_r_item) { transformation: [-0.4045715327689335f,-0.017804612462475788f,-0.16556304131072508f,-0.017753813145268194f,-0.11517464019148871f,0.3440788512727891f,0.2444397601937112f,1.0614961211405989f,0.12026191055258068f,0.2696275020873408f,-0.3228689099129617f,-0.31124635169287773f,0f,0f,0f,1f], start_interpolation: 0, interpolation_duration: 1 }
$data merge entity $(bone_rightarm) { transformation: [-0.9247349320432765f,-0.37842980871022874f,0.04069625705708743f,-0.24918541145702522f,-0.2632563204376885f,0.5587194518713401f,-0.786465945766375f,1.3123875353393895f,0.27488436697732727f,-0.7379860798010551f,-0.6162914333424935f,-0.8495240807363489f,0f,0f,0f,1f], start_interpolation: 0, interpolation_duration: 1 }
$data merge entity $(item_display_l_item) { transformation: [-0.43664127760297067f,0.02738825163437355f,-0.0007268876514122311f,0.3840833527149029f,-0.004155202639220555f,-0.05472535624068385f,0.43404391445492846f,0.6766889843350106f,0.027080970888661942f,0.4331988793345875f,0.054878064460993574f,-0.8314123244026498f,0f,0f,0f,1f], start_interpolation: 0, interpolation_duration: 1 }
$data merge entity $(bone_leftarm) { transformation: [-0.9980372059496473f,-0.0016614574889422286f,-0.06260171802142525f,0.37521972703163586f,-0.009497606032504127f,0.9921003758969793f,0.12508652855013475f,1.3123875353393895f,0.0618993620312273f,0.12543557591084267f,-0.9901688670504857f,-0.8767861978396838f,0f,0f,0f,1f], start_interpolation: 0, interpolation_duration: 1 }
$data merge entity $(bone_body) { transformation: [-0.9990482215818578f,0.0008274524596883109f,-0.04361153834198215f,0.06250000000000011f,0f,0.9998200565430232f,0.01896983221607288f,0.6875f,0.043619387365335875f,0.018951777139173846f,-0.9988684493911798f,-0.875f,0f,0f,0f,1f], start_interpolation: 0, interpolation_duration: 1 }
$data merge entity $(text_display_text) { transformation: [-2f,0f,7.347880794884119e-16f,6.888638245203861e-17f,0f,2f,0f,2.375f,-7.347880794884119e-16f,0f,-2f,-0.5624999999999999f,0f,0f,0f,1f], start_interpolation: 0, interpolation_duration: 1 }
data modify entity @s data merge value {"locators":{},"cameras":{"camera":{"posx":-0.9999999999999996,"posy":1.7083333333333333,"posz":-3.25,"roty":345.31802542451584,"rotx":5.532975330386247}}}