# This file was generated by Animated Java via MC-Build. It is not recommended to edit this file directly.
$data merge entity $(bone_left_eye) { transformation: [-0.9991861522483688f,0.008238999147516468f,-0.039486099429375955f,0.1999147126664621f,-0.0001352066956634687f,0.9782277625298482f,0.2075341570320325f,1.6300270045526986f,0.04033627243869702f,0.2073705946099738f,-0.9774305200968798f,-0.5651256467891654f,0f,0f,0f,1f], start_interpolation: 0, interpolation_duration: 1 }
$data merge entity $(bone_right_eye) { transformation: [-0.9991861522483688f,0.008238999147516468f,-0.039486099429375955f,-0.04988182539563009f,-0.0001352066956634687f,0.9782277625298482f,0.2075341570320325f,1.6299932028787827f,0.04033627243869702f,0.2073705946099738f,-0.9774305200968798f,-0.5550415786794911f,0f,0f,0f,1f], start_interpolation: 0, interpolation_duration: 1 }
$data merge entity $(bone_right_close) { transformation: [-0.9991861522483688f,0.008238999147516468f,-0.039486099429375955f,-0.04936688794891031f,-0.0001352066956634687f,0.9782277625298482f,0.2075341570320325f,1.6911324380368982f,0.04033627243869702f,0.2073705946099738f,-0.9774305200968798f,-0.5420809165163678f,0f,0f,0f,1f], start_interpolation: 0, interpolation_duration: 1 }
$data merge entity $(bone_left_close) { transformation: [-0.9991861522483688f,0.008238999147516468f,-0.039486099429375955f,0.2004296501131819f,-0.0001352066956634687f,0.9782277625298482f,0.2075341570320325f,1.691166239710814f,0.04033627243869702f,0.2073705946099738f,-0.9774305200968798f,-0.5521649846260421f,0f,0f,0f,1f], start_interpolation: 0, interpolation_duration: 1 }
$data merge entity $(bone_left_eyebrow) { transformation: [-0.9991861522483688f,0.008238999147516468f,-0.039486099429375955f,0.20022614301570832f,-0.0001352066956634687f,0.9782277625298482f,0.2075341570320325f,1.6666975747627535f,0.04033627243869702f,0.2073705946099738f,-0.9774305200968798f,-0.5572881600837852f,0f,0f,0f,1f], start_interpolation: 0, interpolation_duration: 1 }
$data merge entity $(bone_right_eyebrow) { transformation: [-0.9991861522483688f,0.008238999147516468f,-0.039486099429375955f,-0.04957039504638387f,-0.0001352066956634687f,0.9782277625298482f,0.2075341570320325f,1.6666637730888376f,0.04033627243869702f,0.2073705946099738f,-0.9774305200968798f,-0.547204091974111f,0f,0f,0f,1f], start_interpolation: 0, interpolation_duration: 1 }
$data merge entity $(bone_talking) { transformation: [-0.9991861522483688f,0.008238999147516468f,-0.039486099429375955f,0.060617287776856904f,-0.0001352066956634687f,0.9782277625298482f,0.2075341570320325f,1.4503075871557887f,0.04033627243869702f,0.2073705946099738f,-0.9774305200968798f,-0.9173732989170966f,0f,0f,0f,1f], start_interpolation: 0, interpolation_duration: 1 }
$data merge entity $(bone_m_opened) { transformation: [-0.9991861522483688f,0.008238999147516468f,-0.039486099429375955f,0.060617287776856904f,-0.0001352066956634687f,0.9782277625298482f,0.2075341570320325f,1.4503075871557887f,0.04033627243869702f,0.2073705946099738f,-0.9774305200968798f,-0.9173732989170966f,0f,0f,0f,1f], start_interpolation: 0, interpolation_duration: 1 }
$data merge entity $(bone_head) { transformation: [-0.9991861522483688f,0.008238999147516468f,-0.039486099429375955f,0.0630851689911929f,-0.0001352066956634687f,0.9782277625298482f,0.2075341570320325f,1.4373367023412866f,0.04033627243869702f,0.2073705946099738f,-0.9774305200968798f,-0.8562838914110417f,0f,0f,0f,1f], start_interpolation: 0, interpolation_duration: 1 }
$data merge entity $(item_display_r_item) { transformation: [-0.40968285265189386f,-0.0072610047941968105f,-0.15334108403290111f,-0.03230971074314937f,-0.10714688615735285f,0.32648123213814556f,0.2708058342213875f,1.0187787931980838f,0.10993523106716001f,0.29114177452048506f,-0.307501157882817f,-0.32473490573506736f,0f,0f,0f,1f], start_interpolation: 0, interpolation_duration: 1 }
$data merge entity $(bone_rightarm) { transformation: [-0.9364179489186145f,-0.3504939063609168f,0.01659658238673549f,-0.24929382942038042f,-0.24490716835966364f,0.6189847639346001f,-0.7462428163157612f,1.3123639186177387f,0.2512805281535086f,-0.7028597894464388f,-0.6654669131896803f,-0.8472056382878017f,0f,0f,0f,1f], start_interpolation: 0, interpolation_duration: 1 }
$data merge entity $(item_display_l_item) { transformation: [-0.43685195698835794f,0.02379150178783143f,-0.0007629666581733214f,0.3831566353805681f,-0.003731274977737739f,-0.054592520127302355f,0.4340644932877954f,0.6766739224559446f,0.023509471761023866f,0.4334280461493345f,0.054714564319639065f,-0.8249022134101798f,0f,0f,0f,1f], start_interpolation: 0, interpolation_duration: 1 }
$data merge entity $(bone_leftarm) { transformation: [-0.9985187588305324f,-0.0017439237901104368f,-0.05438057551504327f,0.37526911107236866f,-0.008528628520543403f,0.9921474132292466f,0.12478290314811989f,1.3123639186177387f,0.053735935453768834f,0.12506186130203237f,-0.9906926769127646f,-0.8705751347105052f,0f,0f,0f,1f], start_interpolation: 0, interpolation_duration: 1 }
$data merge entity $(bone_body) { transformation: [-0.9993007047883985f,0.0007802253215903838f,-0.037383053083683074f,0.06250000000000011f,0f,0.999782269788382f,0.020866552585200225f,0.6875f,0.03739119427632551f,0.020851960704894763f,-0.999083126834475f,-0.8719228619397127f,0f,0f,0f,1f], start_interpolation: 0, interpolation_duration: 1 }
$data merge entity $(bone_leftleg) { transformation: [-0.9961763321455608f,-0.04169417661746769f,-0.07677441572039972f,0.18741258809854994f,-0.04027162789943073f,0.9989888764429439f,-0.01998551299302541f,0.7589285714285714f,0.07753006680860752f,-0.016817264327351353f,-0.9968481671554583f,-0.8765967612242533f,0f,0f,0f,1f], start_interpolation: 0, interpolation_duration: 1 }
$data merge entity $(bone_rightleg) { transformation: [-0.9991846502259427f,0.04020497873777797f,0.0036870635409953986f,-0.0624125880985497f,0.04027162789943072f,0.9989834301068001f,0.020255921563377383f,0.75f,-0.0028689264874356205f,0.020387889953271888f,-0.9997880291362078f,-0.867248962655172f,0f,0f,0f,1f], start_interpolation: 0, interpolation_duration: 1 }
$data merge entity $(text_display_text) { transformation: [-2f,0f,7.347880794884119e-16f,6.888638245203862e-17f,0f,2f,0f,2.3750000000000004f,-7.347880794884119e-16f,0f,-2f,-0.5625f,0f,0f,0f,1f], start_interpolation: 0, interpolation_duration: 1 }
data modify entity @s data merge value {"locators":{},"cameras":{"camera":{"posx":-0.9999999999999996,"posy":1.7140624999999998,"posz":-3.25,"roty":345.5731005771737,"rotx":5.548642049119488}}}