# This file was generated by Animated Java via MC-Build. It is not recommended to edit this file directly.
$data merge entity $(bone_left_eye) { transformation: [-0.9994125075226767f,0.006627462495127346f,-0.03362612894924591f,0.19802196366996624f,-0.00014871759004693973f,0.9802775680219274f,0.19762557404367942f,1.6329872518243296f,0.034272695988411005f,0.19751447130246205f,-0.9797006767047755f,-0.5571869808021694f,0f,0f,0f,1f], start_interpolation: 0, interpolation_duration: 1 }
$data merge entity $(bone_right_eye) { transformation: [-0.9994125075226767f,0.006627462495127346f,-0.03362612894924591f,-0.05183116321070294f,-0.00014871759004693973f,0.9802775680219274f,0.19762557404367942f,1.6329500724268178f,0.034272695988411005f,0.19751447130246205f,-0.9797006767047755f,-0.5486188068050666f,0f,0f,0f,1f], start_interpolation: 0, interpolation_duration: 1 }
$data merge entity $(bone_right_close) { transformation: [-0.9994125075226767f,0.006627462495127346f,-0.03362612894924591f,-0.051416946804757474f,-0.00014871759004693973f,0.9802775680219274f,0.19762557404367942f,1.6942174204281883f,0.034272695988411005f,0.19751447130246205f,-0.9797006767047755f,-0.5362741523486627f,0f,0f,0f,1f], start_interpolation: 0, interpolation_duration: 1 }
$data merge entity $(bone_left_close) { transformation: [-0.9994125075226767f,0.006627462495127346f,-0.03362612894924591f,0.1984361800759117f,-0.00014871759004693973f,0.9802775680219274f,0.19762557404367942f,1.6942545998257001f,0.034272695988411005f,0.19751447130246205f,-0.9797006767047755f,-0.5448423263457656f,0f,0f,0f,1f], start_interpolation: 0, interpolation_duration: 1 }
$data merge entity $(bone_left_eyebrow) { transformation: [-0.9994125075226767f,0.006627462495127346f,-0.03362612894924591f,0.19827259514659284f,-0.00014871759004693973f,0.9802775680219274f,0.19762557404367942f,1.6697353090267744f,0.034272695988411005f,0.19751447130246205f,-0.9797006767047755f,-0.549718956836033f,0f,0f,0f,1f], start_interpolation: 0, interpolation_duration: 1 }
$data merge entity $(bone_right_eyebrow) { transformation: [-0.9994125075226767f,0.006627462495127346f,-0.03362612894924591f,-0.051580531734076326f,-0.00014871759004693973f,0.9802775680219274f,0.19762557404367942f,1.6696981296292626f,0.034272695988411005f,0.19751447130246205f,-0.9797006767047755f,-0.5411507828389301f,0f,0f,0f,1f], start_interpolation: 0, interpolation_duration: 1 }
$data merge entity $(bone_talking) { transformation: [-0.9994125075226767f,0.006627462495127346f,-0.03362612894924591f,0.060930369309210475f,-0.00014871759004693973f,0.9802775680219274f,0.19762557404367942f,1.4496572620087418f,0.034272695988411005f,0.19751447130246205f,-0.9797006767047755f,-0.9084379730994758f,0f,0f,0f,1f], start_interpolation: 0, interpolation_duration: 1 }
$data merge entity $(bone_m_opened) { transformation: [-0.9994125075226767f,0.006627462495127346f,-0.03362612894924591f,0.060930369309210475f,-0.00014871759004693973f,0.9802775680219274f,0.19762557404367942f,1.4496572620087418f,0.034272695988411005f,0.19751447130246205f,-0.9797006767047755f,-0.9084379730994758f,0f,0f,0f,1f], start_interpolation: 0, interpolation_duration: 1 }
$data merge entity $(bone_head) { transformation: [-0.9994125075226767f,0.006627462495127346f,-0.03362612894924591f,0.06303200236853834f,-0.00014871759004693973f,0.9802775680219274f,0.19762557404367942f,1.4373056636310118f,0.034272695988411005f,0.19751447130246205f,-0.9797006767047755f,-0.8472066808054274f,0f,0f,0f,1f], start_interpolation: 0, interpolation_duration: 1 }
$data merge entity $(item_display_r_item) { transformation: [-0.4143786735251217f,0.0015697876203051295f,-0.14033567149655046f,-0.04847686105628321f,-0.09893476137001324f,0.30701645194934457f,0.2955656631361199f,0.9778203776740559f,0.09954133774577843f,0.311680419659726f,-0.2904360309612393f,-0.3363525506970917f,0f,0f,0f,1f], start_interpolation: 0, interpolation_duration: 1 }
$data merge entity $(bone_rightarm) { transformation: [-0.9471512537717067f,-0.3207672491349725f,-0.003588085989268939f,-0.24940490251429964f,-0.22613659741717312f,0.6755786585968457f,-0.7017518901699303f,1.3123380530258433f,0.2275230577046364f,-0.6638537850542612f,-0.7124123877936595f,-0.8403127148302123f,0f,0f,0f,1f], start_interpolation: 0, interpolation_duration: 1 }
$data merge entity $(item_display_l_item) { transformation: [-0.4370336645455026f,0.020179221280704773f,-0.0007906215488187552f,0.3821865242784726f,-0.0032966631799751273f,-0.05439006580177297f,0.43409342629664016f,0.6766645680872793f,0.019923806508970646f,0.433636679457104f,0.05448414598403777f,-0.8137269827029805f,0f,0f,0f,1f], start_interpolation: 0, interpolation_duration: 1 }
$data merge entity $(bone_leftarm) { transformation: [-0.9989340903897201f,-0.0018071349687285732f,-0.04612393435589662f,0.3752915731285302f,-0.007535230125657434f,0.9922135458208918f,0.12432015040405273f,1.3123380530258433f,0.045540129163361476f,0.12453519082065799f,-0.9911695530448091f,-0.8597886825706704f,0f,0f,0f,1f], start_interpolation: 0, interpolation_duration: 1 }
$data merge entity $(bone_body) { transformation: [-0.9995143610285276f,0.0007093364913842872f,-0.03115347395517949f,0.06250000000000012f,0f,0.9997408848413492f,0.022763197856105664f,0.6875f,0.031161548384733003f,0.022752143160111402f,-0.999255371706296f,-0.864270788175511f,0f,0f,0f,1f], start_interpolation: 0, interpolation_duration: 1 }
$data merge entity $(bone_leftleg) { transformation: [-0.9970033810665726f,-0.03952920872345772f,-0.06649586302560391f,0.18743929512856608f,-0.03692203261354846f,0.998517651896447f,-0.039990778423156195f,0.7678571428571428f,0.06797809683645627f,-0.037415778876073474f,-0.9969849737290879f,-0.8681659817236026f,0f,0f,0f,1f], start_interpolation: 0, interpolation_duration: 1 }
$data merge entity $(bone_rightleg) { transformation: [-0.9993016646039765f,0.03665840574146922f,0.00723494355303406f,-0.06243929512856583f,0.03692203261354847f,0.998497687548817f,0.040486188599932076f,0.75f,-0.005739915278628778f,0.04072504448320496f,-0.9991539041231011f,-0.8603755946274193f,0f,0f,0f,1f], start_interpolation: 0, interpolation_duration: 1 }
$data merge entity $(text_display_text) { transformation: [-2f,0f,7.347880794884119e-16f,6.888638245203862e-17f,0f,2f,0f,2.375f,-7.347880794884119e-16f,0f,-2f,-0.5625f,0f,0f,0f,1f], start_interpolation: 0, interpolation_duration: 1 }
data modify entity @s data merge value {"locators":{},"cameras":{"camera":{"posx":-0.9999999999999996,"posy":1.7197916666666666,"posz":-3.25,"roty":345.82705637585156,"rotx":5.562929114017303}}}