# This file was generated by Animated Java via MC-Build. It is not recommended to edit this file directly.
$data merge entity $(bone_left_eye) { transformation: [-0.9996040278489522f,0.005129007859399675f,-0.027667323443538113f,0.19611067498551488f,-0.00015940054101577203f,0.9821995143992426f,0.1878405933374351f,1.6358815817212298f,0.02813826753051192f,0.18777062387996254f,-0.98180977317814f,-0.5460458724184045f,0f,0f,0f,1f], start_interpolation: 0, interpolation_duration: 1 }
$data merge entity $(bone_right_eye) { transformation: [-0.9996040278489522f,0.005129007859399675f,-0.027667323443538113f,-0.053790331976723185f,-0.00015940054101577203f,0.9821995143992426f,0.1878405933374351f,1.635841731585976f,0.02813826753051192f,0.18777062387996254f,-0.98180977317814f,-0.5390113055357766f,0f,0f,0f,1f], start_interpolation: 0, interpolation_duration: 1 }
$data merge entity $(bone_right_close) { transformation: [-0.9996040278489522f,0.005129007859399675f,-0.027667323443538113f,-0.0534697689855107f,-0.00015940054101577203f,0.9821995143992426f,0.1878405933374351f,1.6972292012359287f,0.02813826753051192f,0.18777062387996254f,-0.98180977317814f,-0.5272756415432789f,0f,0f,0f,1f], start_interpolation: 0, interpolation_duration: 1 }
$data merge entity $(bone_left_close) { transformation: [-0.9996040278489522f,0.005129007859399675f,-0.027667323443538113f,0.19643123797672735f,-0.00015940054101577203f,0.9821995143992426f,0.1878405933374351f,1.6972690513711826f,0.02813826753051192f,0.18777062387996254f,-0.98180977317814f,-0.5343102084259068f,0f,0f,0f,1f], start_interpolation: 0, interpolation_duration: 1 }
$data merge entity $(bone_left_eyebrow) { transformation: [-0.9996040278489522f,0.005129007859399675f,-0.027667323443538113f,0.19630474198795755f,-0.00015940054101577203f,0.9821995143992426f,0.1878405933374351f,1.6727023234741178f,0.02813826753051192f,0.18777062387996254f,-0.98180977317814f,-0.5389431109120822f,0f,0f,0f,1f], start_interpolation: 0, interpolation_duration: 1 }
$data merge entity $(bone_right_eyebrow) { transformation: [-0.9996040278489522f,0.005129007859399675f,-0.027667323443538113f,-0.05359626497428048f,-0.00015940054101577203f,0.9821995143992426f,0.1878405933374351f,1.672662473338864f,0.02813826753051192f,0.18777062387996254f,-0.98180977317814f,-0.5319085440294543f,0f,0f,0f,1f], start_interpolation: 0, interpolation_duration: 1 }
$data merge entity $(bone_talking) { transformation: [-0.9996040278489522f,0.005129007859399675f,-0.027667323443538113f,0.06123188096344026f,-0.00015940054101577203f,0.9821995143992426f,0.1878405933374351f,1.4490119634717407f,0.02813826753051192f,0.18777062387996254f,-0.98180977317814f,-0.89628679906525f,0f,0f,0f,1f], start_interpolation: 0, interpolation_duration: 1 }
$data merge entity $(bone_m_opened) { transformation: [-0.9996040278489522f,0.005129007859399675f,-0.027667323443538113f,0.06123188096344026f,-0.00015940054101577203f,0.9821995143992426f,0.1878405933374351f,1.4490119634717407f,0.02813826753051192f,0.18777062387996254f,-0.98180977317814f,-0.89628679906525f,0f,0f,0f,1f], start_interpolation: 0, interpolation_duration: 1 }
$data merge entity $(bone_head) { transformation: [-0.9996040278489522f,0.005129007859399675f,-0.027667323443538113f,0.06296108867866139f,-0.00015940054101577203f,0.9821995143992426f,0.1878405933374351f,1.437271926388151f,0.02813826753051192f,0.18777062387996254f,-0.98180977317814f,-0.8349236882416162f,0f,0f,0f,1f], start_interpolation: 0, interpolation_duration: 1 }
$data merge entity $(item_display_r_item) { transformation: [-0.418652422049507f,0.008633139188279694f,-0.12673542685388828f,-0.06600140782178357f,-0.09055022224780156f,0.28584353838878646f,0.3185912409534388f,0.9388491768343904f,0.08909016086502043f,0.3310969502564682f,-0.2717425302890783f,-0.34741161579322644f,0f,0f,0f,1f], start_interpolation: 0, interpolation_duration: 1 }
$data merge entity $(bone_rightarm) { transformation: [-0.9569198218274445f,-0.28968097566603035f,-0.01973288957321079f,-0.24951862880970388f,-0.20697193656640356f,0.7282085507507174f,-0.6533566591743689f,1.3123099386567927f,0.20363465340576098f,-0.6211257835178932f,-0.7567930291576417f,-0.8302143591366149f,0f,0f,0f,1f], start_interpolation: 0, interpolation_duration: 1 }
$data merge entity $(item_display_l_item) { transformation: [-0.43718546805076597f,0.01656672809223109f,-0.0008124318745223968f,0.3811810777879043f,-0.0028587508435284773f,-0.054151078537442526f,0.43412640813114134f,0.6766576188873215f,0.01633842308325023f,0.43381961022244f,0.054220399460008624f,-0.7993052949236542f,0f,0f,0f,1f], start_interpolation: 0, interpolation_duration: 1 }
$data merge entity $(bone_leftarm) { transformation: [-0.9992810698303223f,-0.00185698714176547f,-0.037866807067956774f,0.3752871099408063f,-0.006534287642350805f,0.9922889328711803f,0.12377389379986885f,1.3123099386567927f,0.0373449670474291f,0.12393234162287707f,-0.9915876805084343f,-0.8457960414729103f,0f,0f,0f,1f], start_interpolation: 0, interpolation_duration: 1 }
$data merge entity $(bone_body) { transformation: [-0.9996891820008162f,0.0006147849048817015f,-0.024923110360858564f,0.06250000000000011f,0f,0.9996959018508681f,0.024659761202808425f,0.6875f,0.02493069173807269f,0.024652096505171018f,-0.9993851783708626f,-0.8534127606204945f,0f,0f,0f,1f], start_interpolation: 0, interpolation_duration: 1 }
$data merge entity $(bone_leftleg) { transformation: [-0.9977275891813626f,-0.036962362127480705f,-0.05633330784094863f,0.18746114775010214f,-0.033570775146400535f,0.9976332795511543f,-0.06000702115651278f,0.7767857142857144f,0.058417983895508764f,-0.05797950774166107f,-0.996607102041531f,-0.8565290970877536f,0f,0f,0f,1f], start_interpolation: 0, interpolation_duration: 1 }
$data merge entity $(bone_rightleg) { transformation: [-0.9993992313317395f,0.03298436755394924f,0.010639920610334197f,-0.06246114775010192f,0.033570775146400535f,0.9975924568281925f,0.060681901219067094f,0.75f,-0.008612750408438057f,0.06100263581646928f,-0.998100445322937f,-0.8502964241532355f,0f,0f,0f,1f], start_interpolation: 0, interpolation_duration: 1 }
$data merge entity $(text_display_text) { transformation: [-2f,0f,7.347880794884119e-16f,6.888638245203863e-17f,0f,2f,0f,2.375f,-7.347880794884119e-16f,0f,-2f,-0.5625000000000001f,0f,0f,0f,1f], start_interpolation: 0, interpolation_duration: 1 }
data modify entity @s data merge value {"locators":{},"cameras":{"camera":{"posx":-0.9999999999999996,"posy":1.7255208333333334,"posz":-3.25,"roty":346.0786087584406,"rotx":5.575822162379035}}}