# This file was generated by Animated Java via MC-Build. It is not recommended to edit this file directly.
$data merge entity $(bone_left_eye) { transformation: [-0.9997596938925831f,0.0037446421424083484f,-0.021599354690222016f,0.1941783895743241f,-0.00016622624738025788f,0.9839789251872016f,0.17828473618421253f,1.6386798162657934f,0.021920922349285357f,0.17824548365292425f,-0.9837418465840984f,-0.532449478617853f,0f,0f,0f,1f], start_interpolation: 0, interpolation_duration: 1 }
$data merge entity $(bone_right_eye) { transformation: [-0.9997596938925831f,0.0037446421424083484f,-0.021599354690222016f,-0.055761533898821686f,-0.00016622624738025788f,0.9839789251872016f,0.17828473618421253f,1.6386382597039484f,0.021920922349285357f,0.17824548365292425f,-0.9837418465840984f,-0.5269692480305316f,0f,0f,0f,1f], start_interpolation: 0, interpolation_duration: 1 }
$data merge entity $(bone_right_close) { transformation: [-0.9997596938925831f,0.0037446421424083484f,-0.021599354690222016f,-0.055527493764921165f,-0.00016622624738025788f,0.9839789251872016f,0.17828473618421253f,1.7001369425281485f,0.021920922349285357f,0.17824548365292425f,-0.9837418465840984f,-0.5158289053022238f,0f,0f,0f,1f], start_interpolation: 0, interpolation_duration: 1 }
$data merge entity $(bone_left_close) { transformation: [-0.9997596938925831f,0.0037446421424083484f,-0.021599354690222016f,0.19441242970822462f,-0.00016622624738025788f,0.9839789251872016f,0.17828473618421253f,1.7001784990899935f,0.021920922349285357f,0.17824548365292425f,-0.9837418465840984f,-0.5213091358895452f,0f,0f,0f,1f], start_interpolation: 0, interpolation_duration: 1 }
$data merge entity $(bone_left_eyebrow) { transformation: [-0.9997596938925831f,0.0037446421424083484f,-0.021599354690222016f,0.19432016361433252f,-0.00016622624738025788f,0.9839789251872016f,0.17828473618421253f,1.6755678831643022f,0.021920922349285357f,0.17824548365292425f,-0.9837418465840984f,-0.5257037891154567f,0f,0f,0f,1f], start_interpolation: 0, interpolation_duration: 1 }
$data merge entity $(bone_right_eyebrow) { transformation: [-0.9997596938925831f,0.0037446421424083484f,-0.021599354690222016f,-0.05561975985881325f,-0.00016622624738025788f,0.9839789251872016f,0.17828473618421253f,1.6755263266024572f,0.021920922349285357f,0.17824548365292425f,-0.9837418465840984f,-0.5202235585281353f,0f,0f,0f,1f], start_interpolation: 0, interpolation_duration: 1 }
$data merge entity $(bone_talking) { transformation: [-0.9997596938925831f,0.0037446421424083484f,-0.021599354690222016f,0.06152246896145473f,-0.00016622624738025788f,0.9839789251872016f,0.17828473618421253f,1.448378286745637f,0.021920922349285357f,0.17824548365292425f,-0.9837418465840984f,-0.8816900612949541f,0f,0f,0f,1f], start_interpolation: 0, interpolation_duration: 1 }
$data merge entity $(bone_m_opened) { transformation: [-0.9997596938925831f,0.0037446421424083484f,-0.021599354690222016f,0.06152246896145473f,-0.00016622624738025788f,0.9839789251872016f,0.17828473618421253f,1.448378286745637f,0.021920922349285357f,0.17824548365292425f,-0.9837418465840984f,-0.8816900612949541f,0f,0f,0f,1f], start_interpolation: 0, interpolation_duration: 1 }
$data merge entity $(bone_head) { transformation: [-0.9997596938925831f,0.0037446421424083484f,-0.021599354690222016f,0.06287242862959361f,-0.00016622624738025788f,0.9839789251872016f,0.17828473618421253f,1.4372354907341236f,0.021920922349285357f,0.17824548365292425f,-0.9837418465840984f,-0.8202061958834479f,0f,0f,0f,1f], start_interpolation: 0, interpolation_duration: 1 }
$data merge entity $(item_display_r_item) { transformation: [-0.4224981622598957f,0.013893782603239651f,-0.11273205263803535f,-0.0846195639386434f,-0.0820054669564204f,0.2631298990871356f,0.3397705249071104f,0.9020730826265076f,0.07859170615446838f,0.34925043881342194f,-0.2515029318166329f,-0.35860600695907274f,0f,0f,0f,1f], start_interpolation: 0, interpolation_duration: 1 }
$data merge entity $(bone_rightarm) { transformation: [-0.965710085165476f,-0.2576732631726522f,-0.031757217378833545f,-0.24963500559390522f,-0.1874410673289609f,0.7766183426448239f,-0.601439769342024f,1.3122795756117696f,0.17963818549592772f,-0.5748638441523037f,-0.7982867172878216f,-0.8176817492152403f,0f,0f,0f,1f], start_interpolation: 0, interpolation_duration: 1 }
$data merge entity $(item_display_l_item) { transformation: [-0.4373069335503719f,0.012969319593196325f,-0.0008322367812808232f,0.38015014954787574f,-0.002425031967768124f,-0.05390876756974349f,0.43415920351763443f,0.6766496369952222f,0.012767736241240474f,0.4339722243743266f,0.05395686594746962f,-0.7824577136954174f,0f,0f,0f,1f], start_interpolation: 0, interpolation_duration: 1 }
$data merge entity $(bone_leftarm) { transformation: [-0.999558705257993f,-0.0019022555000704463f,-0.02964415907016303f,0.3752557199765613f,-0.005542930212041427f,0.992363893754593f,0.12322004015941392f,1.3122795756117696f,0.02918339712283537f,0.12332997930850222f,-0.9919365128556037f,-0.829368540734554f,0f,0f,0f,1f], start_interpolation: 0, interpolation_duration: 1 }
$data merge entity $(bone_body) { transformation: [-0.9998251609127464f,0.0004965715061246812f,-0.018692271732992285f,0.0625000000000001f,0f,0.9996473209788315f,0.026556235799622477f,0.6875f,0.018698866430902097f,0.02655159273159438f,-0.999472543553656f,-0.8401198904321436f,0f,0f,0f,1f], start_interpolation: 0, interpolation_duration: 1 }
$data merge entity $(bone_leftleg) { transformation: [-0.9983488717975818f,-0.03399788999051839f,-0.04629982350601392f,0.1874781451140934f,-0.030218006366956172f,0.9963346821961943f,-0.0800254531022176f,0.7857142857142858f,0.048850816489614854f,-0.07849423245819556f,-0.9957169543595694f,-0.8424572487360064f,0f,0f,0f,1f], start_interpolation: 0, interpolation_duration: 1 }
$data merge entity $(bone_rightleg) { transformation: [-0.9994773215819465f,0.02918763332461304f,0.013898406537670778f,-0.062478145114093206f,0.030218006366956176f,0.9962693951703643f,0.0808341780318392f,0.75f,-0.011487198726627287f,0.08121190988878675f,-0.996630658748581f,-0.8377825321282809f,0f,0f,0f,1f], start_interpolation: 0, interpolation_duration: 1 }
$data merge entity $(text_display_text) { transformation: [-2f,0f,7.347880794884119e-16f,6.888638245203862e-17f,0f,2f,0f,2.375f,-7.347880794884119e-16f,0f,-2f,-0.5625f,0f,0f,0f,1f], start_interpolation: 0, interpolation_duration: 1 }
data modify entity @s data merge value {"locators":{},"cameras":{"camera":{"posx":-0.9999999999999996,"posy":1.7312500000000002,"posz":-3.25,"roty":346.32647362338963,"rotx":5.587306718663424}}}