# This file was generated by Animated Java via MC-Build. It is not recommended to edit this file directly.
$data merge entity $(bone_left_eye) { transformation: [-0.9998781640717501f,0.002473223629954557f,-0.015412338478721786f,0.19222218547170522f,-0.0001680723179785789f,0.9856050393069694f,0.1690641246521658f,1.6413525945035086f,0.015608611860200223f,0.16904611695505867f,-0.9854845415216894f,-0.516930313029917f,0f,0f,0f,1f], start_interpolation: 0, interpolation_duration: 1 }
$data merge entity $(bone_right_eye) { transformation: [-0.9998781640717501f,0.002473223629954557f,-0.015412338478721786f,-0.057747355546232323f,-0.0001680723179785789f,0.9856050393069694f,0.1690641246521658f,1.6413105764240141f,0.015608611860200223f,0.16904611695505867f,-0.9854845415216894f,-0.513028160064867f,0f,0f,0f,1f], start_interpolation: 0, interpolation_duration: 1 }
$data merge entity $(bone_right_close) { transformation: [-0.9998781640717501f,0.002473223629954557f,-0.015412338478721786f,-0.05759277906936017f,-0.0001680723179785789f,0.9856050393069694f,0.1690641246521658f,1.7029108913806998f,0.015608611860200223f,0.16904611695505867f,-0.9854845415216894f,-0.5024627777551758f,0f,0f,0f,1f], start_interpolation: 0, interpolation_duration: 1 }
$data merge entity $(bone_left_close) { transformation: [-0.9998781640717501f,0.002473223629954557f,-0.015412338478721786f,0.19237676194857736f,-0.0001680723179785789f,0.9856050393069694f,0.1690641246521658f,1.7029529094601943f,0.015608611860200223f,0.16904611695505867f,-0.9854845415216894f,-0.5063649307202258f,0f,0f,0f,1f], start_interpolation: 0, interpolation_duration: 1 }
$data merge entity $(bone_left_eyebrow) { transformation: [-0.9998781640717501f,0.002473223629954557f,-0.015412338478721786f,0.1923158946289834f,-0.0001680723179785789f,0.9856050393069694f,0.1690641246521658f,1.6783022169697295f,0.015608611860200223f,0.16904611695505867f,-0.9854845415216894f,-0.5105294908602572f,0f,0f,0f,1f], start_interpolation: 0, interpolation_duration: 1 }
$data merge entity $(bone_right_eyebrow) { transformation: [-0.9998781640717501f,0.002473223629954557f,-0.015412338478721786f,-0.05765364638895411f,-0.0001680723179785789f,0.9856050393069694f,0.1690641246521658f,1.6782601988902348f,0.015608611860200223f,0.16904611695505867f,-0.9854845415216894f,-0.5066273378952072f,0f,0f,0f,1f], start_interpolation: 0, interpolation_duration: 1 }
$data merge entity $(bone_talking) { transformation: [-0.9998781640717501f,0.002473223629954557f,-0.015412338478721786f,0.06180275328064724f,-0.0001680723179785789f,0.9856050393069694f,0.1690641246521658f,1.447762864590821f,0.015608611860200223f,0.16904611695505867f,-0.9854845415216894f,-0.8652046850116846f,0f,0f,0f,1f], start_interpolation: 0, interpolation_duration: 1 }
$data merge entity $(bone_m_opened) { transformation: [-0.9998781640717501f,0.002473223629954557f,-0.015412338478721786f,0.06180275328064724f,-0.0001680723179785789f,0.9856050393069694f,0.1690641246521658f,1.447762864590821f,0.015608611860200223f,0.16904611695505867f,-0.9854845415216894f,-0.8652046850116846f,0f,0f,0f,1f], start_interpolation: 0, interpolation_duration: 1 }
$data merge entity $(bone_head) { transformation: [-0.9998781640717501f,0.002473223629954557f,-0.015412338478721786f,0.06276602443556735f,-0.0001680723179785789f,0.9856050393069694f,0.1690641246521658f,1.4371963568000605f,0.015608611860200223f,0.16904611695505867f,-0.9854845415216894f,-0.803611901166579f,0f,0f,0f,1f], start_interpolation: 0, interpolation_duration: 1 }
$data merge entity $(item_display_r_item) { transformation: [-0.4259106037376507f,0.01733588193610568f,-0.09851839838998241f,-0.10406035111751724f,-0.07331291614183921f,0.23904972854131337f,0.35900792973290163f,0.8676784153934233f,0.0680560353724013f,0.3660067546942567f,-0.2298122746233732f,-0.37039587038936117f,0f,0f,0f,1f], start_interpolation: 0, interpolation_duration: 1 }
$data merge entity $(bone_rightarm) { transformation: [-0.9735099514003445f,-0.22518491060567408f,-0.03962487299681303f,-0.24975402937066515f,-0.16757237975277534f,0.8205895536752038f,-0.5463993795230018f,1.3122469640000505f,0.15555665227977442f,-0.5252851991391385f,-0.8365868678725868f,-0.8032724783353961f,0f,0f,0f,1f], start_interpolation: 0, interpolation_duration: 1 }
$data merge entity $(item_display_l_item) { transformation: [-0.43739812108224496f,0.009402256113405566f,-0.0008551337320574719f,0.3791053819367135f,-0.002003109755143966f,-0.053696466048095956f,0.43418766344203574f,0.6766370259262577f,0.009226116465264353f,0.4340904711162451f,0.05372701053516539f,-0.7637909482602682f,0f,0f,0f,1f], start_interpolation: 0, interpolation_duration: 1 }
$data merge entity $(bone_leftarm) { transformation: [-0.9997671339022742f,-0.001954591387559931f,-0.02149087111635558f,0.3751974034299441f,-0.004578536583186208f,0.9924289450103674f,0.12273477953850526f,1.3122469640000505f,0.02108826620631852f,0.12280459550894968f,-0.9922067911228459f,-0.8110639249575303f,0f,0f,0f,1f], start_interpolation: 0, interpolation_duration: 1 }
$data merge entity $(bone_body) { transformation: [-0.9999222924809749f,0.00035469924742301034f,-0.012461267513207941f,0.0625000000000001f,0f,0.9995951424000806f,0.028452614821181308f,0.6875f,0.012466314595414882f,0.028450403839073775f,-0.9995174663415352f,-0.8249497040458843f,0f,0f,0f,1f], start_interpolation: 0, interpolation_duration: 1 }
$data merge entity $(bone_leftleg) { transformation: [-0.998867156151429f,-0.030640450080374686f,-0.036408339440697796f,0.18749028656012195f,-0.02686387721228657f,0.9946209746788612f,-0.10003723721692466f,0.7946428571428572f,0.03927768403406945f,-0.09894584148787727f,-0.9943173457147249f,-0.8265079933703111f,0f,0f,0f,1f], start_interpolation: 0, interpolation_duration: 1 }
$data merge entity $(bone_rightleg) { transformation: [-0.9995359100933424f,0.025273060314211768f,0.017006964932874326f,-0.06249028656012176f,0.026863877212286568f,0.9945303510932714f,0.10093420062306702f,0.75f,-0.014363026665608935f,0.10134423109703171f,-0.994747731984524f,-0.8233914147214575f,0f,0f,0f,1f], start_interpolation: 0, interpolation_duration: 1 }
data modify entity @s data merge value {"locators":{},"cameras":{"camera":{"posx":-0.9999999999999996,"posy":1.7369791666666667,"posz":-3.25,"roty":346.56936682808634,"rotx":5.597368228630161}}}