# This file was generated by Animated Java via MC-Build. It is not recommended to edit this file directly.
$data merge entity $(bone_left_eye) { transformation: [-0.9999577640030952f,0.0013113119304133524f,-0.009096739578071937f,0.19023861319444618f,-0.00016372329590254363f,0.9870707085340158f,0.16028533790973715f,1.6438713327948613f,0.009189309256548265f,0.160280057446887f,-0.9870288039263141f,-0.4997988277291021f,0f,0f,0f,1f], start_interpolation: 0, interpolation_duration: 1 }
$data merge entity $(bone_right_eye) { transformation: [-0.9999577640030952f,0.0013113119304133524f,-0.009096739578071937f,-0.059750827806327636f,-0.00016372329590254363f,0.9870707085340158f,0.16028533790973715f,1.6438304019708858f,0.009189309256548265f,0.160280057446887f,-0.9870288039263141f,-0.497501500414965f,0f,0f,0f,1f], start_interpolation: 0, interpolation_duration: 1 }
$data merge entity $(bone_right_close) { transformation: [-0.9999577640030952f,0.0013113119304133524f,-0.009096739578071937f,-0.0596688708106768f,-0.00016372329590254363f,0.9870707085340158f,0.16028533790973715f,1.7055223212542616f,0.009189309256548265f,0.160280057446887f,-0.9870288039263141f,-0.4874839968245345f,0f,0f,0f,1f], start_interpolation: 0, interpolation_duration: 1 }
$data merge entity $(bone_left_close) { transformation: [-0.9999577640030952f,0.0013113119304133524f,-0.009096739578071937f,0.19032057019009702f,-0.00016372329590254363f,0.9870707085340158f,0.16028533790973715f,1.7055632520782371f,0.009189309256548265f,0.160280057446887f,-0.9870288039263141f,-0.48978132413867165f,0f,0f,0f,1f], start_interpolation: 0, interpolation_duration: 1 }
$data merge entity $(bone_left_eyebrow) { transformation: [-0.9999577640030952f,0.0013113119304133524f,-0.009096739578071937f,0.19028835593806032f,-0.00016372329590254363f,0.9870707085340158f,0.16028533790973715f,1.6808764665312677f,0.009189309256548265f,0.160280057446887f,-0.9870288039263141f,-0.49372663627459834f,0f,0f,0f,1f], start_interpolation: 0, interpolation_duration: 1 }
$data merge entity $(bone_right_eyebrow) { transformation: [-0.9999577640030952f,0.0013113119304133524f,-0.009096739578071937f,-0.0597010850627135f,-0.00016372329590254363f,0.9870707085340158f,0.16028533790973715f,1.680835535707292f,0.009189309256548265f,0.160280057446887f,-0.9870288039263141f,-0.4914293089604613f,0f,0f,0f,1f], start_interpolation: 0, interpolation_duration: 1 }
$data merge entity $(bone_talking) { transformation: [-0.9999577640030952f,0.0013113119304133524f,-0.009096739578071937f,0.06207333359330845f,-0.00016372329590254363f,0.9870707085340158f,0.16028533790973715f,1.4471723583461624f,0.009189309256548265f,0.160280057446887f,-0.9870288039263141f,-0.8471666796607284f,0f,0f,0f,1f], start_interpolation: 0, interpolation_duration: 1 }
$data merge entity $(bone_m_opened) { transformation: [-0.9999577640030952f,0.0013113119304133524f,-0.009096739578071937f,0.06207333359330845f,-0.00016372329590254363f,0.9870707085340158f,0.16028533790973715f,1.4471723583461624f,0.009189309256548265f,0.160280057446887f,-0.9870288039263141f,-0.8471666796607284f,0f,0f,0f,1f], start_interpolation: 0, interpolation_duration: 1 }
$data merge entity $(bone_head) { transformation: [-0.9999577640030952f,0.0013113119304133524f,-0.009096739578071937f,0.06264187981693795f,-0.00016372329590254363f,0.9870707085340158f,0.16028533790973715f,1.4371545247268038f,0.009189309256548265f,0.160280057446887f,-0.9870288039263141f,-0.7854773794153338f,0f,0f,0f,1f], start_interpolation: 0, interpolation_duration: 1 }
$data merge entity $(item_display_r_item) { transformation: [-0.42888510863862805f,0.01896291534240346f,-0.08428654358644098f,-0.1240483720675788f,-0.06448519333610588f,0.21378239337082972f,0.3762246644294402f,0.8358289814314686f,0.05749324680723138f,0.3812397488803557f,-0.2067777319858357f,-0.3830006151323725f,0f,0f,0f,1f], start_interpolation: 0, interpolation_duration: 1 }
$data merge entity $(bone_rightarm) { transformation: [-0.9803088197454356f,-0.19265495676900796f,-0.04334380649692224f,-0.24987569586032404f,-0.14739472762538486f,0.8599420901244349f,-0.4886454705618963f,1.3122121039390033f,0.131413135559386f,-0.4726348159676243f,-0.871405140297956f,-0.7873230176493822f,0f,0f,0f,1f], start_interpolation: 0, interpolation_duration: 1 }
$data merge entity $(item_display_l_item) { transformation: [-0.437459574334074f,0.005880752461163823f,-0.0008874536276618338f,0.378060168107451f,-0.0016006953959974988f,-0.05354762281075748f,0.43420771511520395f,0.676616047257067f,0.005727878987894815f,0.43417084061669475f,0.05356419102808024f,-0.7436902779368907f,0f,0f,0f,1f], start_interpolation: 0, interpolation_duration: 1 }
$data merge entity $(bone_leftarm) { transformation: [-0.9999075984778835f,-0.002028465434655617f,-0.013441719911231595f,0.3751121622218873f,-0.0036587323337085686f,0.9924747774061804f,0.12239456642458874f,1.3122121039390033f,0.013092294829473862f,0.1224324366356122f,-0.9923904928381594f,-0.791218816644403f,0f,0f,0f,1f], start_interpolation: 0, interpolation_duration: 1 }
$data merge entity $(bone_body) { transformation: [-0.9999805729315382f,0.0001891730892504691f,-0.006230407133959583f,0.0625000000000001f,0f,0.9995393663024051f,0.030348891442462323f,0.6875f,0.006233278392033444f,0.03034830185247053f,-0.9995199481827057f,-0.8082386058046866f,0f,0f,0f,1f], start_interpolation: 0, interpolation_duration: 1 }
$data merge entity $(bone_leftleg) { transformation: [-0.9992823814176963f,-0.026895100033936088f,-0.026671628790576444f,0.18749757161644237f,-0.023508538680763594f,0.9924914656834776f,-0.12003349180356952f,0.8035714285714286f,0.029699676720004498f,-0.11932034252225025f,-0.9924114998643959f,-0.8090177656036909f,0f,0f,0f,1f], start_interpolation: 0, interpolation_duration: 1 }
$data merge entity $(bone_rightleg) { transformation: [-0.9995749751764045f,0.021245589153265892f,0.019962313057886514f,-0.06249757161644218f,0.023508538680763587f,0.9923773622982882f,0.12097321772602007f,0.75f,-0.017240000295402486f,0.1213910859141751f,-0.9924550300393423f,-0.8074594460056824f,0f,0f,0f,1f], start_interpolation: 0, interpolation_duration: 1 }
$data merge entity $(text_display_text) { transformation: [-2f,0f,7.347880794884119e-16f,6.888638245203861e-17f,0f,2f,0f,2.3749999999999996f,-7.347880794884119e-16f,0f,-2f,-0.5624999999999999f,0f,0f,0f,1f], start_interpolation: 0, interpolation_duration: 1 }
data modify entity @s data merge value {"locators":{},"cameras":{"camera":{"posx":-0.9999999999999996,"posy":1.7427083333333333,"posz":-3.25,"roty":346.80600418766574,"rotx":5.605992094139211}}}