# This file was generated by Animated Java via MC-Build. It is not recommended to edit this file directly.
$data merge entity $(bone_left_eye) { transformation: [-0.9999964745196633f,0.00025299668928114807f,-0.0026432822247311576f,0.1882236290434611f,-0.00015187068516425947f,0.9883719806981387f,0.15205526859051305f,1.6462081565274582f,0.002651015567542873f,0.15205513395973608f,-0.9883684577893748f,-0.4812845015052468f,0f,0f,0f,1f], start_interpolation: 0, interpolation_duration: 1 }
$data merge entity $(bone_right_eye) { transformation: [-0.9999964745196633f,0.00025299668928114807f,-0.0026432822247311576f,-0.061775489586454735f,-0.00015187068516425947f,0.9883719806981387f,0.15205526859051305f,1.6461701888561673f,0.002651015567542873f,0.15205513395973608f,-0.9883684577893748f,-0.48062174761336107f,0f,0f,0f,1f], start_interpolation: 0, interpolation_duration: 1 }
$data merge entity $(bone_right_close) { transformation: [-0.9999964745196633f,0.00025299668928114807f,-0.0026432822247311576f,-0.06175967729337466f,-0.00015187068516425947f,0.9883719806981387f,0.15205526859051305f,1.707943437649801f,0.002651015567542873f,0.15205513395973608f,-0.9883684577893748f,-0.47111830174087754f,0f,0f,0f,1f], start_interpolation: 0, interpolation_duration: 1 }
$data merge entity $(bone_left_close) { transformation: [-0.9999964745196633f,0.00025299668928114807f,-0.0026432822247311576f,0.1882394413365412f,-0.00015187068516425947f,0.9883719806981387f,0.15205526859051305f,1.707981405321092f,0.002651015567542873f,0.15205513395973608f,-0.9883684577893748f,-0.4717810556327633f,0f,0f,0f,1f], start_interpolation: 0, interpolation_duration: 1 }
$data merge entity $(bone_left_eyebrow) { transformation: [-0.9999964745196633f,0.00025299668928114807f,-0.0026432822247311576f,0.1882332816244482f,-0.00015187068516425947f,0.9883719806981387f,0.15205526859051305f,1.6832626023493518f,0.002651015567542873f,0.15205513395973608f,-0.9883684577893748f,-0.47552066095314477f,0f,0f,0f,1f], start_interpolation: 0, interpolation_duration: 1 }
$data merge entity $(bone_right_eyebrow) { transformation: [-0.9999964745196633f,0.00025299668928114807f,-0.0026432822247311576f,-0.061765837005467644f,-0.00015187068516425947f,0.9883719806981387f,0.15205526859051305f,1.6832246346780606f,0.002651015567542873f,0.15205513395973608f,-0.9883684577893748f,-0.4748579070612591f,0f,0f,0f,1f], start_interpolation: 0, interpolation_duration: 1 }
$data merge entity $(bone_talking) { transformation: [-0.9999964745196633f,0.00025299668928114807f,-0.0026432822247311576f,0.06233479486095441f,-0.00015187068516425947f,0.9883719806981387f,0.15205526859051305f,1.4466134489518134f,0.002651015567542873f,0.15205513395973608f,-0.9883684577893748f,-0.8278320511084176f,0f,0f,0f,1f], start_interpolation: 0, interpolation_duration: 1 }
$data merge entity $(bone_m_opened) { transformation: [-0.9999964745196633f,0.00025299668928114807f,-0.0026432822247311576f,0.06233479486095441f,-0.00015187068516425947f,0.9883719806981387f,0.15205526859051305f,1.4466134489518134f,0.002651015567542873f,0.15205513395973608f,-0.9883684577893748f,-0.8278320511084176f,0f,0f,0f,1f], start_interpolation: 0, interpolation_duration: 1 }
$data merge entity $(bone_head) { transformation: [-0.9999964745196633f,0.00025299668928114807f,-0.0026432822247311576f,0.06250000000000011f,-0.00015187068516425947f,0.9883719806981387f,0.15205526859051305f,1.4371099946649064f,0.002651015567542873f,0.15205513395973608f,-0.9883684577893748f,-0.7660590224965816f,0f,0f,0f,1f], start_interpolation: 0, interpolation_duration: 1 }
$data merge entity $(item_display_r_item) { transformation: [-0.4314176975681687f,0.018797371073536046f,-0.07022591448819918f,-0.1443065875672765f,-0.05553510506723665f,0.18751081136033043f,0.3913589116503693f,0.8066653535850841f,0.046913455747269975f,0.394832375146358f,-0.182517870922643f,-0.39654058920584095f,0f,0f,0f,1f], start_interpolation: 0, interpolation_duration: 1 }
$data merge entity $(bone_rightarm) { transformation: [-0.9860975944415286f,-0.16051637597302668f,-0.04296541959665385f,-0.2499999999999999f,-0.12693738301082663f,0.8945346552008442f,-0.4285961402521837f,1.3121749955540887f,0.10723075599375995f,-0.4171837049660409f,-0.9024740003345326f,-0.7700896548514331f,0f,0f,0f,1f], start_interpolation: 0, interpolation_duration: 1 }
$data merge entity $(item_display_l_item) { transformation: [-0.43749230423948066f,0.0024199795558486666f,-0.0009367124312957392f,0.37702958334637937f,-0.0012256069340875228f,-0.05349578605567391f,0.4342153253420803f,0.6765828776209243f,0.0022872732396428002f,0.4342103114542938f,0.053501624348166986f,-0.722460457790445f,0f,0f,0f,1f], start_interpolation: 0, interpolation_duration: 1 }
$data merge entity $(bone_leftarm) { transformation: [-0.9999824096902415f,-0.002141056985818831f,-0.00553138184193981f,0.3750000000000001f,-0.0028013872779143376f,0.9924921722104693f,0.12227608241296917f,1.3121749955540887f,0.005228053119183543f,0.12228942708152477f,-0.9924807118955287f,-0.7700896548514331f,0f,0f,0f,1f], start_interpolation: 0, interpolation_duration: 1 }
$data merge entity $(bone_body) { transformation: [-1f,-3.9488808095268565e-18f,1.2240099741003228e-16f,0.06250000000000011f,0f,0.9994799928865418f,0.03224505883881149f,0.6875f,-1.2246467991473532e-16f,0.03224505883881149f,-0.9994799928865418f,-0.7902428166256903f,0f,0f,0f,1f], start_interpolation: 0, interpolation_duration: 1 }
$data merge entity $(bone_leftleg) { transformation: [-0.999594498718228f,-0.02276729224243096f,-0.017102296226008853f,0.1875000000000001f,-0.02015214182525558f,0.9899456594120385f,-0.14000529486815538f,0.8125f,0.020117885378667363f,-0.13960387464254742f,-0.9900030448805088f,-0.7902428166256903f,0f,0f,0f,1f], start_interpolation: 0, interpolation_duration: 1 }
$data merge entity $(bone_rightleg) { transformation: [-0.999594498718228f,0.01711023906851125f,0.02276132358350047f,-0.06249999999999989f,0.020152141825255588f,0.9898126534692182f,0.1409425493315632f,0.75f,-0.020117885378667606f,0.14134408636813828f,-0.989756091133895f,-0.7902428166256903f,0f,0f,0f,1f], start_interpolation: 0, interpolation_duration: 1 }
data modify entity @s data merge value {"locators":{},"cameras":{"camera":{"posx":-0.9999999999999996,"posy":1.7484375,"posz":-3.25,"roty":347.0351014742517,"rotx":5.613163708513782}}}