# This file was generated by Animated Java via MC-Build. It is not recommended to edit this file directly.
$data merge entity $(bone_left_eye) { transformation: [-0.9999975381290477f,0.0001902988599179387f,-0.0022107741150429673f,0.18809996050987127f,-0.00013111298147224952f,0.9895075683909931f,0.1444809845838903f,1.6483358018490903f,0.0022150722854840516f,0.14448091875153676f,-0.9895051074004024f,-0.4623354498497501f,0f,0f,0f,1f], start_interpolation: 0, interpolation_duration: 1 }
$data merge entity $(bone_right_eye) { transformation: [-0.9999975381290477f,0.0001902988599179387f,-0.0022107741150429673f,-0.06189942402239065f,-0.00013111298147224952f,0.9895075683909931f,0.1444809845838903f,1.6483030236037222f,0.0022150722854840516f,0.14448091875153676f,-0.9895051074004024f,-0.46178168177837914f,0f,0f,0f,1f], start_interpolation: 0, interpolation_duration: 1 }
$data merge entity $(bone_right_close) { transformation: [-0.9999975381290477f,0.0001902988599179387f,-0.0022107741150429673f,-0.061887530343645775f,-0.00013111298147224952f,0.9895075683909931f,0.1444809845838903f,1.710147246628159f,0.0022150722854840516f,0.14448091875153676f,-0.9895051074004024f,-0.4527516243564081f,0f,0f,0f,1f], start_interpolation: 0, interpolation_duration: 1 }
$data merge entity $(bone_left_close) { transformation: [-0.9999975381290477f,0.0001902988599179387f,-0.0022107741150429673f,0.18811185418861615f,-0.00013111298147224952f,0.9895075683909931f,0.1444809845838903f,1.7101800248735273f,0.0022150722854840516f,0.14448091875153676f,-0.9895051074004024f,-0.45330539242777906f,0f,0f,0f,1f], start_interpolation: 0, interpolation_duration: 1 }
$data merge entity $(bone_left_eyebrow) { transformation: [-0.9999975381290477f,0.0001902988599179387f,-0.0022107741150429673f,0.18810723489050035f,-0.00013111298147224952f,0.9895075683909931f,0.1444809845838903f,1.6854333056022162f,0.0022150722854840516f,0.14448091875153676f,-0.9895051074004024f,-0.456855571327355f,0f,0f,0f,1f], start_interpolation: 0, interpolation_duration: 1 }
$data merge entity $(bone_right_eyebrow) { transformation: [-0.9999975381290477f,0.0001902988599179387f,-0.0022107741150429673f,-0.061892149641761526f,-0.00013111298147224952f,0.9895075683909931f,0.1444809845838903f,1.6854005273568482f,0.0022150722854840516f,0.14448091875153676f,-0.9895051074004024f,-0.45630180325598396f,0f,0f,0f,1f], start_interpolation: 0, interpolation_duration: 1 }
$data merge entity $(bone_talking) { transformation: [-0.9999975381290477f,0.0001902988599179387f,-0.0022107741150429673f,0.062361826617809896f,-0.00013111298147224952f,0.9895075683909931f,0.1444809845838903f,1.4460928283111236f,0.0022150722854840516f,0.14448091875153676f,-0.9895051074004024f,-0.8073991415645746f,0f,0f,0f,1f], start_interpolation: 0, interpolation_duration: 1 }
$data merge entity $(bone_m_opened) { transformation: [-0.9999975381290477f,0.0001902988599179387f,-0.0022107741150429673f,0.062361826617809896f,-0.00013111298147224952f,0.9895075683909931f,0.1444809845838903f,1.4460928283111236f,0.0022150722854840516f,0.14448091875153676f,-0.9895051074004024f,-0.8073991415645746f,0f,0f,0f,1f], start_interpolation: 0, interpolation_duration: 1 }
$data merge entity $(bone_head) { transformation: [-0.9999975381290477f,0.0001902988599179387f,-0.0022107741150429673f,0.06250000000000008f,-0.00013111298147224952f,0.9895075683909931f,0.1444809845838903f,1.4370627667746305f,0.0022150722854840516f,0.14448091875153676f,-0.9895051074004024f,-0.7455550723520494f,0f,0f,0f,1f], start_interpolation: 0, interpolation_duration: 1 }
$data merge entity $(item_display_r_item) { transformation: [-0.4332701976631695f,0.019414869908984816f,-0.05749998820291388f,-0.16231005402184157f,-0.04647562070480837f,0.1604198395214392f,0.4043658513871052f,0.7803043768605481f,0.03902822692642887f,0.40656461714508907f,-0.15680643988257084f,-0.4096521921087403f,0f,0f,0f,1f], start_interpolation: 0, interpolation_duration: 1 }
$data merge entity $(bone_rightarm) { transformation: [-0.9903318803729588f,-0.13142854446380314f,-0.04437684550625104f,-0.24999999999999992f,-0.10622999018241912f,0.9242648031705263f,-0.3666739189061466f,1.3121356389788588f,0.08920737583183742f,-0.3584147197315903f,-0.9292905534744894f,-0.7498227111252954f,0f,0f,0f,1f], start_interpolation: 0, interpolation_duration: 1 }
$data merge entity $(item_display_l_item) { transformation: [-0.43749600868416366f,0.0017416255043327534f,-0.0006775883918955016f,0.3764655907039459f,-0.0008857682967022917f,-0.053574578930019726f,0.43420643697093625f,0.6765337064689442f,0.0016455394102636897f,0.4342038475567366f,0.05357761628679951f,-0.702303920804513f,0f,0f,0f,1f], start_interpolation: 0, interpolation_duration: 1 }
$data merge entity $(bone_leftarm) { transformation: [-0.9999908769923741f,-0.001548773467189717f,-0.0039808582956177225f,0.3750000000000001f,-0.002024613249605238f,0.9924718559335686f,0.12245618041147388f,1.3121356389788588f,0.0037612329377455763f,0.12246312294125625f,-0.9924659372725407f,-0.7498227111252954f,0f,0f,0f,1f], start_interpolation: 0, interpolation_duration: 1 }
$data merge entity $(bone_body) { transformation: [-1f,-4.1810801308582674e-18f,1.2239328574541136e-16f,0.06250000000000008f,0f,0.999417022366174f,0.03414111018596789f,0.6875f,-1.2246467991473532e-16f,0.03414111018596789f,-0.999417022366174f,-0.7711609049915253f,0f,0f,0f,1f], start_interpolation: 0, interpolation_duration: 1 }
$data merge entity $(bone_leftleg) { transformation: [-0.9997183902553008f,-0.01925848374867383f,-0.013865460289947085f,0.18750000000000008f,-0.016794837746320547f,0.9869832571648623f,-0.1599436885322895f,0.8020833333333333f,0.01676525008536408f,-0.15966577867514795f,-0.9870287561715889f,-0.7711609049915253f,0f,0f,0f,1f], start_interpolation: 0, interpolation_duration: 1 }
$data merge entity $(bone_rightleg) { transformation: [-0.9997183902553008f,0.013876626159112438f,0.0192504397817369f,-0.06249999999999992f,0.01679483774632055f,0.9868386339812907f,0.1608335907297196f,0.75f,-0.016765250085364322f,0.16111160643597472f,-0.9867937862903245f,-0.7711609049915253f,0f,0f,0f,1f], start_interpolation: 0, interpolation_duration: 1 }
$data merge entity $(text_display_text) { transformation: [-2f,0f,7.347880794884119e-16f,6.888638245203862e-17f,0f,2f,0f,2.375f,-7.347880794884119e-16f,0f,-2f,-0.5625f,0f,0f,0f,1f], start_interpolation: 0, interpolation_duration: 1 }
data modify entity @s data merge value {"locators":{},"cameras":{"camera":{"posx":-0.9999999999999996,"posy":1.7541666666666667,"posz":-3.25,"roty":347.2553744166333,"rotx":5.618868492375656}}}