# This file was generated by Animated Java via MC-Build. It is not recommended to edit this file directly.
$data merge entity $(bone_left_eye) { transformation: [-0.9999986566523311f,0.0001262323322999987f,-0.001634245676558194f,0.18793995158375604f,-0.00009995570949674997f,0.9904782032889647f,0.1376696001967042f,1.6502274864627007f,0.0016360630761697568f,0.1376695786107538f,-0.990476860114737f,-0.4422892426708903f,0f,0f,0f,1f], start_interpolation: 0, interpolation_duration: 1 }
$data merge entity $(bone_right_eye) { transformation: [-0.9999986566523311f,0.0001262323322999987f,-0.001634245676558194f,-0.06205971257932673f,-0.00009995570949674997f,0.9904782032889647f,0.1376696001967042f,1.6502024975353267f,0.0016360630761697568f,0.1376695786107538f,-0.990476860114737f,-0.4418802269018479f,0f,0f,0f,1f], start_interpolation: 0, interpolation_duration: 1 }
$data merge entity $(bone_right_close) { transformation: [-0.9999986566523311f,0.0001262323322999987f,-0.001634245676558194f,-0.062051823058557984f,-0.00009995570949674997f,0.9904782032889647f,0.1376696001967042f,1.7121073852408868f,0.0016360630761697568f,0.1376695786107538f,-0.990476860114737f,-0.43327587823867575f,0f,0f,0f,1f], start_interpolation: 0, interpolation_duration: 1 }
$data merge entity $(bone_left_close) { transformation: [-0.9999986566523311f,0.0001262323322999987f,-0.001634245676558194f,0.18794784110452478f,-0.00009995570949674997f,0.9904782032889647f,0.1376696001967042f,1.7121323741682608f,0.0016360630761697568f,0.1376695786107538f,-0.990476860114737f,-0.43368489400771815f,0f,0f,0f,1f], start_interpolation: 0, interpolation_duration: 1 }
$data merge entity $(bone_left_eyebrow) { transformation: [-0.9999986566523311f,0.0001262323322999987f,-0.001634245676558194f,0.18794478743657209f,-0.00009995570949674997f,0.9904782032889647f,0.1376696001967042f,1.6873618147360245f,0.0016360630761697568f,0.1376695786107538f,-0.990476860114737f,-0.43706472866922985f,0f,0f,0f,1f], start_interpolation: 0, interpolation_duration: 1 }
$data merge entity $(bone_right_eyebrow) { transformation: [-0.9999986566523311f,0.0001262323322999987f,-0.001634245676558194f,-0.062054876726510694f,-0.00009995570949674997f,0.9904782032889647f,0.1376696001967042f,1.6873368258086503f,0.0016360630761697568f,0.1376695786107538f,-0.990476860114737f,-0.4366557129001874f,0f,0f,0f,1f], start_interpolation: 0, interpolation_duration: 1 }
$data merge entity $(bone_talking) { transformation: [-0.9999986566523311f,0.0001262323322999987f,-0.001634245676558194f,0.06239785964521522f,-0.00009995570949674997f,0.9904782032889647f,0.1376696001967042f,1.4456171912382425f,0.0016360630761697568f,0.1376695786107538f,-0.990476860114737f,-0.7860261482249129f,0f,0f,0f,1f], start_interpolation: 0, interpolation_duration: 1 }
$data merge entity $(bone_m_opened) { transformation: [-0.9999986566523311f,0.0001262323322999987f,-0.001634245676558194f,0.06239785964521522f,-0.00009995570949674997f,0.9904782032889647f,0.1376696001967042f,1.4456171912382425f,0.0016360630761697568f,0.1376695786107538f,-0.990476860114737f,-0.7860261482249129f,0f,0f,0f,1f], start_interpolation: 0, interpolation_duration: 1 }
$data merge entity $(bone_head) { transformation: [-0.9999986566523311f,0.0001262323322999987f,-0.001634245676558194f,0.06250000000000011f,-0.00009995570949674997f,0.9904782032889647f,0.1376696001967042f,1.4370128412259484f,0.0016360630761697568f,0.1376695786107538f,-0.990476860114737f,-0.7241213444677418f,0f,0f,0f,1f], start_interpolation: 0, interpolation_duration: 1 }
$data merge entity $(item_display_r_item) { transformation: [-0.43478979129496653f,0.01846390131179604f,-0.04497968134644444f,-0.18046791198742324f,-0.03731985207327935f,0.13269468604625748f,0.4152175320676063f,0.7568388988430217f,0.031165943382287866f,0.416482238088773f,-0.1302976566545178f,-0.4234915396255781f,0f,0f,0f,1f], start_interpolation: 0, interpolation_duration: 1 }
$data merge entity $(bone_rightarm) { transformation: [-0.9938052372456379f,-0.10281070022044443f,-0.042203202998390976f,-0.2499999999999999f,-0.0853025190246385f,0.9490686447259574f,-0.30330213953430263f,1.3120940343549572f,0.07123644201665798f,-0.29782321521032623f,-0.951959401345767f,-0.7286259743002529f,0f,0f,0f,1f], start_interpolation: 0, interpolation_duration: 1 }
$data merge entity $(item_display_l_item) { transformation: [-0.43749824629483675f,0.0011538479662512224f,-0.00045069259269663785f,0.37597351740849566f,-0.0005892085526320297f,-0.05381766694826434f,0.4341768781931244f,0.6764648749509896f,0.0010896431635351862f,0.43417574478443227f,0.053819005180880924f,-0.6814600546202451f,0f,0f,0f,1f], start_interpolation: 0, interpolation_duration: 1 }
$data merge entity $(bone_leftarm) { transformation: [-0.9999959915310555f,-0.0010301544975923145f,-0.002637366780002794f,0.3750000000000001f,-0.0013467624060160678f,0.9924042930128557f,0.12301181016746157f,1.3120940343549572f,0.0024906129452232826f,0.1230148689848709f,-0.9924017023644166f,-0.7286259743002528f,0f,0f,0f,1f], start_interpolation: 0, interpolation_duration: 1 }
$data merge entity $(bone_body) { transformation: [-1f,-4.413264404582641e-18f,1.223851335902928e-16f,0.06250000000000011f,0f,0.9993504549679313f,0.03603703866008818f,0.6875f,-1.2246467991473532e-16f,0.03603703866008818f,-0.9993504549679313f,-0.7511491234628079f,0f,0f,0f,1f], start_interpolation: 0, interpolation_duration: 1 }
$data merge entity $(bone_leftleg) { transformation: [-0.9998197636720841f,-0.015628996492189347f,-0.010778433993161867f,0.1875000000000001f,-0.013436777585397608f,0.9836041588195186f,-0.17983968349913196f,0.7916666666666666f,0.013412426283800056f,-0.17966244243467952f,-0.9836368809675586f,-0.7511491234628079f,0f,0f,0f,1f], start_interpolation: 0, interpolation_duration: 1 }
$data merge entity $(bone_rightleg) { transformation: [-0.9998197636720841f,0.010791280208429774f,0.015620129390020188f,-0.06249999999999989f,0.013436777585397604f,0.9834578955221492f,0.18063781648167096f,0.75f,-0.013412426283800303f,0.1808151431894144f,-0.9834256407144228f,-0.7511491234628079f,0f,0f,0f,1f], start_interpolation: 0, interpolation_duration: 1 }
$data merge entity $(text_display_text) { transformation: [-2f,0f,7.347880794884119e-16f,6.888638245203862e-17f,0f,2f,0f,2.3750000000000004f,-7.347880794884119e-16f,0f,-2f,-0.5625f,0f,0f,0f,1f], start_interpolation: 0, interpolation_duration: 1 }
data modify entity @s data merge value {"locators":{},"cameras":{"camera":{"posx":-0.9999999999999996,"posy":1.7598958333333332,"posz":-3.25,"roty":347.4655387003729,"rotx":5.623091929866913}}}