# This file was generated by Animated Java via MC-Build. It is not recommended to edit this file directly.
$data merge entity $(bone_left_eye) { transformation: [-0.9990482215818578f,0.003422337688886838f,-0.04348492335132313f,0.19910784295778483f,0f,0.996917333733128f,0.07845909572784494f,1.6671145595013208f,0.043619387365335875f,0.07838442005382423f,-0.9959684893302089f,-0.6118641960746587f,0f,0f,0f,1f], start_interpolation: 0, interpolation_duration: 1 }
$data merge entity $(bone_right_eye) { transformation: [-0.9990482215818578f,0.003422337688886838f,-0.04348492335132313f,-0.050654212437679605f,0f,0.996917333733128f,0.07845909572784494f,1.6671145595013208f,0.043619387365335875f,0.07838442005382423f,-0.9959684893302089f,-0.6009593492333247f,0f,0f,0f,1f], start_interpolation: 0, interpolation_duration: 1 }
$data merge entity $(bone_right_close) { transformation: [-0.9990482215818578f,0.003422337688886838f,-0.04348492335132313f,-0.050440316332124174f,0f,0.996917333733128f,0.07845909572784494f,1.7294218928596412f,0.043619387365335875f,0.07838442005382423f,-0.9959684893302089f,-0.5960603229799607f,0f,0f,0f,1f], start_interpolation: 0, interpolation_duration: 1 }
$data merge entity $(bone_left_close) { transformation: [-0.9990482215818578f,0.003422337688886838f,-0.04348492335132313f,0.19932173906334028f,0f,0.996917333733128f,0.07845909572784494f,1.7294218928596412f,0.043619387365335875f,0.07838442005382423f,-0.9959684893302089f,-0.6069651698212947f,0f,0f,0f,1f], start_interpolation: 0, interpolation_duration: 1 }
$data merge entity $(bone_left_eyebrow) { transformation: [-0.9990482215818578f,0.003422337688886838f,-0.04348492335132313f,0.19923889842882753f,0f,0.996917333733128f,0.07845909572784494f,1.70449405582283f,0.043619387365335875f,0.07838442005382423f,-0.9959684893302089f,-0.6088625322920571f,0f,0f,0f,1f], start_interpolation: 0, interpolation_duration: 1 }
$data merge entity $(bone_right_eyebrow) { transformation: [-0.9990482215818578f,0.003422337688886838f,-0.04348492335132313f,-0.05052315696663691f,0f,0.996917333733128f,0.07845909572784494f,1.70449405582283f,0.043619387365335875f,0.07838442005382423f,-0.9959684893302089f,-0.5979576854507231f,0f,0f,0f,1f], start_interpolation: 0, interpolation_duration: 1 }
$data merge entity $(bone_talking) { transformation: [-0.9990482215818578f,0.003422337688886838f,-0.04348492335132313f,0.05978219229054243f,0f,0.996917333733128f,0.07845909572784494f,1.4424036934829902f,0.043619387365335875f,0.07838442005382423f,-0.9959684893302089f,-0.9372480305831381f,0f,0f,0f,1f], start_interpolation: 0, interpolation_duration: 1 }
$data merge entity $(bone_m_opened) { transformation: [-0.9990482215818578f,0.003422337688886838f,-0.04348492335132313f,0.05978219229054243f,0f,0.996917333733128f,0.07845909572784494f,1.4424036934829902f,0.043619387365335875f,0.07838442005382423f,-0.9959684893302089f,-0.9372480305831381f,0f,0f,0f,1f], start_interpolation: 0, interpolation_duration: 1 }
$data merge entity $(bone_head) { transformation: [-0.9990482215818578f,0.003422337688886838f,-0.04348492335132313f,0.06250000000000012f,0f,0.996917333733128f,0.07845909572784494f,1.4375f,0.043619387365335875f,0.07838442005382423f,-0.9959684893302089f,-0.875f,0f,0f,0f,1f], start_interpolation: 0, interpolation_duration: 1 }
$data merge entity $(item_display_r_item) { transformation: [-0.4368406127462355f,0.02339269088998775f,-0.005413969746779087f,-0.23528470078036381f,-0.00493738018961123f,0.009024559628100743f,0.4373790456804968f,0.6902512374930334f,0.02349790059466568f,0.4367809397586442f,-0.00874696125513724f,-0.7240787282956669f,0f,0f,0f,1f], start_interpolation: 0, interpolation_duration: 1 }
$data merge entity $(bone_rightarm) { transformation: [-0.9984928291342525f,-0.0123747879926379f,-0.05346900774854343f,-0.24970256924433043f,-0.011285440433397098f,0.9997235329839926f,-0.02062756486423005f,1.3125f,0.05370948707352155f,-0.019993054297456327f,-0.9983564337340438f,-0.8613689414483325f,0f,0f,0f,1f], start_interpolation: 0, interpolation_duration: 1 }
$data merge entity $(item_display_l_item) { transformation: [-0.43666633078643724f,0.026899046013614734f,-0.0022818591251889155f,0.3856478097127762f,-0.0037482687442618426f,-0.023790553400873597f,0.43683659422065474f,0.6816504215702436f,0.026734173616002426f,0.436023738909291f,0.023975676604254998f,-0.7983038140122345f,0f,0f,0f,1f], start_interpolation: 0, interpolation_duration: 1 }
$data merge entity $(bone_leftarm) { transformation: [-0.9980944703689995f,-0.005215678000431793f,-0.061483533745405106f,0.37470256924433065f,-0.00856747141545564f,0.9984836439329251f,0.054378407773425584f,1.3125f,0.06110668255086269f,0.054801546524011646f,-0.9966256889355224f,-0.8886310585516675f,0f,0f,0f,1f], start_interpolation: 0, interpolation_duration: 1 }
$data merge entity $(bone_body) { transformation: [-0.9990482215818578f,0f,-0.043619387365335875f,0.06250000000000012f,0f,1f,0f,0.6875f,0.043619387365335875f,0f,-0.9990482215818578f,-0.875f,0f,0f,0f,1f], start_interpolation: 0, interpolation_duration: 1 }
$data merge entity $(bone_leftleg) { transformation: [-0.9952465390275879f,-0.04345342161151017f,-0.0871557611627618f,0.18738102769773235f,-0.043619410209978775f,0.9990482205844381f,4.023395993387087e-8f,0.75f,0.08707280635503623f,0.003801722941030819f,-0.9961946964806317f,-0.880452423420667f,0f,0f,0f,1f], start_interpolation: 0, interpolation_duration: 1 }
$data merge entity $(bone_rightleg) { transformation: [-0.9990482205844388f,0.04361941020997806f,1.848544667337748e-8f,-0.0623810276977321f,0.043619410209978775f,0.9990482205844381f,4.023395993387087e-8f,0.75f,-1.671287099686003e-8f,4.1001990360020266e-8f,-0.999999999999999f,-0.869547576579333f,0f,0f,0f,1f], start_interpolation: 0, interpolation_duration: 1 }
$data merge entity $(text_display_text) { transformation: [-2f,0f,7.347880794884119e-16f,6.888638245203861e-17f,0f,2f,0f,2.880447354775208f,-7.347880794884119e-16f,0f,-2f,-0.5624999999999999f,0f,0f,0f,1f], start_interpolation: 0, interpolation_duration: 1 }
data modify entity @s data merge value {"locators":{},"cameras":{"camera":{"posx":-0.9999999999999996,"posy":1.3015625,"posz":-3.25,"roty":342.4469261952337,"rotx":0.5219378449454601}}}