# This file was generated by Animated Java via MC-Build. It is not recommended to edit this file directly.
$data merge entity $(bone_left_eye) { transformation: [-0.9999995917880644f,0.00006247263069047347f,-0.0009013993981743863f,0.18774091698072437f,-0.00005681146985019504f,0.9912858764920683f,0.1317281588720061f,1.651856749037288f,0.0009017738971094664f,0.13172815630882415f,-0.99128546828818f,-0.42120203906537496f,0f,0f,0f,1f], start_interpolation: 0, interpolation_duration: 1 }
$data merge entity $(bone_right_eye) { transformation: [-0.9999995917880644f,0.00006247263069047347f,-0.0009013993981743863f,-0.062258980966291746f,-0.00005681146985019504f,0.9912858764920683f,0.1317281588720061f,1.6518425461698254f,0.0009017738971094664f,0.13172815630882415f,-0.99128546828818f,-0.4209765955910976f,0f,0f,0f,1f], start_interpolation: 0, interpolation_duration: 1 }
$data merge entity $(bone_right_close) { transformation: [-0.9999995917880644f,0.00006247263069047347f,-0.0009013993981743863f,-0.0622550764268736f,-0.00005681146985019504f,0.9912858764920683f,0.1317281588720061f,1.7137979134505796f,0.0009017738971094664f,0.13172815630882415f,-0.99128546828818f,-0.4127435858217961f,0f,0f,0f,1f], start_interpolation: 0, interpolation_duration: 1 }
$data merge entity $(bone_left_close) { transformation: [-0.9999995917880644f,0.00006247263069047347f,-0.0009013993981743863f,0.1877448215201425f,-0.00005681146985019504f,0.9912858764920683f,0.1317281588720061f,1.7138121163180422f,0.0009017738971094664f,0.13172815630882415f,-0.99128546828818f,-0.41296902929607343f,0f,0f,0f,1f], start_interpolation: 0, interpolation_duration: 1 }
$data merge entity $(bone_left_eyebrow) { transformation: [-0.9999995917880644f,0.00006247263069047347f,-0.0009013993981743863f,0.18774331604183764f,-0.00005681146985019504f,0.9912858764920683f,0.1317281588720061f,1.689021736395811f,0.0009017738971094664f,0.13172815630882415f,-0.99128546828818f,-0.416200277862026f,0f,0f,0f,1f], start_interpolation: 0, interpolation_duration: 1 }
$data merge entity $(bone_right_eyebrow) { transformation: [-0.9999995917880644f,0.00006247263069047347f,-0.0009013993981743863f,-0.06225658190517848f,-0.00005681146985019504f,0.9912858764920683f,0.1317281588720061f,1.6890075335283485f,0.0009017738971094664f,0.13172815630882415f,-0.99128546828818f,-0.4159748343877486f,0f,0f,0f,1f], start_interpolation: 0, interpolation_duration: 1 }
$data merge entity $(bone_talking) { transformation: [-0.9999995917880644f,0.00006247263069047347f,-0.0009013993981743863f,0.062443662537614186f,-0.00005681146985019504f,0.9912858764920683f,0.1317281588720061f,1.4451932281280415f,0.0009017738971094664f,0.13172815630882415f,-0.99128546828818f,-0.7637980652454985f,0f,0f,0f,1f], start_interpolation: 0, interpolation_duration: 1 }
$data merge entity $(bone_m_opened) { transformation: [-0.9999995917880644f,0.00006247263069047347f,-0.0009013993981743863f,0.062443662537614186f,-0.00005681146985019504f,0.9912858764920683f,0.1317281588720061f,1.4451932281280415f,0.0009017738971094664f,0.13172815630882415f,-0.99128546828818f,-0.7637980652454985f,0f,0f,0f,1f], start_interpolation: 0, interpolation_duration: 1 }
$data merge entity $(bone_head) { transformation: [-0.9999995917880644f,0.00006247263069047347f,-0.0009013993981743863f,0.06250000000000008f,-0.00005681146985019504f,0.9912858764920683f,0.1317281588720061f,1.436960218198541f,0.0009017738971094664f,0.13172815630882415f,-0.99128546828818f,-0.7018427234774873f,0f,0f,0f,1f], start_interpolation: 0, interpolation_duration: 1 }
$data merge entity $(item_display_r_item) { transformation: [-0.4359741348166214f,0.01598494870674603f,-0.032822022877043264f,-0.1985442676880107f,-0.028081032865417598f,0.10451936052373309f,0.42390259360957117f,0.7363377225395109f,0.023329366989050287f,0.4245308406824558f,-0.10312883178499409f,-0.43796289969794433f,0f,0f,0f,1f], start_interpolation: 0, interpolation_duration: 1 }
$data merge entity $(bone_rightarm) { transformation: [-0.9965123081522774f,-0.07502176657609887f,-0.03653702561541951f,-0.24999999999999992f,-0.06418521797809737f,0.9689202139647342f,-0.23890139548281827f,1.3120501818321175f,0.05332426740354351f,-0.23572304407998626f,-0.9703562072741846f,-0.7065843281572088f,0f,0f,0f,1f], start_interpolation: 0, interpolation_duration: 1 }
$data merge entity $(item_display_l_item) { transformation: [-0.43749940618869554f,0.0006711890005949656f,-0.0002628495088204548f,0.37556726758419934f,-0.00034406143333926627f,-0.0542587169718425f,0.434122244597417f,0.6763730561295669f,0.0006334084534448152f,0.43412186208240533f,0.05425917116797983f,-0.6600626120879214f,0f,0f,0f,1f], start_interpolation: 0, interpolation_duration: 1 }
$data merge entity $(bone_leftarm) { transformation: [-0.9999986427170183f,-0.0006007988773038962f,-0.0015341462870742074f,0.3750000000000001f,-0.0007864261333468943f,0.9922794162226674f,0.1240199245070688f,1.3120501818321175f,0.0014477907507310062f,0.12402096266966842f,-0.9922785419026408f,-0.7065843281572087f,0f,0f,0f,1f], start_interpolation: 0, interpolation_duration: 1 }
$data merge entity $(bone_body) { transformation: [-1f,-4.645432795074351e-18f,1.2237654097401604e-16f,0.06250000000000008f,0f,0.999280290931388f,0.0379328374377713f,0.6875f,-1.2246467991473532e-16f,0.0379328374377713f,-0.999280290931388f,-0.7302923515558158f,0f,0f,0f,1f], start_interpolation: 0, interpolation_duration: 1 }
$data merge entity $(bone_leftleg) { transformation: [-0.9998986144005358f,-0.011883539994927429f,-0.007844896243893599f,0.18750000000000008f,-0.010078112517995936f,0.9798084642063628f,-0.19968426357037575f,0.78125f,0.010059451673083841f,-0.19958495671457213f,-0.9798288893910402f,-0.7302923515558158f,0f,0f,0f,1f], start_interpolation: 0, interpolation_duration: 1 }
$data merge entity $(bone_rightleg) { transformation: [-0.9998986144005358f,0.007857675127807665f,0.011875094166966988f,-0.06249999999999992f,0.010078112517995935f,0.9796732096268626f,0.20034678432027822f,0.75f,-0.010059451673084085f,0.2004461505766257f,-0.9796530754052934f,-0.7302923515558158f,0f,0f,0f,1f], start_interpolation: 0, interpolation_duration: 1 }
$data merge entity $(text_display_text) { transformation: [-2f,0f,7.347880794884119e-16f,6.888638245203862e-17f,0f,2f,0f,2.375f,-7.347880794884119e-16f,0f,-2f,-0.5625f,0f,0f,0f,1f], start_interpolation: 0, interpolation_duration: 1 }
data modify entity @s data merge value {"locators":{},"cameras":{"camera":{"posx":-0.9999999999999996,"posy":1.765625,"posz":-3.25,"roty":347.6643099683379,"rotx":5.625819605179872}}}