# This file was generated by Animated Java via MC-Build. It is not recommended to edit this file directly.
$data merge entity $(bone_left_eye) { transformation: [-1f,-1.5524054826887584e-17f,1.214767531190654e-16f,0.18750000000000006f,0f,0.9919329655182396f,0.12676352755501452f,1.6531972573726037f,-1.2246467991473532e-16f,0.12676352755501452f,-0.9919329655182396f,-0.3991779608988487f,0f,0f,0f,1f], start_interpolation: 0, interpolation_duration: 1 }
$data merge entity $(bone_right_eye) { transformation: [-1f,-1.5524054826887584e-17f,1.214767531190654e-16f,-0.062499999999999944f,0f,0.9919329655182396f,0.12676352755501452f,1.6531972573726037f,-1.2246467991473532e-16f,0.12676352755501452f,-0.9919329655182396f,-0.3991779608988487f,0f,0f,0f,1f], start_interpolation: 0, interpolation_duration: 1 }
$data merge entity $(bone_right_close) { transformation: [-1f,-1.5524054826887584e-17f,1.214767531190654e-16f,-0.06249999999999996f,0f,0.9919329655182396f,0.12676352755501452f,1.7151930677174936f,-1.2246467991473532e-16f,0.12676352755501452f,-0.9919329655182396f,-0.3912552404266603f,0f,0f,0f,1f], start_interpolation: 0, interpolation_duration: 1 }
$data merge entity $(bone_left_close) { transformation: [-1f,-1.5524054826887584e-17f,1.214767531190654e-16f,0.18750000000000006f,0f,0.9919329655182396f,0.12676352755501452f,1.7151930677174936f,-1.2246467991473532e-16f,0.12676352755501452f,-0.9919329655182396f,-0.3912552404266603f,0f,0f,0f,1f], start_interpolation: 0, interpolation_duration: 1 }
$data merge entity $(bone_left_eyebrow) { transformation: [-1f,-1.5524054826887584e-17f,1.214767531190654e-16f,0.18750000000000006f,0f,0.9919329655182396f,0.12676352755501452f,1.6903868208590656f,-1.2246467991473532e-16f,0.12676352755501452f,-0.9919329655182396f,-0.39436233280519073f,0f,0f,0f,1f], start_interpolation: 0, interpolation_duration: 1 }
$data merge entity $(bone_right_eyebrow) { transformation: [-1f,-1.5524054826887584e-17f,1.214767531190654e-16f,-0.062499999999999944f,0f,0.9919329655182396f,0.12676352755501452f,1.6903868208590656f,-1.2246467991473532e-16f,0.12676352755501452f,-0.9919329655182396f,-0.39436233280519073f,0f,0f,0f,1f], start_interpolation: 0, interpolation_duration: 1 }
$data merge entity $(bone_talking) { transformation: [-1f,-1.5524054826887584e-17f,1.214767531190654e-16f,0.0625000000000001f,0f,0.9919329655182396f,0.12676352755501452f,1.4448276183539857f,-1.2246467991473532e-16f,0.12676352755501452f,-0.9919329655182396f,-0.7408478945120522f,0f,0f,0f,1f], start_interpolation: 0, interpolation_duration: 1 }
$data merge entity $(bone_m_opened) { transformation: [-1f,-1.5524054826887584e-17f,1.214767531190654e-16f,0.0625000000000001f,0f,0.9919329655182396f,0.12676352755501452f,1.4448276183539857f,-1.2246467991473532e-16f,0.12676352755501452f,-0.9919329655182396f,-0.7408478945120522f,0f,0f,0f,1f], start_interpolation: 0, interpolation_duration: 1 }
$data merge entity $(bone_head) { transformation: [-1f,-1.5524054826887584e-17f,1.214767531190654e-16f,0.06250000000000008f,0f,0.9919329655182396f,0.12676352755501452f,1.4369048978817973f,-1.2246467991473532e-16f,0.12676352755501452f,-0.9919329655182396f,-0.6788520841671623f,0f,0f,0f,1f], start_interpolation: 0, interpolation_duration: 1 }
$data merge entity $(item_display_r_item) { transformation: [-0.4368214016211067f,0.012033131938461745f,-0.021178215730399564f,-0.21630736840272577f,-0.018772497888522165f,0.07607517615536248f,0.43042584831298875f,0.7188457771654269f,0.015521160033876411f,0.43066694940369193f,-0.0754408528750879f,-0.4530102998351353f,0f,0f,0f,1f], start_interpolation: 0, interpolation_duration: 1 }
$data merge entity $(bone_rightarm) { transformation: [-0.9984489179911011f,-0.04840735024091328f,-0.027504301573626856f,-0.24999999999999992f,-0.04290856660233638f,0.9838305104296886f,-0.1738861169265426f,1.3120040815681644f,0.03547693722028894f,-0.1724362351430578f,-0.9843815986370101f,-0.6838306466291727f,0f,0f,0f,1f], start_interpolation: 0, interpolation_duration: 1 }
$data merge entity $(item_display_l_item) { transformation: [-0.43749987475383706f,0.00030820782907958993f,-0.00012082347030346987f,0.37526066433731353f,-0.00015856511732480262f,-0.0549313472423519f,0.43403775405745953f,0.6762554765596931f,0.00029059848666140495f,0.43403767359305834f,0.054931443221940726f,-0.6382933730625f,0f,0f,0f,1f], start_interpolation: 0, interpolation_duration: 1 }
$data merge entity $(bone_leftarm) { transformation: [-0.9999997137230562f,-0.00027616793212221667f,-0.0007044750378962056f,0.3750000000000001f,-0.00036243455388526314f,0.9920862949884789f,0.125557365125376f,1.3120040815681644f,0.0006642251123689256f,0.12555758450729332f,-0.9920861110698476f,-0.6838306466291726f,0f,0f,0f,1f], start_interpolation: 0, interpolation_duration: 1 }
$data merge entity $(bone_body) { transformation: [-1f,-4.877584466764935e-18f,1.2236750792750562e-16f,0.06250000000000008f,0f,0.999206530509063f,0.03982849969608298f,0.6875f,-1.2246467991473532e-16f,0.03982849969608298f,-0.999206530509063f,-0.7087234589392245f,0f,0f,0f,1f], start_interpolation: 0, interpolation_duration: 1 }
$data merge entity $(bone_leftleg) { transformation: [-0.9999549388875208f,-0.008026928509905728f,-0.005068393547396266f,0.18750000000000008f,-0.006718993746882823f,0.9755964743790668f,-0.21946839021181216f,0.7708333333333334f,0.006706363954019718f,-0.21942444621744353f,-0.9756064457990653f,-0.7087234589392245f,0f,0f,0f,1f], start_interpolation: 0, interpolation_duration: 1 }
$data merge entity $(bone_rightleg) { transformation: [-0.9999549388875208f,0.005079149438828727f,0.008020126896282537f,-0.06249999999999992f,0.006718993746882822f,0.9754875251290314f,0.21995213897724816f,0.75f,-0.006706363954019963f,0.21999611487163903f,-0.9754776953492585f,-0.7087234589392245f,0f,0f,0f,1f], start_interpolation: 0, interpolation_duration: 1 }
data modify entity @s data merge value {"locators":{},"cameras":{"camera":{"posx":-0.9999999999999996,"posy":1.7713541666666668,"posz":-3.25,"roty":347.8504038216429,"rotx":5.627037239327159}}}