# This file was generated by Animated Java via MC-Build. It is not recommended to edit this file directly.
$data merge entity $(bone_left_eye) { transformation: [-0.9996988188248072f,-0.0004680483951392071f,0.024536759586083045f,0.18121115035779542f,0.0016358262646636985f,0.9963236364556914f,0.08565357851332894f,1.6643099166773212f,-0.0244866435576064f,0.08566791914367347f,-0.9960227968861333f,-0.3817168952922768f,0f,0f,0f,1f], start_interpolation: 0, interpolation_duration: 1 }
$data merge entity $(bone_right_eye) { transformation: [-0.9996988188248072f,-0.0004680483951392071f,0.024536759586083045f,-0.06871355434840637f,0.0016358262646636985f,0.9963236364556914f,0.08565357851332894f,1.6647188732434872f,-0.0244866435576064f,0.08566791914367347f,-0.9960227968861333f,-0.3878385561816784f,0f,0f,0f,1f], start_interpolation: 0, interpolation_duration: 1 }
$data merge entity $(bone_right_close) { transformation: [-0.9996988188248072f,-0.0004680483951392071f,0.024536759586083045f,-0.06874280737310257f,0.0016358262646636985f,0.9963236364556914f,0.08565357851332894f,1.726989100521968f,-0.0244866435576064f,0.08566791914367347f,-0.9960227968861333f,-0.3824843112351988f,0f,0f,0f,1f], start_interpolation: 0, interpolation_duration: 1 }
$data merge entity $(bone_left_close) { transformation: [-0.9996988188248072f,-0.0004680483951392071f,0.024536759586083045f,0.18118189733309922f,0.0016358262646636985f,0.9963236364556914f,0.08565357851332894f,1.726580143955802f,-0.0244866435576064f,0.08566791914367347f,-0.9960227968861333f,-0.37636265034579724f,0f,0f,0f,1f], start_interpolation: 0, interpolation_duration: 1 }
$data merge entity $(bone_left_eyebrow) { transformation: [-0.9996988188248072f,-0.0004680483951392071f,0.024536759586083045f,0.18119206499550355f,0.0016358262646636985f,0.9963236364556914f,0.08565357851332894f,1.7016666996957528f,-0.0244866435576064f,0.08566791914367347f,-0.9960227968861333f,-0.3784420968995837f,0f,0f,0f,1f], start_interpolation: 0, interpolation_duration: 1 }
$data merge entity $(bone_right_eyebrow) { transformation: [-0.9996988188248072f,-0.0004680483951392071f,0.024536759586083045f,-0.06873263971069823f,0.0016358262646636985f,0.9963236364556914f,0.08565357851332894f,1.7020756562619188f,-0.0244866435576064f,0.08566791914367347f,-0.9960227968861333f,-0.38456375778898527f,0f,0f,0f,1f], start_interpolation: 0, interpolation_duration: 1 }
$data merge entity $(bone_talking) { transformation: [-0.9996988188248072f,-0.0004680483951392071f,0.024536759586083045f,0.06403354747413027f,0.0016358262646636985f,0.9963236364556914f,0.08565357851332894f,1.4422002291318967f,-0.0244866435576064f,0.08566791914367347f,-0.9960227968861333f,-0.7174518295498127f,0f,0f,0f,1f], start_interpolation: 0, interpolation_duration: 1 }
$data merge entity $(bone_m_opened) { transformation: [-0.9996988188248072f,-0.0004680483951392071f,0.024536759586083045f,0.06403354747413027f,0.0016358262646636985f,0.9963236364556914f,0.08565357851332894f,1.4422002291318967f,-0.0244866435576064f,0.08566791914367347f,-0.9960227968861333f,-0.7174518295498127f,0f,0f,0f,1f], start_interpolation: 0, interpolation_duration: 1 }
$data merge entity $(bone_head) { transformation: [-0.9996988188248072f,-0.0004680483951392071f,0.024536759586083045f,0.06250000000000008f,0.0016358262646636985f,0.9963236364556914f,0.08565357851332894f,1.4368468804748136f,-0.0244866435576064f,0.08566791914367347f,-0.9960227968861333f,-0.6552004047444293f,0f,0f,0f,1f], start_interpolation: 0, interpolation_duration: 1 }
$data merge entity $(item_display_r_item) { transformation: [-0.4373302849670064f,0.006677465545674726f,-0.01019231595680366f,-0.23353170133437334f,-0.009407662176367319f,0.047539316946409345f,0.4348077267444131f,0.7043845003645381f,0.007743884235468352f,0.43485822379041555f,-0.04737728842802741f,-0.46848885966227266f,0f,0f,0f,1f], start_interpolation: 0, interpolation_duration: 1 }
$data merge entity $(bone_rightarm) { transformation: [-0.999612079924586f,-0.023296722186979788f,-0.015262778390113666f,-0.24999999999999992f,-0.02150322783169673f,0.9938462325586584f,-0.10866129587750685f,1.3119557337290113f,0.01770030682392766f,-0.10829094497834814f,-0.9939616543780927f,-0.6604159070710018f,0f,0f,0f,1f], start_interpolation: 0, interpolation_duration: 1 }
$data merge entity $(item_display_l_item) { transformation: [-0.43749999165894377f,0.00007954572491464154f,-0.00003115929645240691f,0.375067240630622f,-0.00004106223487221726f,-0.0558690676554131f,0.43391807474822675f,0.6761101790442836f,0.00007491539878358563f,0.4339180693999646f,0.05586907405614044f,-0.6162522787512127f,0f,0f,0f,1f], start_interpolation: 0, interpolation_duration: 1 }
$data merge entity $(bone_leftarm) { transformation: [-0.9999999809347286f,-0.00007122124903407289f,-0.00018181879980489496f,0.3750000000000001f,-0.0000938565368507823f,0.9918127422816612f,0.12770072606951588f,1.3119557337290113f,0.0001712351972196243f,0.1277007406997498f,-0.9918127300570619f,-0.6604159070710018f,0f,0f,0f,1f], start_interpolation: 0, interpolation_duration: 1 }
$data merge entity $(bone_body) { transformation: [-1f,-5.109718584146096e-18f,1.223580344832713e-16f,0.06250000000000008f,0f,0.9991291739664181f,0.041724018612580224f,0.6875f,-1.2246467991473532e-16f,0.041724018612580224f,-0.9991291739664181f,-0.6864934187038645f,0f,0f,0f,1f], start_interpolation: 0, interpolation_duration: 1 }
$data merge entity $(bone_leftleg) { transformation: [-0.9999887345949711f,-0.004064077493796115f,-0.0024523371042499634f,0.18750000000000008f,-0.003359572495270147f,0.9709686927785856f,-0.23918300716500265f,0.7604166666666667f,0.0033532008286837707f,-0.23917207386726633f,-0.9709714079859578f,-0.6864934187038645f,0f,0f,0f,1f], start_interpolation: 0, interpolation_duration: 1 }
$data merge entity $(bone_rightleg) { transformation: [-0.9999887345949711f,0.0024589040275956368f,0.00406010765023993f,-0.06249999999999992f,0.0033595724952701464f,0.9709039655301065f,0.23944561593514868f,0.75f,-0.0033532008286840153f,0.23945655870929233f,-0.9709012887700303f,-0.6864934187038645f,0f,0f,0f,1f], start_interpolation: 0, interpolation_duration: 1 }
data modify entity @s data merge value {"locators":{},"cameras":{"camera":{"posx":-0.9999999999999996,"posy":1.7770833333333333,"posz":-3.25,"roty":348.02253582098524,"rotx":5.626730727096196}}}