# This file was generated by Animated Java via MC-Build. It is not recommended to edit this file directly.
$data merge entity $(bone_left_eye) { transformation: [-0.9990482222455461f,2.544018927123309e-8f,0.04361937216436347f,0.1764761910996498f,0.002989594041060341f,0.9976485314719521f,0.06847240304916319f,1.6687064990369578f,-0.04351680084155487f,0.06853763675424436f,-0.9966989918689894f,-0.35923199316677634f,0f,0f,0f,1f], start_interpolation: 0, interpolation_duration: 1 }
$data merge entity $(bone_right_eye) { transformation: [-0.9990482222455461f,2.544018927123309e-8f,0.04361937216436347f,-0.07328586446173674f,0.002989594041060341f,0.9976485314719521f,0.06847240304916319f,1.669453897547223f,-0.04351680084155487f,0.06853763675424436f,-0.9966989918689894f,-0.370111193377165f,0f,0f,0f,1f], start_interpolation: 0, interpolation_duration: 1 }
$data merge entity $(bone_right_close) { transformation: [-0.9990482222455461f,2.544018927123309e-8f,0.04361937216436347f,-0.07328586287172492f,0.002989594041060341f,0.9976485314719521f,0.06847240304916319f,1.73180693076422f,-0.04351680084155487f,0.06853763675424436f,-0.9966989918689894f,-0.36582759108002477f,0f,0f,0f,1f], start_interpolation: 0, interpolation_duration: 1 }
$data merge entity $(bone_left_close) { transformation: [-0.9990482222455461f,2.544018927123309e-8f,0.04361937216436347f,0.1764761926896616f,0.002989594041060341f,0.9976485314719521f,0.06847240304916319f,1.7310595322539548f,-0.04351680084155487f,0.06853763675424436f,-0.9966989918689894f,-0.3549483908696361f,0f,0f,0f,1f], start_interpolation: 0, interpolation_duration: 1 }
$data merge entity $(bone_left_eyebrow) { transformation: [-0.9990482222455461f,2.544018927123309e-8f,0.04361937216436347f,0.17647346584289658f,0.002989594041060341f,0.9976485314719521f,0.06847240304916319f,1.7061140394419656f,-0.04351680084155487f,0.06853763675424436f,-0.9966989918689894f,-0.3565995381015003f,0f,0f,0f,1f], start_interpolation: 0, interpolation_duration: 1 }
$data merge entity $(bone_right_eyebrow) { transformation: [-0.9990482222455461f,2.544018927123309e-8f,0.04361937216436347f,-0.07328858971848994f,0.002989594041060341f,0.9976485314719521f,0.06847240304916319f,1.7068614379522307f,-0.04351680084155487f,0.06853763675424436f,-0.9966989918689894f,-0.36747873831188904f,0f,0f,0f,1f], start_interpolation: 0, interpolation_duration: 1 }
$data merge entity $(bone_talking) { transformation: [-0.9990482222455461f,2.544018927123309e-8f,0.04361937216436347f,0.06522621076027278f,0.002989594041060341f,0.9976485314719521f,0.06847240304916319f,1.441065691376966f,-0.04351680084155487f,0.06853763675424436f,-0.9966989918689894f,-0.6932744374195909f,0f,0f,0f,1f], start_interpolation: 0, interpolation_duration: 1 }
$data merge entity $(bone_m_opened) { transformation: [-0.9990482222455461f,2.544018927123309e-8f,0.04361937216436347f,0.06522621076027278f,0.002989594041060341f,0.9976485314719521f,0.06847240304916319f,1.441065691376966f,-0.04351680084155487f,0.06853763675424436f,-0.9966989918689894f,-0.6932744374195909f,0f,0f,0f,1f], start_interpolation: 0, interpolation_duration: 1 }
$data merge entity $(bone_head) { transformation: [-0.9990482222455461f,2.544018927123309e-8f,0.04361937216436347f,0.06250000000000007f,0.002989594041060341f,0.9976485314719521f,0.06847240304916319f,1.4367861661863932f,-0.04351680084155487f,0.06853763675424436f,-0.9966989918689894f,-0.6309807504277791f,0f,0f,0f,1f], start_interpolation: 0, interpolation_duration: 1 }
$data merge entity $(item_display_r_item) { transformation: [-0.4375f,-5.352730279549091e-17f,2.337052511400579e-18f,-0.24999999999999997f,0f,0.019083481972334605f,0.4370835969420628f,0.692952423420667f,-5.35782974626967e-17f,0.4370835969420628f,-0.019083481972334605f,-0.484290029047379f,0f,0f,0f,1f], start_interpolation: 0, interpolation_duration: 1 }
$data merge entity $(bone_rightarm) { transformation: [-1f,5.341834311772725e-18f,1.223481206754078e-16f,-0.24999999999999994f,0f,0.9990482215818578f,-0.043619387365336014f,1.311905138488661f,-1.2246467991473532e-16f,-0.043619387365336014f,-0.9990482215818578f,-0.6364331738484462f,0f,0f,0f,1f], start_interpolation: 0, interpolation_duration: 1 }
$data merge entity $(item_display_l_item) { transformation: [-0.4375f,-5.311992770054812e-17f,-6.993371153439041e-18f,0.37500000000000006f,0f,-0.05710520909627248f,0.43375712685104206f,0.6759363261025231f,-5.35782974626967e-17f,0.43375712685104206f,0.05710520909627248f,-0.594081436314252f,0f,0f,0f,1f], start_interpolation: 0, interpolation_duration: 1 }
$data merge entity $(bone_leftarm) { transformation: [-1f,-1.5984848350717836e-17f,1.2141697760125285e-16f,0.37500000000000006f,0f,0.9914448613738104f,0.1305261922200516f,1.311905138488661f,-1.2246467991473532e-16f,0.1305261922200516f,-0.9914448613738104f,-0.6364331738484461f,0f,0f,0f,1f], start_interpolation: 0, interpolation_duration: 1 }
$data merge entity $(bone_body) { transformation: [-1f,-5.341834311772723e-18f,1.223481206754078e-16f,0.06250000000000007f,0f,0.9990482215818578f,0.043619387365336f,0.6875f,-1.2246467991473532e-16f,0.043619387365336f,-0.9990482215818578f,-0.6636952909517811f,0f,0f,0f,1f], start_interpolation: 0, interpolation_duration: 1 }
$data merge entity $(bone_leftleg) { transformation: [-1f,3.169619151431765e-17f,1.1829179713786698e-16f,0.18750000000000006f,0f,0.9659258262890683f,-0.25881904510252074f,0.75f,-1.2246467991473532e-16f,-0.25881904510252074f,-0.9659258262890683f,-0.6636952909517811f,0f,0f,0f,1f], start_interpolation: 0, interpolation_duration: 1 }
$data merge entity $(bone_rightleg) { transformation: [-1f,-3.169619151431765e-17f,1.1829179713786698e-16f,-0.06249999999999993f,0f,0.9659258262890683f,0.25881904510252074f,0.75f,-1.2246467991473532e-16f,0.25881904510252074f,-0.9659258262890683f,-0.6636952909517811f,0f,0f,0f,1f], start_interpolation: 0, interpolation_duration: 1 }
data modify entity @s data merge value {"locators":{},"cameras":{"camera":{"posx":-0.9999999999999996,"posy":1.7828125,"posz":-3.25,"roty":348.1794214883497,"rotx":5.62488617414679}}}