# This file was generated by Animated Java via MC-Build. It is not recommended to edit this file directly.
$data merge entity $(bone_left_eye) { transformation: [-0.9965866853715931f,0.00025598970554525143f,0.08255248639097365f,0.16655457102918422f,0.005298365671956717f,0.9981317880312363f,0.06086756971305372f,1.6704301279967069f,-0.08238267937659874f,0.06109720280698519f,-0.9947262065251397f,-0.33315336031414317f,0f,0f,0f,1f], start_interpolation: 0, interpolation_duration: 1 }
$data merge entity $(bone_right_eye) { transformation: [-0.9965866853715931f,0.00025598970554525143f,0.08255248639097365f,-0.08259210031371406f,0.005298365671956717f,0.9981317880312363f,0.06086756971305372f,1.671754719414696f,-0.08238267937659874f,0.06109720280698519f,-0.9947262065251397f,-0.3537490301582929f,0f,0f,0f,1f], start_interpolation: 0, interpolation_duration: 1 }
$data merge entity $(bone_right_close) { transformation: [-0.9965866853715931f,0.00025598970554525143f,0.08255248639097365f,-0.08257610095711747f,0.005298365671956717f,0.9981317880312363f,0.06086756971305372f,1.7341379561666481f,-0.08238267937659874f,0.06109720280698519f,-0.9947262065251397f,-0.3499304549828563f,0f,0f,0f,1f], start_interpolation: 0, interpolation_duration: 1 }
$data merge entity $(bone_left_close) { transformation: [-0.9965866853715931f,0.00025598970554525143f,0.08255248639097365f,0.16657057038578083f,0.005298365671956717f,0.9981317880312363f,0.06086756971305372f,1.732813364748659f,-0.08238267937659874f,0.06109720280698519f,-0.9947262065251397f,-0.32933478513870657f,0f,0f,0f,1f], start_interpolation: 0, interpolation_duration: 1 }
$data merge entity $(bone_left_eyebrow) { transformation: [-0.9965866853715931f,0.00025598970554525143f,0.08255248639097365f,0.16655901111274274f,0.005298365671956717f,0.9981317880312363f,0.06086756971305372f,1.7078562658247711f,-0.08238267937659874f,0.06109720280698519f,-0.9947262065251397f,-0.3308000448209734f,0f,0f,0f,1f], start_interpolation: 0, interpolation_duration: 1 }
$data merge entity $(bone_right_eyebrow) { transformation: [-0.9965866853715931f,0.00025598970554525143f,0.08255248639097365f,-0.08258766023015554f,0.005298365671956717f,0.9981317880312363f,0.06086756971305372f,1.7091808572427605f,-0.08238267937659874f,0.06109720280698519f,-0.9947262065251397f,-0.3513957146651231f,0f,0f,0f,1f], start_interpolation: 0, interpolation_duration: 1 }
$data merge entity $(bone_talking) { transformation: [-0.9965866853715931f,0.00025598970554525143f,0.08255248639097365f,0.06771488992852805f,0.005298365671956717f,0.9981317880312363f,0.06086756971305372f,1.4405805922332215f,-0.08238267937659874f,0.06109720280698519f,-0.9947262065251397f,-0.6695774354770705f,0f,0f,0f,1f], start_interpolation: 0, interpolation_duration: 1 }
$data merge entity $(bone_m_opened) { transformation: [-0.9965866853715931f,0.00025598970554525143f,0.08255248639097365f,0.06771488992852805f,0.005298365671956717f,0.9981317880312363f,0.06086756971305372f,1.4405805922332215f,-0.08238267937659874f,0.06109720280698519f,-0.9947262065251397f,-0.6695774354770705f,0f,0f,0f,1f], start_interpolation: 0, interpolation_duration: 1 }
$data merge entity $(bone_head) { transformation: [-0.9965866853715931f,0.00025598970554525143f,0.08255248639097365f,0.06255535952909219f,0.005298365671956717f,0.9981317880312363f,0.06086756971305372f,1.4367763691261557f,-0.08238267937659874f,0.06109720280698519f,-0.9947262065251397f,-0.6074070475692492f,0f,0f,0f,1f], start_interpolation: 0, interpolation_duration: 1 }
$data merge entity $(item_display_r_item) { transformation: [-0.43705618310028427f,-0.01828339186122284f,-0.0073389642225459096f,-0.24449432012167582f,-0.0075657668573271665f,0.005282530168198506f,0.43740267951497813f,0.6890582022028277f,-0.018190711521856646f,0.4370858753804234f,-0.005593349377389959f,-0.49116721668478525f,0f,0f,0f,1f], start_interpolation: 0, interpolation_duration: 1 }
$data merge entity $(bone_rightarm) { transformation: [-0.9989855613720783f,-0.01677477536581923f,0.04179060996850935f,-0.24975472847924918f,-0.01729318138817638f,0.9997775531770929f,-0.012074354670167792f,1.3124098786047398f,-0.041578769192815196f,-0.012784798576891111f,-0.9990534294409679f,-0.6240393944754632f,0f,0f,0f,1f], start_interpolation: 0, interpolation_duration: 1 }
$data merge entity $(item_display_l_item) { transformation: [-0.437221205988223f,-0.015552240538866039f,-0.0014123910312314636f,0.37242119853743844f,0.0007180660661206362f,-0.05954918200053061f,0.43342776711257475f,0.6751874934921663f,-0.015599724847847067f,0.4331492499558194f,0.05953676047101092f,-0.5630496596640348f,0f,0f,0f,1f], start_interpolation: 0, interpolation_duration: 1 }
$data merge entity $(bone_leftarm) { transformation: [-0.9993627565445098f,-0.0032283223571004964f,0.03554797837455095f,0.3748469943610695f,0.0016412938654185969f,0.9906920391144566f,0.13611241600121304f,1.3113840699388533f,-0.03565651393793615f,0.13608402393373947f,-0.9900554284704444f,-0.6017540732642531f,0f,0f,0f,1f], start_interpolation: 0, interpolation_duration: 1 }
$data merge entity $(bone_body) { transformation: [-0.9993627565445098f,0.00007381270545616025f,0.035694192573070056f,0.06250000000000007f,0.0016412938654185969f,0.9990351588348743f,0.043886872367769066f,0.6875f,-0.03565651393793615f,0.04391749040487202f,-0.9983986513664428f,-0.6403451653729032f,0f,0f,0f,1f], start_interpolation: 0, interpolation_duration: 1 }
$data merge entity $(bone_leftleg) { transformation: [-1f,2.6031740146088333e-17f,1.1966597817084481e-16f,0.18750000000000006f,0f,0.9771468659711595f,-0.2125652895529768f,0.7542613636363636f,-1.2246467991473532e-16f,-0.2125652895529768f,-0.9771468659711595f,-0.6403451653729032f,0f,0f,0f,1f], start_interpolation: 0, interpolation_duration: 1 }
$data merge entity $(bone_rightleg) { transformation: [-1f,-2.6031740146088333e-17f,1.1966597817084481e-16f,-0.06249999999999993f,0f,0.9771468659711595f,0.2125652895529768f,0.7589285714285714f,-1.2246467991473532e-16f,0.2125652895529768f,-0.9771468659711595f,-0.6403451653729032f,0f,0f,0f,1f], start_interpolation: 0, interpolation_duration: 1 }
$data merge entity $(text_display_text) { transformation: [-2f,0f,7.347880794884119e-16f,6.888638245203861e-17f,0f,2f,0f,2.375f,-7.347880794884119e-16f,0f,-2f,-0.5624999999999999f,0f,0f,0f,1f], start_interpolation: 0, interpolation_duration: 1 }
data modify entity @s data merge value {"locators":{},"cameras":{"camera":{"posx":-0.9999999999999996,"posy":1.7885416666666667,"posz":-3.25,"roty":348.31977630905715,"rotx":5.621489934226842}}}