# This file was generated by Animated Java via MC-Build. It is not recommended to edit this file directly.
$data merge entity $(bone_left_eye) { transformation: [-0.9922383435495131f,0.001680552420945485f,0.12433923489260829f,0.1559598795640284f,0.008318106114396318f,0.9985660836570157f,0.05288275409393503f,1.6721494529376266f,-0.12407207059120279f,0.05350656327452189f,-0.9908295357859299f,-0.30680977601877685f,0f,0f,0f,1f], start_interpolation: 0, interpolation_duration: 1 }
$data merge entity $(bone_right_eye) { transformation: [-0.9922383435495131f,0.001680552420945485f,0.12433923489260829f,-0.09209970632334988f,0.008318106114396318f,0.9985660836570157f,0.05288275409393503f,1.6742289794662257f,-0.12407207059120279f,0.05350656327452189f,-0.9908295357859299f,-0.3378277936665775f,0f,0f,0f,1f], start_interpolation: 0, interpolation_duration: 1 }
$data merge entity $(bone_right_close) { transformation: [-0.9922383435495131f,0.001680552420945485f,0.12433923489260829f,-0.0919946717970408f,0.008318106114396318f,0.9985660836570157f,0.05288275409393503f,1.736639359694789f,-0.12407207059120279f,0.05350656327452189f,-0.9908295357859299f,-0.3344836334619199f,0f,0f,0f,1f], start_interpolation: 0, interpolation_duration: 1 }
$data merge entity $(bone_left_close) { transformation: [-0.9922383435495131f,0.001680552420945485f,0.12433923489260829f,0.1560649140903375f,0.008318106114396318f,0.9985660836570157f,0.05288275409393503f,1.73455983316619f,-0.12407207059120279f,0.05350656327452189f,-0.9908295357859299f,-0.30346561581411924f,0f,0f,0f,1f], start_interpolation: 0, interpolation_duration: 1 }
$data merge entity $(bone_left_eyebrow) { transformation: [-0.9922383435495131f,0.001680552420945485f,0.12433923489260829f,0.15601512907763304f,0.008318106114396318f,0.9985660836570157f,0.05288275409393503f,1.709592375902634f,-0.12407207059120279f,0.05350656327452189f,-0.9908295357859299f,-0.30474135304999556f,0f,0f,0f,1f], start_interpolation: 0, interpolation_duration: 1 }
$data merge entity $(bone_right_eyebrow) { transformation: [-0.9922383435495131f,0.001680552420945485f,0.12433923489260829f,-0.09204445680974523f,0.008318106114396318f,0.9985660836570157f,0.05288275409393503f,1.711671902431233f,-0.12407207059120279f,0.05350656327452189f,-0.9908295357859299f,-0.33575937069779627f,0f,0f,0f,1f], start_interpolation: 0, interpolation_duration: 1 }
$data merge entity $(bone_talking) { transformation: [-0.9922383435495131f,0.001680552420945485f,0.12433923489260829f,0.07036595941904297f,0.008318106114396318f,0.9985660836570157f,0.05288275409393503f,1.440073555942027f,-0.12407207059120279f,0.05350656327452189f,-0.9908295357859299f,-0.6453296555944107f,0f,0f,0f,1f], start_interpolation: 0, interpolation_duration: 1 }
$data merge entity $(bone_m_opened) { transformation: [-0.9922383435495131f,0.001680552420945485f,0.12433923489260829f,0.07036595941904297f,0.008318106114396318f,0.9985660836570157f,0.05288275409393503f,1.440073555942027f,-0.12407207059120279f,0.05350656327452189f,-0.9908295357859299f,-0.6453296555944107f,0f,0f,0f,1f], start_interpolation: 0, interpolation_duration: 1 }
$data merge entity $(bone_head) { transformation: [-0.9922383435495131f,0.001680552420945485f,0.12433923489260829f,0.06259475723825496f,0.008318106114396318f,0.9985660836570157f,0.05288275409393503f,1.436768383811156f,-0.12407207059120279f,0.05350656327452189f,-0.9908295357859299f,-0.5834028096077901f,0f,0f,0f,1f], start_interpolation: 0, interpolation_duration: 1 }
$data merge entity $(item_display_r_item) { transformation: [-0.435725640831457f,-0.036058422971135935f,-0.01578626158565824f,-0.23687534155619397f,-0.015130539547738395f,-0.008549300891203572f,0.4371546937038031f,0.6859648071021329f,-0.036338446513444915f,0.4359276884841181f,0.0072675799192840505f,-0.497025311797048f,0f,0f,0f,1f], start_interpolation: 0, interpolation_duration: 1 }
$data merge entity $(bone_rightarm) { transformation: [-0.9959443219004731f,-0.03608288362436171f,0.08241925250545355f,-0.24912473725823833f,-0.03458409039483062f,0.9992107284658357f,0.0195412591798941f,1.312914169790767f,-0.08305930631644552f,0.01661161124407805f,-0.9964061451065557f,-0.6111938229078187f,0f,0f,0f,1f], start_interpolation: 0, interpolation_duration: 1 }
$data merge entity $(item_display_l_item) { transformation: [-0.4363851822728311f,-0.03106965396540341f,-0.002983168647276069f,0.36966729149465666f,0.0014333899273916014f,-0.061718972484558106f,0.4331223427956198f,0.6744862737623052f,-0.031179610100577765f,0.4320089062020833f,0.06166349711178809f,-0.5313111168660956f,0f,0f,0f,1f], start_interpolation: 0, interpolation_duration: 1 }
$data merge entity $(bone_leftarm) { transformation: [-0.9974518451950425f,-0.006818671193773888f,0.07101635192092208f,0.3742826659886632f,0.003276319834037946f,0.9899939263899881f,0.1410719371075616f,1.310866469894493f,-0.07126768022989204f,0.14094513625551586f,-0.9874489284619048f,-0.5666515227641362f,0f,0f,0f,1f], start_interpolation: 0, interpolation_duration: 1 }
$data merge entity $(bone_body) { transformation: [-0.9974518451950425f,0.00012634298433982448f,0.07134283814410079f,0.06250000000000008f,0.003276319834037946f,0.9990245117482078f,0.04403737792603006f,0.6875f,-0.07126768022989204f,0.044158905825498196f,-0.9964792565783518f,-0.6165219889769138f,0f,0f,0f,1f], start_interpolation: 0, interpolation_duration: 1 }
$data merge entity $(bone_leftleg) { transformation: [-1f,2.0308318513735843e-17f,1.2076907727462038e-16f,0.18750000000000008f,0f,0.9861543537181865f,-0.16583000525437444f,0.7585227272727273f,-1.2246467991473532e-16f,-0.16583000525437444f,-0.9861543537181865f,-0.6165219889769138f,0f,0f,0f,1f], start_interpolation: 0, interpolation_duration: 1 }
$data merge entity $(bone_rightleg) { transformation: [-1f,-2.0308318513735843e-17f,1.2076907727462038e-16f,-0.06249999999999992f,0f,0.9861543537181865f,0.16583000525437444f,0.7678571428571428f,-1.2246467991473532e-16f,0.16583000525437444f,-0.9861543537181865f,-0.6165219889769138f,0f,0f,0f,1f], start_interpolation: 0, interpolation_duration: 1 }
$data merge entity $(text_display_text) { transformation: [-2f,0f,7.347880794884119e-16f,6.888638245203862e-17f,0f,2f,0f,2.375f,-7.347880794884119e-16f,0f,-2f,-0.5625f,0f,0f,0f,1f], start_interpolation: 0, interpolation_duration: 1 }
data modify entity @s data merge value {"locators":{},"cameras":{"camera":{"posx":-0.9999999999999996,"posy":1.7942708333333333,"posz":-3.25,"roty":348.44231573412185,"rotx":5.616528646499214}}}