# This file was generated by Animated Java via MC-Build. It is not recommended to edit this file directly.
$data merge entity $(bone_left_eye) { transformation: [-0.9865371253543291f,0.0035163993875803284f,0.16349964903009379f,0.1459410759970207f,0.011152345543473559f,0.9988879736990924f,0.04580874576104543f,1.6736380449695734f,-0.16315675127464319f,0.04701543294140932f,-0.9854792862251526f,-0.2804866338070386f,0f,0f,0f,1f], start_interpolation: 0, interpolation_duration: 1 }
$data merge entity $(bone_right_eye) { transformation: [-0.9865371253543291f,0.0035163993875803284f,0.16349964903009379f,-0.10069320534156159f,0.011152345543473559f,0.9988879736990924f,0.04580874576104543f,1.6764261313554418f,-0.16315675127464319f,0.04701543294140932f,-0.9854792862251526f,-0.3212758216256994f,0f,0f,0f,1f], start_interpolation: 0, interpolation_duration: 1 }
$data merge entity $(bone_right_close) { transformation: [-0.9865371253543291f,0.0035163993875803284f,0.16349964903009379f,-0.10047343037983782f,0.011152345543473559f,0.9988879736990924f,0.04580874576104543f,1.7388566297116352f,-0.16315675127464319f,0.04701543294140932f,-0.9854792862251526f,-0.31833735706686134f,0f,0f,0f,1f], start_interpolation: 0, interpolation_duration: 1 }
$data merge entity $(bone_left_close) { transformation: [-0.9865371253543291f,0.0035163993875803284f,0.16349964903009379f,0.14616085095874448f,0.011152345543473559f,0.9988879736990924f,0.04580874576104543f,1.7360685433257668f,-0.16315675127464319f,0.04701543294140932f,-0.9854792862251526f,-0.2775481692482005f,0f,0f,0f,1f], start_interpolation: 0, interpolation_duration: 1 }
$data merge entity $(bone_left_eyebrow) { transformation: [-0.9865371253543291f,0.0035163993875803284f,0.16349964903009379f,0.14606272224599057f,0.011152345543473559f,0.9988879736990924f,0.04580874576104543f,1.7110934809366793f,-0.16315675127464319f,0.04701543294140932f,-0.9854792862251526f,-0.2786619626163466f,0f,0f,0f,1f], start_interpolation: 0, interpolation_duration: 1 }
$data merge entity $(bone_right_eyebrow) { transformation: [-0.9865371253543291f,0.0035163993875803284f,0.16349964903009379f,-0.10057155909259172f,0.011152345543473559f,0.9988879736990924f,0.04580874576104543f,1.7138815673225478f,-0.16315675127464319f,0.04701543294140932f,-0.9854792862251526f,-0.31945115043500744f,0f,0f,0f,1f], start_interpolation: 0, interpolation_duration: 1 }
$data merge entity $(bone_talking) { transformation: [-0.9865371253543291f,0.0035163993875803284f,0.16349964903009379f,0.07283847580273878f,0.011152345543473559f,0.9988879736990924f,0.04580874576104543f,1.4396253277880613f,-0.16315675127464319f,0.04701543294140932f,-0.9854792862251526f,-0.6205973628970815f,0f,0f,0f,1f], start_interpolation: 0, interpolation_duration: 1 }
$data merge entity $(bone_m_opened) { transformation: [-0.9865371253543291f,0.0035163993875803284f,0.16349964903009379f,0.07283847580273878f,0.011152345543473559f,0.9988879736990924f,0.04580874576104543f,1.4396253277880613f,-0.16315675127464319f,0.04701543294140932f,-0.9854792862251526f,-0.6205973628970815f,0f,0f,0f,1f], start_interpolation: 0, interpolation_duration: 1 }
$data merge entity $(bone_head) { transformation: [-0.9865371253543291f,0.0035163993875803284f,0.16349964903009379f,0.06261974773835792f,0.011152345543473559f,0.9988879736990924f,0.04580874576104543f,1.4367622811779959f,-0.16315675127464319f,0.04701543294140932f,-0.9854792862251526f,-0.5590049075080095f,0f,0f,0f,1f], start_interpolation: 0, interpolation_duration: 1 }
$data merge entity $(item_display_r_item) { transformation: [-0.43351168328147927f,-0.053242929116486516f,-0.025279655012582957f,-0.22720797091142592f,-0.02269500082185551f,-0.022386125083378793f,0.4363370810983721f,0.6836813935879671f,-0.05439492068340935f,0.4336707298202728f,0.019420110735974012f,-0.50175612764514f,0f,0f,0f,1f], start_interpolation: 0, interpolation_duration: 1 }
$data merge entity $(bone_rightarm) { transformation: [-0.990883847500524f,-0.05778206860018964f,0.1216981236948263f,-0.24810949832469115f,-0.051874287592812596f,0.9973418996534219f,0.05116828590486604f,1.313416116609464f,-0.12433124727636423f,0.04438882453936939f,-0.9912473824463379f,-0.5979190351138264f,0f,0f,0f,1f], start_interpolation: 0, interpolation_duration: 1 }
$data merge entity $(item_display_l_item) { transformation: [-0.4349930033493185f,-0.04653609774393139f,-0.004661399350736118f,0.36667219189140654f,0.002143235212254564f,-0.06339394594316262f,0.4328774239442158f,0.67384547611646f,-0.046719841394901276f,0.4303740805677343f,0.06325865312755741f,-0.49858188599826825f,0f,0f,0f,1f], start_interpolation: 0, interpolation_duration: 1 }
$data merge entity $(bone_leftarm) { transformation: [-0.9942697219412995f,-0.010654627087396866f,0.10636822341470031f,0.37330907788862105f,0.004898823342296146f,0.9894341118724932f,0.1449004478700862f,1.310354352020529f,-0.10678820890263149f,0.14459120714870285f,-0.9837121841548213f,-0.5311764045496816f,0f,0f,0f,1f], start_interpolation: 0, interpolation_duration: 1 }
$data merge entity $(bone_body) { transformation: [-0.9942697219412995f,0.0001596636511438101f,0.10690039540754559f,0.06250000000000006f,0.004898823342296146f,0.9990163749039944f,0.04407135354788564f,0.6875f,-0.10678820890263149f,0.04434249858995613f,-0.9932925154546206f,-0.5922617814504766f,0f,0f,0f,1f], start_interpolation: 0, interpolation_duration: 1 }
$data merge entity $(bone_leftleg) { transformation: [-1f,1.4538892008104344e-17f,1.2159859557492947e-16f,0.18750000000000006f,0f,0.9929278846732882f,-0.11871906265730565f,0.7627840909090908f,-1.2246467991473532e-16f,-0.11871906265730565f,-0.9929278846732882f,-0.5922617814504766f,0f,0f,0f,1f], start_interpolation: 0, interpolation_duration: 1 }
$data merge entity $(bone_rightleg) { transformation: [-1f,-1.4538892008104344e-17f,1.2159859557492947e-16f,-0.062499999999999944f,0f,0.9929278846732882f,0.11871906265730565f,0.7767857142857142f,-1.2246467991473532e-16f,0.11871906265730565f,-0.9929278846732882f,-0.5922617814504766f,0f,0f,0f,1f], start_interpolation: 0, interpolation_duration: 1 }
data modify entity @s data merge value {"locators":{},"cameras":{"camera":{"posx":-0.9999999999999996,"posy":1.7999999999999998,"posz":-3.25,"roty":348.5457551828838,"rotx":5.609989272992293}}}