# This file was generated by Animated Java via MC-Build. It is not recommended to edit this file directly.
$data merge entity $(bone_left_eye) { transformation: [-0.980850523635819f,0.004681744658036779f,0.19470575633580112f,0.13773223879102192f,0.012908422666787614f,0.9990755736319571f,0.041004521655925254f,1.674662331870537f,-0.19433379250041657f,0.04273265073608964f,-0.9800042334875256f,-0.2542614300574002f,0f,0f,0f,1f], start_interpolation: 0, interpolation_duration: 1 }
$data merge entity $(bone_right_eye) { transformation: [-0.980850523635819f,0.004681744658036779f,0.19470575633580112f,-0.10748039211793285f,0.012908422666787614f,0.9990755736319571f,0.041004521655925254f,1.677889437537234f,-0.19433379250041657f,0.04273265073608964f,-0.9800042334875256f,-0.3028448781825044f,0f,0f,0f,1f], start_interpolation: 0, interpolation_duration: 1 }
$data merge entity $(bone_right_close) { transformation: [-0.980850523635819f,0.004681744658036779f,0.19470575633580112f,-0.10718778307680556f,0.012908422666787614f,0.9990755736319571f,0.041004521655925254f,1.7403316608892314f,-0.19433379250041657f,0.04273265073608964f,-0.9800042334875256f,-0.30017408751149877f,0f,0f,0f,1f], start_interpolation: 0, interpolation_duration: 1 }
$data merge entity $(bone_left_close) { transformation: [-0.980850523635819f,0.004681744658036779f,0.19470575633580112f,0.1380248478321492f,0.012908422666787614f,0.9990755736319571f,0.041004521655925254f,1.7371045552225344f,-0.19433379250041657f,0.04273265073608964f,-0.9800042334875256f,-0.2515906393863946f,0f,0f,0f,1f], start_interpolation: 0, interpolation_duration: 1 }
$data merge entity $(bone_left_eyebrow) { transformation: [-0.980850523635819f,0.004681744658036779f,0.19470575633580112f,0.13789563510592728f,0.012908422666787614f,0.9990755736319571f,0.041004521655925254f,1.7121251030991318f,-0.19433379250041657f,0.04273265073608964f,-0.9800042334875256f,-0.2525977053902039f,0f,0f,0f,1f], start_interpolation: 0, interpolation_duration: 1 }
$data merge entity $(bone_right_eyebrow) { transformation: [-0.980850523635819f,0.004681744658036779f,0.19470575633580112f,-0.10731699580302746f,0.012908422666787614f,0.9990755736319571f,0.041004521655925254f,1.7153522087658288f,-0.19433379250041657f,0.04273265073608964f,-0.9800042334875256f,-0.301181153515308f,0f,0f,0f,1f], start_interpolation: 0, interpolation_duration: 1 }
$data merge entity $(bone_talking) { transformation: [-0.980850523635819f,0.004681744658036779f,0.19470575633580112f,0.07480103602697319f,0.012908422666787614f,0.9990755736319571f,0.041004521655925254f,1.4393209043133728f,-0.19433379250041657f,0.04273265073608964f,-0.9800042334875256f,-0.5954876397688265f,0f,0f,0f,1f], start_interpolation: 0, interpolation_duration: 1 }
$data merge entity $(bone_m_opened) { transformation: [-0.980850523635819f,0.004681744658036779f,0.19470575633580112f,0.07480103602697319f,0.012908422666787614f,0.9990755736319571f,0.041004521655925254f,1.4393209043133728f,-0.19433379250041657f,0.04273265073608964f,-0.9800042334875256f,-0.5954876397688265f,0f,0f,0f,1f], start_interpolation: 0, interpolation_duration: 1 }
$data merge entity $(bone_head) { transformation: [-0.980850523635819f,0.004681744658036779f,0.19470575633580112f,0.06263192625598561f,0.012908422666787614f,0.9990755736319571f,0.041004521655925254f,1.4367581217098775f,-0.19433379250041657f,0.04273265073608964f,-0.9800042334875256f,-0.5342373751758561f,0f,0f,0f,1f], start_interpolation: 0, interpolation_duration: 1 }
$data merge entity $(item_display_r_item) { transformation: [-0.4304202092114292f,-0.06976064764896861f,-0.035751161407511806f,-0.2155674862683007f,-0.03025979882878905f,-0.03620203295606511f,0.43494828127570434f,0.6822156977140267f,-0.07231208804363712f,0.4303825215426905f,0.030791184993839482f,-0.5052457878927608f,0f,0f,0f,1f], start_interpolation: 0, interpolation_duration: 1 }
$data merge entity $(bone_rightarm) { transformation: [-0.9838176210546953f,-0.08171694036002702f,0.15945290891192823f,-0.24670896037932655f,-0.06916525446580354f,0.9941675000587528f,0.08274750389957762f,1.3139138232381944f,-0.16528477267117056f,0.07037985141449046f,-0.983731477811864f,-0.5842248154851872f,0f,0f,0f,1f], start_interpolation: 0, interpolation_duration: 1 }
$data merge entity $(item_display_l_item) { transformation: [-0.43304645849637374f,-0.06193955738310147f,-0.006364433590974661f,0.36332386906457076f,0.002844877205281557f,-0.06435396588485708f,0.4327316994958626f,0.6732747234123149f,-0.06220065479908805f,0.42828531180286367f,0.06410163988923025f,-0.46457327652742947f,0f,0f,0f,1f], start_interpolation: 0, interpolation_duration: 1 }
$data merge entity $(bone_leftarm) { transformation: [-0.98982047656314f,-0.014547276779370684f,0.1415761311613748f,0.37192883747263594f,0.0065025764692149875f,0.9891010274191145f,0.14709477916538782f,1.309849712944935f,-0.1421729252550584f,0.1465180340325265f,-0.9789378555494027f,-0.49536673720077573f,0f,0f,0f,1f], start_interpolation: 0, interpolation_duration: 1 }
$data merge entity $(bone_body) { transformation: [-0.98982047656314f,0.00017590167464740585f,0.14232144334189165f,0.06250000000000006f,0.0065025764692149875f,0.9990108289465035f,0.04398954588174319f,0.6875f,-0.1421729252550584f,0.04446720933700286f,-0.9888425186136561f,-0.5675877821786083f,0f,0f,0f,1f], start_interpolation: 0, interpolation_duration: 1 }
$data merge entity $(bone_leftleg) { transformation: [-1f,8.736530235872725e-18f,1.2215265394602058e-16f,0.18750000000000006f,0f,0.9974521146102535f,-0.07133918319923294f,0.7670454545454545f,-1.2246467991473532e-16f,-0.07133918319923294f,-0.9974521146102535f,-0.5675877821786083f,0f,0f,0f,1f], start_interpolation: 0, interpolation_duration: 1 }
$data merge entity $(bone_rightleg) { transformation: [-1f,-8.736530235872725e-18f,1.2215265394602058e-16f,-0.062499999999999944f,0f,0.9974521146102535f,0.07133918319923294f,0.7857142857142856f,-1.2246467991473532e-16f,0.07133918319923294f,-0.9974521146102535f,-0.5675877821786083f,0f,0f,0f,1f], start_interpolation: 0, interpolation_duration: 1 }
data modify entity @s data merge value {"locators":{},"cameras":{"camera":{"posx":-0.9999999999999996,"posy":1.8057291666666666,"posz":-3.25,"roty":348.6288100458729,"rotx":5.601859136207493}}}