# This file was generated by Animated Java via MC-Build. It is not recommended to edit this file directly.
$data merge entity $(bone_left_eye) { transformation: [-0.9770913389141078f,0.003935366766042856f,0.21278399448138186f,0.13255718693232693f,0.012697559201976443f,0.9991258715038452f,0.03982794097105831f,1.6749932428544199f,-0.21244125637302258f,0.04161737353676379f,-0.9762872050839104f,-0.2281025295957988f,0f,0f,0f,1f], start_interpolation: 0, interpolation_duration: 1 }
$data merge entity $(bone_right_eye) { transformation: [-0.9770913389141078f,0.003935366766042856f,0.21278399448138186f,-0.11171564779620002f,0.012697559201976443f,0.9991258715038452f,0.03982794097105831f,1.678167632654914f,-0.21244125637302258f,0.04161737353676379f,-0.9762872050839104f,-0.2812128436890544f,0f,0f,0f,1f], start_interpolation: 0, interpolation_duration: 1 }
$data merge entity $(bone_right_close) { transformation: [-0.9770913389141078f,0.003935366766042856f,0.21278399448138186f,-0.11146968737332234f,0.012697559201976443f,0.9991258715038452f,0.03982794097105831f,1.7406129996239044f,-0.21244125637302258f,0.04161737353676379f,-0.9762872050839104f,-0.2786117578430067f,0f,0f,0f,1f], start_interpolation: 0, interpolation_duration: 1 }
$data merge entity $(bone_left_close) { transformation: [-0.9770913389141078f,0.003935366766042856f,0.21278399448138186f,0.1328031473552046f,0.012697559201976443f,0.9991258715038452f,0.03982794097105831f,1.7374386098234103f,-0.21244125637302258f,0.04161737353676379f,-0.9762872050839104f,-0.22550144374975106f,0f,0f,0f,1f], start_interpolation: 0, interpolation_duration: 1 }
$data merge entity $(bone_left_eyebrow) { transformation: [-0.9770913389141078f,0.003935366766042856f,0.21278399448138186f,0.13269146418639843f,0.012697559201976443f,0.9991258715038452f,0.03982794097105831f,1.7124579737895034f,-0.21244125637302258f,0.04161737353676379f,-0.9762872050839104f,-0.22648086013785235f,0f,0f,0f,1f], start_interpolation: 0, interpolation_duration: 1 }
$data merge entity $(bone_right_eyebrow) { transformation: [-0.9770913389141078f,0.003935366766042856f,0.21278399448138186f,-0.11158137054212851f,0.012697559201976443f,0.9991258715038452f,0.03982794097105831f,1.7156323635899975f,-0.21244125637302258f,0.04161737353676379f,-0.9762872050839104f,-0.279591174231108f,0f,0f,0f,1f], start_interpolation: 0, interpolation_duration: 1 }
$data merge entity $(bone_talking) { transformation: [-0.9770913389141078f,0.003935366766042856f,0.21278399448138186f,0.07593192615198457f,0.012697559201976443f,0.9991258715038452f,0.03982794097105831f,1.4392452014321613f,-0.21244125637302258f,0.04161737353676379f,-0.9762872050839104f,-0.5701517816153395f,0f,0f,0f,1f], start_interpolation: 0, interpolation_duration: 1 }
$data merge entity $(bone_m_opened) { transformation: [-0.9770913389141078f,0.003935366766042856f,0.21278399448138186f,0.07593192615198457f,0.012697559201976443f,0.9991258715038452f,0.03982794097105831f,1.4392452014321613f,-0.21244125637302258f,0.04161737353676379f,-0.9762872050839104f,-0.5701517816153395f,0f,0f,0f,1f], start_interpolation: 0, interpolation_duration: 1 }
$data merge entity $(bone_head) { transformation: [-0.9770913389141078f,0.003935366766042856f,0.21278399448138186f,0.06263292649689821f,0.012697559201976443f,0.9991258715038452f,0.03982794097105831f,1.4367559551214701f,-0.21244125637302258f,0.04161737353676379f,-0.9762872050839104f,-0.5091338312975952f,0f,0f,0f,1f], start_interpolation: 0, interpolation_duration: 1 }
$data merge entity $(item_display_r_item) { transformation: [-0.4264596895652383f,-0.08554163971258238f,-0.047127603919606915f,-0.2020388689929064f,-0.037825527933653f,-0.049971113159162965f,0.4329877218653833f,0.6815740480688642f,-0.09004228235923961f,0.4261358536017791f,0.04131430336605091f,-0.5073979292806926f,0f,0f,0f,1f], start_interpolation: 0, interpolation_duration: 1 }
$data merge entity $(bone_rightarm) { transformation: [-0.9747650047205446f,-0.10772023753053014f,0.195523747914474f,-0.24492354896017848f,-0.08645834956263543f,0.9896862214065905f,0.11421968722094414f,1.3144053973506014f,-0.2058109311068334f,0.09443269340811658f,-0.9740248082326379f,-0.5701305969296995f,0f,0f,0f,1f], start_interpolation: 0, interpolation_duration: 1 }
$data merge entity $(item_display_l_item) { transformation: [-0.4305480494572978f,-0.07727206449771604f,-0.007978418187651843f,0.3594651006761164f,0.0035356086491266357f,-0.06437893997473765f,0.4327228923447537f,0.6727849845094186f,-0.0776023619485674f,0.4257823741490363f,0.06398041328417316f,-0.42901856336655464f,0f,0f,0f,1f], start_interpolation: 0, interpolation_duration: 1 }
$data merge entity $(bone_leftarm) { transformation: [-0.9841098273309664f,-0.018236384428918537f,0.17662186170906521f,0.3701450931216755f,0.008081391198003739f,0.9890808967880085f,0.14715186279940057f,1.309354527851849f,-0.1773768273110112f,0.14624094464953885f,-0.9732168551977972f,-0.4592700798603175f,0f,0f,0f,1f], start_interpolation: 0, interpolation_duration: 1 }
$data merge entity $(bone_body) { transformation: [-0.9841098273309664f,0.00017723532919754353f,0.17756073985612233f,0.06250000000000006f,0.008081391198003739f,0.9990079401619603f,0.04379299726739547f,0.6875f,-0.1773768273110112f,0.04453205677930634f,-0.9831349638030805f,-0.5425328738820749f,0f,0f,0f,1f], start_interpolation: 0, interpolation_duration: 1 }
$data merge entity $(bone_leftleg) { transformation: [-1f,2.9143774126917307e-18f,1.2242999726747923e-16f,0.18750000000000006f,0f,0.9997167946931291f,-0.023797697546107447f,0.7713068181818182f,-1.2246467991473532e-16f,-0.023797697546107447f,-0.9997167946931291f,-0.5425328738820749f,0f,0f,0f,1f], start_interpolation: 0, interpolation_duration: 1 }
$data merge entity $(bone_rightleg) { transformation: [-1f,-2.9143774126917307e-18f,1.2242999726747923e-16f,-0.062499999999999944f,0f,0.9997167946931291f,0.023797697546107447f,0.7946428571428572f,-1.2246467991473532e-16f,0.023797697546107447f,-0.9997167946931291f,-0.5425328738820749f,0f,0f,0f,1f], start_interpolation: 0, interpolation_duration: 1 }
data modify entity @s data merge value {"locators":{},"cameras":{"camera":{"posx":-0.9999999999999996,"posy":1.8114583333333334,"posz":-3.25,"roty":348.6901956878602,"rotx":5.592125956938542}}}