# This file was generated by Animated Java via MC-Build. It is not recommended to edit this file directly.
$data merge entity $(bone_left_eye) { transformation: [-0.9771451135959563f,0.00016589124166458094f,0.2125732802015378f,0.13166571039077474f,0.009629132606147454f,0.9990077600870666f,0.043483043719077054f,1.674433357581529f,-0.21235514305238476f,0.044536139997959835f,-0.9761771486022828f,-0.2020060418344778f,0f,0f,0f,1f], start_interpolation: 0, interpolation_duration: 1 }
$data merge entity $(bone_right_eye) { transformation: [-0.9771451135959563f,0.00016589124166458094f,0.2125732802015378f,-0.11262056800821434f,0.009629132606147454f,0.9990077600870666f,0.043483043719077054f,1.6768406407330656f,-0.21235514305238476f,0.044536139997959835f,-0.9761771486022828f,-0.25509482759757396f,0f,0f,0f,1f], start_interpolation: 0, interpolation_duration: 1 }
$data merge entity $(bone_right_close) { transformation: [-0.9771451135959563f,0.00016589124166458094f,0.2125732802015378f,-0.1126101998056103f,0.009629132606147454f,0.9990077600870666f,0.043483043719077054f,1.7392786257385073f,-0.21235514305238476f,0.044536139997959835f,-0.9761771486022828f,-0.25231131884770147f,0f,0f,0f,1f], start_interpolation: 0, interpolation_duration: 1 }
$data merge entity $(bone_left_close) { transformation: [-0.9771451135959563f,0.00016589124166458094f,0.2125732802015378f,0.1316760785933788f,0.009629132606147454f,0.9990077600870666f,0.043483043719077054f,1.7368713425869706f,-0.21235514305238476f,0.044536139997959835f,-0.9761771486022828f,-0.1992225330846053f,0f,0f,0f,1f], start_interpolation: 0, interpolation_duration: 1 }
$data merge entity $(bone_left_eyebrow) { transformation: [-0.9771451135959563f,0.00016589124166458094f,0.2125732802015378f,0.13165864548232456f,0.009629132606147454f,0.9990077600870666f,0.043483043719077054f,1.7118934308945615f,-0.21235514305238476f,0.044536139997959835f,-0.9761771486022828f,-0.2002749255127666f,0f,0f,0f,1f], start_interpolation: 0, interpolation_duration: 1 }
$data merge entity $(bone_right_eyebrow) { transformation: [-0.9771451135959563f,0.00016589124166458094f,0.2125732802015378f,-0.11262763291666453f,0.009629132606147454f,0.9990077600870666f,0.043483043719077054f,1.7143007140460984f,-0.21235514305238476f,0.044536139997959835f,-0.9761771486022828f,-0.25336371127586277f,0f,0f,0f,1f], start_interpolation: 0, interpolation_duration: 1 }
$data merge entity $(bone_talking) { transformation: [-0.9771451135959563f,0.00016589124166458094f,0.2125732802015378f,0.07591024844384463f,0.009629132606147454f,0.9990077600870666f,0.043483043719077054f,1.4394735102977423f,-0.21235514305238476f,0.044536139997959835f,-0.9761771486022828f,-0.5447398286537292f,0f,0f,0f,1f], start_interpolation: 0, interpolation_duration: 1 }
$data merge entity $(bone_m_opened) { transformation: [-0.9771451135959563f,0.00016589124166458094f,0.2125732802015378f,0.07591024844384463f,0.009629132606147454f,0.9990077600870666f,0.043483043719077054f,1.4394735102977423f,-0.21235514305238476f,0.044536139997959835f,-0.9761771486022828f,-0.5447398286537292f,0f,0f,0f,1f], start_interpolation: 0, interpolation_duration: 1 }
$data merge entity $(bone_head) { transformation: [-0.9771451135959563f,0.00016589124166458094f,0.2125732802015378f,0.06262441843124851f,0.009629132606147454f,0.9990077600870666f,0.043483043719077054f,1.4367558200653f,-0.21235514305238476f,0.044536139997959835f,-0.9761771486022828f,-0.4837287568660865f,0f,0f,0f,1f], start_interpolation: 0, interpolation_duration: 1 }
$data merge entity $(item_display_r_item) { transformation: [-0.4216411431102097f,-0.10052266250512683f,-0.05933119550115303f,-0.1867160759725135f,-0.04539270976966127f,-0.06366747217195902f,0.43045581060894056f,0.6817613753605059f,-0.10753835751248471f,0.42100819150001484f,0.05092989645977927f,-0.5081256967979537f,0f,0f,0f,1f], start_interpolation: 0, interpolation_duration: 1 }
$data merge entity $(bone_rightarm) { transformation: [-0.963751184251908f,-0.13561416114549268f,0.22976608572600415f,-0.2427541659726959f,-0.1037547651877972f,0.9838989956775784f,0.1455256506787637f,1.3148889539938378f,-0.24580196002853646f,0.11641119190806712f,-0.9623044377143196f,-0.5556567565697017f,0f,0f,0f,1f], start_interpolation: 0, interpolation_duration: 1 }
$data merge entity $(item_display_l_item) { transformation: [-0.42750098719823093f,-0.0925287341593335f,-0.009358915503914168f,0.3548946281277018f,0.004212745515189511f,-0.06324817392215414f,0.43288355393885913f,0.6723947622245813f,-0.09290537508541834f,0.42289993124897085f,0.06269361554299928f,-0.39166854829511155f,0f,0f,0f,1f], start_interpolation: 0, interpolation_duration: 1 }
$data merge entity $(bone_leftarm) { transformation: [-0.9771451135959563f,-0.021391806866089574f,0.211494249507048f,0.3679615300247768f,0.009629132606147454f,0.9894481232888209f,0.14456725467920967f,1.3088707461149955f,-0.21235514305238476f,0.14329969266971287f,-0.966628414283362f,-0.4229347921619612f,0f,0f,0f,1f], start_interpolation: 0, interpolation_duration: 1 }
$data merge entity $(bone_body) { transformation: [-0.9771451135959563f,0.00016589124166458094f,0.2125732802015378f,0.06250000000000007f,0.009629132606147454f,0.9990077600870666f,0.043483043719077054f,0.6875f,-0.21235514305238476f,0.044536139997959835f,-0.9761771486022828f,-0.5171308618645564f,0f,0f,0f,1f], start_interpolation: 0, interpolation_duration: 1 }
$data merge entity $(bone_leftleg) { transformation: [-1f,-2.9143774126917307e-18f,1.2242999726747923e-16f,0.18750000000000006f,0f,0.9997167946931291f,0.023797697546107447f,0.7755681818181818f,-1.2246467991473532e-16f,0.023797697546107447f,-0.9997167946931291f,-0.5171308618645564f,0f,0f,0f,1f], start_interpolation: 0, interpolation_duration: 1 }
$data merge entity $(bone_rightleg) { transformation: [-1f,2.9143774126917307e-18f,1.2242999726747923e-16f,-0.06249999999999993f,0f,0.9997167946931291f,-0.023797697546107447f,0.8035714285714286f,-1.2246467991473532e-16f,-0.023797697546107447f,-0.9997167946931291f,-0.5171308618645564f,0f,0f,0f,1f], start_interpolation: 0, interpolation_duration: 1 }
data modify entity @s data merge value {"locators":{},"cameras":{"camera":{"posx":-0.9999999999999996,"posy":1.8171875000000002,"posz":-3.25,"roty":348.7286274510475,"rotx":5.580777892379667}}}