# This file was generated by Animated Java via MC-Build. It is not recommended to edit this file directly.
$data merge entity $(bone_left_eye) { transformation: [-0.0030208514705817313f,-0.12058089431099925f,0.9926989082211948f,-0.9331666386048626f,0.04998993432721303f,0.9914440613980515f,0.12058059373090513f,1.7107532913122783f,-0.9987451531408568f,0.049989209292569226f,0.0030328257368495426f,1.868476552687509f,0f,0f,0f,1f], start_interpolation: 0, interpolation_duration: 1 }
$data merge entity $(bone_right_eye) { transformation: [-0.0030208514705817313f,-0.12058089431099925f,0.9926989082211948f,-0.933921851472508f,0.04998993432721303f,0.9914440613980515f,0.12058059373090513f,1.7232507748940815f,-0.9987451531408568f,0.049989209292569226f,0.0030328257368495426f,1.618790264402295f,0f,0f,0f,1f], start_interpolation: 0, interpolation_duration: 1 }
$data merge entity $(bone_right_close) { transformation: [-0.0030208514705817313f,-0.12058089431099925f,0.9926989082211948f,-0.9414581573669455f,0.04998993432721303f,0.9914440613980515f,0.12058059373090513f,1.7852160287314598f,-0.9987451531408568f,0.049989209292569226f,0.0030328257368495426f,1.6219145899830805f,0f,0f,0f,1f], start_interpolation: 0, interpolation_duration: 1 }
$data merge entity $(bone_left_close) { transformation: [-0.0030208514705817313f,-0.12058089431099925f,0.9926989082211948f,-0.9407029444993001f,0.04998993432721303f,0.9914440613980515f,0.12058059373090513f,1.7727185451496565f,-0.9987451531408568f,0.049989209292569226f,0.0030328257368495426f,1.8716008782682945f,0f,0f,0f,1f], start_interpolation: 0, interpolation_duration: 1 }
$data merge entity $(bone_left_eyebrow) { transformation: [-0.0030208514705817313f,-0.12058089431099925f,0.9926989082211948f,-0.9377504658232889f,0.04998993432721303f,0.9914440613980515f,0.12058059373090513f,1.7479249073275969f,-0.9987451531408568f,0.049989209292569226f,0.0030328257368495426f,1.8703509584843718f,0f,0f,0f,1f], start_interpolation: 0, interpolation_duration: 1 }
$data merge entity $(bone_right_eyebrow) { transformation: [-0.0030208514705817313f,-0.12058089431099925f,0.9926989082211948f,-0.9385056786909344f,0.04998993432721303f,0.9914440613980515f,0.12058059373090513f,1.7604223909094001f,-0.9987451531408568f,0.049989209292569226f,0.0030328257368495426f,1.6206646701991576f,0f,0f,0f,1f], start_interpolation: 0, interpolation_duration: 1 }
$data merge entity $(bone_talking) { transformation: [-0.0030208514705817313f,-0.12058089431099925f,0.9926989082211948f,-0.5931806126418121f,0.04998993432721303f,0.9914440613980515f,0.12058059373090513f,1.5068224532945749f,-0.9987451531408568f,0.049989209292569226f,0.0030328257368495426f,1.732083864264525f,0f,0f,0f,1f], start_interpolation: 0, interpolation_duration: 1 }
$data merge entity $(bone_m_opened) { transformation: [-0.0030208514705817313f,-0.12058089431099925f,0.9926989082211948f,-0.5931806126418121f,0.04998993432721303f,0.9914440613980515f,0.12058059373090513f,1.5068224532945749f,-0.9987451531408568f,0.049989209292569226f,0.0030328257368495426f,1.732083864264525f,0f,0f,0f,1f], start_interpolation: 0, interpolation_duration: 1 }
$data merge entity $(bone_head) { transformation: [-0.0030208514705817313f,-0.12058089431099925f,0.9926989082211948f,-0.6552242944056368f,0.04998993432721303f,0.9914440613980515f,0.12058059373090513f,1.4992861661863932f,-0.9987451531408568f,0.049989209292569226f,0.0030328257368495426f,1.731894312655972f,0f,0f,0f,1f], start_interpolation: 0, interpolation_duration: 1 }
$data merge entity $(item_display_r_item) { transformation: [-0.05720477840377863f,-0.01763083840328796f,0.4333855291365548f,-1.3914163603000502f,0.004939168581310785f,0.4370835969420627f,0.018433228092599736f,1.4105124693480988f,-0.43371588389347693f,0.00730293238265029f,-0.056951288283185166f,1.5234976659532236f,0f,0f,0f,1f], start_interpolation: 0, interpolation_duration: 1 }
$data merge entity $(bone_rightarm) { transformation: [-0.13075377920863687f,0.9905954951692681f,0.04029905920751556f,-0.7697754846187879f,0.011289528185853222f,0.04213309278308534f,-0.9990482215818577f,1.374405138488661f,-0.9913505917565186f,-0.13017437321870895f,-0.016692416874629263f,1.4410954066368662f,0f,0f,0f,1f], start_interpolation: 0, interpolation_duration: 1 }
$data merge entity $(item_display_l_item) { transformation: [-0.16742400165972676f,-0.4007393315785796f,-0.052758333883823484f,-0.5697262428647387f,0f,-0.05710520909627248f,0.43375712685104206f,0.7384363261025231f,-0.4041972954736879f,0.1659916661161764f,0.021853217422887695f,2.0347274227426313f,0f,0f,0f,1f], start_interpolation: 0, interpolation_duration: 1 }
$data merge entity $(bone_leftarm) { transformation: [-0.3826834323650897f,-0.1205904774487396f,0.9159756150367534f,-0.5305983393906067f,0f,0.9914448613738104f,0.1305261922200516f,1.374405138488661f,-0.9238795325112866f,0.049950211252314816f,-0.37940952255126037f,2.0185201144564204f,0f,0f,0f,1f], start_interpolation: 0, interpolation_duration: 1 }
$data merge entity $(bone_body) { transformation: [-0.3826834323650897f,-0.04029905920751534f,0.9230002039112791f,-0.6250000000000002f,0f,0.9990482215818578f,0.043619387365336f,0.75f,-0.9238795325112866f,0.016692416874629207f,-0.3823192025331841f,1.719375f,0f,0f,0f,1f], start_interpolation: 0, interpolation_duration: 1 }
$data merge entity $(bone_leftleg) { transformation: [-0.3826834323650897f,0.23911761839433446f,0.8923991008325227f,-0.577164570954364f,0f,0.9659258262890683f,-0.25881904510252074f,0.75f,-0.9238795325112866f,-0.09904576054128761f,-0.36964381061438606f,1.8348599415639109f,0f,0f,0f,1f], start_interpolation: 0, interpolation_duration: 1 }
$data merge entity $(bone_rightleg) { transformation: [-0.3826834323650897f,-0.23911761839433446f,0.8923991008325227f,-0.6728354290456364f,0f,0.9659258262890683f,0.25881904510252074f,0.8125f,-0.9238795325112866f,0.09904576054128761f,-0.36964381061438606f,1.6038900584360893f,0f,0f,0f,1f], start_interpolation: 0, interpolation_duration: 1 }
$data merge entity $(text_display_text) { transformation: [-4.5769509808878667e-17f,0f,-2f,1.4374999999999998f,0f,2f,0f,2.625f,2f,0f,-4.5769509808878667e-17f,1.9375000000000002f,0f,0f,0f,1f], start_interpolation: 0, interpolation_duration: 1 }
data modify entity @s data merge value {"locators":{},"cameras":{"camera":{"posx":-3.8656250000000005,"posy":1.375,"posz":5.062499999999999,"roty":215.00000000000006,"rotx":0}}}
execute on vehicle unless entity @s[tag=aj.transforms_only] at @s run function animated_java:humanentity/animations/000_mur_2/zzz/frames/zzz/0