# This file was generated by Animated Java via MC-Build. It is not recommended to edit this file directly.
$data merge entity $(bone_left_eye) { transformation: [0.009401396442619503f,-0.12165925531316663f,0.9925273997938668f,-0.9740086327377226f,0.0521222348622441f,0.9912815774774474f,0.12101283728096252f,1.710338071877734f,-0.9985964582241885f,0.05059505658134385f,0.015660583374729198f,1.8787337382356493f,0f,0f,0f,1f], start_interpolation: 0, interpolation_duration: 1 }
$data merge entity $(bone_right_eye) { transformation: [0.009401396442619503f,-0.12165925531316663f,0.9925273997938668f,-0.9716582836270677f,0.0521222348622441f,0.9912815774774474f,0.12101283728096252f,1.723368630593295f,-0.9985964582241885f,0.05059505658134385f,0.015660583374729198f,1.6290846236796022f,0f,0f,0f,1f], start_interpolation: 0, interpolation_duration: 1 }
$data merge entity $(bone_right_close) { transformation: [0.009401396442619503f,-0.12165925531316663f,0.9925273997938668f,-0.9792619870841406f,0.0521222348622441f,0.9912815774774474f,0.12101283728096252f,1.7853237291856354f,-0.9985964582241885f,0.05059505658134385f,0.015660583374729198f,1.6322468147159361f,0f,0f,0f,1f], start_interpolation: 0, interpolation_duration: 1 }
$data merge entity $(bone_left_close) { transformation: [0.009401396442619503f,-0.12165925531316663f,0.9925273997938668f,-0.9816123361947955f,0.0521222348622441f,0.9912815774774474f,0.12101283728096252f,1.7722931704700744f,-0.9985964582241885f,0.05059505658134385f,0.015660583374729198f,1.8818959292719832f,0f,0f,0f,1f], start_interpolation: 0, interpolation_duration: 1 }
$data merge entity $(bone_left_eyebrow) { transformation: [0.009401396442619503f,-0.12165925531316663f,0.9925273997938668f,-0.9786328877744536f,0.0521222348622441f,0.9912815774774474f,0.12101283728096252f,1.7475035677308082f,-0.9985964582241885f,0.05059505658134385f,0.015660583374729198f,1.8806300740709885f,0f,0f,0f,1f], start_interpolation: 0, interpolation_duration: 1 }
$data merge entity $(bone_right_eyebrow) { transformation: [0.009401396442619503f,-0.12165925531316663f,0.9925273997938668f,-0.9762825386637987f,0.0521222348622441f,0.9912815774774474f,0.12101283728096252f,1.7605341264463692f,-0.9985964582241885f,0.05059505658134385f,0.015660583374729198f,1.6309809595149414f,0f,0f,0f,1f], start_interpolation: 0, interpolation_duration: 1 }
$data merge entity $(bone_talking) { transformation: [0.009401396442619503f,-0.12165925531316663f,0.9925273997938668f,-0.6322538319185201f,0.0521222348622441f,0.9912815774774474f,0.12101283728096252f,1.5068494685164533f,-0.9985964582241885f,0.05059505658134385f,0.015660583374729198f,1.7461543491168925f,0f,0f,0f,1f], start_interpolation: 0, interpolation_duration: 1 }
$data merge entity $(bone_m_opened) { transformation: [0.009401396442619503f,-0.12165925531316663f,0.9925273997938668f,-0.6322538319185201f,0.0521222348622441f,0.9912815774774474f,0.12101283728096252f,1.5068494685164533f,-0.9985964582241885f,0.05059505658134385f,0.015660583374729198f,1.7461543491168925f,0f,0f,0f,1f], start_interpolation: 0, interpolation_duration: 1 }
$data merge entity $(bone_head) { transformation: [0.009401396442619503f,-0.12165925531316663f,0.9925273997938668f,-0.6942867944056368f,0.0521222348622441f,0.9912815774774474f,0.12101283728096252f,1.4992861661863932f,-0.9985964582241885f,0.05059505658134385f,0.015660583374729198f,1.745175562655972f,0f,0f,0f,1f], start_interpolation: 0, interpolation_duration: 1 }
$data merge entity $(item_display_r_item) { transformation: [-0.06724744698639927f,-0.01901612593738787f,0.43188241203844463f,-1.4285294483790498f,0.004085278535594093f,0.4370290516360583f,0.019878846178138163f,1.4084395084679004f,-0.43228155335741303f,0.007088369376723178f,-0.06699748985209152f,1.551099980622243f,0f,0f,0f,1f], start_interpolation: 0, interpolation_duration: 1 }
$data merge entity $(bone_rightarm) { transformation: [-0.1537084502546269f,0.9871597989450163f,0.04346543071402964f,-0.8088379846187879f,0.009337779509929355f,0.04543736269288745f,-0.9989235465967047f,1.374405138488661f,-0.9880721219598012f,-0.15313711966192348f,-0.016201987146795868f,1.454376656636866f,0f,0f,0f,1f], start_interpolation: 0, interpolation_duration: 1 }
$data merge entity $(item_display_l_item) { transformation: [-0.16742400165972676f,-0.4011133676325538f,-0.049834927257050896f,-0.613071905489835f,0f,-0.053940936565170725f,0.43416198055849187f,0.7387620415293381f,-0.4041972954736879f,0.16614659692254902f,0.020642302749747106f,2.0497828167917955f,0f,0f,0f,1f], start_interpolation: 0, interpolation_duration: 1 }
$data merge entity $(bone_leftarm) { transformation: [-0.3826834323650897f,-0.11390840515897369f,0.9168305545886943f,-0.5696608393906067f,0f,0.9923702412765528f,0.12329356929181902f,1.374405138488661f,-0.9238795325112866f,0.04718240628513633f,-0.37976365010868346f,2.0318013644564203f,0f,0f,0f,1f], start_interpolation: 0, interpolation_duration: 1 }
$data merge entity $(bone_body) { transformation: [-0.3826834323650897f,-0.04029905920751534f,0.9230002039112791f,-0.6640625000000002f,0f,0.9990482215818578f,0.043619387365336f,0.75f,-0.9238795325112866f,0.016692416874629207f,-0.3823192025331841f,1.73265625f,0f,0f,0f,1f], start_interpolation: 0, interpolation_duration: 1 }
$data merge entity $(bone_leftleg) { transformation: [-0.3826834323650897f,0.20782767492513102f,0.9002005599467752f,-0.616227070954364f,0f,0.9743700647852352f,-0.22495105434386498f,0.7518287037037037f,-0.9238795325112866f,-0.08608504159045607f,-0.37287528078580867f,1.8481411915639108f,0f,0f,0f,1f], start_interpolation: 0, interpolation_duration: 1 }
$data merge entity $(bone_rightleg) { transformation: [-0.3826834323650897f,-0.21954092192167884f,0.8974158312594295f,-0.7118979290456364f,0f,0.9713558961741218f,0.23762938153302668f,0.8125f,-0.9238795325112866f,0.09093682735585212f,-0.3717218083959806f,1.6171713084360892f,0f,0f,0f,1f], start_interpolation: 0, interpolation_duration: 1 }
$data merge entity $(text_display_text) { transformation: [-4.5769509808878667e-17f,0f,-2f,1.4374999999999998f,0f,2f,0f,2.624530956664466f,2f,0f,-4.5769509808878667e-17f,1.9375000000000002f,0f,0f,0f,1f], start_interpolation: 0, interpolation_duration: 1 }
data modify entity @s data merge value {"locators":{},"cameras":{"camera":{"posx":-3.8757220214843757,"posy":1.375,"posz":5.049878906249999,"roty":215.5625,"rotx":0}}}