# This file was generated by Animated Java via MC-Build. It is not recommended to edit this file directly.
$data merge entity $(bone_left_eye) { transformation: [0.14972520286607854f,-0.08350086548197337f,0.9851953964013804f,-1.3317390102347348f,0.04766017977092205f,0.995878683444859f,0.07716317207280887f,1.713235242160091f,-0.9875782859555565f,0.03540131810958316f,0.15308780416868295f,1.9587324768856416f,0f,0f,0f,1f], start_interpolation: 0, interpolation_duration: 1 }
$data merge entity $(bone_right_eye) { transformation: [0.14972520286607854f,-0.08350086548197337f,0.9851953964013804f,-1.2943077095182154f,0.04766017977092205f,0.995878683444859f,0.07716317207280887f,1.7251502871028215f,-0.9875782859555565f,0.03540131810958316f,0.15308780416868295f,1.7118379053967523f,0f,0f,0f,1f], start_interpolation: 0, interpolation_duration: 1 }
$data merge entity $(bone_right_close) { transformation: [0.14972520286607854f,-0.08350086548197337f,0.9851953964013804f,-1.2995265136108387f,0.04766017977092205f,0.995878683444859f,0.07716317207280887f,1.7873927048181253f,-0.9875782859555565f,0.03540131810958316f,0.15308780416868295f,1.7140504877786011f,0f,0f,0f,1f], start_interpolation: 0, interpolation_duration: 1 }
$data merge entity $(bone_left_close) { transformation: [0.14972520286607854f,-0.08350086548197337f,0.9851953964013804f,-1.3369578143273582f,0.04766017977092205f,0.995878683444859f,0.07716317207280887f,1.7754776598753947f,-0.9875782859555565f,0.03540131810958316f,0.15308780416868295f,1.9609450592674904f,0f,0f,0f,1f], start_interpolation: 0, interpolation_duration: 1 }
$data merge entity $(bone_left_eyebrow) { transformation: [0.14972520286607854f,-0.08350086548197337f,0.9851953964013804f,-1.334931867402584f,0.04766017977092205f,0.995878683444859f,0.07716317207280887f,1.7505758700910186f,-0.9875782859555565f,0.03540131810958316f,0.15308780416868295f,1.9600504583269902f,0f,0f,0f,1f], start_interpolation: 0, interpolation_duration: 1 }
$data merge entity $(bone_right_eyebrow) { transformation: [0.14972520286607854f,-0.08350086548197337f,0.9851953964013804f,-1.2975005666860644f,0.04766017977092205f,0.995878683444859f,0.07716317207280887f,1.762490915033749f,-0.9875782859555565f,0.03540131810958316f,0.15308780416868295f,1.7131558868381012f,0f,0f,0f,1f], start_interpolation: 0, interpolation_duration: 1 }
$data merge entity $(bone_talking) { transformation: [0.14972520286607854f,-0.08350086548197337f,0.9851953964013804f,-0.9842745821305505f,0.04766017977092205f,0.995878683444859f,0.07716317207280887f,1.4943365850429942f,-0.9875782859555565f,0.03540131810958316f,0.15308780416868295f,1.8742748004165146f,0f,0f,0f,1f], start_interpolation: 0, interpolation_duration: 1 }
$data merge entity $(bone_m_opened) { transformation: [0.14972520286607854f,-0.08350086548197337f,0.9851953964013804f,-0.9842745821305505f,0.04766017977092205f,0.995878683444859f,0.07716317207280887f,1.4943365850429942f,-0.9875782859555565f,0.03540131810958316f,0.15308780416868295f,1.8742748004165146f,0f,0f,0f,1f], start_interpolation: 0, interpolation_duration: 1 }
$data merge entity $(bone_head) { transformation: [0.14972520286607854f,-0.08350086548197337f,0.9851953964013804f,-1.0458492944056368f,0.04766017977092205f,0.995878683444859f,0.07716317207280887f,1.4895138867884437f,-0.9875782859555565f,0.03540131810958316f,0.15308780416868295f,1.8647068126559718f,0f,0f,0f,1f], start_interpolation: 0, interpolation_duration: 1 }
$data merge entity $(item_display_r_item) { transformation: [-0.1553381692730089f,-0.03081456849893825f,0.4078317858322647f,-1.7474194027361571f,-0.003802787715724709f,0.4363464671936557f,0.031520618223713374f,1.3819386140845f,-0.40897657875787846f,0.007646759826240157f,-0.1551964403317957f,1.7967095013717516f,0f,0f,0f,1f], start_interpolation: 0, interpolation_duration: 1 }
$data merge entity $(bone_rightarm) { transformation: [-0.3550586726240203f,0.9321869390451765f,0.07043329942614478f,-1.1604004846187879f,-0.008692086207370763f,0.07204712736848794f,-0.9973633535854988f,1.3646328590907113f,-0.9348036085894365f,-0.3547347207583902f,-0.017478308174263296f,1.5739079066368662f,0f,0f,0f,1f], start_interpolation: 0, interpolation_duration: 1 }
$data merge entity $(item_display_l_item) { transformation: [-0.16742400165972676f,-0.4041925452693643f,0.0019595961105784362f,-1.0395063467683943f,0f,0.00212105154581341f,0.4374948584158904f,0.740246218938243f,-0.4041972954736879f,0.1674220340606719f,-0.0008116912857751548f,2.2003270403105764f,0f,0f,0f,1f], start_interpolation: 0, interpolation_duration: 1 }
$data merge entity $(bone_leftarm) { transformation: [-0.3826834323650897f,0.004479076824179078f,0.9238686749014042f,-0.9212233393906067f,0f,0.9999882478077495f,-0.004848117819001858f,1.3646328590907113f,-0.9238795325112866f,-0.001855294367485983f,-0.3826789349958215f,2.15133261445642f,0f,0f,0f,1f], start_interpolation: 0, interpolation_duration: 1 }
$data merge entity $(bone_body) { transformation: [-0.3826834323650897f,-0.04029905920751534f,0.9230002039112791f,-1.0156250000000002f,0f,0.9990482215818578f,0.043619387365336f,0.7402277206020503f,-0.9238795325112866f,0.016692416874629207f,-0.3823192025331841f,1.8521874999999999f,0f,0f,0f,1f], start_interpolation: 0, interpolation_duration: 1 }
$data merge entity $(bone_leftleg) { transformation: [-0.3826834323650897f,-0.0805214068653804f,0.9203638919632242f,-0.967789570954364f,0f,0.9961946980917455f,0.08715574274765818f,0.7818287037037037f,-0.9238795325112866f,0.03335305878500261f,-0.38122720636965346f,1.9676724415639106f,0f,0f,0f,1f], start_interpolation: 0, interpolation_duration: 1 }
$data merge entity $(bone_rightleg) { transformation: [-0.3826834323650897f,0.13389957842277067f,0.9141248784993644f,-1.0634604290456364f,0f,0.9894416385809445f,-0.14493185930724672f,0.8125f,-0.9238795325112866f,-0.055463021378751455f,-0.3786429223770944f,1.7367025584360891f,0f,0f,0f,1f], start_interpolation: 0, interpolation_duration: 1 }
$data merge entity $(text_display_text) { transformation: [-4.5769509808878667e-17f,0f,-2f,1.4374999999999998f,0f,2f,0f,2.5747595264191645f,2f,0f,-4.5769509808878667e-17f,1.9375000000000002f,0f,0f,0f,1f], start_interpolation: 0, interpolation_duration: 1 }
data modify entity @s data merge value {"locators":{},"cameras":{"camera":{"posx":-4.012548828125001,"posy":1.375,"posz":4.869140624999999,"roty":220.625,"rotx":0}}}
execute on vehicle unless entity @s[tag=aj.transforms_only] at @s run function animated_java:humanentity/animations/000_mur_2/zzz/frames/zzz/1