# This file was generated by Animated Java via MC-Build. It is not recommended to edit this file directly.
$data merge entity $(bone_left_eye) { transformation: [-0.9999493502101624f,0.004914348744153769f,0.00878329042528253f,-2.9921795625096608f,0.005646495165658894f,0.9963328026083497f,0.08537601266711702f,1.726605714031727f,-0.008331512864913404f,0.0854212831969432f,-0.9963100874077154f,2.195751111682844f,0f,0f,0f,1f], start_interpolation: 0, interpolation_duration: 1 }
$data merge entity $(bone_right_eye) { transformation: [-0.9999493502101624f,0.004914348744153769f,0.00878329042528253f,-3.2421669000622013f,0.005646495165658894f,0.9963328026083497f,0.08537601266711702f,1.7280173378231416f,-0.008331512864913404f,0.0854212831969432f,-0.9963100874077154f,2.1936682334666155f,0f,0f,0f,1f], start_interpolation: 0, interpolation_duration: 1 }
$data merge entity $(bone_right_close) { transformation: [-0.9999493502101624f,0.004914348744153769f,0.00878329042528253f,-3.241859753265692f,0.005646495165658894f,0.9963328026083497f,0.08537601266711702f,1.7902881379861635f,-0.008331512864913404f,0.0854212831969432f,-0.9963100874077154f,2.199007063666424f,0f,0f,0f,1f], start_interpolation: 0, interpolation_duration: 1 }
$data merge entity $(bone_left_close) { transformation: [-0.9999493502101624f,0.004914348744153769f,0.00878329042528253f,-2.9918724157131513f,0.005646495165658894f,0.9963328026083497f,0.08537601266711702f,1.788876514194749f,-0.008331512864913404f,0.0854212831969432f,-0.9963100874077154f,2.2010899418826524f,0f,0f,0f,1f], start_interpolation: 0, interpolation_duration: 1 }
$data merge entity $(bone_left_eyebrow) { transformation: [-0.9999493502101624f,0.004914348744153769f,0.00878329042528253f,-2.991995823387407f,0.005646495165658894f,0.9963328026083497f,0.08537601266711702f,1.7639628581287483f,-0.008331512864913404f,0.0854212831969432f,-0.9963100874077154f,2.1990166791831918f,0f,0f,0f,1f], start_interpolation: 0, interpolation_duration: 1 }
$data merge entity $(bone_right_eyebrow) { transformation: [-0.9999493502101624f,0.004914348744153769f,0.00878329042528253f,-3.2419831609399474f,0.005646495165658894f,0.9963328026083497f,0.08537601266711702f,1.765374481920163f,-0.008331512864913404f,0.0854212831969432f,-0.9963100874077154f,2.1969338009669634f,0f,0f,0f,1f], start_interpolation: 0, interpolation_duration: 1 }
$data merge entity $(bone_talking) { transformation: [-0.9999493502101624f,0.004914348744153769f,0.00878329042528253f,-3.1156570402140686f,0.005646495165658894f,0.9963328026083497f,0.08537601266711702f,1.5049083292338208f,-0.008331512864913404f,0.0854212831969432f,-0.9963100874077154f,1.8620074494605827f,0f,0f,0f,1f], start_interpolation: 0, interpolation_duration: 1 }
$data merge entity $(bone_m_opened) { transformation: [-0.9999493502101624f,0.004914348744153769f,0.00878329042528253f,-3.1156570402140686f,0.005646495165658894f,0.9963328026083497f,0.08537601266711702f,1.5049083292338208f,-0.008331512864913404f,0.0854212831969432f,-0.9963100874077154f,1.8620074494605827f,0f,0f,0f,1f], start_interpolation: 0, interpolation_duration: 1 }
$data merge entity $(bone_head) { transformation: [-0.9999493502101624f,0.004914348744153769f,0.00878329042528253f,-3.116205995865649f,0.005646495165658894f,0.9963328026083497f,0.08537601266711702f,1.499572328442126f,-0.008331512864913404f,0.0854212831969432f,-0.9963100874077154f,1.9242768299235649f,0f,0f,0f,1f], start_interpolation: 0, interpolation_duration: 1 }
$data merge entity $(item_display_r_item) { transformation: [-0.4355533144995418f,-0.00048898723845102f,0.041222822804167863f,-3.439866158592075f,-0.0020196552334426866f,0.437197029457342f,-0.01615327912264306f,1.4595084192710652f,-0.041176221550807975f,-0.016271703203924917f,-0.43525394938316425f,2.416963790954313f,0f,0f,0f,1f], start_interpolation: 0, interpolation_duration: 1 }
$data merge entity $(bone_rightarm) { transformation: [-0.9955504331418099f,0.09422359498095512f,0.001117685116459495f,-3.380906556409199f,-0.0046163548192975695f,-0.03692178085175534f,-0.999307495902496f,1.373975587744812f,-0.09411707783041823f,-0.9948661700186612f,0.03719246446611387f,1.797496963721782f,0f,0f,0f,1f], start_interpolation: 0, interpolation_duration: 1 }
$data merge entity $(item_display_l_item) { transformation: [0.21640020979318028f,0.37855908486498546f,-0.035640124405677424f,-2.6869010538645037f,0.020633979617954004f,0.029255842538935473f,0.4360327792293406f,0.7610733776223241f,0.37967280398600234f,-0.21735538857714481f,-0.003383337093013815f,1.9250484165133566f,0f,0f,0f,1f], start_interpolation: 0, interpolation_duration: 1 }
$data merge entity $(bone_leftarm) { transformation: [0.49462905095584064f,-0.08146314149869106f,-0.8652779082628239f,-2.8459752558340385f,0.047163381983894866f,0.9966463525242071f,-0.06687049723185229f,1.375618535795972f,0.8678235519680053f,-0.007733341926888831f,0.49681231674775955f,1.982316617402521f,0f,0f,0f,1f], start_interpolation: 0, interpolation_duration: 1 }
$data merge entity $(bone_body) { transformation: [-0.9033323749637097f,-0.005226596816316091f,0.42890943452918295f,-3.1250000000000004f,-0.002045550435112424f,0.9999668820559992f,0.007877214902549265f,0.75f,-0.4289364009568799f,0.006238387365594359f,-0.9033131497200932f,1.8443749999999997f,0f,0f,0f,1f], start_interpolation: 0, interpolation_duration: 1 }
data modify entity @s data merge value {"locators":{},"cameras":{"camera":{"posx":-5.750000000000001,"posy":1.375,"posz":10.625,"roty":222.50000000000003,"rotx":0}}}
execute on vehicle unless entity @s[tag=aj.transforms_only] at @s run function animated_java:humanentity/animations/000_mur_2/zzz/frames/zzz/13