# This file was generated by Animated Java via MC-Build. It is not recommended to edit this file directly.
$data merge entity $(bone_left_eye) { transformation: [0.15989375843696924f,-0.0748313391845569f,0.9842937857615204f,-1.3696797954467772f,0.04419002796172504f,0.9966655306700322f,0.06859345014624398f,1.7026543553004736f,-0.9861446280549533f,0.03252830536731195f,0.16266739657438656f,1.9687213683610725f,0f,0f,0f,1f], start_interpolation: 0, interpolation_duration: 1 }
$data merge entity $(bone_right_eye) { transformation: [0.15989375843696924f,-0.0748313391845569f,0.9842937857615204f,-1.329706355837535f,0.04419002796172504f,0.9966655306700322f,0.06859345014624398f,1.713701862290905f,-0.9861446280549533f,0.03252830536731195f,0.16266739657438656f,1.7221852113473342f,0f,0f,0f,1f], start_interpolation: 0, interpolation_duration: 1 }
$data merge entity $(bone_right_close) { transformation: [0.15989375843696924f,-0.0748313391845569f,0.9842937857615204f,-1.3343833145365698f,0.04419002796172504f,0.9966655306700322f,0.06859345014624398f,1.775993457957782f,-0.9861446280549533f,0.03252830536731195f,0.16266739657438656f,1.724218230432791f,0f,0f,0f,1f], start_interpolation: 0, interpolation_duration: 1 }
$data merge entity $(bone_left_close) { transformation: [0.15989375843696924f,-0.0748313391845569f,0.9842937857615204f,-1.374356754145812f,0.04419002796172504f,0.9966655306700322f,0.06859345014624398f,1.7649459509673506f,-0.9861446280549533f,0.03252830536731195f,0.16266739657438656f,1.9707543874465294f,0f,0f,0f,1f], start_interpolation: 0, interpolation_duration: 1 }
$data merge entity $(bone_left_eyebrow) { transformation: [0.15989375843696924f,-0.0748313391845569f,0.9842937857615204f,-1.3725474890278082f,0.04419002796172504f,0.9966655306700322f,0.06859345014624398f,1.7400250256099659f,-0.9861446280549533f,0.03252830536731195f,0.16266739657438656f,1.9699310131000607f,0f,0f,0f,1f], start_interpolation: 0, interpolation_duration: 1 }
$data merge entity $(bone_right_eyebrow) { transformation: [0.15989375843696924f,-0.0748313391845569f,0.9842937857615204f,-1.332574049418566f,0.04419002796172504f,0.9966655306700322f,0.06859345014624398f,1.7510725326003973f,-0.9861446280549533f,0.03252830536731195f,0.16266739657438656f,1.7233948560863224f,0f,0f,0f,1f], start_interpolation: 0, interpolation_duration: 1 }
$data merge entity $(bone_talking) { transformation: [0.15989375843696924f,-0.0748313391845569f,0.9842937857615204f,-1.0233934327955418f,0.04419002796172504f,0.9966655306700322f,0.06859345014624398f,1.4804471792988827f,-0.9861446280549533f,0.03252830536731195f,0.16266739657438656f,1.8881547749418712f,0f,0f,0f,1f], start_interpolation: 0, interpolation_duration: 1 }
$data merge entity $(bone_m_opened) { transformation: [0.15989375843696924f,-0.0748313391845569f,0.9842937857615204f,-1.0233934327955418f,0.04419002796172504f,0.9966655306700322f,0.06859345014624398f,1.4804471792988827f,-0.9861446280549533f,0.03252830536731195f,0.16266739657438656f,1.8881547749418712f,0f,0f,0f,1f], start_interpolation: 0, interpolation_duration: 1 }
$data merge entity $(bone_head) { transformation: [0.15989375843696924f,-0.0748313391845569f,0.9842937857615204f,-1.0849117944056368f,0.04419002796172504f,0.9966655306700322f,0.06859345014624398f,1.4761600886647424f,-0.9861446280549533f,0.03252830536731195f,0.16266739657438656f,1.877988062655972f,0f,0f,0f,1f], start_interpolation: 0, interpolation_duration: 1 }
$data merge entity $(item_display_r_item) { transformation: [-0.1647745066321964f,-0.032016113419609867f,0.40401804470297964f,-1.7812053503972745f,-0.004684539169345156f,0.43625408115151265f,0.03266009447965913f,1.3669437947319987f,-0.4052575317707089f,0.007974657368944931f,-0.16464807251517033f,1.8235399255683873f,0f,0f,0f,1f], start_interpolation: 0, interpolation_duration: 1 }
$data merge entity $(bone_rightarm) { transformation: [-0.37662744373073465f,0.9234698164639534f,0.07317968781625134f,-1.1994629846187879f,-0.010707518101360357f,0.07465164452493539f,-0.9971521854891717f,1.35127906096701f,-0.9263029297616203f,-0.37633845146324646f,-0.018227788271874212f,1.587189156636866f,0f,0f,0f,1f], start_interpolation: 0, interpolation_duration: 1 }
$data merge entity $(item_display_l_item) { transformation: [-0.16742400165972676f,-0.4041349107368673f,0.007101238761519227f,-1.0858975835461675f,0f,0.007686325447882432f,0.43743247524744805f,0.7285716178843363f,-0.4041972954736879f,0.16739816105565059f,-0.002941429404670787f,2.216643952478993f,0f,0f,0f,1f], start_interpolation: 0, interpolation_duration: 1 }
$data merge entity $(bone_leftarm) { transformation: [-0.3826834323650897f,0.016231402883472315f,0.9237369388271253f,-0.9602858393906067f,0f,0.9998456577084527f,-0.017568743880873906f,1.35127906096701f,-0.9238795325112866f,-0.006723267210675999f,-0.38262436812720135f,2.1646138644564203f,0f,0f,0f,1f], start_interpolation: 0, interpolation_duration: 1 }
$data merge entity $(bone_body) { transformation: [-0.3826834323650897f,-0.04029905920751534f,0.9230002039112791f,-1.0546875000000002f,0f,0.9990482215818578f,0.043619387365336f,0.726873922478349f,-0.9238795325112866f,0.016692416874629207f,-0.3823192025331841f,1.86546875f,0f,0f,0f,1f], start_interpolation: 0, interpolation_duration: 1 }
$data merge entity $(bone_leftleg) { transformation: [-0.3826834323650897f,-0.11259259201260509f,0.9169930745742612f,-1.006852070954364f,0f,0.992546151641322f,0.12186934340514746f,0.7853935185185186f,-0.9238795325112866f,0.04663737863436164f,-0.3798309680908619f,1.9809536915639108f,0f,0f,0f,1f], start_interpolation: 0, interpolation_duration: 1 }
$data merge entity $(bone_rightleg) { transformation: [-0.3826834323650897f,0.168680756424428f,0.908350258988985f,-1.1025229290456364f,0f,0.9831912354632536f,-0.18257873509322203f,0.8029999999999999f,-0.9238795325112866f,-0.06986985702235067f,-0.376250996658351f,1.7499838084360892f,0f,0f,0f,1f], start_interpolation: 0, interpolation_duration: 1 }
$data merge entity $(text_display_text) { transformation: [-4.5769509808878667e-17f,0f,-2f,1.4374999999999998f,0f,2f,0f,2.5631867454091886f,2f,0f,-4.5769509808878667e-17f,1.9375000000000002f,0f,0f,0f,1f], start_interpolation: 0, interpolation_duration: 1 }
data modify entity @s data merge value {"locators":{},"cameras":{"camera":{"posx":-4.031821142578126,"posy":1.375,"posz":4.843316406249999,"roty":221.1875,"rotx":0}}}