# This file was generated by Animated Java via MC-Build. It is not recommended to edit this file directly.
$data merge entity $(bone_left_eye) { transformation: [0.1647966552293466f,-0.06718284541776871f,0.9840368528194419f,-1.407378800868608f,0.04066800236686024f,0.9972919463260354f,0.061277135839702235f,1.68883244603377f,-0.9854888005496099f,0.02992054603112151f,0.16708256915815783f,1.980164906942914f,0f,0f,0f,1f], start_interpolation: 0, interpolation_duration: 1 }
$data merge entity $(bone_right_eye) { transformation: [0.1647966552293466f,-0.06718284541776871f,0.9840368528194419f,-1.366179637061271f,0.04066800236686024f,0.9972919463260354f,0.061277135839702235f,1.6989994466254852f,-0.9854888005496099f,0.02992054603112151f,0.16708256915815783f,1.7337927068055117f,0f,0f,0f,1f], start_interpolation: 0, interpolation_duration: 1 }
$data merge entity $(bone_right_close) { transformation: [0.1647966552293466f,-0.06718284541776871f,0.9840368528194419f,-1.3703785648998816f,0.04066800236686024f,0.9972919463260354f,0.061277135839702235f,1.7613301932708625f,-0.9854888005496099f,0.02992054603112151f,0.16708256915815783f,1.7356627409324568f,0f,0f,0f,1f], start_interpolation: 0, interpolation_duration: 1 }
$data merge entity $(bone_left_close) { transformation: [0.1647966552293466f,-0.06718284541776871f,0.9840368528194419f,-1.4115777287072184f,0.04066800236686024f,0.9972919463260354f,0.061277135839702235f,1.7511631926791473f,-0.9854888005496099f,0.02992054603112151f,0.16708256915815783f,1.982034941069859f,0f,0f,0f,1f], start_interpolation: 0, interpolation_duration: 1 }
$data merge entity $(bone_left_eyebrow) { transformation: [0.1647966552293466f,-0.06718284541776871f,0.9840368528194419f,-1.4099596598750754f,0.04066800236686024f,0.9972919463260354f,0.061277135839702235f,1.7262270642000066f,-0.9854888005496099f,0.02992054603112151f,0.16708256915815783f,1.9812764847585087f,0f,0f,0f,1f], start_interpolation: 0, interpolation_duration: 1 }
$data merge entity $(bone_right_eyebrow) { transformation: [0.1647966552293466f,-0.06718284541776871f,0.9840368528194419f,-1.3687604960677386f,0.04066800236686024f,0.9972919463260354f,0.061277135839702235f,1.7363940647917215f,-0.9854888005496099f,0.02992054603112151f,0.16708256915815783f,1.7349042846211062f,0f,0f,0f,1f], start_interpolation: 0, interpolation_duration: 1 }
$data merge entity $(bone_talking) { transformation: [0.1647966552293466f,-0.06718284541776871f,0.9840368528194419f,-1.0624719911044216f,0.04066800236686024f,0.9972919463260354f,0.061277135839702235f,1.4637420646980257f,-0.9854888005496099f,0.02992054603112151f,0.16708256915815783f,1.9017119732283567f,0f,0f,0f,1f], start_interpolation: 0, interpolation_duration: 1 }
$data merge entity $(bone_m_opened) { transformation: [0.1647966552293466f,-0.06718284541776871f,0.9840368528194419f,-1.0624719911044216f,0.04066800236686024f,0.9972919463260354f,0.061277135839702235f,1.4637420646980257f,-0.9854888005496099f,0.02992054603112151f,0.16708256915815783f,1.9017119732283567f,0f,0f,0f,1f], start_interpolation: 0, interpolation_duration: 1 }
$data merge entity $(bone_head) { transformation: [0.1647966552293466f,-0.06718284541776871f,0.9840368528194419f,-1.1239742944056368f,0.04066800236686024f,0.9972919463260354f,0.061277135839702235f,1.4599122437080443f,-0.9854888005496099f,0.02992054603112151f,0.16708256915815783f,1.8912693126559719f,0f,0f,0f,1f], start_interpolation: 0, interpolation_duration: 1 }
$data merge entity $(item_display_r_item) { transformation: [-0.1741216048339919f,-0.033188997495136076f,0.39998300860824443f,-1.8146710679870135f,-0.00556387639154995f,0.4361593392424125f,0.03376868477038504f,1.3490987148015352f,-0.4013190252274799f,0.008352917866825344f,-0.17401011106707376f,1.8502495535708037f,0f,0f,0f,1f], start_interpolation: 0, interpolation_duration: 1 }
$data merge entity $(bone_rightarm) { transformation: [-0.3979922396205529f,0.9142468768188444f,0.07586056570316838f,-1.2385254846187879f,-0.012717431752114173f,0.07718556518945174f,-0.9969356325540858f,1.3350312160103122f,-0.9173006290913827f,-0.39773739672474f,-0.019092383695600873f,1.600470406636866f,0f,0f,0f,1f], start_interpolation: 0, interpolation_duration: 1 }
$data merge entity $(item_display_l_item) { transformation: [-0.16742400165972676f,-0.4040357409069001f,0.011426886630052832f,-1.1311112462640822f,0f,0.012368372961994624f,0.4373251345969873f,0.713814844575186f,-0.4041972954736879f,0.16735708356709994f,-0.004733171417867675f,2.2324730975011167f,0f,0f,0f,1f], start_interpolation: 0, interpolation_duration: 1 }
$data merge entity $(bone_leftarm) { transformation: [-0.3826834323650897f,0.026118598011549123f,0.9235102649300574f,-0.9993483393906067f,0f,0.9996003076502566f,-0.028270566770273203f,1.3350312160103122f,-0.9238795325112866f,-0.0108186775265546f,-0.3825304767247999f,2.1778951144564203f,0f,0f,0f,1f], start_interpolation: 0, interpolation_duration: 1 }
$data merge entity $(bone_body) { transformation: [-0.3826834323650897f,-0.04029905920751534f,0.9230002039112791f,-1.0937500000000002f,0f,0.9990482215818578f,0.043619387365336f,0.710626077521651f,-0.9238795325112866f,0.016692416874629207f,-0.3823192025331841f,1.87875f,0f,0f,0f,1f], start_interpolation: 0, interpolation_duration: 1 }
$data merge entity $(bone_leftleg) { transformation: [-0.3826834323650897f,-0.14452660043002166f,0.9125050423758844f,-1.045914570954364f,0f,0.9876883405951378f,0.1564344650402308f,0.78875f,-0.9238795325112866f,0.05986487802179216f,-0.3779719642859271f,1.9942349415639107f,0f,0f,0f,1f], start_interpolation: 0, interpolation_duration: 1 }
$data merge entity $(bone_rightleg) { transformation: [-0.3826834323650897f,0.19775958192985518f,0.9024658100716073f,-1.1415854290456364f,0f,0.9768219538520649f,-0.21405342901395993f,0.789f,-0.9238795325112866f,-0.08191470092457927f,-0.37381357810968147f,1.7632650584360892f,0f,0f,0f,1f], start_interpolation: 0, interpolation_duration: 1 }
$data merge entity $(text_display_text) { transformation: [-4.5769509808878667e-17f,0f,-2f,1.4374999999999998f,0f,2f,0f,2.55f,2f,0f,-4.5769509808878667e-17f,1.9375000000000002f,0f,0f,0f,1f], start_interpolation: 0, interpolation_duration: 1 }
data modify entity @s data merge value {"locators":{},"cameras":{"camera":{"posx":-4.051700000000001,"posy":1.375,"posz":4.8166875,"roty":221.75,"rotx":0}}}