# This file was generated by Animated Java via MC-Build. It is not recommended to edit this file directly.
$data merge entity $(bone_left_eye) { transformation: [0.1626236376213691f,-0.061145735909289387f,0.9847917299951826f,-1.4448491155844259f,0.03716749202997953f,0.9977492319855519f,0.05581261155368883f,1.6773966641885614f,-0.9859878954748861f,0.027525788859776378f,0.16453024319149334f,1.9935479360074033f,0f,0f,0f,1f], start_interpolation: 0, interpolation_duration: 1 }
$data merge entity $(bone_right_eye) { transformation: [0.1626236376213691f,-0.061145735909289387f,0.9847917299951826f,-1.4041932061790836f,0.03716749202997953f,0.9977492319855519f,0.05581261155368883f,1.6866885371960563f,-0.9859878954748861f,0.027525788859776378f,0.16453024319149334f,1.7470509621386816f,0f,0f,0f,1f], start_interpolation: 0, interpolation_duration: 1 }
$data merge entity $(bone_right_close) { transformation: [0.1626236376213691f,-0.061145735909289387f,0.9847917299951826f,-1.4080148146734142f,0.03716749202997953f,0.9977492319855519f,0.05581261155368883f,1.7490478641951532f,-0.9859878954748861f,0.027525788859776378f,0.16453024319149334f,1.7487713239424176f,0f,0f,0f,1f], start_interpolation: 0, interpolation_duration: 1 }
$data merge entity $(bone_left_close) { transformation: [0.1626236376213691f,-0.061145735909289387f,0.9847917299951826f,-1.4486707240787564f,0.03716749202997953f,0.9977492319855519f,0.05581261155368883f,1.7397559911876583f,-0.9859878954748861f,0.027525788859776378f,0.16453024319149334f,1.9952682978111393f,0f,0f,0f,1f], start_interpolation: 0, interpolation_duration: 1 }
$data merge entity $(bone_left_eyebrow) { transformation: [0.1626236376213691f,-0.061145735909289387f,0.9847917299951826f,-1.447203630164149f,0.03716749202997953f,0.9977492319855519f,0.05581261155368883f,1.7148087720997975f,-0.9859878954748861f,0.027525788859776378f,0.16453024319149334f,1.9945698699494454f,0f,0f,0f,1f], start_interpolation: 0, interpolation_duration: 1 }
$data merge entity $(bone_right_eyebrow) { transformation: [0.1626236376213691f,-0.061145735909289387f,0.9847917299951826f,-1.4065477207588069f,0.03716749202997953f,0.9977492319855519f,0.05581261155368883f,1.7241006451072924f,-0.9859878954748861f,0.027525788859776378f,0.16453024319149334f,1.748072896080724f,0f,0f,0f,1f], start_interpolation: 0, interpolation_duration: 1 }
$data merge entity $(bone_talking) { transformation: [0.1626236376213691f,-0.061145735909289387f,0.9847917299951826f,-1.1014873112809378f,0.03716749202997953f,0.9977492319855519f,0.05581261155368883f,1.4500467338064484f,-0.9859878954748861f,0.027525788859776378f,0.16453024319149334f,1.91483370285544f,0f,0f,0f,1f], start_interpolation: 0, interpolation_duration: 1 }
$data merge entity $(bone_m_opened) { transformation: [0.1626236376213691f,-0.061145735909289387f,0.9847917299951826f,-1.1014873112809378f,0.03716749202997953f,0.9977492319855519f,0.05581261155368883f,1.4500467338064484f,-0.9859878954748861f,0.027525788859776378f,0.16453024319149334f,1.91483370285544f,0f,0f,0f,1f], start_interpolation: 0, interpolation_duration: 1 }
$data merge entity $(bone_head) { transformation: [0.1626236376213691f,-0.061145735909289387f,0.9847917299951826f,-1.1630367944056368f,0.03716749202997953f,0.9977492319855519f,0.05581261155368883f,1.446558445584343f,-0.9859878954748861f,0.027525788859776378f,0.16453024319149334f,1.9045505626559718f,0f,0f,0f,1f], start_interpolation: 0, interpolation_duration: 1 }
$data merge entity $(item_display_r_item) { transformation: [-0.18337443259221287f,-0.03433144625692715f,0.395728971986373f,-1.847819579778882f,-0.006439851944706833f,0.436062498777702f,0.03484645558269714f,1.3341914097367151f,-0.3971631853261506f,0.008780601212579568f,-0.1832772633578192f,1.8768306901784046f,0f,0f,0f,1f], start_interpolation: 0, interpolation_duration: 1 }
$data merge entity $(bone_rightarm) { transformation: [-0.41914156021077226f,0.9045233645402813f,0.07847187715869083f,-1.2775879846187879f,-0.014719661587901332f,0.0796490413318794f,-0.9967142829204616f,1.3216774178866109f,-0.9078015664597727f,-0.4189194591035867f,-0.02006994562875339f,1.613751656636866f,0f,0f,0f,1f], start_interpolation: 0, interpolation_duration: 1 }
$data merge entity $(item_display_l_item) { transformation: [-0.16742400165972676f,-0.4039281270232477f,0.014748622570762976f,-1.174888336498339f,0f,0.015963794035650198f,0.43720865416867877f,0.7016547102272555f,-0.4041972954736879f,0.1673125084369915f,-0.006109079495131967f,2.2477071947171776f,0f,0f,0f,1f], start_interpolation: 0, interpolation_duration: 1 }
$data merge entity $(bone_leftarm) { transformation: [-0.3826834323650897f,0.03371113730460088f,0.9232642903388519f,-1.0384108393906069f,0f,0.9993340666712658f,-0.03648867208148594f,1.3216774178866109f,-0.9238795325112866f,-0.013963610274587267f,-0.3824285907131234f,2.19117636445642f,0f,0f,0f,1f], start_interpolation: 0, interpolation_duration: 1 }
$data merge entity $(bone_body) { transformation: [-0.3826834323650897f,-0.04029905920751534f,0.9230002039112791f,-1.1328125000000002f,0f,0.9990482215818578f,0.043619387365336f,0.6972722793979497f,-0.9238795325112866f,0.016692416874629207f,-0.3823192025331841f,1.8920312499999998f,0f,0f,0f,1f], start_interpolation: 0, interpolation_duration: 1 }
$data merge entity $(bone_leftleg) { transformation: [-0.3826834323650897f,-0.17628452544743048f,0.9069052633439988f,-1.084977070954364f,0f,0.981627183447664f,0.1908089953765448f,0.7918287037037037f,-0.9238795325112866f,0.0730194412768307f,-0.37565245986462764f,2.007516191563911f,0f,0f,0f,1f], start_interpolation: 0, interpolation_duration: 1 }
$data merge entity $(bone_rightleg) { transformation: [-0.3826834323650897f,0.21995857442220376f,0.8973135550806225f,-1.1806479290456364f,0f,0.9712451932359054f,-0.23808144534202746f,0.7735f,-0.9238795325112866f,-0.09110982468592857f,-0.3716794442156111f,1.776546308436089f,0f,0f,0f,1f], start_interpolation: 0, interpolation_duration: 1 }
$data merge entity $(text_display_text) { transformation: [-4.5769509808878667e-17f,0f,-2f,1.4374999999999998f,0f,2f,0f,2.53497532787945f,2f,0f,-4.5769509808878667e-17f,1.9375000000000002f,0f,0f,0f,1f], start_interpolation: 0, interpolation_duration: 1 }
data modify entity @s data merge value {"locators":{},"cameras":{"camera":{"posx":-4.072128857421876,"posy":1.375,"posz":4.7893476562499995,"roty":222.31250000000003,"rotx":0}}}