# This file was generated by Animated Java via MC-Build. It is not recommended to edit this file directly.
$data merge entity $(bone_left_eye) { transformation: [0.15154043260757682f,-0.05730607186552095f,0.986788483623746f,-1.4820654873539005f,0.0337448095800528f,0.998036004908121f,0.052777085306437654f,1.6711099193227843f,-0.9878748833286096f,0.025301127136567805f,0.15317659042459708f,2.0093473072500405f,0f,0f,0f,1f], start_interpolation: 0, interpolation_duration: 1 }
$data merge entity $(bone_right_eye) { transformation: [0.15154043260757682f,-0.05730607186552095f,0.986788483623746f,-1.4441803792020063f,0.0337448095800528f,0.998036004908121f,0.052777085306437654f,1.6795461217177976f,-0.9878748833286096f,0.025301127136567805f,0.15317659042459708f,1.762378586417888f,0f,0f,0f,1f], start_interpolation: 0, interpolation_duration: 1 }
$data merge entity $(bone_right_close) { transformation: [0.15154043260757682f,-0.05730607186552095f,0.986788483623746f,-1.4477620086936014f,0.0337448095800528f,0.998036004908121f,0.052777085306437654f,1.741923372024555f,-0.9878748833286096f,0.025301127136567805f,0.15317659042459708f,1.7639599068639236f,0f,0f,0f,1f], start_interpolation: 0, interpolation_duration: 1 }
$data merge entity $(bone_left_close) { transformation: [0.15154043260757682f,-0.05730607186552095f,0.986788483623746f,-1.4856471168454957f,0.0337448095800528f,0.998036004908121f,0.052777085306437654f,1.7334871696295417f,-0.9878748833286096f,0.025301127136567805f,0.15317659042459708f,2.010928627696076f,0f,0f,0f,1f], start_interpolation: 0, interpolation_duration: 1 }
$data merge entity $(bone_left_eyebrow) { transformation: [0.15154043260757682f,-0.05730607186552095f,0.986788483623746f,-1.4842761393290842f,0.0337448095800528f,0.998036004908121f,0.052777085306437654f,1.7085329709390074f,-0.9878748833286096f,0.025301127136567805f,0.15317659042459708f,2.01028652598076f,0f,0f,0f,1f], start_interpolation: 0, interpolation_duration: 1 }
$data merge entity $(bone_right_eyebrow) { transformation: [0.15154043260757682f,-0.05730607186552095f,0.986788483623746f,-1.44639103117719f,0.0337448095800528f,0.998036004908121f,0.052777085306437654f,1.7169691733340204f,-0.9878748833286096f,0.025301127136567805f,0.15317659042459708f,1.7633178051486078f,0f,0f,0f,1f], start_interpolation: 0, interpolation_duration: 1 }
$data merge entity $(bone_talking) { transformation: [0.15154043260757682f,-0.05730607186552095f,0.986788483623746f,-1.1404250141791528f,0.0337448095800528f,0.998036004908121f,0.052777085306437654f,1.4423118584515224f,-0.9878748833286096f,0.025301127136567805f,0.15317659042459708f,1.927405349557509f,0f,0f,0f,1f], start_interpolation: 0, interpolation_duration: 1 }
$data merge entity $(bone_m_opened) { transformation: [0.15154043260757682f,-0.05730607186552095f,0.986788483623746f,-1.1404250141791528f,0.0337448095800528f,0.998036004908121f,0.052777085306437654f,1.4423118584515224f,-0.9878748833286096f,0.025301127136567805f,0.15317659042459708f,1.927405349557509f,0f,0f,0f,1f], start_interpolation: 0, interpolation_duration: 1 }
$data merge entity $(bone_head) { transformation: [0.15154043260757682f,-0.05730607186552095f,0.986788483623746f,-1.2020992944056368f,0.0337448095800528f,0.998036004908121f,0.052777085306437654f,1.43901329061987f,-0.9878748833286096f,0.025301127136567805f,0.15317659042459708f,1.9178318126559717f,0f,0f,0f,1f], start_interpolation: 0, interpolation_duration: 1 }
$data merge entity $(item_display_r_item) { transformation: [-0.19252801001949024f,-0.03544171467653154f,0.39125835482290006f,-1.8806540936052925f,-0.007311520411726149f,0.4359638151950345f,0.035893502334805774f,1.3251363760431343f,-0.3927922568320358f,0.009256711153380698f,-0.19244429394351734f,1.9032757138638021f,0f,0f,0f,1f], start_interpolation: 0, interpolation_duration: 1 }
$data merge entity $(bone_rightarm) { transformation: [-0.440064022901692f,0.8943048110237716f,0.08100963354635801f,-1.3166504846187879f,-0.016712046655374055f,0.08204229105098484f,-0.9964887204457932f,1.3141322629221377f,-0.8978108727589389f,-0.4398726718708968f,-0.021158196922013123f,1.6270329066368658f,0f,0f,0f,1f], start_interpolation: 0, interpolation_duration: 1 }
$data merge entity $(item_display_l_item) { transformation: [-0.16742400165972676f,-0.40384471247079945f,0.016879036631904206f,-1.216970452427841f,0f,0.018269737598822708f,0.43711836690771777f,0.6948973780822044f,-0.4041972954736879f,0.1672779569980681f,-0.006991525892727009f,2.2622392105883353f,0f,0f,0f,1f], start_interpolation: 0, interpolation_duration: 1 }
$data merge entity $(bone_leftarm) { transformation: [-0.3826834323650897f,0.038580655158637976f,0.9230736285046844f,-1.0774733393906069f,0f,0.9991276957890692f,-0.041759400225880254f,1.3141322629221377f,-0.9238795325112866f,-0.015980630611947363f,-0.38234961599558426f,2.20445761445642f,0f,0f,0f,1f], start_interpolation: 0, interpolation_duration: 1 }
$data merge entity $(bone_body) { transformation: [-0.3826834323650897f,-0.04029905920751534f,0.9230002039112791f,-1.1718750000000002f,0f,0.9990482215818578f,0.043619387365336f,0.6897271244334767f,-0.9238795325112866f,0.016692416874629207f,-0.3823192025331841f,1.9053124999999997f,0f,0f,0f,1f], start_interpolation: 0, interpolation_duration: 1 }
$data merge entity $(bone_leftleg) { transformation: [-0.3826834323650897f,-0.20782767492513096f,0.9002005599467752f,-1.124039570954364f,0f,0.9743700647852352f,0.22495105434386492f,0.7945601851851852f,-0.9238795325112866f,0.08608504159045606f,-0.37287528078580867f,2.0207974415639107f,0f,0f,0f,1f], start_interpolation: 0, interpolation_duration: 1 }
$data merge entity $(bone_rightleg) { transformation: [-0.3826834323650897f,0.2341298181220266f,0.8937206604188024f,-1.2197104290456364f,0f,0.9673562720774791f,-0.2534202889911584f,0.7595000000000001f,-0.9238795325112866f,-0.09697974602208947f,-0.3701912185185073f,1.789827558436089f,0f,0f,0f,1f], start_interpolation: 0, interpolation_duration: 1 }
$data merge entity $(text_display_text) { transformation: [-4.5769509808878667e-17f,0f,-2f,1.4374999999999998f,0f,2f,0f,2.517803566070357f,2f,0f,-4.5769509808878667e-17f,1.9375000000000002f,0f,0f,0f,1f], start_interpolation: 0, interpolation_duration: 1 }
data modify entity @s data merge value {"locators":{},"cameras":{"camera":{"posx":-4.093051171875001,"posy":1.375,"posz":4.761390624999999,"roty":222.87499999999997,"rotx":0}}}