# This file was generated by Animated Java via MC-Build. It is not recommended to edit this file directly.
$data merge entity $(bone_left_eye) { transformation: [0.12966888844087276f,-0.05626069295126562f,0.9899599556543445f,-1.5189255676121485f,0.030448040609899175f,0.9981441088327092f,0.05273760352513954f,1.6693317874370481f,-0.9910897518355875f,0.02330391450379717f,0.131141264959864f,2.0280399440214034f,0f,0f,0f,1f], start_interpolation: 0, interpolation_duration: 1 }
$data merge entity $(bone_right_eye) { transformation: [0.12966888844087276f,-0.05626069295126562f,0.9899599556543445f,-1.4865083455019301f,0.030448040609899175f,0.9981441088327092f,0.05273760352513954f,1.676943797589523f,-0.9910897518355875f,0.02330391450379717f,0.131141264959864f,1.7802675060625066f,0f,0f,0f,1f], start_interpolation: 0, interpolation_duration: 1 }
$data merge entity $(bone_right_close) { transformation: [0.12966888844087276f,-0.05626069295126562f,0.9899599556543445f,-1.4900246388113842f,0.030448040609899175f,0.9981441088327092f,0.05273760352513954f,1.7393278043915674f,-0.9910897518355875f,0.02330391450379717f,0.131141264959864f,1.7817240007189938f,0f,0f,0f,1f], start_interpolation: 0, interpolation_duration: 1 }
$data merge entity $(bone_left_close) { transformation: [0.12966888844087276f,-0.05626069295126562f,0.9899599556543445f,-1.5224418609216026f,0.030448040609899175f,0.9981441088327092f,0.05273760352513954f,1.7317157942390926f,-0.9910897518355875f,0.02330391450379717f,0.131141264959864f,2.029496438677891f,0f,0f,0f,1f], start_interpolation: 0, interpolation_duration: 1 }
$data merge entity $(bone_left_eyebrow) { transformation: [0.12966888844087276f,-0.05626069295126562f,0.9899599556543445f,-1.521097216095049f,0.030448040609899175f,0.9981441088327092f,0.05273760352513954f,1.7067588954180546f,-0.9910897518355875f,0.02330391450379717f,0.131141264959864f,2.028905644486236f,0f,0f,0f,1f], start_interpolation: 0, interpolation_duration: 1 }
$data merge entity $(bone_right_eyebrow) { transformation: [0.12966888844087276f,-0.05626069295126562f,0.9899599556543445f,-1.488679993984831f,0.030448040609899175f,0.9981441088327092f,0.05273760352513954f,1.7143709055705294f,-0.9910897518355875f,0.02330391450379717f,0.131141264959864f,1.781133206527339f,0f,0f,0f,1f], start_interpolation: 0, interpolation_duration: 1 }
$data merge entity $(bone_talking) { transformation: [0.12966888844087276f,-0.05626069295126562f,0.9899599556543445f,-1.1792892971772402f,0.030448040609899175f,0.9981441088327092f,0.05273760352513954f,1.4400822664067143f,-0.9910897518355875f,0.02330391450379717f,0.131141264959864f,1.9393093917159634f,0f,0f,0f,1f], start_interpolation: 0, interpolation_duration: 1 }
$data merge entity $(bone_m_opened) { transformation: [0.12966888844087276f,-0.05626069295126562f,0.9899599556543445f,-1.1792892971772402f,0.030448040609899175f,0.9981441088327092f,0.05273760352513954f,1.4400822664067143f,-0.9910897518355875f,0.02330391450379717f,0.131141264959864f,1.9393093917159634f,0f,0f,0f,1f], start_interpolation: 0, interpolation_duration: 1 }
$data merge entity $(bone_head) { transformation: [0.12966888844087276f,-0.05626069295126562f,0.9899599556543445f,-1.2411617944056368f,0.030448040609899175f,0.9981441088327092f,0.05273760352513954f,1.4367861661863932f,-0.9910897518355875f,0.02330391450379717f,0.131141264959864f,1.9311130626559718f,0f,0f,0f,1f], start_interpolation: 0, interpolation_duration: 1 }
$data merge entity $(item_display_r_item) { transformation: [-0.20157741130707502f,-0.0365180887919729f,0.38657370117704587f,-1.9131779989848496f,-0.00817793916405792f,0.43586354166650143f,0.03690994929504734f,1.3214428597338077f,-0.38820860186472844f,0.009780196159361045f,-0.20150602770467477f,1.929577081380596f,0f,0f,0f,1f], start_interpolation: 0, interpolation_duration: 1 }
$data merge entity $(bone_rightarm) { transformation: [-0.46074836870188574f,0.8835970312618191f,0.08346991723879539f,-1.3557129846187879f,-0.01869243237498953f,0.08436559838867985f,-0.9962595238091462f,1.311905138488661f,-0.8873339471193793f,-0.46058520618211374f,-0.022354734078539634f,1.6403141566368662f,0f,0f,0f,1f], start_interpolation: 0, interpolation_duration: 1 }
$data merge entity $(item_display_l_item) { transformation: [-0.16742400165972676f,-0.4038125892111846f,0.01763083840328806f,-1.2570977768842138f,0f,0.019083481972334605f,0.4370835969420628f,0.692952423420667f,-0.4041972954736879f,0.16726465110826805f,-0.007302932382650318f,2.2759615253197114f,0f,0f,0f,1f], start_interpolation: 0, interpolation_duration: 1 }
$data merge entity $(bone_leftarm) { transformation: [-0.3826834323650897f,0.04029905920751536f,0.9230002039112791f,-1.1165358393906069f,0f,0.9990482215818578f,-0.043619387365336014f,1.311905138488661f,-0.9238795325112866f,-0.016692416874629214f,-0.3823192025331841f,2.21773886445642f,0f,0f,0f,1f], start_interpolation: 0, interpolation_duration: 1 }
$data merge entity $(bone_body) { transformation: [-0.3826834323650897f,-0.04029905920751534f,0.9230002039112791f,-1.2109375000000002f,0f,0.9990482215818578f,0.043619387365336f,0.6875f,-0.9238795325112866f,0.016692416874629207f,-0.3823192025331841f,1.9185937499999999f,0f,0f,0f,1f], start_interpolation: 0, interpolation_duration: 1 }
$data merge entity $(bone_leftleg) { transformation: [-0.3826834323650897f,-0.23911761839433446f,0.8923991008325227f,-1.163102070954364f,0f,0.9659258262890683f,0.25881904510252074f,0.796875f,-0.9238795325112866f,0.09904576054128761f,-0.36964381061438606f,2.0340786915639106f,0f,0f,0f,1f], start_interpolation: 0, interpolation_duration: 1 }
$data merge entity $(bone_rightleg) { transformation: [-0.3826834323650897f,0.23911761839433446f,0.8923991008325227f,-1.2587729290456364f,0f,0.9659258262890683f,-0.25881904510252074f,0.75f,-0.9238795325112866f,-0.09904576054128761f,-0.36964381061438606f,1.8031088084360891f,0f,0f,0f,1f], start_interpolation: 0, interpolation_duration: 1 }
$data merge entity $(text_display_text) { transformation: [-4.5769509808878667e-17f,0f,-2f,1.4374999999999998f,0f,2f,0f,2.4980391854123054f,2f,0f,-4.5769509808878667e-17f,1.9375000000000002f,0f,0f,0f,1f], start_interpolation: 0, interpolation_duration: 1 }
data modify entity @s data merge value {"locators":{},"cameras":{"camera":{"posx":-4.114410400390626,"posy":1.375,"posz":4.732910156249999,"roty":223.43750000000003,"rotx":0}}}
execute on vehicle unless entity @s[tag=aj.transforms_only] at @s run function animated_java:humanentity/animations/000_mur_2/zzz/frames/zzz/2