# This file was generated by Animated Java via MC-Build. It is not recommended to edit this file directly.
$data merge entity $(bone_left_eye) { transformation: [0.043866732767369465f,-0.06452853952097629f,0.9969512412067131f,-1.5510775811834803f,0.023038487489038105f,0.9977118016587809f,0.0635640537175454f,1.6695177222148898f,-0.9987717145827335f,0.020179901339683587f,0.04525299693265633f,2.0629725030805703f,0f,0f,0f,1f], start_interpolation: 0, interpolation_duration: 1 }
$data merge entity $(bone_right_eye) { transformation: [0.043866732767369465f,-0.06452853952097629f,0.9969512412067131f,-1.5401108979916378f,0.023038487489038105f,0.9977118016587809f,0.0635640537175454f,1.6752773440871491f,-0.9987717145827335f,0.020179901339683587f,0.04525299693265633f,1.813279574434887f,0f,0f,0f,1f], start_interpolation: 0, interpolation_duration: 1 }
$data merge entity $(bone_right_close) { transformation: [0.043866732767369465f,-0.06452853952097629f,0.9969512412067131f,-1.544143931711699f,0.023038487489038105f,0.9977118016587809f,0.0635640537175454f,1.737634331690823f,-0.9987717145827335f,0.020179901339683587f,0.04525299693265633f,1.8145408182686174f,0f,0f,0f,1f], start_interpolation: 0, interpolation_duration: 1 }
$data merge entity $(bone_left_close) { transformation: [0.043866732767369465f,-0.06452853952097629f,0.9969512412067131f,-1.5551106149035414f,0.023038487489038105f,0.9977118016587809f,0.0635640537175454f,1.7318747098185636f,-0.9987717145827335f,0.020179901339683587f,0.04525299693265633f,2.064233746914301f,0f,0f,0f,1f], start_interpolation: 0, interpolation_duration: 1 }
$data merge entity $(bone_left_eyebrow) { transformation: [0.043866732767369465f,-0.06452853952097629f,0.9969512412067131f,-1.5535597108680923f,0.023038487489038105f,0.9977118016587809f,0.0635640537175454f,1.7069279420237369f,-0.9987717145827335f,0.020179901339683587f,0.04525299693265633f,2.0637264210685005f,0f,0f,0f,1f], start_interpolation: 0, interpolation_duration: 1 }
$data merge entity $(bone_right_eyebrow) { transformation: [0.043866732767369465f,-0.06452853952097629f,0.9969512412067131f,-1.5425930276762498f,0.023038487489038105f,0.9977118016587809f,0.0635640537175454f,1.7126875638959964f,-0.9987717145827335f,0.020179901339683587f,0.04525299693265633f,1.814033492422817f,0f,0f,0f,1f], start_interpolation: 0, interpolation_duration: 1 }
$data merge entity $(bone_talking) { transformation: [0.043866732767369465f,-0.06452853952097629f,0.9969512412067131f,-1.2179148418302173f,0.023038487489038105f,0.9977118016587809f,0.0635640537175454f,1.4428333495230572f,-0.9987717145827335f,0.020179901339683587f,0.04525299693265633f,1.947222624964263f,0f,0f,0f,1f], start_interpolation: 0, interpolation_duration: 1 }
$data merge entity $(bone_m_opened) { transformation: [0.043866732767369465f,-0.06452853952097629f,0.9969512412067131f,-1.2179148418302173f,0.023038487489038105f,0.9977118016587809f,0.0635640537175454f,1.4428333495230572f,-0.9987717145827335f,0.020179901339683587f,0.04525299693265633f,1.947222624964263f,0f,0f,0f,1f], start_interpolation: 0, interpolation_duration: 1 }
$data merge entity $(bone_head) { transformation: [0.043866732767369465f,-0.06452853952097629f,0.9969512412067131f,-1.2802242944056368f,0.023038487489038105f,0.9977118016587809f,0.0635640537175454f,1.4388605961657106f,-0.9987717145827335f,0.020179901339683587f,0.04525299693265633f,1.944394312655972f,0f,0f,0f,1f], start_interpolation: 0, interpolation_duration: 1 }
$data merge entity $(item_display_r_item) { transformation: [-0.20945893960525067f,-0.03509546481574636f,0.38249380513782255f,-1.9462088440750696f,-0.008118319726311676f,0.4359771056264893f,0.03555708444698915f,1.3254661772046352f,-0.38401470740619464f,0.009925810743493227f,-0.2093810707223053f,1.9541291949178012f,0f,0f,0f,1f], start_interpolation: 0, interpolation_duration: 1 }
$data merge entity $(bone_rightarm) { transformation: [-0.47876329052628724f,0.8742715546007372f,0.08021820529313473f,-1.3947754846187879f,-0.018556159374426687f,0.08127333587883256f,-0.9965190985748327f,1.3139795684679785f,-0.8777479026427306f,-0.4785853045081264f,-0.022687567413698914f,1.653595406636866f,0f,0f,0f,1f], start_interpolation: 0, interpolation_duration: 1 }
$data merge entity $(item_display_l_item) { transformation: [-0.16629953642987857f,-0.40448047930090325f,0.012093636662270271f,-1.2884408144226795f,-0.002586950693201627f,0.01413744133846101f,0.4372638682060439f,0.6933561685560474f,-0.40465296473560947f,0.16613826957360875f,-0.00776553370789638f,2.2895818110601605f,0f,0f,0f,1f], start_interpolation: 0, interpolation_duration: 1 }
$data merge entity $(bone_leftarm) { transformation: [-0.38011322612543674f,0.027642598085188985f,0.9245268098306361f,-1.1555983393906069f,-0.005913030155889433f,0.9994602701852432f,-0.0323141516307678f,1.3139795684679785f,-0.9249210622528217f,-0.017749791332334498f,-0.37974461616824856f,2.2310201144564203f,0f,0f,0f,1f], start_interpolation: 0, interpolation_duration: 1 }
$data merge entity $(bone_body) { transformation: [-0.3826834323650897f,-0.04029905920751534f,0.9230002039112791f,-1.2500000000000002f,0f,0.9990482215818578f,0.043619387365336f,0.6895744299793174f,-0.9238795325112866f,0.016692416874629207f,-0.3823192025331841f,1.931875f,0f,0f,0f,1f], start_interpolation: 0, interpolation_duration: 1 }
$data merge entity $(bone_leftleg) { transformation: [-0.3826834323650897f,-0.207827674925131f,0.9002005599467752f,-1.202164570954364f,0f,0.9743700647852352f,0.22495105434386495f,0.80225f,-0.9238795325112866f,0.08608504159045606f,-0.37287528078580867f,2.047359941563911f,0f,0f,0f,1f], start_interpolation: 0, interpolation_duration: 1 }
$data merge entity $(bone_rightleg) { transformation: [-0.38267399051117257f,0.2333393533129607f,0.893931408544159f,-1.2978354290456364f,-0.00003860849301358288f,0.967576248560478f,-0.25257909994893973f,0.7480555555555556f,-0.9238834425919966f,-0.09668996544172247f,-0.37025725527967607f,1.8163900584360892f,0f,0f,0f,1f], start_interpolation: 0, interpolation_duration: 1 }
$data merge entity $(text_display_text) { transformation: [-4.5769509808878667e-17f,0f,-2f,1.4374999999999998f,0f,2f,0f,2.475f,2f,0f,-4.5769509808878667e-17f,1.9375000000000002f,0f,0f,0f,1f], start_interpolation: 0, interpolation_duration: 1 }
data modify entity @s data merge value {"locators":{},"cameras":{"camera":{"posx":-4.136150000000001,"posy":1.375,"posz":4.703999999999999,"roty":224,"rotx":0}}}