# This file was generated by Animated Java via MC-Build. It is not recommended to edit this file directly.
$data merge entity $(bone_left_eye) { transformation: [-0.08514926364370834f,-0.0824523305101423f,0.9929507621701996f,-1.5774939096202587f,0.014004625964125904f,0.9963726108218914f,0.08393742225951858f,1.6715528504927164f,-0.9962697794034199f,0.02105311372253641f,-0.0836856800775782f,2.1083939835314283f,0f,0f,0f,1f], start_interpolation: 0, interpolation_duration: 1 }
$data merge entity $(bone_right_eye) { transformation: [-0.08514926364370834f,-0.0824523305101423f,0.9929507621701996f,-1.598781225531186f,0.014004625964125904f,0.9963726108218914f,0.08393742225951858f,1.675054006983748f,-0.9962697794034199f,0.02105311372253641f,-0.0836856800775782f,1.859326538680573f,0f,0f,0f,1f], start_interpolation: 0, interpolation_duration: 1 }
$data merge entity $(bone_right_close) { transformation: [-0.08514926364370834f,-0.0824523305101423f,0.9929507621701996f,-1.6039344961880697f,0.014004625964125904f,0.9963726108218914f,0.08393742225951858f,1.7373272951601162f,-0.9962697794034199f,0.02105311372253641f,-0.0836856800775782f,1.8606423582882317f,0f,0f,0f,1f], start_interpolation: 0, interpolation_duration: 1 }
$data merge entity $(bone_left_close) { transformation: [-0.08514926364370834f,-0.0824523305101423f,0.9929507621701996f,-1.5826471802771425f,0.014004625964125904f,0.9963726108218914f,0.08393742225951858f,1.7338261386690845f,-0.9962697794034199f,0.02105311372253641f,-0.0836856800775782f,2.1097098031390864f,0f,0f,0f,1f], start_interpolation: 0, interpolation_duration: 1 }
$data merge entity $(bone_left_eyebrow) { transformation: [-0.08514926364370834f,-0.0824523305101423f,0.9929507621701996f,-1.5806479314370248f,0.014004625964125904f,0.9963726108218914f,0.08393742225951858f,1.7089115773096462f,-0.9962697794034199f,0.02105311372253641f,-0.0836856800775782f,2.109188705651028f,0f,0f,0f,1f], start_interpolation: 0, interpolation_duration: 1 }
$data merge entity $(bone_right_eyebrow) { transformation: [-0.08514926364370834f,-0.0824523305101423f,0.9929507621701996f,-1.6019352473479518f,0.014004625964125904f,0.9963726108218914f,0.08393742225951858f,1.7124127338006778f,-0.9962697794034199f,0.02105311372253641f,-0.0836856800775782f,1.8601212608001731f,0f,0f,0f,1f], start_interpolation: 0, interpolation_duration: 1 }
$data merge entity $(bone_talking) { transformation: [-0.08514926364370834f,-0.0824523305101423f,0.9929507621701996f,-1.2572273717699993f,0.014004625964125904f,0.9963726108218914f,0.08393742225951858f,1.4504407204888587f,-0.9962697794034199f,0.02105311372253641f,-0.0836856800775782f,1.9524452076511232f,0f,0f,0f,1f], start_interpolation: 0, interpolation_duration: 1 }
$data merge entity $(bone_m_opened) { transformation: [-0.08514926364370834f,-0.0824523305101423f,0.9929507621701996f,-1.2572273717699993f,0.014004625964125904f,0.9963726108218914f,0.08393742225951858f,1.4504407204888587f,-0.9962697794034199f,0.02105311372253641f,-0.0836856800775782f,1.9524452076511232f,0f,0f,0f,1f], start_interpolation: 0, interpolation_duration: 1 }
$data merge entity $(bone_head) { transformation: [-0.08514926364370834f,-0.0824523305101423f,0.9929507621701996f,-1.3192867944056368f,0.014004625964125904f,0.9963726108218914f,0.08393742225951858f,1.445194631597639f,-0.9962697794034199f,0.02105311372253641f,-0.0836856800775782f,1.9576755626559719f,0f,0f,0f,1f], start_interpolation: 0, interpolation_duration: 1 }
$data merge entity $(item_display_r_item) { transformation: [-0.21725319320488692f,-0.03369025701080002f,0.3782489479493979f,-1.9790065184051848f,-0.008057226837622184f,0.43608570079977177f,0.03421392485025741f,1.333734525656649f,-0.3796608764910695f,0.010023878516731907f,-0.21717133954901743f,1.9785534100664242f,0f,0f,0f,1f], start_interpolation: 0, interpolation_duration: 1 }
$data merge entity $(bone_rightarm) { transformation: [-0.4965787273254558f,0.864569023884338f,0.07700630173897167f,-1.4338379846187879f,-0.018416518485993565f,0.0782032568005886f,-0.996767316113764f,1.3203136038999066f,-0.8677962891224446f,-0.496391633254897f,-0.022911722323958755f,1.666876656636866f,0f,0f,0f,1f], start_interpolation: 0, interpolation_duration: 1 }
$data merge entity $(item_display_l_item) { transformation: [-0.16321151860466648f,-0.40590483686233814f,-0.0030844134802631906f,-1.3062273449508988f,-0.00960752263652674f,0.0005394217674077671f,0.4373941638075952f,0.6956189189654585f,-0.40580284092591956f,0.16323976977414387f,-0.009114925152588898f,2.30396262032416f,0f,0f,0f,1f], start_interpolation: 0, interpolation_duration: 1 }
$data merge entity $(bone_leftarm) { transformation: [-0.37305489966780914f,-0.007050087954887499f,0.9277824842567729f,-1.1946608393906069f,-0.021960051740632546f,0.9997580887030748f,-0.00123296403978896f,1.3203136038999066f,-0.9275493506878161f,-0.020834114634488823f,-0.3731194737694717f,2.2443013644564203f,0f,0f,0f,1f], start_interpolation: 0, interpolation_duration: 1 }
$data merge entity $(bone_body) { transformation: [-0.3826834323650897f,-0.04029905920751534f,0.9230002039112791f,-1.2890625000000002f,0f,0.9990482215818578f,0.043619387365336f,0.6959084654112456f,-0.9238795325112866f,0.016692416874629207f,-0.3823192025331841f,1.94515625f,0f,0f,0f,1f], start_interpolation: 0, interpolation_duration: 1 }
$data merge entity $(bone_leftleg) { transformation: [-0.3826834323650897f,-0.17628452544743048f,0.9069052633439988f,-1.241227070954364f,0f,0.981627183447664f,0.1908089953765448f,0.806125f,-0.9238795325112866f,0.0730194412768307f,-0.37565245986462764f,2.060641191563911f,0f,0f,0f,1f], start_interpolation: 0, interpolation_duration: 1 }
$data merge entity $(bone_rightleg) { transformation: [-0.3826483595450604f,0.21700964589848515f,0.8980462385225428f,-1.3368979290456364f,-0.00014340297349875765f,0.9720089979223243f,-0.23494358342722668f,0.7463888888888889f,-0.9238940482398732f,-0.09002955928500984f,-0.3719065286895157f,1.8296713084360892f,0f,0f,0f,1f], start_interpolation: 0, interpolation_duration: 1 }
$data merge entity $(text_display_text) { transformation: [-4.5769509808878667e-17f,0f,-2f,1.4374999999999998f,0f,2f,0f,2.447543507865989f,2f,0f,-4.5769509808878667e-17f,1.9375000000000002f,0f,0f,0f,1f], start_interpolation: 0, interpolation_duration: 1 }
data modify entity @s data merge value {"locators":{},"cameras":{"camera":{"posx":-4.158213427734376,"posy":1.375,"posz":4.674753906249999,"roty":224.5625,"rotx":0}}}