# This file was generated by Animated Java via MC-Build. It is not recommended to edit this file directly.
$data merge entity $(bone_left_eye) { transformation: [-0.2301465272160479f,-0.10229656277835703f,0.9677644285951652f,-1.5970962263470112f,0.0043260664846631065f,0.9943423457237962f,0.10613474760543312f,1.6769173500455283f,-0.9731463719087498f,0.028613156837936873f,-0.22840189600045893f,2.1568538723541644f,0f,0f,0f,1f], start_interpolation: 0, interpolation_duration: 1 }
$data merge entity $(bone_right_eye) { transformation: [-0.2301465272160479f,-0.10229656277835703f,0.9677644285951652f,-1.6546328581510232f,0.0043260664846631065f,0.9943423457237962f,0.10613474760543312f,1.6779988666666943f,-0.9731463719087498f,0.028613156837936873f,-0.22840189600045893f,1.913567279376977f,0f,0f,0f,1f], start_interpolation: 0, interpolation_duration: 1 }
$data merge entity $(bone_right_close) { transformation: [-0.2301465272160479f,-0.10229656277835703f,0.9677644285951652f,-1.6610263933246707f,0.0043260664846631065f,0.9943423457237962f,0.10613474760543312f,1.7401452632744314f,-0.9731463719087498f,0.028613156837936873f,-0.22840189600045893f,1.9153556016793483f,0f,0f,0f,1f], start_interpolation: 0, interpolation_duration: 1 }
$data merge entity $(bone_left_close) { transformation: [-0.2301465272160479f,-0.10229656277835703f,0.9677644285951652f,-1.6034897615206587f,0.0043260664846631065f,0.9943423457237962f,0.10613474760543312f,1.7390637466532655f,-0.9731463719087498f,0.028613156837936873f,-0.22840189600045893f,2.1586421946565357f,0f,0f,0f,1f], start_interpolation: 0, interpolation_duration: 1 }
$data merge entity $(bone_left_eyebrow) { transformation: [-0.2301465272160479f,-0.10229656277835703f,0.9677644285951652f,-1.600992832727987f,0.0043260664846631065f,0.9943423457237962f,0.10613474760543312f,1.7141985545884455f,-0.9731463719087498f,0.028613156837936873f,-0.22840189600045893f,2.157941140854087f,0f,0f,0f,1f], start_interpolation: 0, interpolation_duration: 1 }
$data merge entity $(bone_right_eyebrow) { transformation: [-0.2301465272160479f,-0.10229656277835703f,0.9677644285951652f,-1.6585294645319988f,0.0043260664846631065f,0.9943423457237962f,0.10613474760543312f,1.7152800712096112f,-0.9731463719087498f,0.028613156837936873f,-0.22840189600045893f,1.9146545478768995f,0f,0f,0f,1f], start_interpolation: 0, interpolation_duration: 1 }
$data merge entity $(bone_talking) { transformation: [-0.2301465272160479f,-0.10229656277835703f,0.9677644285951652f,-1.297864017618439f,0.0043260664846631065f,0.9943423457237962f,0.10613474760543312f,1.4620396305518601f,-0.9731463719087498f,0.028613156837936873f,-0.22840189600045893f,1.956681694155943f,0f,0f,0f,1f], start_interpolation: 0, interpolation_duration: 1 }
$data merge entity $(bone_m_opened) { transformation: [-0.2301465272160479f,-0.10229656277835703f,0.9677644285951652f,-1.297864017618439f,0.0043260664846631065f,0.9943423457237962f,0.10613474760543312f,1.4620396305518601f,-0.9731463719087498f,0.028613156837936873f,-0.22840189600045893f,1.956681694155943f,0f,0f,0f,1f], start_interpolation: 0, interpolation_duration: 1 }
$data merge entity $(bone_head) { transformation: [-0.2301465272160479f,-0.10229656277835703f,0.9677644285951652f,-1.3583492944056368f,0.0043260664846631065f,0.9943423457237962f,0.10613474760543312f,1.4554062088265205f,-0.9731463719087498f,0.028613156837936873f,-0.22840189600045893f,1.9709568126559718f,0f,0f,0f,1f], start_interpolation: 0, interpolation_duration: 1 }
$data merge entity $(item_display_r_item) { transformation: [-0.22495691869087073f,-0.032303897671385244f,0.3738409995283365f,-2.011573897898038f,-0.007995046397164857f,0.4361894110189255f,0.032880494948678625f,1.3458658184905223f,-0.3751489223844527f,0.010075014153814723f,-0.22487336463793195f,2.002844858141599f,0f,0f,0f,1f], start_interpolation: 0, interpolation_duration: 1 }
$data merge entity $(bone_rightarm) { transformation: [-0.5141872427219902f,0.8544937132076262f,0.07383748039173789f,-1.4729004846187879f,-0.018274391764948245f,0.07515541702555137f,-0.9970043680432583f,1.3305251811287884f,-0.8574832511644633f,-0.5139962620295587f,-0.023028603780148052f,1.680157906636866f,0f,0f,0f,1f], start_interpolation: 0, interpolation_duration: 1 }
$data merge entity $(item_display_l_item) { transformation: [-0.1585655977466849f,-0.40693976997157844f,-0.02575315178216637f,-1.3132016282651058f,-0.019945544121171478f,-0.019857944913720588f,0.4365937325403493f,0.701146150381512f,-0.40726573202388006f,0.15941121553793644f,-0.011355081671686043f,2.3193502212839534f,0f,0f,0f,1f], start_interpolation: 0, interpolation_duration: 1 }
$data merge entity $(bone_leftarm) { transformation: [-0.36243565199242267f,-0.058864346930666195f,0.9301480456493221f,-1.2337233393906069f,-0.04558981513410624f,0.9979285315207984f,0.045389588374218706f,1.3305251811287884f,-0.9308931017688687f,-0.02595447239242516f,-0.3643684926581404f,2.25758261445642f,0f,0f,0f,1f], start_interpolation: 0, interpolation_duration: 1 }
$data merge entity $(bone_body) { transformation: [-0.3826834323650897f,-0.04029905920751534f,0.9230002039112791f,-1.3281250000000002f,0f,0.9990482215818578f,0.043619387365336f,0.7061200426401273f,-0.9238795325112866f,0.016692416874629207f,-0.3823192025331841f,1.9584374999999998f,0f,0f,0f,1f], start_interpolation: 0, interpolation_duration: 1 }
$data merge entity $(bone_leftleg) { transformation: [-0.3826834323650897f,-0.14452660043002172f,0.9125050423758844f,-1.280289570954364f,0f,0.9876883405951378f,0.15643446504023087f,0.808875f,-0.9238795325112866f,0.05986487802179218f,-0.3779719642859271f,2.073922441563911f,0f,0f,0f,1f], start_interpolation: 0, interpolation_duration: 1 }
$data merge entity $(bone_rightleg) { transformation: [-0.3826105793982503f,0.1915967567922492f,0.9038251088121123f,-1.3759604290456364f,-0.00029783694086542425f,0.9782356700953679f,-0.20749671092868693f,0.745f,-0.9239096578268309f,-0.0796596292971421f,-0.3742262519313016f,1.842952558436089f,0f,0f,0f,1f], start_interpolation: 0, interpolation_duration: 1 }
$data merge entity $(text_display_text) { transformation: [-4.5769509808878667e-17f,0f,-2f,1.4374999999999998f,0f,2f,0f,2.413458710382775f,2f,0f,-4.5769509808878667e-17f,1.9375000000000002f,0f,0f,0f,1f], start_interpolation: 0, interpolation_duration: 1 }
data modify entity @s data merge value {"locators":{},"cameras":{"camera":{"posx":-4.180544140625001,"posy":1.375,"posz":4.6452656249999995,"roty":225.125,"rotx":0}}}