# This file was generated by Animated Java via MC-Build. It is not recommended to edit this file directly.
$data merge entity $(bone_left_eye) { transformation: [-0.2947492212658609f,-0.11928049318597987f,0.9481007649551169f,-1.6282431988073225f,-0.004594744910881275f,0.9923440978849265f,0.12341831189963459f,1.6858419557965763f,-0.9555635954149636f,0.03202117015758427f,-0.293040713518389f,2.182719857517598f,0f,0f,0f,1f], start_interpolation: 0, interpolation_duration: 1 }
$data merge entity $(bone_right_eye) { transformation: [-0.2947492212658609f,-0.11928049318597987f,0.9481007649551169f,-1.7019305041237875f,-0.004594744910881275f,0.9923440978849265f,0.12341831189963459f,1.6846932695688561f,-0.9555635954149636f,0.03202117015758427f,-0.293040713518389f,1.9438289586638569f,0f,0f,0f,1f], start_interpolation: 0, interpolation_duration: 1 }
$data merge entity $(bone_right_close) { transformation: [-0.2947492212658609f,-0.11928049318597987f,0.9481007649551169f,-1.7093855349479115f,-0.004594744910881275f,0.9923440978849265f,0.12341831189963459f,1.746714775686664f,-0.9555635954149636f,0.03202117015758427f,-0.293040713518389f,1.9458302817987059f,0f,0f,0f,1f], start_interpolation: 0, interpolation_duration: 1 }
$data merge entity $(bone_left_close) { transformation: [-0.2947492212658609f,-0.11928049318597987f,0.9481007649551169f,-1.6356982296314464f,-0.004594744910881275f,0.9923440978849265f,0.12341831189963459f,1.747863461914384f,-0.9555635954149636f,0.03202117015758427f,-0.293040713518389f,2.184721180652447f,0f,0f,0f,1f], start_interpolation: 0, interpolation_duration: 1 }
$data merge entity $(bone_left_eyebrow) { transformation: [-0.2947492212658609f,-0.11928049318597987f,0.9481007649551169f,-1.6327754735996063f,-0.004594744910881275f,0.9923440978849265f,0.12341831189963459f,1.7230471458227674f,-0.9555635954149636f,0.03202117015758427f,-0.293040713518389f,2.1839389664431024f,0f,0f,0f,1f], start_interpolation: 0, interpolation_duration: 1 }
$data merge entity $(bone_right_eyebrow) { transformation: [-0.2947492212658609f,-0.11928049318597987f,0.9481007649551169f,-1.7064627789160716f,-0.004594744910881275f,0.9923440978849265f,0.12341831189963459f,1.721898459595047f,-0.9555635954149636f,0.03202117015758427f,-0.293040713518389f,1.9450480675893613f,0f,0f,0f,1f], start_interpolation: 0, interpolation_duration: 1 }
$data merge entity $(bone_talking) { transformation: [-0.2947492212658609f,-0.11928049318597987f,0.9481007649551169f,-1.338985239120586f,-0.004594744910881275f,0.9923440978849265f,0.12341831189963459f,1.4757498106801203f,-0.9555635954149636f,0.03202117015758427f,-0.293040713518389f,1.9636938925768346f,0f,0f,0f,1f], start_interpolation: 0, interpolation_duration: 1 }
$data merge entity $(bone_m_opened) { transformation: [-0.2947492212658609f,-0.11928049318597987f,0.9481007649551169f,-1.338985239120586f,-0.004594744910881275f,0.9923440978849265f,0.12341831189963459f,1.4757498106801203f,-0.9555635954149636f,0.03202117015758427f,-0.293040713518389f,1.9636938925768346f,0f,0f,0f,1f], start_interpolation: 0, interpolation_duration: 1 }
$data merge entity $(bone_head) { transformation: [-0.2947492212658609f,-0.11928049318597987f,0.9481007649551169f,-1.398241536930281f,-0.004594744910881275f,0.9923440978849265f,0.12341831189963459f,1.4680361661863932f,-0.9555635954149636f,0.03202117015758427f,-0.293040713518389f,1.982008937171734f,0f,0f,0f,1f], start_interpolation: 0, interpolation_duration: 1 }
$data merge entity $(item_display_r_item) { transformation: [-0.20503382929320035f,-0.03158841230158624f,0.3851876828944972f,-2.046141849155455f,-0.007932163821854969f,0.4362883206077909f,0.031556807163221165f,1.360400888342315f,-0.38639935251300567f,0.007805351337285602f,-0.20503869602597335f,1.9776830529451606f,0f,0f,0f,1f], start_interpolation: 0, interpolation_duration: 1 }
$data merge entity $(bone_rightarm) { transformation: [-0.46864875267017225f,0.8804289894731364f,0.07220208526076874f,-1.4913611004059468f,-0.018130660164239927f,0.07212984494450574f,-0.997230447103522f,1.343155138488661f,-0.8831985200297272f,-0.4686598766307962f,-0.017840803056652907f,1.683655579859872f,0f,0f,0f,1f], start_interpolation: 0, interpolation_duration: 1 }
$data merge entity $(item_display_l_item) { transformation: [-0.12267594272664267f,-0.416656931317018f,-0.05247727757434883f,-1.3388479259384092f,-0.03247386369097378f,-0.045094865468041034f,0.43395639329937213f,0.7103331864986892f,-0.41869118841111225f,0.12557748482074743f,-0.018282069165863328f,2.3389287551358935f,0f,0f,0f,1f], start_interpolation: 0, interpolation_duration: 1 }
$data merge entity $(bone_leftarm) { transformation: [-0.2804021548037547f,-0.11994806302708325f,0.9523587001531839f,-1.2947706278111881f,-0.07422597415079721f,0.991900327541422f,0.10307397821266545f,1.343155138488661f,-0.9570084306539709f,-0.0417875866648304f,-0.28703425101885127f,2.276932232093018f,0f,0f,0f,1f], start_interpolation: 0, interpolation_duration: 1 }
$data merge entity $(bone_body) { transformation: [-0.3145447561516138f,-0.04140538257370773f,0.9483391749113007f,-1.3671875000000002f,0f,0.9990482215818578f,0.043619387365336f,0.71875f,-0.9492426435730338f,0.013720249562312397f,-0.3142453792411689f,1.9717187499999997f,0f,0f,0f,1f], start_interpolation: 0, interpolation_duration: 1 }
$data merge entity $(bone_leftleg) { transformation: [-0.3145447561516138f,-0.1156835777044121f,0.9421671328522497f,-1.3278694054810485f,0f,0.992546151641322f,0.1218693434051475f,0.810875f,-0.9492426435730338f,0.03833336290372941f,-0.31220018723724235f,2.090374080446629f,0f,0f,0f,1f], start_interpolation: 0, interpolation_duration: 1 }
$data merge entity $(bone_rightleg) { transformation: [-0.31442276427096705f,0.16295657241153208f,0.9351916813231866f,-1.406505594518952f,-0.00048536388925427644f,0.9851280429645735f,-0.17182113777613225f,0.7438888888888889f,-0.9492829344985081f,-0.05447838537139945f,-0.3096675891940039f,1.8530634195533706f,0f,0f,0f,1f], start_interpolation: 0, interpolation_duration: 1 }
$data merge entity $(text_display_text) { transformation: [-4.5769509808878667e-17f,0f,-2f,1.4374999999999998f,0f,2f,0f,2.36709371246997f,2f,0f,-4.5769509808878667e-17f,1.9375000000000002f,0f,0f,0f,1f], start_interpolation: 0, interpolation_duration: 1 }
data modify entity @s data merge value {"locators":{},"cameras":{"camera":{"posx":-4.203085595703126,"posy":1.375,"posz":4.6156289062499996,"roty":225.68750000000003,"rotx":0}}}