# This file was generated by Animated Java via MC-Build. It is not recommended to edit this file directly.
$data merge entity $(bone_left_eye) { transformation: [0.027318246900085774f,-0.12376190334490106f,0.991935836970695f,-1.0156885103470465f,0.05547655235520213f,0.9909645791107309f,0.12211287846362631f,1.709564522303769f,-0.9980862014500984f,0.05169327062915649f,0.03393729875187934f,1.8876565808065537f,0f,0f,0f,1f], start_interpolation: 0, interpolation_duration: 1 }
$data merge entity $(bone_right_eye) { transformation: [0.027318246900085774f,-0.12376190334490106f,0.991935836970695f,-1.0088589486220252f,0.05547655235520213f,0.9909645791107309f,0.12211287846362631f,1.7234336603925695f,-0.9980862014500984f,0.05169327062915649f,0.03393729875187934f,1.6381350304440292f,0f,0f,0f,1f], start_interpolation: 0, interpolation_duration: 1 }
$data merge entity $(bone_right_close) { transformation: [0.027318246900085774f,-0.12376190334490106f,0.991935836970695f,-1.0165940675810814f,0.05547655235520213f,0.9909645791107309f,0.12211287846362631f,1.7853689465869902f,-0.9980862014500984f,0.05169327062915649f,0.03393729875187934f,1.6413658598583514f,0f,0f,0f,1f], start_interpolation: 0, interpolation_duration: 1 }
$data merge entity $(bone_left_close) { transformation: [0.027318246900085774f,-0.12376190334490106f,0.991935836970695f,-1.0234236293061028f,0.05547655235520213f,0.9909645791107309f,0.12211287846362631f,1.7714998084981897f,-0.9980862014500984f,0.05169327062915649f,0.03393729875187934f,1.890887410220876f,0f,0f,0f,1f], start_interpolation: 0, interpolation_duration: 1 }
$data merge entity $(bone_left_eyebrow) { transformation: [0.027318246900085774f,-0.12376190334490106f,0.991935836970695f,-1.020391577712291f,0.05547655235520213f,0.9909645791107309f,0.12211287846362631f,1.7467180619655176f,-0.9980862014500984f,0.05169327062915649f,0.03393729875187934f,1.8895929573739751f,0f,0f,0f,1f], start_interpolation: 0, interpolation_duration: 1 }
$data merge entity $(bone_right_eyebrow) { transformation: [0.027318246900085774f,-0.12376190334490106f,0.991935836970695f,-1.0135620159872696f,0.05547655235520213f,0.9909645791107309f,0.12211287846362631f,1.7605872000543181f,-0.9980862014500984f,0.05169327062915649f,0.03393729875187934f,1.6400714070114506f,0f,0f,0f,1f], start_interpolation: 0, interpolation_duration: 1 }
$data merge entity $(bone_talking) { transformation: [0.027318246900085774f,-0.12376190334490106f,0.991935836970695f,-0.6713533045949683f,0.05547655235520213f,0.9909645791107309f,0.12211287846362631f,1.5069182210903698f,-0.9980862014500984f,0.05169327062915649f,0.03393729875187934f,1.7605778938279646f,0f,0f,0f,1f], start_interpolation: 0, interpolation_duration: 1 }
$data merge entity $(bone_m_opened) { transformation: [0.027318246900085774f,-0.12376190334490106f,0.991935836970695f,-0.6713533045949683f,0.05547655235520213f,0.9909645791107309f,0.12211287846362631f,1.5069182210903698f,-0.9980862014500984f,0.05169327062915649f,0.03393729875187934f,1.7605778938279646f,0f,0f,0f,1f], start_interpolation: 0, interpolation_duration: 1 }
$data merge entity $(bone_head) { transformation: [0.027318246900085774f,-0.12376190334490106f,0.991935836970695f,-0.7333492944056368f,0.05547655235520213f,0.9909645791107309f,0.12211287846362631f,1.4992861661863932f,-0.9980862014500984f,0.05169327062915649f,0.03393729875187934f,1.758456812655972f,0f,0f,0f,1f], start_interpolation: 0, interpolation_duration: 1 }
$data merge entity $(item_display_r_item) { transformation: [-0.07725340837480923f,-0.02039174332258893f,0.430142229615671f,-1.4653024902586878f,0.0032243863226927485f,0.4369695611587256f,0.02129450524414282f,1.4064086397339892f,-0.4306132420482641f,0.006930326472572823f,-0.07700945622237942f,1.5786614621649189f,0f,0f,0f,1f], start_interpolation: 0, interpolation_duration: 1 }
$data merge entity $(bone_rightarm) { transformation: [-0.1765792191424211f,0.9831822391215337f,0.046609699023060634f,-0.8479004846187879f,0.007370025880440568f,0.048673154843755236f,-0.9987875683628014f,1.374405138488661f,-0.9842588389674609f,-0.17602161422258153f,-0.015840746223023637f,1.4676579066368665f,0f,0f,0f,1f], start_interpolation: 0, interpolation_duration: 1 }
$data merge entity $(item_display_l_item) { transformation: [-0.16742400165972676f,-0.4015883980437789f,-0.045849887948338566f,-0.6579630417626312f,0f,-0.0496275610995619f,0.4346761497705036f,0.7392599070737811f,-0.4041972954736879f,0.16634336096141814f,0.018991645421488557f,2.065478366986128f,0f,0f,0f,1f], start_interpolation: 0, interpolation_duration: 1 }
$data merge entity $(bone_leftarm) { transformation: [-0.3826834323650897f,-0.10479974388191693f,0.9179163383857804f,-0.6087233393906067f,0f,0.9935454851897225f,0.11343442537042742f,1.374405138488661f,-0.9238795325112866f,0.043409475249116786f,-0.38021339648324143f,2.0450826144564207f,0f,0f,0f,1f], start_interpolation: 0, interpolation_duration: 1 }
$data merge entity $(bone_body) { transformation: [-0.3826834323650897f,-0.04029905920751534f,0.9230002039112791f,-0.7031250000000002f,0f,0.9990482215818578f,0.043619387365336f,0.75f,-0.9238795325112866f,0.016692416874629207f,-0.3823192025331841f,1.7459375000000001f,0f,0f,0f,1f], start_interpolation: 0, interpolation_duration: 1 }
$data merge entity $(bone_leftleg) { transformation: [-0.3826834323650897f,0.17628452544743048f,0.9069052633439988f,-0.655289570954364f,0f,0.981627183447664f,-0.1908089953765448f,0.7541435185185186f,-0.9238795325112866f,-0.0730194412768307f,-0.37565245986462764f,1.861422441563911f,0f,0f,0f,1f], start_interpolation: 0, interpolation_duration: 1 }
$data merge entity $(bone_rightleg) { transformation: [-0.3826834323650897f,-0.19271620387439475f,0.9035562270038962f,-0.7509604290456364f,0f,0.978002212634641f,0.20859451594360376f,0.8125f,-0.9238795325112866f,0.07982566533383272f,-0.37426524359167673f,1.6304525584360894f,0f,0f,0f,1f], start_interpolation: 0, interpolation_duration: 1 }
$data merge entity $(text_display_text) { transformation: [-4.5769509808878667e-17f,0f,-2f,1.4374999999999998f,0f,2f,0f,2.6231202889149823f,2f,0f,-4.5769509808878667e-17f,1.9375000000000002f,0f,0f,0f,1f], start_interpolation: 0, interpolation_duration: 1 }
data modify entity @s data merge value {"locators":{},"cameras":{"camera":{"posx":-3.8869910156250005,"posy":1.375,"posz":5.0355156249999995,"roty":216.125,"rotx":0}}}