# This file was generated by Animated Java via MC-Build. It is not recommended to edit this file directly.
$data merge entity $(bone_left_eye) { transformation: [-0.32759429884663394f,-0.12655658522633642f,0.9363041205180245f,-1.6627355117224059f,-0.011376113473361297f,0.991444865579759f,0.13002946803619153f,1.6974419871163278f,-0.9447499983622245f,0.03194541049012817f,-0.3262314076590323f,2.2006446203763415f,0f,0f,0f,1f], start_interpolation: 0, interpolation_duration: 1 }
$data merge entity $(bone_right_eye) { transformation: [-0.32759429884663394f,-0.12655658522633642f,0.9363041205180245f,-1.7446340864340644f,-0.011376113473361297f,0.991444865579759f,0.13002946803619153f,1.6945979587479876f,-0.9447499983622245f,0.03194541049012817f,-0.3262314076590323f,1.9644571207857855f,0f,0f,0f,1f], start_interpolation: 0, interpolation_duration: 1 }
$data merge entity $(bone_right_close) { transformation: [-0.32759429884663394f,-0.12655658522633642f,0.9363041205180245f,-1.7525438730107104f,-0.011376113473361297f,0.991444865579759f,0.13002946803619153f,1.7565632628467225f,-0.9447499983622245f,0.03194541049012817f,-0.3262314076590323f,1.9664537089414182f,0f,0f,0f,1f], start_interpolation: 0, interpolation_duration: 1 }
$data merge entity $(bone_left_close) { transformation: [-0.32759429884663394f,-0.12655658522633642f,0.9363041205180245f,-1.6706452982990518f,-0.011376113473361297f,0.991444865579759f,0.13002946803619153f,1.7594072912150627f,-0.9447499983622245f,0.03194541049012817f,-0.3262314076590323f,2.202641208531974f,0f,0f,0f,1f], start_interpolation: 0, interpolation_duration: 1 }
$data merge entity $(bone_left_eyebrow) { transformation: [-0.32759429884663394f,-0.12655658522633642f,0.9363041205180245f,-1.667539902675926f,-0.011376113473361297f,0.991444865579759f,0.13002946803619153f,1.7346130427338167f,-0.9447499983622245f,0.03194541049012817f,-0.3262314076590323f,2.2018629627327f,0f,0f,0f,1f], start_interpolation: 0, interpolation_duration: 1 }
$data merge entity $(bone_right_eyebrow) { transformation: [-0.32759429884663394f,-0.12655658522633642f,0.9363041205180245f,-1.7494384773875844f,-0.011376113473361297f,0.991444865579759f,0.13002946803619153f,1.7317690143654765f,-0.9447499983622245f,0.03194541049012817f,-0.3262314076590323f,1.965675463142144f,0f,0f,0f,1f], start_interpolation: 0, interpolation_duration: 1 }
$data merge entity $(bone_talking) { transformation: [-0.32759429884663394f,-0.12655658522633642f,0.9363041205180245f,-1.3794506151097683f,-0.011376113473361297f,0.991444865579759f,0.13002946803619153f,1.488792965298528f,-0.9447499983622245f,0.03194541049012817f,-0.3262314076590323f,1.9726172030650837f,0f,0f,0f,1f], start_interpolation: 0, interpolation_duration: 1 }
$data merge entity $(bone_m_opened) { transformation: [-0.32759429884663394f,-0.12655658522633642f,0.9363041205180245f,-1.3794506151097683f,-0.011376113473361297f,0.991444865579759f,0.13002946803619153f,1.488792965298528f,-0.9447499983622245f,0.03194541049012817f,-0.3262314076590323f,1.9726172030650837f,0f,0f,0f,1f], start_interpolation: 0, interpolation_duration: 1 }
$data merge entity $(bone_head) { transformation: [-0.32759429884663394f,-0.12655658522633642f,0.9363041205180245f,-1.4379696226421448f,-0.011376113473361297f,0.991444865579759f,0.13002946803619153f,1.480666123546266f,-0.9447499983622245f,0.03194541049012817f,-0.3262314076590323f,1.9930066660437733f,0f,0f,0f,1f], start_interpolation: 0, interpolation_duration: 1 }
$data merge entity $(item_display_r_item) { transformation: [-0.18454958490165968f,-0.03073589363035453f,0.3954781985841553f,-2.0785250109215956f,-0.007868963735371852f,0.43638251421572444f,0.030242861909787408f,1.3749213665796551f,-0.3965927131483337f,0.005644123448915604f,-0.1846310205467567f,1.9532409071221593f,0f,0f,0f,1f], start_interpolation: 0, interpolation_duration: 1 }
$data merge entity $(bone_rightarm) { transformation: [-0.421827622632365f,0.903950168192355f,0.07025347115509627f,-1.5091653138541803f,-0.01798620282370709f,0.06912654150808573f,-0.9974457467787987f,1.3557850958485338f,-0.9064976300533342f,-0.4220137612497296f,-0.012900853597521475f,1.688676002991233f,0f,0f,0f,1f], start_interpolation: 0, interpolation_duration: 1 }
$data merge entity $(item_display_l_item) { transformation: [-0.08535418661225391f,-0.42139168927328874f,-0.08093180486783026f,-1.3609814852924813f,-0.04605818160327871f,-0.07304334779152723f,0.4288934171222559f,0.7222106863048746f,-0.42661406063930896f,0.09219524692092328f,-0.030111952942810844f,2.364027015167906f,0f,0f,0f,1f], start_interpolation: 0, interpolation_duration: 1 }
$data merge entity $(bone_leftarm) { transformation: [-0.1950952836851518f,-0.1849869825550408f,0.9631810040532314f,-1.3562007238827278f,-0.10527584366463705f,0.9803278105651564f,0.16695622352349104f,1.3557850958485338f,-0.975117852889849f,-0.06882732101213902f,-0.21073199296211034f,2.2946684404150557f,0f,0f,0f,1f], start_interpolation: 0, interpolation_duration: 1 }
$data merge entity $(bone_body) { transformation: [-0.24474334395432373f,-0.04229283018952616f,0.9686650670405201f,-1.4062500000000002f,0f,0.9990482215818578f,0.043619387365336f,0.7313799573598727f,-0.969587899878116f,0.010675554725031311f,-0.24451040252156406f,1.9849999999999999f,0f,0f,0f,1f], start_interpolation: 0, interpolation_duration: 1 }
$data merge entity $(bone_leftleg) { transformation: [-0.24474334395432373f,-0.08450515357301923f,0.9658983251924894f,-1.3756570820057097f,0f,0.9961946980917455f,0.08715574274765818f,0.8125f,-0.969587899878116f,0.021330787924884662f,-0.24381202164054178f,2.1061984874847646f,0f,0f,0f,1f], start_interpolation: 0, interpolation_duration: 1 }
$data merge entity $(bone_rightleg) { transformation: [-0.24456634129436894f,0.1254510931388218f,0.9614828796895765f,-1.4368429179942908f,-0.0006894373093520892f,0.99157233311564f,-0.1295524329212031f,0.7430555555555556f,-0.9696323165932964f,-0.03234704669488407f,-0.24241872697470435f,1.8638015125152354f,0f,0f,0f,1f], start_interpolation: 0, interpolation_duration: 1 }
$data merge entity $(text_display_text) { transformation: [-4.5769509808878667e-17f,0f,-2f,1.4374999999999998f,0f,2f,0f,2.25f,2f,0f,-4.5769509808878667e-17f,1.9375000000000002f,0f,0f,0f,1f], start_interpolation: 0, interpolation_duration: 1 }
data modify entity @s data merge value {"locators":{},"cameras":{"camera":{"posx":-4.225781250000001,"posy":1.375,"posz":4.585937499999999,"roty":226.25,"rotx":0}}}