# This file was generated by Animated Java via MC-Build. It is not recommended to edit this file directly.
$data merge entity $(bone_left_eye) { transformation: [-0.2959524502897724f,-0.12631665891229174f,0.9468137350338319f,-1.6971926888811084f,-0.01376289882373292f,0.9916786402904828f,0.128000222685694f,1.7085176675293117f,-0.9551035178363899f,0.02485107790127635f,-0.29522820689036f,2.1984965757435337f,0f,0f,0f,1f], start_interpolation: 0, interpolation_duration: 1 }
$data merge entity $(bone_right_eye) { transformation: [-0.2959524502897724f,-0.12631665891229174f,0.9468137350338319f,-1.7711808014535517f,-0.01376289882373292f,0.9916786402904828f,0.128000222685694f,1.7050769428233783f,-0.9551035178363899f,0.02485107790127635f,-0.29522820689036f,1.9597206962844365f,0f,0f,0f,1f], start_interpolation: 0, interpolation_duration: 1 }
$data merge entity $(bone_right_close) { transformation: [-0.2959524502897724f,-0.12631665891229174f,0.9468137350338319f,-1.77907559263557f,-0.01376289882373292f,0.9916786402904828f,0.128000222685694f,1.7670568578415333f,-0.9551035178363899f,0.02485107790127635f,-0.29522820689036f,1.9612738886532661f,0f,0f,0f,1f], start_interpolation: 0, interpolation_duration: 1 }
$data merge entity $(bone_left_close) { transformation: [-0.2959524502897724f,-0.12631665891229174f,0.9468137350338319f,-1.7050874800631266f,-0.01376289882373292f,0.9916786402904828f,0.128000222685694f,1.7704975825474667f,-0.9551035178363899f,0.02485107790127635f,-0.29522820689036f,2.2000497681123634f,0f,0f,0f,1f], start_interpolation: 0, interpolation_duration: 1 }
$data merge entity $(bone_left_eyebrow) { transformation: [-0.2959524502897724f,-0.12631665891229174f,0.9468137350338319f,-1.7019887394487592f,-0.01376289882373292f,0.9916786402904828f,0.128000222685694f,1.745697616526287f,-0.9551035178363899f,0.02485107790127635f,-0.29522820689036f,2.199446942927762f,0f,0f,0f,1f], start_interpolation: 0, interpolation_duration: 1 }
$data merge entity $(bone_right_eyebrow) { transformation: [-0.2959524502897724f,-0.12631665891229174f,0.9468137350338319f,-1.7759768520212023f,-0.01376289882373292f,0.9916786402904828f,0.128000222685694f,1.7422568918203536f,-0.9551035178363899f,0.02485107790127635f,-0.29522820689036f,1.9606710634686646f,0f,0f,0f,1f], start_interpolation: 0, interpolation_duration: 1 }
$data merge entity $(bone_talking) { transformation: [-0.2959524502897724f,-0.12631665891229174f,0.9468137350338319f,-1.4067282882411847f,-0.01376289882373292f,0.9916786402904828f,0.128000222685694f,1.4988777146930037f,-0.9551035178363899f,0.02485107790127635f,-0.29522820689036f,1.9806370518854284f,0f,0f,0f,1f], start_interpolation: 0, interpolation_duration: 1 }
$data merge entity $(bone_m_opened) { transformation: [-0.2959524502897724f,-0.12631665891229174f,0.9468137350338319f,-1.4067282882411847f,-0.01376289882373292f,0.9916786402904828f,0.128000222685694f,1.4988777146930037f,-0.9551035178363899f,0.02485107790127635f,-0.29522820689036f,1.9806370518854284f,0f,0f,0f,1f], start_interpolation: 0, interpolation_duration: 1 }
$data merge entity $(bone_head) { transformation: [-0.2959524502897724f,-0.12631665891229174f,0.9468137350338319f,-1.4659041466807992f,-0.01376289882373292f,0.9916786402904828f,0.128000222685694f,1.4908777007751477f,-0.9551035178363899f,0.02485107790127635f,-0.29522820689036f,1.999088814816076f,0f,0f,0f,1f], start_interpolation: 0, interpolation_duration: 1 }
$data merge entity $(item_display_r_item) { transformation: [-0.1635602127568998f,-0.029756133815599405f,0.4046836780786516f,-2.0971700297160676f,-0.007805829657966068f,0.4364720766520033f,0.028938647626288654f,1.387008901704432f,-0.4057010917242748f,0.0035984445856264745f,-0.16370682750055257f,1.9247705485504867f,0f,0f,0f,1f], start_interpolation: 0, interpolation_duration: 1 }
$data merge entity $(bone_rightarm) { transformation: [-0.37385191487291386f,0.9249912641797751f,0.0680140201499417f,-1.5147996133443367f,-0.0178418963610653f,0.06614548028866f,-0.9976504609188648f,1.3659966730774156f,-0.9273167810840568f,-0.3741870342869773f,-0.008225016195717739f,1.6903895886088935f,0f,0f,0f,1f], start_interpolation: 0, interpolation_duration: 1 }
$data merge entity $(item_display_l_item) { transformation: [-0.04748127872075098f,-0.42125637311317204f,-0.1081427125726848f,-1.372138876659576f,-0.059570256946007566f,-0.10146076103353252f,0.42138266274003616f,0.735032651724926f,-0.4308168551234143f,0.06045686133130273f,-0.04634711705746794f,2.3893779904182786f,0f,0f,0f,1f], start_interpolation: 0, interpolation_duration: 1 }
$data merge entity $(bone_leftarm) { transformation: [-0.10852863707600224f,-0.24718334302327977f,0.9628717099729647f,-1.4062695023025051f,-0.13616058730516015f,0.9631603719772255f,0.23191031093378883f,1.3659966730774156f,-0.9847242402820897f,-0.10593626755992669f,-0.13818711161440625f,2.3058944342415235f,0f,0f,0f,1f], start_interpolation: 0, interpolation_duration: 1 }
$data merge entity $(bone_body) { transformation: [-0.17364817766693041f,-0.04295671085902564f,0.9838704342468718f,-1.4336866135365298f,0f,0.9990482215818578f,0.043619387365336f,0.7415915345887544f,-0.9848077530122079f,0.0075744271269385256f,-0.1734829030790773f,1.993407994470872f,0f,0f,0f,1f], start_interpolation: 0, interpolation_duration: 1 }
$data merge entity $(bone_leftleg) { transformation: [-0.17364817766693041f,-0.051540855469358715f,0.9834581082132784f,-1.4119805913281636f,0f,0.9986295347545738f,0.0523359562429438f,0.8145f,-0.9848077530122079f,0.009088043428043402f,-0.1734101988745063f,2.116508963597398f,0f,0f,0f,1f], start_interpolation: 0, interpolation_duration: 1 }
$data merge entity $(bone_rightleg) { transformation: [-0.17341518910290943f,0.08100640856053075f,0.9815116575774973f,-1.455392635744896f,-0.0008935106947025854f,0.9965981600202019f,-0.0824093992393264f,0.7425f,-0.9848484014441209f,-0.015168032715965701f,-0.17275287828712657f,1.8703070253443461f,0f,0f,0f,1f], start_interpolation: 0, interpolation_duration: 1 }
$data merge entity $(text_display_text) { transformation: [-4.5769509808878667e-17f,0f,-2f,1.4374999999999998f,0f,2f,0f,2.13290628753003f,2f,0f,-4.5769509808878667e-17f,1.9375000000000002f,0f,0f,0f,1f], start_interpolation: 0, interpolation_duration: 1 }
data modify entity @s data merge value {"locators":{},"cameras":{"camera":{"posx":-4.248574560546876,"posy":1.375,"posz":4.5562851562499995,"roty":226.81250000000003,"rotx":0}}}