# This file was generated by Animated Java via MC-Build. It is not recommended to edit this file directly.
$data merge entity $(bone_left_eye) { transformation: [-0.3296867814857183f,-0.12118932581322353f,0.9362797516888447f,-1.7316950394098736f,-0.015644253535318644f,0.992291947947963f,0.12293066081722623f,1.7165075896816748f,-0.9439607425337723f,0.02588121609533834f,-0.32904145515195415f,2.218879977859881f,0f,0f,0f,1f], start_interpolation: 0, interpolation_duration: 1 }
$data merge entity $(bone_right_eye) { transformation: [-0.3296867814857183f,-0.12118932581322353f,0.9362797516888447f,-1.814116734781303f,-0.015644253535318644f,0.992291947947963f,0.12293066081722623f,1.712596526297845f,-0.9439607425337723f,0.02588121609533834f,-0.32904145515195415f,1.982889792226438f,0f,0f,0f,1f], start_interpolation: 0, interpolation_duration: 1 }
$data merge entity $(bone_right_close) { transformation: [-0.3296867814857183f,-0.12118932581322353f,0.9362797516888447f,-1.8216910676446294f,-0.015644253535318644f,0.992291947947963f,0.12293066081722623f,1.774614773044593f,-0.9439607425337723f,0.02588121609533834f,-0.32904145515195415f,1.9845073682323964f,0f,0f,0f,1f], start_interpolation: 0, interpolation_duration: 1 }
$data merge entity $(bone_left_close) { transformation: [-0.3296867814857183f,-0.12118932581322353f,0.9362797516888447f,-1.7392693722732f,-0.015644253535318644f,0.992291947947963f,0.12293066081722623f,1.7785258364284227f,-0.9439607425337723f,0.02588121609533834f,-0.32904145515195415f,2.2204975538658394f,0f,0f,0f,1f], start_interpolation: 0, interpolation_duration: 1 }
$data merge entity $(bone_left_eyebrow) { transformation: [-0.3296867814857183f,-0.12118932581322353f,0.9362797516888447f,-1.73629815661235f,-0.015644253535318644f,0.992291947947963f,0.12293066081722623f,1.7537108545634223f,-0.9439607425337723f,0.02588121609533834f,-0.32904145515195415f,2.2198710885544033f,0f,0f,0f,1f], start_interpolation: 0, interpolation_duration: 1 }
$data merge entity $(bone_right_eyebrow) { transformation: [-0.3296867814857183f,-0.12118932581322353f,0.9362797516888447f,-1.8187198519837795f,-0.015644253535318644f,0.992291947947963f,0.12293066081722623f,1.7497997911795928f,-0.9439607425337723f,0.02588121609533834f,-0.32904145515195415f,1.98388090292096f,0f,0f,0f,1f], start_interpolation: 0, interpolation_duration: 1 }
$data merge entity $(bone_talking) { transformation: [-0.3296867814857183f,-0.12118932581322353f,0.9362797516888447f,-1.4500211332395185f,-0.015644253535318644f,0.992291947947963f,0.12293066081722623f,1.5048949025081524f,-0.9439607425337723f,0.02588121609533834f,-0.32904145515195415f,1.991589126284339f,0f,0f,0f,1f], start_interpolation: 0, interpolation_duration: 1 }
$data merge entity $(bone_m_opened) { transformation: [-0.3296867814857183f,-0.12118932581322353f,0.9362797516888447f,-1.4500211332395185f,-0.015644253535318644f,0.992291947947963f,0.12293066081722623f,1.5048949025081524f,-0.9439607425337723f,0.02588121609533834f,-0.32904145515195415f,1.991589126284339f,0f,0f,0f,1f], start_interpolation: 0, interpolation_duration: 1 }
$data merge entity $(bone_head) { transformation: [-0.3296867814857183f,-0.12118932581322353f,0.9362797516888447f,-1.5085386177200713f,-0.015644253535318644f,0.992291947947963f,0.12293066081722623f,1.4972117362070758f,-0.9439607425337723f,0.02588121609533834f,-0.32904145515195415f,2.0121542172313363f,0f,0f,0f,1f], start_interpolation: 0, interpolation_duration: 1 }
$data merge entity $(item_display_r_item) { transformation: [-0.17180605086331288f,-0.028461781886424932f,0.40134630664627075f,-2.1348519198620566f,-0.007743143697242759f,0.43655709272054816f,0.02764414080898002f,1.3952043777423075f,-0.40227972185089894f,0.0037525680849839716f,-0.1719395056999146f,1.9496189374647441f,0f,0f,0f,1f], start_interpolation: 0, interpolation_duration: 1 }
$data merge entity $(bone_rightarm) { transformation: [-0.39269954483042946f,0.9173629866200474f,0.06505550145468576f,-1.557434084383609f,-0.017698614165126306f,0.06318660756338312f,-0.9978447833612529f,1.3723307085093437f,-0.919496507087769f,-0.39300458445694764f,-0.008577298479963451f,1.703454991024154f,0f,0f,0f,1f], start_interpolation: 0, interpolation_duration: 1 }
$data merge entity $(item_display_l_item) { transformation: [-0.041299033041178566f,-0.4138121283522849f,-0.1358681798598028f,-1.3730386102141405f,-0.07190491869897195f,-0.1281270260613491f,0.4120914920980154f,0.7470208552089364f,-0.429569927412008f,0.061231018456550684f,-0.055916811801243395f,2.416335573074718f,0f,0f,0f,1f], start_interpolation: 0, interpolation_duration: 1 }
$data merge entity $(bone_leftarm) { transformation: [-0.09439778980840816f,-0.3105558396795494f,0.9458562933766511f,-1.4489039733417775f,-0.16435409988336447f,0.9419234105097493f,0.2928617738545124f,1.3723307085093437f,-0.9818741197988754f,-0.12780985554569915f,-0.13995661361497302f,2.3189598366567843f,0f,0f,0f,1f], start_interpolation: 0, interpolation_duration: 1 }
$data merge entity $(bone_body) { transformation: [-0.17364817766693041f,-0.04295671085902564f,0.9838704342468718f,-1.4763210845758021f,0f,0.9990482215818578f,0.043619387365336f,0.7479255700206826f,-0.9848077530122079f,0.0075744271269385256f,-0.1734829030790773f,2.0064733968861326f,0f,0f,0f,1f], start_interpolation: 0, interpolation_duration: 1 }
$data merge entity $(bone_leftleg) { transformation: [-0.17364817766693041f,-0.017187265168156905f,0.9846577620214008f,-1.4546150623674359f,0f,0.9998476951563913f,0.01745240643728345f,0.816625f,-0.9848077530122079f,0.0030305785737368765f,-0.17362173020838792f,2.1295743660126587f,0f,0f,0f,1f], start_interpolation: 0, interpolation_duration: 1 }
$data merge entity $(bone_rightleg) { transformation: [-0.1733662714352018f,0.03152260093575502f,0.9843528135576698f,-1.4980271067841684f,-0.0010810375498904548f,0.999480942949291f,-0.03219745392126292f,0.7422222222222222f,-0.9848568257805148f,-0.00664607488983223f,-0.1732422073343765f,1.8833724277596067f,0f,0f,0f,1f], start_interpolation: 0, interpolation_duration: 1 }
$data merge entity $(text_display_text) { transformation: [-4.5769509808878667e-17f,0f,-2f,1.4374999999999998f,0f,2f,0f,2.086541289617225f,2f,0f,-4.5769509808878667e-17f,1.9375000000000002f,0f,0f,0f,1f], start_interpolation: 0, interpolation_duration: 1 }
data modify entity @s data merge value {"locators":{},"cameras":{"camera":{"posx":-4.271408984375001,"posy":1.375,"posz":4.526765624999999,"roty":227.37500000000003,"rotx":0}}}