# This file was generated by Animated Java via MC-Build. It is not recommended to edit this file directly.
$data merge entity $(bone_left_eye) { transformation: [-0.3593684409335456f,-0.11400277311455592f,0.9262060739291141f,-1.7709667370980753f,-0.017089133830916634f,0.9931474681519008f,0.11561171224568197f,1.7208062468918124f,-0.9330392731101416f,0.025719141231005924f,-0.35885406589369695f,2.239421658666471f,0f,0f,0f,1f], start_interpolation: 0, interpolation_duration: 1 }
$data merge entity $(bone_right_eye) { transformation: [-0.3593684409335456f,-0.11400277311455592f,0.9262060739291141f,-1.8608088473314617f,-0.017089133830916634f,0.9931474681519008f,0.11561171224568197f,1.7165339634340833f,-0.9330392731101416f,0.025719141231005924f,-0.35885406589369695f,2.006161840388936f,0f,0f,0f,1f], start_interpolation: 0, interpolation_duration: 1 }
$data merge entity $(bone_right_close) { transformation: [-0.3593684409335456f,-0.11400277311455592f,0.9262060739291141f,-1.8679340206511212f,-0.017089133830916634f,0.9931474681519008f,0.11561171224568197f,1.7786056801935772f,-0.9330392731101416f,0.025719141231005924f,-0.35885406589369695f,2.007769286715874f,0f,0f,0f,1f], start_interpolation: 0, interpolation_duration: 1 }
$data merge entity $(bone_left_close) { transformation: [-0.3593684409335456f,-0.11400277311455592f,0.9262060739291141f,-1.7780919104177348f,-0.017089133830916634f,0.9931474681519008f,0.11561171224568197f,1.7828779636513064f,-0.9330392731101416f,0.025719141231005924f,-0.35885406589369695f,2.241029104993409f,0f,0f,0f,1f], start_interpolation: 0, interpolation_duration: 1 }
$data merge entity $(bone_left_eyebrow) { transformation: [-0.3593684409335456f,-0.11400277311455592f,0.9262060739291141f,-1.7752997289694914f,-0.017089133830916634f,0.9931474681519008f,0.11561171224568197f,1.7580420512154935f,-0.9330392731101416f,0.025719141231005924f,-0.35885406589369695f,2.240408554841752f,0f,0f,0f,1f], start_interpolation: 0, interpolation_duration: 1 }
$data merge entity $(bone_right_eyebrow) { transformation: [-0.3593684409335456f,-0.11400277311455592f,0.9262060739291141f,-1.8651418392028778f,-0.017089133830916634f,0.9931474681519008f,0.11561171224568197f,1.7537697677577644f,-0.9330392731101416f,0.025719141231005924f,-0.35885406589369695f,2.0071487365642167f,0f,0f,0f,1f], start_interpolation: 0, interpolation_duration: 1 }
$data merge entity $(bone_talking) { transformation: [-0.3593684409335456f,-0.11400277311455592f,0.9262060739291141f,-1.497947700833281f,-0.017089133830916634f,0.9931474681519008f,0.11561171224568197f,1.5065118982017482f,-0.9330392731101416f,0.025719141231005924f,-0.35885406589369695f,2.0042200686281717f,0f,0f,0f,1f], start_interpolation: 0, interpolation_duration: 1 }
$data merge entity $(bone_m_opened) { transformation: [-0.3593684409335456f,-0.11400277311455592f,0.9262060739291141f,-1.497947700833281f,-0.017089133830916634f,0.9931474681519008f,0.11561171224568197f,1.5065118982017482f,-0.9330392731101416f,0.025719141231005924f,-0.35885406589369695f,2.0042200686281717f,0f,0f,0f,1f], start_interpolation: 0, interpolation_duration: 1 }
$data merge entity $(bone_head) { transformation: [-0.3593684409335456f,-0.11400277311455592f,0.9262060739291141f,-1.5558355804538508f,-0.017089133830916634f,0.9931474681519008f,0.11561171224568197f,1.4992861661863932f,-0.9330392731101416f,0.025719141231005924f,-0.35885406589369695f,2.0266484477465276f,0f,0f,0f,1f], start_interpolation: 0, interpolation_duration: 1 }
$data merge entity $(item_display_r_item) { transformation: [-0.17998025698010103f,-0.027183162752401086f,0.3978371937867968f,-2.17695320434887f,-0.007681286240112299f,0.4366376470551262f,0.026359306058024643f,1.399125793699358f,-0.39869080117187833f,0.003858864721602294f,-0.18010276017869942f,1.9757901453262878f,0f,0f,0f,1f], start_interpolation: 0, interpolation_duration: 1 }
$data merge entity $(bone_rightarm) { transformation: [-0.4113834445259452f,0.9093421572269641f,0.062132943434059826f,-1.6047310471173886f,-0.017557225691685253f,0.06024984241834226f,-0.9980289075545742f,1.374405138488661f,-0.9112932598214362f,-0.41166345183702724f,-0.008820262220805335f,1.7179492215393455f,0f,0f,0f,1f], start_interpolation: 0, interpolation_duration: 1 }
$data merge entity $(item_display_l_item) { transformation: [-0.036158178753597364f,-0.40572892099244534f,-0.1596335766044504f,-1.384075518352755f,-0.08199215107796283f,-0.15099618458832495f,0.40234772200346436f,0.7564809114584763f,-0.4282243842553006f,0.06316996841913511f,-0.06355849132172706f,2.442300474322767f,0f,0f,0f,1f], start_interpolation: 0, interpolation_duration: 1 }
$data merge entity $(bone_leftarm) { transformation: [-0.08264726572250826f,-0.36487674652445823f,0.927380390839875f,-1.496200936075557f,-0.1874106310353436f,0.9196519360079184f,0.3451341362018858f,1.374405138488661f,-0.9787985925835443f,-0.14527655159251895f,-0.14438849924373742f,2.3334540671719757f,0f,0f,0f,1f], start_interpolation: 0, interpolation_duration: 1 }
$data merge entity $(bone_body) { transformation: [-0.17364817766693041f,-0.04295671085902564f,0.9838704342468718f,-1.5236180473095817f,0f,0.9990482215818578f,0.043619387365336f,0.75f,-0.9848077530122079f,0.0075744271269385256f,-0.1734829030790773f,2.020967627401324f,0f,0f,0f,1f], start_interpolation: 0, interpolation_duration: 1 }
$data merge entity $(bone_leftleg) { transformation: [-0.17364817766693041f,0.017187265168156905f,0.9846577620214008f,-1.5019120251012155f,0f,0.9998476951563913f,-0.01745240643728345f,0.81775f,-0.9848077530122079f,-0.0030305785737368765f,-0.17362173020838792f,2.14406859652785f,0f,0f,0f,1f], start_interpolation: 0, interpolation_duration: 1 }
$data merge entity $(bone_rightleg) { transformation: [-0.17332598139114103f,-0.01913546799477656f,0.9846785963142585f,-1.545324069517948f,-0.0012354713964410349f,0.9998146664846518f,0.019212139199295493f,0.7422222222222222f,-0.9848637356432748f,0.002113420640907127f,-0.17331749960107365f,1.897866658274798f,0f,0f,0f,1f], start_interpolation: 0, interpolation_duration: 1 }
$data merge entity $(text_display_text) { transformation: [-4.5769509808878667e-17f,0f,-2f,1.4374999999999998f,0f,2f,0f,2.052456492134011f,2f,0f,-4.5769509808878667e-17f,1.9375000000000002f,0f,0f,0f,1f], start_interpolation: 0, interpolation_duration: 1 }
data modify entity @s data merge value {"locators":{},"cameras":{"camera":{"posx":-4.294227978515626,"posy":1.375,"posz":4.497472656249999,"roty":227.9375,"rotx":0}}}