# This file was generated by Animated Java via MC-Build. It is not recommended to edit this file directly.
$data merge entity $(bone_left_eye) { transformation: [-0.3850886492612037f,-0.1055508809828827f,0.9168237255513837f,-1.813031291040733f,-0.018166829324195326f,0.9941125699399018f,0.10681837201431836f,1.721153444899837f,-0.9227007632610298f,0.02447876245280974f,-0.38473899161157515f,2.259532814930064f,0f,0f,0f,1f], start_interpolation: 0, interpolation_duration: 1 }
$data merge entity $(bone_right_eye) { transformation: [-0.3850886492612037f,-0.1055508809828827f,0.9168237255513837f,-1.909303453356034f,-0.018166829324195326f,0.9941125699399018f,0.10681837201431836f,1.716611737568788f,-0.9227007632610298f,0.02447876245280974f,-0.38473899161157515f,2.0288576241148064f,0f,0f,0f,1f], start_interpolation: 0, interpolation_duration: 1 }
$data merge entity $(bone_right_close) { transformation: [-0.3850886492612037f,-0.1055508809828827f,0.9168237255513837f,-1.9159003834174642f,-0.018166829324195326f,0.9941125699399018f,0.10681837201431836f,1.7787437731900317f,-0.9227007632610298f,0.02447876245280974f,-0.38473899161157515f,2.0303875467681074f,0f,0f,0f,1f], start_interpolation: 0, interpolation_duration: 1 }
$data merge entity $(bone_left_close) { transformation: [-0.3850886492612037f,-0.1055508809828827f,0.9168237255513837f,-1.819628221102163f,-0.018166829324195326f,0.9941125699399018f,0.10681837201431836f,1.7832854805210807f,-0.9227007632610298f,0.02447876245280974f,-0.38473899161157515f,2.261062737583365f,0f,0f,0f,1f], start_interpolation: 0, interpolation_duration: 1 }
$data merge entity $(bone_left_eyebrow) { transformation: [-0.3850886492612037f,-0.1055508809828827f,0.9168237255513837f,-1.8170467505604382f,-0.018166829324195326f,0.9941125699399018f,0.10681837201431836f,1.7584259901243324f,-0.9227007632610298f,0.02447876245280974f,-0.38473899161157515f,2.26047481470902f,0f,0f,0f,1f], start_interpolation: 0, interpolation_duration: 1 }
$data merge entity $(bone_right_eyebrow) { transformation: [-0.3850886492612037f,-0.1055508809828827f,0.9168237255513837f,-1.913318912875739f,-0.018166829324195326f,0.9941125699399018f,0.10681837201431836f,1.7538842827932835f,-0.9227007632610298f,0.02447876245280974f,-0.38473899161157515f,2.0297996238937626f,0f,0f,0f,1f], start_interpolation: 0, interpolation_duration: 1 }
$data merge entity $(bone_talking) { transformation: [-0.3850886492612037f,-0.1055508809828827f,0.9168237255513837f,-1.5482722377178553f,-0.018166829324195326f,0.9941125699399018f,0.10681837201431836f,1.5037351900038114f,-0.9227007632610298f,0.02447876245280974f,-0.38473899161157515f,2.0178445940306156f,0f,0f,0f,1f], start_interpolation: 0, interpolation_duration: 1 }
$data merge entity $(bone_m_opened) { transformation: [-0.3850886492612037f,-0.1055508809828827f,0.9168237255513837f,-1.5482722377178553f,-0.018166829324195326f,0.9941125699399018f,0.10681837201431836f,1.5037351900038114f,-0.9227007632610298f,0.02447876245280974f,-0.38473899161157515f,2.0178445940306156f,0f,0f,0f,1f], start_interpolation: 0, interpolation_duration: 1 }
$data merge entity $(bone_head) { transformation: [-0.3850886492612037f,-0.1055508809828827f,0.9168237255513837f,-1.6055737205648168f,-0.018166829324195326f,0.9941125699399018f,0.10681837201431836f,1.4970590417529166f,-0.9227007632610298f,0.02447876245280974f,-0.38473899161157515f,2.041890781006339f,0f,0f,0f,1f], start_interpolation: 0, interpolation_duration: 1 }
$data merge entity $(item_display_r_item) { transformation: [-0.18807942052120735f,-0.025921733220294865f,0.39415789389946576f,-2.2212549975447766f,-0.007620635646100359f,0.4367138239552044f,0.02508409613225104f,1.3987312801455691f,-0.3949358270513783f,0.003917871013508362f,-0.1881929669195033f,2.00259834625752f,0f,0f,0f,1f], start_interpolation: 0, interpolation_duration: 1 }
$data merge entity $(bone_rightarm) { transformation: [-0.4298958183341882f,0.9009323289130646f,0.059249675932102744f,-1.6544691872283546f,-0.017418595762515105f,0.05733507687371688f,-0.9982030261833243f,1.3721780140551845f,-0.9027104618317219f,-0.4301553529588647f,-0.008955133745162065f,1.733191554799157f,0f,0f,0f,1f], start_interpolation: 0, interpolation_duration: 1 }
$data merge entity $(item_display_l_item) { transformation: [-0.03264489711963825f,-0.39850463076788567f,-0.1775798973662258f,-1.4061119744541677f,-0.08879572229475512f,-0.1682801025801076f,0.3939585977964959f,0.7612999878944453f,-0.42714854605184f,0.06543788147685954f,-0.06832461689332417f,2.4649995335584958f,0f,0f,0f,1f], start_interpolation: 0, interpolation_duration: 1 }
$data merge entity $(bone_leftarm) { transformation: [-0.07461690770203029f,-0.40589690826565916f,0.9108677274694529f,-1.545939076186523f,-0.20296165095944027f,0.900476794963419f,0.38464023446881757f,1.3721780140551845f,-0.9763395338327772f,-0.15617055289902665f,-0.14957230051853612f,2.348696400431787f,0f,0f,0f,1f], start_interpolation: 0, interpolation_duration: 1 }
$data merge entity $(bone_body) { transformation: [-0.17364817766693041f,-0.04295671085902564f,0.9838704342468718f,-1.5733561874205477f,0f,0.9990482215818578f,0.043619387365336f,0.7477728755665233f,-0.9848077530122079f,0.0075744271269385256f,-0.1734829030790773f,2.0362099606611355f,0f,0f,0f,1f], start_interpolation: 0, interpolation_duration: 1 }
$data merge entity $(bone_leftleg) { transformation: [-0.17364817766693041f,0.05154085546935874f,0.9834581082132784f,-1.5516501652121815f,0f,0.9986295347545738f,-0.05233595624294383f,0.81675f,-0.9848077530122079f,-0.009088043428043405f,-0.1734101988745063f,2.1593109297876616f,0f,0f,0f,1f], start_interpolation: 0, interpolation_duration: 1 }
$data merge entity $(bone_rightleg) { transformation: [-0.17329863919479843f,-0.06909387131689441f,0.9824426795491302f,-1.595062209628914f,-0.0013402657722781624f,0.9975516979752115f,0.06992005116153793f,0.7425f,-0.9848684101649776f,0.010800315422100268f,-0.17296695593636494f,1.9131089915346096f,0f,0f,0f,1f], start_interpolation: 0, interpolation_duration: 1 }
$data merge entity $(text_display_text) { transformation: [-4.5769509808878667e-17f,0f,-2f,1.4374999999999998f,0f,2f,0f,2.025f,2f,0f,-4.5769509808878667e-17f,1.9375000000000002f,0f,0f,0f,1f], start_interpolation: 0, interpolation_duration: 1 }
data modify entity @s data merge value {"locators":{},"cameras":{"camera":{"posx":-4.316975000000001,"posy":1.375,"posz":4.468499999999999,"roty":228.5,"rotx":0}}}