# This file was generated by Animated Java via MC-Build. It is not recommended to edit this file directly.
$data merge entity $(bone_left_eye) { transformation: [-0.4069420450029549f,-0.09657919363588488f,0.9083339866841134f,-1.8571833760367387f,-0.01894556827262311f,0.9950733871526459f,0.09731402583075102f,1.7163219231529951f,-0.9132574869398226f,0.022392265119968394f,-0.4067669468026583f,2.2790431441178374f,0f,0f,0f,1f], start_interpolation: 0, interpolation_duration: 1 }
$data merge entity $(bone_right_eye) { transformation: [-0.4069420450029549f,-0.09657919363588488f,0.9083339866841134f,-1.9589188872874774f,-0.01894556827262311f,0.9950733871526459f,0.09731402583075102f,1.7115855310848396f,-0.9132574869398226f,0.022392265119968394f,-0.4067669468026583f,2.0507287723828815f,0f,0f,0f,1f], start_interpolation: 0, interpolation_duration: 1 }
$data merge entity $(bone_right_close) { transformation: [-0.4069420450029549f,-0.09657919363588488f,0.9083339866841134f,-1.9649550868897203f,-0.01894556827262311f,0.9950733871526459f,0.09731402583075102f,1.77377761778188f,-0.9132574869398226f,0.022392265119968394f,-0.4067669468026583f,2.0521282889528796f,0f,0f,0f,1f], start_interpolation: 0, interpolation_duration: 1 }
$data merge entity $(bone_left_close) { transformation: [-0.4069420450029549f,-0.09657919363588488f,0.9083339866841134f,-1.8632195756389816f,-0.01894556827262311f,0.9950733871526459f,0.09731402583075102f,1.7785140098500356f,-0.9132574869398226f,0.022392265119968394f,-0.4067669468026583f,2.2804426606878354f,0f,0f,0f,1f], start_interpolation: 0, interpolation_duration: 1 }
$data merge entity $(bone_left_eyebrow) { transformation: [-0.4069420450029549f,-0.09657919363588488f,0.9083339866841134f,-1.860861866672252f,-0.01894556827262311f,0.9950733871526459f,0.09731402583075102f,1.753631093044605f,-0.9132574869398226f,0.022392265119968394f,-0.4067669468026583f,2.279908276994011f,0f,0f,0f,1f], start_interpolation: 0, interpolation_duration: 1 }
$data merge entity $(bone_right_eyebrow) { transformation: [-0.4069420450029549f,-0.09657919363588488f,0.9083339866841134f,-1.9625973779229908f,-0.01894556827262311f,0.9950733871526459f,0.09731402583075102f,1.7488947009764493f,-0.9132574869398226f,0.022392265119968394f,-0.4067669468026583f,2.0515939052590557f,0f,0f,0f,1f], start_interpolation: 0, interpolation_duration: 1 }
$data merge entity $(bone_talking) { transformation: [-0.4069420450029549f,-0.09657919363588488f,0.9083339866841134f,-1.6000519624143514f,-0.01894556827262311f,0.9950733871526459f,0.09731402583075102f,1.4955960134028656f,-0.9132574869398226f,0.022392265119968394f,-0.4067669468026583f,2.0321732210945367f,0f,0f,0f,1f], start_interpolation: 0, interpolation_duration: 1 }
$data merge entity $(bone_m_opened) { transformation: [-0.4069420450029549f,-0.09657919363588488f,0.9083339866841134f,-1.6000519624143514f,-0.01894556827262311f,0.9950733871526459f,0.09731402583075102f,1.4955960134028656f,-0.9132574869398226f,0.022392265119968394f,-0.4067669468026583f,2.0321732210945367f,0f,0f,0f,1f], start_interpolation: 0, interpolation_duration: 1 }
$data merge entity $(bone_head) { transformation: [-0.4069420450029549f,-0.09657919363588488f,0.9083339866841134f,-1.6568228365821085f,-0.01894556827262311f,0.9950733871526459f,0.09731402583075102f,1.4895138867884437f,-0.9132574869398226f,0.022392265119968394f,-0.4067669468026583f,2.0575961552697026f,0f,0f,0f,1f], start_interpolation: 0, interpolation_duration: 1 }
$data merge entity $(item_display_r_item) { transformation: [-0.19610016231126465f,-0.024678933987835043f,0.39031003901862393f,-2.266829635270514f,-0.007561567942206828f,0.43678570722261145f,0.023818452013064064f,1.393004457246707f,-0.3910163667057314f,0.00393016326217192f,-0.19620653604042254f,2.0297534324434343f,0f,0f,0f,1f], start_interpolation: 0, interpolation_duration: 1 }
$data merge entity $(bone_rightarm) { transformation: [-0.4482289424257478f,0.892137232042569f,0.05640899197219458f,-1.705718303245646f,-0.017283583867901322f,0.05444217602986094f,-0.9983673307945404f,1.3646328590907113f,-0.8937516953273861f,-0.44847208237810865f,-0.008983230313535916f,1.7488969290625205f,0f,0f,0f,1f], start_interpolation: 0, interpolation_duration: 1 }
$data merge entity $(item_display_l_item) { transformation: [-0.031345559933499585f,-0.39379861132937094f,-0.18800627539397294f,-1.4411216877351019f,-0.0912932077137617f,-0.1784017128913402f,0.38890182445286603f,0.7580869061890912f,-0.42671917709166446f,0.06709495176609671f,-0.06939208420070556f,2.4827033097721865f,0f,0f,0f,1f], start_interpolation: 0, interpolation_duration: 1 }
$data merge entity $(bone_leftarm) { transformation: [-0.07164699413371334f,-0.42972862947193835f,0.9001111116099906f,-1.5971881922038145f,-0.20867018906002674f,0.888918455892265f,0.4077753437516349f,1.3646328590907113f,-0.9753581190666616f,-0.15861047817304125f,-0.15335988975107823f,2.3644017746951507f,0f,0f,0f,1f], start_interpolation: 0, interpolation_duration: 1 }
$data merge entity $(bone_body) { transformation: [-0.17364817766693041f,-0.04295671085902564f,0.9838704342468718f,-1.6246053034378392f,0f,0.9990482215818578f,0.043619387365336f,0.7402277206020503f,-0.9848077530122079f,0.0075744271269385256f,-0.1734829030790773f,2.051915334924499f,0f,0f,0f,1f], start_interpolation: 0, interpolation_duration: 1 }
$data merge entity $(bone_leftleg) { transformation: [-0.17364817766693041f,0.08583165117743129f,0.9810602621904068f,-1.602899281229473f,0f,0.9961946980917455f,-0.08715574274765818f,0.8125f,-0.9848077530122079f,-0.01513443590133863f,-0.17298739392508952f,2.175016304051025f,0f,0f,0f,1f], start_interpolation: 0, interpolation_duration: 1 }
$data merge entity $(bone_rightleg) { transformation: [-0.17328856523972005f,-0.11649518890035802f,0.9779570257021669f,-1.6463113256462054f,-0.0013788742221177638f,0.9930074461711776f,0.11804368070538708f,0.7430555555555556f,-0.9848701294399372f,0.019107140331972472f,-0.17223746783233737f,1.928814365797973f,0f,0f,0f,1f], start_interpolation: 0, interpolation_duration: 1 }
$data merge entity $(text_display_text) { transformation: [-4.5769509808878667e-17f,0f,-2f,1.4374999999999998f,0f,2f,0f,2.0019608145876946f,2f,0f,-4.5769509808878667e-17f,1.9375000000000002f,0f,0f,0f,1f], start_interpolation: 0, interpolation_duration: 1 }
data modify entity @s data merge value {"locators":{},"cameras":{"camera":{"posx":-4.3395935058593755,"posy":1.375,"posz":4.439941406249999,"roty":229.0625,"rotx":0}}}