# This file was generated by Animated Java via MC-Build. It is not recommended to edit this file directly.
$data merge entity $(bone_left_eye) { transformation: [-0.42502046314674935f,-0.08778935855230488f,0.9009165524239732f,-1.9031201761497125f,-0.019491739388647816f,0.9959426758233443f,0.08785362012712929f,1.7056188200123772f,-0.9049738548721323f,0.019779155664783922f,-0.4250071846440488f,2.2979260846998093f,0f,0f,0f,1f], start_interpolation: 0, interpolation_duration: 1 }
$data merge entity $(bone_right_eye) { transformation: [-0.42502046314674935f,-0.08778935855230488f,0.9009165524239732f,-2.0093752919364f,-0.019491739388647816f,0.9959426758233443f,0.08785362012712929f,1.700745885165215f,-0.9049738548721323f,0.019779155664783922f,-0.4250071846440488f,2.0716826209817762f,0f,0f,0f,1f], start_interpolation: 0, interpolation_duration: 1 }
$data merge entity $(bone_right_close) { transformation: [-0.42502046314674935f,-0.08778935855230488f,0.9009165524239732f,-2.0148621268459186f,-0.019491739388647816f,0.9959426758233443f,0.08785362012712929f,1.762992302404174f,-0.9049738548721323f,0.019779155664783922f,-0.4250071846440488f,2.0729188182108254f,0f,0f,0f,1f], start_interpolation: 0, interpolation_duration: 1 }
$data merge entity $(bone_left_close) { transformation: [-0.42502046314674935f,-0.08778935855230488f,0.9009165524239732f,-1.9086070110592315f,-0.019491739388647816f,0.9959426758233443f,0.08785362012712929f,1.7678652372513362f,-0.9049738548721323f,0.019779155664783922f,-0.4250071846440488f,2.2991622819288584f,0f,0f,0f,1f], start_interpolation: 0, interpolation_duration: 1 }
$data merge entity $(bone_left_eyebrow) { transformation: [-0.42502046314674935f,-0.08778935855230488f,0.9009165524239732f,-1.9064685843799505f,-0.019491739388647816f,0.9959426758233443f,0.08785362012712929f,1.7429611795044946f,-0.9049738548721323f,0.019779155664783922f,-0.4250071846440488f,2.298694365986279f,0f,0f,0f,1f], start_interpolation: 0, interpolation_duration: 1 }
$data merge entity $(bone_right_eyebrow) { transformation: [-0.42502046314674935f,-0.08778935855230488f,0.9009165524239732f,-2.012723700166638f,-0.019491739388647816f,0.9959426758233443f,0.08785362012712929f,1.7380882446573327f,-0.9049738548721323f,0.019779155664783922f,-0.4250071846440488f,2.072450902268246f,0f,0f,0f,1f], start_interpolation: 0, interpolation_duration: 1 }
$data merge entity $(bone_talking) { transformation: [-0.42502046314674935f,-0.08778935855230488f,0.9009165524239732f,-1.6527639717724885f,-0.019491739388647816f,0.9959426758233443f,0.08785362012712929f,1.481650939922688f,-0.9049738548721323f,0.019779155664783922f,-0.4250071846440488f,2.0470448187233314f,0f,0f,0f,1f], start_interpolation: 0, interpolation_duration: 1 }
$data merge entity $(bone_m_opened) { transformation: [-0.42502046314674935f,-0.08778935855230488f,0.9009165524239732f,-1.6527639717724885f,-0.019491739388647816f,0.9959426758233443f,0.08785362012712929f,1.481650939922688f,-0.9049738548721323f,0.019779155664783922f,-0.4250071846440488f,2.0470448187233314f,0f,0f,0f,1f], start_interpolation: 0, interpolation_duration: 1 }
$data merge entity $(bone_head) { transformation: [-0.42502046314674935f,-0.08778935855230488f,0.9009165524239732f,-1.7090712562989867f,-0.019491739388647816f,0.9959426758233443f,0.08785362012712929f,1.4761600886647424f,-0.9049738548721323f,0.019779155664783922f,-0.4250071846440488f,2.0736077677635847f,0f,0f,0f,1f], start_interpolation: 0, interpolation_duration: 1 }
$data merge entity $(item_display_r_item) { transformation: [-0.2040391359948482f,-0.023456188619163907f,0.38629533804841343f,-2.3131680899772813f,-0.007504456519503847f,0.43685337999917095f,0.0225623029774619f,1.381454825284803f,-0.3869340565455859f,0.003896357114294735f,-0.20413991350643593f,2.057093611867639f,0f,0f,0f,1f], start_interpolation: 0, interpolation_duration: 1 }
$data merge entity $(bone_rightarm) { transformation: [-0.4663751679882244f,0.8829607726820878f,0.05361414541523198f,-1.7579667229625244f,-0.01715304347315165f,0.05157097823419885f,-0.9985220114266764f,1.35127906096701f,-0.8844207006756248f,-0.46660551658613925f,-0.00890595911838807f,1.7649085415564025f,0f,0f,0f,1f], start_interpolation: 0, interpolation_duration: 1 }
$data merge entity $(item_display_l_item) { transformation: [-0.03283029963233187f,-0.39310204096708495f,-0.1892067832123456f,-1.4914560761793663f,-0.08843852919012013f,-0.1798054566215719f,0.38891499627013143f,0.7443132215463732f,-0.42720843622374727f,0.06743169252377006f,-0.06597096984765459f,2.4939238276924733f,0f,0f,0f,1f], start_interpolation: 0, interpolation_duration: 1 }
$data merge entity $(bone_leftarm) { transformation: [-0.0750406848739014f,-0.43247264734250446f,0.8985189507819084f,-1.649436611920693f,-0.20214520957741744f,0.8889485629031574f,0.4109839008493074f,1.35127906096701f,-0.9764764256542795f,-0.15079078822321046f,-0.15412958291147444f,2.3804133871890327f,0f,0f,0f,1f], start_interpolation: 0, interpolation_duration: 1 }
$data merge entity $(bone_body) { transformation: [-0.17364817766693041f,-0.04295671085902564f,0.9838704342468718f,-1.6768537231547176f,0f,0.9990482215818578f,0.043619387365336f,0.726873922478349f,-0.9848077530122079f,0.0075744271269385256f,-0.1734829030790773f,2.067926947418381f,0f,0f,0f,1f], start_interpolation: 0, interpolation_duration: 1 }
$data merge entity $(bone_leftleg) { transformation: [-0.17364817766693041f,0.1200178742398964f,0.9774671453588045f,-1.6551477009463513f,0f,0.992546151641322f,-0.12186934340514746f,0.8029999999999999f,-0.9848077530122079f,-0.021162389395769202f,-0.17235383048284034f,2.191027916544907f,0f,0f,0f,1f], start_interpolation: 0, interpolation_duration: 1 }
$data merge entity $(bone_rightleg) { transformation: [-0.17330007830863078f,-0.1595386610535868f,0.9718613576469902f,-1.6985597453630839f,-0.0013347502792449423f,0.9868295858256256f,0.1617578034622017f,0.7438888888888889f,-0.9848681644260383f,0.026735447788524967f,-0.17123058877324623f,1.944825978291855f,0f,0f,0f,1f], start_interpolation: 0, interpolation_duration: 1 }
$data merge entity $(text_display_text) { transformation: [-4.5769509808878667e-17f,0f,-2f,1.4374999999999998f,0f,2f,0f,1.9821964339296434f,2f,0f,-4.5769509808878667e-17f,1.9375000000000002f,0f,0f,0f,1f], start_interpolation: 0, interpolation_duration: 1 }
data modify entity @s data merge value {"locators":{},"cameras":{"camera":{"posx":-4.362026953125,"posy":1.375,"posz":4.411890624999999,"roty":229.625,"rotx":0}}}