# This file was generated by Animated Java via MC-Build. It is not recommended to edit this file directly.
$data merge entity $(bone_left_eye) { transformation: [-0.43940764986732783f,-0.07984755988553267f,0.8947319623319591f,-1.9507185989385052f,-0.019869624148995325f,0.9966618244469886f,0.07918589347969618f,1.6917649294684918f,-0.8980679903405139f,0.017016899550928784f,-0.43952737099687433f,2.31622233335524f,0f,0f,0f,1f], start_interpolation: 0, interpolation_duration: 1 }
$data merge entity $(bone_right_eye) { transformation: [-0.43940764986732783f,-0.07984755988553267f,0.8947319623319591f,-2.060570511405337f,-0.019869624148995325f,0.9966618244469886f,0.07918589347969618f,1.686797523431243f,-0.8980679903405139f,0.017016899550928784f,-0.43952737099687433f,2.0917053357701114f,0f,0f,0f,1f], start_interpolation: 0, interpolation_duration: 1 }
$data merge entity $(bone_right_close) { transformation: [-0.43940764986732783f,-0.07984755988553267f,0.8947319623319591f,-2.065560983898183f,-0.019869624148995325f,0.9966618244469886f,0.07918589347969618f,1.74908888745918f,-0.8980679903405139f,0.017016899550928784f,-0.43952737099687433f,2.092768891992044f,0f,0f,0f,1f], start_interpolation: 0, interpolation_duration: 1 }
$data merge entity $(bone_left_close) { transformation: [-0.43940764986732783f,-0.07984755988553267f,0.8947319623319591f,-1.9557090714313512f,-0.019869624148995325f,0.9966618244469886f,0.07918589347969618f,1.7540562934964288f,-0.8980679903405139f,0.017016899550928784f,-0.43952737099687433f,2.317285889577173f,0f,0f,0f,1f], start_interpolation: 0, interpolation_duration: 1 }
$data merge entity $(bone_left_eyebrow) { transformation: [-0.43940764986732783f,-0.07984755988553267f,0.8947319623319591f,-1.9537688031818587f,-0.019869624148995325f,0.9966618244469886f,0.07918589347969618f,1.7291347987669115f,-0.8980679903405139f,0.017016899550928784f,-0.43952737099687433f,2.316887937549087f,0f,0f,0f,1f], start_interpolation: 0, interpolation_duration: 1 }
$data merge entity $(bone_right_eyebrow) { transformation: [-0.43940764986732783f,-0.07984755988553267f,0.8947319623319591f,-2.0636207156486908f,-0.019869624148995325f,0.9966618244469886f,0.07918589347969618f,1.7241673927296626f,-0.8980679903405139f,0.017016899550928784f,-0.43952737099687433f,2.0923709399639585f,0f,0f,0f,1f], start_interpolation: 0, interpolation_duration: 1 }
$data merge entity $(bone_talking) { transformation: [-0.43940764986732783f,-0.07984755988553267f,0.8947319623319591f,-1.7060789269718009f,-0.019869624148995325f,0.9966618244469886f,0.07918589347969618f,1.4648613620505253f,-0.8980679903405139f,0.017016899550928784f,-0.43952737099687433f,2.06235730623842f,0f,0f,0f,1f], start_interpolation: 0, interpolation_duration: 1 }
$data merge entity $(bone_m_opened) { transformation: [-0.43940764986732783f,-0.07984755988553267f,0.8947319623319591f,-1.7060789269718009f,-0.019869624148995325f,0.9966618244469886f,0.07918589347969618f,1.4648613620505253f,-0.8980679903405139f,0.017016899550928784f,-0.43952737099687433f,2.06235730623842f,0f,0f,0f,1f], start_interpolation: 0, interpolation_duration: 1 }
$data merge entity $(bone_head) { transformation: [-0.43940764986732783f,-0.07984755988553267f,0.8947319623319591f,-1.7619996746175484f,-0.019869624148995325f,0.9966618244469886f,0.07918589347969618f,1.4599122437080443f,-0.8980679903405139f,0.017016899550928784f,-0.43952737099687433f,2.089827766925725f,0f,0f,0f,1f], start_interpolation: 0, interpolation_duration: 1 }
$data merge entity $(item_display_r_item) { transformation: [-0.21189302943194308f,-0.022254902531755466f,0.38211557596027906f,-2.359953807300307f,-0.00744967183166066f,0.43691692460547576f,0.021315566680096525f,1.366997109982385f,-0.3826906014886624f,0.0038171070976781092f,-0.21198958282342695f,2.084516102908821f,0f,0f,0f,1f], start_interpolation: 0, interpolation_duration: 1 }
$data merge entity $(bone_rightarm) { transformation: [-0.4843269244158699f,0.8734070307663522f,0.050868348644012684f,-1.810895141281086f,-0.01702782132951008f,0.04872129526879228f,-0.9986672562410874f,1.3350312160103122f,-0.8747213748312284f,-0.48454761788211875f,-0.008724816223264358f,1.7811285407185427f,0f,0f,0f,1f], start_interpolation: 0, interpolation_duration: 1 }
$data merge entity $(item_display_l_item) { transformation: [-0.03763148627192585f,-0.3973224850056727f,-0.17923438328033725f,-1.559836621268965f,-0.0791171962124318f,-0.17068637365753714f,0.39498465933643956f,0.7219998816275308f,-0.4286380646938036f,0.06638715806958898f,-0.05716996360847172f,2.4972725223831578f,0f,0f,0f,1f], start_interpolation: 0, interpolation_duration: 1 }
$data merge entity $(bone_leftarm) { transformation: [-0.08601482576440195f,-0.40967859035505677f,0.908165680012966f,-1.7023650302392546f,-0.18083930562841555f,0.9028220784832903f,0.39014028264579936f,1.3350312160103122f,-0.9797441478715512f,-0.1306742025336496f,-0.15174207558763197f,2.396633386351173f,0f,0f,0f,1f], start_interpolation: 0, interpolation_duration: 1 }
$data merge entity $(bone_body) { transformation: [-0.17364817766693041f,-0.04295671085902564f,0.9838704342468718f,-1.7297821414732792f,0f,0.9990482215818578f,0.043619387365336f,0.710626077521651f,-0.9848077530122079f,0.0075744271269385256f,-0.1734829030790773f,2.084146946580521f,0f,0f,0f,1f], start_interpolation: 0, interpolation_duration: 1 }
$data merge entity $(bone_leftleg) { transformation: [-0.17364817766693041f,0.15405787400993662f,0.9726831353778539f,-1.708076119264913f,0f,0.9876883405951378f,-0.15643446504023092f,0.7889999999999999f,-0.9848077530122079f,-0.027164559778537236f,-0.17151028044722016f,2.2072479157070473f,0f,0f,0f,1f], start_interpolation: 0, interpolation_duration: 1 }
$data merge entity $(bone_rightleg) { transformation: [-0.17333749328445794f,-0.19650587906137876f,0.9650593520173643f,-1.7514881636816455f,-0.00119134744372749f,0.9799336093167225f,0.19932060109975974f,0.745f,-0.9848617639613838f,0.03340001236251253f,-0.1700933422008492f,1.9610459774539952f,0f,0f,0f,1f], start_interpolation: 0, interpolation_duration: 1 }
$data merge entity $(text_display_text) { transformation: [-4.5769509808878667e-17f,0f,-2f,1.4374999999999998f,0f,2f,0f,1.96502467212055f,2f,0f,-4.5769509808878667e-17f,1.9375000000000002f,0f,0f,0f,1f], start_interpolation: 0, interpolation_duration: 1 }
data modify entity @s data merge value {"locators":{},"cameras":{"camera":{"posx":-4.384218798828126,"posy":1.375,"posz":4.384441406249999,"roty":230.1875,"rotx":0}}}