# This file was generated by Animated Java via MC-Build. It is not recommended to edit this file directly.
$data merge entity $(bone_left_eye) { transformation: [-0.4501748866699363f,-0.07339603227662855f,0.8899188692559328f,-1.9999387768613854f,-0.020141533889428506f,0.9971972696488232f,0.07205500688719244f,1.6803617030109292f,-0.8927132182421692f,0.014513023495483075f,-0.45039147652317824f,2.334002117052505f,0f,0f,0f,1f], start_interpolation: 0, interpolation_duration: 1 }
$data merge entity $(bone_right_eye) { transformation: [-0.4501748866699363f,-0.07339603227662855f,0.8899188692559328f,-2.1124824985288697f,-0.020141533889428506f,0.9971972696488232f,0.07205500688719244f,1.675326319538572f,-0.8927132182421692f,0.014513023495483075f,-0.45039147652317824f,2.110823812491963f,0f,0f,0f,1f], start_interpolation: 0, interpolation_duration: 1 }
$data merge entity $(bone_right_close) { transformation: [-0.4501748866699363f,-0.07339603227662855f,0.8899188692559328f,-2.117069750546159f,-0.020141533889428506f,0.9971972696488232f,0.07205500688719244f,1.7376511488916235f,-0.8927132182421692f,0.014513023495483075f,-0.45039147652317824f,2.1117308764604306f,0f,0f,0f,1f], start_interpolation: 0, interpolation_duration: 1 }
$data merge entity $(bone_left_close) { transformation: [-0.4501748866699363f,-0.07339603227662855f,0.8899188692559328f,-2.0045260288786744f,-0.020141533889428506f,0.9971972696488232f,0.07205500688719244f,1.7426865323639809f,-0.8927132182421692f,0.014513023495483075f,-0.45039147652317824f,2.3349091810209726f,0f,0f,0f,1f], start_interpolation: 0, interpolation_duration: 1 }
$data merge entity $(bone_left_eyebrow) { transformation: [-0.4501748866699363f,-0.07339603227662855f,0.8899188692559328f,-2.0027467480010874f,-0.020141533889428506f,0.9971972696488232f,0.07205500688719244f,1.7177520971848297f,-0.8927132182421692f,0.014513023495483075f,-0.45039147652317824f,2.334574504900868f,0f,0f,0f,1f], start_interpolation: 0, interpolation_duration: 1 }
$data merge entity $(bone_right_eyebrow) { transformation: [-0.4501748866699363f,-0.07339603227662855f,0.8899188692559328f,-2.1152904696685715f,-0.020141533889428506f,0.9971972696488232f,0.07205500688719244f,1.7127167137124726f,-0.8927132182421692f,0.014513023495483075f,-0.45039147652317824f,2.1113962003403257f,0f,0f,0f,1f], start_interpolation: 0, interpolation_duration: 1 }
$data merge entity $(bone_talking) { transformation: [-0.4501748866699363f,-0.07339603227662855f,0.8899188692559328f,-1.7597619829834914f,-0.020141533889428506f,0.9971972696488232f,0.07205500688719244f,1.4510618835147926f,-0.8927132182421692f,0.014513023495483075f,-0.45039147652317824f,2.0780373724848697f,0f,0f,0f,1f], start_interpolation: 0, interpolation_duration: 1 }
$data merge entity $(bone_m_opened) { transformation: [-0.4501748866699363f,-0.07339603227662855f,0.8899188692559328f,-1.7597619829834914f,-0.020141533889428506f,0.9971972696488232f,0.07205500688719244f,1.4510618835147926f,-0.8927132182421692f,0.014513023495483075f,-0.45039147652317824f,2.0780373724848697f,0f,0f,0f,1f], start_interpolation: 0, interpolation_duration: 1 }
$data merge entity $(bone_head) { transformation: [-0.4501748866699363f,-0.07339603227662855f,0.8899188692559328f,-1.8153819123119872f,-0.020141533889428506f,0.9971972696488232f,0.07205500688719244f,1.446558445584343f,-0.8927132182421692f,0.014513023495483075f,-0.45039147652317824f,2.1061868397675685f,0f,0f,0f,1f], start_interpolation: 0, interpolation_duration: 1 }
$data merge entity $(item_display_r_item) { transformation: [-0.21965856607904363f,-0.021076461995436516f,0.37777261295368314f,-2.4069634634801345f,-0.007397581095582827f,0.4369764223809525f,0.020078149244330594f,1.3554195507348459f,-0.37828777424340937f,0.003693106131464208f,-0.21975206671398806f,2.1119467240277214f,0f,0f,0f,1f], start_interpolation: 0, interpolation_duration: 1 }
$data merge entity $(bone_rightarm) { transformation: [-0.5020767224663855f,0.8634802581798472f,0.048174770275283656f,-1.8642773789755247f,-0.016908756789903605f,0.04589291255847015f,-0.998803251156463f,1.3216774178866109f,-0.8646577696992214f,-0.5022904382034012f,-0.008441385443346872f,1.7974876135603863f,0f,0f,0f,1f], start_interpolation: 0, interpolation_duration: 1 }
$data merge entity $(item_display_l_item) { transformation: [-0.046213955874721185f,-0.4062427613861923f,-0.15568345802856046f,-1.6494116882889474f,-0.06211672998886571f,-0.14879385520225194f,0.40670400847488786f,0.6981591614361277f,-0.4305949745850497f,0.06506502497788273f,-0.041961415451910365f,2.491527345546569f,0f,0f,0f,1f], start_interpolation: 0, interpolation_duration: 1 }
$data merge entity $(bone_leftarm) { transformation: [-0.10563189914221985f,-0.3558479040652812f,0.9285548831684395f,-1.7557472679336932f,-0.14198109711740733f,0.929609162228315f,0.34010024046229037f,1.3216774178866109f,-0.9842170847658279f,-0.09591180674722366f,-0.1487200570923034f,2.4129924591930165f,0f,0f,0f,1f], start_interpolation: 0, interpolation_duration: 1 }
$data merge entity $(bone_body) { transformation: [-0.17364817766693041f,-0.04295671085902564f,0.9838704342468718f,-1.7831643791677179f,0f,0.9990482215818578f,0.043619387365336f,0.6972722793979497f,-0.9848077530122079f,0.0075744271269385256f,-0.1734829030790773f,2.100506019422365f,0f,0f,0f,1f], start_interpolation: 0, interpolation_duration: 1 }
$data merge entity $(bone_leftleg) { transformation: [-0.17364817766693041f,0.18791017799129178f,0.9667140608267963f,-1.7614583569593516f,0f,0.981627183447664f,-0.19080899537654472f,0.7735000000000001f,-0.9848077530122079f,-0.03313363432959474f,-0.17045777155400846f,2.223606988548891f,0f,0f,0f,1f], start_interpolation: 0, interpolation_duration: 1 }
$data merge entity $(bone_rightleg) { transformation: [-0.17340511835250216f,-0.22576408139827348f,0.9586246629831449f,-1.8048704013760841f,-0.000932119168259091f,0.9734078505099503f,0.22907703446538322f,0.7463888888888889f,-0.9848501388957666f,0.03882957784977749f,-0.1690043425507084f,1.977405050295839f,0f,0f,0f,1f], start_interpolation: 0, interpolation_duration: 1 }
$data merge entity $(text_display_text) { transformation: [-4.5769509808878667e-17f,0f,-2f,1.4374999999999998f,0f,2f,0f,1.9500000000000002f,2f,0f,-4.5769509808878667e-17f,1.9375000000000002f,0f,0f,0f,1f], start_interpolation: 0, interpolation_duration: 1 }
data modify entity @s data merge value {"locators":{},"cameras":{"camera":{"posx":-4.406112500000001,"posy":1.375,"posz":4.357687499999999,"roty":230.75000000000003,"rotx":0}}}