# This file was generated by Animated Java via MC-Build. It is not recommended to edit this file directly.
$data merge entity $(bone_left_eye) { transformation: [-0.45737749521935434f,-0.06906677261220685f,0.8865864919948888f,-2.050786481132766f,-0.020368248017336617f,0.9975314724112037f,0.06720190489740958f,1.6741417135004855f,-0.8890393474642018f,0.012678425378174134f,-0.45765521540823306f,2.351345416007793f,0f,0f,0f,1f], start_interpolation: 0, interpolation_duration: 1 }
$data merge entity $(bone_right_eye) { transformation: [-0.45737749521935434f,-0.06906677261220685f,0.8865864919948888f,-2.1651308549376047f,-0.020368248017336617f,0.9975314724112037f,0.06720190489740958f,1.6690496514961515f,-0.8890393474642018f,0.012678425378174134f,-0.45765521540823306f,2.1290855791417425f,0f,0f,0f,1f], start_interpolation: 0, interpolation_duration: 1 }
$data merge entity $(bone_right_close) { transformation: [-0.45737749521935434f,-0.06906677261220685f,0.8865864919948888f,-2.169447528225868f,-0.020368248017336617f,0.9975314724112037f,0.06720190489740958f,1.731395368521852f,-0.8890393474642018f,0.012678425378174134f,-0.45765521540823306f,2.1298779807278785f,0f,0f,0f,1f], start_interpolation: 0, interpolation_duration: 1 }
$data merge entity $(bone_left_close) { transformation: [-0.45737749521935434f,-0.06906677261220685f,0.8865864919948888f,-2.055103154421029f,-0.020368248017336617f,0.9975314724112037f,0.06720190489740958f,1.736487430526186f,-0.8890393474642018f,0.012678425378174134f,-0.45765521540823306f,2.352137817593929f,0f,0f,0f,1f], start_interpolation: 0, interpolation_duration: 1 }
$data merge entity $(bone_left_eyebrow) { transformation: [-0.45737749521935434f,-0.06906677261220685f,0.8865864919948888f,-2.0534318967614738f,-0.020368248017336617f,0.9975314724112037f,0.06720190489740958f,1.7115449435968497f,-0.8890393474642018f,0.012678425378174134f,-0.45765521540823306f,2.351849460410438f,0f,0f,0f,1f], start_interpolation: 0, interpolation_duration: 1 }
$data merge entity $(bone_right_eyebrow) { transformation: [-0.45737749521935434f,-0.06906677261220685f,0.8865864919948888f,-2.167776270566312f,-0.020368248017336617f,0.9975314724112037f,0.06720190489740958f,1.7064528815925157f,-0.8890393474642018f,0.012678425378174134f,-0.45765521540823306f,2.1295896235443874f,0f,0f,0f,1f], start_interpolation: 0, interpolation_duration: 1 }
$data merge entity $(bone_talking) { transformation: [-0.45737749521935434f,-0.06906677261220685f,0.8865864919948888f,-1.813633696133731f,-0.020368248017336617f,0.9975314724112037f,0.06720190489740958f,1.4432134096759581f,-0.8890393474642018f,0.012678425378174134f,-0.45765521540823306f,2.0940286364151515f,0f,0f,0f,1f], start_interpolation: 0, interpolation_duration: 1 }
$data merge entity $(bone_m_opened) { transformation: [-0.45737749521935434f,-0.06906677261220685f,0.8865864919948888f,-1.813633696133731f,-0.020368248017336617f,0.9975314724112037f,0.06720190489740958f,1.4432134096759581f,-0.8890393474642018f,0.012678425378174134f,-0.45765521540823306f,2.0940286364151515f,0f,0f,0f,1f], start_interpolation: 0, interpolation_duration: 1 }
$data merge entity $(bone_head) { transformation: [-0.45737749521935434f,-0.06906677261220685f,0.8865864919948888f,-1.8690453518834116f,-0.020368248017336617f,0.9975314724112037f,0.06720190489740958f,1.43901329061987f,-0.8890393474642018f,0.012678425378174134f,-0.45765521540823306f,2.122632087378166f,0f,0f,0f,1f], start_interpolation: 0, interpolation_duration: 1 }
$data merge entity $(item_display_r_item) { transformation: [-0.22733250635531f,-0.019922233144114374f,0.37326838358045333f,-2.4540273998253275f,-0.00734854799435207f,0.43703195352538743f,0.01884994536221049f,1.3496369057654636f,-0.37372741456386044f,0.0035250850110555114f,-0.22742392877416662f,2.1393277715642296f,0f,0f,0f,1f], start_interpolation: 0, interpolation_duration: 1 }
$data merge entity $(bone_rightarm) { transformation: [-0.5196171573835657f,0.8531848767553218f,0.045536532900833045f,-1.9179408185469493f,-0.016796681129947588f,0.043085589399338486f,-0.9989301794865998f,1.3141322629221377f,-0.854234090431681f,-0.5198261229123808f,-0.008057337168126998f,1.8139328611709837f,0f,0f,0f,1f], start_interpolation: 0, interpolation_duration: 1 }
$data merge entity $(item_display_l_item) { transformation: [-0.05893237436641927f,-0.41779835919836616f,-0.1156622509840144f,-1.763549880156059f,-0.03615121661290874f,-0.11158320286742879f,0.421483722550768f,0.6801317441732038f,-0.4320026791455612f,0.06633226883651103f,-0.019492699198881285f,2.4762364967553046f,0f,0f,0f,1f], start_interpolation: 0, interpolation_duration: 1 }
$data merge entity $(bone_leftarm) { transformation: [-0.1347025699803869f,-0.26437085939203314f,0.9549676781676941f,-1.8094107075051178f,-0.08263135225807712f,0.9633913658303268f,0.25504732083983744f,1.3141322629221377f,-0.9874346951898542f,-0.04455474102601433f,-0.1516166144834538f,2.429437706803614f,0f,0f,0f,1f], start_interpolation: 0, interpolation_duration: 1 }
$data merge entity $(bone_body) { transformation: [-0.17364817766693041f,-0.04295671085902564f,0.9838704342468718f,-1.8368278187391425f,0f,0.9990482215818578f,0.043619387365336f,0.6897271244334767f,-0.9848077530122079f,0.0075744271269385256f,-0.1734829030790773f,2.116951267032962f,0f,0f,0f,1f], start_interpolation: 0, interpolation_duration: 1 }
$data merge entity $(bone_leftleg) { transformation: [-0.17364817766693041f,0.22153354236610867f,0.959567194103507f,-1.8151217965307762f,0f,0.9743700647852352f,-0.22495105434386492f,0.7595000000000001f,-0.9848077530122079f,-0.03906234065106678f,-0.16919758612316502f,2.2400522361594883f,0f,0f,0f,1f], start_interpolation: 0, interpolation_duration: 1 }
$data merge entity $(bone_rightleg) { transformation: [-0.17350725169346765f,-0.24574307222227096f,0.9536800176498085f,-1.8585338409475087f,-0.000540518870500809f,0.9683912613968726f,0.2494355080767865f,0.7480555555555556f,-0.9848324433370024f,0.0427633874352077f,-0.16815573509677276f,1.9938502979064363f,0f,0f,0f,1f], start_interpolation: 0, interpolation_duration: 1 }
$data merge entity $(text_display_text) { transformation: [-4.5769509808878667e-17f,0f,-2f,1.4374999999999998f,0f,2f,0f,1.9368132545908114f,2f,0f,-4.5769509808878667e-17f,1.9375000000000002f,0f,0f,0f,1f], start_interpolation: 0, interpolation_duration: 1 }
data modify entity @s data merge value {"locators":{},"cameras":{"camera":{"posx":-4.427651513671876,"posy":1.375,"posz":4.331722656249999,"roty":231.3125,"rotx":0}}}