# This file was generated by Animated Java via MC-Build. It is not recommended to edit this file directly.
$data merge entity $(bone_left_eye) { transformation: [0.04767775580389644f,-0.1253118924435616f,0.9909711202722898f,-1.0574422670600867f,0.058760019799977845f,0.9907331126772632f,0.12245472435936333f,1.7090107607908709f,-0.9971329358087667f,0.0523911162033668f,0.05459926069421711f,1.8958276435093553f,0f,0f,0f,1f], start_interpolation: 0, interpolation_duration: 1 }
$data merge entity $(bone_right_eye) { transformation: [0.04767775580389644f,-0.1253118924435616f,0.9909711202722898f,-1.0455228281091127f,0.058760019799977845f,0.9907331126772632f,0.12245472435936333f,1.7237007657408654f,-0.9971329358087667f,0.0523911162033668f,0.05459926069421711f,1.6465444095571637f,0f,0f,0f,1f], start_interpolation: 0, interpolation_duration: 1 }
$data merge entity $(bone_right_close) { transformation: [0.04767775580389644f,-0.1253118924435616f,0.9909711202722898f,-1.0533548213868351f,0.058760019799977845f,0.9907331126772632f,0.12245472435936333f,1.7856215852831945f,-0.9971329358087667f,0.0523911162033668f,0.05459926069421711f,1.6498188543198742f,0f,0f,0f,1f], start_interpolation: 0, interpolation_duration: 1 }
$data merge entity $(bone_left_close) { transformation: [0.04767775580389644f,-0.1253118924435616f,0.9909711202722898f,-1.0652742603378091f,0.058760019799977845f,0.9907331126772632f,0.12245472435936333f,1.7709315803332f,-0.9971329358087667f,0.0523911162033668f,0.05459926069421711f,1.8991020882720657f,0f,0f,0f,1f], start_interpolation: 0, interpolation_duration: 1 }
$data merge entity $(bone_left_eyebrow) { transformation: [0.04767775580389644f,-0.1253118924435616f,0.9909711202722898f,-1.0622033987217374f,0.058760019799977845f,0.9907331126772632f,0.12245472435936333f,1.7461555990959958f,-0.9971329358087667f,0.0523911162033668f,0.05459926069421711f,1.897788897913188f,0f,0f,0f,1f], start_interpolation: 0, interpolation_duration: 1 }
$data merge entity $(bone_right_eyebrow) { transformation: [0.04767775580389644f,-0.1253118924435616f,0.9909711202722898f,-1.0502839597707632f,0.058760019799977845f,0.9907331126772632f,0.12245472435936333f,1.7608456040459903f,-0.9971329358087667f,0.0523911162033668f,0.05459926069421711f,1.6485056639609963f,0f,0f,0f,1f], start_interpolation: 0, interpolation_duration: 1 }
$data merge entity $(bone_talking) { transformation: [0.04767775580389644f,-0.1253118924435616f,0.9909711202722898f,-0.7104760993886187f,0.058760019799977845f,0.9907331126772632f,0.12245472435936333f,1.5069395864588535f,-0.9971329358087667f,0.0523911162033668f,0.05459926069421711f,1.7751505164493606f,0f,0f,0f,1f], start_interpolation: 0, interpolation_duration: 1 }
$data merge entity $(bone_m_opened) { transformation: [0.04767775580389644f,-0.1253118924435616f,0.9909711202722898f,-0.7104760993886187f,0.058760019799977845f,0.9907331126772632f,0.12245472435936333f,1.5069395864588535f,-0.9971329358087667f,0.0523911162033668f,0.05459926069421711f,1.7751505164493606f,0f,0f,0f,1f], start_interpolation: 0, interpolation_duration: 1 }
$data merge entity $(bone_head) { transformation: [0.04767775580389644f,-0.1253118924435616f,0.9909711202722898f,-0.7724117944056368f,0.058760019799977845f,0.9907331126772632f,0.12245472435936333f,1.4992861661863932f,-0.9971329358087667f,0.0523911162033668f,0.05459926069421711f,1.771738062655972f,0f,0f,0f,1f], start_interpolation: 0, interpolation_duration: 1 }
$data merge entity $(item_display_r_item) { transformation: [-0.08721727015954461f,-0.021755715743604596f,0.4281659568653263f,-1.5017365966754834f,0.002357417355285323f,0.4369053798482059f,0.022679983313662336f,1.4044202165903157f,-0.4287118383825317f,0.0068284619189447286f,-0.08698150227773441f,1.6061739401649076f,0f,0f,0f,1f], start_interpolation: 0, interpolation_duration: 1 }
$data merge entity $(bone_rightarm) { transformation: [-0.1993537603646734f,0.978665044263603f,0.049727350271096434f,-0.8869629846187879f,0.005388382526366453f,0.051839961859799846f,-0.9986408682244706f,1.374405138488661f,-0.9799127734457866f,-0.19881486234910722f,-0.015607912957587995f,1.4809391566368664f,0f,0f,0f,1f], start_interpolation: 0, interpolation_duration: 1 }
$data merge entity $(item_display_l_item) { transformation: [-0.16742400165972676f,-0.4021138091469948f,-0.04098704870490241f,-0.7041225724256017f,0f,-0.044364061831190835f,0.4352448506505715f,0.739951334178933f,-0.4041972954736879f,0.16656099336619154f,0.016977391455217178f,2.0816993033393074f,0f,0f,0f,1f], start_interpolation: 0, interpolation_duration: 1 }
$data merge entity $(bone_leftarm) { transformation: [-0.3826834323650897f,-0.09368468275406286f,0.9191172780502738f,-0.6477858393906067f,0f,0.9948453729155919f,0.10140356989986499f,1.374405138488661f,-0.9238795325112866f,0.038805466183353635f,-0.3807108419798664f,2.05836386445642f,0f,0f,0f,1f], start_interpolation: 0, interpolation_duration: 1 }
$data merge entity $(bone_body) { transformation: [-0.3826834323650897f,-0.04029905920751534f,0.9230002039112791f,-0.7421875000000002f,0f,0.9990482215818578f,0.043619387365336f,0.75f,-0.9238795325112866f,0.016692416874629207f,-0.3823192025331841f,1.75921875f,0f,0f,0f,1f], start_interpolation: 0, interpolation_duration: 1 }
$data merge entity $(bone_leftleg) { transformation: [-0.3826834323650897f,0.14452660043002172f,0.9125050423758844f,-0.694352070954364f,0f,0.9876883405951378f,-0.15643446504023087f,0.756875f,-0.9238795325112866f,-0.05986487802179218f,-0.3779719642859271f,1.8747036915639108f,0f,0f,0f,1f], start_interpolation: 0, interpolation_duration: 1 }
$data merge entity $(bone_rightleg) { transformation: [-0.3826834323650897f,-0.15979476741192386f,0.9099555060007289f,-0.7900229290456364f,0f,0.9849287423083078f,0.17296060989420362f,0.8125f,-0.9238795325112866f,0.06618915985827314f,-0.37691591174157424f,1.6437338084360893f,0f,0f,0f,1f], start_interpolation: 0, interpolation_duration: 1 }
$data merge entity $(text_display_text) { transformation: [-4.5769509808878667e-17f,0f,-2f,1.4374999999999998f,0f,2f,0f,2.620757248749097f,2f,0f,-4.5769509808878667e-17f,1.9375000000000002f,0f,0f,0f,1f], start_interpolation: 0, interpolation_duration: 1 }
data modify entity @s data merge value {"locators":{},"cameras":{"camera":{"posx":-3.8993754394531255,"posy":1.375,"posz":5.019503906249999,"roty":216.6875,"rotx":0}}}