# This file was generated by Animated Java via MC-Build. It is not recommended to edit this file directly.
$data merge entity $(bone_left_eye) { transformation: [-0.4610521963613735f,-0.06749649006409367f,0.8848022920739871f,-2.103285704133618f,-0.02060965227155972f,0.9976485244162142f,0.06536561759362365f,1.6724330994259857f,-0.8871336508461386f,0.011901493989333926f,-0.4613591225685507f,2.3683251808404417f,0f,0f,0f,1f], start_interpolation: 0, interpolation_duration: 1 }
$data merge entity $(bone_right_eye) { transformation: [-0.4610521963613735f,-0.06749649006409367f,0.8848022920739871f,-2.218548753223961f,-0.02060965227155972f,0.9976485244162142f,0.06536561759362365f,1.6672806863580958f,-0.8871336508461386f,0.011901493989333926f,-0.4613591225685507f,2.146541768128907f,0f,0f,0f,1f], start_interpolation: 0, interpolation_duration: 1 }
$data merge entity $(bone_right_close) { transformation: [-0.4610521963613735f,-0.06749649006409367f,0.8848022920739871f,-2.222767283852967f,-0.02060965227155972f,0.9976485244162142f,0.06536561759362365f,1.7296337191341093f,-0.8871336508461386f,0.011901493989333926f,-0.4613591225685507f,2.14728561150324f,0f,0f,0f,1f], start_interpolation: 0, interpolation_duration: 1 }
$data merge entity $(bone_left_close) { transformation: [-0.4610521963613735f,-0.06749649006409367f,0.8848022920739871f,-2.107504234762624f,-0.02060965227155972f,0.9976485244162142f,0.06536561759362365f,1.7347861322019993f,-0.8871336508461386f,0.011901493989333926f,-0.4613591225685507f,2.3690690242147747f,0f,0f,0f,1f], start_interpolation: 0, interpolation_duration: 1 }
$data merge entity $(bone_left_eyebrow) { transformation: [-0.4610521963613735f,-0.06749649006409367f,0.8848022920739871f,-2.1058721226542763f,-0.02060965227155972f,0.9976485244162142f,0.06536561759362365f,1.7098408337404942f,-0.8871336508461386f,0.011901493989333926f,-0.4613591225685507f,2.3688003218102023f,0f,0f,0f,1f], start_interpolation: 0, interpolation_duration: 1 }
$data merge entity $(bone_right_eyebrow) { transformation: [-0.4610521963613735f,-0.06749649006409367f,0.8848022920739871f,-2.2211351717446193f,-0.02060965227155972f,0.9976485244162142f,0.06536561759362365f,1.7046884206726043f,-0.8871336508461386f,0.011901493989333926f,-0.4613591225685507f,2.1470169090986673f,0f,0f,0f,1f], start_interpolation: 0, interpolation_duration: 1 }
$data merge entity $(bone_talking) { transformation: [-0.4610521963613735f,-0.06749649006409367f,0.8848022920739871f,-1.867542389889645f,-0.02060965227155972f,0.9976485244162142f,0.06536561759362365f,1.4408715172859947f,-0.8871336508461386f,0.011901493989333926f,-0.4613591225685507f,2.1102833751846686f,0f,0f,0f,1f], start_interpolation: 0, interpolation_duration: 1 }
$data merge entity $(bone_m_opened) { transformation: [-0.4610521963613735f,-0.06749649006409367f,0.8848022920739871f,-1.867542389889645f,-0.02060965227155972f,0.9976485244162142f,0.06536561759362365f,1.4408715172859947f,-0.8871336508461386f,0.011901493989333926f,-0.4613591225685507f,2.1102833751846686f,0f,0f,0f,1f], start_interpolation: 0, interpolation_duration: 1 }
$data merge entity $(bone_head) { transformation: [-0.4610521963613735f,-0.06749649006409367f,0.8848022920739871f,-1.9228425331442693f,-0.02060965227155972f,0.9976485244162142f,0.06536561759362365f,1.4367861661863932f,-0.8871336508461386f,0.011901493989333926f,-0.4613591225685507f,2.139118320345203f,0f,0f,0f,1f], start_interpolation: 0, interpolation_duration: 1 }
$data merge entity $(item_display_r_item) { transformation: [-0.2349116489932121f,-0.018793561000823716f,0.36860489583319184f,-2.5010012168553417f,-0.007302932382650266f,0.4370835969420627f,0.01763083840328796f,1.34915874033283f,-0.3690114284760085f,0.003313811868035605f,-0.23500177511031461f,2.1666093174196184f,0f,0f,0f,1f], start_interpolation: 0, interpolation_duration: 1 }
$data merge entity $(bone_rightarm) { transformation: [-0.5369409119844848f,0.8425254761901527f,0.04295671085902583f,-1.971737999807807f,-0.01669241687462918f,0.040299059207515565f,-0.9990482215818577f,1.311905138488661f,-0.8434546936594479f,-0.537146914537862f,-0.007574427126938645f,1.830419094138021f,0f,0f,0f,1f], start_interpolation: 0, interpolation_duration: 1 }
$data merge entity $(item_display_l_item) { transformation: [-0.07597107772928205f,-0.427167381447206f,-0.0562376526553924f,-1.904916208243188f,0f,-0.05710520909627248f,0.43375712685104206f,0.6759363261025231f,-0.43085339194284095f,0.07532113462772703f,0.009916215494856733f,2.453278241814492f,0f,0f,0f,1f], start_interpolation: 0, interpolation_duration: 1 }
$data merge entity $(bone_leftarm) { transformation: [-0.17364817766693041f,-0.12854320606946856f,0.9763825861650424f,-1.8632078887659755f,0f,0.9914448613738104f,0.1305261922200516f,1.311905138488661f,-0.9848077530122079f,0.02266563541681543f,-0.17216259343480464f,2.445923939770651f,0f,0f,0f,1f], start_interpolation: 0, interpolation_duration: 1 }
$data merge entity $(bone_body) { transformation: [-0.17364817766693041f,-0.04295671085902564f,0.9838704342468718f,-1.8906250000000002f,0f,0.9990482215818578f,0.043619387365336f,0.6875f,-0.9848077530122079f,0.0075744271269385256f,-0.1734829030790773f,2.1334374999999994f,0f,0f,0f,1f], start_interpolation: 0, interpolation_duration: 1 }
$data merge entity $(bone_leftleg) { transformation: [-0.17364817766693041f,0.25488700224417876f,0.9512512425641976f,-1.868918977791634f,0f,0.9659258262890683f,-0.25881904510252074f,0.75f,-0.9848077530122079f,-0.0449434555275478f,-0.1677312594965207f,2.2565384691265256f,0f,0f,0f,1f], start_interpolation: 0, interpolation_duration: 1 }
$data merge entity $(bone_rightleg) { transformation: [-0.17364817766693041f,-0.25488700224417876f,0.9512512425641976f,-1.9123310222083665f,0f,0.9659258262890683f,0.25881904510252074f,0.75f,-0.9848077530122079f,0.0449434555275478f,-0.1677312594965207f,2.0103365308734733f,0f,0f,0f,1f], start_interpolation: 0, interpolation_duration: 1 }
$data merge entity $(text_display_text) { transformation: [-4.5769509808878667e-17f,0f,-2f,1.4374999999999998f,0f,2f,0f,1.9252404735808355f,2f,0f,-4.5769509808878667e-17f,1.9375000000000002f,0f,0f,0f,1f], start_interpolation: 0, interpolation_duration: 1 }
data modify entity @s data merge value {"locators":{},"cameras":{"camera":{"posx":-4.448779296875,"posy":1.375,"posz":4.306640624999999,"roty":231.875,"rotx":0}}}