# This file was generated by Animated Java via MC-Build. It is not recommended to edit this file directly.
$data merge entity $(bone_left_eye) { transformation: [-0.4637006847321802f,-0.07177152703406096f,0.883080133898451f,-2.1575783706319847f,-0.019901006728941135f,0.9973057984584384f,0.07060520017924637f,1.6730153475984968f,-0.8857683810737893f,0.015165495981861881f,-0.4638797072750028f,2.3860740496690434f,0f,0f,0f,1f], start_interpolation: 0, interpolation_duration: 1 }
$data merge entity $(bone_right_eye) { transformation: [-0.4637006847321802f,-0.07177152703406096f,0.883080133898451f,-2.27350354181503f,-0.019901006728941135f,0.9973057984584384f,0.07060520017924637f,1.6680400959162613f,-0.8857683810737893f,0.015165495981861881f,-0.4638797072750028f,2.1646319544005963f,0f,0f,0f,1f], start_interpolation: 0, interpolation_duration: 1 }
$data merge entity $(bone_right_close) { transformation: [-0.4637006847321802f,-0.07177152703406096f,0.883080133898451f,-2.2779892622546587f,-0.019901006728941135f,0.9973057984584384f,0.07060520017924637f,1.7303717083199137f,-0.8857683810737893f,0.015165495981861881f,-0.4638797072750028f,2.1655797978994626f,0f,0f,0f,1f], start_interpolation: 0, interpolation_duration: 1 }
$data merge entity $(bone_left_close) { transformation: [-0.4637006847321802f,-0.07177152703406096f,0.883080133898451f,-2.1620640910716133f,-0.019901006728941135f,0.9973057984584384f,0.07060520017924637f,1.7353469600021492f,-0.8857683810737893f,0.015165495981861881f,-0.4638797072750028f,2.3870218931679097f,0f,0f,0f,1f], start_interpolation: 0, interpolation_duration: 1 }
$data merge entity $(bone_left_eyebrow) { transformation: [-0.4637006847321802f,-0.07177152703406096f,0.883080133898451f,-2.160324995404131f,-0.019901006728941135f,0.9973057984584384f,0.07060520017924637f,1.7104099022156771f,-0.8857683810737893f,0.015165495981861881f,-0.4638797072750028f,2.386671748250068f,0f,0f,0f,1f], start_interpolation: 0, interpolation_duration: 1 }
$data merge entity $(bone_right_eyebrow) { transformation: [-0.4637006847321802f,-0.07177152703406096f,0.883080133898451f,-2.2762501665871757f,-0.019901006728941135f,0.9973057984584384f,0.07060520017924637f,1.705434650533442f,-0.8857683810737893f,0.015165495981861881f,-0.4638797072750028f,2.165229652981621f,0f,0f,0f,1f], start_interpolation: 0, interpolation_duration: 1 }
$data merge entity $(bone_talking) { transformation: [-0.4637006847321802f,-0.07177152703406096f,0.883080133898451f,-1.921635532621726f,-0.019901006728941135f,0.9973057984584384f,0.07060520017924637f,1.443265397198784f,-0.8857683810737893f,0.015165495981861881f,-0.4638797072750028f,2.126599219515916f,0f,0f,0f,1f], start_interpolation: 0, interpolation_duration: 1 }
$data merge entity $(bone_m_opened) { transformation: [-0.4637006847321802f,-0.07177152703406096f,0.883080133898451f,-1.921635532621726f,-0.019901006728941135f,0.9973057984584384f,0.07060520017924637f,1.443265397198784f,-0.8857683810737893f,0.015165495981861881f,-0.4638797072750028f,2.126599219515916f,0f,0f,0f,1f], start_interpolation: 0, interpolation_duration: 1 }
$data merge entity $(bone_head) { transformation: [-0.4637006847321802f,-0.07177152703406096f,0.883080133898451f,-1.9768280409903791f,-0.019901006728941135f,0.9973057984584384f,0.07060520017924637f,1.4388525721875811f,-0.8857683810737893f,0.015165495981861881f,-0.4638797072750028f,2.1555917012206036f,0f,0f,0f,1f], start_interpolation: 0, interpolation_duration: 1 }
$data merge entity $(item_display_r_item) { transformation: [-0.23237955662653503f,-0.01890341817555382f,0.3702008271780805f,-2.565854738516718f,-0.007246762271054118f,0.4370789162881539f,0.017769506829391796f,1.3506242685127154f,-0.3706122989036411f,0.0033063148145808176f,-0.23246901338394554f,2.1811075340972867f,0f,0f,0f,1f], start_interpolation: 0, interpolation_duration: 1 }
$data merge entity $(bone_rightarm) { transformation: [-0.5311532722892229f,0.846173319264184f,0.04320781297269464f,-2.0342959256658095f,-0.016564028048123697f,0.040616015610038615f,-0.9990375229443517f,1.3135694330849677f,-0.8471138260654654f,-0.5313577448775898f,-0.0075572910047562725f,1.848536612860996f,0f,0f,0f,1f], start_interpolation: 0, interpolation_duration: 1 }
$data merge entity $(item_display_l_item) { transformation: [-0.10902293201870421f,-0.4230442984863464f,0.023532356708159008f,-2.0630456550795295f,0.0451180020315435f,0.012569236191839148f,0.43498578160008333f,0.6965592814659419f,-0.4212892310357892f,0.11082321877543892f,0.04049503665295989f,2.434571191260634f,0f,0f,0f,1f], start_interpolation: 0, interpolation_duration: 1 }
$data merge entity $(bone_leftarm) { transformation: [-0.2491952731856096f,0.05378824390436323f,0.9669583965402203f,-1.908558203071775f,0.10312686178638515f,0.9942532150859048f,-0.028729682724203544f,1.314376330554107f,-0.9629468137960896f,0.09256008377819411f,-0.25331021434386036f,2.4607574668290226f,0f,0f,0f,1f], start_interpolation: 0, interpolation_duration: 1 }
$data merge entity $(bone_body) { transformation: [-0.2011803561504555f,-0.04320781297269444f,0.9786008119745724f,-1.9444221812608582f,-0.0012910359506226646f,0.9990375229443518f,0.04384473714584352f,0.6895744299793174f,-0.9795533663488426f,0.007557291004756202f,-0.2010425075135091f,2.1499237329670366f,0f,0f,0f,1f], start_interpolation: 0, interpolation_duration: 1 }
$data merge entity $(bone_leftleg) { transformation: [-0.17364817766693041f,0.17705207148863034f,0.9687615157377686f,-1.922716159052492f,0f,0.9837062236509013f,-0.17978338507905264f,0.75f,-0.9848077530122079f,-0.0312190571937695f,-0.1708187930965969f,2.2730247020935628f,0f,0f,0f,1f], start_interpolation: 0, interpolation_duration: 1 }
$data merge entity $(bone_rightleg) { transformation: [-0.17412885557180452f,-0.23968224329422305f,0.9551081425193182f,-1.9661282034692245f,0.0018451984723798502f,0.9698446986597375f,0.24371675306429066f,0.7605000000000001f,-0.9847211467719431f,0.04420048338029522f,-0.16843568615081864f,2.0268227638405105f,0f,0f,0f,1f], start_interpolation: 0, interpolation_duration: 1 }
$data merge entity $(text_display_text) { transformation: [-4.5769509808878667e-17f,0f,-2f,1.4374999999999998f,0f,2f,0f,1.9151142918845299f,2f,0f,-4.5769509808878667e-17f,1.9375000000000002f,0f,0f,0f,1f], start_interpolation: 0, interpolation_duration: 1 }
data modify entity @s data merge value {"locators":{},"cameras":{"camera":{"posx":-4.469439306640626,"posy":1.375,"posz":4.282535156249999,"roty":232.4375,"rotx":0}}}
execute on vehicle unless entity @s[tag=aj.transforms_only] at @s run function animated_java:humanentity/animations/000_mur_2/zzz/frames/zzz/3