# This file was generated by Animated Java via MC-Build. It is not recommended to edit this file directly.
$data merge entity $(bone_left_eye) { transformation: [-0.4331186585391744f,-0.0825143265689373f,0.8975520116049547f,-2.221529014817953f,-0.016281332491306335f,0.9963545487830232f,0.08374085819769195f,1.6753682807312107f,-0.9011898500524368f,0.021656385438322448f,-0.43288318878447246f,2.3983133089499327f,0f,0f,0f,1f], start_interpolation: 0, interpolation_duration: 1 }
$data merge entity $(bone_right_eye) { transformation: [-0.4331186585391744f,-0.0825143265689373f,0.8975520116049547f,-2.329808679452747f,-0.016281332491306335f,0.9963545487830232f,0.08374085819769195f,1.671297947608384f,-0.9011898500524368f,0.021656385438322448f,-0.43288318878447246f,2.1730158464368237f,0f,0f,0f,1f], start_interpolation: 0, interpolation_duration: 1 }
$data merge entity $(bone_right_close) { transformation: [-0.4331186585391744f,-0.0825143265689373f,0.8975520116049547f,-2.3349658248633056f,-0.016281332491306335f,0.9963545487830232f,0.08374085819769195f,1.7335701069073228f,-0.9011898500524368f,0.021656385438322448f,-0.43288318878447246f,2.174369370526719f,0f,0f,0f,1f], start_interpolation: 0, interpolation_duration: 1 }
$data merge entity $(bone_left_close) { transformation: [-0.4331186585391744f,-0.0825143265689373f,0.8975520116049547f,-2.2266861602285117f,-0.016281332491306335f,0.9963545487830232f,0.08374085819769195f,1.7376404400301495f,-0.9011898500524368f,0.021656385438322448f,-0.43288318878447246f,2.399666833039828f,0f,0f,0f,1f], start_interpolation: 0, interpolation_duration: 1 }
$data merge entity $(bone_left_eyebrow) { transformation: [-0.4331186585391744f,-0.0825143265689373f,0.8975520116049547f,-2.224679399065014f,-0.016281332491306335f,0.9963545487830232f,0.08374085819769195f,1.7127263425069368f,-0.9011898500524368f,0.021656385438322448f,-0.43288318878447246f,2.399152478603169f,0f,0f,0f,1f], start_interpolation: 0, interpolation_duration: 1 }
$data merge entity $(bone_right_eyebrow) { transformation: [-0.4331186585391744f,-0.0825143265689373f,0.8975520116049547f,-2.3329590636998074f,-0.016281332491306335f,0.9963545487830232f,0.08374085819769195f,1.70865600938411f,-0.9011898500524368f,0.021656385438322448f,-0.43288318878447246f,2.17385501609006f,0f,0f,0f,1f], start_interpolation: 0, interpolation_duration: 1 }
$data merge entity $(bone_talking) { transformation: [-0.4331186585391744f,-0.0825143265689373f,0.8975520116049547f,-1.9745552618665674f,-0.016281332491306335f,0.9963545487830232f,0.08374085819769195f,1.4504134951608203f,-0.9011898500524368f,0.021656385438322448f,-0.43288318878447246f,2.14497448483865f,0f,0f,0f,1f], start_interpolation: 0, interpolation_duration: 1 }
$data merge entity $(bone_m_opened) { transformation: [-0.4331186585391744f,-0.0825143265689373f,0.8975520116049547f,-1.9745552618665674f,-0.016281332491306335f,0.9963545487830232f,0.08374085819769195f,1.4504134951608203f,-0.9011898500524368f,0.021656385438322448f,-0.43288318878447246f,2.14497448483865f,0f,0f,0f,1f], start_interpolation: 0, interpolation_duration: 1 }
$data merge entity $(bone_head) { transformation: [-0.4331186585391744f,-0.0825143265689373f,0.8975520116049547f,-2.030652262591877f,-0.016281332491306335f,0.9963545487830232f,0.08374085819769195f,1.4451796915234645f,-0.9011898500524368f,0.021656385438322448f,-0.43288318878447246f,2.1720296841376796f,0f,0f,0f,1f], start_interpolation: 0, interpolation_duration: 1 }
$data merge entity $(item_display_r_item) { transformation: [-0.22983708331160493f,-0.01899720769309666f,0.3717798693241468f,-2.630475659994333f,-0.007177817866288194f,0.43707488189879423f,0.017896271785862783f,1.3563683743399628f,-0.3721957066725686f,0.0033020770766933054f,-0.22992542752267917f,2.1957954254572205f,0f,0f,0f,1f], start_interpolation: 0, interpolation_duration: 1 }
$data merge entity $(bone_rightarm) { transformation: [-0.5253419047122398f,0.8497825584551927f,0.04342218901279255f,-2.096647674146538f,-0.016406440837230158f,0.040905764081972294f,-0.9990283014829583f,1.3194952080485107f,-0.850733043823014f,-0.5255438343375524f,-0.007547604746727672f,1.86685880369958f,0f,0f,0f,1f], start_interpolation: 0, interpolation_duration: 1 }
$data merge entity $(item_display_l_item) { transformation: [-0.1460179189302867f,-0.3930039829554373f,0.12503154294989122f,-2.244704645985416f,0.10141961148245326f,0.0943454634617333f,0.41499306732876756f,0.7552157072899345f,-0.39974877080238336f,0.1674904561619946f,0.05961641834788902f,2.4380017675098262f,0f,0f,0f,1f], start_interpolation: 0, interpolation_duration: 1 }
$data merge entity $(bone_leftarm) { transformation: [-0.3337552432692268f,0.28578638388546546f,0.8982948181838568f,-1.9538013037840176f,0.23181625481703602f,0.9485555824657544f,-0.21564677362681875f,1.3211070996276786f,-0.9137114761197334f,0.13626609908088927f,-0.38283532837027334f,2.4753136633890978f,0f,0f,0f,1f], start_interpolation: 0, interpolation_duration: 1 }
$data merge entity $(bone_body) { transformation: [-0.22855419258003307f,-0.043422189012792455f,0.972562334534618f,-1.9980856208322826f,-0.0025790265266684175f,0.9990283014829583f,0.04399774378590611f,0.6959084654112457f,-0.9735277755032281f,0.007547604746727593f,-0.22844409378734937f,2.166368980577634f,0f,0f,0f,1f], start_interpolation: 0, interpolation_duration: 1 }
$data merge entity $(bone_leftleg) { transformation: [-0.17364817766693041f,0.09805518727829031f,0.979914022065596f,-1.9763795986239163f,0f,0.9950307753654014f,-0.09956784659581655f,0.75f,-0.9848077530122079f,-0.017289775115584025f,-0.17278528086471476f,2.28946994970416f,0f,0f,0f,1f], start_interpolation: 0, interpolation_duration: 1 }
$data merge entity $(bone_rightleg) { transformation: [-0.1748204841392953f,-0.1885003845195707f,0.9663878120926795f,-2.019791643040649f,0.00450443975329597f,0.9813392455081253f,0.19223161875209846f,0.7765000000000001f,-0.9845900204388682f,0.03795906033501327f,-0.1707091133790797f,2.043268011451108f,0f,0f,0f,1f], start_interpolation: 0, interpolation_duration: 1 }
$data merge entity $(text_display_text) { transformation: [-4.5769509808878667e-17f,0f,-2f,1.4374999999999998f,0f,2f,0f,1.906306822878312f,2f,0f,-4.5769509808878667e-17f,1.9375000000000002f,0f,0f,0f,1f], start_interpolation: 0, interpolation_duration: 1 }
data modify entity @s data merge value {"locators":{},"cameras":{"camera":{"posx":-4.489575000000001,"posy":1.375,"posz":4.259499999999999,"roty":233,"rotx":0}}}