# This file was generated by Animated Java via MC-Build. It is not recommended to edit this file directly.
$data merge entity $(bone_left_eye) { transformation: [-0.39746870007558344f,-0.09725766096654091f,0.912447028513734f,-2.286910027873145f,-0.013201333442530922f,0.9948704068501273f,0.10029256387789287f,1.680680124885181f,-0.9175207666617495f,0.02781763751973717f,-0.39671377816664677f,2.409209217142759f,0f,0f,0f,1f], start_interpolation: 0, interpolation_duration: 1 }
$data merge entity $(bone_right_eye) { transformation: [-0.39746870007558344f,-0.09725766096654091f,0.912447028513734f,-2.386277202892041f,-0.013201333442530922f,0.9948704068501273f,0.10029256387789287f,1.6773797915245483f,-0.9175207666617495f,0.02781763751973717f,-0.39671377816664677f,2.179829025477322f,0f,0f,0f,1f], start_interpolation: 0, interpolation_duration: 1 }
$data merge entity $(bone_right_close) { transformation: [-0.39746870007558344f,-0.09725766096654091f,0.912447028513734f,-2.39235580670245f,-0.013201333442530922f,0.9948704068501273f,0.10029256387789287f,1.7395591919526814f,-0.9175207666617495f,0.02781763751973717f,-0.39671377816664677f,2.1815676278223055f,0f,0f,0f,1f], start_interpolation: 0, interpolation_duration: 1 }
$data merge entity $(bone_left_close) { transformation: [-0.39746870007558344f,-0.09725766096654091f,0.912447028513734f,-2.2929886316835537f,-0.013201333442530922f,0.9948704068501273f,0.10029256387789287f,1.7428595253133141f,-0.9175207666617495f,0.02781763751973717f,-0.39671377816664677f,2.4109478194877427f,0f,0f,0f,1f], start_interpolation: 0, interpolation_duration: 1 }
$data merge entity $(bone_left_eyebrow) { transformation: [-0.39746870007558344f,-0.09725766096654091f,0.912447028513734f,-2.2906142180986726f,-0.013201333442530922f,0.9948704068501273f,0.10029256387789287f,1.7179814968568186f,-0.9175207666617495f,0.02781763751973717f,-0.39671377816664677f,2.410277173160885f,0f,0f,0f,1f], start_interpolation: 0, interpolation_duration: 1 }
$data merge entity $(bone_right_eyebrow) { transformation: [-0.39746870007558344f,-0.09725766096654091f,0.912447028513734f,-2.3899813931175684f,-0.013201333442530922f,0.9948704068501273f,0.10029256387789287f,1.7146811634961858f,-0.9175207666617495f,0.02781763751973717f,-0.39671377816664677f,2.1808969814954473f,0f,0f,0f,1f], start_interpolation: 0, interpolation_duration: 1 }
$data merge entity $(bone_talking) { transformation: [-0.39746870007558344f,-0.09725766096654091f,0.912447028513734f,-2.027139503730416f,-0.013201333442530922f,0.9948704068501273f,0.10029256387789287f,1.4616537827041745f,-0.9175207666617495f,0.02781763751973717f,-0.39671377816664677f,2.163591656253029f,0f,0f,0f,1f], start_interpolation: 0, interpolation_duration: 1 }
$data merge entity $(bone_m_opened) { transformation: [-0.39746870007558344f,-0.09725766096654091f,0.912447028513734f,-2.027139503730416f,-0.013201333442530922f,0.9948704068501273f,0.10029256387789287f,1.4616537827041745f,-0.9175207666617495f,0.02781763751973717f,-0.39671377816664677f,2.163591656253029f,0f,0f,0f,1f], start_interpolation: 0, interpolation_duration: 1 }
$data merge entity $(bone_head) { transformation: [-0.39746870007558344f,-0.09725766096654091f,0.912447028513734f,-2.0841674430125243f,-0.013201333442530922f,0.9948704068501273f,0.10029256387789287f,1.4553854974618061f,-0.9175207666617495f,0.02781763751973717f,-0.39671377816664677f,2.1883862673884447f,0f,0f,0f,1f], start_interpolation: 0, interpolation_duration: 1 }
$data merge entity $(item_display_r_item) { transformation: [-0.22728431346147046f,-0.01907475761671862f,0.37334199398970835f,-2.6947094905221407f,-0.007096656478886933f,0.437071515312646f,0.018010496082233613f,1.366010888706485f,-0.3737615928920047f,0.0033006248152304945f,-0.22737112295685302f,2.2106257257368203f,0f,0f,0f,1f], start_interpolation: 0, interpolation_duration: 1 }
$data merge entity $(bone_rightarm) { transformation: [-0.5195070021976468f,0.8533531291193334f,0.04359944598107132f,-2.1586388194487403f,-0.016220929094598706f,0.04116684818796277f,-0.9990206064289051f,1.3293013809221552f,-0.8543122123245822f,-0.5197054239013783f,-0.0075442852919555305f,1.8853383179677117f,0f,0f,0f,1f], start_interpolation: 0, interpolation_duration: 1 }
$data merge entity $(item_display_l_item) { transformation: [-0.18347873549929877f,-0.3228672095362736f,0.2312975759186385f,-2.42146908768946f,0.16419810386747344f,0.17032879056240655f,0.36801268428122735f,0.8546474250103078f,-0.3616362624321636f,0.24114542938195577f,0.04974279427502424f,2.487385704916713f,0f,0f,0f,1f], start_interpolation: 0, interpolation_duration: 1 }
$data merge entity $(bone_leftarm) { transformation: [-0.41937996685554f,0.5286801735283164f,0.7379821932257684f,-1.9987962050810408f,0.37530995169708214f,0.8411718497856626f,-0.38932294985692906f,1.3317144623942307f,-0.8265971712735168f,0.11369781548576982f,-0.5511895528730417f,2.489548145486189f,0f,0f,0f,1f], start_interpolation: 0, interpolation_duration: 1 }
$data merge entity $(bone_body) { transformation: [-0.2557481829883189f,-0.04359944598107133f,0.9657597813164083f,-2.051467858526721f,-0.003860930355320614f,0.9990206064289051f,0.04407857923316196f,0.7061200426401273f,-0.9667357240295635f,0.007544285291955504f,-0.2556660392865444f,2.182728053419478f,0f,0f,0f,1f], start_interpolation: 0, interpolation_duration: 1 }
$data merge entity $(bone_leftleg) { transformation: [-0.17364817766693041f,0.018414788633692475f,0.984635570123551f,-2.0297618363183547f,0f,0.9998251609127464f,-0.01869886643090248f,0.75f,-0.9848077530122079f,-0.0032470240801635544f,-0.1736178171780439f,2.3058290225460043f,0f,0f,0f,1f], start_interpolation: 0, interpolation_duration: 1 }
$data merge entity $(bone_rightleg) { transformation: [-0.17563744756646976f,-0.11354792768302827f,0.9778846328331503f,-2.0731738807350872f,0.0076520614854588475f,0.9931384932712645f,0.11669352654669968f,0.7935f,-0.9844251789584407f,0.027978586486317028f,-0.17356343431399757f,2.059627084292952f,0f,0f,0f,1f], start_interpolation: 0, interpolation_duration: 1 }
$data merge entity $(text_display_text) { transformation: [-4.5769509808878667e-17f,0f,-2f,1.4374999999999998f,0f,2f,0f,1.8987188625900902f,2f,0f,-4.5769509808878667e-17f,1.9375000000000002f,0f,0f,0f,1f], start_interpolation: 0, interpolation_duration: 1 }
data modify entity @s data merge value {"locators":{},"cameras":{"camera":{"posx":-4.5091298339843755,"posy":1.375,"posz":4.237628906249999,"roty":233.5625,"rotx":0}}}