# This file was generated by Animated Java via MC-Build. It is not recommended to edit this file directly.
$data merge entity $(bone_left_eye) { transformation: [-0.38648906211394596f,-0.11309203967934145f,0.9153340348896944f,-2.345996079749983f,-0.0143585164999292f,0.993071171659157f,0.11663396170682937f,1.6889149783685555f,-0.9221822151127201f,0.03193491162779593f,-0.38543497966469165f,2.4242229772468877f,0f,0f,0f,1f], start_interpolation: 0, interpolation_duration: 1 }
$data merge entity $(bone_right_eye) { transformation: [-0.38648906211394596f,-0.11309203967934145f,0.9153340348896944f,-2.4426183452784693f,-0.0143585164999292f,0.993071171659157f,0.11663396170682937f,1.6853253492435734f,-0.9221822151127201f,0.03193491162779593f,-0.38543497966469165f,2.1936774234687078f,0f,0f,0f,1f], start_interpolation: 0, interpolation_duration: 1 }
$data merge entity $(bone_right_close) { transformation: [-0.38648906211394596f,-0.11309203967934145f,0.9153340348896944f,-2.4496865977584283f,-0.0143585164999292f,0.993071171659157f,0.11663396170682937f,1.7473922974722707f,-0.9221822151127201f,0.03193491162779593f,-0.38543497966469165f,2.195673355445445f,0f,0f,0f,1f], start_interpolation: 0, interpolation_duration: 1 }
$data merge entity $(bone_left_close) { transformation: [-0.38648906211394596f,-0.11309203967934145f,0.9153340348896944f,-2.353064332229942f,-0.0143585164999292f,0.993071171659157f,0.11663396170682937f,1.7509819265972528f,-0.9221822151127201f,0.03193491162779593f,-0.38543497966469165f,2.426218909223625f,0f,0f,0f,1f], start_interpolation: 0, interpolation_duration: 1 }
$data merge entity $(bone_left_eyebrow) { transformation: [-0.38648906211394596f,-0.11309203967934145f,0.9153340348896944f,-2.350294239615139f,-0.0143585164999292f,0.993071171659157f,0.11663396170682937f,1.7261478576831675f,-0.9221822151127201f,0.03193491162779593f,-0.38543497966469165f,2.425444626119159f,0f,0f,0f,1f], start_interpolation: 0, interpolation_duration: 1 }
$data merge entity $(bone_right_eyebrow) { transformation: [-0.38648906211394596f,-0.11309203967934145f,0.9153340348896944f,-2.446916505143626f,-0.0143585164999292f,0.993071171659157f,0.11663396170682937f,1.722558228558185f,-0.9221822151127201f,0.03193491162779593f,-0.38543497966469165f,2.194899072340979f,0f,0f,0f,1f], start_interpolation: 0, interpolation_duration: 1 }
$data merge entity $(bone_talking) { transformation: [-0.38648906211394596f,-0.11309203967934145f,0.9153340348896944f,-2.0799923166913614f,-0.0143585164999292f,0.993071171659157f,0.11663396170682937f,1.4753004839246593f,-0.9221822151127201f,0.03193491162779593f,-0.38543497966469165f,2.1805180413056324f,0f,0f,0f,1f], start_interpolation: 0, interpolation_duration: 1 }
$data merge entity $(bone_m_opened) { transformation: [-0.38648906211394596f,-0.11309203967934145f,0.9153340348896944f,-2.0799923166913614f,-0.0143585164999292f,0.993071171659157f,0.11663396170682937f,1.4753004839246593f,-0.9221822151127201f,0.03193491162779593f,-0.38543497966469165f,2.1805180413056324f,0f,0f,0f,1f], start_interpolation: 0, interpolation_duration: 1 }
$data merge entity $(bone_head) { transformation: [-0.38648906211394596f,-0.11309203967934145f,0.9153340348896944f,-2.1372006938719674f,-0.0143585164999292f,0.993071171659157f,0.11663396170682937f,1.4680108613179825f,-0.9221822151127201f,0.03193491162779593f,-0.38543497966469165f,2.204607727534676f,0f,0f,0f,1f], start_interpolation: 0, interpolation_duration: 1 }
$data merge entity $(item_display_r_item) { transformation: [-0.22472132866164785f,-0.019135909932232728f,0.374887171553801f,-2.758376646496228f,-0.007003862627333797f,0.43706883576882316f,0.018111562825524653f,1.3780945093841879f,-0.37530989908719564f,0.003301477055950331f,-0.22480620519996322f,2.22554325839717f,0f,0f,0f,1f], start_interpolation: 0, interpolation_duration: 1 }
$data merge entity $(bone_rightarm) { transformation: [-0.5136487512266237f,0.8568849635515452f,0.04373922270224643f,-2.2200898428576217f,-0.016008828862477252f,0.04139785788691372f,-0.9990144817573101f,1.341529765453677f,-0.85785119791359f,-0.5138427547427731f,-0.007546233270743727f,1.9039198971035154f,0f,0f,0f,1f], start_interpolation: 0, interpolation_duration: 1 }
$data merge entity $(item_display_l_item) { transformation: [-0.21765773184740841f,-0.20804141691725067f,0.3174116107109257f,-2.5562623022027173f,0.22691687809429262f,0.2219576845338113f,0.30108099692994417f,0.978039108138415f,-0.3042040305501909f,0.314419791240074f,-0.0025204510641286975f,2.59684387009407f,0f,0f,0f,1f], start_interpolation: 0, interpolation_duration: 1 }
$data merge entity $(bone_leftarm) { transformation: [-0.49750338707979064f,0.7255122530535444f,0.4755232386680017f,-2.0433767392107516f,0.5186671499298117f,0.6881851358398725f,-0.5073318503629971f,1.3447383367429606f,-0.6953234984004364f,-0.005761031003722578f,-0.7186738085487406f,2.503408999648151f,0f,0f,0f,1f], start_interpolation: 0, interpolation_duration: 1 }
$data merge entity $(bone_body) { transformation: [-0.28274096583499175f,-0.04373922270224623f,0.9581985319525902f,-2.1043962768452826f,-0.0051337140628537085f,0.9990144817573101f,0.04408752906541745f,0.71875f,-0.9591825640714162f,0.007546233270743612f,-0.28268686411789046f,2.1989480525816183f,0f,0f,0f,1f], start_interpolation: 0, interpolation_duration: 1 }
$data merge entity $(bone_leftleg) { transformation: [-0.17364817766693041f,-0.061346462182203534f,0.9828951734395084f,-2.0826902546369164f,0f,0.9980579158045318f,0.06229283024485193f,0.75f,-0.9848077530122079f,0.010817036453733985f,-0.1733109382855116f,2.3220490217081444f,0f,0f,0f,1f], start_interpolation: 0, interpolation_duration: 1 }
$data merge entity $(bone_rightleg) { transformation: [-0.17649467995062448f,-0.02780096378620265f,0.9839089055200612f,-2.126102299053649f,0.010962391542805577f,0.9994835336708318f,0.030207480737883777f,0.8069999999999999f,-0.9842405467774575f,0.016117454309711662f,-0.17609876134086092f,2.075847083455092f,0f,0f,0f,1f], start_interpolation: 0, interpolation_duration: 1 }
$data merge entity $(text_display_text) { transformation: [-4.5769509808878667e-17f,0f,-2f,1.4374999999999998f,0f,2f,0f,1.8922727994686452f,2f,0f,-4.5769509808878667e-17f,1.9375000000000002f,0f,0f,0f,1f], start_interpolation: 0, interpolation_duration: 1 }
data modify entity @s data merge value {"locators":{},"cameras":{"camera":{"posx":-4.528047265625,"posy":1.375,"posz":4.217015624999999,"roty":234.12500000000003,"rotx":0}}}