# This file was generated by Animated Java via MC-Build. It is not recommended to edit this file directly.
$data merge entity $(bone_left_eye) { transformation: [-0.4298777447498257f,-0.12646221127370752f,0.8939868196391755f,-2.390903129010526f,-0.023429072587931248f,0.9913714079304312f,0.12897212914309805f,1.6991658856704035f,-0.9025830727010522f,0.034496965921638215f,-0.4291313973781552f,2.4493538904588137f,0f,0f,0f,1f], start_interpolation: 0, interpolation_duration: 1 }
$data merge entity $(bone_right_eye) { transformation: [-0.4298777447498257f,-0.12646221127370752f,0.8939868196391755f,-2.498372565197983f,-0.023429072587931248f,0.9913714079304312f,0.12897212914309805f,1.6933086175234209f,-0.9025830727010522f,0.034496965921638215f,-0.4291313973781552f,2.2237081222835506f,0f,0f,0f,1f], start_interpolation: 0, interpolation_duration: 1 }
$data merge entity $(bone_right_close) { transformation: [-0.4298777447498257f,-0.12646221127370752f,0.8939868196391755f,-2.50627645340259f,-0.023429072587931248f,0.9913714079304312f,0.12897212914309805f,1.7552693305190727f,-0.9025830727010522f,0.034496965921638215f,-0.4291313973781552f,2.225864182653653f,0f,0f,0f,1f], start_interpolation: 0, interpolation_duration: 1 }
$data merge entity $(bone_left_close) { transformation: [-0.4298777447498257f,-0.12646221127370752f,0.8939868196391755f,-2.398807017215133f,-0.023429072587931248f,0.9913714079304312f,0.12897212914309805f,1.7611265986660554f,-0.9025830727010522f,0.034496965921638215f,-0.4291313973781552f,2.451509950828916f,0f,0f,0f,1f], start_interpolation: 0, interpolation_duration: 1 }
$data merge entity $(bone_left_eyebrow) { transformation: [-0.4298777447498257f,-0.12646221127370752f,0.8939868196391755f,-2.3957013361095183f,-0.023429072587931248f,0.9913714079304312f,0.12897212914309805f,1.7363342527097234f,-0.9025830727010522f,0.034496965921638215f,-0.4291313973781552f,2.4506743473932113f,0f,0f,0f,1f], start_interpolation: 0, interpolation_duration: 1 }
$data merge entity $(bone_right_eyebrow) { transformation: [-0.4298777447498257f,-0.12646221127370752f,0.8939868196391755f,-2.5031707722969747f,-0.023429072587931248f,0.9913714079304312f,0.12897212914309805f,1.7304769845627406f,-0.9025830727010522f,0.034496965921638215f,-0.4291313973781552f,2.2250285792179483f,0f,0f,0f,1f], start_interpolation: 0, interpolation_duration: 1 }
$data merge entity $(bone_talking) { transformation: [-0.4298777447498257f,-0.12646221127370752f,0.8939868196391755f,-2.1336514131485855f,-0.023429072587931248f,0.9913714079304312f,0.12897212914309805f,1.4886981899715224f,-0.9025830727010522f,0.034496965921638215f,-0.4291313973781552f,2.193803203210099f,0f,0f,0f,1f], start_interpolation: 0, interpolation_duration: 1 }
$data merge entity $(bone_m_opened) { transformation: [-0.4298777447498257f,-0.12646221127370752f,0.8939868196391755f,-2.1336514131485855f,-0.023429072587931248f,0.9913714079304312f,0.12897212914309805f,1.4886981899715224f,-0.9025830727010522f,0.034496965921638215f,-0.4291313973781552f,2.193803203210099f,0f,0f,0f,1f], start_interpolation: 0, interpolation_duration: 1 }
$data merge entity $(bone_head) { transformation: [-0.4298777447498257f,-0.12646221127370752f,0.8939868196391755f,-2.189525589376034f,-0.023429072587931248f,0.9913714079304312f,0.12897212914309805f,1.4806374319000788f,-0.9025830727010522f,0.034496965921638215f,-0.4291313973781552f,2.2206239155462337f,0f,0f,0f,1f], start_interpolation: 0, interpolation_duration: 1 }
$data merge entity $(item_display_r_item) { transformation: [-0.22214820779638267f,-0.019180520808092204f,0.3764153708264122f,-2.8212440523829105f,-0.006900047346375637f,0.4370668601484535f,0.0181988765199934f,1.3902026776609444f,-0.3768405672422661f,0.003304146107927809f,-0.22223077981914321f,2.240476233480553f,0f,0f,0f,1f], start_interpolation: 0, interpolation_duration: 1 }
$data merge entity $(bone_rightarm) { transformation: [-0.5077673321060175f,0.8603779904603708f,0.043841190418496656f,-2.280767733944023f,-0.01577153679171574f,0.04159743204569942f,-0.9990099660536079f,1.353762949811156f,-0.8613498679823225f,-0.5079560681580416f,-0.007552333960977962f,1.9225316700092159f,0f,0f,0f,1f], start_interpolation: 0, interpolation_duration: 1 }
$data merge entity $(item_display_l_item) { transformation: [-0.24519388866677427f,-0.05939233698107848f,0.35743357042727736f,-2.614911772665554f,0.2818427639874328f,0.23996380938729317f,0.2332129425487855f,1.093159164373704f,-0.22770784647962783f,0.36096560846189324f,-0.09622482091095505f,2.7574251384549124f,0f,0f,0f,1f], start_interpolation: 0, interpolation_duration: 1 }
$data merge entity $(bone_leftarm) { transformation: [-0.560443174095484f,0.8169910181194912f,0.13575391309960813f,-2.087323147203421f,0.644212031971275f,0.5330581543972241f,-0.5484887071709557f,1.3577594224755996f,-0.5204750776677207f,-0.2199424477964685f,-0.8250642479128988f,2.5168280775930074f,0f,0f,0f,1f], start_interpolation: 0, interpolation_duration: 1 }
$data merge entity $(bone_body) { transformation: [-0.3095113387849627f,-0.04384119041849647f,0.9498845620317392f,-2.1566446965621617f,-0.006394356263109596f,0.999009966053608f,0.04402499214706844f,0.7313799573598727f,-0.9508742521340664f,0.007552333960977854f,-0.30948524824330703f,2.2149596650755004f,0f,0f,0f,1f], start_interpolation: 0, interpolation_duration: 1 }
$data merge entity $(bone_leftleg) { transformation: [-0.17364817766693041f,-0.14070510978045558f,0.9747042538506866f,-2.1349386743537955f,0f,0.989740638078226f,0.14287571289937984f,0.75f,-0.9848077530122079f,0.02481010717784085f,-0.17186665816518887f,2.3380606342020265f,0f,0f,0f,1f], start_interpolation: 0, interpolation_duration: 1 }
$data merge entity $(bone_rightleg) { transformation: [-0.1773078628329077f,0.05500102918837393f,0.9826173255982442f,-2.178350718770528f,0.014109784306516283f,0.9984765746339024f,-0.05334270235161304f,0.8125f,-0.9840542849682887f,0.004406437968340681f,-0.17781380019554383f,2.0918586959489742f,0f,0f,0f,1f], start_interpolation: 0, interpolation_duration: 1 }
$data merge entity $(text_display_text) { transformation: [-4.5769509808878667e-17f,0f,-2f,1.4374999999999998f,0f,2f,0f,1.8869078112930548f,2f,0f,-4.5769509808878667e-17f,1.9375000000000002f,0f,0f,0f,1f], start_interpolation: 0, interpolation_duration: 1 }
data modify entity @s data merge value {"locators":{},"cameras":{"camera":{"posx":-4.546270751953125,"posy":1.375,"posz":4.197753906249999,"roty":234.68750000000003,"rotx":0}}}