# This file was generated by Animated Java via MC-Build. It is not recommended to edit this file directly.
$data merge entity $(bone_left_eye) { transformation: [-0.5463033733228997f,-0.14031544464726695f,0.8257506889427704f,-2.41405121432867f,-0.04394378580565807f,0.9893118454580921f,0.13903602455971728f,1.7089087823289923f,-0.8364338395743484f,0.039669237826603386f,-0.5466303902868641f,2.48746527001332f,0f,0f,0f,1f], start_interpolation: 0, interpolation_duration: 1 }
$data merge entity $(bone_right_eye) { transformation: [-0.5463033733228997f,-0.14031544464726695f,0.8257506889427704f,-2.550627057659395f,-0.04394378580565807f,0.9893118454580921f,0.13903602455971728f,1.697922835877578f,-0.8364338395743484f,0.039669237826603386f,-0.5466303902868641f,2.278356810119733f,0f,0f,0f,1f], start_interpolation: 0, interpolation_duration: 1 }
$data merge entity $(bone_right_close) { transformation: [-0.5463033733228997f,-0.14031544464726695f,0.8257506889427704f,-2.5593967729498495f,-0.04394378580565807f,0.9893118454580921f,0.13903602455971728f,1.7597548262187088f,-0.8364338395743484f,0.039669237826603386f,-0.5466303902868641f,2.2808361374838957f,0f,0f,0f,1f], start_interpolation: 0, interpolation_duration: 1 }
$data merge entity $(bone_left_close) { transformation: [-0.5463033733228997f,-0.14031544464726695f,0.8257506889427704f,-2.4228209296191245f,-0.04394378580565807f,0.9893118454580921f,0.13903602455971728f,1.7707407726701232f,-0.8364338395743484f,0.039669237826603386f,-0.5466303902868641f,2.4899445973774825f,0f,0f,0f,1f], start_interpolation: 0, interpolation_duration: 1 }
$data merge entity $(bone_left_eyebrow) { transformation: [-0.5463033733228997f,-0.14031544464726695f,0.8257506889427704f,-2.4193646529210016f,-0.04394378580565807f,0.9893118454580921f,0.13903602455971728f,1.745999286782136f,-0.8364338395743484f,0.039669237826603386f,-0.5466303902868641f,2.4889870308312108f,0f,0f,0f,1f], start_interpolation: 0, interpolation_duration: 1 }
$data merge entity $(bone_right_eyebrow) { transformation: [-0.5463033733228997f,-0.14031544464726695f,0.8257506889427704f,-2.5559404962517265f,-0.04394378580565807f,0.9893118454580921f,0.13903602455971728f,1.7350133403307213f,-0.8364338395743484f,0.039669237826603386f,-0.5466303902868641f,2.279878570937624f,0f,0f,0f,1f], start_interpolation: 0, interpolation_duration: 1 }
$data merge entity $(bone_talking) { transformation: [-0.5463033733228997f,-0.14031544464726695f,0.8257506889427704f,-2.1892131845376004f,-0.04394378580565807f,0.9893118454580921f,0.13903602455971728f,1.4995366054136738f,-0.8364338395743484f,0.039669237826603386f,-0.5466303902868641f,2.2021717336452307f,0f,0f,0f,1f], start_interpolation: 0, interpolation_duration: 1 }
$data merge entity $(bone_m_opened) { transformation: [-0.5463033733228997f,-0.14031544464726695f,0.8257506889427704f,-2.1892131845376004f,-0.04394378580565807f,0.9893118454580921f,0.13903602455971728f,1.4995366054136738f,-0.8364338395743484f,0.039669237826603386f,-0.5466303902868641f,2.2021717336452307f,0f,0f,0f,1f], start_interpolation: 0, interpolation_duration: 1 }
$data merge entity $(bone_head) { transformation: [-0.5463033733228997f,-0.14031544464726695f,0.8257506889427704f,-2.2408226025965234f,-0.04394378580565807f,0.9893118454580921f,0.13903602455971728f,1.4908468538786914f,-0.8364338395743484f,0.039669237826603386f,-0.5466303902868641f,2.2363361330381597f,0f,0f,0f,1f], start_interpolation: 0, interpolation_duration: 1 }
$data merge entity $(item_display_r_item) { transformation: [-0.2195650271912113f,-0.019208460843290885f,0.3779265588266514f,-2.882985581849811f,-0.006785847452376419f,0.43706560291912994f,0.018271864143827993f,1.3999187939379487f,-0.37835353983922987f,0.0033081379912559966f,-0.21964495239853585f,2.2553241252064873f,0f,0f,0f,1f], start_interpolation: 0, interpolation_duration: 1 }
$data merge entity $(bone_rightarm) { transformation: [-0.5018629192941972f,0.8638321344609174f,0.04390505335609364f,-2.340346431976982f,-0.01551050846257467f,0.04176426090017849f,-0.9990070923865827f,1.3635835137263987f,-0.8648080910610968f,-0.5020456054823677f,-0.007561458265728103f,1.9410730306383996f,0f,0f,0f,1f], start_interpolation: 0, interpolation_duration: 1 }
$data merge entity $(item_display_l_item) { transformation: [-0.2638576080083223f,0.09743341675065098f,0.33510019695073356f,-2.5811989578779038f,0.32139733405431425f,0.23153378014783907f,0.18574744227911089f,1.1691574405778482f,-0.13597487399849292f,0.35819699601022065f,-0.2112155195300476f,2.9337873262030474f,0f,0f,0f,1f], start_interpolation: 0, interpolation_duration: 1 }
$data merge entity $(bone_leftarm) { transformation: [-0.6031031040190225f,0.7659433073159625f,-0.22270495257291636f,-2.130322509877042f,0.7346224778384326f,0.42456558235225356f,-0.5292200689093464f,1.3683584209343385f,-0.31079971199655526f,-0.4827783303543943f,-0.8187359908805044f,2.529708870871488f,0f,0f,0f,1f], start_interpolation: 0, interpolation_duration: 1 }
$data merge entity $(bone_body) { transformation: [-0.3360382753599037f,-0.043905053356093654f,0.9408244383427441f,-2.2078938125794534f,-0.007639851532703637f,0.9990070923865827f,0.043891480151209576f,0.7415915345887544f,-0.9418173443729413f,0.007561458265728064f,-0.33604004848707525f,2.230665039338864f,0f,0f,0f,1f], start_interpolation: 0, interpolation_duration: 1 }
$data merge entity $(bone_leftleg) { transformation: [-0.17364817766693041f,-0.21914034096769583f,0.9601165665446649f,-2.186187790371087f,0f,0.9749279121818236f,0.22252093395631434f,0.75f,-0.9848077530122079f,0.03864035467425736f,-0.16929445530699885f,2.35376600846539f,0f,0f,0f,1f], start_interpolation: 0, interpolation_duration: 1 }
$data merge entity $(bone_rightleg) { transformation: [-0.17799342569360216f,0.12111798813914731f,0.9765494218722273f,-2.2295998347878196f,0.01676865821845359f,0.9926255569451181f,-0.12005546968358699f,0.802734375f,-0.9838887907235292f,-0.0049936608334322195f,-0.17871180945889342f,2.1075640702123377f,0f,0f,0f,1f], start_interpolation: 0, interpolation_duration: 1 }
$data merge entity $(text_display_text) { transformation: [-4.5769509808878667e-17f,0f,-2f,1.4374999999999998f,0f,2f,0f,1.8825765385825233f,2f,0f,-4.5769509808878667e-17f,1.9375000000000002f,0f,0f,0f,1f], start_interpolation: 0, interpolation_duration: 1 }
data modify entity @s data merge value {"locators":{},"cameras":{"camera":{"posx":-4.56374375,"posy":1.375,"posz":4.179937499999999,"roty":235.25000000000003,"rotx":0}}}