# This file was generated by Animated Java via MC-Build. It is not recommended to edit this file directly.
$data merge entity $(bone_left_eye) { transformation: [-0.7001694806209477f,-0.15160455429335368f,0.6976953185485093f,-2.4153836477708697f,-0.07083464386221902f,0.9871251467554559f,0.14340989460958492f,1.7169631296810992f,-0.7104541868663345f,0.05099023201097681f,-0.7018937559229045f,2.528614490723851f,0f,0f,0f,1f], start_interpolation: 0, interpolation_duration: 1 }
$data merge entity $(bone_right_eye) { transformation: [-0.7001694806209477f,-0.15160455429335368f,0.6976953185485093f,-2.5904260179261063f,-0.07083464386221902f,0.9871251467554559f,0.14340989460958492f,1.6992544687155446f,-0.7104541868663345f,0.05099023201097681f,-0.7018937559229045f,2.351000944007267f,0f,0f,0f,1f], start_interpolation: 0, interpolation_duration: 1 }
$data merge entity $(bone_right_close) { transformation: [-0.7001694806209477f,-0.15160455429335368f,0.6976953185485093f,-2.599901302569441f,-0.07083464386221902f,0.9871251467554559f,0.14340989460958492f,1.7609497903877607f,-0.7104541868663345f,0.05099023201097681f,-0.7018937559229045f,2.354187833507953f,0f,0f,0f,1f], start_interpolation: 0, interpolation_duration: 1 }
$data merge entity $(bone_left_close) { transformation: [-0.7001694806209477f,-0.15160455429335368f,0.6976953185485093f,-2.4248589324142045f,-0.07083464386221902f,0.9871251467554559f,0.14340989460958492f,1.7786584513533152f,-0.7104541868663345f,0.05099023201097681f,-0.7018937559229045f,2.531801380224537f,0f,0f,0f,1f], start_interpolation: 0, interpolation_duration: 1 }
$data merge entity $(bone_left_eyebrow) { transformation: [-0.7001694806209477f,-0.15160455429335368f,0.6976953185485093f,-2.4211124245142797f,-0.07083464386221902f,0.9871251467554559f,0.14340989460958492f,1.753971359566016f,-0.7104541868663345f,0.05099023201097681f,-0.7018937559229045f,2.530570492784008f,0f,0f,0f,1f], start_interpolation: 0, interpolation_duration: 1 }
$data merge entity $(bone_right_eyebrow) { transformation: [-0.7001694806209477f,-0.15160455429335368f,0.6976953185485093f,-2.5961547946695167f,-0.07083464386221902f,0.9871251467554559f,0.14340989460958492f,1.7362626986004612f,-0.7104541868663345f,0.05099023201097681f,-0.7018937559229045f,2.3529569460674242f,0f,0f,0f,1f], start_interpolation: 0, interpolation_duration: 1 }
$data merge entity $(bone_talking) { transformation: [-0.7001694806209477f,-0.15160455429335368f,0.6976953185485093f,-2.2469739072287402f,-0.07083464386221902f,0.9871251467554559f,0.14340989460958492f,1.5061431045749534f,-0.7104541868663345f,0.05099023201097681f,-0.7018937559229045f,2.2077183606369073f,0f,0f,0f,1f], start_interpolation: 0, interpolation_duration: 1 }
$data merge entity $(bone_m_opened) { transformation: [-0.7001694806209477f,-0.15160455429335368f,0.6976953185485093f,-2.2469739072287402f,-0.07083464386221902f,0.9871251467554559f,0.14340989460958492f,1.5061431045749534f,-0.7104541868663345f,0.05099023201097681f,-0.7018937559229045f,2.2077183606369073f,0f,0f,0f,1f], start_interpolation: 0, interpolation_duration: 1 }
$data merge entity $(bone_head) { transformation: [-0.7001694806209477f,-0.15160455429335368f,0.6976953185485093f,-2.290579864638022f,-0.07083464386221902f,0.9871251467554559f,0.14340989460958492f,1.4971799861618542f,-0.7104541868663345f,0.05099023201097681f,-0.7018937559229045f,2.2515867203820887f,0f,0f,0f,1f], start_interpolation: 0, interpolation_duration: 1 }
$data merge entity $(item_display_r_item) { transformation: [-0.2169718607713515f,-0.01921961530276853f,0.37942070057000166f,-2.9430828217550458f,-0.0066619247664662035f,0.4370650760823501f,0.018329976201169277f,1.4057854333725308f,-0.37984875989243816f,0.003312952873657232f,-0.21704882849587953f,2.2699272615811648f,0f,0f,0f,1f], start_interpolation: 0, interpolation_duration: 1 }
$data merge entity $(bone_rightarm) { transformation: [-0.49593568176308916f,0.8672473155885752f,0.04393054926347112f,-2.3983075901832196f,-0.015227256609065608f,0.04189708845981571f,-0.9990058881882289f,1.3695332456481513f,-0.8682257368970014f,-0.4961116079905818f,-0.007572463711216641f,1.9593842276051001f,0f,0f,0f,1f], start_interpolation: 0, interpolation_duration: 1 }
$data merge entity $(item_display_l_item) { transformation: [-0.2731144906178946f,0.23085551488165618f,0.25203264920095847f,-2.4659574249549965f,0.33987710434590146f,0.2174575986293466f,0.16912124863482758f,1.195604213329988f,-0.03603163826379711f,0.30137049299339747f,-0.31509331474492347f,3.078135259150706f,0f,0f,0f,1f], start_interpolation: 0, interpolation_duration: 1 }
$data merge entity $(bone_leftarm) { transformation: [-0.6242616928409019f,0.5760746267450481f,-0.5276697483009283f,-2.1718695017769574f,0.776861952790632f,0.38656285402246315f,-0.49704593972422073f,1.3750752546284999f,-0.08235803031725053f,-0.7202132908455392f,-0.6888468411277657f,2.541896097231273f,0f,0f,0f,1f], start_interpolation: 0, interpolation_duration: 1 }
$data merge entity $(bone_body) { transformation: [-0.3623009414500197f,-0.04393054926347103f,0.9310253136547035f,-2.257631952690419f,-0.008867214368557945f,0.9990058881882289f,0.04368761694794059f,0.7479255700206826f,-0.9320189914018765f,0.007572463711216562f,-0.3623303154023561f,2.2459073725986762f,0f,0f,0f,1f], start_interpolation: 0, interpolation_duration: 1 }
$data merge entity $(bone_leftleg) { transformation: [-0.17364817766693041f,-0.29613740272754263f,0.9392278472760159f,-2.2359259304820527f,0f,0.9537169507482269f,0.30070579950427306f,0.75f,-0.9848077530122079f,0.05221701409779436f,-0.16561121050749122f,2.3690083417252024f,0f,0f,0f,1f], start_interpolation: 0, interpolation_duration: 1 }
$data merge entity $(bone_rightleg) { transformation: [-0.17846834905030848f,0.15743756925248578f,0.9712684799658258f,-2.279337974898785f,0.01861350816732346f,0.9874795426605196f,-0.15664510889483935f,0.78125f,-0.9837695795769261f,-0.009877480186760036f,-0.17916430918070128f,2.12280640347215f,0f,0f,0f,1f], start_interpolation: 0, interpolation_duration: 1 }
$data merge entity $(text_display_text) { transformation: [-4.5769509808878667e-17f,0f,-2f,1.4374999999999998f,0f,2f,0f,1.879242751250903f,2f,0f,-4.5769509808878667e-17f,1.9375000000000002f,0f,0f,0f,1f], start_interpolation: 0, interpolation_duration: 1 }
data modify entity @s data merge value {"locators":{},"cameras":{"camera":{"posx":-4.580409716796876,"posy":1.375,"posz":4.163660156249999,"roty":235.8125,"rotx":0}}}
execute on vehicle unless entity @s[tag=aj.transforms_only] at @s run function animated_java:humanentity/animations/000_mur_2/zzz/frames/zzz/4