# This file was generated by Animated Java via MC-Build. It is not recommended to edit this file directly.
$data merge entity $(bone_left_eye) { transformation: [-0.8395642431766681f,-0.1504697826046688f,0.522006442586767f,-2.4010405287650283f,-0.09399999918524574f,0.9866197908398835f,0.13321181808022303f,1.7243567744435644f,-0.5350662405089316f,0.06277127405086133f,-0.8424748574418525f,2.559284562648869f,0f,0f,0f,1f], start_interpolation: 0, interpolation_duration: 1 }
$data merge entity $(bone_right_eye) { transformation: [-0.8395642431766681f,-0.1504697826046688f,0.522006442586767f,-2.610931589559195f,-0.09399999918524574f,0.9866197908398835f,0.13321181808022303f,1.7008567746472532f,-0.5350662405089316f,0.06277127405086133f,-0.8424748574418525f,2.425518002521636f,0f,0f,0f,1f], start_interpolation: 0, interpolation_duration: 1 }
$data merge entity $(bone_right_close) { transformation: [-0.8395642431766681f,-0.1504697826046688f,0.522006442586767f,-2.620335950971987f,-0.09399999918524574f,0.9866197908398835f,0.13321181808022303f,1.762520511574746f,-0.5350662405089316f,0.06277127405086133f,-0.8424748574418525f,2.429441207149815f,0f,0f,0f,1f], start_interpolation: 0, interpolation_duration: 1 }
$data merge entity $(bone_left_close) { transformation: [-0.8395642431766681f,-0.1504697826046688f,0.522006442586767f,-2.41044489017782f,-0.09399999918524574f,0.9866197908398835f,0.13321181808022303f,1.7860205113710572f,-0.5350662405089316f,0.06277127405086133f,-0.8424748574418525f,2.563207767277048f,0f,0f,0f,1f], start_interpolation: 0, interpolation_duration: 1 }
$data merge entity $(bone_left_eyebrow) { transformation: [-0.8395642431766681f,-0.1504697826046688f,0.522006442586767f,-2.4067157710153646f,-0.09399999918524574f,0.9866197908398835f,0.13321181808022303f,1.7613466908614304f,-0.5350662405089316f,0.06277127405086133f,-0.8424748574418525f,2.5616911401043665f,0f,0f,0f,1f], start_interpolation: 0, interpolation_duration: 1 }
$data merge entity $(bone_right_eyebrow) { transformation: [-0.8395642431766681f,-0.1504697826046688f,0.522006442586767f,-2.616606831809532f,-0.09399999918524574f,0.9866197908398835f,0.13321181808022303f,1.737846691065119f,-0.5350662405089316f,0.06277127405086133f,-0.8424748574418525f,2.4279245799771334f,0f,0f,0f,1f], start_interpolation: 0, interpolation_duration: 1 }
$data merge entity $(bone_talking) { transformation: [-0.8395642431766681f,-0.1504697826046688f,0.522006442586767f,-2.3052416002025797f,-0.09399999918524574f,0.9866197908398835f,0.13321181808022303f,1.5075805199855077f,-0.5350662405089316f,0.06277127405086133f,-0.8424748574418525f,2.2134350711219586f,0f,0f,0f,1f], start_interpolation: 0, interpolation_duration: 1 }
$data merge entity $(bone_m_opened) { transformation: [-0.8395642431766681f,-0.1504697826046688f,0.522006442586767f,-2.3052416002025797f,-0.09399999918524574f,0.9866197908398835f,0.13321181808022303f,1.5075805199855077f,-0.5350662405089316f,0.06277127405086133f,-0.8424748574418525f,2.2134350711219586f,0f,0f,0f,1f], start_interpolation: 0, interpolation_duration: 1 }
$data merge entity $(bone_head) { transformation: [-0.8395642431766681f,-0.1504697826046688f,0.522006442586767f,-2.3378670028642525f,-0.09399999918524574f,0.9866197908398835f,0.13321181808022303f,1.4992547813554937f,-0.5350662405089316f,0.06277127405086133f,-0.8424748574418525f,2.266089749712074f,0f,0f,0f,1f], start_interpolation: 0, interpolation_duration: 1 }
$data merge entity $(item_display_r_item) { transformation: [-0.21436878023536554f,-0.019213884340031264f,0.38089775886577415f,-3.0005989151646255f,-0.006528965296298152f,0.43706528912403797f,0.018372687747872034f,1.4074222226504727f,-0.38132617097776184f,0.003318085515621004f,-0.21444251359268696f,2.2839975190396937f,0f,0f,0f,1f], start_interpolation: 0, interpolation_duration: 1 }
$data merge entity $(bone_rightarm) { transformation: [-0.4899857833951212f,0.8706234488360551f,0.04391744992007165f,-2.4537144190220865f,-0.014923349248681491f,0.04199471485227915f,-0.9990063751406582f,1.371231020986856f,-0.8716026765205985f,-0.49015431678328447f,-0.007584195464276689f,1.9771770588336235f,0f,0f,0f,1f], start_interpolation: 0, interpolation_duration: 1 }
$data merge entity $(item_display_l_item) { transformation: [-0.27424877747400966f,0.3160906403259044f,0.12759531790928272f,-2.3030076382894036f,0.334950958584301f,0.21950163834012268f,0.17616224371147152f,1.1885813535911853f,0.06325909734946457f,0.20811532347321712f,-0.37959524330287536f,3.154846831720911f,0f,0f,0f,1f], start_interpolation: 0, interpolation_duration: 1 }
$data merge entity $(bone_leftarm) { transformation: [-0.626854348512022f,0.29164644093550357f,-0.7224928921734957f,-2.2110402242264007f,0.7656021910498308f,0.40265655705479214f,-0.5017180304917089f,1.377526947938967f,0.14459222251306186f,-0.8676462704065722f,-0.4756921679387822f,2.5531063917244556f,0f,0f,0f,1f], start_interpolation: 0, interpolation_duration: 1 }
$data merge entity $(bone_body) { transformation: [-0.3882787116730968f,-0.04391744992007146f,0.920494921036503f,-2.304928915424199f,-0.010073483123377455f,0.9990063751406583f,0.04341413785951955f,0.75f,-0.9214869326253319f,0.007584195464276591f,-0.38833530998341687f,2.2604016031138667f,0f,0f,0f,1f], start_interpolation: 0, interpolation_duration: 1 }
$data merge entity $(bone_leftleg) { transformation: [-0.17364817766693041f,-0.11432920190030774f,0.9781488352933784f,-2.2832228932158327f,0f,0.9932383577419429f,0.11609291412523078f,0.75f,-0.9848077530122079f,0.02015932297788977f,-0.17247403081078308f,2.383502572240393f,0f,0f,0f,1f], start_interpolation: 0, interpolation_duration: 1 }
$data merge entity $(bone_rightleg) { transformation: [-0.18140082376881383f,0.14774157850786013f,0.9722479967148306f,-2.3266349376325652f,0.03005770002512164f,0.9890215150502618f,-0.14468233284297222f,0.759765625f,-0.982949782951904f,0.002978044272770961f,-0.18385008960322502f,2.1373006339873406f,0f,0f,0f,1f], start_interpolation: 0, interpolation_duration: 1 }
$data merge entity $(text_display_text) { transformation: [-4.5769509808878667e-17f,0f,-2f,1.4374999999999998f,0f,2f,0f,1.8768797110850173f,2f,0f,-4.5769509808878667e-17f,1.9375000000000002f,0f,0f,0f,1f], start_interpolation: 0, interpolation_duration: 1 }
data modify entity @s data merge value {"locators":{},"cameras":{"camera":{"posx":-4.596212109375,"posy":1.375,"posz":4.149015624999999,"roty":236.37500000000003,"rotx":0}}}