# This file was generated by Animated Java via MC-Build. It is not recommended to edit this file directly.
$data merge entity $(bone_left_eye) { transformation: [-0.9316037720052401f,-0.13719187050782147f,0.3365899621975873f,-2.3824575443506717f,-0.10681184781487779f,0.9884762424684653f,0.1072657785213674f,1.732910523766329f,-0.34742717388249783f,0.0639774080593204f,-0.9355219132153088f,2.5724668481093973f,0f,0f,0f,1f], start_interpolation: 0, interpolation_duration: 1 }
$data merge entity $(bone_right_eye) { transformation: [-0.9316037720052401f,-0.13719187050782147f,0.3365899621975873f,-2.6153584873519815f,-0.10681184781487779f,0.9884762424684653f,0.1072657785213674f,1.7062075618126094f,-0.34742717388249783f,0.0639774080593204f,-0.9355219132153088f,2.485610054638773f,0f,0f,0f,1f], start_interpolation: 0, interpolation_duration: 1 }
$data merge entity $(bone_right_close) { transformation: [-0.9316037720052401f,-0.13719187050782147f,0.3365899621975873f,-2.6239329792587203f,-0.10681184781487779f,0.9884762424684653f,0.1072657785213674f,1.7679873269668884f,-0.34742717388249783f,0.0639774080593204f,-0.9355219132153088f,2.4896086426424806f,0f,0f,0f,1f], start_interpolation: 0, interpolation_duration: 1 }
$data merge entity $(bone_left_close) { transformation: [-0.9316037720052401f,-0.13719187050782147f,0.3365899621975873f,-2.3910320362574105f,-0.10681184781487779f,0.9884762424684653f,0.1072657785213674f,1.794690288920608f,-0.34742717388249783f,0.0639774080593204f,-0.9355219132153088f,2.576465436113105f,0f,0f,0f,1f], start_interpolation: 0, interpolation_duration: 1 }
$data merge entity $(bone_left_eyebrow) { transformation: [-0.9316037720052401f,-0.13719187050782147f,0.3365899621975873f,-2.387623276367352f,-0.10681184781487779f,0.9884762424684653f,0.1072657785213674f,1.7699716787477389f,-0.34742717388249783f,0.0639774080593204f,-0.9355219132153088f,2.5749244710311983f,0f,0f,0f,1f], start_interpolation: 0, interpolation_duration: 1 }
$data merge entity $(bone_right_eyebrow) { transformation: [-0.9316037720052401f,-0.13719187050782147f,0.3365899621975873f,-2.6205242193686624f,-0.10681184781487779f,0.9884762424684653f,0.1072657785213674f,1.7432687167940193f,-0.34742717388249783f,0.0639774080593204f,-0.9355219132153088f,2.488067677560574f,0f,0f,0f,1f], start_interpolation: 0, interpolation_duration: 1 }
$data merge entity $(bone_talking) { transformation: [-0.9316037720052401f,-0.13719187050782147f,0.3365899621975873f,-2.359425685037625f,-0.10681184781487779f,0.9884762424684653f,0.1072657785213674f,1.50596053796028f,-0.34742717388249783f,0.0639774080593204f,-0.9355219132153088f,2.220693501479471f,0f,0f,0f,1f], start_interpolation: 0, interpolation_duration: 1 }
$data merge entity $(bone_m_opened) { transformation: [-0.9316037720052401f,-0.13719187050782147f,0.3365899621975873f,-2.359425685037625f,-0.10681184781487779f,0.9884762424684653f,0.1072657785213674f,1.50596053796028f,-0.34742717388249783f,0.0639774080593204f,-0.9355219132153088f,2.220693501479471f,0f,0f,0f,1f], start_interpolation: 0, interpolation_duration: 1 }
$data merge entity $(bone_head) { transformation: [-0.9316037720052401f,-0.13719187050782147f,0.3365899621975873f,-2.3804625576749743f,-0.10681184781487779f,0.9884762424684653f,0.1072657785213674f,1.4992564268026947f,-0.34742717388249783f,0.0639774080593204f,-0.9355219132153088f,2.279163621055428f,0f,0f,0f,1f], start_interpolation: 0, interpolation_duration: 1 }
$data merge entity $(item_display_r_item) { transformation: [-0.2117558552434654f,-0.0191911832067104f,0.38235769412584714f,-3.053305982886652f,-0.006387678377282373f,0.4370662489682384f,0.01839949938944348f,1.407015978384681f,-0.38278571725582555f,0.0033230257236754263f,-0.21182611303846102f,2.2968509203510314f,0f,0f,0f,1f], start_interpolation: 0, interpolation_duration: 1 }
$data merge entity $(bone_rightarm) { transformation: [-0.4840133834136352f,0.8739604437162221f,0.04386556161533824f,-2.5043391079630544f,-0.014600407719502566f,0.042055998604442466f,-0.9990085690702593f,1.3708629419455662f,-0.8749387822990299f,-0.4841739726593395f,-0.007595487368401082f,1.993767469478419f,0f,0f,0f,1f], start_interpolation: 0, interpolation_duration: 1 }
$data merge entity $(item_display_l_item) { transformation: [-0.26993590286474295f,0.34415652159622834f,-0.009856317130691943f,-2.133208729197435f,0.30833724438305615f,0.247215978861297f,0.18766633561167598f,1.1804361410502344f,0.15319595970801397f,0.10884299903271435f,-0.3950828387701811f,3.1581629558999427f,0f,0f,0f,1f], start_interpolation: 0, interpolation_duration: 1 }
$data merge entity $(bone_leftarm) { transformation: [-0.6169963494051267f,-0.02252872487015284f,-0.7866434779342362f,-2.2456196169830602f,0.7047708443041284f,0.4289516242552595f,-0.5650650945401073f,1.377897769392258f,0.35016219361831763f,-0.9030464886175568f,-0.24878399778906157f,2.562660900790337f,0f,0f,0f,1f], start_interpolation: 0, interpolation_duration: 1 }
$data merge entity $(bone_body) { transformation: [-0.4139511855679905f,-0.04386556161533785f,0.9092415677206062f,-2.347563386463471f,-0.011255723914707041f,0.9990085690702595f,0.043071888783154516f,0.75f,-0.9102294900990687f,0.007595487368400894f,-0.4140345202101215f,2.2734670055291275f,0f,0f,0f,1f], start_interpolation: 0, interpolation_duration: 1 }
$data merge entity $(bone_leftleg) { transformation: [-0.17364817766693041f,0.07155413288576065f,0.9822048240870743f,-2.325857364255105f,0f,0.9973569167005722f,-0.07265797072261031f,0.75f,-0.9848077530122079f,-0.012616924208958463f,-0.1731892110685629f,2.3965679746556536f,0f,0f,0f,1f], start_interpolation: 0, interpolation_duration: 1 }
$data merge entity $(bone_rightleg) { transformation: [-0.18378531567412432f,0.0732388495757397f,0.9802341703161467f,-2.3692694086718373f,0.03943086298287068f,0.9969670596774654f,-0.06709611734292342f,0.75f,-0.982175221020663f,0.026320198154486628f,-0.18611577682217056f,2.1503660364026014f,0f,0f,0f,1f], start_interpolation: 0, interpolation_duration: 1 }
$data merge entity $(text_display_text) { transformation: [-4.5769509808878667e-17f,0f,-2f,1.4374999999999998f,0f,2f,0f,1.875469043335534f,2f,0f,-4.5769509808878667e-17f,1.9375000000000002f,0f,0f,0f,1f], start_interpolation: 0, interpolation_duration: 1 }
data modify entity @s data merge value {"locators":{},"cameras":{"camera":{"posx":-4.611094384765625,"posy":1.375,"posz":4.136097656249999,"roty":236.9375,"rotx":0}}}