# This file was generated by Animated Java via MC-Build. It is not recommended to edit this file directly.
$data merge entity $(bone_left_eye) { transformation: [0.06742290816848984f,-0.12475949792555238f,0.9898935392917095f,-1.0985654172310135f,0.06074447256414252f,0.9908239559270096f,0.12073937805892375f,1.709214251582897f,-0.9958736167340749f,0.05198996093973979f,0.07438268249046148f,1.9039053343600512f,0f,0f,0f,1f], start_interpolation: 0, interpolation_duration: 1 }
$data merge entity $(bone_right_eye) { transformation: [0.06742290816848984f,-0.12475949792555238f,0.9898935392917095f,-1.081709690188891f,0.06074447256414252f,0.9908239559270096f,0.12073937805892375f,1.7244003697239325f,-0.9958736167340749f,0.05198996093973979f,0.07438268249046148f,1.6549369301765324f,0f,0f,0f,1f], start_interpolation: 0, interpolation_duration: 1 }
$data merge entity $(bone_right_close) { transformation: [0.06742290816848984f,-0.12475949792555238f,0.9898935392917095f,-1.089507158809238f,0.06074447256414252f,0.9908239559270096f,0.12073937805892375f,1.7863268669693706f,-0.9958736167340749f,0.05198996093973979f,0.07438268249046148f,1.6581863027352661f,0f,0f,0f,1f], start_interpolation: 0, interpolation_duration: 1 }
$data merge entity $(bone_left_close) { transformation: [0.06742290816848984f,-0.12475949792555238f,0.9898935392917095f,-1.1063628858513606f,0.06074447256414252f,0.9908239559270096f,0.12073937805892375f,1.771140748828335f,-0.9958736167340749f,0.05198996093973979f,0.07438268249046148f,1.9071547069187849f,0f,0f,0f,1f], start_interpolation: 0, interpolation_duration: 1 }
$data merge entity $(bone_left_eyebrow) { transformation: [0.06742290816848984f,-0.12475949792555238f,0.9898935392917095f,-1.1033057667494275f,0.06074447256414252f,0.9908239559270096f,0.12073937805892375f,1.7463626037190312f,-0.9958736167340749f,0.05198996093973979f,0.07438268249046148f,1.9058503089776357f,0f,0f,0f,1f], start_interpolation: 0, interpolation_duration: 1 }
$data merge entity $(bone_right_eyebrow) { transformation: [0.06742290816848984f,-0.12475949792555238f,0.9898935392917095f,-1.0864500397073051f,0.06074447256414252f,0.9908239559270096f,0.12073937805892375f,1.7615487218600667f,-0.9958736167340749f,0.05198996093973979f,0.07438268249046148f,1.656881904794117f,0f,0f,0f,1f], start_interpolation: 0, interpolation_duration: 1 }
$data merge entity $(bone_talking) { transformation: [0.06742290816848984f,-0.12475949792555238f,0.9898935392917095f,-0.7496059481999049f,0.06074447256414252f,0.9908239559270096f,0.12073937805892375f,1.506832377315076f,-0.9958736167340749f,0.05198996093973979f,0.07438268249046148f,1.789668230311626f,0f,0f,0f,1f], start_interpolation: 0, interpolation_duration: 1 }
$data merge entity $(bone_m_opened) { transformation: [0.06742290816848984f,-0.12475949792555238f,0.9898935392917095f,-0.7496059481999049f,0.06074447256414252f,0.9908239559270096f,0.12073937805892375f,1.506832377315076f,-0.9958736167340749f,0.05198996093973979f,0.07438268249046148f,1.789668230311626f,0f,0f,0f,1f], start_interpolation: 0, interpolation_duration: 1 }
$data merge entity $(bone_head) { transformation: [0.06742290816848984f,-0.12475949792555238f,0.9898935392917095f,-0.8114742944056368f,0.06074447256414252f,0.9908239559270096f,0.12073937805892375f,1.4992861661863932f,-0.9958736167340749f,0.05198996093973979f,0.07438268249046148f,1.7850193126559721f,0f,0f,0f,1f], start_interpolation: 0, interpolation_duration: 1 }
$data merge entity $(item_display_r_item) { transformation: [-0.09713366322490387f,-0.023106080466220764f,0.4259547047680063f,-1.5378330743539714f,0.001485302680188546f,0.43683676410907046f,0.024035086824567804f,1.4024745521834312f,-0.4265783578013061f,0.0067823718716108275f,-0.09690796709938763f,1.6336292699033645f,0f,0f,0f,1f], start_interpolation: 0, interpolation_duration: 1 }
$data merge entity $(bone_rightarm) { transformation: [-0.22201980165692312f,0.9736107537554429f,0.052813898208504816f,-0.9260254846187879f,0.0033949775547166767f,0.05493734131329806f,-0.9984840322493039f,1.374405138488661f,-0.9750362464029854f,-0.22150392479860032f,-0.015502564277967656f,1.4942204066368663f,0f,0f,0f,1f], start_interpolation: 0, interpolation_duration: 1 }
$data merge entity $(item_display_l_item) { transformation: [-0.16742400165972676f,-0.4026413893166136f,-0.03543113429500934f,-0.7512728302024829f,0f,-0.038350383408430465f,0.43581589931119585f,0.7408537442131155f,-0.4041972954736879f,0.16677952422768677f,0.01467605635525536f,2.0983306122996805f,0f,0f,0f,1f], start_interpolation: 0, interpolation_duration: 1 }
$data merge entity $(bone_leftarm) { transformation: [-0.3826834323650897f,-0.0809854498171644f,0.9203231755808311f,-0.6868483393906067f,0f,0.9961506269970191f,0.08765801921926986f,1.374405138488661f,-0.9238795325112866f,0.03354527166915519f,-0.3812103410918555f,2.0716451144564205f,0f,0f,0f,1f], start_interpolation: 0, interpolation_duration: 1 }
$data merge entity $(bone_body) { transformation: [-0.3826834323650897f,-0.04029905920751534f,0.9230002039112791f,-0.7812500000000002f,0f,0.9990482215818578f,0.043619387365336f,0.75f,-0.9238795325112866f,0.016692416874629207f,-0.3823192025331841f,1.7725000000000002f,0f,0f,0f,1f], start_interpolation: 0, interpolation_duration: 1 }
$data merge entity $(bone_leftleg) { transformation: [-0.3826834323650897f,0.11259259201260509f,0.9169930745742612f,-0.733414570954364f,0f,0.992546151641322f,-0.12186934340514746f,0.7599537037037037f,-0.9238795325112866f,-0.04663737863436164f,-0.3798309680908619f,1.887984941563911f,0f,0f,0f,1f], start_interpolation: 0, interpolation_duration: 1 }
$data merge entity $(bone_rightleg) { transformation: [-0.3826834323650897f,-0.1219758607943544f,0.9157921598139775f,-0.8290854290456364f,0f,0.991246290871575f,0.13202572034776003f,0.8125f,-0.9238795325112866f,0.05052405582315427f,-0.3793335329098984f,1.6570150584360894f,0f,0f,0f,1f], start_interpolation: 0, interpolation_duration: 1 }
$data merge entity $(text_display_text) { transformation: [-4.5769509808878667e-17f,0f,-2f,1.4374999999999998f,0f,2f,0f,2.6174234614174767f,2f,0f,-4.5769509808878667e-17f,1.9375000000000002f,0f,0f,0f,1f], start_interpolation: 0, interpolation_duration: 1 }
data modify entity @s data merge value {"locators":{},"cameras":{"camera":{"posx":-3.9128187500000005,"posy":1.375,"posz":5.0019374999999995,"roty":217.25000000000003,"rotx":0}}}