# This file was generated by Animated Java via MC-Build. It is not recommended to edit this file directly.
$data merge entity $(bone_left_eye) { transformation: [-0.9735475787705861f,-0.12181075611646655f,0.19330610845046808f,-2.3649168129933376f,-0.11034951087907224f,0.9914927148000185f,0.0690302973138502f,1.743668653118409f,-0.20007023096572607f,0.04587304429426653f,-0.9787070892194952f,2.56873268449725f,0f,0f,0f,1f], start_interpolation: 0, interpolation_duration: 1 }
$data merge entity $(bone_right_eye) { transformation: [-0.9735475787705861f,-0.12181075611646655f,0.19330610845046808f,-2.608303707685984f,-0.11034951087907224f,0.9914927148000185f,0.0690302973138502f,1.716081275398641f,-0.20007023096572607f,0.04587304429426653f,-0.9787070892194952f,2.5187151267558185f,0f,0f,0f,1f], start_interpolation: 0, interpolation_duration: 1 }
$data merge entity $(bone_right_close) { transformation: [-0.9735475787705861f,-0.12181075611646655f,0.19330610845046808f,-2.615916879943263f,-0.11034951087907224f,0.9914927148000185f,0.0690302973138502f,1.778049570073642f,-0.20007023096572607f,0.04587304429426653f,-0.9787070892194952f,2.5215821920242103f,0f,0f,0f,1f], start_interpolation: 0, interpolation_duration: 1 }
$data merge entity $(bone_left_close) { transformation: [-0.9735475787705861f,-0.12181075611646655f,0.19330610845046808f,-2.3725299852506168f,-0.11034951087907224f,0.9914927148000185f,0.0690302973138502f,1.80563694779341f,-0.20007023096572607f,0.04587304429426653f,-0.9787070892194952f,2.5715997497656415f,0f,0f,0f,1f], start_interpolation: 0, interpolation_duration: 1 }
$data merge entity $(bone_left_eyebrow) { transformation: [-0.9735475787705861f,-0.12181075611646655f,0.19330610845046808f,-2.3694967979794828f,-0.11034951087907224f,0.9914927148000185f,0.0690302973138502f,1.7808453155298276f,-0.20007023096572607f,0.04587304429426653f,-0.9787070892194952f,2.5705140928513615f,0f,0f,0f,1f], start_interpolation: 0, interpolation_duration: 1 }
$data merge entity $(bone_right_eyebrow) { transformation: [-0.9735475787705861f,-0.12181075611646655f,0.19330610845046808f,-2.6128836926721295f,-0.11034951087907224f,0.9914927148000185f,0.0690302973138502f,1.7532579378100595f,-0.20007023096572607f,0.04587304429426653f,-0.9787070892194952f,2.5204965351099298f,0f,0f,0f,1f], start_interpolation: 0, interpolation_duration: 1 }
$data merge entity $(bone_talking) { transformation: [-0.9735475787705861f,-0.12181075611646655f,0.19330610845046808f,-2.3957494124197725f,-0.11034951087907224f,0.9914927148000185f,0.0690302973138502f,1.5035737534690985f,-0.20007023096572607f,0.04587304429426653f,-0.9787070892194952f,2.226409679171875f,0f,0f,0f,1f], start_interpolation: 0, interpolation_duration: 1 }
$data merge entity $(bone_m_opened) { transformation: [-0.9735475787705861f,-0.12181075611646655f,0.19330610845046808f,-2.3957494124197725f,-0.11034951087907224f,0.9914927148000185f,0.0690302973138502f,1.5035737534690985f,-0.20007023096572607f,0.04587304429426653f,-0.9787070892194952f,2.226409679171875f,0f,0f,0f,1f], start_interpolation: 0, interpolation_duration: 1 }
$data merge entity $(bone_head) { transformation: [-0.9735475787705861f,-0.12181075611646655f,0.19330610845046808f,-2.407831044197927f,-0.11034951087907224f,0.9914927148000185f,0.0690302973138502f,1.4992593598869828f,-0.20007023096572607f,0.04587304429426653f,-0.9787070892194952f,2.2875788722480936f,0f,0f,0f,1f], start_interpolation: 0, interpolation_duration: 1 }
$data merge entity $(item_display_r_item) { transformation: [-0.2091331536197505f,-0.019151442448790367f,0.3838004641857386f,-3.0906621898843714f,-0.006238795774220347f,0.4370679599340733f,0.01840993824962105f,1.406642719828967f,-0.38422734348865045f,0.0033272588113881702f,-0.20919973198944736f,2.30525544644437f,0f,0f,0f,1f], start_interpolation: 0, interpolation_duration: 1 }
$data merge entity $(bone_rightarm) { transformation: [-0.47801863684514395f,0.8772582038531168f,0.043774725597235324f,-2.5396398921263463f,-0.014260104626789364f,0.04207985885627691f,-0.9990124798493104f,1.3705043516235582f,-0.8782339279740582f,-0.4781708159758797f,-0.007605162997458781f,2.005923363772104f,0f,0f,0f,1f], start_interpolation: 0, interpolation_duration: 1 }
$data merge entity $(item_display_l_item) { transformation: [-0.2633849274886198f,0.32237782519050145f,-0.1345628767426468f,-1.9807378837548455f,0.26534528234001437f,0.294234012859187f,0.18553834325194818f,1.1972733329307785f,0.2272146806694329f,0.030085436713167674f,-0.3726588324272825f,3.108298689646027f,0f,0f,0f,1f], start_interpolation: 0, interpolation_duration: 1 }
$data merge entity $(bone_leftarm) { transformation: [-0.6020226914025596f,-0.3075722896974782f,-0.7368636004354321f,-2.2650785148701984f,0.6065035024914615f,0.4240876417187388f,-0.6725348865352844f,1.3782612481880798f,0.5193478415301324f,-0.8517916169766457f,-0.06876671248724059f,2.5673330899747184f,0f,0f,0f,1f], start_interpolation: 0, interpolation_duration: 1 }
$data merge entity $(bone_body) { transformation: [-0.43929820360983696f,-0.04377472559723512f,0.8972741285159496f,-2.3750000000000004f,-0.012411034503234539f,0.9990124798493104f,0.04266182518236496f,0.75f,-0.8982555619241829f,0.007605162997458678f,-0.4394076774113674f,2.2818749999999994f,0f,0f,0f,1f], start_interpolation: 0, interpolation_duration: 1 }
$data merge entity $(bone_leftleg) { transformation: [-0.17364817766693041f,0.25488700224417876f,0.9512512425641976f,-2.353293977791634f,0f,0.9659258262890683f,-0.25881904510252074f,0.75f,-0.9848077530122079f,-0.0449434555275478f,-0.1677312594965207f,2.4049759691265256f,0f,0f,0f,1f], start_interpolation: 0, interpolation_duration: 1 }
$data merge entity $(bone_rightleg) { transformation: [-0.17846834905030848f,-0.013613262756150673f,0.9838514763237329f,-2.3967060222083667f,0.01861350816732346f,0.9996786472530559f,0.017208705355293626f,0.7524594907407407f,-0.9837695795769261f,0.021384136724037505f,-0.17815760717860307f,2.1587740308734733f,0f,0f,0f,1f], start_interpolation: 0, interpolation_duration: 1 }
$data merge entity $(text_display_text) { transformation: [-4.5769509808878667e-17f,0f,-2f,1.4374999999999998f,0f,2f,0f,1.875f,2f,0f,-4.5769509808878667e-17f,1.9375000000000002f,0f,0f,0f,1f], start_interpolation: 0, interpolation_duration: 1 }
data modify entity @s data merge value {"locators":{},"cameras":{"camera":{"posx":-4.625000000000001,"posy":1.375,"posz":4.124999999999999,"roty":237.50000000000003,"rotx":0}}}