# This file was generated by Animated Java via MC-Build. It is not recommended to edit this file directly.
$data merge entity $(bone_left_eye) { transformation: [-0.9838680053594983f,-0.1562522841116587f,0.0871147044982139f,-2.404786289588252f,-0.16341606477898474f,0.9831232115581405f,-0.08224318006836956f,1.7819476109918195f,-0.07279380332193341f,-0.09515237572177106f,-0.992797606560587f,2.4407278902053013f,0f,0f,0f,1f], start_interpolation: 0, interpolation_duration: 1 }
$data merge entity $(bone_right_eye) { transformation: [-0.9838680053594983f,-0.1562522841116587f,0.0871147044982139f,-2.6507532909281264f,-0.16341606477898474f,0.9831232115581405f,-0.08224318006836956f,1.7410935947970732f,-0.07279380332193341f,-0.09515237572177106f,-0.992797606560587f,2.4225294393748182f,0f,0f,0f,1f], start_interpolation: 0, interpolation_duration: 1 }
$data merge entity $(bone_right_close) { transformation: [-0.9838680053594983f,-0.1562522841116587f,0.0871147044982139f,-2.660519058685105f,-0.16341606477898474f,0.9831232115581405f,-0.08224318006836956f,1.802538795519457f,-0.07279380332193341f,-0.09515237572177106f,-0.992797606560587f,2.416582415892208f,0f,0f,0f,1f], start_interpolation: 0, interpolation_duration: 1 }
$data merge entity $(bone_left_close) { transformation: [-0.9838680053594983f,-0.1562522841116587f,0.0871147044982139f,-2.414552057345231f,-0.16341606477898474f,0.9831232115581405f,-0.08224318006836956f,1.8433928117142033f,-0.07279380332193341f,-0.09515237572177106f,-0.992797606560587f,2.434780866722691f,0f,0f,0f,1f], start_interpolation: 0, interpolation_duration: 1 }
$data merge entity $(bone_left_eyebrow) { transformation: [-0.9838680053594983f,-0.1562522841116587f,0.0871147044982139f,-2.4106511949114706f,-0.16341606477898474f,0.9831232115581405f,-0.08224318006836956f,1.818819871624004f,-0.07279380332193341f,-0.09515237572177106f,-0.992797606560587f,2.4372217259661455f,0f,0f,0f,1f], start_interpolation: 0, interpolation_duration: 1 }
$data merge entity $(bone_right_eyebrow) { transformation: [-0.9838680053594983f,-0.1562522841116587f,0.0871147044982139f,-2.656618196251345f,-0.16341606477898474f,0.9831232115581405f,-0.08224318006836956f,1.777965855429258f,-0.07279380332193341f,-0.09515237572177106f,-0.992797606560587f,2.419023275135662f,0f,0f,0f,1f], start_interpolation: 0, interpolation_duration: 1 }
$data merge entity $(bone_talking) { transformation: [-0.9838680053594983f,-0.1562522841116587f,0.0871147044982139f,-2.4614833740745827f,-0.16341606477898474f,0.9831232115581405f,-0.08224318006836956f,1.4900388062335457f,-0.07279380332193341f,-0.09515237572177106f,-0.992797606560587f,2.1451675066703193f,0f,0f,0f,1f], start_interpolation: 0, interpolation_duration: 1 }
$data merge entity $(bone_m_opened) { transformation: [-0.9838680053594983f,-0.1562522841116587f,0.0871147044982139f,-2.4614833740745827f,-0.16341606477898474f,0.9831232115581405f,-0.08224318006836956f,1.4900388062335457f,-0.07279380332193341f,-0.09515237572177106f,-0.992797606560587f,2.1451675066703193f,0f,0f,0f,1f], start_interpolation: 0, interpolation_duration: 1 }
$data merge entity $(bone_head) { transformation: [-0.9838680053594983f,-0.1562522841116587f,0.0871147044982139f,-2.466928043105721f,-0.16341606477898474f,0.9831232115581405f,-0.08224318006836956f,1.4951790049878189f,-0.07279380332193341f,-0.09515237572177106f,-0.992797606560587f,2.207217357080356f,0f,0f,0f,1f], start_interpolation: 0, interpolation_duration: 1 }
$data merge entity $(item_display_r_item) { transformation: [-0.2140257861949127f,-0.0396930848479329f,0.379504508351224f,-3.153911098046955f,-0.045358875677047605f,0.43468775290956096f,0.019884161228238384f,1.3724007894523724f,-0.37886908720686574f,-0.029618684739387717f,-0.21676530689514198f,2.2491516996230563f,0f,0f,0f,1f], start_interpolation: 0, interpolation_duration: 1 }
$data merge entity $(bone_rightarm) { transformation: [-0.4892017970169433f,0.8674388762313692f,0.09072705108098968f,-2.6060913597097874f,-0.10367743011896596f,0.04544951137883081f,-0.9935720066504251f,1.3387084836484902f,-0.8659864850442646f,-0.4954635586174674f,0.0676998508328861f,1.9437182161641946f,0f,0f,0f,1f], start_interpolation: 0, interpolation_duration: 1 }
$data merge entity $(item_display_l_item) { transformation: [-0.26120441734073085f,0.25085003006988893f,-0.24546438596184364f,-1.8827481180516623f,0.2226899041909144f,0.3549585793423446f,0.12577703893281073f,1.3249917774297668f,0.2712705456424093f,-0.04984896553791395f,-0.3396080412794567f,2.958553243807416f,0f,0f,0f,1f], start_interpolation: 0, interpolation_duration: 1 }
$data merge entity $(bone_leftarm) { transformation: [-0.5970386682073848f,-0.561061453627071f,-0.5733714973026034f,-2.305082963731407f,0.5090054952935186f,0.2874903747035676f,-0.8113338956396446f,1.403256524664541f,0.6200469614683641f,-0.7762469514959011f,0.11394049265808887f,2.487641460704739f,0f,0f,0f,1f], start_interpolation: 0, interpolation_duration: 1 }
$data merge entity $(bone_body) { transformation: [-0.4816134335654082f,-0.09072705108098968f,0.8716748836644803f,-2.398882754794979f,-0.10327686562568131f,0.9935720066504251f,0.04635252557501594f,0.75f,-0.870277191264871f,-0.0676998508328861f,-0.4878876310804895f,2.2579922452050205f,0f,0f,0f,1f], start_interpolation: 0, interpolation_duration: 1 }
$data merge entity $(bone_leftleg) { transformation: [-0.197232358706387f,0.23321367519985034f,0.9522136201393538f,-2.3771767325866127f,-0.09497534479974191f,0.9621787845855727f,-0.255326595507793f,0.75f,-0.9757453974061496f,-0.1407954835682192f,-0.16762324196693634f,2.3810932143315466f,0f,0f,0f,1f], start_interpolation: 0, interpolation_duration: 1 }
$data merge entity $(bone_rightleg) { transformation: [-0.16794429327007984f,-0.08384200008121266f,0.9822246348877609f,-2.420588777003345f,-0.030769102591192712f,0.9963370504385529f,0.07978561429942853f,0.7592592592592592f,-0.9853161810727284f,-0.01682263195182162f,-0.16990886489664825f,2.1348912760784944f,0f,0f,0f,1f], start_interpolation: 0, interpolation_duration: 1 }
data modify entity @s data merge value {"locators":{},"cameras":{"camera":{"posx":-4.648991739552965,"posy":1.375,"posz":4.102540222438181,"roty":238.93625000000003,"rotx":0}}}