# This file was generated by Animated Java via MC-Build. It is not recommended to edit this file directly.
$data merge entity $(bone_left_eye) { transformation: [-0.9789547458288974f,-0.1984622277806488f,0.047543135818123305f,-2.482482169457953f,-0.20398294117430732f,0.9444885885776969f,-0.25755051107770927f,1.8117365024890415f,0.006210098949109677f,-0.26182828378701184f,-0.9650944951040754f,2.285968458675579f,0f,0f,0f,1f], start_interpolation: 0, interpolation_duration: 1 }
$data merge entity $(bone_right_eye) { transformation: [-0.9789547458288974f,-0.1984622277806488f,0.047543135818123305f,-2.7272208559151774f,-0.20398294117430732f,0.9444885885776969f,-0.25755051107770927f,1.7607407671954645f,0.006210098949109677f,-0.26182828378701184f,-0.9650944951040754f,2.2875209834128567f,0f,0f,0f,1f], start_interpolation: 0, interpolation_duration: 1 }
$data merge entity $(bone_right_close) { transformation: [-0.9789547458288974f,-0.1984622277806488f,0.047543135818123305f,-2.7396247451514677f,-0.20398294117430732f,0.9444885885776969f,-0.25755051107770927f,1.8197713039815706f,0.006210098949109677f,-0.26182828378701184f,-0.9650944951040754f,2.2711567156761685f,0f,0f,0f,1f], start_interpolation: 0, interpolation_duration: 1 }
$data merge entity $(bone_left_close) { transformation: [-0.9789547458288974f,-0.1984622277806488f,0.047543135818123305f,-2.4948860586942434f,-0.20398294117430732f,0.9444885885776969f,-0.25755051107770927f,1.8707670392751476f,0.006210098949109677f,-0.26182828378701184f,-0.9650944951040754f,2.2696041909388907f,0f,0f,0f,1f], start_interpolation: 0, interpolation_duration: 1 }
$data merge entity $(bone_left_eyebrow) { transformation: [-0.9789547458288974f,-0.1984622277806488f,0.047543135818123305f,-2.489927474445716f,-0.20398294117430732f,0.9444885885776969f,-0.25755051107770927f,1.8471709214676477f,0.006210098949109677f,-0.26182828378701184f,-0.9650944951040754f,2.27621021643951f,0f,0f,0f,1f], start_interpolation: 0, interpolation_duration: 1 }
$data merge entity $(bone_right_eyebrow) { transformation: [-0.9789547458288974f,-0.1984622277806488f,0.047543135818123305f,-2.73466616090294f,-0.20398294117430732f,0.9444885885776969f,-0.25755051107770927f,1.796175186174071f,0.006210098949109677f,-0.26182828378701184f,-0.9650944951040754f,2.2777627411767876f,0f,0f,0f,1f], start_interpolation: 0, interpolation_duration: 1 }
$data merge entity $(bone_talking) { transformation: [-0.9789547458288974f,-0.1984622277806488f,0.047543135818123305f,-2.5403787257982393f,-0.20398294117430732f,0.9444885885776969f,-0.25755051107770927f,1.4696319529860447f,0.006210098949109677f,-0.26182828378701184f,-0.9650944951040754f,2.0506097622709474f,0f,0f,0f,1f], start_interpolation: 0, interpolation_duration: 1 }
$data merge entity $(bone_m_opened) { transformation: [-0.9789547458288974f,-0.1984622277806488f,0.047543135818123305f,-2.5403787257982393f,-0.20398294117430732f,0.9444885885776969f,-0.25755051107770927f,1.4696319529860447f,0.006210098949109677f,-0.26182828378701184f,-0.9650944951040754f,2.0506097622709474f,0f,0f,0f,1f], start_interpolation: 0, interpolation_duration: 1 }
$data merge entity $(bone_head) { transformation: [-0.9789547458288974f,-0.1984622277806488f,0.047543135818123305f,-2.543350171786872f,-0.20398294117430732f,0.9444885885776969f,-0.25755051107770927f,1.4857288599284015f,0.006210098949109677f,-0.26182828378701184f,-0.9650944951040754f,2.110928168214952f,0f,0f,0f,1f], start_interpolation: 0, interpolation_duration: 1 }
$data merge entity $(item_display_r_item) { transformation: [-0.21835221828231577f,-0.05930002063057143f,0.3744490169895037f,-3.2327197123905433f,-0.08260079528658001f,0.42917516829156754f,0.01979983686622563f,1.3367820765327212f,-0.37000765855481477f,-0.06081473896284063f,-0.22539332318341893f,2.181620194899197f,0f,0f,0f,1f], start_interpolation: 0, interpolation_duration: 1 }
$data merge entity $(bone_rightarm) { transformation: [-0.49909078464529316f,0.8558834674045799f,0.13554290429844917f,-2.689321113744028f,-0.18880181779789718f,0.04525676997994452f,-0.9809718132378686f,1.3037568194428197f,-0.8457317909824338f,-0.5151847387049575f,0.1390051176293499f,1.8683175530604328f,0f,0f,0f,1f], start_interpolation: 0, interpolation_duration: 1 }
$data merge entity $(item_display_l_item) { transformation: [-0.25376057079550796f,0.16122439048173945f,-0.3178341055068343f,-1.8633806700362725f,0.18499013746564152f,0.3930805895304459f,0.051696703713488036f,1.4609142530939463f,0.30461528482658407f,-0.10440591960319427f,-0.29616749011637034f,2.781556214484997f,0f,0f,0f,1f], start_interpolation: 0, interpolation_duration: 1 }
$data merge entity $(bone_leftarm) { transformation: [-0.5800241618183039f,-0.7264779554441925f,-0.3685128925296904f,-2.363493503755104f,0.4228345999214663f,0.11816389420225858f,-0.8984699189267334f,1.4224579471045162f,0.6962635081750492f,-0.6769542631231322f,0.23864210195015817f,2.388290062776809f,0f,0f,0f,1f], start_interpolation: 0, interpolation_duration: 1 }
$data merge entity $(bone_body) { transformation: [-0.5213241759822786f,-0.135542904298449f,0.8425255038458712f,-2.441692993563035f,-0.18992180425871477f,0.9809718132378688f,0.040299006190257176f,0.75f,-0.831956015546202f,-0.13900511762935003f,-0.5371468751369014f,2.2151820064369647f,0f,0f,0f,1f], start_interpolation: 0, interpolation_duration: 1 }
$data merge entity $(bone_leftleg) { transformation: [-0.21913433663485407f,0.2115604755112448f,0.9524821823577898f,-2.419986971354669f,-0.188917025052943f,0.9485354424219289f,-0.2541473433160009f,0.75f,-0.9572306410436034f,-0.23563250979203082f,-0.16788930929740686f,2.338282975563491f,0f,0f,0f,1f], start_interpolation: 0, interpolation_duration: 1 }
$data merge entity $(bone_rightleg) { transformation: [-0.15259723160229138f,-0.16747418353541657f,0.973995114339113f,-2.4633990157714014f,-0.10156499092584018f,0.9829766274658923f,0.15310618039130355f,0.76953125f,-0.9830557652165772f,-0.07556022568075073f,-0.16700902601213913f,2.0920810373104386f,0f,0f,0f,1f], start_interpolation: 0, interpolation_duration: 1 }
data modify entity @s data merge value {"locators":{},"cameras":{"camera":{"posx":-4.6701297781017175,"posy":1.375,"posz":4.074715203541733,"roty":240.24000000000004,"rotx":0}}}