# This file was generated by Animated Java via MC-Build. It is not recommended to edit this file directly.
$data merge entity $(bone_left_eye) { transformation: [-0.9783629116340407f,-0.19117322543311194f,0.0791126476390645f,-2.5384428285856813f,-0.2067587605430371f,0.9173449863728967f,-0.340189639635332f,1.8259572156412311f,-0.007538440002367031f,-0.34918615931048935f,-0.9370230509802414f,2.209032021310997f,0f,0f,0f,1f], start_interpolation: 0, interpolation_duration: 1 }
$data merge entity $(bone_right_eye) { transformation: [-0.9783629116340407f,-0.19117322543311194f,0.0791126476390645f,-2.7830335564941913f,-0.2067587605430371f,0.9173449863728967f,-0.340189639635332f,1.7742675255054718f,-0.007538440002367031f,-0.34918615931048935f,-0.9370230509802414f,2.2071474113104053f,0f,0f,0f,1f], start_interpolation: 0, interpolation_duration: 1 }
$data merge entity $(bone_right_close) { transformation: [-0.9783629116340407f,-0.19117322543311194f,0.0791126476390645f,-2.7949818830837607f,-0.2067587605430371f,0.9173449863728967f,-0.340189639635332f,1.8316015871537779f,-0.007538440002367031f,-0.34918615931048935f,-0.9370230509802414f,2.1853232763534995f,0f,0f,0f,1f], start_interpolation: 0, interpolation_duration: 1 }
$data merge entity $(bone_left_close) { transformation: [-0.9783629116340407f,-0.19117322543311194f,0.0791126476390645f,-2.5503911551752507f,-0.2067587605430371f,0.9173449863728967f,-0.340189639635332f,1.8832912772895372f,-0.007538440002367031f,-0.34918615931048935f,-0.9370230509802414f,2.1872078863540914f,0f,0f,0f,1f], start_interpolation: 0, interpolation_duration: 1 }
$data merge entity $(bone_left_eyebrow) { transformation: [-0.9783629116340407f,-0.19117322543311194f,0.0791126476390645f,-2.5456167690799005f,-0.2067587605430371f,0.9173449863728967f,-0.340189639635332f,1.860378914482692f,-0.007538440002367031f,-0.34918615931048935f,-0.9370230509802414f,2.1959961042775396f,0f,0f,0f,1f], start_interpolation: 0, interpolation_duration: 1 }
$data merge entity $(bone_right_eyebrow) { transformation: [-0.9783629116340407f,-0.19117322543311194f,0.0791126476390645f,-2.790207496988411f,-0.2067587605430371f,0.9173449863728967f,-0.340189639635332f,1.8086892243469328f,-0.007538440002367031f,-0.34918615931048935f,-0.9370230509802414f,2.1941114942769477f,0f,0f,0f,1f], start_interpolation: 0, interpolation_duration: 1 }
$data merge entity $(bone_talking) { transformation: [-0.9783629116340407f,-0.19117322543311194f,0.0791126476390645f,-2.588222183794451f,-0.2067587605430371f,0.9173449863728967f,-0.340189639635332f,1.464466861594086f,-0.007538440002367031f,-0.34918615931048935f,-0.9370230509802414f,2.002566552706998f,0f,0f,0f,1f], start_interpolation: 0, interpolation_duration: 1 }
$data merge entity $(bone_m_opened) { transformation: [-0.9783629116340407f,-0.19117322543311194f,0.0791126476390645f,-2.588222183794451f,-0.2067587605430371f,0.9173449863728967f,-0.340189639635332f,1.464466861594086f,-0.007538440002367031f,-0.34918615931048935f,-0.9370230509802414f,2.002566552706998f,0f,0f,0f,1f], start_interpolation: 0, interpolation_duration: 1 }
$data merge entity $(bone_head) { transformation: [-0.9783629116340407f,-0.19117322543311194f,0.0791126476390645f,-2.5931667242718923f,-0.2067587605430371f,0.9173449863728967f,-0.340189639635332f,1.4857287140712943f,-0.007538440002367031f,-0.34918615931048935f,-0.9370230509802414f,2.061130493393263f,0f,0f,0f,1f], start_interpolation: 0, interpolation_duration: 1 }
$data merge entity $(item_display_r_item) { transformation: [-0.20515115642596676f,-0.059305899802177604f,0.38184036358895124f,-3.293094475639947f,-0.08185783517950267f,0.4291750832082549f,0.02267802400811828f,1.3326710864146778f,-0.3776487095659322f,-0.06080960616417014f,-0.2123438107441435f,2.1131794245714395f,0f,0f,0f,1f], start_interpolation: 0, interpolation_duration: 1 }
$data merge entity $(bone_rightarm) { transformation: [-0.46891692897363835f,0.8727779739176028f,0.13555634240497758f,-2.7391359705411342f,-0.18710362326743465f,0.05183548344712771f,-0.9809716187617256f,1.3037575373965247f,-0.8631970504364165f,-0.4853572817008994f,0.13899338551810306f,1.8185182101032589f,0f,0f,0f,1f], start_interpolation: 0, interpolation_duration: 1 }
$data merge entity $(item_display_l_item) { transformation: [-0.25642558424975814f,0.09324531488675726f,-0.3419904691564365f,-1.8981090607817093f,0.13858146506370336f,0.4148694417762904f,0.009207270009432814f,1.5278378694068113f,0.32626269673833014f,-0.10293156722744723f,-0.2726976259250046f,2.698650140890672f,0f,0f,0f,1f], start_interpolation: 0, interpolation_duration: 1 }
$data merge entity $(bone_leftarm) { transformation: [-0.5861156211423043f,-0.7816925009289977f,-0.21313214831258817f,-2.4133083924014063f,0.316757634431322f,0.021045188592989497f,-0.9482730097743781f,1.4224569860556324f,0.7457433068304689f,-0.6233088592571534f,0.2352721536627364f,2.338491123062793f,0f,0f,0f,1f], start_interpolation: 0, interpolation_duration: 1 }
$data merge entity $(bone_body) { transformation: [-0.5213241250235644f,-0.1355563424049774f,0.8425233733862814f,-2.4914994674681594f,-0.18991911785457222f,0.9809716187617257f,0.0403163968794417f,0.75f,-0.8319566607352548f,-0.1389933855181032f,-0.5371489117930519f,2.1653755325318405f,0f,0f,0f,1f], start_interpolation: 0, interpolation_duration: 1 }
$data merge entity $(bone_leftleg) { transformation: [-0.23936904680631957f,0.1901081824044142f,0.9521351471371718f,-2.469793445259793f,-0.2808045924759392f,0.9251809589386699f,-0.2553213153298113f,0.75f,-0.9294359796540348f,-0.32847994185370466f,-0.1680764335780931f,2.2884765016583666f,0f,0f,0f,1f], start_interpolation: 0, interpolation_duration: 1 }
$data merge entity $(bone_rightleg) { transformation: [-0.13084743104184984f,-0.2433191632853462f,0.9610799834393946f,-2.5132054896765257f,-0.1794038367601489f,0.9592212818958086f,0.2184234321539234f,0.7824074074074074f,-0.9750349804727448f,-0.1438412914857231f,-0.1691640319873969f,2.0422745634053143f,0f,0f,0f,1f], start_interpolation: 0, interpolation_duration: 1 }
data modify entity @s data merge value {"locators":{},"cameras":{"camera":{"posx":-4.6887208454810505,"posy":1.375,"posz":4.042820699708454,"roty":241.40375000000006,"rotx":0}}}