# This file was generated by Animated Java via MC-Build. It is not recommended to edit this file directly.
$data merge entity $(bone_left_eye) { transformation: [-0.9777913739787285f,-0.18561536018966235f,0.09731889351226652f,-2.5950522113706227f,-0.20876424430183332f,0.9035543166383764f,-0.37417520920718556f,1.8312564799767292f,-0.01848024009244492f,-0.3861819971798511f,-0.9222374671310565f,2.144097423133166f,0f,0f,0f,1f], start_interpolation: 0, interpolation_duration: 1 }
$data merge entity $(bone_right_eye) { transformation: [-0.9777913739787285f,-0.18561536018966235f,0.09731889351226652f,-2.839500054865305f,-0.20876424430183332f,0.9035543166383764f,-0.37417520920718556f,1.7790654189012711f,-0.01848024009244492f,-0.3861819971798511f,-0.9222374671310565f,2.139477363110055f,0f,0f,0f,1f], start_interpolation: 0, interpolation_duration: 1 }
$data merge entity $(bone_right_close) { transformation: [-0.9777913739787285f,-0.18561536018966235f,0.09731889351226652f,-2.8511010148771585f,-0.20876424430183332f,0.9035543166383764f,-0.37417520920718556f,1.8355375636911697f,-0.01848024009244492f,-0.3861819971798511f,-0.9222374671310565f,2.1153409882863143f,0f,0f,0f,1f], start_interpolation: 0, interpolation_duration: 1 }
$data merge entity $(bone_left_close) { transformation: [-0.9777913739787285f,-0.18561536018966235f,0.09731889351226652f,-2.6066531713824763f,-0.20876424430183332f,0.9035543166383764f,-0.37417520920718556f,1.8877286247666278f,-0.01848024009244492f,-0.3861819971798511f,-0.9222374671310565f,2.1199610483094253f,0f,0f,0f,1f], start_interpolation: 0, interpolation_duration: 1 }
$data merge entity $(bone_left_eyebrow) { transformation: [-0.9777913739787285f,-0.18561536018966235f,0.09731889351226652f,-2.6020188698085795f,-0.20876424430183332f,0.9035543166383764f,-0.37417520920718556f,1.8651631528012442f,-0.01848024009244492f,-0.3861819971798511f,-0.9222374671310565f,2.1296732380806174f,0f,0f,0f,1f], start_interpolation: 0, interpolation_duration: 1 }
$data merge entity $(bone_right_eyebrow) { transformation: [-0.9777913739787285f,-0.18561536018966235f,0.09731889351226652f,-2.8464667133032617f,-0.20876424430183332f,0.9035543166383764f,-0.37417520920718556f,1.8129720917257859f,-0.01848024009244492f,-0.3861819971798511f,-0.9222374671310565f,2.1250531780575064f,0f,0f,0f,1f], start_interpolation: 0, interpolation_duration: 1 }
$data merge entity $(bone_talking) { transformation: [-0.9777913739787285f,-0.18561536018966235f,0.09731889351226652f,-2.6404601388479647f,-0.20876424430183332f,0.9035543166383764f,-0.37417520920718556f,1.4623426174021608f,-0.01848024009244492f,-0.3861819971798511f,-0.9222374671310565f,1.9501336839381183f,0f,0f,0f,1f], start_interpolation: 0, interpolation_duration: 1 }
$data merge entity $(bone_m_opened) { transformation: [-0.9777913739787285f,-0.18561536018966235f,0.09731889351226652f,-2.6404601388479647f,-0.20876424430183332f,0.9035543166383764f,-0.37417520920718556f,1.4623426174021608f,-0.01848024009244492f,-0.3861819971798511f,-0.9222374671310565f,1.9501336839381183f,0f,0f,0f,1f], start_interpolation: 0, interpolation_duration: 1 }
$data merge entity $(bone_head) { transformation: [-0.9777913739787285f,-0.18561536018966235f,0.09731889351226652f,-2.6465425696924814f,-0.20876424430183332f,0.9035543166383764f,-0.37417520920718556f,1.4857285679776098f,-0.01848024009244492f,-0.3861819971798511f,-0.9222374671310565f,2.007773525633809f,0f,0f,0f,1f], start_interpolation: 0, interpolation_duration: 1 }
$data merge entity $(item_display_r_item) { transformation: [-0.1917002145265942f,-0.05931177895906638f,0.3887664988488187f,-3.3563639441986144f,-0.08101461884659245f,0.429174997986939f,0.025528467170049227f,1.3285997303375012f,-0.38482971465779386f,-0.06080447335206335f,-0.19903556651206616f,2.040809744459587f,0f,0f,0f,1f], start_interpolation: 0, interpolation_duration: 1 }
$data merge entity $(bone_rightarm) { transformation: [-0.4381719189179296f,0.8886091402258713f,0.1355697804778662f,-2.792510120277578f,-0.18517627164935416f,0.05835078210296987f,-0.9809714239701463f,1.3037582551537232f,-0.8796107763606716f,-0.4549384377418655f,0.1389816533761447f,1.7651595742069301f,0f,0f,0f,1f], start_interpolation: 0, interpolation_duration: 1 }
$data merge entity $(item_display_l_item) { transformation: [-0.26192193694566784f,0.037164502700264515f,-0.348456523379419f,-1.9582691112458148f,0.09894075646471887f,0.4251760041376451f,-0.02902313242457411f,1.5853965008833923f,0.3361753644406721f,-0.09617907903794462f,-0.26294858641680124f,2.633293991275028f,0f,0f,0f,1f], start_interpolation: 0, interpolation_duration: 1 }
$data merge entity $(bone_leftarm) { transformation: [-0.5986787130186694f,-0.796472053438672f,-0.08494743474346192f,-2.4666825739879177f,0.22615030049078597f,-0.06633858839902632f,-0.9718308666003317f,1.4224560248089595f,0.7684008330072505f,-0.60102534038126f,0.2198378949438733f,2.2851328904047246f,0f,0f,0f,1f], start_interpolation: 0, interpolation_duration: 1 }
$data merge entity $(bone_body) { transformation: [-0.5213240740634568f,-0.1355697804778661f,0.84252124271324f,-2.5448652343340816f,-0.1899164314483779f,0.9809714239701463f,0.040333787571925926f,0.75f,-0.8319573059164711f,-0.13898165337614476f,-0.5371509482045435f,2.112009765665918f,0f,0f,0f,1f], start_interpolation: 0, interpolation_duration: 1 }
$data merge entity $(bone_leftleg) { transformation: [-0.2579709638539693f,0.16903260238201626f,0.9512512607824586f,-2.5231592121257154f,-0.3696438494865827f,0.892399091451538f,-0.2588190219307888f,0.75f,-0.8926446136873255f,-0.4183919704158204f,-0.1677311919309363f,2.235110734792444f,0f,0f,0f,1f], start_interpolation: 0, interpolation_duration: 1 }
$data merge entity $(bone_rightleg) { transformation: [-0.10176157367483928f,-0.29114542096424795f,0.9512512422986741f,-2.566571256542448f,-0.25000002067694f,0.9330126854556219f,0.25881908438215756f,0.7970196759259259f,-0.9628834673961069f,-0.21147499291982405f,-0.16773120039161032f,1.988908796539392f,0f,0f,0f,1f], start_interpolation: 0, interpolation_duration: 1 }
data modify entity @s data merge value {"locators":{},"cameras":{"camera":{"posx":-4.705071671525754,"posy":1.375,"posz":4.0081524673361395,"roty":242.42000000000002,"rotx":0}}}
execute on vehicle unless entity @s[tag=aj.transforms_only] at @s run function animated_java:humanentity/animations/000_mur_2/zzz/frames/zzz/5