# This file was generated by Animated Java via MC-Build. It is not recommended to edit this file directly.
$data merge entity $(bone_left_eye) { transformation: [-0.9779285931036978f,-0.19193942912260423f,0.08255254289427394f,-2.648204650631672f,-0.20831789950003493f,0.9261405458343335f,-0.314431776558248f,1.8219112396829973f,-0.016103401445518695f,-0.3246889972108255f,-0.9456837397101174f,2.109773852025322f,0f,0f,0f,1f], start_interpolation: 0, interpolation_duration: 1 }
$data merge entity $(bone_right_eye) { transformation: [-0.9779285931036978f,-0.19193942912260423f,0.08255254289427394f,-2.8926867989075964f,-0.20831789950003493f,0.9261405458343335f,-0.314431776558248f,1.7698317648079886f,-0.016103401445518695f,-0.3246889972108255f,-0.9456837397101174f,2.105748001663942f,0f,0f,0f,1f], start_interpolation: 0, interpolation_duration: 1 }
$data merge entity $(bone_right_close) { transformation: [-0.9779285931036978f,-0.19193942912260423f,0.08255254289427394f,-2.904683013227759f,-0.20831789950003493f,0.9261405458343335f,-0.314431776558248f,1.8277155489226344f,-0.016103401445518695f,-0.3246889972108255f,-0.9456837397101174f,2.0854549393382653f,0f,0f,0f,1f], start_interpolation: 0, interpolation_duration: 1 }
$data merge entity $(bone_left_close) { transformation: [-0.9779285931036978f,-0.19193942912260423f,0.08255254289427394f,-2.6602008649518343f,-0.20831789950003493f,0.9261405458343335f,-0.314431776558248f,1.879795023797643f,-0.016103401445518695f,-0.3246889972108255f,-0.9456837397101174f,2.0894807896996452f,0f,0f,0f,1f], start_interpolation: 0, interpolation_duration: 1 }
$data merge entity $(bone_left_eyebrow) { transformation: [-0.9779285931036978f,-0.19193942912260423f,0.08255254289427394f,-2.6554075387577005f,-0.20831789950003493f,0.9261405458343335f,-0.314431776558248f,1.85666116213782f,-0.016103401445518695f,-0.3246889972108255f,-0.9456837397101174f,2.097657119863648f,0f,0f,0f,1f], start_interpolation: 0, interpolation_duration: 1 }
$data merge entity $(bone_right_eyebrow) { transformation: [-0.9779285931036978f,-0.19193942912260423f,0.08255254289427394f,-2.899889687033625f,-0.20831789950003493f,0.9261405458343335f,-0.314431776558248f,1.804581687262811f,-0.016103401445518695f,-0.3246889972108255f,-0.9456837397101174f,2.0936312695022683f,0f,0f,0f,1f], start_interpolation: 0, interpolation_duration: 1 }
$data merge entity $(bone_talking) { transformation: [-0.9779285931036978f,-0.19193942912260423f,0.08255254289427394f,-2.696663197834522f,-0.20831789950003493f,0.9261405458343335f,-0.314431776558248f,1.4660764356124572f,-0.016103401445518695f,-0.3246889972108255f,-0.9456837397101174f,1.8934070074879268f,0f,0f,0f,1f], start_interpolation: 0, interpolation_duration: 1 }
$data merge entity $(bone_m_opened) { transformation: [-0.9779285931036978f,-0.19193942912260423f,0.08255254289427394f,-2.696663197834522f,-0.20831789950003493f,0.9261405458343335f,-0.314431776558248f,1.4660764356124572f,-0.016103401445518695f,-0.3246889972108255f,-0.9456837397101174f,1.8934070074879268f,0f,0f,0f,1f], start_interpolation: 0, interpolation_duration: 1 }
$data merge entity $(bone_head) { transformation: [-0.9779285931036978f,-0.19193942912260423f,0.08255254289427394f,-2.7018227317654144f,-0.20831789950003493f,0.9261405458343335f,-0.314431776558248f,1.4857284216473476f,-0.016103401445518695f,-0.3246889972108255f,-0.9456837397101174f,1.952512241219809f,0f,0f,0f,1f], start_interpolation: 0, interpolation_duration: 1 }
$data merge entity $(item_display_r_item) { transformation: [-0.17801578037065857f,-0.059317658101236466f,0.395218986609209f,-3.4208610901263263f,-0.08007217792587075f,0.42917491262761936f,0.028347675271226513f,1.3245729955594654f,-0.39154192401482774f,-0.060799340526522305f,-0.18548480242409845f,1.9661892907567315f,0f,0f,0f,1f], start_interpolation: 0, interpolation_duration: 1 }
$data merge entity $(bone_rightarm) { transformation: [-0.406893212275791f,0.903357683678192f,0.13558321851711214f,-2.847788586670137f,-0.18302212097341886f,0.06479468633423224f,-0.9809712288631299f,1.303758972714415f,-0.8949529691767492f,-0.4239652626836536f,0.13896992120347945f,1.7098966216546656f,0f,0f,0f,1f], start_interpolation: 0, interpolation_duration: 1 }
$data merge entity $(item_display_l_item) { transformation: [-0.26785585836626824f,-0.003200811017321842f,-0.34590351826441573f,-2.0287277064300553f,0.06832038697991215f,0.4283742524882654f,-0.056868924097743245f,1.6260890270722064f,0.33910442913914385f,-0.08883414103795474f,-0.26176885132548533f,2.578444659825671f,0f,0f,0f,1f], start_interpolation: 0, interpolation_duration: 1 }
$data merge entity $(bone_leftarm) { transformation: [-0.6122419619800417f,-0.7906366131758074f,0.007316139468164035f,-2.5219610722314143f,0.1561608845255135f,-0.12998611222341291f,-0.9791411485446065f,1.4224550633644975f,0.7750958380323287f,-0.5983288030296807f,0.2030494652296107f,2.2298703410858223f,0f,0f,0f,1f], start_interpolation: 0, interpolation_duration: 1 }
$data merge entity $(bone_body) { transformation: [-0.5213240231019562f,-0.1355832185171118f,0.8425191118267477f,-2.6001353178775806f,-0.18991374504013192f,0.9809712288631302f,0.04035117826770398f,0.75f,-0.8319579510898508f,-0.13896992120347973f,-0.5371529843713763f,2.056739682122419f,0f,0f,0f,1f], start_interpolation: 0, interpolation_duration: 1 }
$data merge entity $(bone_leftleg) { transformation: [-0.22353591844685045f,0.20405802385579636f,0.9530960161831493f,-2.5784292956692143f,-0.20967476082357722f,0.9448792049626906f,-0.2514752128991033f,0.7916666666666665f,-0.9518761410171487f,-0.25605392191712445f,-0.16842862355656898f,2.179840651248945f,0f,0f,0f,1f], start_interpolation: 0, interpolation_duration: 1 }
$data merge entity $(bone_rightleg) { transformation: [-0.0368595079951335f,-0.2947404828691417f,0.9548661814246128f,-2.621841340085947f,-0.35403076230919994f,0.8973946726600375f,0.2633344277153119f,0.8125f,-0.9345071406945605f,-0.32834562466926404f,-0.13742472394524677f,1.933638712995893f,0f,0f,0f,1f], start_interpolation: 0, interpolation_duration: 1 }
data modify entity @s data merge value {"locators":{},"cameras":{"camera":{"posx":-4.71948898607062,"posy":1.375,"posz":3.972006262822589,"roty":243.28125000000006,"rotx":0}}}