# This file was generated by Animated Java via MC-Build. It is not recommended to edit this file directly.
$data merge entity $(bone_left_eye) { transformation: [-0.9774766302227023f,-0.20056497148937083f,0.06567442104760757f,-2.7023227617484396f,-0.2094745402631269f,0.9599132339082147f,-0.18624446394302502f,1.7984520170762088f,-0.02568763029207266f,-0.1958067301686562f,-0.9803060083824012f,2.095742131589861f,0f,0f,0f,1f], start_interpolation: 0, interpolation_duration: 1 }
$data merge entity $(bone_right_eye) { transformation: [-0.9774766302227023f,-0.20056497148937083f,0.06567442104760757f,-2.9466919193041154f,-0.2094745402631269f,0.9599132339082147f,-0.18624446394302502f,1.7460833820104271f,-0.02568763029207266f,-0.1958067301686562f,-0.9803060083824012f,2.0893202240168427f,0f,0f,0f,1f], start_interpolation: 0, interpolation_duration: 1 }
$data merge entity $(bone_right_close) { transformation: [-0.9774766302227023f,-0.20056497148937083f,0.06567442104760757f,-2.959227230022201f,-0.2094745402631269f,0.9599132339082147f,-0.18624446394302502f,1.8060779591296905f,-0.02568763029207266f,-0.1958067301686562f,-0.9803060083824012f,2.0770823033813017f,0f,0f,0f,1f], start_interpolation: 0, interpolation_duration: 1 }
$data merge entity $(bone_left_close) { transformation: [-0.9774766302227023f,-0.20056497148937083f,0.06567442104760757f,-2.714858072466525f,-0.2094745402631269f,0.9599132339082147f,-0.18624446394302502f,1.8584465941954722f,-0.02568763029207266f,-0.1958067301686562f,-0.9803060083824012f,2.08350421095432f,0f,0f,0f,1f], start_interpolation: 0, interpolation_duration: 1 }
$data merge entity $(bone_left_eyebrow) { transformation: [-0.9774766302227023f,-0.20056497148937083f,0.06567442104760757f,-2.709848052830607f,-0.2094745402631269f,0.9599132339082147f,-0.18624446394302502f,1.8344604036267635f,-0.02568763029207266f,-0.1958067301686562f,-0.9803060083824012f,2.0884606483340598f,0f,0f,0f,1f], start_interpolation: 0, interpolation_duration: 1 }
$data merge entity $(bone_right_eyebrow) { transformation: [-0.9774766302227023f,-0.20056497148937083f,0.06567442104760757f,-2.9542172103862825f,-0.2094745402631269f,0.9599132339082147f,-0.18624446394302502f,1.7820917685609816f,-0.02568763029207266f,-0.1958067301686562f,-0.9803060083824012f,2.0820387407610417f,0f,0f,0f,1f], start_interpolation: 0, interpolation_duration: 1 }
$data merge entity $(bone_talking) { transformation: [-0.9774766302227023f,-0.20056497148937083f,0.06567442104760757f,-2.7538428410765574f,-0.2094745402631269f,0.9599132339082147f,-0.18624446394302502f,1.474087996084069f,-0.02568763029207266f,-0.1958067301686562f,-0.9803060083824012f,1.8351372327260151f,0f,0f,0f,1f], start_interpolation: 0, interpolation_duration: 1 }
$data merge entity $(bone_m_opened) { transformation: [-0.9774766302227023f,-0.20056497148937083f,0.06567442104760757f,-2.7538428410765574f,-0.2094745402631269f,0.9599132339082147f,-0.18624446394302502f,1.474087996084069f,-0.02568763029207266f,-0.1958067301686562f,-0.9803060083824012f,1.8351372327260151f,0f,0f,0f,1f], start_interpolation: 0, interpolation_duration: 1 }
$data merge entity $(bone_head) { transformation: [-0.9774766302227023f,-0.20056497148937083f,0.06567442104760757f,-2.757947492392033f,-0.2094745402631269f,0.9599132339082147f,-0.18624446394302502f,1.485728275080508f,-0.02568763029207266f,-0.1958067301686562f,-0.9803060083824012f,1.8964063582499153f,0f,0f,0f,1f], start_interpolation: 0, interpolation_duration: 1 }
$data merge entity $(item_display_r_item) { transformation: [-0.1500132240474052f,-0.059323537228686066f,0.40667308804687285f,-3.493347997005497f,-0.07789702367203145f,0.42917482713029637f,0.033871395907449184f,1.3166826712294295f,-0.4035273674906597f,-0.060794207687549354f,-0.15772120338654888f,1.8704201885705387f,0f,0f,0f,1f], start_interpolation: 0, interpolation_duration: 1 }
$data merge entity $(bone_rightarm) { transformation: [-0.3428873692512119f,0.9295384869642809f,0.13559665652271122f,-2.9039116516201515f,-0.17805033982178617f,0.07742033350274122f,-0.9809710334406774f,1.3037596900786004f,-0.9223482685500793f,-0.3605056077406832f,0.13895818900011273f,1.6537890705451188f,0f,0f,0f,1f], start_interpolation: 0, interpolation_duration: 1 }
$data merge entity $(item_display_l_item) { transformation: [-0.2719046488538948f,-0.02697207071123109f,-0.3416820442065818f,-2.097673268941329f,0.04703336833755649f,0.42908097022990754f,-0.07129960202823743f,1.6469052389711307f,0.33950253930488333f,-0.08104491586836061f,-0.26377262446551664f,2.5274255379073747f,0f,0f,0f,1f], start_interpolation: 0, interpolation_duration: 1 }
$data merge entity $(bone_leftarm) { transformation: [-0.6214963402374739f,-0.7809875296150441f,0.0616504473399566f,-2.5780841690332372f,0.10750484191441484f,-0.16297051892168532f,-0.9807565033826458f,1.4224541017222467f,0.7760058041254476f,-0.6029088559211808f,0.18524552198482414f,2.17376319320474f,0f,0f,0f,1f], start_interpolation: 0, interpolation_duration: 1 }
$data merge entity $(bone_body) { transformation: [-0.5213239721390623f,-0.13559665652271094f,0.8425169807268053f,-2.65625f,-0.18991105862983412f,0.9809710334406775f,0.04036856896677001f,0.75f,-0.8319585962553939f,-0.1389581890001129f,-0.537155020293549f,2.000625f,0f,0f,0f,1f], start_interpolation: 0, interpolation_duration: 1 }
$data merge entity $(bone_leftleg) { transformation: [-0.18386449184587977f,0.23983687478052365f,0.9532429502145651f,-2.6345439777916337f,-0.04252377604243725f,0.966927364842097f,-0.25148200649472124f,0.833333333333333f,-0.9820313524065047f,-0.08677410106149047f,-0.1675848390386827f,2.123725969126526f,0f,0f,0f,1f], start_interpolation: 0, interpolation_duration: 1 }
$data merge entity $(bone_rightleg) { transformation: [0.04072592761920879f,-0.26009504496573677f,0.9647237772563845f,-2.6779560222083663f,-0.4476959604096142f,0.8584286835561893f,0.2503368176695171f,0.8587962962962962f,-0.893257927953885f,-0.44209813710561957f,-0.08148319652095523f,1.877524030873474f,0f,0f,0f,1f], start_interpolation: 0, interpolation_duration: 1 }
data modify entity @s data merge value {"locators":{},"cameras":{"camera":{"posx":-4.732279518950438,"posy":1.375,"posz":3.9356778425655974,"roty":243.98000000000005,"rotx":0}}}