# This file was generated by Animated Java via MC-Build. It is not recommended to edit this file directly.
$data merge entity $(bone_left_eye) { transformation: [-0.9679342356548504f,-0.24856199279518937f,-0.03633526090375927f,-2.7813914729409412f,-0.2461683504626806f,0.9673728655609568f,-0.05992397021948586f,1.770745548755754f,0.05004456691532971f,-0.04905787107149248f,-0.9975414109740954f,2.0964320768527154f,0f,0f,0f,1f], start_interpolation: 0, interpolation_duration: 1 }
$data merge entity $(bone_right_eye) { transformation: [-0.9679342356548504f,-0.24856199279518937f,-0.03633526090375927f,-3.023375031854654f,-0.2461683504626806f,0.9673728655609568f,-0.05992397021948586f,1.709203461140084f,0.05004456691532971f,-0.04905787107149248f,-0.9975414109740954f,2.1089432185815475f,0f,0f,0f,1f], start_interpolation: 0, interpolation_duration: 1 }
$data merge entity $(bone_right_close) { transformation: [-0.9679342356548504f,-0.24856199279518937f,-0.03633526090375927f,-3.0389101564043535f,-0.2461683504626806f,0.9673728655609568f,-0.05992397021948586f,1.7696642652376438f,0.05004456691532971f,-0.04905787107149248f,-0.9975414109740954f,2.1058771016395794f,0f,0f,0f,1f], start_interpolation: 0, interpolation_duration: 1 }
$data merge entity $(bone_left_close) { transformation: [-0.9679342356548504f,-0.24856199279518937f,-0.03633526090375927f,-2.7969265974906405f,-0.2461683504626806f,0.9673728655609568f,-0.05992397021948586f,1.8312063528533138f,0.05004456691532971f,-0.04905787107149248f,-0.9975414109740954f,2.0933659599107473f,0f,0f,0f,1f], start_interpolation: 0, interpolation_duration: 1 }
$data merge entity $(bone_left_eyebrow) { transformation: [-0.9679342356548504f,-0.24856199279518937f,-0.03633526090375927f,-2.7907102767169545f,-0.2461683504626806f,0.9673728655609568f,-0.05992397021948586f,1.8070257764624287f,0.05004456691532971f,-0.04905787107149248f,-0.9975414109740954f,2.0946547530257202f,0f,0f,0f,1f], start_interpolation: 0, interpolation_duration: 1 }
$data merge entity $(bone_right_eyebrow) { transformation: [-0.9679342356548504f,-0.24856199279518937f,-0.03633526090375927f,-3.032693835630667f,-0.2461683504626806f,0.9673728655609568f,-0.05992397021948586f,1.7454836888467584f,0.05004456691532971f,-0.04905787107149248f,-0.9975414109740954f,2.107165894754553f,0f,0f,0f,1f], start_interpolation: 0, interpolation_duration: 1 }
$data merge entity $(bone_talking) { transformation: [-0.9679342356548504f,-0.24856199279518937f,-0.03633526090375927f,-2.8515975232314252f,-0.2461683504626806f,0.9673728655609568f,-0.05992397021948586f,1.4794050478640903f,0.05004456691532971f,-0.04905787107149248f,-0.9975414109740954f,1.8032204245555998f,0f,0f,0f,1f], start_interpolation: 0, interpolation_duration: 1 }
$data merge entity $(bone_m_opened) { transformation: [-0.9679342356548504f,-0.24856199279518937f,-0.03633526090375927f,-2.8515975232314252f,-0.2461683504626806f,0.9673728655609568f,-0.05992397021948586f,1.4794050478640903f,0.05004456691532971f,-0.04905787107149248f,-0.9975414109740954f,1.8032204245555998f,0f,0f,0f,1f], start_interpolation: 0, interpolation_duration: 1 }
$data merge entity $(bone_head) { transformation: [-0.9679342356548504f,-0.24856199279518937f,-0.03633526090375927f,-2.84932656942494f,-0.2461683504626806f,0.9673728655609568f,-0.05992397021948586f,1.4831502960028082f,0.05004456691532971f,-0.04905787107149248f,-0.9975414109740954f,1.8655667627414807f,0f,0f,0f,1f], start_interpolation: 0, interpolation_duration: 1 }
$data merge entity $(item_display_r_item) { transformation: [-0.1711732439663018f,-0.07989443425980347f,0.39461734620307654f,-3.576995024626118f,-0.07458048804984813f,0.42767100600163804f,0.05423570251958815f,1.2903300568872833f,-0.3956560644705187f,-0.0460504071627248f,-0.18094719850787377f,1.931077234914512f,0f,0f,0f,1f], start_interpolation: 0, interpolation_duration: 1 }
$data merge entity $(bone_rightarm) { transformation: [-0.39125312906583265f,0.9019825056070321f,0.18261584973669384f,-3.0018424680131797f,-0.17046968697108145f,0.12396732004477312f,-0.977533728003744f,1.3067137739150325f,-0.9043567187897571f,-0.41359359658942574f,0.10525807351479945f,1.6791598666407959f,0f,0f,0f,1f], start_interpolation: 0, interpolation_duration: 1 }
$data merge entity $(item_display_l_item) { transformation: [-0.2134638703808888f,-0.03539186936405589f,-0.38024576476921945f,-2.1002571373329424f,0.004922448575040337f,0.43532596453368266f,-0.04328191426964425f,1.6088557978020224f,0.3818575592312361f,-0.025396263223875302f,-0.21200491567939272f,2.4121251100055074f,0f,0f,0f,1f], start_interpolation: 0, interpolation_duration: 1 }
$data merge entity $(bone_leftarm) { transformation: [-0.4879174180134601f,-0.8691331766153587f,0.08089570140355612f,-2.6333534100420968f,0.011251311028663627f,-0.09893008975918663f,-0.995030776076989f,1.422645644692907f,0.8728172782428254f,-0.4845826644100405f,0.05804860165457201f,2.1165170199560537f,0f,0f,0f,1f], start_interpolation: 0, interpolation_duration: 1 }
$data merge entity $(bone_body) { transformation: [-0.6180677701304207f,-0.1826158497366936f,0.7646199598172639f,-2.71236468212242f,-0.19739860700981396f,0.9775337280037443f,0.07390264248108222f,0.75f,-0.760937593680713f,-0.10525807351479964f,-0.6402302058504883f,1.9445103178775804f,0f,0f,0f,1f], start_interpolation: 0, interpolation_duration: 1 }
$data merge entity $(bone_leftleg) { transformation: [-0.13889320520198448f,0.2753721054165396f,0.9512512187152147f,-2.6906586599140536f,0.1260786573646699f,0.9576621780179613f,-0.2588190969596656f,0.875f,-0.9822488736088432f,0.08398426252790908f,-0.16773131473222774f,2.0676112870041066f,0f,0f,0f,1f], start_interpolation: 0, interpolation_duration: 1 }
$data merge entity $(bone_rightleg) { transformation: [0.0833386648018904f,-0.2329571942272142f,0.9689094966026609f,-2.734070704330786f,-0.46793305997053886f,0.849285465069567f,0.2444439612839256f,0.9120370370370372f,-0.8798257317990001f,-0.47375641893208487f,-0.038230056042341226f,1.8214093487510545f,0f,0f,0f,1f], start_interpolation: 0, interpolation_duration: 1 }
data modify entity @s data merge value {"locators":{},"cameras":{"camera":{"posx":-4.743750000000001,"posy":1.375,"posz":3.9004629629629624,"roty":244.50875000000002,"rotx":0}}}