# This file was generated by Animated Java via MC-Build. It is not recommended to edit this file directly.
$data merge entity $(bone_left_eye) { transformation: [-0.9597810363154535f,-0.27381830653569134f,-0.06199917205221267f,-2.8672236457226257f,-0.27576914255017093f,0.9608909316247094f,0.025298172632458787f,1.7497873712432486f,0.05264733940454408f,0.04137816486172776f,-0.9977555337487726f,2.122033112768887f,0f,0f,0f,1f], start_interpolation: 0, interpolation_duration: 1 }
$data merge entity $(bone_right_eye) { transformation: [-0.9597810363154535f,-0.27381830653569134f,-0.06199917205221267f,-3.1071689048014894f,-0.27576914255017093f,0.9608909316247094f,0.025298172632458787f,1.6808450856057058f,0.05264733940454408f,0.04137816486172776f,-0.9977555337487726f,2.135194947620023f,0f,0f,0f,1f], start_interpolation: 0, interpolation_duration: 1 }
$data merge entity $(bone_right_close) { transformation: [-0.9597810363154535f,-0.27381830653569134f,-0.06199917205221267f,-3.12428254895997f,-0.27576914255017093f,0.9608909316247094f,0.025298172632458787f,1.7409007688322502f,0.05264733940454408f,0.04137816486172776f,-0.9977555337487726f,2.1377810829238815f,0f,0f,0f,1f], start_interpolation: 0, interpolation_duration: 1 }
$data merge entity $(bone_left_close) { transformation: [-0.9597810363154535f,-0.27381830653569134f,-0.06199917205221267f,-2.884337289881106f,-0.27576914255017093f,0.9608909316247094f,0.025298172632458787f,1.809843054469793f,0.05264733940454408f,0.04137816486172776f,-0.9977555337487726f,2.1246192480727455f,0f,0f,0f,1f], start_interpolation: 0, interpolation_duration: 1 }
$data merge entity $(bone_left_eyebrow) { transformation: [-0.9597810363154535f,-0.27381830653569134f,-0.06199917205221267f,-2.877487957269461f,-0.27576914255017093f,0.9608909316247094f,0.025298172632458787f,1.785819200043386f,0.05264733940454408f,0.04137816486172776f,-0.9977555337487726f,2.1236471536720614f,0f,0f,0f,1f], start_interpolation: 0, interpolation_duration: 1 }
$data merge entity $(bone_right_eyebrow) { transformation: [-0.9597810363154535f,-0.27381830653569134f,-0.06199917205221267f,-3.1174332163483243f,-0.27576914255017093f,0.9608909316247094f,0.025298172632458787f,1.7168769144058431f,0.05264733940454408f,0.04137816486172776f,-0.9977555337487726f,2.1368089885231973f,0f,0f,0f,1f], start_interpolation: 0, interpolation_duration: 1 }
$data merge entity $(bone_talking) { transformation: [-0.9597810363154535f,-0.27381830653569134f,-0.06199917205221267f,-2.938116439894451f,-0.27576914255017093f,0.9608909316247094f,0.025298172632458787f,1.4829991744659432f,0.05264733940454408f,0.04137816486172776f,-0.9977555337487726f,1.806470884682532f,0f,0f,0f,1f], start_interpolation: 0, interpolation_duration: 1 }
$data merge entity $(bone_m_opened) { transformation: [-0.9597810363154535f,-0.27381830653569134f,-0.06199917205221267f,-2.938116439894451f,-0.27576914255017093f,0.9608909316247094f,0.025298172632458787f,1.4829991744659432f,0.05264733940454408f,0.04137816486172776f,-0.9977555337487726f,1.806470884682532f,0f,0f,0f,1f], start_interpolation: 0, interpolation_duration: 1 }
$data merge entity $(bone_head) { transformation: [-0.9597810363154535f,-0.27381830653569134f,-0.06199917205221267f,-2.934241491641188f,-0.27576914255017093f,0.9608909316247094f,0.025298172632458787f,1.4814180386764146f,0.05264733940454408f,0.04137816486172776f,-0.9977555337487726f,1.8688306055418302f,0f,0f,0f,1f], start_interpolation: 0, interpolation_duration: 1 }
$data merge entity $(item_display_r_item) { transformation: [-0.1927797888550456f,-0.09500350651614699f,0.381072875915671f,-3.637182534883238f,-0.06709289038287485f,0.4262329244024809f,0.07232073157387585f,1.268506158425758f,-0.38696349578361455f,-0.026572126466383527f,-0.20238434975555541f,1.9958644967554502f,0f,0f,0f,1f], start_interpolation: 0, interpolation_duration: 1 }
$data merge entity $(bone_rightarm) { transformation: [-0.44063951738296137f,0.8710237163786766f,0.21715087203690758f,-3.079220782644258f,-0.15335517801799964f,0.16530452931171646f,-0.9742466843485278f,1.3109310714737978f,-0.8844879903625475f,-0.4625927994412695f,0.06073628906601938f,1.710540015171283f,0f,0f,0f,1f], start_interpolation: 0, interpolation_duration: 1 }
$data merge entity $(item_display_l_item) { transformation: [-0.10940015136656071f,0.06673919461136613f,-0.41831057455388304f,-2.066037064674945f,-0.006506771188909344f,0.43172019689490304f,0.07058033381701521f,1.4438421131608954f,0.42355108170050604f,0.023870515194530654f,-0.10696228164488114f,2.2231967192973263f,0f,0f,0f,1f], start_interpolation: 0, interpolation_duration: 1 }
$data merge entity $(bone_leftarm) { transformation: [-0.25005748883785306f,-0.9561384561231613f,-0.15254673054026566f,-2.682691941069454f,-0.014872619860364214f,0.161326477296035f,-0.9867890214740641f,1.4213225337866593f,0.9681167581725852f,-0.24448521518829974f,-0.05456117758749869f,2.0635733126062017f,0f,0f,0f,1f], start_interpolation: 0, interpolation_duration: 1 }
$data merge entity $(bone_body) { transformation: [-0.7061187827825054f,-0.2171508720369075f,0.6739746014319555f,-2.7676347656659197f,-0.1997387394202545f,0.9742466843485276f,0.10463189767326272f,0.75f,-0.6793384286028284f,-0.060736289066019335f,-0.7313073243267351f,1.88924023433408f,0f,0f,0f,1f], start_interpolation: 0, interpolation_duration: 1 }
$data merge entity $(bone_leftleg) { transformation: [-0.136524475866386f,0.2357620143727962f,0.9621732380752905f,-2.7459287434575534f,0.11640457835697601f,0.9683567811202394f,-0.22076031934200352f,0.8333333333333335f,-0.9837738772842787f,0.08186218319425745f,-0.15964817986975802f,2.012341203460606f,0f,0f,0f,1f], start_interpolation: 0, interpolation_duration: 1 }
$data merge entity $(bone_rightleg) { transformation: [0.07523419385435623f,-0.24051702452602558f,0.9677248457016241f,-2.789340787874286f,-0.41910872399427973f,0.8729679674581715f,0.24954920409377268f,0.9375f,-0.9048136236523914f,-0.4243565584565601f,-0.035125741955612105f,1.766139265207554f,0f,0f,0f,1f], start_interpolation: 0, interpolation_duration: 1 }
data modify entity @s data merge value {"locators":{},"cameras":{"camera":{"posx":-4.754207159054099,"posy":1.375,"posz":3.867657380412482,"roty":244.86000000000004,"rotx":0}}}