# This file was generated by Animated Java via MC-Build. It is not recommended to edit this file directly.
$data merge entity $(bone_left_eye) { transformation: [-0.9582458823809351f,-0.28246566663228057f,-0.044474442930342306f,-2.939770234907582f,-0.28558070307617256f,0.9532307724679762f,0.09896846189885179f,1.7279649986162189f,0.014439215023742458f,0.10753716378111741f,-0.9940962063479627f,2.154428982323645f,0f,0f,0f,1f], start_interpolation: 0, interpolation_duration: 1 }
$data merge entity $(bone_right_eye) { transformation: [-0.9582458823809351f,-0.28246566663228057f,-0.044474442930342306f,-3.179331705502816f,-0.28558070307617256f,0.9532307724679762f,0.09896846189885179f,1.6565698228471757f,0.014439215023742458f,0.10753716378111741f,-0.9940962063479627f,2.1580387860795804f,0f,0f,0f,1f], start_interpolation: 0, interpolation_duration: 1 }
$data merge entity $(bone_right_close) { transformation: [-0.9582458823809351f,-0.28246566663228057f,-0.044474442930342306f,-3.196985809667334f,-0.28558070307617256f,0.9532307724679762f,0.09896846189885179f,1.7161467461264241f,0.014439215023742458f,0.10753716378111741f,-0.9940962063479627f,2.1647598588159003f,0f,0f,0f,1f], start_interpolation: 0, interpolation_duration: 1 }
$data merge entity $(bone_left_close) { transformation: [-0.9582458823809351f,-0.28246566663228057f,-0.044474442930342306f,-2.9574243390721f,-0.28558070307617256f,0.9532307724679762f,0.09896846189885179f,1.7875419218954673f,0.014439215023742458f,0.10753716378111741f,-0.9940962063479627f,2.1611500550599647f,0f,0f,0f,1f], start_interpolation: 0, interpolation_duration: 1 }
$data merge entity $(bone_left_eyebrow) { transformation: [-0.9582458823809351f,-0.28246566663228057f,-0.044474442930342306f,-2.9503599177536097f,-0.28558070307617256f,0.9532307724679762f,0.09896846189885179f,1.7637049670548994f,0.014439215023742458f,0.10753716378111741f,-0.9940962063479627f,2.1585237569783335f,0f,0f,0f,1f], start_interpolation: 0, interpolation_duration: 1 }
$data merge entity $(bone_right_eyebrow) { transformation: [-0.9582458823809351f,-0.28246566663228057f,-0.044474442930342306f,-3.1899213883488433f,-0.28558070307617256f,0.9532307724679762f,0.09896846189885179f,1.6923097912858562f,0.014439215023742458f,0.10753716378111741f,-0.9940962063479627f,2.162133560734269f,0f,0f,0f,1f], start_interpolation: 0, interpolation_duration: 1 }
$data merge entity $(bone_talking) { transformation: [-0.9582458823809351f,-0.28246566663228057f,-0.044474442930342306f,-3.002832816962861f,-0.28558070307617256f,0.9532307724679762f,0.09896846189885179f,1.4848873619580945f,0.014439215023742458f,0.10753716378111741f,-0.9940962063479627f,1.818694528772595f,0f,0f,0f,1f], start_interpolation: 0, interpolation_duration: 1 }
$data merge entity $(bone_m_opened) { transformation: [-0.9582458823809351f,-0.28246566663228057f,-0.044474442930342306f,-3.002832816962861f,-0.28558070307617256f,0.9532307724679762f,0.09896846189885179f,1.4848873619580945f,0.014439215023742458f,0.10753716378111741f,-0.9940962063479627f,1.818694528772595f,0f,0f,0f,1f], start_interpolation: 0, interpolation_duration: 1 }
$data merge entity $(bone_head) { transformation: [-0.9582458823809351f,-0.28246566663228057f,-0.044474442930342306f,-3.0000531642797146f,-0.28558070307617256f,0.9532307724679762f,0.09896846189885179f,1.4787018330894162f,0.014439215023742458f,0.10753716378111741f,-0.9940962063479627f,1.8808255416693427f,0f,0f,0f,1f], start_interpolation: 0, interpolation_duration: 1 }
$data merge entity $(item_display_r_item) { transformation: [-0.21466158799225163f,-0.10385867449320607f,0.3667969852291033f,-3.720006085277724f,-0.0555140561076492f,0.4249797448143773f,0.08784449938376072f,1.2397014851914427f,-0.3771536055974032f,-0.0034412541349087594f,-0.2216970129588068f,2.039720871889302f,0f,0f,0f,1f], start_interpolation: 0, interpolation_duration: 1 }
$data merge entity $(bone_rightarm) { transformation: [-0.4906550582680037f,0.8383931090950933f,0.2373912559844712f,-3.181173438594261f,-0.12688927110319817f,0.2007874271628819f,-0.9713822738614338f,1.3044822350519043f,-0.8620653842226359f,-0.5067360296201299f,0.007865723736934194f,1.7235024611102794f,0f,0f,0f,1f], start_interpolation: 0, interpolation_duration: 1 }
$data merge entity $(item_display_l_item) { transformation: [0.02058221564766968f,0.21723334055995966f,-0.3791995492457678f,-2.120505808299267f,0.004867013970932174f,0.37948239050310434f,0.21765954487009334f,1.215979280609135f,0.43698848334257007f,-0.014458251872549156f,0.015436138725418262f,1.9886837172062062f,0f,0f,0f,1f], start_interpolation: 0, interpolation_duration: 1 }
$data merge entity $(bone_leftarm) { transformation: [0.047045064337530695f,-0.8667418268474691f,-0.49653334985133657f,-2.7242861188103524f,0.011124603362130683f,0.49750753113164214f,-0.8673883211499527f,1.4184979474226673f,0.9988308190687316f,0.03528260280095602f,0.03304743285154094f,2.0148662730632463f,0f,0f,0f,1f], start_interpolation: 0, interpolation_duration: 1 }
$data merge entity $(bone_body) { transformation: [-0.7842686358777039f,-0.237391255984471f,0.5732085993428927f,-2.8210005325318406f,-0.19642888402966785f,0.9713822738614338f,0.1335371541805864f,0.75f,-0.588505225378148f,-0.007865723736934324f,-0.8084551503285197f,1.835874467468159f,0f,0f,0f,1f], start_interpolation: 0, interpolation_duration: 1 }
$data merge entity $(bone_leftleg) { transformation: [-0.13413843329266584f,0.19571835845547914f,0.9714428469432884f,-2.7992945103234743f,0.10672049747688973f,0.9774540083813107f,-0.18219329547926238f,0.7916666666666665f,-0.9851992773708647f,0.0792337406841378f,-0.15200130987963426f,1.958975436594685f,0f,0f,0f,1f], start_interpolation: 0, interpolation_duration: 1 }
$data merge entity $(bone_rightleg) { transformation: [0.048300747981703196f,-0.26105672806289404f,0.9641143202325666f,-2.842706554740207f,-0.325968672486368f,0.9082733250097591f,0.26226702353363357f,0.9086805555555553f,-0.9441458903696412f,-0.3269387584989163f,-0.041226034120496385f,1.7127734983416332f,0f,0f,0f,1f], start_interpolation: 0, interpolation_duration: 1 }
data modify entity @s data merge value {"locators":{},"cameras":{"camera":{"posx":-4.763957725947523,"posy":1.375,"posz":3.8385568513119526,"roty":245.02625,"rotx":0}}}