# This file was generated by Animated Java via MC-Build. It is not recommended to edit this file directly.
$data merge entity $(bone_left_eye) { transformation: [0.08350611460619844f,-0.12059043899851168f,0.9891838427944133f,-1.1384186291796428f,0.06027026650282583f,0.9914448669355741f,0.1157781102056003f,1.7106690720560334f,-0.9946829765302382f,0.04995019368579074f,0.0900597265801823f,1.912608551498654f,0f,0f,0f,1f], start_interpolation: 0, interpolation_duration: 1 }
$data merge entity $(bone_right_eye) { transformation: [0.08350611460619844f,-0.12059043899851168f,0.9891838427944133f,-1.1175421005280932f,0.06027026650282583f,0.9914448669355741f,0.1157781102056003f,1.7257366386817399f,-0.9946829765302382f,0.04995019368579074f,0.0900597265801823f,1.6639378073660942f,0f,0f,0f,1f], start_interpolation: 0, interpolation_duration: 1 }
$data merge entity $(bone_right_close) { transformation: [0.08350611460619844f,-0.12059043899851168f,0.9891838427944133f,-1.1250790029655002f,0.06027026650282583f,0.9914448669355741f,0.1157781102056003f,1.7877019428652132f,-0.9946829765302382f,0.04995019368579074f,0.0900597265801823f,1.6670596944714562f,0f,0f,0f,1f], start_interpolation: 0, interpolation_duration: 1 }
$data merge entity $(bone_left_close) { transformation: [0.08350611460619844f,-0.12059043899851168f,0.9891838427944133f,-1.1459555316170498f,0.06027026650282583f,0.9914448669355741f,0.1157781102056003f,1.7726343762395067f,-0.9946829765302382f,0.04995019368579074f,0.0900597265801823f,1.915730438604016f,0f,0f,0f,1f], start_interpolation: 0, interpolation_duration: 1 }
$data merge entity $(bone_left_eyebrow) { transformation: [0.08350611460619844f,-0.12059043899851168f,0.9891838427944133f,-1.1430025946322617f,0.06027026650282583f,0.9914448669355741f,0.1157781102056003f,1.7478410184342297f,-0.9946829765302382f,0.04995019368579074f,0.0900597265801823f,1.9144760550289597f,0f,0f,0f,1f], start_interpolation: 0, interpolation_duration: 1 }
$data merge entity $(bone_right_eyebrow) { transformation: [0.08350611460619844f,-0.12059043899851168f,0.9891838427944133f,-1.1221260659807122f,0.06027026650282583f,0.9914448669355741f,0.1157781102056003f,1.7629085850599362f,-0.9946829765302382f,0.04995019368579074f,0.0900597265801823f,1.6658053108964002f,0f,0f,0f,1f], start_interpolation: 0, interpolation_duration: 1 }
$data merge entity $(bone_talking) { transformation: [0.08350611460619844f,-0.12059043899851168f,0.9891838427944133f,-0.788712804230986f,0.06027026650282583f,0.9914448669355741f,0.1157781102056003f,1.5065222980742432f,-0.9946829765302382f,0.04995019368579074f,0.0900597265801823f,1.8039292955672335f,0f,0f,0f,1f], start_interpolation: 0, interpolation_duration: 1 }
$data merge entity $(bone_m_opened) { transformation: [0.08350611460619844f,-0.12059043899851168f,0.9891838427944133f,-0.788712804230986f,0.06027026650282583f,0.9914448669355741f,0.1157781102056003f,1.5065222980742432f,-0.9946829765302382f,0.04995019368579074f,0.0900597265801823f,1.8039292955672335f,0f,0f,0f,1f], start_interpolation: 0, interpolation_duration: 1 }
$data merge entity $(bone_head) { transformation: [0.08350611460619844f,-0.12059043899851168f,0.9891838427944133f,-0.8505367944056368f,0.06027026650282583f,0.9914448669355741f,0.1157781102056003f,1.4992861661863932f,-0.9946829765302382f,0.04995019368579074f,0.0900597265801823f,1.798300562655972f,0f,0f,0f,1f], start_interpolation: 0, interpolation_duration: 1 }
$data merge entity $(item_display_r_item) { transformation: [-0.10699724464373908f,-0.024440888642379716f,0.42350971960631395f,-1.5735934252910049f,0.0006089782232831418f,0.43676397202305983f,0.025359650789460335f,1.4005719190784405f,-0.4242139422321847f,0.006791590757002684f,-0.10678321736498667f,1.6610193372664188f,0f,0f,0f,1f], start_interpolation: 0, interpolation_duration: 1 }
$data merge entity $(bone_rightarm) { transformation: [-0.24456513061426077f,0.9680222162430033f,0.055864888325439566f,-0.9650879846187879f,0.0013919502246471814f,0.05796491609019527f,-0.9983176503384225f,1.374405138488661f,-0.9696318679592794f,-0.2440759254056838f,-0.015523636016006188f,1.5075016566368662f,0f,0f,0f,1f], start_interpolation: 0, interpolation_duration: 1 }
$data merge entity $(item_display_l_item) { transformation: [-0.16742400165972676f,-0.40312896835234757f,-0.02936815526068551f,-0.7991360371188695f,0f,-0.03178786219114205f,0.43634365105650036f,0.7419748192104771f,-0.4041972954736879f,0.16698148607701657f,0.012164688210854702f,2.1152572344629186f,0f,0f,0f,1f], start_interpolation: 0, interpolation_duration: 1 }
$data merge entity $(bone_leftarm) { transformation: [-0.3826834323650897f,-0.06712721202442423f,0.9214376419482231f,-0.7259108393906067f,0f,0.9973569167005722f,0.07265797072261061f,1.374405138488661f,-0.9238795325112866f,0.02780500162481083f,-0.3816719681760379f,2.0849263644564204f,0f,0f,0f,1f], start_interpolation: 0, interpolation_duration: 1 }
$data merge entity $(bone_body) { transformation: [-0.3826834323650897f,-0.04029905920751534f,0.9230002039112791f,-0.8203125000000002f,0f,0.9990482215818578f,0.043619387365336f,0.75f,-0.9238795325112866f,0.016692416874629207f,-0.3823192025331841f,1.78578125f,0f,0f,0f,1f], start_interpolation: 0, interpolation_duration: 1 }
$data merge entity $(bone_leftleg) { transformation: [-0.3826834323650897f,0.0805214068653804f,0.9203638919632242f,-0.772477070954364f,0f,0.9961946980917455f,-0.08715574274765818f,0.7633101851851852f,-0.9238795325112866f,-0.03335305878500261f,-0.38122720636965346f,1.9012661915639109f,0f,0f,0f,1f], start_interpolation: 0, interpolation_duration: 1 }
$data merge entity $(bone_rightleg) { transformation: [-0.3826834323650897f,-0.0805214068653804f,0.9203638919632242f,-0.8681479290456364f,0f,0.9961946980917455f,0.08715574274765818f,0.8125f,-0.9238795325112866f,0.03335305878500261f,-0.38122720636965346f,1.6702963084360893f,0f,0f,0f,1f], start_interpolation: 0, interpolation_duration: 1 }
$data merge entity $(text_display_text) { transformation: [-4.5769509808878667e-17f,0f,-2f,1.4374999999999998f,0f,2f,0f,2.613092188706945f,2f,0f,-4.5769509808878667e-17f,1.9375000000000002f,0f,0f,0f,1f], start_interpolation: 0, interpolation_duration: 1 }
data modify entity @s data merge value {"locators":{},"cameras":{"camera":{"posx":-3.9272644042968756,"posy":1.375,"posz":4.982910156249999,"roty":217.8125,"rotx":0}}}