# This file was generated by Animated Java via MC-Build. It is not recommended to edit this file directly.
$data merge entity $(bone_left_eye) { transformation: [-0.9585678918026501f,-0.27953192174384717f,-0.05485892389770913f,-2.980504346717718f,-0.284778213275235f,0.9450716620406426f,0.16043977951712018f,1.7065472379927729f,0.006997574493189107f,0.1694150475427995f,-0.985519951912331f,2.1877103204980135f,0f,0f,0f,1f], start_interpolation: 0, interpolation_duration: 1 }
$data merge entity $(bone_right_eye) { transformation: [-0.9585678918026501f,-0.27953192174384717f,-0.05485892389770913f,-3.220146319668381f,-0.284778213275235f,0.9450716620406426f,0.16043977951712018f,1.635352684673964f,0.006997574493189107f,0.1694150475427995f,-0.985519951912331f,2.1894597141213104f,0f,0f,0f,1f], start_interpolation: 0, interpolation_duration: 1 }
$data merge entity $(bone_right_close) { transformation: [-0.9585678918026501f,-0.27953192174384717f,-0.05485892389770913f,-3.237617064777371f,-0.284778213275235f,0.9450716620406426f,0.16043977951712018f,1.6944196635515043f,0.006997574493189107f,0.1694150475427995f,-0.985519951912331f,2.2000481545927353f,0f,0f,0f,1f], start_interpolation: 0, interpolation_duration: 1 }
$data merge entity $(bone_left_close) { transformation: [-0.9585678918026501f,-0.27953192174384717f,-0.05485892389770913f,-2.9979750918267083f,-0.284778213275235f,0.9450716620406426f,0.16043977951712018f,1.765614216870313f,0.006997574493189107f,0.1694150475427995f,-0.985519951912331f,2.1982987609694384f,0f,0f,0f,1f], start_interpolation: 0, interpolation_duration: 1 }
$data merge entity $(bone_left_eyebrow) { transformation: [-0.9585678918026501f,-0.27953192174384717f,-0.05485892389770913f,-2.990983365100369f,-0.284778213275235f,0.9450716620406426f,0.16043977951712018f,1.741977397833077f,0.006997574493189107f,0.1694150475427995f,-0.985519951912331f,2.194124979777863f,0f,0f,0f,1f], start_interpolation: 0, interpolation_duration: 1 }
$data merge entity $(bone_right_eyebrow) { transformation: [-0.9585678918026501f,-0.27953192174384717f,-0.05485892389770913f,-3.2306253380510315f,-0.284778213275235f,0.9450716620406426f,0.16043977951712018f,1.6707828445142683f,0.006997574493189107f,0.1694150475427995f,-0.985519951912331f,2.19587437340116f,0f,0f,0f,1f], start_interpolation: 0, interpolation_duration: 1 }
$data merge entity $(bone_talking) { transformation: [-0.9585678918026501f,-0.27953192174384717f,-0.05485892389770913f,-3.047585766475122f,-0.284778213275235f,0.9450716620406426f,0.16043977951712018f,1.4848194769223078f,0.006997574493189107f,0.1694150475427995f,-0.985519951912331f,1.8382562704513585f,0f,0f,0f,1f], start_interpolation: 0, interpolation_duration: 1 }
$data merge entity $(bone_m_opened) { transformation: [-0.9585678918026501f,-0.27953192174384717f,-0.05485892389770913f,-3.047585766475122f,-0.284778213275235f,0.9450716620406426f,0.16043977951712018f,1.4848194769223078f,0.006997574493189107f,0.1694150475427995f,-0.985519951912331f,1.8382562704513585f,0f,0f,0f,1f], start_interpolation: 0, interpolation_duration: 1 }
$data merge entity $(bone_head) { transformation: [-0.9585678918026501f,-0.27953192174384717f,-0.05485892389770913f,-3.044157083731515f,-0.284778213275235f,0.9450716620406426f,0.16043977951712018f,1.4747919907024878f,0.006997574493189107f,0.1694150475427995f,-0.985519951912331f,1.8998512674458792f,0f,0f,0f,1f], start_interpolation: 0, interpolation_duration: 1 }
$data merge entity $(item_display_r_item) { transformation: [-0.23643393633565538f,-0.10588859100816672f,0.3525519111324351f,-3.782789465051178f,-0.0399456092132114f,0.4239146630149255f,0.10053336155489667f,1.2156550018445453f,-0.3659365956739127f,0.02214079436802916f,-0.2387602210824491f,2.0938586324965938f,0f,0f,0f,1f], start_interpolation: 0, interpolation_duration: 1 }
$data merge entity $(bone_rightarm) { transformation: [-0.5404204259100694f,0.8058329397312802f,0.24203106516152412f,-3.2640169361465325f,-0.09130424963019748f,0.2297905406969069f,-0.9689478011769725f,1.2987148522065515f,-0.8364265043975148f,-0.545737648188455f,-0.05060752998406677f,1.7496096317548053f,0f,0f,0f,1f], start_interpolation: 0, interpolation_duration: 1 }
$data merge entity $(item_display_l_item) { transformation: [0.14263784148607644f,0.31348611271781585f,-0.269790943712471f,-2.2810148854261127f,0.027967820687459538f,0.2774204811709612f,0.3371378466337863f,1.0116965383017962f,0.41264815179785663f,-0.12716361020333267f,0.07040716623943773f,1.8338853762876475f,0f,0f,0f,1f], start_interpolation: 0, interpolation_duration: 1 }
$data merge entity $(bone_leftarm) { transformation: [0.32602935196817473f,-0.6166650141999336f,-0.7165396862121507f,-2.75599798007759f,0.0639264472856218f,0.7706007923057975f,-0.6341039569621969f,1.414059038872645f,0.9431957755379581f,0.1609306656901433f,0.29065968046476043f,1.9707995024020821f,0f,0f,0f,1f], start_interpolation: 0, interpolation_duration: 1 }
$data merge entity $(bone_body) { transformation: [-0.8514510146730494f,-0.242031065161524f,0.4652441650456377f,-2.8708070064369653f,-0.18709332203851908f,0.9689478011769725f,0.1616670883108282f,0.75f,-0.4899257683168192f,0.0506075299840667f,-0.8702939844949441f,1.7860679935630344f,0f,0f,0f,1f], start_interpolation: 0, interpolation_duration: 1 }
$data merge entity $(bone_leftleg) { transformation: [-0.13173507795517403f,0.1553103181971082f,0.9790426825719382f,-2.849100984228599f,0.09702753179136359f,0.9849277896369049f,-0.14318836291904768f,0.75f,-0.9865249755128452f,0.07613116485693612f,-0.14481891598443158f,1.9091689626895603f,0f,0f,0f,1f], start_interpolation: 0, interpolation_duration: 1 }
$data merge entity $(bone_rightleg) { transformation: [0.014584797713585784f,-0.2785620964674738f,0.9603074726811717f,-2.8925130286453316f,-0.20992436924825753f,0.9381517592147621f,0.2753235113061874f,0.8520833333333331f,-0.9776088393991612f,-0.20560747820517816f,-0.04479421876461474f,1.6629670244365085f,0f,0f,0f,1f], start_interpolation: 0, interpolation_duration: 1 }
data modify entity @s data merge value {"locators":{},"cameras":{"camera":{"posx":-4.773308430515064,"posy":1.375,"posz":3.8144571320591725,"roty":245,"rotx":0}}}
execute on vehicle unless entity @s[tag=aj.transforms_only] at @s run function animated_java:humanentity/animations/000_mur_2/zzz/frames/zzz/6