# This file was generated by Animated Java via MC-Build. It is not recommended to edit this file directly.
$data merge entity $(bone_left_eye) { transformation: [-0.9574131146456013f,-0.287094099572943f,0.030612185400741565f,-3.0475075905487814f,-0.27827472181248103f,0.945832604598373f,0.16722399133749993f,1.705756926401522f,-0.0769630242700649f,0.1515838450134414f,-0.985443570594555f,2.1393800732655013f,0f,0f,0f,1f], start_interpolation: 0, interpolation_duration: 1 }
$data merge entity $(bone_right_eye) { transformation: [-0.9574131146456013f,-0.287094099572943f,0.030612185400741565f,-3.2868608692101815f,-0.27827472181248103f,0.945832604598373f,0.16722399133749993f,1.6361882459484016f,-0.0769630242700649f,0.1515838450134414f,-0.985443570594555f,2.120139317197985f,0f,0f,0f,1f], start_interpolation: 0, interpolation_duration: 1 }
$data merge entity $(bone_right_close) { transformation: [-0.9574131146456013f,-0.287094099572943f,0.030612185400741565f,-3.3048042504334902f,-0.27827472181248103f,0.945832604598373f,0.16722399133749993f,1.6953027837358f,-0.0769630242700649f,0.1515838450134414f,-0.985443570594555f,2.1296133075113253f,0f,0f,0f,1f], start_interpolation: 0, interpolation_duration: 1 }
$data merge entity $(bone_left_close) { transformation: [-0.9574131146456013f,-0.287094099572943f,0.030612185400741565f,-3.06545097177209f,-0.27827472181248103f,0.945832604598373f,0.16722399133749993f,1.7648714641889203f,-0.0769630242700649f,0.1515838450134414f,-0.985443570594555f,2.1488540635788413f,0f,0f,0f,1f], start_interpolation: 0, interpolation_duration: 1 }
$data merge entity $(bone_left_eyebrow) { transformation: [-0.9574131146456013f,-0.287094099572943f,0.030612185400741565f,-3.058275532544354f,-0.27827472181248103f,0.945832604598373f,0.16722399133749993f,1.7412151975745025f,-0.0769630242700649f,0.1515838450134414f,-0.985443570594555f,2.1451260576766678f,0f,0f,0f,1f], start_interpolation: 0, interpolation_duration: 1 }
$data merge entity $(bone_right_eyebrow) { transformation: [-0.9574131146456013f,-0.287094099572943f,0.030612185400741565f,-3.2976288112057546f,-0.27827472181248103f,0.945832604598373f,0.16722399133749993f,1.6716465171213821f,-0.0769630242700649f,0.1515838450134414f,-0.985443570594555f,2.1258853016091517f,0f,0f,0f,1f], start_interpolation: 0, interpolation_duration: 1 }
$data merge entity $(bone_talking) { transformation: [-0.9574131146456013f,-0.287094099572943f,0.030612185400741565f,-3.085844397048514f,-0.27827472181248103f,0.945832604598373f,0.16722399133749993f,1.4867719323183373f,-0.0769630242700649f,0.1515838450134414f,-0.985443570594555f,1.7839126181675846f,0f,0f,0f,1f], start_interpolation: 0, interpolation_duration: 1 }
$data merge entity $(bone_m_opened) { transformation: [-0.9574131146456013f,-0.287094099572943f,0.030612185400741565f,-3.085844397048514f,-0.27827472181248103f,0.945832604598373f,0.16722399133749993f,1.4867719323183373f,-0.0769630242700649f,0.1515838450134414f,-0.985443570594555f,1.7839126181675846f,0f,0f,0f,1f], start_interpolation: 0, interpolation_duration: 1 }
$data merge entity $(bone_head) { transformation: [-0.9574131146456013f,-0.287094099572943f,0.030612185400741565f,-3.08775765863606f,-0.27827472181248103f,0.945832604598373f,0.16722399133749993f,1.4763204328597435f,-0.0769630242700649f,0.1515838450134414f,-0.985443570594555f,1.8455028413297443f,0f,0f,0f,1f], start_interpolation: 0, interpolation_duration: 1 }
$data merge entity $(item_display_r_item) { transformation: [-0.25467140627519325f,-0.10135361497012975f,0.34099291716735414f,-3.800575203316856f,-0.049432889344703815f,0.42538133271478784f,0.08951737947921196f,1.2348976612931502f,-0.3522855578601679f,0.013580004060295888f,-0.2590689468324457f,2.053460919513959f,0f,0f,0f,1f], start_interpolation: 0, interpolation_duration: 1 }
$data merge entity $(bone_rightarm) { transformation: [-0.582106071486156f,0.7794123820968095f,0.231665405646011f,-3.2989633766534743f,-0.112989461359323f,0.20461115309534184f,-0.9723001890623723f,1.3020108701613406f,-0.8052241322518123f,-0.5921575927598759f,-0.031040009280676448f,1.6814224234589943f,0f,0f,0f,1f], start_interpolation: 0, interpolation_duration: 1 }
$data merge entity $(item_display_l_item) { transformation: [0.15813663179221488f,0.36420986338826183f,-0.18371235967162683f,-2.438796600514588f,0.0465480382145817f,0.17963545470642692f,0.396195196274247f,0.8985225464997216f,0.4052558893141312f,-0.16275296870754458f,0.026179865413972377f,1.850998874618697f,0f,0f,0f,1f], start_interpolation: 0, interpolation_duration: 1 }
$data merge entity $(bone_leftarm) { transformation: [0.36145515838220543f,-0.41991396496371824f,-0.8324796877445986f,-2.8053027895849865f,0.10639551591904388f,0.9055890200554217f,-0.41059532504326135f,1.4131912684039525f,0.9262991755751571f,0.059839692374793925f,0.37200678561724476f,1.9348995305550987f,0f,0f,0f,1f], start_interpolation: 0, interpolation_duration: 1 }
$data merge entity $(bone_body) { transformation: [-0.8196446568363565f,-0.23651919942612284f,0.5217674815685978f,-2.913617245205021f,-0.18020025521129668f,0.9710059018406756f,0.15708407498011975f,0.75f,-0.5437927036485454f,0.03473048939191989f,-0.8385006192992361f,1.7432577547949784f,0f,0f,0f,1f], start_interpolation: 0, interpolation_duration: 1 }
$data merge entity $(bone_leftleg) { transformation: [-0.12931441255861884f,0.11460778061664097f,0.9849582931915173f,-2.891911222996655f,0.08732679934458236f,0.9907552731507855f,-0.10381723768307169f,0.75f,-0.9877508860137004f,0.07258819012787303f,-0.1381272667980851f,1.8663587239215043f,0f,0f,0f,1f], start_interpolation: 0, interpolation_duration: 1 }
$data merge entity $(bone_rightleg) { transformation: [-0.015493577177561807f,-0.2780736203738225f,0.9604348029504335f,-2.9353232674133873f,-0.0985331679711596f,0.9562993327624995f,0.27528676133727453f,0.8125f,-0.9950131475894225f,-0.09036950708172253f,-0.042215972261649f,1.6201567856684524f,0f,0f,0f,1f], start_interpolation: 0, interpolation_duration: 1 }
data modify entity @s data merge value {"locators":{},"cameras":{"camera":{"posx":-4.782566002591514,"posy":1.375,"posz":3.796653979051938,"roty":244.82344102178817,"rotx":0}}}