# This file was generated by Animated Java via MC-Build. It is not recommended to edit this file directly.
$data merge entity $(bone_left_eye) { transformation: [-0.9497785558580552f,-0.29209854788361433f,0.11224586030883776f,-3.0914274689682038f,-0.2709015021988774f,0.9470625785628799f,0.17229291451542772f,1.7059258187825288f,-0.15663036403768893f,0.13323254335976872f,-0.9786296635864395f,2.1083650444857756f,0f,0f,0f,1f], start_interpolation: 0, interpolation_duration: 1 }
$data merge entity $(bone_right_eye) { transformation: [-0.9497785558580552f,-0.29209854788361433f,0.11224586030883776f,-3.328872107932718f,-0.2709015021988774f,0.9470625785628799f,0.17229291451542772f,1.6382004432328097f,-0.15663036403768893f,0.13323254335976872f,-0.9786296635864395f,2.0692074534763534f,0f,0f,0f,1f], start_interpolation: 0, interpolation_duration: 1 }
$data merge entity $(bone_right_close) { transformation: [-0.9497785558580552f,-0.29209854788361433f,0.11224586030883776f,-3.3471282671754436f,-0.2709015021988774f,0.9470625785628799f,0.17229291451542772f,1.6973918543929896f,-0.15663036403768893f,0.13323254335976872f,-0.9786296635864395f,2.077534487436339f,0f,0f,0f,1f], start_interpolation: 0, interpolation_duration: 1 }
$data merge entity $(bone_left_close) { transformation: [-0.9497785558580552f,-0.29209854788361433f,0.11224586030883776f,-3.1096836282109295f,-0.2709015021988774f,0.9470625785628799f,0.17229291451542772f,1.7651172299427087f,-0.15663036403768893f,0.13323254335976872f,-0.9786296635864395f,2.116692078445761f,0f,0f,0f,1f], start_interpolation: 0, interpolation_duration: 1 }
$data merge entity $(bone_left_eyebrow) { transformation: [-0.9497785558580552f,-0.29209854788361433f,0.11224586030883776f,-3.102388179880109f,-0.2709015021988774f,0.9470625785628799f,0.17229291451542772f,1.7414298971714797f,-0.15663036403768893f,0.13323254335976872f,-0.9786296635864395f,2.1134224292157406f,0f,0f,0f,1f], start_interpolation: 0, interpolation_duration: 1 }
$data merge entity $(bone_right_eyebrow) { transformation: [-0.9497785558580552f,-0.29209854788361433f,0.11224586030883776f,-3.3398328188446227f,-0.2709015021988774f,0.9470625785628799f,0.17229291451542772f,1.6737045216217603f,-0.15663036403768893f,0.13323254335976872f,-0.9786296635864395f,2.0742648382063185f,0f,0f,0f,1f], start_interpolation: 0, interpolation_duration: 1 }
$data merge entity $(bone_talking) { transformation: [-0.9497785558580552f,-0.29209854788361433f,0.11224586030883776f,-3.1020483201330453f,-0.2709015021988774f,0.9470625785628799f,0.17229291451542772f,1.4891390221530203f,-0.15663036403768893f,0.13323254335976872f,-0.9786296635864395f,1.7496563432703598f,0f,0f,0f,1f], start_interpolation: 0, interpolation_duration: 1 }
$data merge entity $(bone_m_opened) { transformation: [-0.9497785558580552f,-0.29209854788361433f,0.11224586030883776f,-3.1020483201330453f,-0.2709015021988774f,0.9470625785628799f,0.17229291451542772f,1.4891390221530203f,-0.15663036403768893f,0.13323254335976872f,-0.9786296635864395f,1.7496563432703598f,0f,0f,0f,1f], start_interpolation: 0, interpolation_duration: 1 }
$data merge entity $(bone_head) { transformation: [-0.9497785558580552f,-0.29209854788361433f,0.11224586030883776f,-3.1090636864023478f,-0.2709015021988774f,0.9470625785628799f,0.17229291451542772f,1.478370714995806f,-0.15663036403768893f,0.13323254335976872f,-0.9786296635864395f,1.8108206972445122f,0f,0f,0f,1f], start_interpolation: 0, interpolation_duration: 1 }
$data merge entity $(item_display_r_item) { transformation: [-0.27256733070563344f,-0.09499280705541475f,0.3287699299506245f,-3.7945646860502236f,-0.05636618442683287f,0.4270286659650156f,0.07665260398250945f,1.258164244021785f,-0.33754429855230267f,0.0053976894938395055f,-0.2782821615967541f,2.031593354508917f,0f,0f,0f,1f], start_interpolation: 0, interpolation_duration: 1 }
$data merge entity $(bone_rightarm) { transformation: [-0.6230110416128765f,0.7514741256014275f,0.21712641612666245f,-3.311322956541415f,-0.128836992975618f,0.1752059519600218f,-0.9760655222057499f,1.3066638688589394f,-0.7715298252624061f,-0.6360735122211523f,-0.012337575985919011f,1.6332763108715767f,0f,0f,0f,1f], start_interpolation: 0, interpolation_duration: 1 }
$data merge entity $(item_display_l_item) { transformation: [0.13798298321080685f,0.37996282161736405f,-0.16731766354099378f,-2.4861763496117613f,0.044711324677961205f,0.1616912957608306f,0.40405825362282294f,0.8807713203421721f,0.4127563976364121f,-0.1445352173823203f,0.012164585749513306f,1.8595496079445806f,0f,0f,0f,1f], start_interpolation: 0, interpolation_duration: 1 }
$data merge entity $(bone_leftarm) { transformation: [0.31538967591041567f,-0.3824403738079856f,-0.868486449411118f,-2.833762389418142f,0.1021973135496256f,0.9235617225664525f,-0.36958010459618407f,1.4117998838716819f,0.9434431945975134f,0.02780476742745891f,0.33036621115958925f,1.918223363981691f,0f,0f,0f,1f], start_interpolation: 0, interpolation_duration: 1 }
$data merge entity $(bone_body) { transformation: [-0.7849156671251701f,-0.22647765663161226f,0.5767280698458351f,-2.9375f,-0.17014862427040117f,0.9738055020594903f,0.1508386217702673f,0.75f,-0.5957825451960965f,0.020266109772657862f,-0.8028900570030391f,1.7193749999999997f,0f,0f,0f,1f], start_interpolation: 0, interpolation_duration: 1 }
$data merge entity $(bone_leftleg) { transformation: [-0.1268764420397152f,0.07368121595771043f,0.9891781674048087f,-2.9157939777916337f,0.0776194190059692f,0.9949168990411666f,-0.06415286272244516f,0.75f,-0.9888769358461741f,0.06863994767846449f,-0.13195060944982057f,1.8424759691265256f,0f,0f,0f,1f], start_interpolation: 0, interpolation_duration: 1 }
$data merge entity $(bone_rightleg) { transformation: [-0.033645378584520685f,-0.2451169573168642f,0.9689095240194652f,-2.9592060222083663f,-0.022905318719957716f,0.9693928772920185f,0.24444385005526034f,0.8149305555555556f,-0.9991713240852347f,-0.013968775580701344f,-0.0382300723846368f,1.5962740308734737f,0f,0f,0f,1f], start_interpolation: 0, interpolation_duration: 1 }
data modify entity @s data merge value {"locators":{},"cameras":{"camera":{"posx":-4.792037172011662,"posy":1.375,"posz":3.786443148688046,"roty":244.51728024042075,"rotx":0}}}