# This file was generated by Animated Java via MC-Build. It is not recommended to edit this file directly.
$data merge entity $(bone_left_eye) { transformation: [-0.9533840241838513f,-0.2828614196370197f,0.10511098758900184f,-3.0874135954330146f,-0.2621934847506974f,0.9489279237379051f,0.17547185559158526f,1.7070219947677565f,-0.1493769693938501f,0.1397326476933655f,-0.9788571439098305f,2.1267735599057334f,0f,0f,0f,1f], start_interpolation: 0, interpolation_duration: 1 }
$data merge entity $(bone_right_eye) { transformation: [-0.9533840241838513f,-0.2828614196370197f,0.10511098758900184f,-3.3257596014789774f,-0.2621934847506974f,0.9489279237379051f,0.17547185559158526f,1.641473623580082f,-0.1493769693938501f,0.1397326476933655f,-0.9788571439098305f,2.089429317557271f,0f,0f,0f,1f], start_interpolation: 0, interpolation_duration: 1 }
$data merge entity $(bone_right_close) { transformation: [-0.9533840241838513f,-0.2828614196370197f,0.10511098758900184f,-3.3434384402062913f,-0.2621934847506974f,0.9489279237379051f,0.17547185559158526f,1.700781618813701f,-0.1493769693938501f,0.1397326476933655f,-0.9788571439098305f,2.0981626080381064f,0f,0f,0f,1f], start_interpolation: 0, interpolation_duration: 1 }
$data merge entity $(bone_left_close) { transformation: [-0.9533840241838513f,-0.2828614196370197f,0.10511098758900184f,-3.1050924341603285f,-0.2621934847506974f,0.9489279237379051f,0.17547185559158526f,1.7663299900013756f,-0.1493769693938501f,0.1397326476933655f,-0.9788571439098305f,2.1355068503865686f,0f,0f,0f,1f], start_interpolation: 0, interpolation_duration: 1 }
$data merge entity $(bone_left_eyebrow) { transformation: [-0.9533840241838513f,-0.2828614196370197f,0.10511098758900184f,-3.0980274681061273f,-0.2621934847506974f,0.9489279237379051f,0.17547185559158526f,1.7425958249169535f,-0.1493769693938501f,0.1397326476933655f,-0.9788571439098305f,2.1320747127657294f,0f,0f,0f,1f], start_interpolation: 0, interpolation_duration: 1 }
$data merge entity $(bone_right_eyebrow) { transformation: [-0.9533840241838513f,-0.2828614196370197f,0.10511098758900184f,-3.33637347415209f,-0.2621934847506974f,0.9489279237379051f,0.17547185559158526f,1.677047453729279f,-0.1493769693938501f,0.1397326476933655f,-0.9788571439098305f,2.0947304704172667f,0f,0f,0f,1f], start_interpolation: 0, interpolation_duration: 1 }
$data merge entity $(bone_talking) { transformation: [-0.9533840241838513f,-0.2828614196370197f,0.10511098758900184f,-3.103024059925178f,-0.2621934847506974f,0.9489279237379051f,0.17547185559158526f,1.4918507831118133f,-0.1493769693938501f,0.1397326476933655f,-0.9788571439098305f,1.767275419336339f,0f,0f,0f,1f], start_interpolation: 0, interpolation_duration: 1 }
$data merge entity $(bone_m_opened) { transformation: [-0.9533840241838513f,-0.2828614196370197f,0.10511098758900184f,-3.103024059925178f,-0.2621934847506974f,0.9489279237379051f,0.17547185559158526f,1.4918507831118133f,-0.1493769693938501f,0.1397326476933655f,-0.9788571439098305f,1.767275419336339f,0f,0f,0f,1f], start_interpolation: 0, interpolation_duration: 1 }
$data merge entity $(bone_head) { transformation: [-0.9533840241838513f,-0.2828614196370197f,0.10511098758900184f,-3.1095934966494907f,-0.2621934847506974f,0.9489279237379051f,0.17547185559158526f,1.4808837921373392f,-0.1493769693938501f,0.1397326476933655f,-0.9788571439098305f,1.8284539908307034f,0f,0f,0f,1f], start_interpolation: 0, interpolation_duration: 1 }
$data merge entity $(item_display_r_item) { transformation: [-0.31712151831758817f,-0.08674109684251043f,0.28864541350679007f,-3.743245499427533f,-0.060444416008125244f,0.42878110274506326f,0.06244588458949247f,1.284624889847379f,-0.29527388166477625f,0.005384983499115358f,-0.32278566690503785f,2.1173017469365725f,0f,0f,0f,1f], start_interpolation: 0, interpolation_duration: 1 }
$data merge entity $(bone_rightarm) { transformation: [-0.7248491847259158f,0.6597609451583772f,0.19826536421145258f,-3.3185033234403316f,-0.13815866516142913f,0.14273345049026873f,-0.980071091988716f,1.3125788531545024f,-0.6749117295194885f,-0.7377958100686579f,-0.01230853371226384f,1.6554100822866449f,0f,0f,0f,1f], start_interpolation: 0, interpolation_duration: 1 }
$data merge entity $(item_display_l_item) { transformation: [0.1525461399788049f,0.38175589725455444f,-0.14966081681234097f,-2.5101423320974354f,0.0421001352135001f,0.14425633853088718f,0.4108819020213315f,0.864108096046815f,0.40787682428960337f,-0.15766671717592243f,0.013562909068330931f,1.8651224810573148f,0f,0f,0f,1f], start_interpolation: 0, interpolation_duration: 1 }
$data merge entity $(bone_leftarm) { transformation: [0.3486768913801255f,-0.34208186699963633f,-0.8725849080104102f,-2.8330166124735094f,0.09622888048800024f,0.9391586331916151f,-0.3297287737848848f,1.409866145068464f,0.932289884090522f,0.031000935013327763f,0.36038106783067986f,1.9295456989194797f,0f,0f,0f,1f], start_interpolation: 0, interpolation_duration: 1 }
$data merge entity $(bone_body) { transformation: [-0.8007855726777486f,-0.21056748146598217f,0.5607172213694201f,-2.951657428019067f,-0.15711009716386531f,0.9772307835276097f,0.14260579614859575f,0.75f,-0.5779782729137236f,0.02610232700521736f,-0.8156345900981529f,1.7326135342556803f,0f,0f,0f,1f], start_interpolation: 0, interpolation_duration: 1 }
$data merge entity $(bone_leftleg) { transformation: [-0.21022345028797576f,0.038083600494868794f,0.9769113267448413f,-2.919305047381252f,0.06790651031808506f,0.9973964654243762f,-0.024269252468525015f,0.75f,-0.975292164843663f,0.06123667309960942f,-0.21226225067649873f,1.8533542625418138f,0f,0f,0f,1f], start_interpolation: 0, interpolation_duration: 1 }
$data merge entity $(bone_rightleg) { transformation: [-0.12772341619463015f,-0.07155585724315383f,0.9892251959234412f,-2.984009808656882f,0.012245560285809799f,0.9972042304450892f,0.07371410337041422f,0.8343749999999999f,-0.991734226095308f,0.02152863387711591f,-0.12649008939251016f,1.6118728059695469f,0f,0f,0f,1f], start_interpolation: 0, interpolation_duration: 1 }
data modify entity @s data merge value {"locators":{},"cameras":{"camera":{"posx":-4.802028668610302,"posy":1.375,"posz":3.785120397365295,"roty":244.07588279489107,"rotx":0}}}
execute on vehicle unless entity @s[tag=aj.transforms_only] at @s run function animated_java:humanentity/animations/000_mur_2/zzz/frames/zzz/7