# This file was generated by Animated Java via MC-Build. It is not recommended to edit this file directly.
$data merge entity $(bone_left_eye) { transformation: [-0.9578340110070988f,-0.2710284124712658f,0.09538137654363354f,-3.122791224951093f,-0.25167278863401327f,0.9515691104007385f,0.17657020018204186f,1.7089738552790947f,-0.13861751267149558f,0.1451200460462044f,-0.9796557341312894f,2.1798336109552867f,0f,0f,0f,1f], start_interpolation: 0, interpolation_duration: 1 }
$data merge entity $(bone_right_eye) { transformation: [-0.9578340110070988f,-0.2710284124712658f,0.09538137654363354f,-3.3622497277028676f,-0.25167278863401327f,0.9515691104007385f,0.17657020018204186f,1.6460556581205916f,-0.13861751267149558f,0.1451200460462044f,-0.9796557341312894f,2.145179232787413f,0f,0f,0f,1f], start_interpolation: 0, interpolation_duration: 1 }
$data merge entity $(bone_right_close) { transformation: [-0.9578340110070988f,-0.2710284124712658f,0.09538137654363354f,-3.3791890034823218f,-0.25167278863401327f,0.9515691104007385f,0.17657020018204186f,1.7055287275206377f,-0.13861751267149558f,0.1451200460462044f,-0.9796557341312894f,2.1542492356653007f,0f,0f,0f,1f], start_interpolation: 0, interpolation_duration: 1 }
$data merge entity $(bone_left_close) { transformation: [-0.9578340110070988f,-0.2710284124712658f,0.09538137654363354f,-3.1397305007305474f,-0.25167278863401327f,0.9515691104007385f,0.17657020018204186f,1.7684469246791408f,-0.13861751267149558f,0.1451200460462044f,-0.9796557341312894f,2.1889036138331743f,0f,0f,0f,1f], start_interpolation: 0, interpolation_duration: 1 }
$data merge entity $(bone_left_eyebrow) { transformation: [-0.9578340110070988f,-0.2710284124712658f,0.09538137654363354f,-3.1329607517547995f,-0.25167278863401327f,0.9515691104007385f,0.17657020018204186f,1.7446466612816112f,-0.13861751267149558f,0.1451200460462044f,-0.9796557341312894f,2.1853368411654026f,0f,0f,0f,1f], start_interpolation: 0, interpolation_duration: 1 }
$data merge entity $(bone_right_eyebrow) { transformation: [-0.9578340110070988f,-0.2710284124712658f,0.09538137654363354f,-3.3724192545065743f,-0.25167278863401327f,0.9515691104007385f,0.17657020018204186f,1.6817284641231078f,-0.13861751267149558f,0.1451200460462044f,-0.9796557341312894f,2.1506824629975285f,0f,0f,0f,1f], start_interpolation: 0, interpolation_duration: 1 }
$data merge entity $(bone_talking) { transformation: [-0.9578340110070988f,-0.2710284124712658f,0.09538137654363354f,-3.1449566930392785f,-0.25167278863401327f,0.9515691104007385f,0.17657020018204186f,1.4948006666565465f,-0.13861751267149558f,0.1451200460462044f,-0.9796557341312894f,1.820083993443771f,0f,0f,0f,1f], start_interpolation: 0, interpolation_duration: 1 }
$data merge entity $(bone_m_opened) { transformation: [-0.9578340110070988f,-0.2710284124712658f,0.09538137654363354f,-3.1449566930392785f,-0.25167278863401327f,0.9515691104007385f,0.17657020018204186f,1.4948006666565465f,-0.13861751267149558f,0.1451200460462044f,-0.9796557341312894f,1.820083993443771f,0f,0f,0f,1f], start_interpolation: 0, interpolation_duration: 1 }
$data merge entity $(bone_head) { transformation: [-0.9578340110070988f,-0.2710284124712658f,0.09538137654363354f,-3.1509180290732557f,-0.25167278863401327f,0.9515691104007385f,0.17657020018204186f,1.483765029145169f,-0.13861751267149558f,0.1451200460462044f,-0.9796557341312894f,1.8813124768269764f,0f,0f,0f,1f], start_interpolation: 0, interpolation_duration: 1 }
$data merge entity $(item_display_r_item) { transformation: [-0.35580203958312523f,-0.07750508674938703f,0.24249560853025406f,-3.7244452497649476f,-0.06144919670140818f,0.43055625798524855f,0.047450552520405295f,1.3133453197568565f,-0.24705293937381087f,0.004529926898978637f,-0.3610409601541772f,2.229501739510602f,0f,0f,0f,1f], start_interpolation: 0, interpolation_duration: 1 }
$data merge entity $(bone_rightarm) { transformation: [-0.8132618047614291f,0.5542756766405806f,0.17715448399859904f,-3.366950796614672f,-0.14045530674607584f,0.10845840576092661f,-0.9841285896805682f,1.3196237865024f,-0.5646924328544248f,-0.825236480352405f,-0.010354118626237068f,1.713081806876209f,0f,0f,0f,1f], start_interpolation: 0, interpolation_duration: 1 }
$data merge entity $(item_display_l_item) { transformation: [0.16605177199884155f,0.3825605444486034f,-0.13221379976096628f,-2.5753547986392307f,0.03887714744680827f,0.12717219088382117f,0.41679977359903647f,0.8482563125534369f,0.40289158147378057f,-0.16994385454319053f,0.014272697031711586f,1.9071144129978133f,0f,0f,0f,1f], start_interpolation: 0, interpolation_duration: 1 }
$data merge entity $(bone_leftarm) { transformation: [0.37954690742592356f,-0.3022029708822085f,-0.8744241015968078f,-2.873534668140212f,0.08886205130699033f,0.9526851967977978f,-0.2906792934487339f,1.407349648870969f,0.9208950433686414f,0.032623307501054966f,0.3884430960987212f,1.9760593671983129f,0f,0f,0f,1f], start_interpolation: 0, interpolation_duration: 1 }
$data merge entity $(bone_body) { transformation: [-0.8166723564084706f,-0.19091789722857425f,0.5446068479151319f,-3.00942109375f,-0.14128135294518934f,0.9811187617209556f,0.13208162139039487f,0.75f,-0.5595407416696419f,0.030924616682480408f,-0.8282257098731173f,1.7818749999999994f,0f,0f,0f,1f], start_interpolation: 0, interpolation_duration: 1 }
$data merge entity $(bone_leftleg) { transformation: [-0.29215163231104563f,0.0019324661257871974f,0.9563700587704866f,-2.966668575834291f,0.05818919334444118f,0.9981811870690618f,0.0157586661656974f,0.75f,-0.95460014745228f,0.060254322301983756f,-0.2917327117894286f,1.899336577598238f,0f,0f,0f,1f], start_interpolation: 0, interpolation_duration: 1 }
$data merge entity $(bone_rightleg) { transformation: [-0.21021099206611005f,0.15984677181208384f,0.9645000509879911f,-3.0521736116657086f,-0.005335202616242945f,0.9863410836278084f,-0.16462928767678098f,0.840625f,-0.9776414856314278f,-0.03975268908107074f,-0.20648692278979378f,1.6644134224017608f,0f,0f,0f,1f], start_interpolation: 0, interpolation_duration: 1 }
data modify entity @s data merge value {"locators":{},"cameras":{"camera":{"posx":-4.812847222222223,"posy":1.375,"posz":3.7939814814814814,"roty":243.49361382419235,"rotx":0}}}