# This file was generated by Animated Java via MC-Build. It is not recommended to edit this file directly.
$data merge entity $(bone_left_eye) { transformation: [-0.9630239241805117f,-0.256166972607543f,0.08344701073767608f,-3.1697381142764844f,-0.23885652160337104f,0.9550832248791276f,0.17539554054201134f,1.7116647816445991f,-0.12462938475137347f,0.14897823901352933f,-0.9809551471687792f,2.231001787463769f,0f,0f,0f,1f], start_interpolation: 0, interpolation_duration: 1 }
$data merge entity $(bone_right_eye) { transformation: [-0.9630239241805117f,-0.256166972607543f,0.08344701073767608f,-3.4104940953216123f,-0.23885652160337104f,0.9550832248791276f,0.17539554054201134f,1.6519506512437565f,-0.12462938475137347f,0.14897823901352933f,-0.9809551471687792f,2.1998444412759257f,0f,0f,0f,1f], start_interpolation: 0, interpolation_duration: 1 }
$data merge entity $(bone_right_close) { transformation: [-0.9630239241805117f,-0.256166972607543f,0.08344701073767608f,-3.426504531109584f,-0.23885652160337104f,0.9550832248791276f,0.17539554054201134f,1.711643352798702f,-0.12462938475137347f,0.14897823901352933f,-0.9809551471687792f,2.2091555812142714f,0f,0f,0f,1f], start_interpolation: 0, interpolation_duration: 1 }
$data merge entity $(bone_left_close) { transformation: [-0.9630239241805117f,-0.256166972607543f,0.08344701073767608f,-3.185748550064456f,-0.23885652160337104f,0.9550832248791276f,0.17539554054201134f,1.7713574831995447f,-0.12462938475137347f,0.14897823901352933f,-0.9809551471687792f,2.2403129274021145f,0f,0f,0f,1f], start_interpolation: 0, interpolation_duration: 1 }
$data merge entity $(bone_left_eyebrow) { transformation: [-0.9630239241805117f,-0.256166972607543f,0.08344701073767608f,-3.1793495911874388f,-0.23885652160337104f,0.9550832248791276f,0.17539554054201134f,1.7474694403562827f,-0.12462938475137347f,0.14897823901352933f,-0.9809551471687792f,2.2366497811234742f,0f,0f,0f,1f], start_interpolation: 0, interpolation_duration: 1 }
$data merge entity $(bone_right_eyebrow) { transformation: [-0.9630239241805117f,-0.256166972607543f,0.08344701073767608f,-3.4201055722325666f,-0.23885652160337104f,0.9550832248791276f,0.17539554054201134f,1.68775530995544f,-0.12462938475137347f,0.14897823901352933f,-0.9809551471687792f,2.205492434935631f,0f,0f,0f,1f], start_interpolation: 0, interpolation_duration: 1 }
$data merge entity $(bone_talking) { transformation: [-0.9630239241805117f,-0.256166972607543f,0.08344701073767608f,-3.199997170791639f,-0.23885652160337104f,0.9550832248791276f,0.17539554054201134f,1.4978480166437746f,-0.12462938475137347f,0.14897823901352933f,-0.9809551471687792f,1.8716300711262215f,0f,0f,0f,1f], start_interpolation: 0, interpolation_duration: 1 }
$data merge entity $(bone_m_opened) { transformation: [-0.9630239241805117f,-0.256166972607543f,0.08344701073767608f,-3.199997170791639f,-0.23885652160337104f,0.9550832248791276f,0.17539554054201134f,1.4978480166437746f,-0.12462938475137347f,0.14897823901352933f,-0.9809551471687792f,1.8716300711262215f,0f,0f,0f,1f], start_interpolation: 0, interpolation_duration: 1 }
$data merge entity $(bone_head) { transformation: [-0.9630239241805117f,-0.256166972607543f,0.08344701073767608f,-3.2052126089627437f,-0.23885652160337104f,0.9550832248791276f,0.17539554054201134f,1.4868857953598988f,-0.12462938475137347f,0.14897823901352933f,-0.9809551471687792f,1.9329397678242701f,0f,0f,0f,1f], start_interpolation: 0, interpolation_duration: 1 }
$data merge entity $(item_display_r_item) { transformation: [-0.3877797401339451f,-0.06740822786074227f,0.19102160599870416f,-3.7113133851715814f,-0.05925168261835359f,0.43226725483682893f,0.03225691402979913f,1.343302477065153f,-0.19370689520134232f,0.0027205169556917034f,-0.39227093639339355f,2.330734770836874f,0f,0f,0f,1f], start_interpolation: 0, interpolation_duration: 1 }
$data merge entity $(bone_rightarm) { transformation: [-0.8863536917347317f,0.4366208137113237f,0.15407594939598243f,-3.428795629764755f,-0.13543241741337964f,0.07373008921096967f,-0.9880394396270376f,1.3276313178453192f,-0.44275861760306817f,-0.8966192831848996f,-0.006218324470152664f,1.7699590735669273f,0f,0f,0f,1f], start_interpolation: 0, interpolation_duration: 1 }
$data merge entity $(item_display_l_item) { transformation: [0.17863576089267455f,0.38248941077728904f,-0.11487978748908481f,-2.6541342230789797f,0.03521597869304397f,0.11027192754710685f,0.4219077942391403f,0.8329704008152056f,0.39781320965370937f,-0.1815163977118533f,0.014237190267957391f,1.9491246706855943f,0f,0f,0f,1f], start_interpolation: 0, interpolation_duration: 1 }
$data merge entity $(bone_leftarm) { transformation: [0.40831031061182754f,-0.26258237140362223f,-0.8742615103480893f,-2.9275308939997546f,0.08049366558410051f,0.9643606725466064f,-0.2520501201076726f,1.4041895561433755f,0.9092873363513356f,0.03254214918390252f,0.41489462334137894f,2.021325341843206f,0f,0f,0f,1f], start_interpolation: 0, interpolation_duration: 1 }
$data merge entity $(bone_body) { transformation: [-0.8324557749526502f,-0.16760690472263604f,0.528133797666159f,-3.08291900822081f,-0.12288244880391183f,0.9852620654274448f,0.11898977353369306f,0.75f,-0.5402937039462297f,0.0341553497851035f,-0.8407830430956137f,1.8311364657443192f,0f,0f,0f,1f], start_interpolation: 0, interpolation_duration: 1 }
$data merge entity $(bone_leftleg) { transformation: [-0.3720476221599707f,-0.03387116869035371f,0.9275954456424746f,-3.030091725503223f,0.04846858851725078f,0.9972617463717028f,0.05585521596777607f,0.75f,-0.9269473354901329f,0.06574004225136366f,-0.36938717367084073f,1.9444249391239004f,0f,0f,0f,1f], start_interpolation: 0, interpolation_duration: 1 }
$data merge entity $(bone_rightleg) { transformation: [-0.29110350810362307f,0.29480487900113167f,0.9101367099984989f,-3.1357462909383975f,-0.022905318719957723f,0.94891724523751f,-0.31469256118502786f,0.8241943359375f,-0.9564173220640144f,-0.112455079956325f,-0.26948053927494575f,1.717847992364738f,0f,0f,0f,1f], start_interpolation: 0, interpolation_duration: 1 }
data modify entity @s data merge value {"locators":{},"cameras":{"camera":{"posx":-4.824799562682217,"posy":1.375,"posz":3.8143221574344017,"roty":242.76483846731784,"rotx":0}}}