# This file was generated by Animated Java via MC-Build. It is not recommended to edit this file directly.
$data merge entity $(bone_left_eye) { transformation: [-0.968787554151114f,-0.2378968078479363f,0.06968345382990848f,-3.1818549022876863f,-0.223263178690308f,0.9595061011624565f,0.1717602831655828f,1.7149300748954506f,-0.10772292218001944f,0.15084147522410302f,-0.9826711664586552f,2.2437201894010257f,0f,0f,0f,1f], start_interpolation: 0, interpolation_duration: 1 }
$data merge entity $(bone_right_eye) { transformation: [-0.968787554151114f,-0.2378968078479363f,0.06968345382990848f,-3.4240517908254646f,-0.223263178690308f,0.9595061011624565f,0.1717602831655828f,1.6591142802228735f,-0.10772292218001944f,0.15084147522410302f,-0.9826711664586552f,2.2167894588560206f,0f,0f,0f,1f], start_interpolation: 0, interpolation_duration: 1 }
$data merge entity $(bone_right_close) { transformation: [-0.968787554151114f,-0.2378968078479363f,0.06968345382990848f,-3.4389203413159604f,-0.223263178690308f,0.9595061011624565f,0.1717602831655828f,1.7190834115455271f,-0.10772292218001944f,0.15084147522410302f,-0.9826711664586552f,2.226217051057527f,0f,0f,0f,1f], start_interpolation: 0, interpolation_duration: 1 }
$data merge entity $(bone_left_close) { transformation: [-0.968787554151114f,-0.2378968078479363f,0.06968345382990848f,-3.196723452778182f,-0.223263178690308f,0.9595061011624565f,0.1717602831655828f,1.7748992062181042f,-0.10772292218001944f,0.15084147522410302f,-0.9826711664586552f,2.2531477816025323f,0f,0f,0f,1f], start_interpolation: 0, interpolation_duration: 1 }
$data merge entity $(bone_left_eyebrow) { transformation: [-0.968787554151114f,-0.2378968078479363f,0.06968345382990848f,-3.1907803877978482f,-0.223263178690308f,0.9595061011624565f,0.1717602831655828f,1.7509008186713448f,-0.10772292218001944f,0.15084147522410302f,-0.9826711664586552f,2.249438161669833f,0f,0f,0f,1f], start_interpolation: 0, interpolation_duration: 1 }
$data merge entity $(bone_right_eyebrow) { transformation: [-0.968787554151114f,-0.2378968078479363f,0.06968345382990848f,-3.4329772763356265f,-0.223263178690308f,0.9595061011624565f,0.1717602831655828f,1.695085023998768f,-0.10772292218001944f,0.15084147522410302f,-0.9826711664586552f,2.222507431124828f,0f,0f,0f,1f], start_interpolation: 0, interpolation_duration: 1 }
$data merge entity $(bone_talking) { transformation: [-0.968787554151114f,-0.2378968078479363f,0.06968345382990848f,-3.2217030652727447f,-0.223263178690308f,0.9595061011624565f,0.1717602831655828f,1.5008207407577925f,-0.10772292218001944f,0.15084147522410302f,-0.9826711664586552f,1.8854597158041677f,0f,0f,0f,1f], start_interpolation: 0, interpolation_duration: 1 }
$data merge entity $(bone_m_opened) { transformation: [-0.968787554151114f,-0.2378968078479363f,0.06968345382990848f,-3.2217030652727447f,-0.223263178690308f,0.9595061011624565f,0.1717602831655828f,1.5008207407577925f,-0.10772292218001944f,0.15084147522410302f,-0.9826711664586552f,1.8854597158041677f,0f,0f,0f,1f], start_interpolation: 0, interpolation_duration: 1 }
$data merge entity $(bone_head) { transformation: [-0.968787554151114f,-0.2378968078479363f,0.06968345382990848f,-3.226058281137114f,-0.223263178690308f,0.9595061011624565f,0.1717602831655828f,1.4900857230599436f,-0.10772292218001944f,0.15084147522410302f,-0.9826711664586552f,1.9468766637078336f,0f,0f,0f,1f], start_interpolation: 0, interpolation_duration: 1 }
$data merge entity $(item_display_r_item) { transformation: [-0.4122699854456082f,-0.05658695232071071f,0.13504675459903387f,-3.6585590906444656f,-0.053819220901061636f,0.4338250192333288f,0.017481251351226672f,1.373402905456065f,-0.13617342090981188f,-0.00013969343450429748f,-0.4157680001196144f,2.383629299876509f,0f,0f,0f,1f], start_interpolation: 0, interpolation_duration: 1 }
$data merge entity $(bone_rightarm) { transformation: [-0.9423313953042474f,0.3086782962263631f,0.1293416053044817f,-3.4575513051714584f,-0.12301536205956945f,0.03995714594566119f,-0.9916000439618944f,1.3364011189244849f,-0.31125353350814144f,-0.9503268574162614f,0.00031929927886675466f,1.7896949701962745f,0f,0f,0f,1f], start_interpolation: 0, interpolation_duration: 1 }
$data merge entity $(item_display_l_item) { transformation: [0.1904248185437984f,0.38160417375049654f,-0.09758531169578002f,-2.7001916287070404f,0.03129824629084797f,0.09338896823869745f,0.4262688944673643f,0.8180332979562471f,0.3926385847846326f,-0.19251754514202757f,0.013348653520429537f,1.9548414707265902f,0f,0f,0f,1f], start_interpolation: 0, interpolation_duration: 1 }
$data merge entity $(bone_leftarm) { transformation: [0.4352567281001106f,-0.22305214101892556f,-0.8722381114297064f,-2.948628980772582f,0.07153884866479537f,0.9743289016396899f,-0.21346049883130824f,1.4003062991271398f,0.8974596223648745f,0.030511208046695985f,0.44004010318177733f,2.0289159886534973f,0f,0f,0f,1f], start_interpolation: 0, interpolation_duration: 1 }
$data merge entity $(bone_body) { transformation: [-0.8479732764923714f,-0.1407930074823166f,0.5109977019506808f,-3.1256250000000003f,-0.10215500242175544f,0.989412577392546f,0.10308786144668224f,0.75f,-0.5201016033766899f,0.035214780157251505f,-0.8533781350746414f,1.8443749999999997f,0f,0f,0f,1f], start_interpolation: 0, interpolation_duration: 1 }
$data merge entity $(bone_leftleg) { transformation: [-0.4493131028971692f,-0.06842053637907419f,0.8907504508932441f,-3.0631250000000003f,0.038745816485138036f,0.9946323364822452f,0.09594413441565722f,0.75f,-0.892533751333706f,0.07762181024344561f,-0.44425033180034057f,1.9526281754730546f,0f,0f,0f,1f], start_interpolation: 0, interpolation_duration: 1 }
$data merge entity $(bone_rightleg) { transformation: [-0.37334922411012683f,0.27106150906134757f,0.8872068615389263f,-3.1881250000000003f,-0.0229277265077997f,0.9533722126392851f,-0.30092481374000607f,0.7970703125000002f,-0.9274075027804929f,-0.13269168200252351f,-0.3497259517304818f,1.7361218245269447f,0f,0f,0f,1f], start_interpolation: 0, interpolation_duration: 1 }
data modify entity @s data merge value {"locators":{},"cameras":{"camera":{"posx":-4.838192419825074,"posy":1.375,"posz":3.8474381816218544,"roty":241.88392186326072,"rotx":0}}}