# This file was generated by Animated Java via MC-Build. It is not recommended to edit this file directly.
$data merge entity $(bone_left_eye) { transformation: [-0.9748961632283967f,-0.21589911467021117f,0.05445221030564901f,-3.170153117240639f,-0.20441922687534334f,0.9647947102505533f,0.1654809558717797f,1.7185564348642803f,-0.0882623963318383f,0.15019567023443126f,-0.9847085914302726f,2.24023379035513f,0f,0f,0f,1f], start_interpolation: 0, interpolation_duration: 1 }
$data merge entity $(bone_right_eye) { transformation: [-0.9748961632283967f,-0.21589911467021117f,0.05445221030564901f,-3.4138771580477383f,-0.20441922687534334f,0.9647947102505533f,0.1654809558717797f,1.6674516281454446f,-0.0882623963318383f,0.15019567023443126f,-0.9847085914302726f,2.2181681912721705f,0f,0f,0f,1f], start_interpolation: 0, interpolation_duration: 1 }
$data merge entity $(bone_right_close) { transformation: [-0.9748961632283967f,-0.21589911467021117f,0.05445221030564901f,-3.4273708527146267f,-0.20441922687534334f,0.9647947102505533f,0.1654809558717797f,1.7277512975361042f,-0.0882623963318383f,0.15019567023443126f,-0.9847085914302726f,2.227555420661823f,0f,0f,0f,1f], start_interpolation: 0, interpolation_duration: 1 }
$data merge entity $(bone_left_close) { transformation: [-0.9748961632283967f,-0.21589911467021117f,0.05445221030564901f,-3.1836468119075274f,-0.20441922687534334f,0.9647947102505533f,0.1654809558717797f,1.77885610425494f,-0.0882623963318383f,0.15019567023443126f,-0.9847085914302726f,2.2496210197447826f,0f,0f,0f,1f], start_interpolation: 0, interpolation_duration: 1 }
$data merge entity $(bone_left_eyebrow) { transformation: [-0.9748961632283967f,-0.21589911467021117f,0.05445221030564901f,-3.178252737303916f,-0.20441922687534334f,0.9647947102505533f,0.1654809558717797f,1.754725893938934f,-0.0882623963318383f,0.15019567023443126f,-0.9847085914302726f,2.2459276722758856f,0f,0f,0f,1f], start_interpolation: 0, interpolation_duration: 1 }
$data merge entity $(bone_right_eyebrow) { transformation: [-0.9748961632283967f,-0.21589911467021117f,0.05445221030564901f,-3.4219767781110155f,-0.20441922687534334f,0.9647947102505533f,0.1654809558717797f,1.7036210872200983f,-0.0882623963318383f,0.15019567023443126f,-0.9847085914302726f,2.223862073192926f,0f,0f,0f,1f], start_interpolation: 0, interpolation_duration: 1 }
$data merge entity $(bone_talking) { transformation: [-0.9748961632283967f,-0.21589911467021117f,0.05445221030564901f,-3.221024043256121f,-0.20441922687534334f,0.9647947102505533f,0.1654809558717797f,1.5035181526521553f,-0.0882623963318383f,0.15019567023443126f,-0.9847085914302726f,1.8839306384330825f,0f,0f,0f,1f], start_interpolation: 0, interpolation_duration: 1 }
$data merge entity $(bone_m_opened) { transformation: [-0.9748961632283967f,-0.21589911467021117f,0.05445221030564901f,-3.221024043256121f,-0.20441922687534334f,0.9647947102505533f,0.1654809558717797f,1.5035181526521553f,-0.0882623963318383f,0.15019567023443126f,-0.9847085914302726f,1.8839306384330825f,0f,0f,0f,1f], start_interpolation: 0, interpolation_duration: 1 }
$data merge entity $(bone_head) { transformation: [-0.9748961632283967f,-0.21589911467021117f,0.05445221030564901f,-3.224427306400224f,-0.20441922687534334f,0.9647947102505533f,0.1654809558717797f,1.493175592910169f,-0.0882623963318383f,0.15019567023443126f,-0.9847085914302726f,1.9454749253974746f,0f,0f,0f,1f], start_interpolation: 0, interpolation_duration: 1 }
$data merge entity $(item_display_r_item) { transformation: [-0.42855517889387124f,-0.045188420516548235f,0.07552956569755778f,-3.5784576643133907f,-0.045221365678777874f,0.4351404296254265f,0.0037529443834809907f,1.402504367752528f,-0.07550984524807579f,-0.004130757390461904f,-0.43091466685875607f,2.4097406832648463f,0f,0f,0f,1f], start_interpolation: 0, interpolation_duration: 1 }
$data merge entity $(bone_rightarm) { transformation: [-0.9795546946145628f,0.17263900730870346f,0.10328781832353885f,-3.4641027961002298f,-0.10336312155149228f,0.008578158590813914f,-0.9946066962866891f,1.3457027983538685f,-0.1725939319956018f,-0.984947809962871f,0.00944173117819842f,1.7947384102366892f,0f,0f,0f,1f], start_interpolation: 0, interpolation_duration: 1 }
$data merge entity $(item_display_l_item) { transformation: [0.20153982806526954f,0.3799237188169748f,-0.08028645952900068f,-2.724598859570457f,0.02730993167366232f,0.07636402755104213f,0.42991737918833145f,0.8032543459504327f,0.3873527014690893f,-0.20305849693244535f,0.011462176413516042f,1.9468392541699593f,0f,0f,0f,1f], start_interpolation: 0, interpolation_duration: 1 }
$data merge entity $(bone_leftarm) { transformation: [0.46066246414918754f,-0.18351190749485852f,-0.8683970715816567f,-2.9478434357024503f,0.06242270096837101f,0.9826682952876148f,-0.17454634868809607f,1.3956037369191798f,0.8853776033579184f,0.026199260373750848f,0.4641337072741608f,2.0212305053128237f,0f,0f,0f,1f], start_interpolation: 0, interpolation_duration: 1 }
$data merge entity $(bone_body) { transformation: [-0.8630314198048568f,-0.11071991894136682f,0.4928669881207612f,-3.1483408050531136f,-0.07936020398903569f,0.9932858770761698f,0.08417318114365689f,0.75f,-0.49887746637068303f,0.03353007531517637f,-0.8660236761179954f,1.844375f,0f,0f,0f,1f], start_interpolation: 0, interpolation_duration: 1 }
$data merge entity $(bone_leftleg) { transformation: [-0.5233695395671222f,-0.10081866779446338f,0.8461205122661005f,-3.0766437505092328f,0.02902199796082991f,0.9902906964272493f,0.13594874109014407f,0.75f,-0.8516114423184205f,0.09570753781068173f,-0.5153620266555898f,1.9467690055361242f,0f,0f,0f,1f], start_interpolation: 0, interpolation_duration: 1 }
$data merge entity $(bone_rightleg) { transformation: [-0.45275230635665104f,0.17311866007308918f,0.8746686679098729f,-3.2200378595969945f,-0.02295853715660129f,0.9783814889660339f,-0.20552996769385093f,0.7690673828125f,-0.8913407062736236f,-0.11313528001072275f,-0.4389899244362372f,1.741980994463876f,0f,0f,0f,1f], start_interpolation: 0, interpolation_duration: 1 }
data modify entity @s data merge value {"locators":{},"cameras":{"camera":{"posx":-4.8533325234855855,"posy":1.375,"posz":3.894625310441637,"roty":240.84522915101428,"rotx":0}}}