# This file was generated by Animated Java via MC-Build. It is not recommended to edit this file directly.
$data merge entity $(bone_left_eye) { transformation: [-0.9810591298779363f,-0.18992425205314728f,0.038101996866296006f,-3.131318187457434f,-0.18186709938755508f,0.9708102643543165f,0.1563706775091135f,1.7222840831735364f,-0.06668839361915846f,0.1464793811645673f,-0.9869632460482718f,2.2332486879537097f,0f,0f,0f,1f], start_interpolation: 0, interpolation_duration: 1 }
$data merge entity $(bone_right_eye) { transformation: [-0.9810591298779363f,-0.18992425205314728f,0.038101996866296006f,-3.3765829699269183f,-0.18186709938755508f,0.9708102643543165f,0.1563706775091135f,1.6768173083266478f,-0.06668839361915846f,0.1464793811645673f,-0.9869632460482718f,2.21657658954892f,0f,0f,0f,1f], start_interpolation: 0, interpolation_duration: 1 }
$data merge entity $(bone_right_close) { transformation: [-0.9810591298779363f,-0.18992425205314728f,0.038101996866296006f,-3.38845323568024f,-0.18186709938755508f,0.9708102643543165f,0.1563706775091135f,1.7374929498487928f,-0.06668839361915846f,0.1464793811645673f,-0.9869632460482718f,2.2257315508717053f,0f,0f,0f,1f], start_interpolation: 0, interpolation_duration: 1 }
$data merge entity $(bone_left_close) { transformation: [-0.9810591298779363f,-0.18992425205314728f,0.038101996866296006f,-3.1431884532107555f,-0.18186709938755508f,0.9708102643543165f,0.1563706775091135f,1.7829597246956814f,-0.06668839361915846f,0.1464793811645673f,-0.9869632460482718f,2.242403649276495f,0f,0f,0f,1f], start_interpolation: 0, interpolation_duration: 1 }
$data merge entity $(bone_left_eyebrow) { transformation: [-0.9810591298779363f,-0.18992425205314728f,0.038101996866296006f,-3.1384427282842315f,-0.18186709938755508f,0.9708102643543165f,0.1563706775091135f,1.7586796949194792f,-0.06668839361915846f,0.1464793811645673f,-0.9869632460482718f,2.238803349950259f,0f,0f,0f,1f], start_interpolation: 0, interpolation_duration: 1 }
$data merge entity $(bone_right_eyebrow) { transformation: [-0.9810591298779363f,-0.18992425205314728f,0.038101996866296006f,-3.3837075107537156f,-0.18186709938755508f,0.9708102643543165f,0.1563706775091135f,1.7132129200725903f,-0.06668839361915846f,0.1464793811645673f,-0.9869632460482718f,2.222131251545469f,0f,0f,0f,1f], start_interpolation: 0, interpolation_duration: 1 }
$data merge entity $(bone_talking) { transformation: [-0.9810591298779363f,-0.18992425205314728f,0.038101996866296006f,-3.194562641658172f,-0.18186709938755508f,0.9708102643543165f,0.1563706775091135f,1.505713966383111f,-0.06668839361915846f,0.1464793811645673f,-0.9869632460482718f,1.8798667790700878f,0f,0f,0f,1f], start_interpolation: 0, interpolation_duration: 1 }
$data merge entity $(bone_m_opened) { transformation: [-0.9810591298779363f,-0.18992425205314728f,0.038101996866296006f,-3.194562641658172f,-0.18186709938755508f,0.9708102643543165f,0.1563706775091135f,1.505713966383111f,-0.06668839361915846f,0.1464793811645673f,-0.9869632460482718f,1.8798667790700878f,0f,0f,0f,1f], start_interpolation: 0, interpolation_duration: 1 }
$data merge entity $(bone_head) { transformation: [-0.9810591298779363f,-0.18992425205314728f,0.038101996866296006f,-3.1969440164623153f,-0.18186709938755508f,0.9708102643543165f,0.1563706775091135f,1.4959407990387914f,-0.06668839361915846f,0.1464793811645673f,-0.9869632460482718f,1.9415519819481049f,0f,0f,0f,1f], start_interpolation: 0, interpolation_duration: 1 }
$data merge entity $(item_display_r_item) { transformation: [-0.4326399896439482f,-0.03131070083373681f,0.05699587155386466f,-3.530866284089651f,-0.03212121568875277f,0.4362995775175108f,-0.004141999603837638f,1.4235250029127822f,-0.056543053185701124f,-0.008280620226879282f,-0.4337517313684145f,2.4164483310301703f,0f,0f,0f,1f], start_interpolation: 0, interpolation_duration: 1 }
$data merge entity $(bone_rightarm) { transformation: [-0.988891404900453f,0.13027627783740492f,0.07156731619139846f,-3.4449706531793103f,-0.07341992157429206f,-0.00946742766591438f,-0.9972561771828818f,1.3552793495476556f,-0.1292412644244597f,-0.9914325288420902f,0.018927131947152422f,1.7979859462505607f,0f,0f,0f,1f], start_interpolation: 0, interpolation_duration: 1 }
$data merge entity $(item_display_l_item) { transformation: [0.21209914164447102f,0.37743166385158433f,-0.0629725593882232f,-2.7240375380085937f,0.023437091177217997f,0.059050364104268394f,0.43286257317571836f,0.7884681467253601f,0.38193050005312407f,-0.21322439734087184f,0.008408299934743159f,1.9382171531943262f,0f,0f,0f,1f], start_interpolation: 0, interpolation_duration: 1 }
$data merge entity $(bone_leftarm) { transformation: [0.48479803804450516f,-0.14393727860165284f,-0.8627009459464785f,-2.9218359553779365f,0.053570494119355425f,0.9894001672587848f,-0.1349722608097561f,1.389971718660881f,0.8729840001214264f,0.019218971279412828f,0.48737005106484993f,2.0111502666270655f,0f,0f,0f,1f], start_interpolation: 0, interpolation_duration: 1 }
$data merge entity $(bone_body) { transformation: [-0.8774185796435979f,-0.07772056842649652f,0.4733879480295982f,-3.1474539062500004f,-0.05477667355225845f,0.9965664130812806f,0.06208784384128541f,0.75f,-0.4765880318794846f,0.02854641066356336f,-0.8786631608912863f,1.8443749999999994f,0f,0f,0f,1f], start_interpolation: 0, interpolation_duration: 1 }
$data merge entity $(bone_leftleg) { transformation: [-0.5936627531985261f,-0.13019408708336808f,0.7941121049028746f,-3.067105455039183f,0.019298253568851655f,0.984238138097001f,0.1757921071167334f,0.75f,-0.8044825124724204f,0.11968620306400037f,-0.5817930043599567f,1.9401305553898718f,0f,0f,0f,1f], start_interpolation: 0, interpolation_duration: 1 }
$data merge entity $(bone_rightleg) { transformation: [-0.528711326325475f,0.09760071862311677f,0.84317165105298f,-3.227802357460818f,-0.02298094485790861f,0.9913569156412692f,-0.12916401195250665f,0.75f,-0.8484905477308482f,-0.08766735729152961f,-0.5218986729978575f,1.748619444610127f,0f,0f,0f,1f], start_interpolation: 0, interpolation_duration: 1 }
data modify entity @s data merge value {"locators":{},"cameras":{"camera":{"posx":-4.8705266034985435,"posy":1.375,"posz":3.957179300291545,"roty":239.64312546957177,"rotx":0}}}
execute on vehicle unless entity @s[tag=aj.transforms_only] at @s run function animated_java:humanentity/animations/000_mur_2/zzz/frames/zzz/8