# This file was generated by Animated Java via MC-Build. It is not recommended to edit this file directly.
$data merge entity $(bone_left_eye) { transformation: [-0.9869269096785306f,-0.15979842357948545f,0.020969949306010705f,-3.073608410631373f,-0.15517557258496392f,0.9773021856365529f,0.14422544721007088f,1.725811467781474f,-0.04354097639366766f,0.13908595102140142f,-0.9893226377694784f,2.222252429573354f,0f,0f,0f,1f], start_interpolation: 0, interpolation_duration: 1 }
$data merge entity $(bone_right_eye) { transformation: [-0.9869269096785306f,-0.15979842357948545f,0.020969949306010705f,-3.3203401380510056f,-0.15517557258496392f,0.9773021856365529f,0.14422544721007088f,1.687017574635233f,-0.04354097639366766f,0.13908595102140142f,-0.9893226377694784f,2.211367185474937f,0f,0f,0f,1f], start_interpolation: 0, interpolation_duration: 1 }
$data merge entity $(bone_right_close) { transformation: [-0.9869269096785306f,-0.15979842357948545f,0.020969949306010705f,-3.3303275395247236f,-0.15517557258496392f,0.9773021856365529f,0.14422544721007088f,1.7480989612375175f,-0.04354097639366766f,0.13908595102140142f,-0.9893226377694784f,2.2200600574137743f,0f,0f,0f,1f], start_interpolation: 0, interpolation_duration: 1 }
$data merge entity $(bone_left_close) { transformation: [-0.9869269096785306f,-0.15979842357948545f,0.020969949306010705f,-3.083595812105091f,-0.15517557258496392f,0.9773021856365529f,0.14422544721007088f,1.7868928543837586f,-0.04354097639366766f,0.13908595102140142f,-0.9893226377694784f,2.2309453015121914f,0f,0f,0f,1f], start_interpolation: 0, interpolation_duration: 1 }
$data merge entity $(bone_left_eyebrow) { transformation: [-0.9869269096785306f,-0.15979842357948545f,0.020969949306010705f,-3.0796021621374354f,-0.15517557258496392f,0.9773021856365529f,0.14422544721007088f,1.7624512856523942f,-0.04354097639366766f,0.13908595102140142f,-0.9893226377694784f,2.2275299854015174f,0f,0f,0f,1f], start_interpolation: 0, interpolation_duration: 1 }
$data merge entity $(bone_right_eyebrow) { transformation: [-0.9869269096785306f,-0.15979842357948545f,0.020969949306010705f,-3.326333889557068f,-0.15517557258496392f,0.9773021856365529f,0.14422544721007088f,1.7236573925061534f,-0.04354097639366766f,0.13908595102140142f,-0.9893226377694784f,2.2166447413031003f,0f,0f,0f,1f], start_interpolation: 0, interpolation_duration: 1 }
$data merge entity $(bone_talking) { transformation: [-0.9869269096785306f,-0.15979842357948545f,0.020969949306010705f,-3.1504715592881896f,-0.15517557258496392f,0.9773021856365529f,0.14422544721007088f,1.5071594270523625f,-0.04354097639366766f,0.13908595102140142f,-0.9893226377694784f,1.872874995465833f,0f,0f,0f,1f], start_interpolation: 0, interpolation_duration: 1 }
$data merge entity $(bone_m_opened) { transformation: [-0.9869269096785306f,-0.15979842357948545f,0.020969949306010705f,-3.1504715592881896f,-0.15517557258496392f,0.9773021856365529f,0.14422544721007088f,1.5071594270523625f,-0.04354097639366766f,0.13908595102140142f,-0.9893226377694784f,1.872874995465833f,0f,0f,0f,1f], start_interpolation: 0, interpolation_duration: 1 }
$data merge entity $(bone_head) { transformation: [-0.9869269096785306f,-0.15979842357948545f,0.020969949306010705f,-3.1517821811198155f,-0.15517557258496392f,0.9773021856365529f,0.14422544721007088f,1.498145336601733f,-0.04354097639366766f,0.13908595102140142f,-0.9893226377694784f,1.9347076603264255f,0f,0f,0f,1f], start_interpolation: 0, interpolation_duration: 1 }
$data merge entity $(item_display_r_item) { transformation: [-0.4355658234383057f,-0.016533420139386048f,0.037620599025071276f,-3.4643176050390787f,-0.017676372450721737f,0.4369605611262655f,-0.012619979286931928f,1.445302560132043f,-0.037097295177600464f,-0.014084176891596058f,-0.43569677144981483f,2.4195081465972055f,0f,0f,0f,1f], start_interpolation: 0, interpolation_duration: 1 }
$data merge entity $(bone_rightarm) { transformation: [-0.9955790250018416f,0.08598994062873433f,0.03779067460431098f,-3.40821197498335f,-0.040403137030221116f,-0.02884566694155847f,-0.9987669968600354f,1.364851080989817f,-0.08479381754880105f,-0.9958783347424339f,0.03219240432364791f,1.7990962126534125f,0f,0f,0f,1f], start_interpolation: 0, interpolation_duration: 1 }
$data merge entity $(item_display_l_item) { transformation: [0.22222125708881565f,0.37408341159130054f,-0.04566797641761673f,-2.706687167768002f,0.01986101900759281f,0.04131754896807838f,0.43509154217388607f,0.773534674795411f,0.3763369538350525f,-0.2230710902817395f,0.004004479825085924f,1.928899780166927f,0f,0f,0f,1f], start_interpolation: 0, interpolation_duration: 1 }
$data merge entity $(bone_leftarm) { transformation: [0.5079343019172929f,-0.10438394609740949f,-0.8550477979229727f,-2.8788081088192543f,0.04539661487449785f,0.994494953540311f,-0.09444011192703607f,1.3832890067672259f,0.8601987516229771f,0.009153096743053427f,0.5098767777868332f,1.9983550628546896f,0f,0f,0f,1f], start_interpolation: 0, interpolation_duration: 1 }
$data merge entity $(bone_body) { transformation: [-0.8909183303177648f,-0.04221972533847125f,0.4521968857656474f,-3.1308327587070113f,-0.028698180577171162f,0.9989133205389756f,0.03672318724399834f,0.75f,-0.45325593557654165f,0.019740132779232648f,-0.8911618169684404f,1.8443749999999999f,0f,0f,0f,1f], start_interpolation: 0, interpolation_duration: 1 }
$data merge entity $(bone_leftleg) { transformation: [-0.6596672977275656f,-0.1557163881132624f,0.7352492521463528f,-3.042444411058693f,0.009575703693247405f,0.9764795649825335f,0.2153972262363216f,0.75f,-0.7514967479687391f,0.1491310351485626f,-0.6426605419254614f,1.9327633476483184f,0f,0f,0f,1f], start_interpolation: 0, interpolation_duration: 1 }
$data merge entity $(bone_rightleg) { transformation: [-0.6006502440083427f,0.08958860478282557f,0.7944766618760963f,-3.2192211063553295f,-0.02298094485790861f,0.9913569156412692f,-0.12916401195250665f,0.75f,-0.7991815566854356f,-0.0958402196538395f,-0.5933999424928753f,1.7559866523516814f,0f,0f,0f,1f], start_interpolation: 0, interpolation_duration: 1 }
data modify entity @s data merge value {"locators":{},"cameras":{"camera":{"posx":-4.890081389698738,"posy":1.375,"posz":4.036395907569377,"roty":238.27197595792637,"rotx":0}}}