# This file was generated by Animated Java via MC-Build. It is not recommended to edit this file directly.
$data merge entity $(bone_left_eye) { transformation: [0.09268364213864122f,-0.11609959565850833f,0.9889037497996693f,-1.1774355860375114f,0.058835525859913335f,0.9920819543985241f,0.11095844561633098f,1.7122126026494522f,-0.9939557954842376f,0.047898639278539816f,0.09878054959636812f,1.9231058095120446f,0f,0f,0f,1f], start_interpolation: 0, interpolation_duration: 1 }
$data merge entity $(bone_right_eye) { transformation: [0.09268364213864122f,-0.11609959565850833f,0.9889037497996693f,-1.154264675502851f,0.058835525859913335f,0.9920819543985241f,0.11095844561633098f,1.7269214841144307f,-0.9939557954842376f,0.047898639278539816f,0.09878054959636812f,1.674616860640985f,0f,0f,0f,1f], start_interpolation: 0, interpolation_duration: 1 }
$data merge entity $(bone_right_close) { transformation: [0.09268364213864122f,-0.11609959565850833f,0.9889037497996693f,-1.1615209002315077f,0.058835525859913335f,0.9920819543985241f,0.11095844561633098f,1.7889266062643385f,-0.9939557954842376f,0.047898639278539816f,0.09878054959636812f,1.6776105255958937f,0f,0f,0f,1f], start_interpolation: 0, interpolation_duration: 1 }
$data merge entity $(bone_left_close) { transformation: [0.09268364213864122f,-0.11609959565850833f,0.9889037497996693f,-1.1846918107661681f,0.058835525859913335f,0.9920819543985241f,0.11095844561633098f,1.77421772479936f,-0.9939557954842376f,0.047898639278539816f,0.09878054959636812f,1.9260994744669533f,0f,0f,0f,1f], start_interpolation: 0, interpolation_duration: 1 }
$data merge entity $(bone_left_eyebrow) { transformation: [0.09268364213864122f,-0.11609959565850833f,0.9889037497996693f,-1.181851127359068f,0.058835525859913335f,0.9920819543985241f,0.11095844561633098f,1.749408741036546f,-0.9939557954842376f,0.047898639278539816f,0.09878054959636812f,1.92489583470064f,0f,0f,0f,1f], start_interpolation: 0, interpolation_duration: 1 }
$data merge entity $(bone_right_eyebrow) { transformation: [0.09268364213864122f,-0.11609959565850833f,0.9889037497996693f,-1.1586802168244077f,0.058835525859913335f,0.9920819543985241f,0.11095844561633098f,1.7641176225015243f,-0.9939557954842376f,0.047898639278539816f,0.09878054959636812f,1.6764068858295806f,0f,0f,0f,1f], start_interpolation: 0, interpolation_duration: 1 }
$data merge entity $(bone_talking) { transformation: [0.09268364213864122f,-0.11609959565850833f,0.9889037497996693f,-0.8277928100431574f,0.058835525859913335f,0.9920819543985241f,0.11095844561633098f,1.5062210690374138f,-0.9939557954842376f,0.047898639278539816f,0.09878054959636812f,1.817755597005745f,0f,0f,0f,1f], start_interpolation: 0, interpolation_duration: 1 }
$data merge entity $(bone_m_opened) { transformation: [0.09268364213864122f,-0.11609959565850833f,0.9889037497996693f,-0.8277928100431574f,0.058835525859913335f,0.9920819543985241f,0.11095844561633098f,1.5062210690374138f,-0.9939557954842376f,0.047898639278539816f,0.09878054959636812f,1.817755597005745f,0f,0f,0f,1f], start_interpolation: 0, interpolation_duration: 1 }
$data merge entity $(bone_head) { transformation: [0.09268364213864122f,-0.11609959565850833f,0.9889037497996693f,-0.8895992944056368f,0.058835525859913335f,0.9920819543985241f,0.11095844561633098f,1.4992861661863932f,-0.9939557954842376f,0.047898639278539816f,0.09878054959636812f,1.811581812655972f,0f,0f,0f,1f], start_interpolation: 0, interpolation_duration: 1 }
$data merge entity $(item_display_r_item) { transformation: [-0.11680270055761291f,-0.025758207103608946f,0.42083238220134167f,-1.60901934592122f,-0.0002706159693428522f,0.43668726295761323f,0.026653538931732237f,1.3987125490087025f,-0.42161985948179165f,0.006855591688236625f,-0.11660165073084694f,1.6883360636363955f,0f,0f,0f,1f], start_interpolation: 0, interpolation_duration: 1 }
$data merge entity $(bone_rightarm) { transformation: [-0.2669776012745438f,0.9619025878887809f,0.058875901951106376f,-1.0041504846187879f,-0.0006185507870693765f,0.06092237470110248f,-0.9981423153316874f,1.374405138488661f,-0.963702535958381f,-0.26651805881336443f,-0.01566992385882663f,1.520782906636866f,0f,0f,0f,1f], start_interpolation: 0, interpolation_duration: 1 }
$data merge entity $(item_display_l_item) { transformation: [-0.16742400165972676f,-0.4035432074819387f,-0.022985503332159273f,-0.8474349653395045f,0f,-0.02487932952652403f,0.43679202025942576f,0.7433081582533316f,-0.4041972954736879f,0.16715306954255887f,0.00952090721815234f,2.1323643382997908f,0f,0f,0f,1f], start_interpolation: 0, interpolation_duration: 1 }
$data merge entity $(bone_leftarm) { transformation: [-0.3826834323650897f,-0.05253829333064997f,0.9223844742444314f,-0.7649733393906067f,0f,0.9983817605929732f,0.05686703891776944f,1.374405138488661f,-0.9238795325112866f,0.021762073641491145f,-0.3820641589544203f,2.0982076144564203f,0f,0f,0f,1f], start_interpolation: 0, interpolation_duration: 1 }
$data merge entity $(bone_body) { transformation: [-0.3826834323650897f,-0.04029905920751534f,0.9230002039112791f,-0.8593750000000002f,0f,0.9990482215818578f,0.043619387365336f,0.75f,-0.9238795325112866f,0.016692416874629207f,-0.3823192025331841f,1.7990625f,0f,0f,0f,1f], start_interpolation: 0, interpolation_duration: 1 }
$data merge entity $(bone_leftleg) { transformation: [-0.3826834323650897f,0.04835211878726213f,0.9226133877210193f,-0.811539570954364f,0f,0.9986295347545738f,-0.05233595624294386f,0.766875f,-0.9238795325112866f,-0.020028103371158904f,-0.382158978021033f,1.9145474415639108f,0f,0f,0f,1f], start_interpolation: 0, interpolation_duration: 1 }
$data merge entity $(bone_rightleg) { transformation: [-0.3826834323650897f,-0.036754704480208705f,0.9231481366995473f,-0.9072104290456364f,0f,0.9992083428780468f,0.03978300545342982f,0.8135f,-0.9238795325112866f,0.015224297076717606f,-0.3823804783004044f,1.6835775584360892f,0f,0f,0f,1f], start_interpolation: 0, interpolation_duration: 1 }
$data merge entity $(text_display_text) { transformation: [-4.5769509808878667e-17f,0f,-2f,1.4374999999999998f,0f,2f,0f,2.6077272005313548f,2f,0f,-4.5769509808878667e-17f,1.9375000000000002f,0f,0f,0f,1f], start_interpolation: 0, interpolation_duration: 1 }
data modify entity @s data merge value {"locators":{},"cameras":{"camera":{"posx":-3.9426558593750003,"posy":1.375,"posz":4.962515624999999,"roty":218.37500000000003,"rotx":0}}}