# This file was generated by Animated Java via MC-Build. It is not recommended to edit this file directly.
$data merge entity $(bone_left_eye) { transformation: [-0.9866234731528537f,-0.1360531966629172f,0.0897978279336536f,-3.0559984260542405f,-0.12395338761175723f,0.9838926740039193f,0.12880513864356138f,1.7288023031270738f,-0.10587577590445318f,0.1159514282758913f,-0.9875958618571723f,2.214188081533041f,0f,0f,0f,1f], start_interpolation: 0, interpolation_duration: 1 }
$data merge entity $(bone_right_eye) { transformation: [-0.9866234731528537f,-0.1360531966629172f,0.0897978279336536f,-3.302654294342454f,-0.12395338761175723f,0.9838926740039193f,0.12880513864356138f,1.6978139562241343f,-0.10587577590445318f,0.1159514282758913f,-0.9875958618571723f,2.187719137556927f,0f,0f,0f,1f], start_interpolation: 0, interpolation_duration: 1 }
$data merge entity $(bone_right_close) { transformation: [-0.9866234731528537f,-0.1360531966629172f,0.0897978279336536f,-3.3111576191338865f,-0.12395338761175723f,0.9838926740039193f,0.12880513864356138f,1.7593072483493792f,-0.10587577590445318f,0.1159514282758913f,-0.9875958618571723f,2.1949661018241704f,0f,0f,0f,1f], start_interpolation: 0, interpolation_duration: 1 }
$data merge entity $(bone_left_close) { transformation: [-0.9866234731528537f,-0.1360531966629172f,0.0897978279336536f,-3.064501750845673f,-0.12395338761175723f,0.9838926740039193f,0.12880513864356138f,1.7902955952523187f,-0.10587577590445318f,0.1159514282758913f,-0.9875958618571723f,2.221435045800284f,0f,0f,0f,1f], start_interpolation: 0, interpolation_duration: 1 }
$data merge entity $(bone_left_eyebrow) { transformation: [-0.9866234731528537f,-0.1360531966629172f,0.0897978279336536f,-3.0611060332933455f,-0.12395338761175723f,0.9838926740039193f,0.12880513864356138f,1.7656902280810556f,-0.10587577590445318f,0.1159514282758913f,-0.9875958618571723f,2.2185979848347523f,0f,0f,0f,1f], start_interpolation: 0, interpolation_duration: 1 }
$data merge entity $(bone_right_eyebrow) { transformation: [-0.9866234731528537f,-0.1360531966629172f,0.0897978279336536f,-3.307761901581559f,-0.12395338761175723f,0.9838926740039193f,0.12880513864356138f,1.7347018811781163f,-0.10587577590445318f,0.1159514282758913f,-0.9875958618571723f,2.192129040858639f,0f,0f,0f,1f], start_interpolation: 0, interpolation_duration: 1 }
$data merge entity $(bone_talking) { transformation: [-0.9866234731528537f,-0.1360531966629172f,0.0897978279336536f,-3.1172512398033514f,-0.12395338761175723f,0.9838926740039193f,0.12880513864356138f,1.5075865670007371f,-0.10587577590445318f,0.1159514282758913f,-0.9875958618571723f,1.8633420456456447f,0f,0f,0f,1f], start_interpolation: 0, interpolation_duration: 1 }
$data merge entity $(bone_m_opened) { transformation: [-0.9866234731528537f,-0.1360531966629172f,0.0897978279336536f,-3.1172512398033514f,-0.12395338761175723f,0.9838926740039193f,0.12880513864356138f,1.5075865670007371f,-0.10587577590445318f,0.1159514282758913f,-0.9875958618571723f,1.8633420456456447f,0f,0f,0f,1f], start_interpolation: 0, interpolation_duration: 1 }
$data merge entity $(bone_head) { transformation: [-0.9866234731528537f,-0.1360531966629172f,0.0897978279336536f,-3.1228636040492046f,-0.12395338761175723f,0.9838926740039193f,0.12880513864356138f,1.4995362458355146f,-0.10587577590445318f,0.1159514282758913f,-0.9875958618571723f,1.925066787011718f,0f,0f,0f,1f], start_interpolation: 0, interpolation_duration: 1 }
$data merge entity $(item_display_r_item) { transformation: [-0.4339861826832169f,0.0008024675572157143f,0.05533172043113359f,-3.454491591772929f,-0.001955240866050668f,0.4369584847405035f,-0.021672785848588998f,1.4675037328417249f,-0.055302986114722924f,-0.021746003290321964f,-0.43344543032277094f,2.3917394308419615f,0f,0f,0f,1f], start_interpolation: 0, interpolation_duration: 1 }
$data merge entity $(bone_rightarm) { transformation: [-0.9919684175616387f,0.12647250384259107f,-0.001834211559350176f,-3.375560915093769f,-0.0044691219795443835f,-0.049537796225346056f,-0.9987622508354367f,1.3741199695236688f,-0.12640682540508097f,-0.9907324121663336f,0.04970515037787855f,1.7756382451366206f,0f,0f,0f,1f], start_interpolation: 0, interpolation_duration: 1 }
$data merge entity $(item_display_l_item) { transformation: [0.19885000062179137f,0.3886800539358203f,-0.028155690813072013f,-2.7075043211453966f,0.016753022119520927f,0.02305396206450404f,0.4365708431434596f,0.7583407192818611f,0.38933823791476785f,-0.19950584078060501f,-0.004405223246038869f,1.9556815633757294f,0f,0f,0f,1f], start_interpolation: 0, interpolation_duration: 1 }
$data merge entity $(bone_leftarm) { transformation: [0.4545142871355231f,-0.06435586471559297f,-0.8884115518533036f,-2.8587781805743053f,0.038292621987476405f,0.9978762128993363f,-0.052694770433151863f,1.3754265060398023f,0.8899159723766122f,-0.0100690817052318f,0.4560133503556686f,2.006390056104418f,0f,0f,0f,1f], start_interpolation: 0, interpolation_duration: 1 }
$data merge entity $(bone_body) { transformation: [-0.8624992309596754f,-0.005294704398725796f,0.5060306736743325f,-3.1250000000000004f,-0.0014312436924771735f,0.9999667878174451f,0.00802339102584173f,0.75f,-0.5060563487749773f,0.006195915379580888f,-0.8624781634900374f,1.8443749999999997f,0f,0f,0f,1f], start_interpolation: 0, interpolation_duration: 1 }
$data merge entity $(bone_leftleg) { transformation: [-0.6577442092176021f,-0.1919328551178206f,0.728377878828725f,-3.036611652351682f,-0.00014453167464952704f,0.9670234825683983f,0.25468718709798027f,0.75f,-0.7532413519923784f,0.16741374880101173f,-0.6360818362137733f,1.9327633476483181f,0f,0f,0f,1f], start_interpolation: 0, interpolation_duration: 1 }
$data merge entity $(bone_rightleg) { transformation: [-0.6006502440083427f,0.08958860478282557f,0.7944766618760963f,-3.2133883476483187f,-0.02298094485790861f,0.9913569156412692f,-0.12916401195250665f,0.75f,-0.7991815566854356f,-0.0958402196538395f,-0.5933999424928753f,1.7559866523516812f,0f,0f,0f,1f], start_interpolation: 0, interpolation_duration: 1 }
data modify entity @s data merge value {"locators":{},"cameras":{"camera":{"posx":-4.91230361192096,"posy":1.375,"posz":4.133570888672929,"roty":236.7261457550714,"rotx":0}}}
execute on vehicle unless entity @s[tag=aj.transforms_only] at @s run function animated_java:humanentity/animations/000_mur_2/zzz/frames/zzz/9