# This file was generated by Animated Java via MC-Build. It is not recommended to edit this file directly.
$data merge entity $(bone_left_eye) { transformation: [-0.9854005019556493f,-0.14145657666421804f,0.0947411614030283f,-3.0587344336974533f,-0.12918140092435562f,0.9836947695397842f,0.12512699962554866f,1.7303256258497652f,-0.11089642194757843f,0.1110614122839763f,-0.9876068784190972f,2.213598025394394f,0f,0f,0f,1f], start_interpolation: 0, interpolation_duration: 1 }
$data merge entity $(bone_right_eye) { transformation: [-0.9854005019556493f,-0.14145657666421804f,0.0947411614030283f,-3.3050845591863656f,-0.12918140092435562f,0.9836947695397842f,0.12512699962554866f,1.6980302756186763f,-0.11089642194757843f,0.1110614122839763f,-0.9876068784190972f,2.185873919907499f,0f,0f,0f,1f], start_interpolation: 0, interpolation_duration: 1 }
$data merge entity $(bone_right_close) { transformation: [-0.9854005019556493f,-0.14145657666421804f,0.0947411614030283f,-3.313925595227879f,-0.12918140092435562f,0.9836947695397842f,0.12512699962554866f,1.7595111987149128f,-0.11089642194757843f,0.1110614122839763f,-0.9876068784190972f,2.192815258175248f,0f,0f,0f,1f], start_interpolation: 0, interpolation_duration: 1 }
$data merge entity $(bone_left_close) { transformation: [-0.9854005019556493f,-0.14145657666421804f,0.0947411614030283f,-3.067575469738967f,-0.12918140092435562f,0.9836947695397842f,0.12512699962554866f,1.7918065489460018f,-0.11089642194757843f,0.1110614122839763f,-0.9876068784190972f,2.2205393636621427f,0f,0f,0f,1f], start_interpolation: 0, interpolation_duration: 1 }
$data merge entity $(bone_left_eyebrow) { transformation: [-0.9854005019556493f,-0.14145657666421804f,0.0947411614030283f,-3.064044976644949f,-0.12918140092435562f,0.9836947695397842f,0.12512699962554866f,1.7672063592700307f,-0.11089642194757843f,0.1110614122839763f,-0.9876068784190972f,2.2178245537849444f,0f,0f,0f,1f], start_interpolation: 0, interpolation_duration: 1 }
$data merge entity $(bone_right_eyebrow) { transformation: [-0.9854005019556493f,-0.14145657666421804f,0.0947411614030283f,-3.310395102133861f,-0.12918140092435562f,0.9836947695397842f,0.12512699962554866f,1.7349110090389417f,-0.11089642194757843f,0.1110614122839763f,-0.9876068784190972f,2.19010044829805f,0f,0f,0f,1f], start_interpolation: 0, interpolation_duration: 1 }
$data merge entity $(bone_talking) { transformation: [-0.9854005019556493f,-0.14145657666421804f,0.0947411614030283f,-3.1169387393374084f,-0.12918140092435562f,0.9836947695397842f,0.12512699962554866f,1.5073564457322588f,-0.11089642194757843f,0.1110614122839763f,-0.9876068784190972f,1.8633434700739846f,0f,0f,0f,1f], start_interpolation: 0, interpolation_duration: 1 }
$data merge entity $(bone_m_opened) { transformation: [-0.9854005019556493f,-0.14145657666421804f,0.0947411614030283f,-3.1169387393374084f,-0.12918140092435562f,0.9836947695397842f,0.12512699962554866f,1.5073564457322588f,-0.11089642194757843f,0.1110614122839763f,-0.9876068784190972f,1.8633434700739846f,0f,0f,0f,1f], start_interpolation: 0, interpolation_duration: 1 }
$data merge entity $(bone_head) { transformation: [-0.9854005019556493f,-0.14145657666421804f,0.0947411614030283f,-3.1228600619250977f,-0.12918140092435562f,0.9836947695397842f,0.12512699962554866f,1.499536008255662f,-0.11089642194757843f,0.1110614122839763f,-0.9876068784190972f,1.9250688999751782f,0f,0f,0f,1f], start_interpolation: 0, interpolation_duration: 1 }
$data merge entity $(item_display_r_item) { transformation: [-0.434153680709493f,0.0007528268780034206f,0.05400245159334301f,-3.4525970232773493f,-0.001891824702120905f,0.4369770415590104f,-0.021301083297129215f,1.4669767097743018f,-0.05397455442795286f,-0.0213716728878801f,-0.4336314668843549f,2.3920608871915006f,0f,0f,0f,1f], start_interpolation: 0, interpolation_duration: 1 }
$data merge entity $(bone_rightarm) { transformation: [-0.9923512701931269f,0.12343417507049831f,-0.0017207471497220767f,-3.3755582105551456f,-0.004324170747704926f,-0.04868819039343798f,-0.9988046664205952f,1.374121299127116f,-0.12337041012103511f,-0.9911576385928111f,0.04884953802944001f,1.7756404591978339f,0f,0f,0f,1f], start_interpolation: 0, interpolation_duration: 1 }
$data merge entity $(item_display_l_item) { transformation: [0.19752681066071542f,0.3893743726361737f,-0.027874845369831768f,-2.707704025946358f,0.017057237381041375f,0.0226014213844486f,0.43658272572827406f,0.7581927827964803f,0.3899980252810681f,-0.1981994543019449f,-0.004976604392412002f,1.9568723620812938f,0f,0f,0f,1f], start_interpolation: 0, interpolation_duration: 1 }
$data merge entity $(bone_leftarm) { transformation: [0.4514898529387781f,-0.06371393227390099f,-0.8899985660255398f,-2.8587750543707386f,0.038987971156665996f,0.9979033730931979f,-0.0516603917358823f,1.3754248420127437f,0.8914240577852985f,-0.011375095754084677f,0.45302732411873126f,2.0063913427498323f,0f,0f,0f,1f], start_interpolation: 0, interpolation_duration: 1 }
$data merge entity $(bone_body) { transformation: [-0.8625001492073334f,-0.0052901615968476935f,0.5060291560845154f,-3.1250000000000004f,-0.0014259058421498853f,0.9999667942993149f,0.00802353359069519f,0.75f,-0.506054798821093f,0.006198748989185566f,-0.8624790525578648f,1.8443749999999997f,0f,0f,0f,1f], start_interpolation: 0, interpolation_duration: 1 }
data modify entity @s data merge value {"locators":{},"cameras":{"camera":{"posx":-4.937500000000001,"posy":1.375,"posz":4.249999999999999,"roty":235,"rotx":0}}}