# This file was generated by Animated Java via MC-Build. It is not recommended to edit this file directly.
$data merge entity $(bone_left_eye) { transformation: [-0.9846027238148025f,-0.14531216933581437f,0.09716918081053755f,-3.0604015168641787f,-0.133433836610412f,0.9838574768651787f,0.11924712350371464f,1.7323675885700007f,-0.11292868326469235f,0.10444538601299677f,-0.9880983118276736f,2.2123230228042403f,0f,0f,0f,1f], start_interpolation: 0, interpolation_duration: 1 }
$data merge entity $(bone_right_eye) { transformation: [-0.9846027238148025f,-0.14531216933581437f,0.09716918081053755f,-3.3065521978178793f,-0.133433836610412f,0.9838574768651787f,0.11924712350371464f,1.699009129417398f,-0.11292868326469235f,0.10444538601299677f,-0.9880983118276736f,2.1840908519880675f,0f,0f,0f,1f], start_interpolation: 0, interpolation_duration: 1 }
$data merge entity $(bone_right_close) { transformation: [-0.9846027238148025f,-0.14531216933581437f,0.09716918081053755f,-3.3156342084013675f,-0.133433836610412f,0.9838574768651787f,0.11924712350371464f,1.7605002217214718f,-0.11292868326469235f,0.10444538601299677f,-0.9880983118276736f,2.19061868861388f,0f,0f,0f,1f], start_interpolation: 0, interpolation_duration: 1 }
$data merge entity $(bone_left_close) { transformation: [-0.9846027238148025f,-0.14531216933581437f,0.09716918081053755f,-3.069483527447667f,-0.133433836610412f,0.9838574768651787f,0.11924712350371464f,1.7938586808740746f,-0.11292868326469235f,0.10444538601299677f,-0.9880983118276736f,2.2188508594300527f,0f,0f,0f,1f], start_interpolation: 0, interpolation_duration: 1 }
$data merge entity $(bone_left_eyebrow) { transformation: [-0.9846027238148025f,-0.14531216933581437f,0.09716918081053755f,-3.065856796288072f,-0.133433836610412f,0.9838574768651787f,0.11924712350371464f,1.7692547910072263f,-0.11292868326469235f,0.10444538601299677f,-0.9880983118276736f,2.216301480924217f,0f,0f,0f,1f], start_interpolation: 0, interpolation_duration: 1 }
$data merge entity $(bone_right_eyebrow) { transformation: [-0.9846027238148025f,-0.14531216933581437f,0.09716918081053755f,-3.3120074772417727f,-0.133433836610412f,0.9838574768651787f,0.11924712350371464f,1.7358963318546232f,-0.11292868326469235f,0.10444538601299677f,-0.9880983118276736f,2.1880693101080437f,0f,0f,0f,1f], start_interpolation: 0, interpolation_duration: 1 }
$data merge entity $(bone_talking) { transformation: [-0.9846027238148025f,-0.14531216933581437f,0.09716918081053755f,-3.116783446003782f,-0.133433836610412f,0.9838574768651787f,0.11924712350371464f,1.5069887158723156f,-0.11292868326469235f,0.10444538601299677f,-0.9880983118276736f,1.8633148684467566f,0f,0f,0f,1f], start_interpolation: 0, interpolation_duration: 1 }
$data merge entity $(bone_m_opened) { transformation: [-0.9846027238148025f,-0.14531216933581437f,0.09716918081053755f,-3.116783446003782f,-0.133433836610412f,0.9838574768651787f,0.11924712350371464f,1.5069887158723156f,-0.11292868326469235f,0.10444538601299677f,-0.9880983118276736f,1.8633148684467566f,0f,0f,0f,1f], start_interpolation: 0, interpolation_duration: 1 }
$data merge entity $(bone_head) { transformation: [-0.9846027238148025f,-0.14531216933581437f,0.09716918081053755f,-3.122856519804441f,-0.133433836610412f,0.9838574768651787f,0.11924712350371464f,1.4995357706533334f,-0.11292868326469235f,0.10444538601299677f,-0.9880983118276736f,1.9250710129359863f,0f,0f,0f,1f], start_interpolation: 0, interpolation_duration: 1 }
$data merge entity $(item_display_r_item) { transformation: [-0.4343301466105865f,0.000646241820067759f,0.05256573139162391f,-3.4505570877405844f,-0.0018038984939070142f,0.4370260986536766f,-0.02027769823650088f,1.4655230688557392f,-0.05253874470759696f,-0.020347517466681505f,-0.4338570142771612f,2.392531619735407f,0f,0f,0f,1f], start_interpolation: 0, interpolation_duration: 1 }
$data merge entity $(bone_rightarm) { transformation: [-0.9927546208241977f,0.12015024318085465f,-0.001477124160154851f,-3.37555550601256f,-0.004123196557501747f,-0.04634902454057322f,-0.9989167969226893f,1.3741226287102128f,-0.12008855933165019f,-0.9916731754906543f,0.046508611352414644f,1.7756426732632742f,0f,0f,0f,1f], start_interpolation: 0, interpolation_duration: 1 }
$data merge entity $(item_display_l_item) { transformation: [0.19590277403489165f,0.39016743383133645f,-0.02824405606324691f,-2.706946866991901f,0.01742789859296585f,0.022851502599173405f,0.43655506775158764f,0.7583020819239547f,0.3907999762999832f,-0.19660476191188658f,-0.005310001648106599f,1.9578055569092954f,0f,0f,0f,1f], start_interpolation: 0, interpolation_duration: 1 }
$data merge entity $(bone_leftarm) { transformation: [0.4477777692226095f,-0.06455784243027846f,-0.891811277328769f,-2.858771928176921f,0.039835196783921945f,0.9978401548607717f,-0.05223200594096756f,1.375423177969316f,0.8932570886856759f,-0.012137146624243754f,0.44938231294145503f,2.006392629386825f,0f,0f,0f,1f], start_interpolation: 0, interpolation_duration: 1 }
$data merge entity $(bone_body) { transformation: [-0.8625010674313665f,-0.005285618798756433f,0.5060276384879262f,-3.1250000000000004f,-0.001420567996788647f,0.9999668007525112f,0.008023676174552725f,0.75f,-0.5060532488447432f,0.006201582596548868f,-0.8624799416258782f,1.8443749999999997f,0f,0f,0f,1f], start_interpolation: 0, interpolation_duration: 1 }
data modify entity @s data merge value {"locators":{},"cameras":{"camera":{"posx":-5.750000000000001,"posy":1.375,"posz":9.4375,"roty":205.00000000000003,"rotx":0}}}