# This file was generated by Animated Java via MC-Build. It is not recommended to edit this file directly.
$data merge entity $(bone_left_eye) { transformation: [-0.9842368760508236f,-0.14735404955251696f,0.09779854754642547f,-3.0611115174556174f,-0.1362415174764763f,0.9843274349827372f,0.11197209320188661f,1.7346545581583017f,-0.11276533482158002f,0.09688284069317621f,-0.9888870989358682f,2.2106112776541007f,0f,0f,0f,1f], start_interpolation: 0, interpolation_duration: 1 }
$data merge entity $(bone_right_eye) { transformation: [-0.9842368760508236f,-0.14735404955251696f,0.09779854754642547f,-3.307170736468323f,-0.1362415174764763f,0.9843274349827372f,0.11197209320188661f,1.7005941787891827f,-0.11276533482158002f,0.09688284069317621f,-0.9888870989358682f,2.1824199439487053f,0f,0f,0f,1f], start_interpolation: 0, interpolation_duration: 1 }
$data merge entity $(bone_right_close) { transformation: [-0.9842368760508236f,-0.14735404955251696f,0.09779854754642547f,-3.3163803645653553f,-0.1362415174764763f,0.9843274349827372f,0.11197209320188661f,1.7621146434756039f,-0.11276533482158002f,0.09688284069317621f,-0.9888870989358682f,2.188475121492029f,0f,0f,0f,1f], start_interpolation: 0, interpolation_duration: 1 }
$data merge entity $(bone_left_close) { transformation: [-0.9842368760508236f,-0.14735404955251696f,0.09779854754642547f,-3.07032114555265f,-0.1362415174764763f,0.9843274349827372f,0.11197209320188661f,1.7961750228447229f,-0.11276533482158002f,0.09688284069317621f,-0.9888870989358682f,2.2166664551974242f,0f,0f,0f,1f], start_interpolation: 0, interpolation_duration: 1 }
$data merge entity $(bone_left_eyebrow) { transformation: [-0.9842368760508236f,-0.14735404955251696f,0.09779854754642547f,-3.0666434067230584f,-0.1362415174764763f,0.9843274349827372f,0.11197209320188661f,1.7715598387143294f,-0.11276533482158002f,0.09688284069317621f,-0.9888870989358682f,2.2143061896237777f,0f,0f,0f,1f], start_interpolation: 0, interpolation_duration: 1 }
$data merge entity $(bone_right_eyebrow) { transformation: [-0.9842368760508236f,-0.14735404955251696f,0.09779854754642547f,-3.3127026257357644f,-0.1362415174764763f,0.9843274349827372f,0.11197209320188661f,1.7374994593452102f,-0.11276533482158002f,0.09688284069317621f,-0.9888870989358682f,2.1861148559183827f,0f,0f,0f,1f], start_interpolation: 0, interpolation_duration: 1 }
$data merge entity $(bone_talking) { transformation: [-0.9842368760508236f,-0.14735404955251696f,0.09779854754642547f,-3.116740568465583f,-0.1362415174764763f,0.9843274349827372f,0.11197209320188661f,1.5065337888536474f,-0.11276533482158002f,0.09688284069317621f,-0.9888870989358682f,1.86326768221065f,0f,0f,0f,1f], start_interpolation: 0, interpolation_duration: 1 }
$data merge entity $(bone_m_opened) { transformation: [-0.9842368760508236f,-0.14735404955251696f,0.09779854754642547f,-3.116740568465583f,-0.1362415174764763f,0.9843274349827372f,0.11197209320188661f,1.5065337888536474f,-0.11276533482158002f,0.09688284069317621f,-0.9888870989358682f,1.86326768221065f,0f,0f,0f,1f], start_interpolation: 0, interpolation_duration: 1 }
$data merge entity $(bone_head) { transformation: [-0.9842368760508236f,-0.14735404955251696f,0.09779854754642547f,-3.1228529776872347f,-0.1362415174764763f,0.9843274349827372f,0.11197209320188661f,1.4995355330285296f,-0.11276533482158002f,0.09688284069317621f,-0.9888870989358682f,1.9250731258941418f,0f,0f,0f,1f], start_interpolation: 0, interpolation_duration: 1 }
$data merge entity $(item_display_r_item) { transformation: [-0.43451007962047844f,0.000504764331316359f,0.05105865177592679f,-3.448421623384291f,-0.001695815158520894f,0.4370946317210868f,-0.018752523338358373f,1.4633553675736266f,-0.05103297874074805f,-0.018822277587406244f,-0.43410552512870537f,2.393106740718606f,0f,0f,0f,1f], start_interpolation: 0, interpolation_duration: 1 }
$data merge entity $(bone_rightarm) { transformation: [-0.9931658962753793f,0.11670548977354694f,-0.0011537470430087945f,-3.375552801466012f,-0.003876148933762043f,-0.042862910487676056f,-0.9990734439339127f,1.3741239582729596f,-0.11664680855028126f,-0.9922412002941837f,0.043022348771214046f,1.7756448873329418f,0f,0f,0f,1f], start_interpolation: 0, interpolation_duration: 1 }
$data merge entity $(item_display_l_item) { transformation: [0.1940656842855992f,0.39102101967668784f,-0.029108801998114282f,-2.705464507802208f,0.017843268432302727f,0.02363842410634932f,0.4364963833497606f,0.7586090874402467f,0.3916967933930719f,-0.19480769255029864f,-0.005462139582015957f,1.958537631832477f,0f,0f,0f,1f], start_interpolation: 0, interpolation_duration: 1 }
$data merge entity $(bone_leftarm) { transformation: [0.4435787069385125f,-0.06653440456711816f,-0.8937623306895722f,-2.8587688019928534f,0.04078461355954909f,0.9977060190851671f,-0.054030683671655366f,1.3754215139095192f,0.8953069563270215f,-0.012484890473179428f,0.44527472582925404f,2.0063939160153965f,0f,0f,0f,1f], start_interpolation: 0, interpolation_duration: 1 }
$data merge entity $(bone_body) { transformation: [-0.8625019856317749f,-0.005281076004452141f,0.5060261208845653f,-3.1250000000000004f,-0.0014152301563936766f,0.9999668071770341f,0.008023818777414399f,0.75f,-0.506051698845928f,0.0062044162016706905f,-0.8624808306940779f,1.8443749999999997f,0f,0f,0f,1f], start_interpolation: 0, interpolation_duration: 1 }
data modify entity @s data merge value {"locators":{},"cameras":{"camera":{"posx":-5.760135519937309,"posy":1.375,"posz":9.519048307880157,"roty":204.87388832191283,"rotx":0}}}
execute on vehicle unless entity @s[tag=aj.transforms_only] at @s run function animated_java:humanentity/animations/000_mur_2/zzz/frames/zzz/10