# This file was generated by Animated Java via MC-Build. It is not recommended to edit this file directly.
$data merge entity $(bone_left_eye) { transformation: [-0.9842899080485568f,-0.14732367123441897f,0.09730936649560912f,-3.0609714564999164f,-0.13714447881360037f,0.9850623344237941f,0.10413255605473053f,1.7369107998252158f,-0.11119698217447227f,0.0891511816722499f,-0.9897915426804432f,2.2087105427096274f,0f,0f,0f,1f], start_interpolation: 0, interpolation_duration: 1 }
$data merge entity $(bone_right_eye) { transformation: [-0.9842899080485568f,-0.14732367123441897f,0.09730936649560912f,-3.3070439335120554f,-0.13714447881360037f,0.9850623344237941f,0.10413255605473053f,1.702624680121816f,-0.11119698217447227f,0.0891511816722499f,-0.9897915426804432f,2.180911297166009f,0f,0f,0f,1f], start_interpolation: 0, interpolation_duration: 1 }
$data merge entity $(bone_right_close) { transformation: [-0.9842899080485568f,-0.14732367123441897f,0.09730936649560912f,-3.316251662964207f,-0.13714447881360037f,0.9850623344237941f,0.10413255605473053f,1.764191076023303f,-0.11119698217447227f,0.0891511816722499f,-0.9897915426804432f,2.186483246020525f,0f,0f,0f,1f], start_interpolation: 0, interpolation_duration: 1 }
$data merge entity $(bone_left_close) { transformation: [-0.9842899080485568f,-0.14732367123441897f,0.09730936649560912f,-3.070179185952068f,-0.13714447881360037f,0.9850623344237941f,0.10413255605473053f,1.798477195726703f,-0.11119698217447227f,0.0891511816722499f,-0.9897915426804432f,2.214282491564143f,0f,0f,0f,1f], start_interpolation: 0, interpolation_duration: 1 }
$data merge entity $(bone_left_eyebrow) { transformation: [-0.9842899080485568f,-0.14732367123441897f,0.09730936649560912f,-3.066502176006613f,-0.13714447881360037f,0.9850623344237941f,0.10413255605473053f,1.773844129081355f,-0.11119698217447227f,0.0891511816722499f,-0.9897915426804432f,2.212115573993754f,0f,0f,0f,1f], start_interpolation: 0, interpolation_duration: 1 }
$data merge entity $(bone_right_eyebrow) { transformation: [-0.9842899080485568f,-0.14732367123441897f,0.09730936649560912f,-3.312574653018752f,-0.13714447881360037f,0.9850623344237941f,0.10413255605473053f,1.7395580093779548f,-0.11119698217447227f,0.0891511816722499f,-0.9897915426804432f,2.184316328450136f,0f,0f,0f,1f], start_interpolation: 0, interpolation_duration: 1 }
$data merge entity $(bone_talking) { transformation: [-0.9842899080485568f,-0.14732367123441897f,0.09730936649560912f,-3.1167676001675035f,-0.13714447881360037f,0.9850623344237941f,0.10413255605473053f,1.5060435801346705f,-0.11119698217447227f,0.0891511816722499f,-0.9897915426804432f,1.8632132674321173f,0f,0f,0f,1f], start_interpolation: 0, interpolation_duration: 1 }
$data merge entity $(bone_m_opened) { transformation: [-0.9842899080485568f,-0.14732367123441897f,0.09730936649560912f,-3.1167676001675035f,-0.13714447881360037f,0.9850623344237941f,0.10413255605473053f,1.5060435801346705f,-0.11119698217447227f,0.0891511816722499f,-0.9897915426804432f,1.8632132674321173f,0f,0f,0f,1f], start_interpolation: 0, interpolation_duration: 1 }
$data merge entity $(bone_head) { transformation: [-0.9842899080485568f,-0.14732367123441897f,0.09730936649560912f,-3.122849435573479f,-0.13714447881360037f,0.9850623344237941f,0.10413255605473053f,1.49953529538125f,-0.11119698217447227f,0.0891511816722499f,-0.9897915426804432f,1.925075238849645f,0f,0f,0f,1f], start_interpolation: 0, interpolation_duration: 1 }
$data merge entity $(item_display_r_item) { transformation: [-0.4346884514144467f,0.0003485254994400426f,0.049518468644400945f,-3.44624097705044f,-0.0015718979465284381f,0.43717158529900646f,-0.016875548702167155f,1.4606862981468811f,-0.049494740566609595f,-0.01694501511152343f,-0.4343608950160157f,2.393741949270926f,0f,0f,0f,1f], start_interpolation: 0, interpolation_duration: 1 }
$data merge entity $(bone_rightarm) { transformation: [-0.9935736032330209f,0.11318507118720217f,-0.0007966297130057864f,-3.3755500969155015f,-0.0035929095920650012f,-0.038572682747810415f,-0.9992493378263005f,1.3741252878153558f,-0.11313083558082193f,-0.9928249028937501f,0.03873146311205333f,1.775647101406836f,0f,0f,0f,1f], start_interpolation: 0, interpolation_duration: 1 }
$data merge entity $(item_display_l_item) { transformation: [0.19210402183286537f,0.3918971279657747f,-0.030313955331091262f,-2.7034894173553266f,0.01828207035312936f,0.024795730443063893f,0.43641400946280146f,0.7590557592987986f,0.39264240817726426f,-0.19289391603669695f,-0.005488757308030731f,1.9591237370651056f,0f,0f,0f,1f], start_interpolation: 0, interpolation_duration: 1 }
$data merge entity $(bone_leftarm) { transformation: [0.4390949070465494f,-0.06928904075677983f,-0.8957648639217708f,-2.8587656758185354f,0.041787589378581395f,0.9975177359149747f,-0.05667595529843153f,1.3754198498333539f,0.8974683615480326f,-0.012545730989784624f,0.44090037951245015f,2.0063952026355465f,0f,0f,0f,1f], start_interpolation: 0, interpolation_duration: 1 }
$data merge entity $(bone_body) { transformation: [-0.8625029038085585f,-0.005276533213934943f,0.5060246032744325f,-3.1250000000000004f,-0.0014098923209651844f,0.9999668135728836f,0.008023961399280253f,0.75f,-0.5060501488246476f,0.006207249804550926f,-0.862481719762463f,1.8443749999999997f,0f,0f,0f,1f], start_interpolation: 0, interpolation_duration: 1 }
data modify entity @s data merge value {"locators":{},"cameras":{"camera":{"posx":-5.769190115177141,"posy":1.375,"posz":9.596032584924917,"roty":204.82213150605048,"rotx":0}}}