# This file was generated by Animated Java via MC-Build. It is not recommended to edit this file directly.
$data merge entity $(bone_left_eye) { transformation: [-0.9847359289732273f,-0.14495072941868842f,0.09635577943343826f,-3.060080529554553f,-0.13569126919288813f,0.9860325221422404f,0.09658025027217358f,1.7388595343281226f,-0.10900930994212543f,0.0820314044668424f,-0.99065020013481f,2.2068739166956743f,0f,0f,0f,1f], start_interpolation: 0, interpolation_duration: 1 }
$data merge entity $(bone_right_eye) { transformation: [-0.9847359289732273f,-0.14495072941868842f,0.09635577943343826f,-3.3062645117978593f,-0.13569126919288813f,0.9860325221422404f,0.09658025027217358f,1.7049367170299006f,-0.10900930994212543f,0.0820314044668424f,-0.99065020013481f,2.1796215892101434f,0f,0f,0f,1f], start_interpolation: 0, interpolation_duration: 1 }
$data merge entity $(bone_right_close) { transformation: [-0.9847359289732273f,-0.14495072941868842f,0.09635577943343826f,-3.3153239323865273f,-0.13569126919288813f,0.9860325221422404f,0.09658025027217358f,1.7665637496637907f,-0.10900930994212543f,0.0820314044668424f,-0.99065020013481f,2.1847485519893213f,0f,0f,0f,1f], start_interpolation: 0, interpolation_duration: 1 }
$data merge entity $(bone_left_close) { transformation: [-0.9847359289732273f,-0.14495072941868842f,0.09635577943343826f,-3.069139950143221f,-0.13569126919288813f,0.9860325221422404f,0.09658025027217358f,1.8004865669620127f,-0.10900930994212543f,0.0820314044668424f,-0.99065020013481f,2.2120008794748522f,0f,0f,0f,1f], start_interpolation: 0, interpolation_duration: 1 }
$data merge entity $(bone_left_eyebrow) { transformation: [-0.9847359289732273f,-0.14495072941868842f,0.09635577943343826f,-3.065522204143968f,-0.13569126919288813f,0.9860325221422404f,0.09658025027217358f,1.7758297176428146f,-0.10900930994212543f,0.0820314044668424f,-0.99065020013481f,2.21001201000069f,0f,0f,0f,1f], start_interpolation: 0, interpolation_duration: 1 }
$data merge entity $(bone_right_eyebrow) { transformation: [-0.9847359289732273f,-0.14495072941868842f,0.09635577943343826f,-3.311706186387275f,-0.13569126919288813f,0.9860325221422404f,0.09658025027217358f,1.7419069003445926f,-0.10900930994212543f,0.0820314044668424f,-0.99065020013481f,2.1827596825151585f,0f,0f,0f,1f], start_interpolation: 0, interpolation_duration: 1 }
$data merge entity $(bone_talking) { transformation: [-0.9847359289732273f,-0.14495072941868842f,0.09635577943343826f,-3.1168236572485846f,-0.13569126919288813f,0.9860325221422404f,0.09658025027217358f,1.5055713233535057f,-0.10900930994212543f,0.0820314044668424f,-0.99065020013481f,1.8631617142940704f,0f,0f,0f,1f], start_interpolation: 0, interpolation_duration: 1 }
$data merge entity $(bone_m_opened) { transformation: [-0.9847359289732273f,-0.14495072941868842f,0.09635577943343826f,-3.1168236572485846f,-0.13569126919288813f,0.9860325221422404f,0.09658025027217358f,1.5055713233535057f,-0.10900930994212543f,0.0820314044668424f,-0.99065020013481f,1.8631617142940704f,0f,0f,0f,1f], start_interpolation: 0, interpolation_duration: 1 }
$data merge entity $(bone_head) { transformation: [-0.9847359289732273f,-0.14495072941868842f,0.09635577943343826f,-3.1228458934631744f,-0.13569126919288813f,0.9860325221422404f,0.09658025027217358f,1.499535057711495f,-0.10900930994212543f,0.0820314044668424f,-0.99065020013481f,1.925077351802496f,0f,0f,0f,1f], start_interpolation: 0, interpolation_duration: 1 }
$data merge entity $(item_display_r_item) { transformation: [-0.4348607520185805f,0.00019519914448453012f,0.047982686993629675f,-3.4440662024741444f,-0.0014364303595308697f,0.4372473406363626f,-0.014796951518837205f,1.4577290253123643f,-0.04796157859846628f,-0.014865228007756637f,-0.43460897594805903f,2.394395677123933f,0f,0f,0f,1f], start_interpolation: 0, interpolation_duration: 1 }
$data merge entity $(bone_rightarm) { transformation: [-0.9939674331853269f,0.10967471312829641f,-0.00044616947310747307f,-3.375547392361028f,-0.0032832693932134164f,-0.03382160347162767f,-0.9994224928831146f,1.3741266173374023f,-0.10962646536792292f,-0.9933919450241349f,0.03397766401772923f,1.7756493154849573f,0f,0f,0f,1f], start_interpolation: 0, interpolation_duration: 1 }
$data merge entity $(item_display_l_item) { transformation: [0.1901071395222219f,0.3927600179248961f,-0.03170321469999197f,-2.701255094961151f,0.01872364626942437f,0.026156217535597347f,0.4363158573265565f,0.7595830231416242f,0.3935923659994639f,-0.1909493927821344f,-0.005443236452537455f,1.9596155719560042f,0f,0f,0f,1f], start_interpolation: 0, interpolation_duration: 1 }
$data merge entity $(bone_leftarm) { transformation: [0.4345306046222215f,-0.07246449074283857f,-0.897737183828334f,-2.858762549653967f,0.04279690575868427f,0.9972933881749863f,-0.05978564008136514f,1.3754181857408199f,0.8996396937130604f,-0.01244168332008571f,0.43645575493059297f,2.0063964892472748f,0f,0f,0f,1f], start_interpolation: 0, interpolation_duration: 1 }
$data merge entity $(bone_body) { transformation: [-0.862503821961717f,-0.005271990427204963f,0.5060230856575283f,-3.1250000000000004f,-0.001404554490503389f,0.9999668199400599f,0.008024104040150352f,0.75f,-0.5060485987809015f,0.006210083405189473f,-0.8624826088310342f,1.8443749999999997f,0f,0f,0f,1f], start_interpolation: 0, interpolation_duration: 1 }
data modify entity @s data merge value {"locators":{},"cameras":{"camera":{"posx":-5.777208207282404,"posy":1.375,"posz":9.66860659808281,"roty":204.84117582738008,"rotx":0}}}