# This file was generated by Animated Java via MC-Build. It is not recommended to edit this file directly.
$data merge entity $(bone_left_eye) { transformation: [-0.9855357101144615f,-0.1399415180988658f,0.09558104206048812f,-3.0585310276318514f,-0.13143413757657452f,0.9872147753720872f,0.09017790619958639f,1.7402233045094617f,-0.10697865006012214f,0.07631093499115413f,-0.9913285074242997f,2.2053616566140724f,0f,0f,0f,1f], start_interpolation: 0, interpolation_duration: 1 }
$data merge entity $(bone_right_eye) { transformation: [-0.9855357101144615f,-0.1399415180988658f,0.09558104206048812f,-3.304914955160467f,-0.13143413757657452f,0.9872147753720872f,0.09017790619958639f,1.707364770115318f,-0.10697865006012214f,0.07631093499115413f,-0.9913285074242997f,2.178616994099042f,0f,0f,0f,1f], start_interpolation: 0, interpolation_duration: 1 }
$data merge entity $(bone_right_close) { transformation: [-0.9855357101144615f,-0.1399415180988658f,0.09558104206048812f,-3.3136613000416464f,-0.13143413757657452f,0.9872147753720872f,0.09017790619958639f,1.7690656935760736f,-0.10697865006012214f,0.07631093499115413f,-0.9913285074242997f,2.1833864275359893f,0f,0f,0f,1f], start_interpolation: 0, interpolation_duration: 1 }
$data merge entity $(bone_left_close) { transformation: [-0.9855357101144615f,-0.1399415180988658f,0.09558104206048812f,-3.067277372513031f,-0.13143413757657452f,0.9872147753720872f,0.09017790619958639f,1.8019242279702172f,-0.10697865006012214f,0.07631093499115413f,-0.9913285074242997f,2.2101310900510196f,0f,0f,0f,1f], start_interpolation: 0, interpolation_duration: 1 }
$data merge entity $(bone_left_eyebrow) { transformation: [-0.9855357101144615f,-0.1399415180988658f,0.09558104206048812f,-3.063784808375688f,-0.13143413757657452f,0.9872147753720872f,0.09017790619958639f,1.7772382224667775f,-0.10697865006012214f,0.07631093499115413f,-0.9913285074242997f,2.2082852747079547f,0f,0f,0f,1f], start_interpolation: 0, interpolation_duration: 1 }
$data merge entity $(bone_right_eyebrow) { transformation: [-0.9855357101144615f,-0.1399415180988658f,0.09558104206048812f,-3.3101687359043033f,-0.13143413757657452f,0.9872147753720872f,0.09017790619958639f,1.744379688072634f,-0.10697865006012214f,0.07631093499115413f,-0.9913285074242997f,2.1815406121929244f,0f,0f,0f,1f], start_interpolation: 0, interpolation_duration: 1 }
$data merge entity $(bone_talking) { transformation: [-0.9855357101144615f,-0.1399415180988658f,0.09558104206048812f,-3.1168685362275403f,-0.13143413757657452f,0.9872147753720872f,0.09017790619958639f,1.5051709391567387f,-0.10697865006012214f,0.07631093499115413f,-0.9913285074242997f,1.8631214330386752f,0f,0f,0f,1f], start_interpolation: 0, interpolation_duration: 1 }
$data merge entity $(bone_m_opened) { transformation: [-0.9855357101144615f,-0.1399415180988658f,0.09558104206048812f,-3.1168685362275403f,-0.13143413757657452f,0.9872147753720872f,0.09017790619958639f,1.5051709391567387f,-0.10697865006012214f,0.07631093499115413f,-0.9913285074242997f,1.8631214330386752f,0f,0f,0f,1f], start_interpolation: 0, interpolation_duration: 1 }
$data merge entity $(bone_head) { transformation: [-0.9855357101144615f,-0.1399415180988658f,0.09558104206048812f,-3.122842351356321f,-0.13143413757657452f,0.9872147753720872f,0.09017790619958639f,1.4995348200192646f,-0.10697865006012214f,0.07631093499115413f,-0.9913285074242997f,1.9250794647526939f,0f,0f,0f,1f], start_interpolation: 0, interpolation_duration: 1 }
$data merge entity $(item_display_r_item) { transformation: [-0.4350230028932926f,0.000059719396384787713f,0.04648906739542141f,-3.4419491098822825f,-0.001293648943087079f,0.4373146695516965f,-0.01266713334983628f,1.4546973758462494f,-0.046471103129949363f,-0.012732879818963934f,-0.43483854514681813f,2.3950304683743364f,0f,0f,0f,1f], start_interpolation: 0, interpolation_duration: 1 }
$data merge entity $(bone_rightarm) { transformation: [-0.9943382923275259f,0.10626072547524895f,-0.00013650147745091976f,-3.3755446878025928f,-0.0029569118699133232f,-0.028953447656768418f,-0.9995763875467348f,1.3741279468390981f,-0.10621966429702712f,-0.9939166746212986f,0.02910372530048877f,1.7756515295673054f,0f,0f,0f,1f], start_interpolation: 0, interpolation_duration: 1 }
$data merge entity $(item_display_l_item) { transformation: [0.18816533050857515f,0.39357743993916605f,-0.03311883400016763f,-2.6989961063734333f,0.019148039110589234f,0.02755193473318587f,0.4362115237939933f,0.7601291832785507f,0.3945040063076899f,-0.18906067720017886f,-0.0053758109892117194f,1.9600601694922617f,0f,0f,0f,1f], start_interpolation: 0, interpolation_duration: 1 }
$data merge entity $(bone_leftarm) { transformation: [0.43009218401960037f,-0.07570019200038294f,-0.899605577003808f,-2.8587594234991487f,0.04376694653848968f,0.9970549115291276f,-0.06297585081871034f,1.3754165216319167f,0.9017234429890055f,-0.012287567975341168f,0.43213869074326594f,2.0063977758505818f,0f,0f,0f,1f], start_interpolation: 0, interpolation_duration: 1 }
$data merge entity $(bone_body) { transformation: [-0.862504740091251f,-0.005267447644262326f,0.5060215680338521f,-3.1250000000000004f,-0.001399216665008502f,0.9999668262785628f,0.008024246700024747f,0.75f,-0.5060470487146901f,0.006212917003586222f,-0.8624834978997908f,1.8443749999999997f,0f,0f,0f,1f], start_interpolation: 0, interpolation_duration: 1 }
data modify entity @s data merge value {"locators":{},"cameras":{"camera":{"posx":-5.784234217816009,"posy":1.375,"posz":9.736924114302376,"roty":204.92746756086896,"rotx":0}}}