# This file was generated by Animated Java via MC-Build. It is not recommended to edit this file directly.
$data merge entity $(bone_left_eye) { transformation: [-0.986628739977919f,-0.13197450017022958f,0.09563713062614482f,-3.0564131244547714f,-0.12391999655445624f,0.9885773757990611f,0.08578232051061074f,1.7407233456959788f,-0.1058657824961764f,0.07278394990009593f,-0.9917131302616762f,2.2044390705527044f,0f,0f,0f,1f], start_interpolation: 0, interpolation_duration: 1 }
$data merge entity $(bone_right_eye) { transformation: [-0.986628739977919f,-0.13197450017022958f,0.09563713062614482f,-3.3030703094492515f,-0.12391999655445624f,0.9885773757990611f,0.08578232051061074f,1.7097433465573648f,-0.1058657824961764f,0.07278394990009593f,-0.9917131302616762f,2.17797262492866f,0f,0f,0f,1f], start_interpolation: 0, interpolation_duration: 1 }
$data merge entity $(bone_right_close) { transformation: [-0.986628739977919f,-0.13197450017022958f,0.09563713062614482f,-3.311318715709891f,-0.12391999655445624f,0.9885773757990611f,0.08578232051061074f,1.771529432544806f,-0.1058657824961764f,0.07278394990009593f,-0.9917131302616762f,2.182521621797416f,0f,0f,0f,1f], start_interpolation: 0, interpolation_duration: 1 }
$data merge entity $(bone_left_close) { transformation: [-0.986628739977919f,-0.13197450017022958f,0.09563713062614482f,-3.064661530715411f,-0.12391999655445624f,0.9885773757990611f,0.08578232051061074f,1.80250943168342f,-0.1058657824961764f,0.07278394990009593f,-0.9917131302616762f,2.2089880674214606f,0f,0f,0f,1f], start_interpolation: 0, interpolation_duration: 1 }
$data merge entity $(bone_left_eyebrow) { transformation: [-0.986628739977919f,-0.13197450017022958f,0.09563713062614482f,-3.0613681455318194f,-0.12391999655445624f,0.9885773757990611f,0.08578232051061074f,1.7777896358934118f,-0.1058657824961764f,0.07278394990009593f,-0.9917131302616762f,2.207230450744599f,0f,0f,0f,1f], start_interpolation: 0, interpolation_duration: 1 }
$data merge entity $(bone_right_eyebrow) { transformation: [-0.986628739977919f,-0.13197450017022958f,0.09563713062614482f,-3.308025330526299f,-0.12391999655445624f,0.9885773757990611f,0.08578232051061074f,1.7468096367547978f,-0.1058657824961764f,0.07278394990009593f,-0.9917131302616762f,2.180764005120555f,0f,0f,0f,1f], start_interpolation: 0, interpolation_duration: 1 }
$data merge entity $(bone_talking) { transformation: [-0.986628739977919f,-0.13197450017022958f,0.09563713062614482f,-3.1168614885887838f,-0.12391999655445624f,0.9885773757990611f,0.08578232051061074f,1.5048959773364723f,-0.1058657824961764f,0.07278394990009593f,-0.9917131302616762f,1.8630995070588845f,0f,0f,0f,1f], start_interpolation: 0, interpolation_duration: 1 }
$data merge entity $(bone_m_opened) { transformation: [-0.986628739977919f,-0.13197450017022958f,0.09563713062614482f,-3.1168614885887838f,-0.12391999655445624f,0.9885773757990611f,0.08578232051061074f,1.5048959773364723f,-0.1058657824961764f,0.07278394990009593f,-0.9917131302616762f,1.8630995070588845f,0f,0f,0f,1f], start_interpolation: 0, interpolation_duration: 1 }
$data merge entity $(bone_head) { transformation: [-0.986628739977919f,-0.13197450017022958f,0.09563713062614482f,-3.122838809252918f,-0.12391999655445624f,0.9885773757990611f,0.08578232051061074f,1.4995345823045592f,-0.1058657824961764f,0.07278394990009593f,-0.9917131302616762f,1.9250815777002392f,0f,0f,0f,1f], start_interpolation: 0, interpolation_duration: 1 }
$data merge entity $(item_display_r_item) { transformation: [-0.4351717371054736f,-0.00004574567769998727f,0.04507557134344033f,-3.439942191684781f,-0.0011477391974969013f,0.4373691724772656f,-0.010636712898559844f,1.4518058908151386f,-0.04506098000864087f,-0.010698358466831814f,-0.4350417258226801f,2.395613586476733f,0f,0f,0f,1f], start_interpolation: 0, interpolation_duration: 1 }
$data merge entity $(bone_rightarm) { transformation: [-0.9946782562410824f,0.10302987735643504f,0.00010456154902856521f,-3.375541983240195f,-0.0026234038799929174f,-0.02431248662527942f,-0.9997009656623214f,1.3741292763204438f,-0.10299652573403628f,-0.9943810875946973f,0.02445339078132964f,1.7756537436538804f,0f,0f,0f,1f], start_interpolation: 0, interpolation_duration: 1 }
$data merge entity $(item_display_l_item) { transformation: [0.18636978574742835f,0.394321038304752f,-0.0344016236640089f,-2.6969479668898524f,0.019535995329041482f,0.028814256515051925f,0.4361127532049349f,0.7606292833610393f,0.39533643627543535f,-0.18731499505311167f,-0.0053333649126462886f,1.960499585162644f,0f,0f,0f,1f], start_interpolation: 0, interpolation_duration: 1 }
$data merge entity $(bone_leftarm) { transformation: [0.4259880817084077f,-0.07863228266059157f,-0.9013052304108617f,-2.8587562973540797f,0.04465370360923768f,0.9968291501827083f,-0.06586115774868989f,1.3754148575066458f,0.903626140058138f,-0.01219054837176304f,0.42814856012139807f,2.006399062445467f,0f,0f,0f,1f], start_interpolation: 0, interpolation_duration: 1 }
$data merge entity $(bone_body) { transformation: [-0.8625056581971602f,-0.0052629048651071575f,0.5060200504034049f,-3.1250000000000004f,-0.0013938788444807393f,0.9999668325883927f,0.008024389378903487f,0.75f,-0.5060454986260132f,0.00621575059974107f,-0.8624843869687331f,1.8443749999999997f,0f,0f,0f,1f], start_interpolation: 0, interpolation_duration: 1 }
data modify entity @s data merge value {"locators":{},"cameras":{"camera":{"posx":-5.790312568340867,"posy":1.375,"posz":9.801138900532148,"roty":205.0774529814842,"rotx":0}}}