# This file was generated by Animated Java via MC-Build. It is not recommended to edit this file directly.
$data merge entity $(bone_left_eye) { transformation: [-0.9869738947345327f,-0.12923776358105302f,0.09581300317345076f,-3.0557262219997754f,-0.1212447299698314f,0.988973677234558f,0.08503400020990916f,1.7406748550697695f,-0.10574614209081329f,0.07230951667466745f,-0.9917605997574142f,2.204319487514504f,0f,0f,0f,1f], start_interpolation: 0, interpolation_duration: 1 }
$data merge entity $(bone_right_eye) { transformation: [-0.9869738947345327f,-0.12923776358105302f,0.09581300317345076f,-3.3024696956834085f,-0.1212447299698314f,0.988973677234558f,0.08503400020990916f,1.7103636725773117f,-0.10574614209081329f,0.07230951667466745f,-0.9917605997574142f,2.177882951991801f,0f,0f,0f,1f], start_interpolation: 0, interpolation_duration: 1 }
$data merge entity $(bone_right_close) { transformation: [-0.9869738947345327f,-0.12923776358105302f,0.09581300317345076f,-3.3105470559072248f,-0.1212447299698314f,0.988973677234558f,0.08503400020990916f,1.7721745274044716f,-0.10574614209081329f,0.07230951667466745f,-0.9917605997574142f,2.182402296783968f,0f,0f,0f,1f], start_interpolation: 0, interpolation_duration: 1 }
$data merge entity $(bone_left_close) { transformation: [-0.9869738947345327f,-0.12923776358105302f,0.09581300317345076f,-3.0638035822235916f,-0.1212447299698314f,0.988973677234558f,0.08503400020990916f,1.8024857098969294f,-0.10574614209081329f,0.07230951667466745f,-0.9917605997574142f,2.2088388323066708f,0f,0f,0f,1f], start_interpolation: 0, interpolation_duration: 1 }
$data merge entity $(bone_left_eyebrow) { transformation: [-0.9869738947345327f,-0.12923776358105302f,0.09581300317345076f,-3.0605786264467634f,-0.1212447299698314f,0.988973677234558f,0.08503400020990916f,1.7777560533410524f,-0.10574614209081329f,0.07230951667466745f,-0.9917605997574142f,2.2070930794272887f,0f,0f,0f,1f], start_interpolation: 0, interpolation_duration: 1 }
$data merge entity $(bone_right_eyebrow) { transformation: [-0.9869738947345327f,-0.12923776358105302f,0.09581300317345076f,-3.3073221001303965f,-0.1212447299698314f,0.988973677234558f,0.08503400020990916f,1.7474448708485946f,-0.10574614209081329f,0.07230951667466745f,-0.9917605997574142f,2.1806565439045853f,0f,0f,0f,1f], start_interpolation: 0, interpolation_duration: 1 }
$data merge entity $(bone_talking) { transformation: [-0.9869738947345327f,-0.12923776358105302f,0.09581300317345076f,-3.1168469544546253f,-0.1212447299698314f,0.988973677234558f,0.08503400020990916f,1.5048489695804976f,-0.10574614209081329f,0.07230951667466745f,-0.9917605997574142f,1.8630986531602938f,0f,0f,0f,1f], start_interpolation: 0, interpolation_duration: 1 }
$data merge entity $(bone_m_opened) { transformation: [-0.9869738947345327f,-0.12923776358105302f,0.09581300317345076f,-3.1168469544546253f,-0.1212447299698314f,0.988973677234558f,0.08503400020990916f,1.5048489695804976f,-0.10574614209081329f,0.07230951667466745f,-0.9917605997574142f,1.8630986531602938f,0f,0f,0f,1f], start_interpolation: 0, interpolation_duration: 1 }
$data merge entity $(bone_head) { transformation: [-0.9869738947345327f,-0.12923776358105302f,0.09581300317345076f,-3.122835267152966f,-0.1212447299698314f,0.988973677234558f,0.08503400020990916f,1.4995343445673783f,-0.10574614209081329f,0.07230951667466745f,-0.9917605997574142f,1.925083690645132f,0f,0f,0f,1f], start_interpolation: 0, interpolation_duration: 1 }
$data merge entity $(item_display_r_item) { transformation: [-0.43530394651868737f,-0.0001115626658562834f,0.04378026609132654f,-3.438098453470853f,-0.0010028348695450165f,0.4374091984935793f,-0.008856488888319419f,1.4492697611209782f,-0.043768921251045145f,-0.00891238615501418f,-0.4352138565183141f,2.3961168404629856f,0f,0f,0f,1f], start_interpolation: 0, interpolation_duration: 1 }
$data merge entity $(bone_rightarm) { transformation: [-0.9949804491855712f,0.10006917963731782f,0.00025500037910009855f,-3.3755392786738354f,-0.0022921939875314664f,-0.020243403173301307f,-0.9997924536996098f,1.3741306057814393f,-0.10004324857381747f,-0.994774529184718f,0.020371168354317903f,1.7756559577446818f,0f,0f,0f,1f], start_interpolation: 0, interpolation_duration: 1 }
$data merge entity $(item_display_l_item) { transformation: [0.18481244896402796f,0.39496591299125067f,-0.035391189340092645f,-2.695346925592557f,0.01986888220955947f,0.029774007763486647f,0.4360332395373574f,0.7610154248154916f,0.3960502950733166f,-0.18580012388770784f,-0.005359826084046456f,1.9609714937555092f,0f,0f,0f,1f], start_interpolation: 0, interpolation_duration: 1 }
$data merge entity $(bone_leftarm) { transformation: [0.422428454774921f,-0.08089414706306869f,-0.9027792296942873f,-2.858753171218761f,0.0454145879075645f,0.9966474046568169f,-0.06805487488796925f,1.375413193365006f,0.905257817310438f,-0.012251031049249139f,0.4246859974576179f,2.0064003490319307f,0f,0f,0f,1f], start_interpolation: 0, interpolation_duration: 1 }
$data merge entity $(bone_body) { transformation: [-0.8625065762794445f,-0.005258362089739578f,0.5060185327661864f,-3.1250000000000004f,-0.0013885410289203146f,0.9999668388695495f,0.008024532076786627f,0.75f,-0.5060439485148713f,0.0062185841936539055f,-0.8624852760378607f,1.8443749999999997f,0f,0f,0f,1f], start_interpolation: 0, interpolation_duration: 1 }
data modify entity @s data merge value {"locators":{},"cameras":{"camera":{"posx":-5.795487680419887,"posy":1.375,"posz":9.861404723720659,"roty":205.28757836419302,"rotx":0}}}