# This file was generated by Animated Java via MC-Build. It is not recommended to edit this file directly.
$data merge entity $(bone_left_eye) { transformation: [-0.9873740371807287f,-0.12601699826093737f,0.09598034616905371f,-3.054909306516372f,-0.11807323340059712f,0.9894120217642934f,0.08439527677910354f,1.7405474472290945f,-0.10559934779986396f,0.07199699533727967f,-0.9917989768126638f,2.2042347150998407f,0f,0f,0f,1f], start_interpolation: 0, interpolation_duration: 1 }
$data merge entity $(bone_right_eye) { transformation: [-0.9873740371807287f,-0.12601699826093737f,0.09598034616905371f,-3.3017528158115543f,-0.11807323340059712f,0.9894120217642934f,0.08439527677910354f,1.7110291388789451f,-0.10559934779986396f,0.07199699533727967f,-0.9917989768126638f,2.177834878149875f,0f,0f,0f,1f], start_interpolation: 0, interpolation_duration: 1 }
$data merge entity $(bone_right_close) { transformation: [-0.9873740371807287f,-0.12601699826093737f,0.09598034616905371f,-3.3096288782028633f,-0.11807323340059712f,0.9894120217642934f,0.08439527677910354f,1.7728673902392136f,-0.10559934779986396f,0.07199699533727967f,-0.9917989768126638f,2.1823346903584544f,0f,0f,0f,1f], start_interpolation: 0, interpolation_duration: 1 }
$data merge entity $(bone_left_close) { transformation: [-0.9873740371807287f,-0.12601699826093737f,0.09598034616905371f,-3.062785368907681f,-0.11807323340059712f,0.9894120217642934f,0.08439527677910354f,1.802385698589363f,-0.10559934779986396f,0.07199699533727967f,-0.9917989768126638f,2.2087345273084202f,0f,0f,0f,1f], start_interpolation: 0, interpolation_duration: 1 }
$data merge entity $(bone_left_eyebrow) { transformation: [-0.9873740371807287f,-0.12601699826093737f,0.09598034616905371f,-3.059640942722793f,-0.11807323340059712f,0.9894120217642934f,0.08439527677910354f,1.7776451233404569f,-0.10559934779986396f,0.07199699533727967f,-0.9917989768126638f,2.2069965898610393f,0f,0f,0f,1f], start_interpolation: 0, interpolation_duration: 1 }
$data merge entity $(bone_right_eyebrow) { transformation: [-0.9873740371807287f,-0.12601699826093737f,0.09598034616905371f,-3.3064844520179753f,-0.11807323340059712f,0.9894120217642934f,0.08439527677910354f,1.7481268149903075f,-0.10559934779986396f,0.07199699533727967f,-0.9917989768126638f,2.180596752911073f,0f,0f,0f,1f], start_interpolation: 0, interpolation_duration: 1 }
$data merge entity $(bone_talking) { transformation: [-0.9873740371807287f,-0.12601699826093737f,0.09598034616905371f,-3.1168329534208996f,-0.11807323340059712f,0.9894120217642934f,0.08439527677910354f,1.5048088116064164f,-0.10559934779986396f,0.07199699533727967f,-0.9917989768126638f,1.8630983675365802f,0f,0f,0f,1f], start_interpolation: 0, interpolation_duration: 1 }
$data merge entity $(bone_m_opened) { transformation: [-0.9873740371807287f,-0.12601699826093737f,0.09598034616905371f,-3.1168329534208996f,-0.11807323340059712f,0.9894120217642934f,0.08439527677910354f,1.5048088116064164f,-0.10559934779986396f,0.07199699533727967f,-0.9917989768126638f,1.8630983675365802f,0f,0f,0f,1f], start_interpolation: 0, interpolation_duration: 1 }
$data merge entity $(bone_head) { transformation: [-0.9873740371807287f,-0.12601699826093737f,0.09598034616905371f,-3.1228317250564657f,-0.11807323340059712f,0.9894120217642934f,0.08439527677910354f,1.4995341068077224f,-0.10559934779986396f,0.07199699533727967f,-0.9917989768126638f,1.9250858035873717f,0f,0f,0f,1f], start_interpolation: 0, interpolation_duration: 1 }
$data merge entity $(item_display_r_item) { transformation: [-0.435416995951681f,-0.00013014277129621434f,0.04264120893305996f,-3.436471178689499f,-0.0008630208811963088f,0.43743524531346384f,-0.007477389417989876f,1.447304669435422f,-0.04263267328437688f,-0.00752590329520161f,-0.4353528062941811f,2.396515623217797f,0f,0f,0f,1f], start_interpolation: 0, interpolation_duration: 1 }
$data merge entity $(bone_rightarm) { transformation: [-0.9952388478895565f,0.09746562041842277f,0.00029746919153422584f,-3.3755365741035135f,-0.0019726191570201344f,-0.017091175812548067f,-0.9998519892879173f,1.3741319352220844f,-0.09744611036429002f,-0.9950921286724139f,0.017202064674746317f,1.77565817183971f,0f,0f,0f,1f], start_interpolation: 0, interpolation_duration: 1 }
$data merge entity $(item_display_l_item) { transformation: [0.18358577606435214f,0.39548932794700065f,-0.035926373416743894f,-2.694429703655844f,0.02012851557987004f,0.030261625465037977f,0.4359877600171417f,0.7612180507439494f,0.39660730664903354f,-0.1846041047870917f,-0.00549716366465321f,1.9615106966203082f,0f,0f,0f,1f], start_interpolation: 0, interpolation_duration: 1 }
$data merge entity $(bone_leftarm) { transformation: [0.4196246310042335f,-0.08211742495255726f,-0.9039756067360014f,-2.858750045093193f,0.04600803561113152f,0.9965434514677524f,-0.0691694296343723f,1.3754115292069982f,0.9065309866263623f,-0.012564945519207431f,0.4219522395133524f,2.0064016356099725f,0f,0f,0f,1f], start_interpolation: 0, interpolation_duration: 1 }
$data merge entity $(bone_body) { transformation: [-0.8625074943381041f,-0.005253819318159721f,0.5060170151221964f,-3.1250000000000004f,-0.001383203218327444f,0.9999668451220334f,0.008024674793674231f,0.75f,-0.5060423983812641f,0.006221417785324634f,-0.8624861651071734f,1.8443749999999997f,0f,0f,0f,1f], start_interpolation: 0, interpolation_duration: 1 }
data modify entity @s data merge value {"locators":{},"cameras":{"camera":{"posx":-5.79980397561598,"posy":1.375,"posz":9.917875350816447,"roty":205.55428998396272,"rotx":0}}}