# This file was generated by Animated Java via MC-Build. It is not recommended to edit this file directly.
$data merge entity $(bone_left_eye) { transformation: [0.10574006873309949f,-0.10951705660733196f,0.9883446019361797f,-1.216344717633152f,0.056710491887166065f,0.9929631999522489f,0.1039615489039378f,1.714447767462575f,-0.9927753814303791f,0.045056607203124224f,0.11120676316262551f,1.932422446344894f,0f,0f,0f,1f], start_interpolation: 0, interpolation_duration: 1 }
$data merge entity $(bone_right_eye) { transformation: [0.10574006873309949f,-0.10951705660733196f,0.9883446019361797f,-1.189909700449877f,0.056710491887166065f,0.9929631999522489f,0.1039615489039378f,1.7286253904343667f,-0.9927753814303791f,0.045056607203124224f,0.11120676316262551f,1.6842286009872993f,0f,0f,0f,1f], start_interpolation: 0, interpolation_duration: 1 }
$data merge entity $(bone_right_close) { transformation: [0.10574006873309949f,-0.10951705660733196f,0.9883446019361797f,-1.1967545164878355f,0.056710491887166065f,0.9929631999522489f,0.1039615489039378f,1.7906855904313823f,-0.9927753814303791f,0.045056607203124224f,0.11120676316262551f,1.6870446389374947f,0f,0f,0f,1f], start_interpolation: 0, interpolation_duration: 1 }
$data merge entity $(bone_left_close) { transformation: [0.10574006873309949f,-0.10951705660733196f,0.9883446019361797f,-1.2231895336711105f,0.056710491887166065f,0.9929631999522489f,0.1039615489039378f,1.7765079674595907f,-0.9927753814303791f,0.045056607203124224f,0.11120676316262551f,1.9352384842950894f,0f,0f,0f,1f], start_interpolation: 0, interpolation_duration: 1 }
$data merge entity $(bone_left_eyebrow) { transformation: [0.10574006873309949f,-0.10951705660733196f,0.9883446019361797f,-1.220513378793548f,0.056710491887166065f,0.9929631999522489f,0.1039615489039378f,1.751677389863978f,-0.9927753814303791f,0.045056607203124224f,0.11120676316262551f,1.9341051186923137f,0f,0f,0f,1f], start_interpolation: 0, interpolation_duration: 1 }
$data merge entity $(bone_right_eyebrow) { transformation: [0.10574006873309949f,-0.10951705660733196f,0.9883446019361797f,-1.1940783616102733f,0.056710491887166065f,0.9929631999522489f,0.1039615489039378f,1.7658550128357695f,-0.9927753814303791f,0.045056607203124224f,0.11120676316262551f,1.685911273334719f,0f,0f,0f,1f], start_interpolation: 0, interpolation_duration: 1 }
$data merge entity $(bone_talking) { transformation: [0.10574006873309949f,-0.10951705660733196f,0.9883446019361797f,-0.8668902567846255f,0.056710491887166065f,0.9929631999522489f,0.1039615489039378f,1.5057837629928894f,-0.9927753814303791f,0.045056607203124224f,0.11120676316262551f,1.831813485353636f,0f,0f,0f,1f], start_interpolation: 0, interpolation_duration: 1 }
$data merge entity $(bone_m_opened) { transformation: [0.10574006873309949f,-0.10951705660733196f,0.9883446019361797f,-0.8668902567846255f,0.056710491887166065f,0.9929631999522489f,0.1039615489039378f,1.5057837629928894f,-0.9927753814303791f,0.045056607203124224f,0.11120676316262551f,1.831813485353636f,0f,0f,0f,1f], start_interpolation: 0, interpolation_duration: 1 }
$data merge entity $(bone_head) { transformation: [0.10574006873309949f,-0.10951705660733196f,0.9883446019361797f,-0.9286617944056368f,0.056710491887166065f,0.9929631999522489f,0.1039615489039378f,1.4992861661863932f,-0.9927753814303791f,0.045056607203124224f,0.11120676316262551f,1.824863062655972f,0f,0f,0f,1f], start_interpolation: 0, interpolation_duration: 1 }
$data merge entity $(item_display_r_item) { transformation: [-0.12654474904076565f,-0.02705612014137838f,0.41792420706762723f,-1.6441127261641664f,-0.0011525364934836066f,0.4366068971726231f,0.02791664379766544f,1.3968966326595136f,-0.41879750255922105f,0.0069737869332123f,-0.126357699195456f,1.715571410763691f,0f,0f,0f,1f], start_interpolation: 0, interpolation_duration: 1 }
$data merge entity $(bone_rightarm) { transformation: [-0.2892451406646072f,0.9552553304402908f,0.061842560323150796f,-1.0432129846187879f,-0.0026343691279625296f,0.06380947153752123f,-0.9979586221088528f,1.374405138488661f,-0.9572514344210766f,-0.2888175981610423f,-0.015940084418771035f,1.5340641566368665f,0f,0f,0f,1f], start_interpolation: 0, interpolation_duration: 1 }
$data merge entity $(item_display_l_item) { transformation: [-0.16742400165972676f,-0.4038615281647565f,-0.01647178608018432f,-0.895893724465988f,0f,-0.01782893277807634f,0.4371365680836995f,0.7448303461467828f,-0.4041972954736879f,0.16728492228656586f,0.006822837190920708f,2.1495376462655527f,0f,0f,0f,1f], start_interpolation: 0, interpolation_duration: 1 }
$data merge entity $(bone_leftarm) { transformation: [-0.3826834323650897f,-0.03764979675470723f,0.9231120643765863f,-0.8040358393906067f,0f,0.9991692984770274f,0.040751846349889f,1.374405138488661f,-0.9238795325112866f,0.015595056436390276f,-0.38236553665500767f,2.1114888644564207f,0f,0f,0f,1f], start_interpolation: 0, interpolation_duration: 1 }
$data merge entity $(bone_body) { transformation: [-0.3826834323650897f,-0.04029905920751534f,0.9230002039112791f,-0.8984375000000002f,0f,0.9990482215818578f,0.043619387365336f,0.75f,-0.9238795325112866f,0.016692416874629207f,-0.3823192025331841f,1.8123437500000001f,0f,0f,0f,1f], start_interpolation: 0, interpolation_duration: 1 }
$data merge entity $(bone_leftleg) { transformation: [-0.3826834323650897f,0.01612392110047449f,0.9237388211835742f,-0.850602070954364f,0f,0.9998476951563913f,-0.017452406437283543f,0.7705787037037037f,-0.9238795325112866f,-0.006678746798450253f,-0.3826251478247717f,1.927828691563911f,0f,0f,0f,1f], start_interpolation: 0, interpolation_duration: 1 }
$data merge entity $(bone_rightleg) { transformation: [-0.3826834323650897f,0.00795477331065816f,0.9238452858432789f,-0.9462729290456364f,0f,0.9999629316736623f,-0.008610184586550499f,0.8155f,-0.9238795325112866f,-0.003294974990878136f,-0.3826692469307348f,1.6968588084360894f,0f,0f,0f,1f], start_interpolation: 0, interpolation_duration: 1 }
$data merge entity $(text_display_text) { transformation: [-4.5769509808878667e-17f,0f,-2f,1.4374999999999998f,0f,2f,0f,2.60128113740991f,2f,0f,-4.5769509808878667e-17f,1.9375000000000002f,0f,0f,0f,1f], start_interpolation: 0, interpolation_duration: 1 }
data modify entity @s data merge value {"locators":{},"cameras":{"camera":{"posx":-3.9589365722656256,"posy":1.375,"posz":4.940847656249999,"roty":218.93750000000003,"rotx":0}}}