# This file was generated by Animated Java via MC-Build. It is not recommended to edit this file directly.
$data merge entity $(bone_left_eye) { transformation: [-0.987819810762907f,-0.1223507931393383f,0.09613690697390559f,-3.0539726316463636f,-0.11444499437730093f,0.989883761716896f,0.08385989238716501f,1.7403454606551865f,-0.10542468746130612f,0.07183607525040736f,-0.9918292260093486f,2.2041823277745607f,0f,0f,0f,1f], start_interpolation: 0, interpolation_duration: 1 }
$data merge entity $(bone_right_eye) { transformation: [-0.987819810762907f,-0.1223507931393383f,0.09613690697390559f,-3.3009275843370904f,-0.11444499437730093f,0.989883761716896f,0.08385989238716501f,1.7117342120608612f,-0.10542468746130612f,0.07183607525040736f,-0.9918292260093486f,2.1778261559092345f,0f,0f,0f,1f], start_interpolation: 0, interpolation_duration: 1 }
$data merge entity $(bone_right_close) { transformation: [-0.987819810762907f,-0.1223507931393383f,0.09613690697390559f,-3.308574508908299f,-0.11444499437730093f,0.989883761716896f,0.08385989238716501f,1.7736019471681672f,-0.10542468746130612f,0.07183607525040736f,-0.9918292260093486f,2.182315910612385f,0f,0f,0f,1f], start_interpolation: 0, interpolation_duration: 1 }
$data merge entity $(bone_left_close) { transformation: [-0.987819810762907f,-0.1223507931393383f,0.09613690697390559f,-3.0616195562175723f,-0.11444499437730093f,0.989883761716896f,0.08385989238716501f,1.8022131957624925f,-0.10542468746130612f,0.07183607525040736f,-0.9918292260093486f,2.2086720824777113f,0f,0f,0f,1f], start_interpolation: 0, interpolation_duration: 1 }
$data merge entity $(bone_left_eyebrow) { transformation: [-0.987819810762907f,-0.1223507931393383f,0.09613690697390559f,-3.058566794945775f,-0.11444499437730093f,0.989883761716896f,0.08385989238716501f,1.7774608604762958f,-0.10542468746130612f,0.07183607525040736f,-0.9918292260093486f,2.206938169923077f,0f,0f,0f,1f], start_interpolation: 0, interpolation_duration: 1 }
$data merge entity $(bone_right_eyebrow) { transformation: [-0.987819810762907f,-0.1223507931393383f,0.09613690697390559f,-3.3055217476365018f,-0.11444499437730093f,0.989883761716896f,0.08385989238716501f,1.7488496118819705f,-0.10542468746130612f,0.07183607525040736f,-0.9918292260093486f,2.1805819980577503f,0f,0f,0f,1f], start_interpolation: 0, interpolation_duration: 1 }
$data merge entity $(bone_talking) { transformation: [-0.987819810762907f,-0.1223507931393383f,0.09613690697390559f,-3.116819626277547f,-0.11444499437730093f,0.989883761716896f,0.08385989238716501f,1.5047751122997888f,-0.10542468746130612f,0.07183607525040736f,-0.9918292260093486f,1.8630985899013743f,0f,0f,0f,1f], start_interpolation: 0, interpolation_duration: 1 }
$data merge entity $(bone_m_opened) { transformation: [-0.987819810762907f,-0.1223507931393383f,0.09613690697390559f,-3.116819626277547f,-0.11444499437730093f,0.989883761716896f,0.08385989238716501f,1.5047751122997888f,-0.10542468746130612f,0.07183607525040736f,-0.9918292260093486f,1.8630985899013743f,0f,0f,0f,1f], start_interpolation: 0, interpolation_duration: 1 }
$data merge entity $(bone_head) { transformation: [-0.987819810762907f,-0.1223507931393383f,0.09613690697390559f,-3.122828182963416f,-0.11444499437730093f,0.989883761716896f,0.08385989238716501f,1.499533869025591f,-0.10542468746130612f,0.07183607525040736f,-0.9918292260093486f,1.9250879165269585f,0f,0f,0f,1f], start_interpolation: 0, interpolation_duration: 1 }
$data merge entity $(item_display_r_item) { transformation: [-0.4355085042799014f,-0.00009519336820927697f,0.04169632643418149f,-3.4351136492020906f,-0.0007323401169877734f,0.4374488376711382f,-0.006650420898207508f,1.4461265570214095f,-0.04169000333216848f,-0.006689944573231754f,-0.43545773418756833f,2.396787156982172f,0f,0f,0f,1f], start_interpolation: 0, interpolation_duration: 1 }
$data merge entity $(bone_rightarm) { transformation: [-0.9954480097826317f,0.09530588899241482f,0.00021758484162122567f,-3.37553386952923f,-0.0016739202674006248f,-0.01520096205304551f,-0.9998830575340301f,1.3741332646423792f,-0.09529143618781366f,-0.995331963857299f,0.01529130188167236f,1.7756603859389646f,0f,0f,0f,1f], start_interpolation: 0, interpolation_duration: 1 }
$data merge entity $(item_display_l_item) { transformation: [0.18278240349370814f,0.3958685589536422f,-0.035845878494328f,-2.694433218570151f,0.020296895204641143f,0.030107346906474514f,0.43599063488486195f,0.7611682000275263f,0.39696961976719997f,-0.18381480270701833f,-0.00578699297259454f,1.9621515399384368f,0f,0f,0f,1f], start_interpolation: 0, interpolation_duration: 1 }
$data merge entity $(bone_leftarm) { transformation: [0.41778835084276145f,-0.08193343655846379f,-0.9048424204654679f,-2.858746918977374f,0.04639290332489404f,0.9965500225939702f,-0.06881679292908438f,1.375409865032622f,0.907359130896457f,-0.013227412508787614f,0.4201481204731848f,2.0064029221795927f,0f,0f,0f,1f], start_interpolation: 0, interpolation_duration: 1 }
$data merge entity $(bone_body) { transformation: [-0.8625084123731392f,-0.005249276550367701f,0.5060154974714357f,-3.1250000000000004f,-0.0013778654127023394f,0.9999668513458442f,0.008024817529566337f,0.75f,-0.5060408482251915f,0.00622425137475314f,-0.8624870541766715f,1.8443749999999997f,0f,0f,0f,1f], start_interpolation: 0, interpolation_duration: 1 }
data modify entity @s data merge value {"locators":{},"cameras":{"camera":{"posx":-5.803305875492055,"posy":1.375,"posz":9.970704548768042,"roty":205.8740341157603,"rotx":0}}}