# This file was generated by Animated Java via MC-Build. It is not recommended to edit this file directly.
$data merge entity $(bone_left_eye) { transformation: [-0.988301775416849f,-0.11827776990919962f,0.09628068265862272f,-3.052926532088667f,-0.11039953584446417f,0.99038011382946f,0.08342165556060767f,1.740073187768756f,-0.10522140083286691f,0.07181642762246132f,-0.9918522357338904f,2.204159870407089f,0f,0f,0f,1f], start_interpolation: 0, interpolation_duration: 1 }
$data merge entity $(bone_right_eye) { transformation: [-0.988301775416849f,-0.11827776990919962f,0.09628068265862272f,-3.30000197594288f,-0.11039953584446417f,0.99038011382946f,0.08342165556060767f,1.7124733038076398f,-0.10522140083286691f,0.07181642762246132f,-0.9918522357338904f,2.177854520198872f,0f,0f,0f,1f], start_interpolation: 0, interpolation_duration: 1 }
$data merge entity $(bone_right_close) { transformation: [-0.988301775416849f,-0.11827776990919962f,0.09628068265862272f,-3.307394336562205f,-0.11039953584446417f,0.99038011382946f,0.08342165556060767f,1.774372060921981f,-0.10522140083286691f,0.07181642762246132f,-0.9918522357338904f,2.1823430469252756f,0f,0f,0f,1f], start_interpolation: 0, interpolation_duration: 1 }
$data merge entity $(bone_left_close) { transformation: [-0.988301775416849f,-0.11827776990919962f,0.09628068265862272f,-3.0603188927079925f,-0.11039953584446417f,0.99038011382946f,0.08342165556060767f,1.8019719448830973f,-0.10522140083286691f,0.07181642762246132f,-0.9918522357338904f,2.2086483971334925f,0f,0f,0f,1f], start_interpolation: 0, interpolation_duration: 1 }
$data merge entity $(bone_left_eyebrow) { transformation: [-0.988301775416849f,-0.11827776990919962f,0.09628068265862272f,-3.0573679660029285f,-0.11039953584446417f,0.99038011382946f,0.08342165556060767f,1.7772072281838884f,-0.10522140083286691f,0.07181642762246132f,-0.9918522357338904f,2.2069149772076644f,0f,0f,0f,1f], start_interpolation: 0, interpolation_duration: 1 }
$data merge entity $(bone_right_eyebrow) { transformation: [-0.988301775416849f,-0.11827776990919962f,0.09628068265862272f,-3.3044434098571407f,-0.11039953584446417f,0.99038011382946f,0.08342165556060767f,1.7496073442227722f,-0.10522140083286691f,0.07181642762246132f,-0.9918522357338904f,2.180609626999448f,0f,0f,0f,1f], start_interpolation: 0, interpolation_duration: 1 }
$data merge entity $(bone_talking) { transformation: [-0.988301775416849f,-0.11827776990919962f,0.09628068265862272f,-3.116807098207654f,-0.11039953584446417f,0.99038011382946f,0.08342165556060767f,1.5047474846935227f,-0.10522140083286691f,0.07181642762246132f,-0.9918522357338904f,1.8630992647305242f,0f,0f,0f,1f], start_interpolation: 0, interpolation_duration: 1 }
$data merge entity $(bone_m_opened) { transformation: [-0.988301775416849f,-0.11827776990919962f,0.09628068265862272f,-3.116807098207654f,-0.11039953584446417f,0.99038011382946f,0.08342165556060767f,1.5047474846935227f,-0.10522140083286691f,0.07181642762246132f,-0.9918522357338904f,1.8630992647305242f,0f,0f,0f,1f], start_interpolation: 0, interpolation_duration: 1 }
$data merge entity $(bone_head) { transformation: [-0.988301775416849f,-0.11827776990919962f,0.09628068265862272f,-3.122824640873818f,-0.11039953584446417f,0.99038011382946f,0.08342165556060767f,1.4995336312209848f,-0.10522140083286691f,0.07181642762246132f,-0.9918522357338904f,1.9250900294638924f,0f,0f,0f,1f], start_interpolation: 0, interpolation_duration: 1 }
$data merge entity $(item_display_r_item) { transformation: [-0.4355761924807181f,-7.123825003586941e-7f,0.04098329590812452f,-3.434078832302948f,-0.0006148042309697911f,0.43745088321962566f,-0.006526621340863348f,1.4459513221320748f,-0.04097868421213602f,-0.006555514462034449f,-0.4355272926813888f,2.3969079446641386f,0f,0f,0f,1f], start_interpolation: 0, interpolation_duration: 1 }
$data merge entity $(bone_rightarm) { transformation: [-0.9956027256702128f,0.09367610493285605f,0.0000016283028579835296f,-3.375531164950984f,-0.0014052668136452368f,-0.014917991636258858f,-0.99988773307343f,1.3741345940423235f,-0.09366556391345376f,-0.9954909547003172f,0.014984033056078521f,1.7756626000424454f,0f,0f,0f,1f], start_interpolation: 0, interpolation_duration: 1 }
$data merge entity $(item_display_l_item) { transformation: [0.18249472601147318f,0.39607788291903195f,-0.034989078872911174f,-2.6955942850759955f,0.02035584772845439f,0.029141430046392854f,0.43605351336516845f,0.7608007331906067f,0.3970989353313015f,-0.1835193115648287f,-0.006272785786078677f,1.9629312422738097f,0f,0f,0f,1f], start_interpolation: 0, interpolation_duration: 1 }
$data merge entity $(bone_leftarm) { transformation: [0.4171308023119387f,-0.07997503742379676f,-0.9053208752435016f,-2.858743792871306f,0.04652765195075289f,0.9966937448346708f,-0.06660898296318345f,1.375408200841878f,0.9076547093286891f,-0.014337796082465642f,0.4194727121481799f,2.006404208740791f,0f,0f,0f,1f], start_interpolation: 0, interpolation_duration: 1 }
$data merge entity $(bone_body) { transformation: [-0.8625093303845495f,-0.0052447337863636475f,0.5060139798139041f,-3.1250000000000004f,-0.0013725276120452171f,0.9999668575409821f,0.008024960284463012f,0.75f,-0.5060392980466538f,0.006227084961939323f,-0.8624879432463544f,1.8443749999999997f,0f,0f,0f,1f], start_interpolation: 0, interpolation_duration: 1 }
data modify entity @s data merge value {"locators":{},"cameras":{"camera":{"posx":-5.806037801611023,"posy":1.375,"posz":10.020046084523983,"roty":206.24325703455318,"rotx":0}}}