# This file was generated by Animated Java via MC-Build. It is not recommended to edit this file directly.
$data merge entity $(bone_left_eye) { transformation: [-0.9888105748569029f,-0.11383660000866797f,0.09640993491143718f,-3.0517814106605847f,-0.10597643020893283f,0.9908923429272173f,0.08307443029224587f,1.7397349253287628f,-0.10498877697798087f,0.07192769443459568f,-0.991868823727206f,2.204164869060871f,0f,0f,0f,1f], start_interpolation: 0, interpolation_duration: 1 }
$data merge entity $(bone_right_eye) { transformation: [-0.9888105748569029f,-0.11383660000866797f,0.09640993491143718f,-3.2989840543748103f,-0.10597643020893283f,0.9908923429272173f,0.08307443029224587f,1.7132408177765295f,-0.10498877697798087f,0.07192769443459568f,-0.991868823727206f,2.177917674816376f,0f,0f,0f,1f], start_interpolation: 0, interpolation_duration: 1 }
$data merge entity $(bone_right_close) { transformation: [-0.9888105748569029f,-0.11383660000866797f,0.09640993491143718f,-3.306098841875352f,-0.10597643020893283f,0.9908923429272173f,0.08307443029224587f,1.7751715892094806f,-0.10498877697798087f,0.07192769443459568f,-0.991868823727206f,2.1824131557185384f,0f,0f,0f,1f], start_interpolation: 0, interpolation_duration: 1 }
$data merge entity $(bone_left_close) { transformation: [-0.9888105748569029f,-0.11383660000866797f,0.09640993491143718f,-3.0588961981611265f,-0.10597643020893283f,0.9908923429272173f,0.08307443029224587f,1.801665696761714f,-0.10498877697798087f,0.07192769443459568f,-0.991868823727206f,2.2086603499630333f,0f,0f,0f,1f], start_interpolation: 0, interpolation_duration: 1 }
$data merge entity $(bone_left_eyebrow) { transformation: [-0.9888105748569029f,-0.11383660000866797f,0.09640993491143718f,-3.0560563087818418f,-0.10597643020893283f,0.9908923429272173f,0.08307443029224587f,1.77688819603664f,-0.10498877697798087f,0.07192769443459568f,-0.991868823727206f,2.2069241494036516f,0f,0f,0f,1f], start_interpolation: 0, interpolation_duration: 1 }
$data merge entity $(bone_right_eyebrow) { transformation: [-0.9888105748569029f,-0.11383660000866797f,0.09640993491143718f,-3.3032589524960674f,-0.10597643020893283f,0.9908923429272173f,0.08307443029224587f,1.750394088484407f,-0.10498877697798087f,0.07192769443459568f,-0.991868823727206f,2.1806769551591563f,0f,0f,0f,1f], start_interpolation: 0, interpolation_duration: 1 }
$data merge entity $(bone_talking) { transformation: [-0.9888105748569029f,-0.11383660000866797f,0.09640993491143718f,-3.1167954778557068f,-0.10597643020893283f,0.9908923429272173f,0.08307443029224587f,1.5047255452871686f,-0.10498877697798087f,0.07192769443459568f,-0.991868823727206f,1.8631003409152227f,0f,0f,0f,1f], start_interpolation: 0, interpolation_duration: 1 }
$data merge entity $(bone_m_opened) { transformation: [-0.9888105748569029f,-0.11383660000866797f,0.09640993491143718f,-3.1167954778557068f,-0.10597643020893283f,0.9908923429272173f,0.08307443029224587f,1.5047255452871686f,-0.10498877697798087f,0.07192769443459568f,-0.991868823727206f,1.8631003409152227f,0f,0f,0f,1f], start_interpolation: 0, interpolation_duration: 1 }
$data merge entity $(bone_head) { transformation: [-0.9888105748569029f,-0.11383660000866797f,0.09640993491143718f,-3.1228210987876714f,-0.10597643020893283f,0.9908923429272173f,0.08307443029224587f,1.4995333933939032f,-0.10498877697798087f,0.07192769443459568f,-0.991868823727206f,1.925092142398173f,0f,0f,0f,1f], start_interpolation: 0, interpolation_duration: 1 }
$data merge entity $(item_display_r_item) { transformation: [-0.4356176986497178f,0.00016027248230016664f,0.040539424463786826f,-3.4334190278195718f,-0.0005144085468690201f,0.43743950575935714f,-0.0072570093603534684f,1.4469944376166166f,-0.04053647748597016f,-0.007273452669865015f,-0.43555727623274615f,2.3968504298155238f,0f,0f,0f,1f], start_interpolation: 0, interpolation_duration: 1 }
$data merge entity $(bone_rightarm) { transformation: [-0.9956975969136407f,0.09266154163151274f,-0.0003663371024003603f,-3.3755284603687765f,-0.0011757909642720458f,-0.01658744996652199f,-0.9998617274499592f,1.374135923421918f,-0.09265480568221751f,-0.9955594885319912f,0.016625034673976954f,1.7756648141501528f,0f,0f,0f,1f], start_interpolation: 0, interpolation_duration: 1 }
$data merge entity $(item_display_l_item) { transformation: [0.18249553374586933f,0.39607768431041185f,-0.03498711411522641f,-2.69559402252169f,0.020353899218082568f,0.029140153447627725f,0.4360536896342798f,0.7607984524279741f,0.3970986639985462f,-0.18351994291724893f,-0.006271491227712663f,1.9629304990710859f,0f,0f,0f,1f], start_interpolation: 0, interpolation_duration: 1 }
$data merge entity $(bone_leftarm) { transformation: [0.417132648561987f,-0.07997054654908874f,-0.9053204212809414f,-2.858740666774988f,0.04652319821276016f,0.9966941477354967f,-0.06660606502314886f,1.3754065366347659f,0.9076540891395342f,-0.01433483709191475f,0.41947415523942616f,2.0064054952935675f,0f,0f,0f,1f], start_interpolation: 0, interpolation_duration: 1 }
$data merge entity $(bone_body) { transformation: [-0.8625102483723353f,-0.0052401910261476855f,0.5060124621496016f,-3.1250000000000004f,-0.0013671898163562912f,0.9999668637074474f,0.008025103058364307f,0.75f,-0.5060377478456509f,0.006229918546883076f,-0.8624888323162223f,1.8443749999999997f,0f,0f,0f,1f], start_interpolation: 0, interpolation_duration: 1 }
data modify entity @s data merge value {"locators":{},"cameras":{"camera":{"posx":-5.808044175535794,"posy":1.375,"posz":10.066053725032804,"roty":206.65840501530835,"rotx":0}}}