# This file was generated by Animated Java via MC-Build. It is not recommended to edit this file directly.
$data merge entity $(bone_left_eye) { transformation: [-0.9893370887693439f,-0.10906601755972352f,0.09652320238710177f,-3.050547725595515f,-0.1012153093524423f,0.9914119291745478f,0.08281212376875002f,1.739335020564852f,-0.10472624283382259f,0.07215947965488281f,-0.9918797424878925f,2.204194841219722f,0f,0f,0f,1f], start_interpolation: 0, interpolation_duration: 1 }
$data merge entity $(bone_right_eye) { transformation: [-0.9893370887693439f,-0.10906601755972352f,0.09652320238710177f,-3.297881997787851f,-0.1012153093524423f,0.9914119291745478f,0.08281212376875002f,1.7140311932267414f,-0.10472624283382259f,0.07215947965488281f,-0.9918797424878925f,2.178013280511266f,0f,0f,0f,1f], start_interpolation: 0, interpolation_duration: 1 }
$data merge entity $(bone_right_close) { transformation: [-0.9893370887693439f,-0.10906601755972352f,0.09652320238710177f,-3.3046986238853338f,-0.1012153093524423f,0.9914119291745478f,0.08281212376875002f,1.7759944388001505f,-0.10472624283382259f,0.07215947965488281f,-0.9918797424878925f,2.1825232479896965f,0f,0f,0f,1f], start_interpolation: 0, interpolation_duration: 1 }
$data merge entity $(bone_left_close) { transformation: [-0.9893370887693439f,-0.10906601755972352f,0.09652320238710177f,-3.057364351692998f,-0.1012153093524423f,0.9914119291745478f,0.08281212376875002f,1.801298266138261f,-0.10472624283382259f,0.07215947965488281f,-0.9918797424878925f,2.2087048086981524f,0f,0f,0f,1f], start_interpolation: 0, interpolation_duration: 1 }
$data merge entity $(bone_left_eyebrow) { transformation: [-0.9893370887693439f,-0.10906601755972352f,0.09652320238710177f,-3.054643733954154f,-0.1012153093524423f,0.9914119291745478f,0.08281212376875002f,1.776507792151162f,-0.10472624283382259f,0.07215947965488281f,-0.9918797424878925f,2.206962814190686f,0f,0f,0f,1f], start_interpolation: 0, interpolation_duration: 1 }
$data merge entity $(bone_right_eyebrow) { transformation: [-0.9893370887693439f,-0.10906601755972352f,0.09652320238710177f,-3.30197800614649f,-0.1012153093524423f,0.9914119291745478f,0.08281212376875002f,1.7512039648130515f,-0.10472624283382259f,0.07215947965488281f,-0.9918797424878925f,2.18078125348223f,0f,0f,0f,1f], start_interpolation: 0, interpolation_duration: 1 }
$data merge entity $(bone_talking) { transformation: [-0.9893370887693439f,-0.10906601755972352f,0.09652320238710177f,-3.1167848565557827f,-0.1012153093524423f,0.9914119291745478f,0.08281212376875002f,1.504708913279894f,-0.10472624283382259f,0.07215947965488281f,-0.9918797424878925f,1.8631017714243072f,0f,0f,0f,1f], start_interpolation: 0, interpolation_duration: 1 }
$data merge entity $(bone_m_opened) { transformation: [-0.9893370887693439f,-0.10906601755972352f,0.09652320238710177f,-3.1167848565557827f,-0.1012153093524423f,0.9914119291745478f,0.08281212376875002f,1.504708913279894f,-0.10472624283382259f,0.07215947965488281f,-0.9918797424878925f,1.8631017714243072f,0f,0f,0f,1f], start_interpolation: 0, interpolation_duration: 1 }
$data merge entity $(bone_head) { transformation: [-0.9893370887693439f,-0.10906601755972352f,0.09652320238710177f,-3.1228175567049767f,-0.1012153093524423f,0.9914119291745478f,0.08281212376875002f,1.4995331555443472f,-0.10472624283382259f,0.07215947965488281f,-0.9918797424878925f,1.9250942553298005f,0f,0f,0f,1f], start_interpolation: 0, interpolation_duration: 1 }
$data merge entity $(item_display_r_item) { transformation: [-0.4356303600432565f,0.00039721694667726293f,0.04040150526007667f,-3.433185446590335f,-0.0004351510117795817f,0.4374073565407447f,-0.008992501745053165f,1.4494704490656294f,-0.040401114491801886f,-0.008994257208636454f,-0.4355377174081313f,2.3965788735296116f,0f,0f,0f,1f], start_interpolation: 0, interpolation_duration: 1 }
$data merge entity $(bone_rightarm) { transformation: [-0.9957265372417291f,0.09234629773731812f,-0.0009079244495480091f,-3.3755257557826077f,-0.0009946308840676154f,-0.020554289702978443f,-0.9997882435217021f,1.3741372527811615f,-0.09234540455269002f,-0.9955147826471572f,0.020558302191168817f,1.7756670282620863f,0f,0f,0f,1f], start_interpolation: 0, interpolation_duration: 1 }
$data merge entity $(item_display_l_item) { transformation: [0.18249634147340849f,0.39607748569338563f,-0.03498514935836065f,-2.6955937599783666f,0.020351950704113345f,0.029138876856176988f,0.4360538658905548f,0.7607961716694011f,0.39709839265773705f,-0.18352057427538265f,-0.006270196669587357f,1.9629297558586518f,0f,0f,0f,1f], start_interpolation: 0, interpolation_duration: 1 }
$data merge entity $(bone_leftarm) { transformation: [0.4171344947963622f,-0.0799660556762527f,-0.9053199672991672f,-2.8587375406884203f,0.04651874446654479f,0.9966945506069823f,-0.0666031470998329f,1.375404872411286f,0.9076534689319704f,-0.014331878101914053f,0.41947559834373177f,2.006406781837922f,0f,0f,0f,1f], start_interpolation: 0, interpolation_duration: 1 }
$data merge entity $(bone_body) { transformation: [-0.8625111663364964f,-0.005235648269719942f,0.5060109444785285f,-3.1250000000000004f,-0.0013618520256357756f,0.9999668698452399f,0.008025245851270273f,0.75f,-0.506036197622183f,0.0062327521295842975f,-0.8624897213862749f,1.8443749999999997f,0f,0f,0f,1f], start_interpolation: 0, interpolation_duration: 1 }
data modify entity @s data merge value {"locators":{},"cameras":{"camera":{"posx":-5.809369418829276,"posy":1.375,"posz":10.108881237243038,"roty":207.11592433299313,"rotx":0}}}