# This file was generated by Animated Java via MC-Build. It is not recommended to edit this file directly.
$data merge entity $(bone_left_eye) { transformation: [-0.9898725698771111f,-0.1040048280701929f,0.0966193104041479f,-3.04923597800968f,-0.09615587033903471f,0.9919307188612416f,0.08262867286095808f,1.738877912964766f,-0.10443344293963613f,0.07250134286694349f,-0.9918856845817786f,2.2042473054884097f,0f,0f,0f,1f], start_interpolation: 0, interpolation_duration: 1 }
$data merge entity $(bone_right_eye) { transformation: [-0.9898725698771111f,-0.1040048280701929f,0.0966193104041479f,-3.2967041204789576f,-0.09615587033903471f,0.9919307188612416f,0.08262867286095808f,1.7148389453800075f,-0.10443344293963613f,0.07250134286694349f,-0.9918856845817786f,2.1781389447535004f,0f,0f,0f,1f], start_interpolation: 0, interpolation_duration: 1 }
$data merge entity $(bone_right_close) { transformation: [-0.9898725698771111f,-0.1040048280701929f,0.0966193104041479f,-3.3032044222333448f,-0.09615587033903471f,0.9919307188612416f,0.08262867286095808f,1.776834615308835f,-0.10443344293963613f,0.07250134286694349f,-0.9918856845817786f,2.182670278682685f,0f,0f,0f,1f], start_interpolation: 0, interpolation_duration: 1 }
$data merge entity $(bone_left_close) { transformation: [-0.9898725698771111f,-0.1040048280701929f,0.0966193104041479f,-3.055736279764067f,-0.09615587033903471f,0.9919307188612416f,0.08262867286095808f,1.8008735828935936f,-0.10443344293963613f,0.07250134286694349f,-0.9918856845817786f,2.208778639417594f,0f,0f,0f,1f], start_interpolation: 0, interpolation_duration: 1 }
$data merge entity $(bone_left_eyebrow) { transformation: [-0.9898725698771111f,-0.1040048280701929f,0.0966193104041479f,-3.0531421977692124f,-0.09615587033903471f,0.9919307188612416f,0.08262867286095808f,1.7760701506300087f,-0.10443344293963613f,0.07250134286694349f,-0.9918856845817786f,2.2070280987012065f,0f,0f,0f,1f], start_interpolation: 0, interpolation_duration: 1 }
$data merge entity $(bone_right_eyebrow) { transformation: [-0.9898725698771111f,-0.1040048280701929f,0.0966193104041479f,-3.30061034023849f,-0.09615587033903471f,0.9919307188612416f,0.08262867286095808f,1.7520311830452502f,-0.10443344293963613f,0.07250134286694349f,-0.9918856845817786f,2.1809197379662977f,0f,0f,0f,1f], start_interpolation: 0, interpolation_duration: 1 }
$data merge entity $(bone_talking) { transformation: [-0.9898725698771111f,-0.1040048280701929f,0.0966193104041479f,-3.116775307725474f,-0.09615587033903471f,0.9919307188612416f,0.08262867286095808f,1.5046972097261258f,-0.10443344293963613f,0.07250134286694349f,-0.9918856845817786f,1.8631035129724136f,0f,0f,0f,1f], start_interpolation: 0, interpolation_duration: 1 }
$data merge entity $(bone_m_opened) { transformation: [-0.9898725698771111f,-0.1040048280701929f,0.0966193104041479f,-3.116775307725474f,-0.09615587033903471f,0.9919307188612416f,0.08262867286095808f,1.5046972097261258f,-0.10443344293963613f,0.07250134286694349f,-0.9918856845817786f,1.8631035129724136f,0f,0f,0f,1f], start_interpolation: 0, interpolation_duration: 1 }
$data merge entity $(bone_head) { transformation: [-0.9898725698771111f,-0.1040048280701929f,0.0966193104041479f,-3.1228140146257335f,-0.09615587033903471f,0.9919307188612416f,0.08262867286095808f,1.4995329176723158f,-0.10443344293963613f,0.07250134286694349f,-0.9918856845817786f,1.9250963682587747f,0f,0f,0f,1f], start_interpolation: 0, interpolation_duration: 1 }
$data merge entity $(item_display_r_item) { transformation: [-0.4356109622337872f,0.0007238219599055496f,0.04060561123200036f,-3.433427664101062f,-0.0003810550239230227f,0.4373384059389008f,-0.011883748898810217f,1.453592281395341f,-0.04061027430124964f,-0.011867804034091078f,-0.43544943546706505f,2.3960444638977547f,0f,0f,0f,1f], start_interpolation: 0, interpolation_duration: 1 }
$data merge entity $(bone_rightarm) { transformation: [-0.9956821993915136f,0.0928128256731437f,-0.0016544501940698071f,-3.3755230511924768f,-0.0008709829118240518f,-0.0271628546258517f,-0.9996306421460589f,1.3741385821200551f,-0.09282348411714203f,-0.9953129953532915f,0.027126409220779385f,1.775669242378246f,0f,0f,0f,1f], start_interpolation: 0, interpolation_duration: 1 }
$data merge entity $(item_display_l_item) { transformation: [0.18249714919409074f,0.3960772870679535f,-0.034983184602313935f,-2.695593497446025f,0.020350002186546787f,0.02913760027204073f,0.4360540421339932f,0.7607938909148887f,0.39709812130887395f,-0.1835212056392301f,-0.0062689021117028005f,1.962929012636507f,0f,0f,0f,1f], start_interpolation: 0, interpolation_duration: 1 }
$data merge entity $(bone_leftarm) { transformation: [0.4171363410150645f,-0.07996156480528879f,-0.9053195132981794f,-2.858734414611603f,0.04651429071210694f,0.9966949534491273f,-0.06660022919323573f,1.3754032081714387f,0.9076528487059976f,-0.014328919112463638f,0.4194770414610974f,2.0064080683738545f,0f,0f,0f,1f], start_interpolation: 0, interpolation_duration: 1 }
$data merge entity $(bone_body) { transformation: [-0.8625120842770329f,-0.005231105517080536f,0.5060094268006848f,-3.1250000000000004f,-0.0013565142398838858f,0.9999668759543597f,0.008025388663180965f,0.75f,-0.5060346473762498f,0.006235585710042873f,-0.8624906104565123f,1.8443749999999997f,0f,0f,0f,1f], start_interpolation: 0, interpolation_duration: 1 }
data modify entity @s data merge value {"locators":{},"cameras":{"camera":{"posx":-5.810057953054382,"posy":1.375,"posz":10.148682388103222,"roty":207.61226126257472,"rotx":0}}}