# This file was generated by Animated Java via MC-Build. It is not recommended to edit this file directly.
$data merge entity $(bone_left_eye) { transformation: [-0.9904087658313925f,-0.09869191288090598f,0.09669737791815136f,-3.0478566995207825f,-0.09083787675749685f,0.9924410586728117f,0.08251802958492455f,1.7383681716444688f,-0.10411031029887452f,0.07294279534194131f,-0.9918872878997773f,2.2043197907828844f,0f,0f,0f,1f], start_interpolation: 0, interpolation_duration: 1 }
$data merge entity $(bone_right_eye) { transformation: [-0.9904087658313925f,-0.09869191288090598f,0.09669737791815136f,-3.295458890978631f,-0.09083787675749685f,0.9924410586728117f,0.08251802958492455f,1.7156587024550944f,-0.10411031029887452f,0.07294279534194131f,-0.9918872878997773f,2.1782922132081657f,0f,0f,0f,1f], start_interpolation: 0, interpolation_duration: 1 }
$data merge entity $(bone_right_close) { transformation: [-0.9904087658313925f,-0.09869191288090598f,0.09669737791815136f,-3.3016271355336873f,-0.09083787675749685f,0.9924410586728117f,0.08251802958492455f,1.7776862686221453f,-0.10411031029887452f,0.07294279534194131f,-0.9918872878997773f,2.182851137917037f,0f,0f,0f,1f], start_interpolation: 0, interpolation_duration: 1 }
$data merge entity $(bone_left_close) { transformation: [-0.9904087658313925f,-0.09869191288090598f,0.09669737791815136f,-3.054024944075839f,-0.09083787675749685f,0.9924410586728117f,0.08251802958492455f,1.8003957378115196f,-0.10411031029887452f,0.07294279534194131f,-0.9918872878997773f,2.208878715491756f,0f,0f,0f,1f], start_interpolation: 0, interpolation_duration: 1 }
$data merge entity $(bone_left_eyebrow) { transformation: [-0.9904087658313925f,-0.09869191288090598f,0.09669737791815136f,-3.0515636898399365f,-0.09083787675749685f,0.9924410586728117f,0.08251802958492455f,1.7755795539678503f,-0.10411031029887452f,0.07294279534194131f,-0.9918872878997773f,2.207117138563701f,0f,0f,0f,1f], start_interpolation: 0, interpolation_duration: 1 }
$data merge entity $(bone_right_eyebrow) { transformation: [-0.9904087658313925f,-0.09869191288090598f,0.09669737791815136f,-3.2991658812977844f,-0.09083787675749685f,0.9924410586728117f,0.08251802958492455f,1.7528700847784762f,-0.10411031029887452f,0.07294279534194131f,-0.9918872878997773f,2.181089560988983f,0f,0f,0f,1f], start_interpolation: 0, interpolation_duration: 1 }
$data merge entity $(bone_talking) { transformation: [-0.9904087658313925f,-0.09869191288090598f,0.09669737791815136f,-3.1167668864300575f,-0.09083787675749685f,0.9924410586728117f,0.08251802958492455f,1.5046900566268677f,-0.10411031029887452f,0.07294279534194131f,-0.9918872878997773f,1.8631055256913593f,0f,0f,0f,1f], start_interpolation: 0, interpolation_duration: 1 }
$data merge entity $(bone_m_opened) { transformation: [-0.9904087658313925f,-0.09869191288090598f,0.09669737791815136f,-3.1167668864300575f,-0.09083787675749685f,0.9924410586728117f,0.08251802958492455f,1.5046900566268677f,-0.10411031029887452f,0.07294279534194131f,-0.9918872878997773f,1.8631055256913593f,0f,0f,0f,1f], start_interpolation: 0, interpolation_duration: 1 }
$data merge entity $(bone_head) { transformation: [-0.9904087658313925f,-0.09869191288090598f,0.09669737791815136f,-3.122810472549942f,-0.09083787675749685f,0.9924410586728117f,0.08251802958492455f,1.49953267977781f,-0.10411031029887452f,0.07294279534194131f,-0.9918872878997773f,1.9250984811850955f,0f,0f,0f,1f], start_interpolation: 0, interpolation_duration: 1 }
$data merge entity $(item_display_r_item) { transformation: [-0.43555545550386804f,0.0011600378759806951f,0.04118676356481892f,-3.434192860565843f,-0.00035619578818338175f,0.4372042208275099f,-0.016080808909080084f,1.459570241426928f,-0.041201557074684536f,-0.016042867659373152f,-0.4352600465145926f,2.3951796847109965f,0f,0f,0f,1f], start_interpolation: 0, interpolation_duration: 1 }
$data merge entity $(bone_rightarm) { transformation: [-0.9955553268659841f,0.09414117386244325f,-0.002651515145098711f,-3.3755203465983845f,-0.0008141618015620154f,-0.036756134649325686f,-0.9993239333200227f,1.3741399114385981f,-0.09417498759927895f,-0.9948801063190688f,0.0366694117928527f,1.7756714564986318f,0f,0f,0f,1f], start_interpolation: 0, interpolation_duration: 1 }
$data merge entity $(item_display_l_item) { transformation: [0.1824979569079162f,0.3960770884341153f,-0.03498121984708635f,-2.695593234924666f,0.02034805366538296f,0.02913632369521902f,0.43605421836459524f,0.7607916101644355f,0.3970978499519569f,-0.183521837008791f,-0.00626760755405904f,1.962928269404652f,0f,0f,0f,1f], start_interpolation: 0, interpolation_duration: 1 }
$data merge entity $(bone_leftarm) { transformation: [0.4171381872180942f,-0.07995707393619718f,-0.9053190592779778f,-2.8587312885445364f,0.04650983694944676f,0.996695356261932f,-0.06659731130335754f,1.3754015439152234f,0.9076522284616158f,-0.014325960123563613f,0.41947848459152226f,2.006409354901365f,0f,0f,0f,1f], start_interpolation: 0, interpolation_duration: 1 }
$data merge entity $(bone_body) { transformation: [-0.8625130021939449f,-0.005226562768229599f,0.5060079091160707f,-3.1250000000000004f,-0.0013511764591008358f,0.999966882034807f,0.008025531494096442f,0.75f,-0.5060330971078515f,0.006238419288258709f,-0.8624914995269342f,1.8443749999999997f,0f,0f,0f,1f], start_interpolation: 0, interpolation_duration: 1 }
data modify entity @s data merge value {"locators":{},"cameras":{"camera":{"posx":-5.81015419977402,"posy":1.375,"posz":10.185610944561889,"roty":208.14386207902027,"rotx":0}}}
execute on vehicle unless entity @s[tag=aj.transforms_only] at @s run function animated_java:humanentity/animations/000_mur_2/zzz/frames/zzz/11