# This file was generated by Animated Java via MC-Build. It is not recommended to edit this file directly.
$data merge entity $(bone_left_eye) { transformation: [-0.9738041126991603f,-0.10001234849156865f,0.20421332042597606f,-3.085487052441061f,-0.08458019634153326f,0.9929563693049053f,0.08296890407645605f,1.7375545471621496f,-0.21107283216233436f,0.06352305727860952f,-0.9754040602319377f,2.2114502237686735f,0f,0f,0f,1f], start_interpolation: 0, interpolation_duration: 1 }
$data merge entity $(bone_right_eye) { transformation: [-0.9738041126991603f,-0.10001234849156865f,0.20421332042597606f,-3.328938080615851f,-0.08458019634153326f,0.9929563693049053f,0.08296890407645605f,1.7164094980767661f,-0.21107283216233436f,0.06352305727860952f,-0.9754040602319377f,2.15868201572809f,0f,0f,0f,1f], start_interpolation: 0, interpolation_duration: 1 }
$data merge entity $(bone_right_close) { transformation: [-0.9738041126991603f,-0.10001234849156865f,0.20421332042597606f,-3.335188852396574f,-0.08458019634153326f,0.9929563693049053f,0.08296890407645605f,1.7784692711583228f,-0.21107283216233436f,0.06352305727860952f,-0.9754040602319377f,2.162652206808003f,0f,0f,0f,1f], start_interpolation: 0, interpolation_duration: 1 }
$data merge entity $(bone_left_close) { transformation: [-0.9738041126991603f,-0.10001234849156865f,0.20421332042597606f,-3.091737824221784f,-0.08458019634153326f,0.9929563693049053f,0.08296890407645605f,1.7996143202437063f,-0.21107283216233436f,0.06352305727860952f,-0.9754040602319377f,2.2154204148485865f,0f,0f,0f,1f], start_interpolation: 0, interpolation_duration: 1 }
$data merge entity $(bone_left_eyebrow) { transformation: [-0.9738041126991603f,-0.10001234849156865f,0.20421332042597606f,-3.0892502788420213f,-0.08458019634153326f,0.9929563693049053f,0.08296890407645605f,1.7747852254545788f,-0.21107283216233436f,0.06352305727860952f,-0.9754040602319377f,2.213893301170386f,0f,0f,0f,1f], start_interpolation: 0, interpolation_duration: 1 }
$data merge entity $(bone_right_eyebrow) { transformation: [-0.9738041126991603f,-0.10001234849156865f,0.20421332042597606f,-3.332701307016811f,-0.08458019634153326f,0.9929563693049053f,0.08296890407645605f,1.7536401763691956f,-0.21107283216233436f,0.06352305727860952f,-0.9754040602319377f,2.1611250931298023f,0f,0f,0f,1f], start_interpolation: 0, interpolation_duration: 1 }
$data merge entity $(bone_talking) { transformation: [-0.9738041126991603f,-0.10001234849156865f,0.20421332042597606f,-3.118392816772446f,-0.08458019634153326f,0.9929563693049053f,0.08296890407645605f,1.5046707128171242f,-0.21107283216233436f,0.06352305727860952f,-0.9754040602319377f,1.8643715866062487f,0f,0f,0f,1f], start_interpolation: 0, interpolation_duration: 1 }
$data merge entity $(bone_m_opened) { transformation: [-0.9738041126991603f,-0.10001234849156865f,0.20421332042597606f,-3.118392816772446f,-0.08458019634153326f,0.9929563693049053f,0.08296890407645605f,1.5046707128171242f,-0.21107283216233436f,0.06352305727860952f,-0.9754040602319377f,1.8643715866062487f,0f,0f,0f,1f], start_interpolation: 0, interpolation_duration: 1 }
$data merge entity $(bone_head) { transformation: [-0.9738041126991603f,-0.10001234849156865f,0.20421332042597606f,-3.13115614929907f,-0.08458019634153326f,0.9929563693049053f,0.08296890407645605f,1.4994851563123457f,-0.21107283216233436f,0.06352305727860952f,-0.9754040602319377f,1.9253343403707448f,0f,0f,0f,1f], start_interpolation: 0, interpolation_duration: 1 }
$data merge entity $(item_display_r_item) { transformation: [-0.42443740763258603f,0.022948527475433255f,0.1035977899804784f,-3.4992603083687484f,-0.0006176019684944003f,0.42660413905393546f,-0.09702977434715077f,1.5753767517588035f,-0.10610728330297847f,-0.09427896705394996f,-0.4138344727077502f,2.1018867133969783f,0f,0f,0f,1f], start_interpolation: 0, interpolation_duration: 1 }
$data merge entity $(bone_rightarm) { transformation: [-0.9701426460173395f,0.23679494852680777f,-0.052453777086704526f,-3.3545418266074125f,-0.001411661642272915f,-0.2217823413649158f,-0.9750951749804239f,1.3758193399694547f,-0.2425309332639508f,-0.9459073661891433f,0.21549478183759968f,1.524163033393614f,0f,0f,0f,1f], start_interpolation: 0, interpolation_duration: 1 }
$data merge entity $(item_display_l_item) { transformation: [0.1381961847606533f,0.4137195347684088f,-0.033826189093816635f,-2.7110449726930375f,0.020000123154263638f,0.028973789084850463f,0.43608114453606095f,0.7604354145831871f,0.4146179682447609f,-0.1392943505569334f,-0.009760856084815169f,2.00897707750422f,0f,0f,0f,1f], start_interpolation: 0, interpolation_duration: 1 }
$data merge entity $(bone_leftarm) { transformation: [0.3158769937386361f,-0.07731700364300924f,-0.9456446508992201f,-2.8775736813323207f,0.04571456720974546f,0.9967569017967107f,-0.06622580362251512f,1.375130252753317f,0.947698213130882f,-0.022310528193863314f,0.31838708698727636f,2.0348313832564653f,0f,0f,0f,1f], start_interpolation: 0, interpolation_duration: 1 }
$data merge entity $(bone_body) { transformation: [-0.8022989693893793f,-0.00526737482640206f,0.5968991694408513f,-3.1250000000000004f,-0.00048385686454212686f,0.9999664759730362f,0.008173910484081687f,0.75f,-0.5969222140273174f,0.0062691061966863295f,-0.8022746217525643f,1.8443749999999997f,0f,0f,0f,1f], start_interpolation: 0, interpolation_duration: 1 }
data modify entity @s data merge value {"locators":{},"cameras":{"camera":{"posx":-5.809702580551102,"posy":1.375,"posz":10.219820673567575,"roty":208.707173057297,"rotx":0}}}