# This file was generated by Animated Java via MC-Build. It is not recommended to edit this file directly.
$data merge entity $(bone_left_eye) { transformation: [-0.9456747988303658f,-0.10021688167695161f,0.30928264012727114f,-3.1235799303868195f,-0.078031829796224f,0.9934631443508243f,0.08331875152224928f,1.7367389742436539f,-0.31561084961673963f,0.05465855325126233f,-0.9473131658330728f,2.2145619672379557f,0f,0f,0f,1f], start_interpolation: 0, interpolation_duration: 1 }
$data merge entity $(bone_right_eye) { transformation: [-0.9456747988303658f,-0.10021688167695161f,0.30928264012727114f,-3.3599986300944105f,-0.078031829796224f,0.9934631443508243f,0.08331875152224928f,1.7172310167945979f,-0.31561084961673963f,0.05465855325126233f,-0.9473131658330728f,2.135659254833771f,0f,0f,0f,1f], start_interpolation: 0, interpolation_duration: 1 }
$data merge entity $(bone_right_close) { transformation: [-0.9456747988303658f,-0.10021688167695161f,0.30928264012727114f,-3.3662621851992203f,-0.078031829796224f,0.9934631443508243f,0.08331875152224928f,1.7793224633165243f,-0.31561084961673963f,0.05465855325126233f,-0.9473131658330728f,2.139075414411975f,0f,0f,0f,1f], start_interpolation: 0, interpolation_duration: 1 }
$data merge entity $(bone_left_close) { transformation: [-0.9456747988303658f,-0.10021688167695161f,0.30928264012727114f,-3.1298434854916284f,-0.078031829796224f,0.9934631443508243f,0.08331875152224928f,1.7988304207655803f,-0.31561084961673963f,0.05465855325126233f,-0.9473131658330728f,2.21797812681616f,0f,0f,0f,1f], start_interpolation: 0, interpolation_duration: 1 }
$data merge entity $(bone_left_eyebrow) { transformation: [-0.9456747988303658f,-0.10021688167695161f,0.30928264012727114f,-3.1273573936147128f,-0.078031829796224f,0.9934631443508243f,0.08331875152224928f,1.7739886347348397f,-0.31561084961673963f,0.05465855325126233f,-0.9473131658330728f,2.216670870057743f,0f,0f,0f,1f], start_interpolation: 0, interpolation_duration: 1 }
$data merge entity $(bone_right_eyebrow) { transformation: [-0.9456747988303658f,-0.10021688167695161f,0.30928264012727114f,-3.363776093322304f,-0.078031829796224f,0.9934631443508243f,0.08331875152224928f,1.7544806772857837f,-0.31561084961673963f,0.05465855325126233f,-0.9473131658330728f,2.1377681576535577f,0f,0f,0f,1f], start_interpolation: 0, interpolation_duration: 1 }
$data merge entity $(bone_talking) { transformation: [-0.9456747988303658f,-0.10021688167695161f,0.30928264012727114f,-3.1200842347816047f,-0.078031829796224f,0.9934631443508243f,0.08331875152224928f,1.5046563192821227f,-0.31561084961673963f,0.05465855325126233f,-0.9473131658330728f,1.8654106084002124f,0f,0f,0f,1f], start_interpolation: 0, interpolation_duration: 1 }
$data merge entity $(bone_m_opened) { transformation: [-0.9456747988303658f,-0.10021688167695161f,0.30928264012727114f,-3.1200842347816047f,-0.078031829796224f,0.9934631443508243f,0.08331875152224928f,1.5046563192821227f,-0.31561084961673963f,0.05465855325126233f,-0.9473131658330728f,1.8654106084002124f,0f,0f,0f,1f], start_interpolation: 0, interpolation_duration: 1 }
$data merge entity $(bone_head) { transformation: [-0.9456747988303658f,-0.10021688167695161f,0.30928264012727114f,-3.139414399789559f,-0.078031829796224f,0.9934631443508243f,0.08331875152224928f,1.4994488973119822f,-0.31561084961673963f,0.05465855325126233f,-0.9473131658330728f,1.9246176812647795f,0f,0f,0f,1f], start_interpolation: 0, interpolation_duration: 1 }
$data merge entity $(item_display_r_item) { transformation: [-0.4030168450160479f,0.06303186576892347f,0.15814757832796322f,-3.5708675671892376f,-0.0010443738181558997f,0.4054865470511841f,-0.16427361152612366f,1.6671790325884102f,-0.17024271472412197f,-0.15170330931853887f,-0.37337618299131636f,2.235600368267891f,0f,0f,0f,1f], start_interpolation: 0, interpolation_duration: 1 }
$data merge entity $(bone_rightarm) { transformation: [-0.9211813600366809f,0.3614801790353446f,-0.14407283604325355f,-3.3539470075448508f,-0.002387140155784914f,-0.3754825406311396f,-0.9268263932598495f,1.3745757951152073f,-0.3891262050837074f,-0.8534312754087232f,0.3467504212995172f,1.723877722468659f,0f,0f,0f,1f], start_interpolation: 0, interpolation_duration: 1 }
$data merge entity $(item_display_l_item) { transformation: [0.09225192305278528f,0.4264446929885456f,-0.03226075812760703f,-2.7314172479278103f,0.0196885128959472f,0.028732862776187706f,0.43611126453765314f,0.7600420049243742f,0.4272097788592965f,-0.09341090096230607f,-0.013132342837481409f,2.0530692304840183f,0f,0f,0f,1f], start_interpolation: 0, interpolation_duration: 1 }
$data merge entity $(bone_leftarm) { transformation: [0.21086153840636634f,-0.07373887572024442f,-0.9747307268309613f,-2.899345386106833f,0.045002315190736455f,0.9968257475146358f,-0.06567511491700025f,1.3748487077563967f,0.9764794945355348f,-0.030016783628528984f,0.2135106307709853f,2.060997569562561f,0f,0f,0f,1f], start_interpolation: 0, interpolation_duration: 1 }
$data merge entity $(bone_body) { transformation: [-0.7325478269260881f,-0.005226531233976502f,0.680695500673485f,-3.1250000000000004f,0.0004178999113714259f,0.9999668823659206f,0.008127701461375092f,0.75f,-0.6807154373345224f,0.006238392632836692f,-0.7325213825082709f,1.8443749999999997f,0f,0f,0f,1f], start_interpolation: 0, interpolation_duration: 1 }
data modify entity @s data merge value {"locators":{},"cameras":{"camera":{"posx":-5.808747516948536,"posy":1.375,"posz":10.251465342068816,"roty":209.29864047237209,"rotx":0}}}