# This file was generated by Animated Java via MC-Build. It is not recommended to edit this file directly.
$data merge entity $(bone_left_eye) { transformation: [-0.9648037068531428f,-0.09119835177034738f,0.24665090285017577f,-3.098321990405513f,-0.07267978479230847f,0.9938799443037328f,0.08318837174360895f,1.736228392285229f,-0.25272802797667404f,0.062333914887331796f,-0.9655273310113186f,2.2137072324053984f,0f,0f,0f,1f], start_interpolation: 0, interpolation_duration: 1 }
$data merge entity $(bone_right_eye) { transformation: [-0.9648037068531428f,-0.09119835177034738f,0.24665090285017577f,-3.339522917118799f,-0.07267978479230847f,0.9938799443037328f,0.08318837174360895f,1.718058446087152f,-0.25272802797667404f,0.062333914887331796f,-0.9655273310113186f,2.15052522541123f,0f,0f,0f,1f], start_interpolation: 0, interpolation_duration: 1 }
$data merge entity $(bone_right_close) { transformation: [-0.9648037068531428f,-0.09119835177034738f,0.24665090285017577f,-3.3452228141044453f,-0.07267978479230847f,0.9938799443037328f,0.08318837174360895f,1.7801759426061354f,-0.25272802797667404f,0.062333914887331796f,-0.9655273310113186f,2.1544210950916884f,0f,0f,0f,1f], start_interpolation: 0, interpolation_duration: 1 }
$data merge entity $(bone_left_close) { transformation: [-0.9648037068531428f,-0.09119835177034738f,0.24665090285017577f,-3.1040218873911596f,-0.07267978479230847f,0.9938799443037328f,0.08318837174360895f,1.7983458888042125f,-0.25272802797667404f,0.062333914887331796f,-0.9655273310113186f,2.2176031020858566f,0f,0f,0f,1f], start_interpolation: 0, interpolation_duration: 1 }
$data merge entity $(bone_left_eyebrow) { transformation: [-0.9648037068531428f,-0.09119835177034738f,0.24665090285017577f,-3.101757344278329f,-0.07267978479230847f,0.9938799443037328f,0.08318837174360895f,1.7734936909233854f,-0.25272802797667404f,0.062333914887331796f,-0.9655273310113186f,2.2161050996718616f,0f,0f,0f,1f], start_interpolation: 0, interpolation_duration: 1 }
$data merge entity $(bone_right_eyebrow) { transformation: [-0.9648037068531428f,-0.09119835177034738f,0.24665090285017577f,-3.342958270991615f,-0.07267978479230847f,0.9938799443037328f,0.08318837174360895f,1.755323744725308f,-0.25272802797667404f,0.062333914887331796f,-0.9655273310113186f,2.1529230926776934f,0f,0f,0f,1f], start_interpolation: 0, interpolation_duration: 1 }
$data merge entity $(bone_talking) { transformation: [-0.9648037068531428f,-0.09119835177034738f,0.24665090285017577f,-3.119044458678889f,-0.07267978479230847f,0.9938799443037328f,0.08318837174360895f,1.5046697992801352f,-0.25272802797667404f,0.062333914887331796f,-0.9655273310113186f,1.8648054592454444f,0f,0f,0f,1f], start_interpolation: 0, interpolation_duration: 1 }
$data merge entity $(bone_m_opened) { transformation: [-0.9648037068531428f,-0.09119835177034738f,0.24665090285017577f,-3.119044458678889f,-0.07267978479230847f,0.9938799443037328f,0.08318837174360895f,1.5046697992801352f,-0.25272802797667404f,0.062333914887331796f,-0.9655273310113186f,1.8648054592454444f,0f,0f,0f,1f], start_interpolation: 0, interpolation_duration: 1 }
$data merge entity $(bone_head) { transformation: [-0.9648037068531428f,-0.09119835177034738f,0.24665090285017577f,-3.134460140107025f,-0.07267978479230847f,0.9938799443037328f,0.08318837174360895f,1.4994705260461596f,-0.25272802797667404f,0.062333914887331796f,-0.9655273310113186f,1.9251509174336519f,0f,0f,0f,1f], start_interpolation: 0, interpolation_duration: 1 }
$data merge entity $(item_display_r_item) { transformation: [-0.41249889813449314f,0.042686476595754f,0.13938713625607357f,-3.554634333762816f,-0.0013586569910363506f,0.4171793159098449f,-0.13177944615217746f,1.6222933735541463f,-0.1457705837575255f,-0.12468172718098698f,-0.39320688424563005f,2.2828234374672745f,0f,0f,0f,1f], start_interpolation: 0, interpolation_duration: 1 }
$data merge entity $(bone_rightarm) { transformation: [-0.942854624307413f,0.318599168585311f,-0.09756908936172337f,-3.3616079214821046f,-0.003105501693797373f,-0.3012101626335483f,-0.9535527220796457f,1.3744399767782007f,-0.3331899057314869f,-0.8987585925614401f,0.2849868049851129f,1.7389109924279442f,0f,0f,0f,1f], start_interpolation: 0, interpolation_duration: 1 }
$data merge entity $(item_display_l_item) { transformation: [0.11998577526611434f,0.4194100683834843f,-0.0332394084235919f,-2.7186154817080896f,0.019873755235269016f,0.028876080250347793f,0.436093402658449f,0.7602758675962057f,0.42025551464155464f,-0.12110993571105688f,-0.011132649524060097f,2.026878523984425f,0f,0f,0f,1f], start_interpolation: 0, interpolation_duration: 1 }
$data merge entity $(bone_leftarm) { transformation: [0.27425320060826136f,-0.07597579068249558f,-0.9586515848765356f,-2.8859317989942164f,0.04542572625204346f,0.996784920362169f,-0.06600246914365188f,1.3750161341796048f,0.9605840334664106f,-0.02544605605499457f,0.27682271019670146f,2.045577577724641f,0f,0f,0f,1f], start_interpolation: 0, interpolation_duration: 1 }
$data merge entity $(bone_body) { transformation: [-0.7754989888602067f,-0.005240372820848848f,0.63132706006435f,-3.1250000000000004f,-0.00011815105746149101f,0.9999667391586367f,0.008155158905307866f,0.75f,-0.6313487976682339f,0.006249725525309903f,-0.7754738142669511f,1.8443749999999997f,0f,0f,0f,1f], start_interpolation: 0, interpolation_duration: 1 }
data modify entity @s data merge value {"locators":{},"cameras":{"camera":{"posx":-5.807333430529233,"posy":1.375,"posz":10.280698717014142,"roty":209.91471059921275,"rotx":0}}}