# This file was generated by Animated Java via MC-Build. It is not recommended to edit this file directly.
$data merge entity $(bone_left_eye) { transformation: [-0.9797396760764105f,-0.08149121824371555f,0.1829462994182861f,-3.0731033974512f,-0.06719321256375504f,0.9942778022792043f,0.08304651756815544f,1.7357033700225237f,-0.1886670064082538f,0.06907121863693329f,-0.9796090686845222f,2.2110948492494105f,0f,0f,0f,1f], start_interpolation: 0, interpolation_duration: 1 }
$data merge entity $(bone_right_eye) { transformation: [-0.9797396760764105f,-0.08149121824371555f,0.1829462994182861f,-3.3180383164703025f,-0.06719321256375504f,0.9942778022792043f,0.08304651756815544f,1.718905066881585f,-0.1886670064082538f,0.06907121863693329f,-0.9796090686845222f,2.1639280976473474f,0f,0f,0f,1f], start_interpolation: 0, interpolation_duration: 1 }
$data merge entity $(bone_right_close) { transformation: [-0.9797396760764105f,-0.08149121824371555f,0.1829462994182861f,-3.323131517610535f,-0.06719321256375504f,0.9942778022792043f,0.08304651756815544f,1.7810474295240355f,-0.1886670064082538f,0.06907121863693329f,-0.9796090686845222f,2.1682450488121554f,0f,0f,0f,1f], start_interpolation: 0, interpolation_duration: 1 }
$data merge entity $(bone_left_close) { transformation: [-0.9797396760764105f,-0.08149121824371555f,0.1829462994182861f,-3.0781965985914326f,-0.06719321256375504f,0.9942778022792043f,0.08304651756815544f,1.7978457326649742f,-0.1886670064082538f,0.06907121863693329f,-0.9796090686845222f,2.2154118004142185f,0f,0f,0f,1f], start_interpolation: 0, interpolation_duration: 1 }
$data merge entity $(bone_left_eyebrow) { transformation: [-0.9797396760764105f,-0.08149121824371555f,0.1829462994182861f,-3.076170752279053f,-0.06719321256375504f,0.9942778022792043f,0.08304651756815544f,1.772983597200646f,-0.1886670064082538f,0.06907121863693329f,-0.9796090686845222f,2.2137462455150883f,0f,0f,0f,1f], start_interpolation: 0, interpolation_duration: 1 }
$data merge entity $(bone_right_eyebrow) { transformation: [-0.9797396760764105f,-0.08149121824371555f,0.1829462994182861f,-3.321105671298156f,-0.06719321256375504f,0.9942778022792043f,0.08304651756815544f,1.7561852940597074f,-0.1886670064082538f,0.06907121863693329f,-0.9796090686845222f,2.1665794939130247f,0f,0f,0f,1f], start_interpolation: 0, interpolation_duration: 1 }
$data merge entity $(bone_talking) { transformation: [-0.9797396760764105f,-0.08149121824371555f,0.1829462994182861f,-3.1180273338316082f,-0.06719321256375504f,0.9942778022792043f,0.08304651756815544f,1.504686804622302f,-0.1886670064082538f,0.06907121863693329f,-0.9796090686845222f,1.8641158348252322f,0f,0f,0f,1f], start_interpolation: 0, interpolation_duration: 1 }
$data merge entity $(bone_m_opened) { transformation: [-0.9797396760764105f,-0.08149121824371555f,0.1829462994182861f,-3.1180273338316082f,-0.06719321256375504f,0.9942778022792043f,0.08304651756815544f,1.504686804622302f,-0.1886670064082538f,0.06907121863693329f,-0.9796090686845222f,1.8641158348252322f,0f,0f,0f,1f], start_interpolation: 0, interpolation_duration: 1 }
$data merge entity $(bone_head) { transformation: [-0.9797396760764105f,-0.08149121824371555f,0.1829462994182861f,-3.129461477545251f,-0.06719321256375504f,0.9942778022792043f,0.08304651756815544f,1.4994963972742923f,-0.1886670064082538f,0.06907121863693329f,-0.9796090686845222f,1.9253414016180148f,0f,0f,0f,1f], start_interpolation: 0, interpolation_duration: 1 }
$data merge entity $(item_display_r_item) { transformation: [-0.4217885257983589f,0.017920818448389497f,0.11480215055035764f,-3.5296953627505796f,-0.0014797506291622283f,0.4314014918262302f,-0.07277920848826619f,1.539909699163384f,-0.11618304455867304f,-0.07055385968352748f,-0.41584841353651275f,2.338388542192684f,0f,0f,0f,1f], start_interpolation: 0, interpolation_duration: 1 }
$data merge entity $(bone_rightarm) { transformation: [-0.9640880589676775f,0.2624049155436746f,-0.04096187073917594f,-3.3682524074569815f,-0.0033822871523708077f,-0.16635247654460822f,-0.9860605527456691f,1.3743106167763997f,-0.2655612447055384f,-0.9505106595120292f,0.16126596499091975f,1.7543985028095985f,0f,0f,0f,1f], start_interpolation: 0, interpolation_duration: 1 }
$data merge entity $(item_display_l_item) { transformation: [0.14720589941819764f,0.41057967914050475f,-0.034073453792645154f,-2.7075538359432816f,0.020073709957760387f,0.028992338367088276f,0.436076530536258f,0.760498396965394f,0.4115017853485099f,-0.14829032804902798f,-0.009083460909835117f,1.999906315831973f,0f,0f,0f,1f], start_interpolation: 0, interpolation_duration: 1 }
$data merge entity $(bone_leftarm) { transformation: [0.3364706272415946f,-0.07788218009747443f,-0.9384678380354394f,-2.873538678258633f,0.045882765617738026f,0.9967463555114469f,-0.06626820198191584f,1.3751813439123088f,0.9405755093680226f,-0.020762196365337486f,0.33894932125492105f,2.0292986082605022f,0f,0f,0f,1f], start_interpolation: 0, interpolation_duration: 1 }
$data merge entity $(bone_body) { transformation: [-0.8151293645987339f,-0.0052265675131793485f,0.57925538578497f,-3.1250000000000004f,-0.0006465371478082714f,0.9999668816857903f,0.008112799844275025f,0.75f,-0.5792786039192029f,0.006238471257202614f,-0.8151057480583684f,1.8443749999999997f,0f,0f,0f,1f], start_interpolation: 0, interpolation_duration: 1 }
data modify entity @s data merge value {"locators":{},"cameras":{"camera":{"posx":-5.805504742856102,"posy":1.375,"posz":10.307674565352093,"roty":210.55182971278614,"rotx":0}}}