# This file was generated by Animated Java via MC-Build. It is not recommended to edit this file directly.
$data merge entity $(bone_left_eye) { transformation: [0.12082550726176683f,-0.10146896795290614f,0.9874741745167357f,-1.255063268430768f,0.0540449516325445f,0.9939590521680959f,0.0955224885361364f,1.717139688140315f,-0.9912014628711826f,0.0418264408678588f,0.12557949214085412f,1.9411062326966209f,0f,0f,0f,1f], start_interpolation: 0, interpolation_duration: 1 }
$data merge entity $(bone_right_eye) { transformation: [0.12082550726176683f,-0.10146896795290614f,0.9874741745167357f,-1.2248568916153264f,0.0540449516325445f,0.9939590521680959f,0.0955224885361364f,1.730650926048451f,-0.9912014628711826f,0.0418264408678588f,0.12557949214085412f,1.693305866978825f,0f,0f,0f,1f], start_interpolation: 0, interpolation_duration: 1 }
$data merge entity $(bone_right_close) { transformation: [0.12082550726176683f,-0.10146896795290614f,0.9874741745167357f,-1.231198702112383f,0.0540449516325445f,0.9939590521680959f,0.0955224885361364f,1.7927733668089572f,-0.9912014628711826f,0.0418264408678588f,0.12557949214085412f,1.6959200195330661f,0f,0f,0f,1f], start_interpolation: 0, interpolation_duration: 1 }
$data merge entity $(bone_left_close) { transformation: [0.12082550726176683f,-0.10146896795290614f,0.9874741745167357f,-1.2614050789278246f,0.0540449516325445f,0.9939590521680959f,0.0955224885361364f,1.779262128900821f,-0.9912014628711826f,0.0418264408678588f,0.12557949214085412f,1.943720385250862f,0f,0f,0f,1f], start_interpolation: 0, interpolation_duration: 1 }
$data merge entity $(bone_left_eyebrow) { transformation: [0.12082550726176683f,-0.10146896795290614f,0.9874741745167357f,-1.2589300718649095f,0.0540449516325445f,0.9939590521680959f,0.0955224885361364f,1.7544071824410852f,-0.9912014628711826f,0.0418264408678588f,0.12557949214085412f,1.9426668755109067f,0f,0f,0f,1f], start_interpolation: 0, interpolation_duration: 1 }
$data merge entity $(bone_right_eyebrow) { transformation: [0.12082550726176683f,-0.10146896795290614f,0.9874741745167357f,-1.2287236950494678f,0.0540449516325445f,0.9939590521680959f,0.0955224885361364f,1.7679184203492213f,-0.9912014628711826f,0.0418264408678588f,0.12557949214085412f,1.694866509793111f,0f,0f,0f,1f], start_interpolation: 0, interpolation_duration: 1 }
$data merge entity $(bone_talking) { transformation: [0.12082550726176683f,-0.10146896795290614f,0.9874741745167357f,-0.9060071584983408f,0.0540449516325445f,0.9939590521680959f,0.0955224885361364f,1.5052563217199018f,-0.9912014628711826f,0.0418264408678588f,0.12557949214085412f,1.8459930309147752f,0f,0f,0f,1f], start_interpolation: 0, interpolation_duration: 1 }
$data merge entity $(bone_m_opened) { transformation: [0.12082550726176683f,-0.10146896795290614f,0.9874741745167357f,-0.9060071584983408f,0.0540449516325445f,0.9939590521680959f,0.0955224885361364f,1.5052563217199018f,-0.9912014628711826f,0.0418264408678588f,0.12557949214085412f,1.8459930309147752f,0f,0f,0f,1f], start_interpolation: 0, interpolation_duration: 1 }
$data merge entity $(bone_head) { transformation: [0.12082550726176683f,-0.10146896795290614f,0.9874741745167357f,-0.9677242944056368f,0.0540449516325445f,0.9939590521680959f,0.0955224885361364f,1.4992861661863932f,-0.9912014628711826f,0.0418264408678588f,0.12557949214085412f,1.8381443126559718f,0f,0f,0f,1f], start_interpolation: 0, interpolation_duration: 1 }
$data merge entity $(item_display_r_item) { transformation: [-0.13621814294635068f,-0.028332731272986997f,0.41478684148711875f,-1.67887564835367f,-0.0020358373515873664f,0.436523135425839f,0.029148886844481633f,1.39512431948595f,-0.41574838893076355f,0.0071455284344278365f,-0.13604583244211238f,1.7427173856162304f,0f,0f,0f,1f], start_interpolation: 0, interpolation_duration: 1 }
$data merge entity $(bone_rightarm) { transformation: [-0.3113557553059444f,0.9480842091134143f,0.0647605286239705f,-1.0822754846187879f,-0.00465334251791398f,0.0666260270731011f,-0.997767166687632f,1.374405138488661f,-0.9502820318417452f,-0.31096190272482827f,-0.01633263642154941f,1.547345406636866f,0f,0f,0f,1f], start_interpolation: 0, interpolation_duration: 1 }
$data merge entity $(item_display_l_item) { transformation: [-0.16742400165972676f,-0.4040731666608883f,-0.010016469082751289f,-0.9442385740326443f,0f,-0.010841748009639907f,0.4373656439411942f,0.7464994334270579f,-0.4041972954736879f,0.16737258582198392f,0.004148957341166379f,2.1666637713467494f,0f,0f,0f,1f], start_interpolation: 0, interpolation_duration: 1 }
$data merge entity $(bone_leftarm) { transformation: [-0.3826834323650897f,-0.022894786474860294f,0.9235958095106019f,-0.8430983393906067f,0f,0.9996929004370153f,0.02478113830774858f,1.374405138488661f,-0.9238795325112866f,0.009483331065523237f,-0.38256591045024896f,2.12477011445642f,0f,0f,0f,1f], start_interpolation: 0, interpolation_duration: 1 }
$data merge entity $(bone_body) { transformation: [-0.3826834323650897f,-0.04029905920751534f,0.9230002039112791f,-0.9375000000000002f,0f,0.9990482215818578f,0.043619387365336f,0.75f,-0.9238795325112866f,0.016692416874629207f,-0.3823192025331841f,1.8256249999999998f,0f,0f,0f,1f], start_interpolation: 0, interpolation_duration: 1 }
$data merge entity $(bone_leftleg) { transformation: [-0.3826834323650897f,-0.01612392110047446f,0.9237388211835742f,-0.889664570954364f,0f,0.9998476951563913f,0.01745240643728351f,0.7743518518518518f,-0.9238795325112866f,0.006678746798450241f,-0.3826251478247717f,1.9411099415639106f,0f,0f,0f,1f], start_interpolation: 0, interpolation_duration: 1 }
$data merge entity $(bone_rightleg) { transformation: [-0.3826834323650897f,0.052216317215475885f,0.9224027573732237f,-0.9853354290456364f,0f,0.998401550108975f,-0.05651853448202456f,0.817f,-0.9238795325112866f,-0.02162870676782584f,-0.3820717320743287f,1.710140058436089f,0f,0f,0f,1f], start_interpolation: 0, interpolation_duration: 1 }
$data merge entity $(text_display_text) { transformation: [-4.5769509808878667e-17f,0f,-2f,1.4374999999999998f,0f,2f,0f,2.593693177121688f,2f,0f,-4.5769509808878667e-17f,1.9375000000000002f,0f,0f,0f,1f], start_interpolation: 0, interpolation_duration: 1 }
data modify entity @s data merge value {"locators":{},"cameras":{"camera":{"posx":-3.9760500000000003,"posy":1.375,"posz":4.917999999999999,"roty":219.50000000000003,"rotx":0}}}