# This file was generated by Animated Java via MC-Build. It is not recommended to edit this file directly.
$data merge entity $(bone_left_eye) { transformation: [-0.9817415902638043f,-0.07507027753480695f,0.17477958512693592f,-3.068576410381584f,-0.06124935004242458f,0.9946507300410183f,0.08317717444257064f,1.7350239692459886f,-0.18008877551273778f,0.07095335552118971f,-0.9810879951740346f,2.2108671887944578f,0f,0f,0f,1f], start_interpolation: 0, interpolation_duration: 1 }
$data merge entity $(bone_right_eye) { transformation: [-0.9817415902638043f,-0.07507027753480695f,0.17477958512693592f,-3.3140118079475354f,-0.06124935004242458f,0.9946507300410183f,0.08317717444257064f,1.7197116317353822f,-0.18008877551273778f,0.07095335552118971f,-0.9810879951740346f,2.1658449949162737f,0f,0f,0f,1f], start_interpolation: 0, interpolation_duration: 1 }
$data merge entity $(bone_right_close) { transformation: [-0.9817415902638043f,-0.07507027753480695f,0.17477958512693592f,-3.318703700293461f,-0.06124935004242458f,0.9946507300410183f,0.08317717444257064f,1.7818773023629457f,-0.18008877551273778f,0.07095335552118971f,-0.9810879951740346f,2.1702795796363477f,0f,0f,0f,1f], start_interpolation: 0, interpolation_duration: 1 }
$data merge entity $(bone_left_close) { transformation: [-0.9817415902638043f,-0.07507027753480695f,0.17477958512693592f,-3.07326830272751f,-0.06124935004242458f,0.9946507300410183f,0.08317717444257064f,1.797189639873552f,-0.18008877551273778f,0.07095335552118971f,-0.9810879951740346f,2.2153017735145317f,0f,0f,0f,1f], start_interpolation: 0, interpolation_duration: 1 }
$data merge entity $(bone_left_eyebrow) { transformation: [-0.9817415902638043f,-0.07507027753480695f,0.17477958512693592f,-3.07140246951321f,-0.06124935004242458f,0.9946507300410183f,0.08317717444257064f,1.772318173049124f,-0.18008877551273778f,0.07095335552118971f,-0.9810879951740346f,2.2135892576262006f,0f,0f,0f,1f], start_interpolation: 0, interpolation_duration: 1 }
$data merge entity $(bone_right_eyebrow) { transformation: [-0.9817415902638043f,-0.07507027753480695f,0.17477958512693592f,-3.316837867079161f,-0.06124935004242458f,0.9946507300410183f,0.08317717444257064f,1.7570058355385179f,-0.18008877551273778f,0.07095335552118971f,-0.9810879951740346f,2.168567063748016f,0f,0f,0f,1f], start_interpolation: 0, interpolation_duration: 1 }
$data merge entity $(bone_talking) { transformation: [-0.9817415902638043f,-0.07507027753480695f,0.17477958512693592f,-3.1179079194286907f,-0.06124935004242458f,0.9946507300410183f,0.08317717444257064f,1.504697984993734f,-0.18008877551273778f,0.07095335552118971f,-0.9810879951740346f,1.8640277544831823f,0f,0f,0f,1f], start_interpolation: 0, interpolation_duration: 1 }
$data merge entity $(bone_m_opened) { transformation: [-0.9817415902638043f,-0.07507027753480695f,0.17477958512693592f,-3.1179079194286907f,-0.06124935004242458f,0.9946507300410183f,0.08317717444257064f,1.504697984993734f,-0.18008877551273778f,0.07095335552118971f,-0.9810879951740346f,1.8640277544831823f,0f,0f,0f,1f], start_interpolation: 0, interpolation_duration: 1 }
$data merge entity $(bone_head) { transformation: [-0.9817415902638043f,-0.07507027753480695f,0.17477958512693592f,-3.128831643499124f,-0.06124935004242458f,0.9946507300410183f,0.08317717444257064f,1.4994994115910734f,-0.18008877551273778f,0.07095335552118971f,-0.9810879951740346f,1.9253457541815595f,0f,0f,0f,1f], start_interpolation: 0, interpolation_duration: 1 }
$data merge entity $(item_display_r_item) { transformation: [-0.42273943760157484f,0.01556213180886049f,0.11160393339783244f,-3.5262387959680117f,-0.0015086210250287505f,0.432487262543144f,-0.06602076794873356f,1.5303923143401987f,-0.11267360808506575f,-0.06417817223559225f,-0.41784215949278225f,2.344147342101906f,0f,0f,0f,1f], start_interpolation: 0, interpolation_duration: 1 }
$data merge entity $(bone_rightarm) { transformation: [-0.9662615716607426f,0.2550947049093313f,-0.035570586991681065f,-3.3690277670866595f,-0.0034482766286371438f,-0.1509046124542479f,-0.9885423143843292f,1.3742930369072732f,-0.25753967562300745f,-0.9550677931263595f,0.1466929651099249f,1.7563982817173014f,0f,0f,0f,1f], start_interpolation: 0, interpolation_duration: 1 }
$data merge entity $(item_display_l_item) { transformation: [0.1506195320434832f,0.40933142927665334f,-0.034172907007366506f,-2.7062762818534076f,0.020098776130332525f,0.029009878798593788f,0.4360742094301768f,0.760528608525506f,0.4102633858450748f,-0.15169857592747168f,-0.00881738603624716f,1.9964312484508488f,0f,0f,0f,1f], start_interpolation: 0, interpolation_duration: 1 }
$data merge entity $(bone_leftarm) { transformation: [0.34427321609939016f,-0.07810950173112324f,-0.9356146954894934f,-2.8720465573715463f,0.045940059726474344f,0.9967410501261184f,-0.06630829439678558f,1.3752032280547317f,0.9377448819315997f,-0.020154025225707868f,0.34673960211993526f,2.0271774329497734f,0f,0f,0f,1f], start_interpolation: 0, interpolation_duration: 1 }
$data merge entity $(bone_body) { transformation: [-0.8199153948620311f,-0.0052321892254891455f,0.5724608016835285f,-3.1250000000000004f,-0.0007166662609887996f,0.9999668317570765f,0.008113062010437036f,0.75f,-0.5724842632402307f,0.006241761099522442f,-0.8198919494425266f,1.8443749999999997f,0f,0f,0f,1f], start_interpolation: 0, interpolation_duration: 1 }
data modify entity @s data merge value {"locators":{},"cameras":{"camera":{"posx":-5.803305875492055,"posy":1.375,"posz":10.3325466540312,"roty":211.2064440880595,"rotx":0}}}