# This file was generated by Animated Java via MC-Build. It is not recommended to edit this file directly.
$data merge entity $(bone_left_eye) { transformation: [-0.9836374675467159f,-0.06860877040567485f,0.166583819927701f,-3.064044849187532f,-0.05528582170601379f,0.9949861539972148f,0.08334285375556458f,1.7343240442012797f,-0.17146664502629716f,0.07276943023861025f,-0.982498753009984f,2.2105949940607155f,0f,0f,0f,1f], start_interpolation: 0, interpolation_duration: 1 }
$data merge entity $(bone_right_eye) { transformation: [-0.9836374675467159f,-0.06860877040567485f,0.166583819927701f,-3.3099542160742104f,-0.05528582170601379f,0.9949861539972148f,0.08334285375556458f,1.7205025887747765f,-0.17146664502629716f,0.07276943023861025f,-0.982498753009984f,2.1677283328041415f,0f,0f,0f,1f], start_interpolation: 0, interpolation_duration: 1 }
$data merge entity $(bone_right_close) { transformation: [-0.9836374675467159f,-0.06860877040567485f,0.166583819927701f,-3.314242264224565f,-0.05528582170601379f,0.9949861539972148f,0.08334285375556458f,1.7826892233996026f,-0.17146664502629716f,0.07276943023861025f,-0.982498753009984f,2.1722764221940545f,0f,0f,0f,1f], start_interpolation: 0, interpolation_duration: 1 }
$data merge entity $(bone_left_close) { transformation: [-0.9836374675467159f,-0.06860877040567485f,0.166583819927701f,-3.0683328973378865f,-0.05528582170601379f,0.9949861539972148f,0.08334285375556458f,1.7965106788261058f,-0.17146664502629716f,0.07276943023861025f,-0.982498753009984f,2.2151430834506285f,0f,0f,0f,1f], start_interpolation: 0, interpolation_duration: 1 }
$data merge entity $(bone_left_eyebrow) { transformation: [-0.9836374675467159f,-0.06860877040567485f,0.166583819927701f,-3.06662808956649f,-0.05528582170601379f,0.9949861539972148f,0.08334285375556458f,1.7716308160478158f,-0.17146664502629716f,0.07276943023861025f,-0.982498753009984f,2.2133852538667265f,0f,0f,0f,1f], start_interpolation: 0, interpolation_duration: 1 }
$data merge entity $(bone_right_eyebrow) { transformation: [-0.9836374675467159f,-0.06860877040567485f,0.166583819927701f,-3.312537456453169f,-0.05528582170601379f,0.9949861539972148f,0.08334285375556458f,1.7578093606213123f,-0.17146664502629716f,0.07276943023861025f,-0.982498753009984f,2.1705185926101525f,0f,0f,0f,1f], start_interpolation: 0, interpolation_duration: 1 }
$data merge entity $(bone_talking) { transformation: [-0.9836374675467159f,-0.06860877040567485f,0.166583819927701f,-3.1177898963020456f,-0.05528582170601379f,0.9949861539972148f,0.08334285375556458f,1.5047114197873384f,-0.17146664502629716f,0.07276943023861025f,-0.982498753009984f,1.8639384455571557f,0f,0f,0f,1f], start_interpolation: 0, interpolation_duration: 1 }
$data merge entity $(bone_m_opened) { transformation: [-0.9836374675467159f,-0.06860877040567485f,0.166583819927701f,-3.1177898963020456f,-0.05528582170601379f,0.9949861539972148f,0.08334285375556458f,1.5047114197873384f,-0.17146664502629716f,0.07276943023861025f,-0.982498753009984f,1.8639384455571557f,0f,0f,0f,1f], start_interpolation: 0, interpolation_duration: 1 }
$data merge entity $(bone_head) { transformation: [-0.9836374675467159f,-0.06860877040567485f,0.166583819927701f,-3.128201385047527f,-0.05528582170601379f,0.9949861539972148f,0.08334285375556458f,1.4995024914276156f,-0.17146664502629716f,0.07276943023861025f,-0.982498753009984f,1.9253446176202798f,0f,0f,0f,1f], start_interpolation: 0, interpolation_duration: 1 }
$data merge entity $(item_display_r_item) { transformation: [-0.423661149905932f,0.013357076039961278f,0.10834698233013262f,-3.522659387439007f,-0.0015372093619052984f,0.433439862636522f,-0.05944554201124352f,1.521117781403937f,-0.1091563880300235f,-0.05794587127048438f,-0.4196825097081642f,2.349672685124039f,0f,0f,0f,1f], start_interpolation: 0, interpolation_duration: 1 }
$data merge entity $(bone_rightarm) { transformation: [-0.9683683426421303f,0.24765024532601743f,-0.030530459519911436f,-3.3697861378302405f,-0.003513621398640682f,-0.13587552459712782f,-0.990719686026336f,1.374275598154086f,-0.2495003154971966f,-0.9592743079043753f,0.13244770576110695f,1.7584042242938736f,0f,0f,0f,1f], start_interpolation: 0, interpolation_duration: 1 }
$data merge entity $(item_display_l_item) { transformation: [0.1540227646916601f,0.40805491229159957f,-0.03426990679054015f,-2.705027648020588f,0.02012404251189188f,0.029026934027322263f,0.43607190922364286f,0.7605585735384343f,0.40899665141626396f,-0.1550963431408629f,-0.00855064176624426f,1.9929456785562047f,0f,0f,0f,1f], start_interpolation: 0, interpolation_duration: 1 }
$data merge entity $(bone_leftarm) { transformation: [0.35205203358093734f,-0.07833121552123443f,-0.932696942380799f,-2.8705717755189597f,0.04599781145575287f,0.9967357925111837f,-0.06634727777673638f,1.375225034135832f,0.9348494889514605f,-0.01954432403712982f,0.3545059271791152f,2.025043716930388f,0f,0f,0f,1f], start_interpolation: 0, interpolation_duration: 1 }
$data merge entity $(bone_body) { transformation: [-0.8246447908605634f,-0.00523723626061668f,0.5656266792354194f,-3.1250000000000004f,-0.0007865359842742043f,0.9999667866251941f,0.008112151849470917f,0.75f,-0.5656503781203395f,0.006244758028451895f,-0.8246215208988199f,1.8443749999999997f,0f,0f,0f,1f], start_interpolation: 0, interpolation_duration: 1 }
data modify entity @s data merge value {"locators":{},"cameras":{"camera":{"posx":-5.800781250000001,"posy":1.375,"posz":10.35546875,"roty":211.87500000000003,"rotx":0}}}