# This file was generated by Animated Java via MC-Build. It is not recommended to edit this file directly.
$data merge entity $(bone_left_eye) { transformation: [-0.9854236719438171f,-0.0621455294333446f,0.15836072727861983f,-3.0595193524782354f,-0.04934256842657376f,0.9952822959982534f,0.08353719060103681f,1.733609733380793f,-0.16280509117909375f,0.07450560008411695f,-0.9838411547817425f,2.210275312925057f,0f,0f,0f,1f], start_interpolation: 0, interpolation_duration: 1 }
$data merge entity $(bone_right_eye) { transformation: [-0.9854236719438171f,-0.0621455294333446f,0.15836072727861983f,-3.3058752704641896f,-0.04934256842657376f,0.9952822959982534f,0.08353719060103681f,1.7212740912741493f,-0.16280509117909375f,0.07450560008411695f,-0.9838411547817425f,2.1695740401302834f,0f,0f,0f,1f], start_interpolation: 0, interpolation_duration: 1 }
$data merge entity $(bone_right_close) { transformation: [-0.9854236719438171f,-0.0621455294333446f,0.15836072727861983f,-3.3097593660537736f,-0.04934256842657376f,0.9952822959982534f,0.08353719060103681f,1.7834792347740402f,-0.16280509117909375f,0.07450560008411695f,-0.9838411547817425f,2.1742306401355407f,0f,0f,0f,1f], start_interpolation: 0, interpolation_duration: 1 }
$data merge entity $(bone_left_close) { transformation: [-0.9854236719438171f,-0.0621455294333446f,0.15836072727861983f,-3.0634034480678194f,-0.04934256842657376f,0.9952822959982534f,0.08353719060103681f,1.7958148768806839f,-0.16280509117909375f,0.07450560008411695f,-0.9838411547817425f,2.2149319129303144f,0f,0f,0f,1f], start_interpolation: 0, interpolation_duration: 1 }
$data merge entity $(bone_left_eyebrow) { transformation: [-0.9854236719438171f,-0.0621455294333446f,0.15836072727861983f,-3.0618597073774407f,-0.04934256842657376f,0.9952822959982534f,0.08353719060103681f,1.770927598406315f,-0.16280509117909375f,0.07450560008411695f,-0.9838411547817425f,2.2131307630003856f,0f,0f,0f,1f], start_interpolation: 0, interpolation_duration: 1 }
$data merge entity $(bone_right_eyebrow) { transformation: [-0.9854236719438171f,-0.0621455294333446f,0.15836072727861983f,-3.308215625363395f,-0.04934256842657376f,0.9952822959982534f,0.08353719060103681f,1.7585919562996717f,-0.16280509117909375f,0.07450560008411695f,-0.9838411547817425f,2.1724294902056123f,0f,0f,0f,1f], start_interpolation: 0, interpolation_duration: 1 }
$data merge entity $(bone_talking) { transformation: [-0.9854236719438171f,-0.0621455294333446f,0.15836072727861983f,-3.1176732018383078f,-0.04934256842657376f,0.9952822959982534f,0.08353719060103681f,1.5047267103907318f,-0.16280509117909375f,0.07450560008411695f,-0.9838411547817425f,1.8638479156373466f,0f,0f,0f,1f], start_interpolation: 0, interpolation_duration: 1 }
$data merge entity $(bone_m_opened) { transformation: [-0.9854236719438171f,-0.0621455294333446f,0.15836072727861983f,-3.1176732018383078f,-0.04934256842657376f,0.9952822959982534f,0.08353719060103681f,1.5047267103907318f,-0.16280509117909375f,0.07450560008411695f,-0.9838411547817425f,1.8638479156373466f,0f,0f,0f,1f], start_interpolation: 0, interpolation_duration: 1 }
$data merge entity $(bone_head) { transformation: [-0.9854236719438171f,-0.0621455294333446f,0.15836072727861983f,-3.1275707472932215f,-0.04934256842657376f,0.9952822959982534f,0.08353719060103681f,1.499505635978167f,-0.16280509117909375f,0.07450560008411695f,-0.9838411547817425f,1.9253379878112056f,0f,0f,0f,1f], start_interpolation: 0, interpolation_duration: 1 }
$data merge entity $(item_display_r_item) { transformation: [-0.4245535990703263f,0.011312638143009668f,0.10503578311545995f,-3.5189624961974615f,-0.0015655100884341977f,0.4342629250493647f,-0.05309906878404688f,1.5121516772752501f,-0.1056316273404686f,-0.051903623628945704f,-0.4213718347962867f,2.3549611491020284f,0f,0f,0f,1f], start_interpolation: 0, interpolation_duration: 1 }
$data merge entity $(bone_rightarm) { transformation: [-0.9704082264464602f,0.24008178997819418f,-0.025857458612593476f,-3.370527468624377f,-0.0035783087735638806f,-0.12136930007782122f,-0.992600971541405f,1.374258304005274f,-0.24144371963535682f,-0.9631356223915125f,0.11863685400901855f,1.7604161884828966f,0f,0f,0f,1f], start_interpolation: 0, interpolation_duration: 1 }
$data merge entity $(item_display_l_item) { transformation: [0.15741536224731947f,0.40675021633245106f,-0.03436444735550548f,-2.703808020687767f,0.02014950308113689f,0.029043501529300353f,0.4360696303854475f,0.7605882860639908f,0.40770166942769354f,-0.15848339513154572f,-0.00828324896703641f,1.9894498468557087f,0f,0f,0f,1f], start_interpolation: 0, interpolation_duration: 1 }
$data merge entity $(bone_leftarm) { transformation: [0.35980654227958736f,-0.07854730824115518f,-0.9297147801884595f,-2.8691144358620466f,0.04605600704259861f,0.9967305837381657f,-0.0663851463526863f,1.3752467576062586f,0.9318895301204424f,-0.0189331404960833f,0.3622477603006759f,2.022897604083241f,0f,0f,0f,1f], start_interpolation: 0, interpolation_duration: 1 }
$data merge entity $(bone_body) { transformation: [-0.8293172259613621f,-0.00524171035995512f,0.5587534905450285f,-3.1250000000000004f,-0.0008561316827736758f,0.9999667463286268f,0.008110072470787892f,0.75f,-0.5587774205909655f,0.006247456237703445f,-0.829294135713177f,1.8443749999999997f,0f,0f,0f,1f], start_interpolation: 0, interpolation_duration: 1 }
data modify entity @s data merge value {"locators":{},"cameras":{"camera":{"posx":-5.79797528794285,"posy":1.375,"posz":10.376594620207028,"roty":212.5539437235749,"rotx":0}}}