# This file was generated by Animated Java via MC-Build. It is not recommended to edit this file directly.
$data merge entity $(bone_left_eye) { transformation: [-0.98709756598823f,-0.055719826864045724f,0.15011227835974283f,-3.0550106059354674f,-0.04345949530557715f,0.9955383400232873f,0.08375372117979009f,1.732887436051221f,-0.15410927125872959f,0.07614929046234292f,-0.9851150278389752f,2.209905599484649f,0f,0f,0f,1f], start_interpolation: 0, interpolation_duration: 1 }
$data merge entity $(bone_right_eye) { transformation: [-0.98709756598823f,-0.055719826864045724f,0.15011227835974283f,-3.3017849974325246f,-0.04345949530557715f,0.9955383400232873f,0.08375372117979009f,1.7220225622248269f,-0.15410927125872959f,0.07614929046234292f,-0.9851150278389752f,2.1713782816699667f,0f,0f,0f,1f], start_interpolation: 0, interpolation_duration: 1 }
$data merge entity $(bone_right_close) { transformation: [-0.98709756598823f,-0.055719826864045724f,0.15011227835974283f,-3.3052674866115277f,-0.04345949530557715f,0.9955383400232873f,0.08375372117979009f,1.7842437084762823f,-0.15410927125872959f,0.07614929046234292f,-0.9851150278389752f,2.176137612323863f,0f,0f,0f,1f], start_interpolation: 0, interpolation_duration: 1 }
$data merge entity $(bone_left_close) { transformation: [-0.98709756598823f,-0.055719826864045724f,0.15011227835974283f,-3.0584930951144704f,-0.04345949530557715f,0.9955383400232873f,0.08375372117979009f,1.7951085823026764f,-0.15410927125872959f,0.07614929046234292f,-0.9851150278389752f,2.2146649301385453f,0f,0f,0f,1f], start_interpolation: 0, interpolation_duration: 1 }
$data merge entity $(bone_left_eyebrow) { transformation: [-0.98709756598823f,-0.055719826864045724f,0.15011227835974283f,-3.0571094814602664f,-0.04345949530557715f,0.9955383400232873f,0.08375372117979009f,1.7702148891945209f,-0.15410927125872959f,0.07614929046234292f,-0.9851150278389752f,2.2128227675662266f,0f,0f,0f,1f], start_interpolation: 0, interpolation_duration: 1 }
$data merge entity $(bone_right_eyebrow) { transformation: [-0.98709756598823f,-0.055719826864045724f,0.15011227835974283f,-3.303883872957324f,-0.04345949530557715f,0.9955383400232873f,0.08375372117979009f,1.7593500153681265f,-0.15410927125872959f,0.07614929046234292f,-0.9851150278389752f,2.174295449751544f,0f,0f,0f,1f], start_interpolation: 0, interpolation_duration: 1 }
$data merge entity $(bone_talking) { transformation: [-0.98709756598823f,-0.055719826864045724f,0.15011227835974283f,-3.117557757980565f,-0.04345949530557715f,0.9955383400232873f,0.08375372117979009f,1.5047434520008864f,-0.15410927125872959f,0.07614929046234292f,-0.9851150278389752f,1.8637561717620421f,0f,0f,0f,1f], start_interpolation: 0, interpolation_duration: 1 }
$data merge entity $(bone_m_opened) { transformation: [-0.98709756598823f,-0.055719826864045724f,0.15011227835974283f,-3.117557757980565f,-0.04345949530557715f,0.9955383400232873f,0.08375372117979009f,1.5047434520008864f,-0.15410927125872959f,0.07614929046234292f,-0.9851150278389752f,1.8637561717620421f,0f,0f,0f,1f], start_interpolation: 0, interpolation_duration: 1 }
$data merge entity $(bone_head) { transformation: [-0.98709756598823f,-0.055719826864045724f,0.15011227835974283f,-3.126939775378049f,-0.04345949530557715f,0.9955383400232873f,0.08375372117979009f,1.4995088444271496f,-0.15410927125872959f,0.07614929046234292f,-0.9851150278389752f,1.9253258610019781f,0f,0f,0f,1f], start_interpolation: 0, interpolation_duration: 1 }
$data merge entity $(item_display_r_item) { transformation: [-0.425416723475268f,0.00943428621972109f,0.10167524591114499f,-3.515154305721131f,-0.0015935176915520643f,0.4349622799600833f,-0.047026861614324636f,1.5035598573729594f,-0.102099569484568f,-0.04609836499758431f,-0.4229147297690343f,2.360012450760469f,0f,0f,0f,1f], start_interpolation: 0, interpolation_duration: 1 }
$data merge entity $(bone_rightarm) { transformation: [-0.972381082229184f,0.2324005620826171f,-0.02156408278793387f,-3.371251709593741f,-0.003642326152119004f,-0.10748996940417038f,-0.994199497051619f,1.3742411579296268f,-0.2333704445361554f,-0.9666622394720785f,0.10536769142304964f,1.7624340318043608f,0f,0f,0f,1f], start_interpolation: 0, interpolation_duration: 1 }
$data merge entity $(item_display_l_item) { transformation: [0.16079709032979628f,0.4054174314922958f,-0.034456523093035506f,-2.7026174840941195f,0.020175151788401596f,0.029059578847225518f,0.43606737338115176f,0.760617740195325f,0.4063785291963469f,-0.16185949808216826f,-0.008015228555835f,1.985943994766155f,0f,0f,0f,1f], start_interpolation: 0, interpolation_duration: 1 }
$data merge entity $(bone_leftarm) { transformation: [0.3675362064681058f,-0.07875776706979523f,-0.9266684148395332f,-2.867674640367683f,0.04611463265920365f,0.9967254248712041f,-0.06642189450794382f,1.3752683939263346f,0.9288652095916501f,-0.018320522413337228f,0.36996456704495606f,2.0207392391384387f,0f,0f,0f,1f], start_interpolation: 0, interpolation_duration: 1 }
$data merge entity $(bone_body) { transformation: [-0.8339323774669343f,-0.005245613321759239f,0.5518417104145222f,-3.1250000000000004f,-0.0009254387557008776f,0.999966710904285f,0.008106827146018288f,0.75f,-0.551865865383479f,0.006249849929762653f,-0.8339094711060663f,1.8443749999999997f,0f,0f,0f,1f], start_interpolation: 0, interpolation_duration: 1 }
data modify entity @s data merge value {"locators":{},"cameras":{"camera":{"posx":-5.794932410883511,"posy":1.375,"posz":10.396078031600817,"roty":213.23972153375126,"rotx":0}}}