# This file was generated by Animated Java via MC-Build. It is not recommended to edit this file directly.
$data merge entity $(bone_left_eye) { transformation: [-0.9886575211228787f,-0.049371334059262535f,0.14184067576112608f,-3.0505293267946243f,-0.03767645512904728f,0.9957544163146144f,0.08398587451977173f,1.732163808289087f,-0.1453849739693654f,0.07768921265626685f,-0.9863202297331106f,2.2094837161547316f,0f,0f,0f,1f], start_interpolation: 0, interpolation_duration: 1 }
$data merge entity $(bone_right_eye) { transformation: [-0.9886575211228787f,-0.049371334059262535f,0.14184067576112608f,-3.297693707075344f,-0.03767645512904728f,0.9957544163146144f,0.08398587451977173f,1.7227446945068252f,-0.1453849739693654f,0.07768921265626685f,-0.9863202297331106f,2.1731374726623907f,0f,0f,0f,1f], start_interpolation: 0, interpolation_duration: 1 }
$data merge entity $(bone_right_close) { transformation: [-0.9886575211228787f,-0.049371334059262535f,0.14184067576112608f,-3.300779415454048f,-0.03767645512904728f,0.9957544163146144f,0.08398587451977173f,1.7849793455264884f,-0.1453849739693654f,0.07768921265626685f,-0.9863202297331106f,2.1779930484534074f,0f,0f,0f,1f], start_interpolation: 0, interpolation_duration: 1 }
$data merge entity $(bone_left_close) { transformation: [-0.9886575211228787f,-0.049371334059262535f,0.14184067576112608f,-3.0536150351733284f,-0.03767645512904728f,0.9957544163146144f,0.08398587451977173f,1.79439845930875f,-0.1453849739693654f,0.07768921265626685f,-0.9863202297331106f,2.2143392919457483f,0f,0f,0f,1f], start_interpolation: 0, interpolation_duration: 1 }
$data merge entity $(bone_left_eyebrow) { transformation: [-0.9886575211228787f,-0.049371334059262535f,0.14184067576112608f,-3.0523896168640814f,-0.03767645512904728f,0.9957544163146144f,0.08398587451977173f,1.7694993497837275f,-0.1453849739693654f,0.07768921265626685f,-0.9863202297331106f,2.2124587066437003f,0f,0f,0f,1f], start_interpolation: 0, interpolation_duration: 1 }
$data merge entity $(bone_right_eyebrow) { transformation: [-0.9886575211228787f,-0.049371334059262535f,0.14184067576112608f,-3.2995539971448014f,-0.03767645512904728f,0.9957544163146144f,0.08398587451977173f,1.7600802360014658f,-0.1453849739693654f,0.07768921265626685f,-0.9863202297331106f,2.176112463151359f,0f,0f,0f,1f], start_interpolation: 0, interpolation_duration: 1 }
$data merge entity $(bone_talking) { transformation: [-0.9886575211228787f,-0.049371334059262535f,0.14184067576112608f,-3.1174434722448168f,-0.03767645512904728f,0.9957544163146144f,0.08398587451977173f,1.504761233106731f,-0.1453849739693654f,0.07768921265626685f,-0.9863202297331106f,1.8636632194528975f,0f,0f,0f,1f], start_interpolation: 0, interpolation_duration: 1 }
$data merge entity $(bone_m_opened) { transformation: [-0.9886575211228787f,-0.049371334059262535f,0.14184067576112608f,-3.1174434722448168f,-0.03767645512904728f,0.9957544163146144f,0.08398587451977173f,1.504761233106731f,-0.1453849739693654f,0.07768921265626685f,-0.9863202297331106f,1.8636632194528975f,0f,0f,0f,1f], start_interpolation: 0, interpolation_duration: 1 }
$data merge entity $(bone_head) { transformation: [-0.9886575211228787f,-0.049371334059262535f,0.14184067576112608f,-3.126308514479887f,-0.03767645512904728f,0.9957544163146144f,0.08398587451977173f,1.4995121159492453f,-0.1453849739693654f,0.07768921265626685f,-0.9863202297331106f,1.9253082338112169f,0f,0f,0f,1f], start_interpolation: 0, interpolation_duration: 1 }
$data merge entity $(item_display_r_item) { transformation: [-0.42625046352713325f,0.007725943862968592f,0.09827055578519045f,-3.5112416140529454f,-0.0016212266971295246f,0.4355456947969444f,-0.04127431850247188f,1.4954082890646874f,-0.09856045843491436f,-0.04057717998177345f,-0.42431778008684284f,2.3648291286341188f,0f,0f,0f,1f], start_interpolation: 0, interpolation_duration: 1 }
$data merge entity $(bone_rightarm) { transformation: [-0.9742867737763046f,0.22461841322329246f,-0.017659300258213877f,-3.371958812054526f,-0.0037056610220103418f,-0.09434129943422122f,-0.99553301667873f,1.3742241633758785f,-0.22528104785123282f,-0.9698692116270693f,0.0927478399583391f,1.764457611364597f,0f,0f,0f,1f], start_interpolation: 0, interpolation_duration: 1 }
$data merge entity $(item_display_l_item) { transformation: [0.16416771530935803f,0.4040566498039704f,-0.03454612857176657f,-2.7014561204692376f,0.020200982556348085f,0.029075163590757472f,0.43606513867303f,0.7606469300596085f,0.4050273219844107f,-0.16522441893183396f,-0.0077466014983450645f,1.9824283643967908f,0f,0f,0f,1f], start_interpolation: 0, interpolation_duration: 1 }
$data merge entity $(bone_leftarm) { transformation: [0.3752404921356755f,-0.07896257959260909f,-0.9235580566947894f,-2.8662524898014667f,0.04617367441450991f,0.9967203169669256f,-0.066457516778874f,1.3752899385665778f,0.9257767359643674f,-0.01770651771050309f,0.37765581470133475f,2.018568767665393f,0f,0f,0f,1f], start_interpolation: 0, interpolation_duration: 1 }
$data merge entity $(bone_body) { transformation: [-0.8384899266375456f,-0.005248947001118969f,0.5448918163110386f,-3.1250000000000004f,-0.000994442638059056f,0.9999666803874949f,0.008102419308656458f,0.75f,-0.5449161898963938f,0.006251933316432846f,-0.8384672082548036f,1.8443749999999997f,0f,0f,0f,1f], start_interpolation: 0, interpolation_duration: 1 }
data modify entity @s data merge value {"locators":{},"cameras":{"camera":{"posx":-5.791697040384896,"posy":1.375,"posz":10.414072751129902,"roty":213.92877970549645,"rotx":0}}}