# This file was generated by Animated Java via MC-Build. It is not recommended to edit this file directly.
$data merge entity $(bone_left_eye) { transformation: [-0.9901029116862781f,-0.04314008133807089f,0.1335483345178763f,-3.0460862498128f,-0.03203323349932081f,0.9959315689449015f,0.0842269667655494f,1.7314457544417388f,-0.13663856052349177f,0.07911538005401732f,-0.9874566625513124f,2.209007933945632f,0f,0f,0f,1f], start_interpolation: 0, interpolation_duration: 1 }
$data merge entity $(bone_right_eye) { transformation: [-0.9901029116862781f,-0.04314008133807089f,0.1335483345178763f,-3.2936119777343698f,-0.03203323349932081f,0.9959315689449015f,0.0842269667655494f,1.7234374460669084f,-0.13663856052349177f,0.07911538005401732f,-0.9874566625513124f,2.1748482938147595f,0f,0f,0f,1f], start_interpolation: 0, interpolation_duration: 1 }
$data merge entity $(bone_right_close) { transformation: [-0.9901029116862781f,-0.04314008133807089f,0.1335483345178763f,-3.2963082328179993f,-0.03203323349932081f,0.9959315689449015f,0.0842269667655494f,1.7856831691259647f,-0.13663856052349177f,0.07911538005401732f,-0.9874566625513124f,2.179793005068136f,0f,0f,0f,1f], start_interpolation: 0, interpolation_duration: 1 }
$data merge entity $(bone_left_close) { transformation: [-0.9901029116862781f,-0.04314008133807089f,0.1335483345178763f,-3.0487825048964297f,-0.03203323349932081f,0.9959315689449015f,0.0842269667655494f,1.793691477500795f,-0.13663856052349177f,0.07911538005401732f,-0.9874566625513124f,2.2139526451990084f,0f,0f,0f,1f], start_interpolation: 0, interpolation_duration: 1 }
$data merge entity $(bone_left_eyebrow) { transformation: [-0.9901029116862781f,-0.04314008133807089f,0.1335483345178763f,-3.047712349633885f,-0.03203323349932081f,0.9959315689449015f,0.0842269667655494f,1.76878792409175f,-0.13663856052349177f,0.07911538005401732f,-0.9874566625513124f,2.2120364767390672f,0f,0f,0f,1f], start_interpolation: 0, interpolation_duration: 1 }
$data merge entity $(bone_right_eyebrow) { transformation: [-0.9901029116862781f,-0.04314008133807089f,0.1335483345178763f,-3.2952380775554544f,-0.03203323349932081f,0.9959315689449015f,0.0842269667655494f,1.7607796157169195f,-0.13663856052349177f,0.07911538005401732f,-0.9874566625513124f,2.1778768366081946f,0f,0f,0f,1f], start_interpolation: 0, interpolation_duration: 1 }
$data merge entity $(bone_talking) { transformation: [-0.9901029116862781f,-0.04314008133807089f,0.1335483345178763f,-3.117330238902231f,-0.03203323349932081f,0.9959315689449015f,0.0842269667655494f,1.5047796351323324f,-0.13663856052349177f,0.07911538005401732f,-0.9874566625513124f,1.8635690618194063f,0f,0f,0f,1f], start_interpolation: 0, interpolation_duration: 1 }
$data merge entity $(bone_m_opened) { transformation: [-0.9901029116862781f,-0.04314008133807089f,0.1335483345178763f,-3.117330238902231f,-0.03203323349932081f,0.9959315689449015f,0.0842269667655494f,1.5047796351323324f,-0.13663856052349177f,0.07911538005401732f,-0.9874566625513124f,1.8635690618194063f,0f,0f,0f,1f], start_interpolation: 0, interpolation_duration: 1 }
$data merge entity $(bone_head) { transformation: [-0.9901029116862781f,-0.04314008133807089f,0.1335483345178763f,-3.125677009809598f,-0.03203323349932081f,0.9959315689449015f,0.0842269667655494f,1.4995154497094856f,-0.13663856052349177f,0.07911538005401732f,-0.9874566625513124f,1.9252851032288634f,0f,0f,0f,1f], start_interpolation: 0, interpolation_duration: 1 }
$data merge entity $(item_display_r_item) { transformation: [-0.4270547616622776f,0.006189973460667989f,0.09482702552612018f,-3.5072316259179463f,-0.0016486316706067995f,0.4360225687650966f,-0.035886648507505114f,1.487762902892326f,-0.09501453865167109f,-0.0353871976291254f,-0.4255892781647199f,2.369416153011678f,0f,0f,0f,1f], start_interpolation: 0, interpolation_duration: 1 }
$data merge entity $(bone_rightarm) { transformation: [-0.9761251695137774f,0.21674748691684614f,-0.014148510767241069f,-3.37264872851787f,-0.0037683009613869705f,-0.08202662516001147f,-0.9966230143202208f,1.3742073237723051f,-0.2171760883466768f,-0.9727754929479312f,0.0808850231522864f,1.7664867838662393f,0f,0f,0f,1f], start_interpolation: 0, interpolation_duration: 1 }
$data merge entity $(item_display_l_item) { transformation: [0.16752700432334294f,0.4026679652336946f,-0.03463325853861547f,-2.7003240100274564f,0.020226989280661797f,0.029090253436802764f,0.436062926720012f,0.7606758498187149f,0.4036481409929773f,-0.1685779253922012f,-0.007477388807253574f,1.9789031985325916f,0f,0f,0f,1f], start_interpolation: 0, interpolation_duration: 1 }
$data merge entity $(bone_leftarm) { transformation: [0.3829188670247839f,-0.07916173380254944f,-0.9203839205341591f,-2.8648480837208194f,0.046233118355798394f,0.9967152610743132f,-0.06649200785554896f,1.375311387008217f,0.9226243222696624f,-0.01709117441657968f,0.3853209723250313f,2.016386336062858f,0f,0f,0f,1f], start_interpolation: 0, interpolation_duration: 1 }
$data merge entity $(bone_body) { transformation: [-0.8429895587132352f,-0.0052517133099278445f,0.5379042883336914f,-3.1250000000000004f,-0.0010631288023226018f,0.999966654811986f,0.008096852553688914f,0.75f,-0.5379288741623881f,0.0062537006193799614f,-0.8429670323155876f,1.8443749999999997f,0f,0f,0f,1f], start_interpolation: 0, interpolation_duration: 1 }
data modify entity @s data merge value {"locators":{},"cameras":{"camera":{"posx":-5.788313598009915,"posy":1.375,"posz":10.430732545742819,"roty":214.61756451377752,"rotx":0}}}