# This file was generated by Animated Java via MC-Build. It is not recommended to edit this file directly.
$data merge entity $(bone_left_eye) { transformation: [-0.991434092030057f,-0.03706641889920975f,0.12523786069126497f,-3.041692115001841f,-0.02656953641185643f,0.996071706919086f,0.08447019835514605f,1.730740414055807f,-0.12787689742637415f,0.08041912251005347f,-0.9885242859127527f,2.2084769309004977f,0f,0f,0f,1f], start_interpolation: 0, interpolation_duration: 1 }
$data merge entity $(bone_right_eye) { transformation: [-0.991434092030057f,-0.03706641889920975f,0.12523786069126497f,-3.2895506380093553f,-0.02656953641185643f,0.996071706919086f,0.08447019835514605f,1.724098029952843f,-0.12787689742637415f,0.08041912251005347f,-0.9885242859127527f,2.176507706543904f,0f,0f,0f,1f], start_interpolation: 0, interpolation_duration: 1 }
$data merge entity $(bone_right_close) { transformation: [-0.991434092030057f,-0.03706641889920975f,0.12523786069126497f,-3.2918672891905563f,-0.02656953641185643f,0.996071706919086f,0.08447019835514605f,1.7863525116352856f,-0.12787689742637415f,0.08041912251005347f,-0.9885242859127527f,2.181533901700782f,0f,0f,0f,1f], start_interpolation: 0, interpolation_duration: 1 }
$data merge entity $(bone_left_close) { transformation: [-0.991434092030057f,-0.03706641889920975f,0.12523786069126497f,-3.0440087661830417f,-0.02656953641185643f,0.996071706919086f,0.08447019835514605f,1.7929948957382496f,-0.12787689742637415f,0.08041912251005347f,-0.9885242859127527f,2.213503126057376f,0f,0f,0f,1f], start_interpolation: 0, interpolation_duration: 1 }
$data merge entity $(bone_left_eyebrow) { transformation: [-0.991434092030057f,-0.03706641889920975f,0.12523786069126497f,-3.0430899330768546f,-0.02656953641185643f,0.996071706919086f,0.08447019835514605f,1.7680878236778754f,-0.12787689742637415f,0.08041912251005347f,-0.9885242859127527f,2.2115544307624937f,0f,0f,0f,1f], start_interpolation: 0, interpolation_duration: 1 }
$data merge entity $(bone_right_eyebrow) { transformation: [-0.991434092030057f,-0.03706641889920975f,0.12523786069126497f,-3.2909484560843687f,-0.02656953641185643f,0.996071706919086f,0.08447019835514605f,1.7614454395749113f,-0.12787689742637415f,0.08041912251005347f,-0.9885242859127527f,2.1795852064059003f,0f,0f,0f,1f], start_interpolation: 0, interpolation_duration: 1 }
$data merge entity $(bone_talking) { transformation: [-0.991434092030057f,-0.03706641889920975f,0.12523786069126497f,-3.1172179403147755f,-0.02656953641185643f,0.996071706919086f,0.08447019835514605f,1.5047982322605364f,-0.12787689742637415f,0.08041912251005347f,-0.9885242859127527f,1.863473698746952f,0f,0f,0f,1f], start_interpolation: 0, interpolation_duration: 1 }
$data merge entity $(bone_m_opened) { transformation: [-0.991434092030057f,-0.03706641889920975f,0.12523786069126497f,-3.1172179403147755f,-0.02656953641185643f,0.996071706919086f,0.08447019835514605f,1.5047982322605364f,-0.12787689742637415f,0.08041912251005347f,-0.9885242859127527f,1.863473698746952f,0f,0f,0f,1f], start_interpolation: 0, interpolation_duration: 1 }
$data merge entity $(bone_head) { transformation: [-0.991434092030057f,-0.03706641889920975f,0.12523786069126497f,-3.1250453066079795f,-0.02656953641185643f,0.996071706919086f,0.08447019835514605f,1.4995188448633399f,-0.12787689742637415f,0.08041912251005347f,-0.9885242859127527f,1.925256466616499f,0f,0f,0f,1f], start_interpolation: 0, interpolation_duration: 1 }
$data merge entity $(item_display_r_item) { transformation: [-0.42782956235100655f,0.004827167901716861f,0.09134995363214377f,-3.503131751038866f,-0.001675727217625503f,0.4364035826663152f,-0.03090881709636641f,1.4806894644734607f,-0.09146205506568446f,-0.030575504673727893f,-0.4267388908889234f,2.3737804633632873f,0f,0f,0f,1f], start_interpolation: 0, interpolation_duration: 1 }
$data merge entity $(bone_rightarm) { transformation: [-0.9778961425165864f,0.2087998940163286f,-0.011033526632495638f,-3.3733214126931914f,-0.003830233640286864f,-0.07064872479169443f,-0.9974939032372918f,1.374190642526321f,-0.20905612586442163f,-0.9754031791746821f,0.06988686782566354f,1.768521405618215f,0f,0f,0f,1f], start_interpolation: 0, interpolation_duration: 1 }
$data merge entity $(item_display_l_item) { transformation: [0.17087472529224348f,0.40125147367457137f,-0.034717907919183534f,-2.699221230962316f,0.02025316583074975f,0.02910484612979246f,0.4360607379776277f,0.7607044936698978f,0.4022410813556124f,-0.17191978596352914f,-0.007207611540714307f,1.9753687406174902f,0f,0f,0f,1f], start_interpolation: 0, interpolation_duration: 1 }
$data merge entity $(bone_leftarm) { transformation: [0.3905708006679851f,-0.07935521810099072f,-0.9171462255418774f,-2.86346152046817f,0.046292950470285144f,0.9967102582345776f,-0.06652536258238255f,1.375332734743711f,0.9194081859556854f,-0.01647454066448993f,0.3929595107737809f,2.0141920915489067f,0f,0f,0f,1f], start_interpolation: 0, interpolation_duration: 1 }
$data merge entity $(bone_body) { transformation: [-0.8474309629355498f,-0.005253914216846289f,0.5308796091803949f,-3.1250000000000004f,-0.0011314827601148609f,0.9999666342098803f,0.008090130637205725f,0.75f,-0.5309044008151471f,0.006255146070677508f,-0.847408632445259f,1.8443749999999997f,0f,0f,0f,1f], start_interpolation: 0, interpolation_duration: 1 }
data modify entity @s data merge value {"locators":{},"cameras":{"camera":{"posx":-5.784826505321476,"posy":1.375,"posz":10.446211182388103,"roty":215.30252223356175,"rotx":0}}}