# This file was generated by Animated Java via MC-Build. It is not recommended to edit this file directly.
$data merge entity $(bone_left_eye) { transformation: [-0.9926523563546942f,-0.03119097947813742f,0.11691202770745135f,-3.0373576573947685f,-0.021324980988282092f,0.9961775389265611f,0.08470865436346667f,1.7300551443211143f,-0.11910728193239428f,0.08159309858936761f,-0.9895231284074482f,2.2078897886983917f,0f,0f,0f,1f], start_interpolation: 0, interpolation_duration: 1 }
$data merge entity $(bone_right_eye) { transformation: [-0.9926523563546942f,-0.03119097947813742f,0.11691202770745135f,-3.2855207464834417f,-0.021324980988282092f,0.9961775389265611f,0.08470865436346667f,1.7247238990740437f,-0.11910728193239428f,0.08159309858936761f,-0.9895231284074482f,2.1781129682152933f,0f,0f,0f,1f], start_interpolation: 0, interpolation_duration: 1 }
$data merge entity $(bone_right_close) { transformation: [-0.9926523563546942f,-0.03119097947813742f,0.11691202770745135f,-3.2874701827008255f,-0.021324980988282092f,0.9961775389265611f,0.08470865436346667f,1.7869849952569539f,-0.11910728193239428f,0.08159309858936761f,-0.9895231284074482f,2.1832125368771287f,0f,0f,0f,1f], start_interpolation: 0, interpolation_duration: 1 }
$data merge entity $(bone_left_close) { transformation: [-0.9926523563546942f,-0.03119097947813742f,0.11691202770745135f,-3.0393070936121522f,-0.021324980988282092f,0.9961775389265611f,0.08470865436346667f,1.7923162405040245f,-0.11910728193239428f,0.08159309858936761f,-0.9895231284074482f,2.212989357360227f,0f,0f,0f,1f], start_interpolation: 0, interpolation_duration: 1 }
$data merge entity $(bone_left_eyebrow) { transformation: [-0.9926523563546942f,-0.03119097947813742f,0.11691202770745135f,-3.0385346261269306f,-0.021324980988282092f,0.9961775389265611f,0.08470865436346667f,1.7674065077399628f,-0.11910728193239428f,0.08159309858936761f,-0.9895231284074482f,2.2110113750910187f,0f,0f,0f,1f], start_interpolation: 0, interpolation_duration: 1 }
$data merge entity $(bone_right_eyebrow) { transformation: [-0.9926523563546942f,-0.03119097947813742f,0.11691202770745135f,-3.286697715215604f,-0.021324980988282092f,0.9961775389265611f,0.08470865436346667f,1.7620752624928921f,-0.11910728193239428f,0.08159309858936761f,-0.9895231284074482f,2.1812345546079204f,0f,0f,0f,1f], start_interpolation: 0, interpolation_duration: 1 }
$data merge entity $(bone_talking) { transformation: [-0.9926523563546942f,-0.03119097947813742f,0.11691202770745135f,-3.1171064484109925f,-0.021324980988282092f,0.9961775389265611f,0.08470865436346667f,1.5048165914545222f,-0.11910728193239428f,0.08159309858936761f,-0.9895231284074482f,1.863377126182173f,0f,0f,0f,1f], start_interpolation: 0, interpolation_duration: 1 }
$data merge entity $(bone_m_opened) { transformation: [-0.9926523563546942f,-0.03119097947813742f,0.11691202770745135f,-3.1171064484109925f,-0.021324980988282092f,0.9961775389265611f,0.08470865436346667f,1.5048165914545222f,-0.11910728193239428f,0.08159309858936761f,-0.9895231284074482f,1.863377126182173f,0f,0f,0f,1f], start_interpolation: 0, interpolation_duration: 1 }
$data merge entity $(bone_head) { transformation: [-0.9926523563546942f,-0.03119097947813742f,0.11691202770745135f,-3.124413450142708f,-0.021324980988282092f,0.9961775389265611f,0.08470865436346667f,1.4995223005568055f,-0.11910728193239428f,0.08159309858936761f,-0.9895231284074482f,1.9252223217076385f,0f,0f,0f,1f], start_interpolation: 0, interpolation_duration: 1 }
$data merge entity $(item_display_r_item) { transformation: [-0.4285748121014079f,0.0036367498483563716f,0.08784449033823029f,-3.498949412853438f,-0.00170250798465598f,0.43670030484445416f,-0.026385511466011743f,1.4742534686675903f,-0.08790325306156273f,-0.02618907786275296f,-0.4277772788518501f,2.3779304340680123f,0f,0f,0f,1f], start_interpolation: 0, interpolation_duration: 1 }
$data merge entity $(bone_rightarm) { transformation: [-0.9795995705175038f,0.20078740648738352f,-0.008312571081957376f,-3.3739768194914457f,-0.0038914468220708114f,-0.06030974049374091f,-0.9981721253587523f,1.3741741230240803f,-0.20092172128357194f,-0.9777766373756573f,0.059860749400577985f,1.7705613325457625f,0f,0f,0f,1f], start_interpolation: 0, interpolation_duration: 1 }
$data merge entity $(item_display_l_item) { transformation: [0.17421064693573704f,0.39980727293995494f,-0.034800071818147926f,-2.6981478594411685f,0.020279506050441504f,0.029118939481952787f,0.43605857289794964f,0.7607328558464649f,0.40080624013178984f,-0.1752497699506697f,-0.006937290800829167f,1.9718252347375596f,0f,0f,0f,1f], start_interpolation: 0, interpolation_duration: 1 }
$data merge entity $(bone_leftarm) { transformation: [0.3981957644245418f,-0.07954302129862363f,-0.9138451952913256f,-2.862092897164224f,0.04635315668672344f,0.9967053094810278f,-0.066557575958749f,1.3753539772772636f,0.9161285488726625f,-0.015856664687609615f,0.4005709027443879f,2.011986182150852f,0f,0f,0f,1f], start_interpolation: 0, interpolation_duration: 1 }
$data merge entity $(bone_body) { transformation: [-0.8518138325690047f,-0.005255551747259806f,0.5238182641145073f,-3.1250000000000004f,-0.0011994900638820673f,0.9999666186116807f,0.008082257475995142f,0.75f,-0.5238432550560238f,0.006256263913351608f,-0.851791701822785f,1.8443749999999997f,0f,0f,0f,1f], start_interpolation: 0, interpolation_duration: 1 }
data modify entity @s data merge value {"locators":{},"cameras":{"camera":{"posx":-5.781280183882491,"posy":1.375,"posz":10.460662428014288,"roty":215.98009913981633,"rotx":0}}}