# This file was generated by Animated Java via MC-Build. It is not recommended to edit this file directly.
$data merge entity $(bone_left_eye) { transformation: [-0.9937598808911345f,-0.025554643344810293f,0.10857375067095099f,-3.03309359909783f,-0.016339089998054633f,0.9962524918669606f,0.08493530824637598f,1.7293974980814022f,-0.11033736116689469f,0.08263130552273137f,-0.9904532972726857f,2.2072459874527124f,0f,0f,0f,1f], start_interpolation: 0, interpolation_duration: 1 }
$data merge entity $(bone_right_eye) { transformation: [-0.9937598808911345f,-0.025554643344810293f,0.10857375067095099f,-3.2815335693206134f,-0.016339089998054633f,0.9962524918669606f,0.08493530824637598f,1.7253127255818888f,-0.11033736116689469f,0.08263130552273137f,-0.9904532972726857f,2.1796616471609886f,0f,0f,0f,1f], start_interpolation: 0, interpolation_duration: 1 }
$data merge entity $(bone_right_close) { transformation: [-0.9937598808911345f,-0.025554643344810293f,0.10857375067095099f,-3.283130734529664f,-0.016339089998054633f,0.9962524918669606f,0.08493530824637598f,1.7875785063235738f,-0.11033736116689469f,0.08263130552273137f,-0.9904532972726857f,2.1848261037561594f,0f,0f,0f,1f], start_interpolation: 0, interpolation_duration: 1 }
$data merge entity $(bone_left_close) { transformation: [-0.9937598808911345f,-0.025554643344810293f,0.10857375067095099f,-3.034690764306881f,-0.016339089998054633f,0.9962524918669606f,0.08493530824637598f,1.7916632788230873f,-0.11033736116689469f,0.08263130552273137f,-0.9904532972726857f,2.212410444047883f,0f,0f,0f,1f], start_interpolation: 0, interpolation_duration: 1 }
$data merge entity $(bone_left_eyebrow) { transformation: [-0.9937598808911345f,-0.025554643344810293f,0.10857375067095099f,-3.0340586840826775f,-0.016339089998054633f,0.9962524918669606f,0.08493530824637598f,1.766751658069648f,-0.11033736116689469f,0.08263130552273137f,-0.9904532972726857f,2.2104065647408944f,0f,0f,0f,1f], start_interpolation: 0, interpolation_duration: 1 }
$data merge entity $(bone_right_eyebrow) { transformation: [-0.9937598808911345f,-0.025554643344810293f,0.10857375067095099f,-3.282498654305461f,-0.016339089998054633f,0.9962524918669606f,0.08493530824637598f,1.7626668855701344f,-0.11033736116689469f,0.08263130552273137f,-0.9904532972726857f,2.1828222244491706f,0f,0f,0f,1f], start_interpolation: 0, interpolation_duration: 1 }
$data merge entity $(bone_talking) { transformation: [-0.9937598808911345f,-0.025554643344810293f,0.10857375067095099f,-3.116995626288347f,-0.016339089998054633f,0.9962524918669606f,0.08493530824637598f,1.5048342726918977f,-0.11033736116689469f,0.08263130552273137f,-0.9904532972726857f,1.8632793355284532f,0f,0f,0f,1f], start_interpolation: 0, interpolation_duration: 1 }
$data merge entity $(bone_m_opened) { transformation: [-0.9937598808911345f,-0.025554643344810293f,0.10857375067095099f,-3.116995626288347f,-0.016339089998054633f,0.9962524918669606f,0.08493530824637598f,1.5048342726918977f,-0.11033736116689469f,0.08263130552273137f,-0.9904532972726857f,1.8632793355284532f,0f,0f,0f,1f], start_interpolation: 0, interpolation_duration: 1 }
$data merge entity $(bone_head) { transformation: [-0.9937598808911345f,-0.025554643344810293f,0.10857375067095099f,-3.1237814857052815f,-0.016339089998054633f,0.9962524918669606f,0.08493530824637598f,1.4995258159264993f,-0.11033736116689469f,0.08263130552273137f,-0.9904532972726857f,1.925182666607996f,0f,0f,0f,1f], start_interpolation: 0, interpolation_duration: 1 }
$data merge entity $(item_display_r_item) { transformation: [-0.429290459463042f,0.0026163774599579992f,0.08431551448575364f,-3.494691871799376f,-0.0017289686596207235f,0.4369247540700236f,-0.022361125826384592f,1.4685200561063432f,-0.08433837846072426f,-0.022274735684994742f,-0.4287156680934104f,2.381875269521778f,0f,0f,0f,1f], start_interpolation: 0, interpolation_duration: 1 }
$data merge entity $(bone_rightarm) { transformation: [-0.9812353359155246f,0.19272117596743688f,-0.005980291337046813f,-3.374614905028293f,-0.003951928364847368f,-0.0511111447460217f,-0.9986851521600539f,1.3741577686300763f,-0.19277343648165546f,-0.9799215270706523f,0.05091368156570205f,1.7726064202004768f,0f,0f,0f,1f], start_interpolation: 0, interpolation_duration: 1 }
$data merge entity $(item_display_l_item) { transformation: [0.17753453878866074f,0.3983354627566852f,-0.03487974551964003f,-2.6971039695999166f,0.020306003758692872f,0.029132531373568776f,0.4360564319295382f,0.7607609306184461f,0.3993437163001934f,-0.1785676474790027f,-0.006666447732126151f,1.9682729256041531f,0f,0f,0f,1f], start_interpolation: 0, interpolation_duration: 1 }
$data merge entity $(bone_leftarm) { transformation: [0.40579323151693886f,-0.07972513261631986f,-0.9104810577295661f,-2.8607423097013123f,0.04641372287701228f,0.9967004158389444f,-0.06658864313958555f,1.3753751101253382f,0.9127856372575849f,-0.015237594816288436f,0.408154622809149f,2.0097687566951166f,0f,0f,0f,1f], start_interpolation: 0, interpolation_duration: 1 }
$data merge entity $(bone_body) { transformation: [-0.8561378649222662f,-0.005256627983231957f,0.5167207409312979f,-3.1250000000000004f,-0.00126713630856321f,0.9999666080462596f,0.008073237147121545f,0.75f,-0.5167459246205228f,0.006257048401926035f,-0.8561159376704635f,1.8443749999999997f,0f,0f,0f,1f], start_interpolation: 0, interpolation_duration: 1 }
data modify entity @s data merge value {"locators":{},"cameras":{"camera":{"posx":-5.7777190552558695,"posy":1.375,"posz":10.474240049569907,"roty":216.64674150750838,"rotx":0}}}