# This file was generated by Animated Java via MC-Build. It is not recommended to edit this file directly.
$data merge entity $(bone_left_eye) { transformation: [-0.9947596480919751f,-0.02019850617676455f,0.10022605886772618f,-3.0289106438575844f,-0.011651290700947307f,0.9963006132734245f,0.08514302916857303f,1.7287751974635794f,-0.1015750459164636f,0.08352908678553635f,-0.9913149861208811f,2.206545398761892f,0f,0f,0f,1f], start_interpolation: 0, interpolation_duration: 1 }
$data merge entity $(bone_right_eye) { transformation: [-0.9947596480919751f,-0.02019850617676455f,0.10022605886772618f,-3.277600555880578f,-0.011651290700947307f,0.9963006132734245f,0.08514302916857303f,1.7258623747883428f,-0.1015750459164636f,0.08352908678553635f,-0.9913149861208811f,2.1811516372827766f,0f,0f,0f,1f], start_interpolation: 0, interpolation_duration: 1 }
$data merge entity $(bone_right_close) { transformation: [-0.9947596480919751f,-0.02019850617676455f,0.10022605886772618f,-3.2788629625166257f,-0.011651290700947307f,0.9963006132734245f,0.08514302916857303f,1.788131163117932f,-0.1015750459164636f,0.08352908678553635f,-0.9913149861208811f,2.186372205206873f,0f,0f,0f,1f], start_interpolation: 0, interpolation_duration: 1 }
$data merge entity $(bone_left_close) { transformation: [-0.9947596480919751f,-0.02019850617676455f,0.10022605886772618f,-3.030173050493632f,-0.011651290700947307f,0.9963006132734245f,0.08514302916857303f,1.7910439857931686f,-0.1015750459164636f,0.08352908678553635f,-0.9913149861208811f,2.2117659666859883f,0f,0f,0f,1f], start_interpolation: 0, interpolation_duration: 1 }
$data merge entity $(bone_left_eyebrow) { transformation: [-0.9947596480919751f,-0.02019850617676455f,0.10022605886772618f,-3.029674351967892f,-0.011651290700947307f,0.9963006132734245f,0.08514302916857303f,1.7661311490220102f,-0.1015750459164636f,0.08352908678553635f,-0.9913149861208811f,2.2097396967029823f,0f,0f,0f,1f], start_interpolation: 0, interpolation_duration: 1 }
$data merge entity $(bone_right_eyebrow) { transformation: [-0.9947596480919751f,-0.02019850617676455f,0.10022605886772618f,-3.2783642639908863f,-0.011651290700947307f,0.9963006132734245f,0.08514302916857303f,1.7632183263467733f,-0.1015750459164636f,0.08352908678553635f,-0.9913149861208811f,2.1843459352238668f,0f,0f,0f,1f], start_interpolation: 0, interpolation_duration: 1 }
$data merge entity $(bone_talking) { transformation: [-0.9947596480919751f,-0.02019850617676455f,0.10022605886772618f,-3.1168853299287256f,-0.011651290700947307f,0.9963006132734245f,0.08514302916857303f,1.5048508294227843f,-0.1015750459164636f,0.08352908678553635f,-0.9913149861208811f,1.863180313163175f,0f,0f,0f,1f], start_interpolation: 0, interpolation_duration: 1 }
$data merge entity $(bone_m_opened) { transformation: [-0.9947596480919751f,-0.02019850617676455f,0.10022605886772618f,-3.1168853299287256f,-0.011651290700947307f,0.9963006132734245f,0.08514302916857303f,1.5048508294227843f,-0.1015750459164636f,0.08352908678553635f,-0.9913149861208811f,1.863180313163175f,0f,0f,0f,1f], start_interpolation: 0, interpolation_duration: 1 }
$data merge entity $(bone_head) { transformation: [-0.9947596480919751f,-0.02019850617676455f,0.10022605886772618f,-3.1231494586079585f,-0.011651290700947307f,0.9963006132734245f,0.08514302916857303f,1.4995293900997484f,-0.1015750459164636f,0.08352908678553635f,-0.9913149861208811f,1.92513749979573f,0f,0f,0f,1f], start_interpolation: 0, interpolation_duration: 1 }
$data merge entity $(item_display_r_item) { transformation: [-0.4299764550304917f,0.0017621552300249974f,0.0807675239706955f,-3.490366067266748f,-0.0017551039725135571f,0.437088920090098f,-0.01887976547835382f,1.4635539505258395f,-0.08076767750441528f,-0.018879108649967242f,-0.4295653751492612f,2.385624329890758f,0f,0f,0f,1f], start_interpolation: 0, interpolation_duration: 1 }
$data merge entity $(bone_rightarm) { transformation: [-0.982803325783981f,0.18461148336158972f,-0.004027783382914239f,-3.3752356266271866f,-0.00401166622288813f,-0.04315374966480851f,-0.9990603887773668f,1.3741415826867487f,-0.18461183429580635f,-0.9818637146268827f,0.04315224834278205f,1.77465652377038f,0f,0f,0f,1f], start_interpolation: 0, interpolation_duration: 1 }
$data merge entity $(item_display_l_item) { transformation: [0.18084617121692995f,0.39683614475819134f,-0.03495692448761089f,-2.696089633537902f,0.020332652750292307f,0.029145619753240995f,0.4360543155173854f,0.7607887122932625f,0.3978536107518854f,-0.18187318951031567f,-0.006395103520034004f,1.9647120585370033f,0f,0f,0f,1f], start_interpolation: 0, interpolation_duration: 1 }
$data merge entity $(bone_leftarm) { transformation: [0.4133626770672684f,-0.07990154168596754f,-0.9070540451615802f,-2.859409852736829f,0.04647463485781099f,0.9966955783254523f,-0.06661855943597919f,1.3753961288171728f,0.9093796817185952f,-0.014617379474363531f,0.41571014745215007f,2.007539964797045f,0f,0f,0f,1f], start_interpolation: 0, interpolation_duration: 1 }
$data merge entity $(bone_body) { transformation: [-0.8604027613690537f,-0.005257145063452295f,0.5095875299242408f,-3.1250000000000004f,-0.0013344071332556887f,0.9999666025408487f,0.008063073887486769f,0.75f,-0.5096128997446099f,0.006257493802967274f,-0.8603810412748505f,1.8443749999999997f,0f,0f,0f,1f], start_interpolation: 0, interpolation_duration: 1 }
data modify entity @s data merge value {"locators":{},"cameras":{"camera":{"posx":-5.774187541004521,"posy":1.375,"posz":10.4870978140035,"roty":217.29889561160522,"rotx":0}}}