# This file was generated by Animated Java via MC-Build. It is not recommended to edit this file directly.
$data merge entity $(bone_left_eye) { transformation: [0.1360972396627818f,-0.09258683045377233f,0.9863595795564088f,-1.2935355518660296f,0.05098376063122047f,0.9949586564612812f,0.08635929645765178f,1.7178359116749213f,-0.9893827356023904f,0.03853505883330896f,0.14013155152442885f,1.9496992814334908f,0f,0f,0f,1f], start_interpolation: 0, interpolation_duration: 1 }
$data merge entity $(bone_right_eye) { transformation: [0.1360972396627818f,-0.09258683045377233f,0.9863595795564088f,-1.2595112419503343f,0.05098376063122047f,0.9949586564612812f,0.08635929645765178f,1.7305818518327265f,-0.9893827356023904f,0.03853505883330896f,0.14013155152442885f,1.7023535975328932f,0f,0f,0f,1f], start_interpolation: 0, interpolation_duration: 1 }
$data merge entity $(bone_right_close) { transformation: [0.1360972396627818f,-0.09258683045377233f,0.9863595795564088f,-1.2652979188536952f,0.05098376063122047f,0.9949586564612812f,0.08635929645765178f,1.7927667678615566f,-0.9893827356023904f,0.03853505883330896f,0.14013155152442885f,1.704762038709975f,0f,0f,0f,1f], start_interpolation: 0, interpolation_duration: 1 }
$data merge entity $(bone_left_close) { transformation: [0.1360972396627818f,-0.09258683045377233f,0.9863595795564088f,-1.2993222287693906f,0.05098376063122047f,0.9949586564612812f,0.08635929645765178f,1.7800208277037515f,-0.9893827356023904f,0.03853505883330896f,0.14013155152442885f,1.9521077226105725f,0f,0f,0f,1f], start_interpolation: 0, interpolation_duration: 1 }
$data merge entity $(bone_left_eyebrow) { transformation: [0.1360972396627818f,-0.09258683045377233f,0.9863595795564088f,-1.2970692054817687f,0.05098376063122047f,0.9949586564612812f,0.08635929645765178f,1.7551414638361909f,-0.9893827356023904f,0.03853505883330896f,0.14013155152442885f,1.9511355879177696f,0f,0f,0f,1f], start_interpolation: 0, interpolation_duration: 1 }
$data merge entity $(bone_right_eyebrow) { transformation: [0.1360972396627818f,-0.09258683045377233f,0.9863595795564088f,-1.2630448955660731f,0.05098376063122047f,0.9949586564612812f,0.08635929645765178f,1.767887403993996f,-0.9893827356023904f,0.03853505883330896f,0.14013155152442885f,1.703789904017172f,0f,0f,0f,1f], start_interpolation: 0, interpolation_duration: 1 }
$data merge entity $(bone_talking) { transformation: [0.1360972396627818f,-0.09258683045377233f,0.9863595795564088f,-0.9451393206833613f,0.05098376063122047f,0.9949586564612812f,0.08635929645765178f,1.5024564977815198f,-0.9893827356023904f,0.03853505883330896f,0.14013155152442885f,1.8601837846262488f,0f,0f,0f,1f], start_interpolation: 0, interpolation_duration: 1 }
$data merge entity $(bone_m_opened) { transformation: [0.1360972396627818f,-0.09258683045377233f,0.9863595795564088f,-0.9451393206833613f,0.05098376063122047f,0.9949586564612812f,0.08635929645765178f,1.5024564977815198f,-0.9893827356023904f,0.03853505883330896f,0.14013155152442885f,1.8601837846262488f,0f,0f,0f,1f], start_interpolation: 0, interpolation_duration: 1 }
$data merge entity $(bone_head) { transformation: [0.1360972396627818f,-0.09258683045377233f,0.9863595795564088f,-1.0067867944056368f,0.05098376063122047f,0.9949586564612812f,0.08635929645765178f,1.4970590417529166f,-0.9893827356023904f,0.03853505883330896f,0.14013155152442885f,1.851425562655972f,0f,0f,0f,1f], start_interpolation: 0, interpolation_duration: 1 }
$data merge entity $(item_display_r_item) { transformation: [-0.14581767273340132f,-0.02958616499158284f,0.41142206450275076f,-1.7133103860500865f,-0.0029195707196569896f,0.4364362385773624f,0.030350218504265992f,1.3911685931315705f,-0.41247415970631124f,0.007370108380112486f,-0.14566056115859857f,1.7697660452034518f,0f,0f,0f,1f], start_interpolation: 0, interpolation_duration: 1 }
$data merge entity $(bone_rightarm) { transformation: [-0.3332975376763459f,0.9403932902920017f,0.06762551998076098f,-1.1213379846187879f,-0.006673304502073119f,0.06937192800975106f,-0.9975685453196855f,1.3721780140551845f,-0.9427980793287114f,-0.3329384255053682f,-0.016845962011685756f,1.5606266566368663f,0f,0f,0f,1f], start_interpolation: 0, interpolation_duration: 1 }
$data merge entity $(item_display_l_item) { transformation: [-0.16742400165972676f,-0.4041793439032413f,-0.003809413365494096f,-0.9921986328408269f,0f,-0.0041232793145004115f,0.4374805693601656f,0.7460276923079477f,-0.4041972954736879f,0.16741656587578185f,0.001577910680672991f,2.1836305108771112f,0f,0f,0f,1f], start_interpolation: 0, interpolation_duration: 1 }
$data merge entity $(bone_leftarm) { transformation: [-0.3826834323650897f,-0.008707230549700996f,0.9238385003502658f,-0.8821608393906067f,0f,0.9999555871089499f,0.00942463843314402f,1.3721780140551845f,-0.9238795325112866f,0.0036066529843954923f,-0.3826664362875014f,2.1380513644564205f,0f,0f,0f,1f], start_interpolation: 0, interpolation_duration: 1 }
$data merge entity $(bone_body) { transformation: [-0.3826834323650897f,-0.04029905920751534f,0.9230002039112791f,-0.9765625000000002f,0f,0.9990482215818578f,0.043619387365336f,0.7477728755665233f,-0.9238795325112866f,0.016692416874629207f,-0.3823192025331841f,1.83890625f,0f,0f,0f,1f], start_interpolation: 0, interpolation_duration: 1 }
$data merge entity $(bone_leftleg) { transformation: [-0.3826834323650897f,-0.048352118787262095f,0.9226133877210193f,-0.928727070954364f,0f,0.9986295347545738f,0.05233595624294383f,0.778125f,-0.9238795325112866f,0.02002810337115889f,-0.382158978021033f,1.9543911915639107f,0f,0f,0f,1f], start_interpolation: 0, interpolation_duration: 1 }
$data merge entity $(bone_rightleg) { transformation: [-0.3826834323650897f,0.0946471285726127f,0.9190186677354453f,-1.0243979290456364f,0f,0.9947386378799533f,-0.10244531374706739f,0.8165f,-0.9238795325112866f,-0.03920412429444626f,-0.3806699962500746f,1.7234213084360892f,0f,0f,0f,1f], start_interpolation: 0, interpolation_duration: 1 }
$data merge entity $(text_display_text) { transformation: [-4.5769509808878667e-17f,0f,-2f,1.4374999999999998f,0f,2f,0f,2.58488570811547f,2f,0f,-4.5769509808878667e-17f,1.9375000000000002f,0f,0f,0f,1f], start_interpolation: 0, interpolation_duration: 1 }
data modify entity @s data merge value {"locators":{},"cameras":{"camera":{"posx":-3.9939395996093756,"posy":1.375,"posz":4.8940664062499994,"roty":220.0625,"rotx":0}}}