# This file was generated by Animated Java via MC-Build. It is not recommended to edit this file directly.
$data merge entity $(bone_left_eye) { transformation: [-0.9956553525256022f,-0.015163850249015644f,0.09187206666198561f,-3.0248194743427472f,-0.007300918421350888f,0.9963264577498616f,0.08532459304220603f,1.728196103174268f,-0.09282842009494552f,0.08428313730064113f,-0.9921084805551446f,2.205788277097474f,0f,0f,0f,1f], start_interpolation: 0, interpolation_duration: 1 }
$data merge entity $(bone_right_eye) { transformation: [-0.9956553525256022f,-0.015163850249015644f,0.09187206666198561f,-3.273733312474148f,-0.007300918421350888f,0.9963264577498616f,0.08532459304220603f,1.7263708735689305f,-0.09282842009494552f,0.08428313730064113f,-0.9921084805551446f,2.1825811720737374f,0f,0f,0f,1f], start_interpolation: 0, interpolation_duration: 1 }
$data merge entity $(bone_right_close) { transformation: [-0.9956553525256022f,-0.015163850249015644f,0.09187206666198561f,-3.274681053114711f,-0.007300918421350888f,0.9963264577498616f,0.08532459304220603f,1.788641277178297f,-0.09282842009494552f,0.08428313730064113f,-0.9921084805551446f,2.187848868155027f,0f,0f,0f,1f], start_interpolation: 0, interpolation_duration: 1 }
$data merge entity $(bone_left_close) { transformation: [-0.9956553525256022f,-0.015163850249015644f,0.09187206666198561f,-3.0257672149833104f,-0.007300918421350888f,0.9963264577498616f,0.08532459304220603f,1.7904665067836345f,-0.09282842009494552f,0.08428313730064113f,-0.9921084805551446f,2.211055973178764f,0f,0f,0f,1f], start_interpolation: 0, interpolation_duration: 1 }
$data merge entity $(bone_left_eyebrow) { transformation: [-0.9956553525256022f,-0.015163850249015644f,0.09187206666198561f,-3.025393860731252f,-0.007300918421350888f,0.9963264577498616f,0.08532459304220603f,1.765553012552823f,-0.09282842009494552f,0.08428313730064113f,-0.9921084805551446f,2.2090109015262827f,0f,0f,0f,1f], start_interpolation: 0, interpolation_duration: 1 }
$data merge entity $(bone_right_eyebrow) { transformation: [-0.9956553525256022f,-0.015163850249015644f,0.09187206666198561f,-3.274307698862652f,-0.007300918421350888f,0.9963264577498616f,0.08532459304220603f,1.7637277829474853f,-0.09282842009494552f,0.08428313730064113f,-0.9921084805551446f,2.185803796502546f,0f,0f,0f,1f], start_interpolation: 0, interpolation_duration: 1 }
$data merge entity $(bone_talking) { transformation: [-0.9956553525256022f,-0.015163850249015644f,0.09187206666198561f,-3.116775410014323f,-0.007300918421350888f,0.9963264577498616f,0.08532459304220603f,1.5048658092598233f,-0.09282842009494552f,0.08428313730064113f,-0.9921084805551446f,1.8630800400869625f,0f,0f,0f,1f], start_interpolation: 0, interpolation_duration: 1 }
$data merge entity $(bone_m_opened) { transformation: [-0.9956553525256022f,-0.015163850249015644f,0.09187206666198561f,-3.116775410014323f,-0.007300918421350888f,0.9963264577498616f,0.08532459304220603f,1.5048658092598233f,-0.09282842009494552f,0.08428313730064113f,-0.9921084805551446f,1.8630800400869625f,0f,0f,0f,1f], start_interpolation: 0, interpolation_duration: 1 }
$data merge entity $(bone_head) { transformation: [-0.9956553525256022f,-0.015163850249015644f,0.09187206666198561f,-3.122517414180697f,-0.007300918421350888f,0.9963264577498616f,0.08532459304220603f,1.4995330221946854f,-0.09282842009494552f,0.08428313730064113f,-0.9921084805551446f,1.925086820121659f,0f,0f,0f,1f], start_interpolation: 0, interpolation_duration: 1 }
$data merge entity $(item_display_r_item) { transformation: [-0.43063275144677027f,0.0010686484415189466f,0.07720454243043352f,-3.4859784822313475f,-0.0017809086960144456f,0.437204242425629f,-0.01598526725607946f,1.4594194135121474f,-0.07719139683669839f,-0.01604862597047688f,-0.4303372861591929f,2.3891863888930835f,0f,0f,0f,1f], start_interpolation: 0, interpolation_duration: 1 }
$data merge entity $(bone_rightarm) { transformation: [-0.984303431878332f,0.17646752555527662f,-0.0024426250091861244f,-3.375838942822374f,-0.004070648448033018f,-0.0365377537281814f,-0.999323982687152f,1.374125568514087f,-0.17643747848388203f,-0.9836280826495838f,0.03668257364680407f,1.7767114980900192f,0f,0f,0f,1f], start_interpolation: 0, interpolation_duration: 1 }
$data merge entity $(item_display_l_item) { transformation: [0.18414531543339993f,0.39530942247746215f,-0.03503160436618369f,-2.695104921312926f,0.020359446796569824f,0.029158202638135067f,0.4360522241028603f,0.7608161952163862f,0.3963360262833435f,-0.18516616785862536f,-0.006123279389353734f,1.9611428794472703f,0f,0f,0f,1f], start_interpolation: 0, interpolation_duration: 1 }
$data merge entity $(bone_leftarm) { transformation: [0.42090357813348556f,-0.08007223855127679f,-0.9035643942341992f,-2.858095619686749f,0.0465358783921596f,0.996690797949395f,-0.06664732031573707f,1.375417028895291f,0.9059109172190709f,-0.013996067175665771f,0.4232369551054294f,2.0052999568506578f,0f,0f,0f,1f], start_interpolation: 0, interpolation_duration: 1 }
$data merge entity $(bone_body) { transformation: [-0.8646082273687623f,-0.005257105183179058f,0.5024191238511325f,-3.1250000000000004f,-0.0014012882228765931f,0.9999666021210273f,0.008051772093374767f,0.75f,-0.5024446731308465f,0.006257594395629456f,-0.8645867180074054f,1.8443749999999997f,0f,0f,0f,1f], start_interpolation: 0, interpolation_duration: 1 }
data modify entity @s data merge value {"locators":{},"cameras":{"camera":{"posx":-5.770730062691356,"posy":1.375,"posz":10.499389488263596,"roty":217.93300772707394,"rotx":0}}}