# This file was generated by Animated Java via MC-Build. It is not recommended to edit this file directly.
$data merge entity $(bone_left_eye) { transformation: [-0.9964512881891666f,-0.01049211926710664f,0.08351494297091383f,-3.0208307523039473f,-0.0033272251233168737f,0.9963349575228454f,0.08547269734206656f,1.7276681795059492f,-0.08410564689204242f,0.0848915063550798f,-0.9928341615343603f,2.204975249643321f,0f,0f,0f,1f], start_interpolation: 0, interpolation_duration: 1 }
$data merge entity $(bone_right_eye) { transformation: [-0.9964512881891666f,-0.01049211926710664f,0.08351494297091383f,-3.269943574351239f,-0.0033272251233168737f,0.9963349575228454f,0.08547269734206656f,1.7268363732251202f,-0.08410564689204242f,0.0848915063550798f,-0.9928341615343603f,2.1839488379203105f,0f,0f,0f,1f], start_interpolation: 0, interpolation_duration: 1 }
$data merge entity $(bone_right_close) { transformation: [-0.9964512881891666f,-0.01049211926710664f,0.08351494297091383f,-3.270599331805433f,-0.0033272251233168737f,0.9963349575228454f,0.08547269734206656f,1.789107308070298f,-0.08410564689204242f,0.0848915063550798f,-0.9928341615343603f,2.189254557067503f,0f,0f,0f,1f], start_interpolation: 0, interpolation_duration: 1 }
$data merge entity $(bone_left_close) { transformation: [-0.9964512881891666f,-0.01049211926710664f,0.08351494297091383f,-3.0214865097581414f,-0.0033272251233168737f,0.9963349575228454f,0.08547269734206656f,1.789939114351127f,-0.08410564689204242f,0.0848915063550798f,-0.9928341615343603f,2.210280968790513f,0f,0f,0f,1f], start_interpolation: 0, interpolation_duration: 1 }
$data merge entity $(bone_left_eyebrow) { transformation: [-0.9964512881891666f,-0.01049211926710664f,0.08351494297091383f,-3.0212294264604f,-0.0033272251233168737f,0.9963349575228454f,0.08547269734206656f,1.7650253983694721f,-0.08410564689204242f,0.0848915063550798f,-0.9928341615343603f,2.208220733266732f,0f,0f,0f,1f], start_interpolation: 0, interpolation_duration: 1 }
$data merge entity $(bone_right_eyebrow) { transformation: [-0.9964512881891666f,-0.01049211926710664f,0.08351494297091383f,-3.270342248507691f,-0.0033272251233168737f,0.9963349575228454f,0.08547269734206656f,1.764193592088643f,-0.08410564689204242f,0.0848915063550798f,-0.9928341615343603f,2.1871943215437217f,0f,0f,0f,1f], start_interpolation: 0, interpolation_duration: 1 }
$data merge entity $(bone_talking) { transformation: [-0.9964512881891666f,-0.01049211926710664f,0.08351494297091383f,-3.116665713832406f,-0.0033272251233168737f,0.9963349575228454f,0.08547269734206656f,1.504878754904219f,-0.08410564689204242f,0.0848915063550798f,-0.9928341615343603f,1.862978491713558f,0f,0f,0f,1f], start_interpolation: 0, interpolation_duration: 1 }
$data merge entity $(bone_m_opened) { transformation: [-0.9964512881891666f,-0.01049211926710664f,0.08351494297091383f,-3.116665713832406f,-0.0033272251233168737f,0.9963349575228454f,0.08547269734206656f,1.504878754904219f,-0.08410564689204242f,0.0848915063550798f,-0.9928341615343603f,1.862978491713558f,0f,0f,0f,1f], start_interpolation: 0, interpolation_duration: 1 }
$data merge entity $(bone_head) { transformation: [-0.9964512881891666f,-0.01049211926710664f,0.08351494297091383f,-3.121885397768088f,-0.0033272251233168737f,0.9963349575228454f,0.08547269734206656f,1.49953671132034f,-0.08410564689204242f,0.0848915063550798f,-0.9928341615343603f,1.9250306268094555f,0f,0f,0f,1f], start_interpolation: 0, interpolation_duration: 1 }
$data merge entity $(item_display_r_item) { transformation: [-0.4312593034065884f,0.0009126788471579334f,0.07362628771428079f,-3.481474841689764f,-0.001806377646099964f,0.4372035875779326f,-0.016000312771463444f,1.4594249744510368f,-0.07360978348741268f,-0.016076069989488607f,-0.43096335081840687f,2.3921365459641f,0f,0f,0f,1f], start_interpolation: 0, interpolation_duration: 1 }
$data merge entity $(bone_rightarm) { transformation: [-0.9857355506436306f,0.16828865763264178f,-0.002086123079218096f,-3.376424813361814f,-0.004128863191085632f,-0.036572143477630506f,-0.9993224858924173f,1.3741097294092417f,-0.1682509336855147f,-0.98505908758493f,0.0367453028331166f,1.7787711976505887f,0f,0f,0f,1f], start_interpolation: 0, interpolation_duration: 1 }
$data merge entity $(item_display_l_item) { transformation: [0.18743174351366784f,0.3937554013398865f,-0.03510378097999321f,-2.694149900936421f,0.020386379646108472f,0.029170278114224263f,0.4360501581236539f,0.7608433737720007f,0.39479106758936583f,-0.1884463552059406f,-0.005850996602727064f,1.9575656348205586f,0f,0f,0f,1f], start_interpolation: 0, interpolation_duration: 1 }
$data merge entity $(bone_leftarm) { transformation: [0.4284154137455265f,-0.08023721366855571f,-0.9000123459197407f,-2.856799702719236f,0.04659743919110508f,0.9966860757112089f,-0.06667492140394095f,1.3754378059160137f,0.9023795830614076f,-0.0133737065205191f,0.4307345261850071f,2.00304888401836f,0f,0f,0f,1f], start_interpolation: 0, interpolation_duration: 1 }
$data merge entity $(bone_body) { transformation: [-0.868753972486801f,-0.00525651059417679f,0.4952160179000432f,-3.1250000000000004f,-0.0014677653098194398f,0.9999666068107123f,0.008039336319979766f,0.75f,-0.4952417399143551f,0.006257344472199236f,-0.8687326773448542f,1.8443749999999997f,0f,0f,0f,1f], start_interpolation: 0, interpolation_duration: 1 }
data modify entity @s data merge value {"locators":{},"cameras":{"camera":{"posx":-5.767391041879284,"posy":1.375,"posz":10.511268839298731,"roty":218.5455241288818,"rotx":0}}}