# This file was generated by Animated Java via MC-Build. It is not recommended to edit this file directly.
$data merge entity $(bone_left_eye) { transformation: [-0.9971522169709977f,-0.006224897032103837f,0.07515787947224362f,-3.0169551217310016f,0.00023060690743832496f,0.9963312771841707f,0.08557997969743562f,1.72719945508499f,-0.07541487260666035f,0.08535359840978562f,-0.9934925063774876f,2.204107304728462f,0f,0f,0f,1f], start_interpolation: 0, interpolation_duration: 1 }
$data merge entity $(bone_right_eye) { transformation: [-0.9971522169709977f,-0.006224897032103837f,0.07515787947224362f,-3.2662431759737514f,0.00023060690743832496f,0.9963312771841707f,0.08557997969743562f,1.7272571068118496f,-0.07541487260666035f,0.08535359840978562f,-0.9934925063774876f,2.185253586576797f,0f,0f,0f,1f], start_interpolation: 0, interpolation_duration: 1 }
$data merge entity $(bone_right_close) { transformation: [-0.9971522169709977f,-0.006224897032103837f,0.07515787947224362f,-3.266632232038258f,0.00023060690743832496f,0.9963312771841707f,0.08557997969743562f,1.7895278116358602f,-0.07541487260666035f,0.08535359840978562f,-0.9934925063774876f,2.1905881864774086f,0f,0f,0f,1f], start_interpolation: 0, interpolation_duration: 1 }
$data merge entity $(bone_left_close) { transformation: [-0.9971522169709977f,-0.006224897032103837f,0.07515787947224362f,-3.017344177795508f,0.00023060690743832496f,0.9963312771841707f,0.08557997969743562f,1.7894701599090006f,-0.07541487260666035f,0.08535359840978562f,-0.9934925063774876f,2.209441904629074f,0f,0f,0f,1f], start_interpolation: 0, interpolation_duration: 1 }
$data merge entity $(bone_left_eyebrow) { transformation: [-0.9971522169709977f,-0.006224897032103837f,0.07515787947224362f,-3.0171932527371728f,0.00023060690743832496f,0.9963312771841707f,0.08557997969743562f,1.7645565292306655f,-0.07541487260666035f,0.08535359840978562f,-0.9934925063774876f,2.207370157950478f,0f,0f,0f,1f], start_interpolation: 0, interpolation_duration: 1 }
$data merge entity $(bone_right_eyebrow) { transformation: [-0.9971522169709977f,-0.006224897032103837f,0.07515787947224362f,-3.266481306979922f,0.00023060690743832496f,0.9963312771841707f,0.08557997969743562f,1.764614180957525f,-0.07541487260666035f,0.08535359840978562f,-0.9934925063774876f,2.188516439798813f,0f,0f,0f,1f], start_interpolation: 0, interpolation_duration: 1 }
$data merge entity $(bone_talking) { transformation: [-0.9971522169709977f,-0.006224897032103837f,0.07515787947224362f,-3.1165560872592746f,0.00023060690743832496f,0.9963312771841707f,0.08557997969743562f,1.5048892053078258f,-0.07541487260666035f,0.08535359840978562f,-0.9934925063774876f,1.8628756378072182f,0f,0f,0f,1f], start_interpolation: 0, interpolation_duration: 1 }
$data merge entity $(bone_m_opened) { transformation: [-0.9971522169709977f,-0.006224897032103837f,0.07515787947224362f,-3.1165560872592746f,0.00023060690743832496f,0.9963312771841707f,0.08557997969743562f,1.5048892053078258f,-0.07541487260666035f,0.08535359840978562f,-0.9934925063774876f,1.8628756378072182f,0f,0f,0f,1f], start_interpolation: 0, interpolation_duration: 1 }
$data merge entity $(bone_head) { transformation: [-0.9971522169709977f,-0.006224897032103837f,0.07515787947224362f,-3.12125345472629f,0.00023060690743832496f,0.9963312771841707f,0.08557997969743562f,1.499540456576736f,-0.07541487260666035f,0.08535359840978562f,-0.9934925063774876f,1.9249689194558113f,0f,0f,0f,1f], start_interpolation: 0, interpolation_duration: 1 }
$data merge entity $(item_display_r_item) { transformation: [-0.4318560676594791f,0.0007567290247492841f,0.0700429453041097f,-3.4769464454980614f,-0.001831505682649458f,0.43720291745226497f,-0.016015759681087607f,1.459431284969439f,-0.07002308485510925f,-0.016102370397274756f,-0.4315596497066924f,2.3950489232771677f,0f,0f,0f,1f], start_interpolation: 0, interpolation_duration: 1 }
$data merge entity $(bone_rightarm) { transformation: [-0.9870995832216665f,0.1600981606951079f,-0.0017296663422840426f,-3.3769931992100117f,-0.004186298703198761f,-0.03660745069962859f,-0.9993209541766056f,1.3740940686461334f,-0.16005276538310687f,-0.9864220564724399f,0.03680541805091351f,1.7808354766100747f,0f,0f,0f,1f], start_interpolation: 0, interpolation_duration: 1 }
$data merge entity $(item_display_l_item) { transformation: [0.1907052284118163f,0.3921741886559624f,-0.03517345033451238f,-2.6932246383687497f,0.020413445025458284f,0.029181844336524945f,0.43604811801372495f,0.7608702423836552f,0.393218841255845f,-0.19171352511796427f,-0.005578276459102018f,1.9539805716998921f,0f,0f,0f,1f], start_interpolation: 0, interpolation_duration: 1 }
$data merge entity $(bone_leftarm) { transformation: [0.43589766494129445f,-0.08039645790745666f,-0.8963981454993426f,-2.855522192748328f,0.04665930291533322f,0.9966814126027999f,-0.06670135848348537f,1.3754584554499694f,0.8987859228705029f,-0.01275034619223328f,0.4382023431267755f,2.000786898220593f,0f,0f,0f,1f], start_interpolation: 0, interpolation_duration: 1 }
$data merge entity $(bone_body) { transformation: [-0.8728397104146493f,-0.005255363604648742f,0.4879787096550976f,-3.1250000000000004f,-0.0015338241756062071f,0.9999666166321477f,0.008025771280917828f,0.75f,-0.48800459762861803f,0.006256738338640414f,-0.872818632889269f,1.8443749999999997f,0f,0f,0f,1f], start_interpolation: 0, interpolation_duration: 1 }
data modify entity @s data merge value {"locators":{},"cameras":{"camera":{"posx":-5.764214900131216,"posy":1.375,"posz":10.522889634057442,"roty":219.13289109199593,"rotx":0}}}