# This file was generated by Animated Java via MC-Build. It is not recommended to edit this file directly.
$data merge entity $(bone_left_eye) { transformation: [-0.997763217999683f,-0.0024038899662250576f,0.06680405766079861f,-3.013203215076754f,0.0033334463515989872f,0.9963206526669522f,0.08563904019032002f,1.726797979380195f,-0.06676412915883834f,0.0856701720689793f,-0.9940840873262852f,2.2031857790242517f,0f,0f,0f,1f], start_interpolation: 0, interpolation_duration: 1 }
$data merge entity $(bone_right_eye) { transformation: [-0.997763217999683f,-0.0024038899662250576f,0.06680405766079861f,-3.262644019576675f,0.0033334463515989872f,0.9963206526669522f,0.08563904019032002f,1.7276313409680948f,-0.06676412915883834f,0.0856701720689793f,-0.9940840873262852f,2.1864947467345424f,0f,0f,0f,1f], start_interpolation: 0, interpolation_duration: 1 }
$data merge entity $(bone_right_close) { transformation: [-0.997763217999683f,-0.0024038899662250576f,0.06680405766079861f,-3.262794262699564f,0.0033334463515989872f,0.9963206526669522f,0.08563904019032002f,1.7899013817597793f,-0.06676412915883834f,0.0856701720689793f,-0.9940840873262852f,2.1918491324888536f,0f,0f,0f,1f], start_interpolation: 0, interpolation_duration: 1 }
$data merge entity $(bone_left_close) { transformation: [-0.997763217999683f,-0.0024038899662250576f,0.06680405766079861f,-3.013353458199643f,0.0033334463515989872f,0.9963206526669522f,0.08563904019032002f,1.7890680201718796f,-0.06676412915883834f,0.0856701720689793f,-0.9940840873262852f,2.208540164778563f,0f,0f,0f,1f], start_interpolation: 0, interpolation_duration: 1 }
$data merge entity $(bone_left_eyebrow) { transformation: [-0.997763217999683f,-0.0024038899662250576f,0.06680405766079861f,-3.013297536204091f,0.0033334463515989872f,0.9963206526669522f,0.08563904019032002f,1.764154651415194f,-0.06676412915883834f,0.0856701720689793f,-0.9940840873262852f,2.2064605407322966f,0f,0f,0f,1f], start_interpolation: 0, interpolation_duration: 1 }
$data merge entity $(bone_right_eyebrow) { transformation: [-0.997763217999683f,-0.0024038899662250576f,0.06680405766079861f,-3.262738340704012f,0.0033334463515989872f,0.9963206526669522f,0.08563904019032002f,1.7649880130030937f,-0.06676412915883834f,0.0856701720689793f,-0.9940840873262852f,2.189769508442587f,0f,0f,0f,1f], start_interpolation: 0, interpolation_duration: 1 }
$data merge entity $(bone_talking) { transformation: [-0.997763217999683f,-0.0024038899662250576f,0.06680405766079861f,-3.1164463768161585f,0.0033334463515989872f,0.9963206526669522f,0.08563904019032002f,1.5048966970668818f,-0.06676412915883834f,0.0856701720689793f,-0.9940840873262852f,1.862771442572688f,0f,0f,0f,1f], start_interpolation: 0, interpolation_duration: 1 }
$data merge entity $(bone_m_opened) { transformation: [-0.997763217999683f,-0.0024038899662250576f,0.06680405766079861f,-3.1164463768161585f,0.0033334463515989872f,0.9963206526669522f,0.08563904019032002f,1.5048966970668818f,-0.06676412915883834f,0.0856701720689793f,-0.9940840873262852f,1.862771442572688f,0f,0f,0f,1f], start_interpolation: 0, interpolation_duration: 1 }
$data merge entity $(bone_head) { transformation: [-0.997763217999683f,-0.0024038899662250576f,0.06680405766079861f,-3.1206216304199583f,0.0033334463515989872f,0.9963206526669522f,0.08563904019032002f,1.4995442570549868f,-0.06676412915883834f,0.0856701720689793f,-0.9940840873262852f,1.9249016980305809f,0f,0f,0f,1f], start_interpolation: 0, interpolation_duration: 1 }
$data merge entity $(item_display_r_item) { transformation: [-0.4324230030127806f,0.0006008087477676698f,0.06645476276578946f,-3.472393608109355f,-0.0018562877100466392f,0.43720223223744403f,-0.01603160386653806f,1.4594383424611856f,-0.06643154868995828f,-0.01612752787765918f,-0.43212614151797035f,2.397923315560861f,0f,0f,0f,1f], start_interpolation: 0, interpolation_duration: 1 }
$data merge entity $(bone_rightarm) { transformation: [-0.9883954354577842f,0.15189660060751875f,-0.0013732771377546402f,-3.377544062550766f,-0.004242943337249461f,-0.0366436659806582f,-0.9993193879713006f,1.374078589475068f,-0.15184353986276178f,-0.987716894898218f,0.03686292086322076f,1.782904188803426f,0f,0f,0f,1f], start_interpolation: 0, interpolation_duration: 1 }
$data merge entity $(item_display_l_item) { transformation: [0.19396554397609567f,0.3905658936138757f,-0.03524060861636559f,-2.6923291975146615f,0.020440636639852558f,0.029192899529324842f,0.4360461042032462f,0.7608967955149138f,0.3916194557524112f,-0.19496745205973554f,-0.005305140292195533f,1.950387937668644f,0f,0f,0f,1f], start_interpolation: 0, interpolation_duration: 1 }
$data merge entity $(bone_leftarm) { transformation: [0.44334981480250435f,-0.08054996255169258f,-0.8927220425460016f,-2.8542631794277193f,0.04672145517680584f,0.9966768096074199f,-0.06672662749559942f,1.3754789730826014f,0.8951301845769398f,-0.012126034953589888f,0.44563989042225266f,1.998514152125432f,0f,0f,0f,1f], start_interpolation: 0, interpolation_duration: 1 }
$data merge entity $(bone_body) { transformation: [-0.8768651589896274f,-0.005253666579164188f,0.4807076990620917f,-3.1250000000000004f,-0.0015994506525345167f,0.9999666316058947f,0.008011081847722003f,0.75f,-0.4807337461711064f,0.006255770315138443f,-0.8768443023878632f,1.8443749999999997f,0f,0f,0f,1f], start_interpolation: 0, interpolation_duration: 1 }
data modify entity @s data merge value {"locators":{},"cameras":{"camera":{"posx":-5.761246059010061,"posy":1.375,"posz":10.534405639488263,"roty":219.69155489138362,"rotx":0}}}