# This file was generated by Animated Java via MC-Build. It is not recommended to edit this file directly.
$data merge entity $(bone_left_eye) { transformation: [-0.9982895176157777f,0.0009290866552195964f,0.05845661482197656f,-3.0095856625588953f,0.0059421893952013305f,0.9963082144570289f,0.08564246721480208f,1.7264717749735476f,-0.058161236263076566f,0.08584333755996434f,-0.9946095676158141f,2.202212343703726f,0f,0f,0f,1f], start_interpolation: 0, interpolation_duration: 1 }
$data merge entity $(bone_right_eye) { transformation: [-0.9982895176157777f,0.0009290866552195964f,0.05845661482197656f,-3.2591580419628396f,0.0059421893952013305f,0.9963082144570289f,0.08564246721480208f,1.7279573223223479f,-0.058161236263076566f,0.08584333755996434f,-0.9946095676158141f,2.1876720346379575f,0f,0f,0f,1f], start_interpolation: 0, interpolation_duration: 1 }
$data merge entity $(bone_right_close) { transformation: [-0.9982895176157777f,0.0009290866552195964f,0.05845661482197656f,-3.2590999740468884f,0.0059421893952013305f,0.9963082144570289f,0.08564246721480208f,1.790226585725912f,-0.058161236263076566f,0.08584333755996434f,-0.9946095676158141f,2.1930372432354552f,0f,0f,0f,1f], start_interpolation: 0, interpolation_duration: 1 }
$data merge entity $(bone_left_close) { transformation: [-0.9982895176157777f,0.0009290866552195964f,0.05845661482197656f,-3.009527594642944f,0.0059421893952013305f,0.9963082144570289f,0.08564246721480208f,1.7887410383771118f,-0.058161236263076566f,0.08584333755996434f,-0.9946095676158141f,2.207577552301224f,0f,0f,0f,1f], start_interpolation: 0, interpolation_duration: 1 }
$data merge entity $(bone_left_eyebrow) { transformation: [-0.9982895176157777f,0.0009290866552195964f,0.05845661482197656f,-3.009554475347751f,0.0059421893952013305f,0.9963082144570289f,0.08564246721480208f,1.7638279803614854f,-0.058161236263076566f,0.08584333755996434f,-0.9946095676158141f,2.2054936319602008f,0f,0f,0f,1f], start_interpolation: 0, interpolation_duration: 1 }
$data merge entity $(bone_right_eyebrow) { transformation: [-0.9982895176157777f,0.0009290866552195964f,0.05845661482197656f,-3.2591268547516954f,0.0059421893952013305f,0.9963082144570289f,0.08564246721480208f,1.7653135277102856f,-0.058161236263076566f,0.08584333755996434f,-0.9946095676158141f,2.1909533228944316f,0f,0f,0f,1f], start_interpolation: 0, interpolation_duration: 1 }
$data merge entity $(bone_talking) { transformation: [-0.9982895176157777f,0.0009290866552195964f,0.05845661482197656f,-3.1163364317928046f,0.0059421893952013305f,0.9963082144570289f,0.08564246721480208f,1.5049007660383162f,-0.058161236263076566f,0.08584333755996434f,-0.9946095676158141f,1.8626658649009087f,0f,0f,0f,1f], start_interpolation: 0, interpolation_duration: 1 }
$data merge entity $(bone_m_opened) { transformation: [-0.9982895176157777f,0.0009290866552195964f,0.05845661482197656f,-3.1163364317928046f,0.0059421893952013305f,0.9963082144570289f,0.08564246721480208f,1.5049007660383162f,-0.058161236263076566f,0.08584333755996434f,-0.9946095676158141f,1.8626658649009087f,0f,0f,0f,1f], start_interpolation: 0, interpolation_duration: 1 }
$data merge entity $(bone_head) { transformation: [-0.9982895176157777f,0.0009290866552195964f,0.05845661482197656f,-3.1199899702191782f,0.0059421893952013305f,0.9963082144570289f,0.08564246721480208f,1.499548111837391f,-0.058161236263076566f,0.08584333755996434f,-0.9946095676158141f,1.924828962876897f,0f,0f,0f,1f], start_interpolation: 0, interpolation_duration: 1 }
$data merge entity $(item_display_r_item) { transformation: [-0.43296007033447725f,0.00044492777962974896f,0.06286198799938977f,-3.4678166456775825f,-0.001880718677776703f,0.4372015321240278f,-0.016047841152558417f,1.459446144215152f,-0.06283542307663398f,-0.01615154319789906f,-0.43266278700519967f,2.4007595201604746f,0f,0f,0f,1f], start_interpolation: 0, interpolation_duration: 1 }
$data merge entity $(bone_rightarm) { transformation: [-0.9896230179073766f,0.1436845439986052f,-0.001016977782010823f,-3.37807736678983f,-0.004298785549203893f,-0.036680779777276164f,-0.9993177877120635f,1.3740632951223506f,-0.1436238241751634f,-0.9889435131547422f,0.03691781302376906f,1.7849771877527463f,0f,0f,0f,1f], start_interpolation: 0, interpolation_duration: 1 }
$data merge entity $(item_display_l_item) { transformation: [0.19721246496454375f,0.38893062727195027f,-0.03530525219362918f,-2.691463640218878f,0.020467948173926463f,0.029203441986404285f,0.4360441171185505f,0.7609230276700046f,0.38999302142494546f,-0.19820791141120941f,-0.005031609468953485f,1.9467879808334392f,0f,0f,0f,1f], start_interpolation: 0, interpolation_duration: 1 }
$data merge entity $(bone_leftarm) { transformation: [0.4507713484903857f,-0.08069771929972364f,-0.8889842909073149f,-2.8530227511446196f,0.046783881540403346f,0.996672267699544f,-0.06675072454035243f,1.3754993544146756f,0.8914126203998753f,-0.011500821643322352f,0.4530466546541929f,1.9962307991381367f,0f,0f,0f,1f], start_interpolation: 0, interpolation_duration: 1 }
$data merge entity $(bone_body) { transformation: [-0.8808300402143796f,-0.005251421938580542f,0.4734034883939464f,-3.1250000000000004f,-0.0016646306253197845f,0.9999666517508211f,0.00799527304932102f,0.75f,-0.4734296877687496f,0.006254434736644597f,-0.8808094077524997f,1.8443749999999997f,0f,0f,0f,1f], start_interpolation: 0, interpolation_duration: 1 }
data modify entity @s data merge value {"locators":{},"cameras":{"camera":{"posx":-5.75852894007873,"posy":1.375,"posz":10.545970622539729,"roty":220.21796180201196,"rotx":0}}}