# This file was generated by Animated Java via MC-Build. It is not recommended to edit this file directly.
$data merge entity $(bone_left_eye) { transformation: [-0.9987386960627136f,0.001593284847148907f,0.05018444410717604f,-3.0066639723035604f,0.00589062889770066f,0.9963121675834921f,0.08560003046887928f,1.7264937256639727f,-0.04986298705593173f,0.08578768075008983f,-0.9950649005735157f,2.201196733424156f,0f,0f,0f,1f], start_interpolation: 0, interpolation_duration: 1 }
$data merge entity $(bone_right_eye) { transformation: [-0.9987386960627136f,0.001593284847148907f,0.05018444410717604f,-3.2563486463192386f,0.00589062889770066f,0.9963121675834921f,0.08560003046887928f,1.727966382888398f,-0.04986298705593173f,0.08578768075008983f,-0.9950649005735157f,2.188730986660173f,0f,0f,0f,1f], start_interpolation: 0, interpolation_duration: 1 }
$data merge entity $(bone_right_close) { transformation: [-0.9987386960627136f,0.001593284847148907f,0.05018444410717604f,-3.2562490660162915f,0.00589062889770066f,0.9963121675834921f,0.08560003046887928f,1.790235893362366f,-0.04986298705593173f,0.08578768075008983f,-0.9950649005735157f,2.194092716707054f,0f,0f,0f,1f], start_interpolation: 0, interpolation_duration: 1 }
$data merge entity $(bone_left_close) { transformation: [-0.9987386960627136f,0.001593284847148907f,0.05018444410717604f,-3.0065643920006133f,0.00589062889770066f,0.9963121675834921f,0.08560003046887928f,1.7887632361379409f,-0.04986298705593173f,0.08578768075008983f,-0.9950649005735157f,2.206558463471037f,0f,0f,0f,1f], start_interpolation: 0, interpolation_duration: 1 }
$data merge entity $(bone_left_eyebrow) { transformation: [-0.9987386960627136f,0.001593284847148907f,0.05018444410717604f,-3.006607360649549f,0.00589062889770066f,0.9963121675834921f,0.08560003046887928f,1.7638500819464493f,-0.04986298705593173f,0.08578768075008983f,-0.9950649005735157f,2.2044759630085706f,0f,0f,0f,1f], start_interpolation: 0, interpolation_duration: 1 }
$data merge entity $(bone_right_eyebrow) { transformation: [-0.9987386960627136f,0.001593284847148907f,0.05018444410717604f,-3.2562920346652273f,0.00589062889770066f,0.9963121675834921f,0.08560003046887928f,1.7653227391708743f,-0.04986298705593173f,0.08578768075008983f,-0.9950649005735157f,2.1920102162445874f,0f,0f,0f,1f], start_interpolation: 0, interpolation_duration: 1 }
$data merge entity $(bone_talking) { transformation: [-0.9987386960627136f,0.001593284847148907f,0.05018444410717604f,-3.1162219917396943f,0.00589062889770066f,0.9963121675834921f,0.08560003046887928f,1.504902021901837f,-0.04986298705593173f,0.08578768075008983f,-0.9950649005735157f,1.8625591584254184f,0f,0f,0f,1f], start_interpolation: 0, interpolation_duration: 1 }
$data merge entity $(bone_m_opened) { transformation: [-0.9987386960627136f,0.001593284847148907f,0.05018444410717604f,-3.1162219917396943f,0.00589062889770066f,0.9963121675834921f,0.08560003046887928f,1.504902021901837f,-0.04986298705593173f,0.08578768075008983f,-0.9950649005735157f,1.8625591584254184f,0f,0f,0f,1f], start_interpolation: 0, interpolation_duration: 1 }
$data merge entity $(bone_head) { transformation: [-0.9987386960627136f,0.001593284847148907f,0.05018444410717604f,-3.1193585194963926f,0.00589062889770066f,0.9963121675834921f,0.08560003046887928f,1.499552019997532f,-0.04986298705593173f,0.08578768075008983f,-0.9950649005735157f,1.9247507147112632f,0f,0f,0f,1f], start_interpolation: 0, interpolation_duration: 1 }
$data merge entity $(item_display_r_item) { transformation: [-0.43346723255589803f,0.00028909587298276226f,0.059264869222054276f,-3.4632158760357163f,-0.0019047935810188623f,0.4372008173042904f,-0.01606446730751515f,1.45945468741554f,-0.05923495641717559f,-0.01617441720856544f,-0.4331695489830957f,2.4035573370521357f,0f,0f,0f,1f], start_interpolation: 0, interpolation_duration: 1 }
$data merge entity $(bone_rightarm) { transformation: [-0.9907822458420527f,0.13546255822183834f,-0.0006607905668177122f,-3.3785930765574936f,-0.004353813899471685f,-0.03671878241717726f,-0.999316153838378f,1.3740481887899056f,-0.13539418609640136f,-0.9901018262470758f,0.03697009647672078f,1.7870543266775085f,0f,0f,0f,1f], start_interpolation: 0, interpolation_duration: 1 }
$data merge entity $(item_display_l_item) { transformation: [0.20044576706054457f,0.38726850255096734f,-0.03536737761611859f,-2.690628026261829f,0.020495373292437925f,0.029213470071250185f,0.4360421571820777f,0.760948933394461f,0.38833965048796315f,-0.20143467948277272f,-0.004757705388008047f,1.9431809498070123f,0f,0f,0f,1f], start_interpolation: 0, interpolation_duration: 1 }
$data merge entity $(bone_leftarm) { transformation: [0.4581617532812447f,-0.08083972026541374f,-0.8851851486879254f,-2.8518009950137033f,0.0468465675255724f,0.9966677878447491f,-0.06677364587714306f,1.3755195950627863f,0.8876334868296301f,-0.010874755172589925f,0.4604221245320519f,1.9939369933906501f,0f,0f,0f,1f], start_interpolation: 0, interpolation_duration: 1 }
$data merge entity $(bone_body) { transformation: [-0.8847340802760716f,-0.005248632159960343f,0.4660665822159995f,-3.1250000000000004f,-0.00172935003273221f,0.999966677084092f,0.007978350071501585f,0.75f,-0.46609292694324156f,0.006252725953419857f,-0.8847136750789113f,1.8443749999999997f,0f,0f,0f,1f], start_interpolation: 0, interpolation_duration: 1 }
data modify entity @s data merge value {"locators":{},"cameras":{"camera":{"posx":-5.756107964900132,"posy":1.375,"posz":10.557738350160374,"roty":220.70855809884824,"rotx":0}}}