# This file was generated by Animated Java via MC-Build. It is not recommended to edit this file directly.
$data merge entity $(bone_left_eye) { transformation: [-0.9991188887604657f,0.0022575522331601643f,0.04190882460731288f,-3.0037502806218073f,0.00583996599286762f,0.9963161799553152f,0.08555679024162882f,1.7265158322796894f,-0.0415612911163033f,0.08572615130263622f,-0.9954514985992956f,2.2001565284886397f,0f,0f,0f,1f], start_interpolation: 0, interpolation_duration: 1 }
$data merge entity $(bone_right_eye) { transformation: [-0.9991188887604657f,0.0022575522331601643f,0.04190882460731288f,-3.253530002811924f,0.00583996599286762f,0.9963161799553152f,0.08555679024162882f,1.7279758237779064f,-0.0415612911163033f,0.08572615130263622f,-0.9954514985992956f,2.189766205709564f,0f,0f,0f,1f], start_interpolation: 0, interpolation_duration: 1 }
$data merge entity $(bone_right_close) { transformation: [-0.9991188887604657f,0.0022575522331601643f,0.04190882460731288f,-3.2533889057973515f,0.00583996599286762f,0.9963161799553152f,0.08555679024162882f,1.7902455850251138f,-0.0415612911163033f,0.08572615130263622f,-0.9954514985992956f,2.1951240901659785f,0f,0f,0f,1f], start_interpolation: 0, interpolation_duration: 1 }
$data merge entity $(bone_left_close) { transformation: [-0.9991188887604657f,0.0022575522331601643f,0.04190882460731288f,-3.0036091836072347f,0.00583996599286762f,0.9963161799553152f,0.08555679024162882f,1.7887855935268968f,-0.0415612911163033f,0.08572615130263622f,-0.9954514985992956f,2.205514412945054f,0f,0f,0f,1f], start_interpolation: 0, interpolation_duration: 1 }
$data merge entity $(bone_left_eyebrow) { transformation: [-0.9991188887604657f,0.0022575522331601643f,0.04190882460731288f,-3.003668241714602f,0.00583996599286762f,0.9963161799553152f,0.08555679024162882f,1.7638723417286237f,-0.0415612911163033f,0.08572615130263622f,-0.9954514985992956f,2.2034334748811513f,0f,0f,0f,1f], start_interpolation: 0, interpolation_duration: 1 }
$data merge entity $(bone_right_eyebrow) { transformation: [-0.9991188887604657f,0.0022575522331601643f,0.04190882460731288f,-3.2534479639047182f,0.00583996599286762f,0.9963161799553152f,0.08555679024162882f,1.7653323332268407f,-0.0415612911163033f,0.08572615130263622f,-0.9954514985992956f,2.1930431521020752f,0f,0f,0f,1f], start_interpolation: 0, interpolation_duration: 1 }
$data merge entity $(bone_talking) { transformation: [-0.9991188887604657f,0.0022575522331601643f,0.04190882460731288f,-3.1161080220853705f,0.00583996599286762f,0.9963161799553152f,0.08555679024162882f,1.5049032799904782f,-0.0415612911163033f,0.08572615130263622f,-0.9954514985992956f,1.862451235961163f,0f,0f,0f,1f], start_interpolation: 0, interpolation_duration: 1 }
$data merge entity $(bone_m_opened) { transformation: [-0.9991188887604657f,0.0022575522331601643f,0.04190882460731288f,-3.1161080220853705f,0.00583996599286762f,0.9963161799553152f,0.08555679024162882f,1.5049032799904782f,-0.0415612911163033f,0.08572615130263622f,-0.9954514985992956f,1.862451235961163f,0f,0f,0f,1f], start_interpolation: 0, interpolation_duration: 1 }
$data merge entity $(bone_head) { transformation: [-0.9991188887604657f,0.0022575522331601643f,0.04190882460731288f,-3.1187273236233275f,0.00583996599286762f,0.9963161799553152f,0.08555679024162882f,1.4995559806003764f,-0.0415612911163033f,0.08572615130263622f,-0.9954514985992956f,1.9246669546236188f,0f,0f,0f,1f], start_interpolation: 0, interpolation_duration: 1 }
$data merge entity $(item_display_r_item) { transformation: [-0.43394445467427245f,0.00013332276899442994f,0.05566365495085235f,-3.458591618673863f,-0.001928507461234237f,0.43720008797219667f,-0.016081478043868842f,1.4594639691421651f,-0.05563039741382632f,-0.016196150843417675f,-0.4336463923307064f,2.4063165688567407f,0f,0f,0f,1f], start_interpolation: 0, interpolation_duration: 1 }
$data merge entity $(bone_rightarm) { transformation: [-0.9918730392554799f,0.12723121131623394f,-0.0003047377577015259f,-3.379091157711073f,-0.004408017054249685f,-0.03675766410027142f,-0.9993144867935924f,1.374033273654896f,-0.12715519408874587f,-0.9911917538987575f,0.03701977335638304f,1.789135458504791f,0f,0f,0f,1f], start_interpolation: 0, interpolation_duration: 1 }
$data merge entity $(item_display_l_item) { transformation: [0.2036652268883214f,0.3855796342263579f,-0.03542698161566267f,-2.6898224133555266f,0.02052290564099063f,0.029222982217262893f,0.43604022481232224f,0.7609745072757593f,0.38665945701686827f,-0.20464753353069637f,-0.004483449478132558f,1.9395670936910359f,0f,0f,0f,1f], start_interpolation: 0, interpolation_duration: 1 }
$data merge entity $(bone_leftarm) { transformation: [0.4655205186018775f,-0.08097595797865734f,-0.8813248782316752f,-2.850597996871147f,0.046909498607978585f,0.9966633709995937f,-0.0667953879251721f,1.375539690659859f,0.8837930446099846f,-0.010247884521445951f,0.46776579092730597f,1.9916328897310454f,0f,0f,0f,1f], start_interpolation: 0, interpolation_duration: 1 }
$data merge entity $(bone_body) { transformation: [-0.8885770095652966f,-0.005245299776483082f,0.45869748735114024f,-3.1250000000000004f,-0.0017935948692284066f,0.99996670762116f,0.007960318256354368f,0.75f,-0.45872397047618924f,0.0062506383315784324f,-0.8885568346656324f,1.8443749999999997f,0f,0f,0f,1f], start_interpolation: 0, interpolation_duration: 1 }
data modify entity @s data merge value {"locators":{},"cameras":{"camera":{"posx":-5.754027555037179,"posy":1.375,"posz":10.569862589298731,"roty":221.1597900568596,"rotx":0}}}