# This file was generated by Animated Java via MC-Build. It is not recommended to edit this file directly.
$data merge entity $(bone_left_eye) { transformation: [-0.9994300695404749f,0.002921840578519748f,0.03363032777055763f,-3.000844791073371f,0.005790211013458285f,0.9963202506152834f,0.08551275735420114f,1.7265380896409614f,-0.033256721948217494f,0.08565874772335028f,-0.9957693354305133f,2.1990917951093727f,0f,0f,0f,1f], start_interpolation: 0, interpolation_duration: 1 }
$data merge entity $(bone_right_eye) { transformation: [-0.9994300695404749f,0.002921840578519748f,0.03363032777055763f,-3.2507023084584894f,0.005790211013458285f,0.9963202506152834f,0.08551275735420114f,1.727985642394326f,-0.033256721948217494f,0.08565874772335028f,-0.9957693354305133f,2.1907776146223186f,0f,0f,0f,1f], start_interpolation: 0, interpolation_duration: 1 }
$data merge entity $(bone_right_close) { transformation: [-0.9994300695404749f,0.002921840578519748f,0.03363032777055763f,-3.2505196934223317f,0.005790211013458285f,0.9963202506152834f,0.08551275735420114f,1.7902556580577813f,-0.033256721948217494f,0.08565874772335028f,-0.9957693354305133f,2.196131286355028f,0f,0f,0f,1f], start_interpolation: 0, interpolation_duration: 1 }
$data merge entity $(bone_left_close) { transformation: [-0.9994300695404749f,0.002921840578519748f,0.03363032777055763f,-3.0006621760372134f,0.005790211013458285f,0.9963202506152834f,0.08551275735420114f,1.7888081053044167f,-0.033256721948217494f,0.08565874772335028f,-0.9957693354305133f,2.204445466842082f,0f,0f,0f,1f], start_interpolation: 0, interpolation_duration: 1 }
$data merge entity $(bone_left_eyebrow) { transformation: [-0.9994300695404749f,0.002921840578519748f,0.03363032777055763f,-3.000737323947162f,0.005790211013458285f,0.9963202506152834f,0.08551275735420114f,1.7638947544917f,-0.033256721948217494f,0.08565874772335028f,-0.9957693354305133f,2.202366233732463f,0f,0f,0f,1f], start_interpolation: 0, interpolation_duration: 1 }
$data merge entity $(bone_right_eyebrow) { transformation: [-0.9994300695404749f,0.002921840578519748f,0.03363032777055763f,-3.2505948413322807f,0.005790211013458285f,0.9963202506152834f,0.08551275735420114f,1.7653423072450647f,-0.033256721948217494f,0.08565874772335028f,-0.9957693354305133f,2.1940520532454086f,0f,0f,0f,1f], start_interpolation: 0, interpolation_duration: 1 }
$data merge entity $(bone_talking) { transformation: [-0.9994300695404749f,0.002921840578519748f,0.03363032777055763f,-3.1159945324822607f,0.005790211013458285f,0.9963202506152834f,0.08551275735420114f,1.504904540037011f,-0.033256721948217494f,0.08565874772335028f,-0.9957693354305133f,1.8623421006129728f,0f,0f,0f,1f], start_interpolation: 0, interpolation_duration: 1 }
$data merge entity $(bone_m_opened) { transformation: [-0.9994300695404749f,0.002921840578519748f,0.03363032777055763f,-3.1159945324822607f,0.005790211013458285f,0.9963202506152834f,0.08551275735420114f,1.504904540037011f,-0.033256721948217494f,0.08565874772335028f,-0.9957693354305133f,1.8623421006129728f,0f,0f,0f,1f], start_interpolation: 0, interpolation_duration: 1 }
$data merge entity $(bone_head) { transformation: [-0.9994300695404749f,0.002921840578519748f,0.03363032777055763f,-3.1180964279679206f,0.005790211013458285f,0.9963202506152834f,0.08551275735420114f,1.4995599927023733f,-0.033256721948217494f,0.08565874772335028f,-0.9957693354305133f,1.9245776840773798f,0f,0f,0f,1f], start_interpolation: 0, interpolation_duration: 1 }
$data merge entity $(item_display_r_item) { transformation: [-0.43439170375514335f,-0.0000223818033557945f,0.052058593985610045f,-3.45394419471724f,-0.0019518554067490567f,0.4371993443233777f,-0.01609886901865138f,1.4594739863707598f,-0.05202199505185156f,-0.01621674511927184f,-0.4340932839938457f,2.4090370208537024f,0f,0f,0f,1f], start_interpolation: 0, interpolation_duration: 1 }
$data merge entity $(bone_rightarm) { transformation: [-0.9928953228688991f,0.11899107196710867f,0.00005115840767041385f,-3.379571577337318f,-0.004461383786854987f,-0.03679741489977436f,-0.9993127870248634f,1.3740185528693467f,-0.11890741726137499f,-0.9922132205573616f,0.03706684598690684f,1.791220435879533f,0f,0f,0f,1f], start_interpolation: 0, interpolation_duration: 1 }
$data merge entity $(item_display_l_item) { transformation: [0.2068706220283657f,0.38386413892026516f,-0.03548406110636456f,-2.6890468571395862f,0.0205505388467592f,0.029231976927955813f,0.4360383204237803f,0.7609997439439543f,0.3849525569400789f,-0.20784625177252206f,-0.004208863196693995f,1.9359466620589116f,0f,0f,0f,1f], start_interpolation: 0, interpolation_duration: 1 }
$data merge entity $(bone_leftarm) { transformation: [0.4728471360648359f,-0.08110642538597594f,-0.8774037461034632f,-2.849413841268754f,0.046972660221163885f,0.9966590181114978f,-0.06681594726389878f,1.375559636855653f,0.8798915587201803f,-0.009620258735300664f,0.47507714690862185f,1.9893186437129264f,0f,0f,0f,1f], start_interpolation: 0, interpolation_duration: 1 }
$data merge entity $(bone_body) { transformation: [-0.8923585626946923f,-0.005241427377351876f,0.4512967128447877f,-3.1250000000000004f,-0.0018573511865775552f,0.999966743375756f,0.007941183101703705f,0.75f,-0.45132332737410386f,0.00624816625363088f,-0.8923386210326404f,1.8443749999999997f,0f,0f,0f,1f], start_interpolation: 0, interpolation_duration: 1 }
data modify entity @s data merge value {"locators":{},"cameras":{"camera":{"posx":-5.7523321320527785,"posy":1.375,"posz":10.58249710690334,"roty":221.56810395101328,"rotx":0}}}