# This file was generated by Animated Java via MC-Build. It is not recommended to edit this file directly.
$data merge entity $(bone_left_eye) { transformation: [-0.9996722170017308f,0.0035861016285786695f,0.02534952524119105f,-2.9979477066691853f,0.005741374173400469f,0.9963243785965706f,0.08546794274322035f,1.726560492543217f,-0.024949853254985166f,0.08558546891421984f,-0.9960183895557791f,2.1980026011838283f,0f,0f,0f,1f], start_interpolation: 0, interpolation_duration: 1 }
$data merge entity $(bone_right_eye) { transformation: [-0.9996722170017308f,0.0035861016285786695f,0.02534952524119105f,-3.247865760919618f,0.005741374173400469f,0.9963243785965706f,0.08546794274322035f,1.727995836086567f,-0.024949853254985166f,0.08558546891421984f,-0.9960183895557791f,2.191765137870082f,0f,0f,0f,1f], start_interpolation: 0, interpolation_duration: 1 }
$data merge entity $(bone_right_close) { transformation: [-0.9996722170017308f,0.0035861016285786695f,0.02534952524119105f,-3.247641629567832f,0.005741374173400469f,0.9963243785965706f,0.08546794274322035f,1.7902661097488526f,-0.024949853254985166f,0.08558546891421984f,-0.9960183895557791f,2.197114229677221f,0f,0f,0f,1f], start_interpolation: 0, interpolation_duration: 1 }
$data merge entity $(bone_left_close) { transformation: [-0.9996722170017308f,0.0035861016285786695f,0.02534952524119105f,-2.997723575317399f,0.005741374173400469f,0.9963243785965706f,0.08546794274322035f,1.7888307662055025f,-0.024949853254985166f,0.08558546891421984f,-0.9960183895557791f,2.203351692990967f,0f,0f,0f,1f], start_interpolation: 0, interpolation_duration: 1 }
$data merge entity $(bone_left_eyebrow) { transformation: [-0.9996722170017308f,0.0035861016285786695f,0.02534952524119105f,-2.9978148122034414f,0.005741374173400469f,0.9963243785965706f,0.08546794274322035f,1.763917314994167f,-0.024949853254985166f,0.08558546891421984f,-0.9960183895557791f,2.2012743074174588f,0f,0f,0f,1f], start_interpolation: 0, interpolation_duration: 1 }
$data merge entity $(bone_right_eyebrow) { transformation: [-0.9996722170017308f,0.0035861016285786695f,0.02534952524119105f,-3.247732866453874f,0.005741374173400469f,0.9963243785965706f,0.08546794274322035f,1.765352658537517f,-0.024949853254985166f,0.08558546891421984f,-0.9960183895557791f,2.1950368441037127f,0f,0f,0f,1f], start_interpolation: 0, interpolation_duration: 1 }
$data merge entity $(bone_talking) { transformation: [-0.9996722170017308f,0.0035861016285786695f,0.02534952524119105f,-3.1158815325636744f,0.005741374173400469f,0.9963243785965706f,0.08546794274322035f,1.5049058017730057f,-0.024949853254985166f,0.08558546891421984f,-0.9960183895557791f,1.8622317555622194f,0f,0f,0f,1f], start_interpolation: 0, interpolation_duration: 1 }
$data merge entity $(bone_m_opened) { transformation: [-0.9996722170017308f,0.0035861016285786695f,0.02534952524119105f,-3.1158815325636744f,0.005741374173400469f,0.9963243785965706f,0.08546794274322035f,1.5049058017730057f,-0.024949853254985166f,0.08558546891421984f,-0.9960183895557791f,1.8622317555622194f,0f,0f,0f,1f], start_interpolation: 0, interpolation_duration: 1 }
$data merge entity $(bone_head) { transformation: [-0.9996722170017308f,0.0035861016285786695f,0.02534952524119105f,-3.1174658778912487f,0.005741374173400469f,0.9963243785965706f,0.08546794274322035f,1.4995640553515543f,-0.024949853254985166f,0.08558546891421984f,-0.9960183895557791f,1.9244829049094556f,0f,0f,0f,1f], start_interpolation: 0, interpolation_duration: 1 }
$data merge entity $(item_display_r_item) { transformation: [-0.4348089489346377f,-0.0001780081279840489f,0.04844993539172169f,-3.449273926904048f,-0.001974832553333101f,0.4371985865551055f,-0.016116635833948914f,1.459484735973285f,-0.04840999858233772f,-0.016236201135863083f,-0.4345101929873841f,2.411718500994524f,0f,0f,0f,1f], start_interpolation: 0, interpolation_duration: 1 }
$data merge entity $(bone_rightarm) { transformation: [-0.9938490261363147f,0.11074270946679243f,0.0004068757211064221f,-3.3800343037547336f,-0.0045139029790470875f,-0.03683802476331158f,-0.9993110549830984f,1.3740040295597715f,-0.11065142533105765f,-0.9931661553997351f,0.03711131688197254f,1.793309111174813f,0f,0f,0f,1f], start_interpolation: 0, interpolation_duration: 1 }
$data merge entity $(item_display_l_item) { transformation: [0.21006173103279951f,0.3821221350934819f,-0.035538613184849674f,-2.6883014111773846f,0.0205782665192163f,0.029240452777147808f,0.4360364444268982f,0.7610246380723076f,0.38321906803102557f,-0.2110306134023828f,-0.003933968028103195f,1.9323199049385313f,0f,0f,0f,1f], start_interpolation: 0, interpolation_duration: 1 }
$data merge entity $(bone_leftarm) { transformation: [0.4801410995035417f,-0.08123111585108478f,-0.8734220230708158f,-2.8482486114681644f,0.047036037758208686f,0.9966547301186245f,-0.06683532063348048f,1.3755794293172627f,0.8759292983566298f,-0.008991926921378839f,0.482355687776875f,1.9869944115847789f,0f,0f,0f,1f], start_interpolation: 0, interpolation_duration: 1 }
$data merge entity $(bone_body) { transformation: [-0.8960784785172652f,-0.005237017607694995f,0.443864769929716f,-3.1250000000000004f,-0.0019206050954818901f,0.9999667843598794f,0.00792095026052108f,0.75f,-0.4438915088332399f,0.006245304119026757f,-0.8960587729397054f,1.8443749999999997f,0f,0f,0f,1f], start_interpolation: 0, interpolation_duration: 1 }
data modify entity @s data merge value {"locators":{},"cameras":{"camera":{"posx":-5.751066117509842,"posy":1.375,"posz":10.59579566992273,"roty":221.92994605627644,"rotx":0}}}