# This file was generated by Animated Java via MC-Build. It is not recommended to edit this file directly.
$data merge entity $(bone_left_eye) { transformation: [-0.9998453145122398f,0.004250287112027507f,0.017066988820103657f,-2.9950592298574383f,0.0056934655665832855f,0.9963285629228408f,0.08542235745956181f,1.726583035757634f,-0.016641258899564693f,0.08550631417370508f,-0.9961986442164361f,2.196889016290218f,0f,0f,0f,1f], start_interpolation: 0, interpolation_duration: 1 }
$data merge entity $(bone_right_eye) { transformation: [-0.9998453145122398f,0.004250287112027507f,0.017066988820103657f,-3.245020558485498f,0.0056934655665832855f,0.9963285629228408f,0.08542235745956181f,1.7280064021492798f,-0.016641258899564693f,0.08550631417370508f,-0.9961986442164361f,2.192728701565327f,0f,0f,0f,1f], start_interpolation: 0, interpolation_duration: 1 }
$data merge entity $(bone_right_close) { transformation: [-0.9998453145122398f,0.004250287112027507f,0.017066988820103657f,-3.2447549155409967f,0.0056934655665832855f,0.9963285629228408f,0.08542235745956181f,1.7902769373319574f,-0.016641258899564693f,0.08550631417370508f,-0.9961986442164361f,2.1980728462011836f,0f,0f,0f,1f], start_interpolation: 0, interpolation_duration: 1 }
$data merge entity $(bone_left_close) { transformation: [-0.9998453145122398f,0.004250287112027507f,0.017066988820103657f,-2.994793586912937f,0.0056934655665832855f,0.9963285629228408f,0.08542235745956181f,1.7888535709403115f,-0.016641258899564693f,0.08550631417370508f,-0.9961986442164361f,2.202233160926075f,0f,0f,0f,1f], start_interpolation: 0, interpolation_duration: 1 }
$data merge entity $(bone_left_eyebrow) { transformation: [-0.9998453145122398f,0.004250287112027507f,0.017066988820103657f,-2.9949009107775386f,0.0056934655665832855f,0.9963285629228408f,0.08542235745956181f,1.7639400179698994f,-0.016641258899564693f,0.08550631417370508f,-0.9961986442164361f,2.2001577654869955f,0f,0f,0f,1f], start_interpolation: 0, interpolation_duration: 1 }
$data merge entity $(bone_right_eyebrow) { transformation: [-0.9998453145122398f,0.004250287112027507f,0.017066988820103657f,-3.244862239405599f,0.0056934655665832855f,0.9963285629228408f,0.08542235745956181f,1.765363384361545f,-0.016641258899564693f,0.08550631417370508f,-0.9961986442164361f,2.1959974507621047f,0f,0f,0f,1f], start_interpolation: 0, interpolation_duration: 1 }
$data merge entity $(bone_talking) { transformation: [-0.9998453145122398f,0.004250287112027507f,0.017066988820103657f,-3.1157690319431928f,0.0056934655665832855f,0.9963285629228408f,0.08542235745956181f,1.5049070649288596f,-0.016641258899564693f,0.08550631417370508f,-0.9961986442164361f,1.8621202040667102f,0f,0f,0f,1f], start_interpolation: 0, interpolation_duration: 1 }
$data merge entity $(bone_m_opened) { transformation: [-0.9998453145122398f,0.004250287112027507f,0.017066988820103657f,-3.1157690319431928f,0.0056934655665832855f,0.9963285629228408f,0.08542235745956181f,1.5049070649288596f,-0.016641258899564693f,0.08550631417370508f,-0.9961986442164361f,1.8621202040667102f,0f,0f,0f,1f], start_interpolation: 0, interpolation_duration: 1 }
$data merge entity $(bone_head) { transformation: [-0.9998453145122398f,0.004250287112027507f,0.017066988820103657f,-3.1168357187444493f,0.0056934655665832855f,0.9963285629228408f,0.08542235745956181f,1.4995681675876371f,-0.016641258899564693f,0.08550631417370508f,-0.9961986442164361f,1.9243826193302374f,0f,0f,0f,1f], start_interpolation: 0, interpolation_duration: 1 }
$data merge entity $(item_display_r_item) { transformation: [-0.435196161421593f,-0.00033354650240795844f,0.04483792848294319f,-3.4445811395632213f,-0.0019974340847733357f,0.4371978148662677f,-0.016134774037390588f,1.4594962147182542f,-0.04479465750497248f,-0.016254520075701984f,-0.43489709039739594f,2.4143608199161792f,0f,0f,0f,1f], start_interpolation: 0, interpolation_duration: 1 }
$data merge entity $(bone_rightarm) { transformation: [-0.9947340832493554f,0.10248669367529872f,0.0007623920055039278f,-3.3804793065158156f,-0.004565563622339053f,-0.03687948351403541f,-0.9993092911228976f,1.373989706826801f,-0.10238778858279424f,-0.994050492336905f,0.037153188744461454f,1.7954013365021426f,0f,0f,0f,1f], start_interpolation: 0, interpolation_duration: 1 }
$data merge entity $(item_display_l_item) { transformation: [0.21323833344067064f,0.38035374303725844f,-0.03559063513050036f,-2.687586126952369f,0.020606082250861853f,0.02924840840914837f,0.43603459722802085f,0.7610491843779144f,0.38145910990002063f,-0.21420039860625537f,-0.0036587854822629166f,1.9286870727950043f,0f,0f,0f,1f], start_interpolation: 0, interpolation_duration: 1 }
$data merge entity $(bone_leftarm) { transformation: [0.48740190500724717f,-0.0813500231554292f,-0.8693799840851621f,-2.8471023894351575f,0.04709961657339852f,0.996650507949762f,-0.06685350493519605f,1.375599063729616f,0.8719065369143328f,-0.00836293824517249f,0.48960091110001225f,1.984660350279273f,0f,0f,0f,1f], start_interpolation: 0, interpolation_duration: 1 }
$data merge entity $(bone_body) { transformation: [-0.8997365001444225f,-0.005232073168462224f,0.4364021719907286f,-3.1250000000000004f,-0.001983342767191375f,0.9999668305837902f,0.007899625540322417f,0.75f,-0.4364290282042814f,0.006242046344696765f,-0.8997170334044461f,1.8443749999999997f,0f,0f,0f,1f], start_interpolation: 0, interpolation_duration: 1 }
data modify entity @s data merge value {"locators":{},"cameras":{"camera":{"posx":-5.75027393297128,"posy":1.375,"posz":10.609912045305439,"roty":222.24176264761627,"rotx":0}}}
execute on vehicle unless entity @s[tag=aj.transforms_only] at @s run function animated_java:humanentity/animations/000_mur_2/zzz/frames/zzz/12